-0.038318,-0.038318,-0.070382,-0.04926,-0.020427,-0.0083542,0.010043,0.0004261,-0.0081942,-0.016808,-0.021885,-0.017462,-0.015356,-0.00798,-0.026227,-0.026957,-0.034959,-0.033974,-0.014532,-0.010923,-0.040345,-0.044158,-0.075377,-0.082792,-0.080903,-0.049231,-0.024873,-0.023216,-0.013082,-0.046816,-0.046245,-0.063566,-0.065746,-0.07211,-0.057675,-0.047649,-0.069767,-0.057457,-0.037335,-0.027071,-0.016211,-0.05398,-0.077762,-0.076922,-0.087092,-0.089946,-0.078894,-0.068646,-0.056819,-0.074512,-0.069981
-0.052639,-0.046435,-0.057591,-0.038374,-0.041958,-0.025522,0.0044191,0.044522,0.0081112,0.0048997,0.0003786,-0.020528,-0.0076274,0.0022331,-0.038373,-0.025579,-0.01434,-0.012087,-0.010742,-0.0005089,-0.020568,-0.03084,-0.043605,-0.054509,-0.060316,-0.049938,-0.028669,-0.0069031,0.0060532,-0.0063647,-0.047111,-0.052009,-0.073529,-0.056923,-0.034438,-0.042155,-0.044854,-0.035351,-0.023084,-0.025897,-0.014423,-0.04306,-0.074451,-0.089317,-0.075731,-0.093577,-0.059116,-0.056826,-0.03844,-0.058823,-0.059906
-0.027752,-0.043724,-0.065947,-0.059866,-0.05398,-0.034179,0.012657,0.040662,0.0049686,0.011992,0.016841,0.0032776,-0.0032338,0.020049,-0.014212,-0.01866,-0.030828,-0.047221,-0.044336,-0.022857,-0.030524,-0.030435,-0.035004,-0.054203,-0.039296,-0.022739,-0.02847,-0.029571,-0.015091,-0.023155,-0.038033,-0.038299,-0.055196,-0.059436,-0.028917,-0.033167,-0.047325,-0.050108,-0.030478,-0.030753,-0.033607,-0.06215,-0.098273,-0.087541,-0.076224,-0.075782,-0.063118,-0.077965,-0.054282,-0.053119,-0.040094
-0.050046,-0.037051,-0.072371,-0.077729,-0.058263,-0.054054,-0.025742,-0.018754,0.01375,0.014681,0.02744,0.0075371,-0.0063348,-0.013603,-0.017892,-0.039612,-0.045808,-0.080334,-0.068804,-0.067679,-0.074155,-0.045551,-0.04559,-0.046654,-0.05423,-0.035272,-0.048822,-0.046994,-0.024729,-0.05131,-0.0374,-0.048857,-0.061309,-0.061965,-0.031462,-0.032252,-0.062843,-0.072306,-0.052939,-0.059997,-0.057733,-0.080736,-0.10261,-0.1018,-0.095221,-0.099329,-0.10582,-0.076628,-0.048727,-0.066837,-0.062813
-0.017101,-0.035929,-0.056024,-0.076142,-0.061237,-0.042947,-0.022462,0.0078896,0.029439,0.030181,0.034456,-0.0016922,0.0022432,-0.023227,-0.033762,-0.051949,-0.03193,-0.068854,-0.048621,-0.051874,-0.050205,-0.065903,-0.053035,-0.054854,-0.051636,-0.031381,-0.0050654,-0.01333,-0.034755,-0.047394,-0.036734,-0.028961,-0.039493,-0.016605,-0.024616,-0.041451,-0.021214,-0.043383,-0.039464,-0.050414,-0.056688,-0.088591,-0.086838,-0.098809,-0.08869,-0.094484,-0.081589,-0.044841,-0.038025,-0.041544,-0.060166
-0.010479,-0.018161,-0.024186,-0.029368,-0.025405,-0.032592,-0.033449,-0.017327,0.020969,0.013876,0.016077,0.01013,-0.0080927,-0.045288,-0.03374,-0.039097,-0.049425,-0.058187,-0.064891,-0.066426,-0.067456,-0.052784,-0.033928,-0.067361,-0.041368,-0.040931,-0.026688,-0.036489,-0.032468,-0.065058,-0.043044,-0.032379,-0.014182,-0.01047,-0.017032,-0.039575,-0.027992,-0.052334,-0.067794,-0.059866,-0.059048,-0.045267,-0.068385,-0.08069,-0.10289,-0.088129,-0.079774,-0.057514,-0.018548,-0.043205,-0.067184
0.010299,-0.0013439,-0.012703,-0.020389,-0.018174,-0.014007,-0.018899,-0.015118,0.0039496,0.010351,0.0071129,-0.015191,-0.044855,-0.028009,-0.028712,-0.034349,-0.043245,-0.06095,-0.045872,-0.058178,-0.055473,-0.050951,-0.048481,-0.042409,-0.028859,-0.023796,-0.0060866,-0.02508,-0.034291,-0.052246,-0.014861,-0.027803,-0.024623,-0.0045595,-0.025275,-0.028473,-0.0063832,-0.034025,-0.040142,-0.016681,-0.030253,-0.048637,-0.054716,-0.070112,-0.065403,-0.056847,-0.067379,-0.060247,-0.035802,-0.029632,-0.036938
0.018021,0.016686,-0.0030251,-0.0086544,-0.026893,-0.0056656,-0.010952,-0.0025542,0.013251,0.040023,-0.0089652,-0.020429,-0.063349,-0.0457,-0.034317,-0.054547,-0.053812,-0.041586,-0.046615,-0.071795,-0.058679,-0.038466,-0.018934,-0.014726,-0.014504,-0.028486,-0.017945,-0.0028892,-0.01535,-0.039001,-0.027481,-0.040328,-0.0527,-0.039458,-0.03581,-0.0036027,0.015052,-0.0075338,-0.00061724,-0.0033586,-0.012944,-0.048344,-0.038865,-0.063466,-0.072903,-0.050357,-0.052189,-0.057036,-0.025334,-0.031495,-0.041439
0.016019,0.037206,0.024578,-0.0014467,-0.0019344,0.01416,-0.01413,0.02831,0.025411,-0.0028403,-0.029676,-0.047691,-0.03016,-0.026485,-0.042116,-0.050151,-0.076166,-0.052778,-0.052068,-0.056982,-0.065693,-0.019495,-0.0040672,0.010673,0.0072754,-0.017543,-0.0036822,-0.00087092,-0.0035988,-0.039395,-0.037627,-0.038695,-0.033708,-0.039833,-0.021936,-0.016996,0.029262,0.012771,0.012715,0.016142,-0.022107,-0.018521,-0.040479,-0.057959,-0.048192,-0.030059,-0.040885,-0.056816,-0.036202,-0.034465,-0.013396
0.019443,0.03772,0.016551,0.035158,0.029997,0.0033194,-0.0013651,0.0011404,0.0020801,-0.0052466,-0.028439,-0.041518,-0.044266,-0.046807,-0.045211,-0.064802,-0.053155,-0.061129,-0.050413,-0.048696,-0.040578,-0.026293,0.010033,0.018462,-0.0050956,-0.015249,-0.0043362,0.0096489,0.0019858,0.0039979,-0.0071285,-0.0283,-0.025961,-0.020359,-0.013469,-0.00384,0.020576,0.0056863,-0.0051052,-0.01292,0.020136,-0.008528,-0.02896,-0.042111,-0.037258,-0.018303,-0.022885,-0.048376,-0.022729,-0.017226,-0.013445
0.028569,0.047843,0.031174,0.027161,0.058625,0.025212,0.0062886,0.011342,0.016847,-0.00073601,-0.0061293,-0.039228,-0.055899,-0.044894,-0.050615,-0.066981,-0.065923,-0.066379,-0.0075568,-0.021267,-0.02331,-0.013244,0.0077798,0.0075063,0.0057043,0.003735,0.024837,0.015017,0.018158,0.0036403,0.0050368,-0.014933,-0.01889,-0.013335,0.00026503,0.012184,0.013781,0.013484,0.011091,-0.0023158,0.0068848,-0.0076739,-0.03705,-0.033886,0.0088325,0.0079103,-0.026694,-0.015855,-0.010401,-0.0060154,-0.0024367
0.0092604,0.021871,0.019541,0.03751,0.040484,0.0062841,-0.0012981,-0.014343,-0.021866,-0.015231,-0.0090973,-0.063057,-0.061044,-0.062277,-0.069574,-0.090715,-0.085999,-0.067862,-0.061326,-0.039472,-0.023676,-9.8395e-06,0.037483,0.0217,0.011033,-0.0072725,0.027797,0.0059885,0.0081614,-0.014676,-0.01539,-0.017318,-0.0078729,-0.025271,-0.0012052,0.013501,0.017475,0.0095223,-0.010127,-0.0024312,-0.0076596,-0.0027468,-0.015766,-0.0045211,-0.028982,-0.024769,-0.019449,-0.032516,-0.023033,-0.022853,-0.020062
0.021112,0.038828,0.030448,0.020794,0.026564,0.014973,-0.0056142,0.009226,-0.01005,-0.017301,-0.028455,-0.06005,-0.051491,-0.047708,-0.070572,-0.082821,-0.069419,-0.079643,-0.057038,-0.037091,-0.00042131,0.025554,0.041939,0.022522,0.025788,0.01687,0.013954,0.030108,0.016976,-0.006362,-0.022214,0.017259,0.0064381,-0.01568,-0.0091894,0.0052793,0.017898,0.017159,0.026536,0.0054837,0.003967,0.0082774,0.018436,0.00085598,0.0020588,-0.016297,-0.012697,-0.031287,-0.030817,-0.017747,-0.0098978
0.041503,0.049762,0.016647,0.02199,0.035785,0.019202,0.0025899,-0.0097845,-0.0033265,-0.0079612,-0.032441,-0.057222,-0.089752,-0.07971,-0.073821,-0.049327,-0.051592,-0.068483,-0.054912,-0.018533,-0.00030945,0.031604,0.029528,0.035577,0.016767,0.032116,0.017875,0.019022,0.021691,0.011691,0.014555,-0.00055719,-0.0081613,-0.016207,0.0086966,0.025832,0.034335,0.030526,0.022233,0.021223,0.025596,0.011645,0.013322,0.013528,0.016003,0.0048406,-0.013025,-0.031143,-0.020858,-0.031729,-0.013976
0.050024,0.056448,0.034543,0.034442,0.030065,0.027404,0.0071091,0.0033319,-0.013124,-0.033007,-0.051434,-0.064885,-0.080553,-0.070052,-0.058362,-0.044377,-0.056283,-0.04861,-0.036232,-0.0027161,-0.018225,0.019039,0.032567,0.026031,0.018265,0.039297,0.032452,0.031937,0.010352,0.022773,0.035045,0.017309,0.019321,0.029945,0.031734,0.022679,0.042342,0.027693,0.030976,0.040856,0.037172,0.017218,0.019313,0.027519,0.035581,-0.0011949,-0.01694,-0.024826,-0.0044845,-0.029489,-0.021833
0.023828,0.040323,0.042588,0.032443,0.012716,0.01977,-0.010881,0.0028022,-0.024184,-0.046012,-0.063255,-0.06857,-0.065755,-0.081317,-0.068571,-0.051842,-0.056416,-0.046846,-0.032567,-0.037059,-0.041927,-0.022142,-0.00045232,-0.010785,0.00013588,0.012998,0.021747,0.034094,0.020253,0.022283,0.020191,0.032978,0.007915,0.036245,0.047628,0.01034,0.019411,0.0039674,0.0070479,0.028465,0.042859,0.030568,0.022423,-0.013847,0.00080978,-0.028374,-0.034751,-0.01921,0.0016615,-0.025742,-0.04223
0.0063697,0.017616,0.020678,0.014906,-0.019935,-0.021317,0.012758,-0.0081438,-0.024548,-0.037636,-0.054319,-0.057696,-0.063509,-0.058322,-0.077552,-0.084618,-0.054443,-0.049363,-0.058407,-0.050646,-0.04872,-0.052051,-0.042657,-0.032761,0.01682,0.016542,0.03116,0.041477,0.047936,0.0042446,0.035472,0.01229,0.03298,0.049692,0.04713,0.034567,0.021219,0.010058,0.010894,0.049212,0.031911,0.012908,-0.0036687,-0.011738,-0.043156,-0.02676,-0.031552,-0.030485,-0.024725,-0.015585,-0.030429
-0.021113,-0.014116,-0.010606,-0.036838,-0.031128,-0.014386,-0.022914,-0.028887,-0.028342,-0.027574,-0.046304,-0.06146,-0.075731,-0.077889,-0.076259,-0.078467,-0.079556,-0.09612,-0.074289,-0.092563,-0.070608,-0.073544,-0.062032,-0.054849,0.0069144,0.0043827,0.0047544,0.010896,0.033136,0.0095732,0.023188,0.018504,0.0055343,0.021566,0.056475,0.041216,0.009847,-0.017406,0.0022452,0.032687,0.0081686,-0.0086412,-0.031298,-0.058177,-0.052813,-0.039603,-0.066839,-0.049196,-0.039068,-0.02157,-0.047891
0.0013887,0.0069408,-0.023256,-0.030076,-0.043528,-0.028762,-0.020944,-0.013605,-0.035284,-0.040623,-0.048605,-0.060113,-0.04243,-0.061498,-0.047711,-0.076125,-0.082713,-0.089726,-0.082855,-0.075353,-0.080506,-0.062843,-0.026081,-0.053914,-0.031422,-0.013146,0.010823,0.02098,0.016288,0.023316,0.036616,0.041811,0.045255,0.041708,0.044798,0.016153,0.013211,-0.0034267,6.0597e-05,0.0082645,0.0040946,-0.012464,-0.029079,-0.030498,-0.039803,-0.049463,-0.046678,-0.039618,-0.020999,-0.038449,-0.063932
0.0047541,0.0031682,-0.031809,-0.036871,-0.0236,-0.041045,-0.040856,-0.011061,-0.036006,-0.044008,-0.041518,-0.055389,-0.047071,-0.045083,-0.052731,-0.046207,-0.067717,-0.083092,-0.070921,-0.05782,-0.072432,-0.036473,-0.027158,-0.036955,-0.046102,-0.0081742,0.02977,0.02396,0.036583,0.026444,0.034981,0.032346,0.049968,0.050198,0.054756,0.025679,0.036539,0.022395,-0.0099935,-0.011155,-0.0030019,-0.0088591,-0.029767,-0.027847,-0.012619,-0.021208,-0.018204,0.005265,-0.014908,-0.049751,-0.069458
0.0047059,0.0032291,-0.047907,-0.044195,-0.018833,-0.037424,-0.04404,-0.036964,-0.043176,-0.021272,-0.04327,-0.028389,-0.048118,-0.043552,-0.057806,-0.068749,-0.077343,-0.096289,-0.073885,-0.042399,-0.033034,-0.026299,-0.021761,-0.032273,-0.032771,-0.0010719,0.010182,0.021557,0.0072983,0.005292,0.0028479,0.019881,0.032937,0.033569,0.034115,0.029697,0.017507,0.014755,0.0083797,-0.021435,0.013157,-0.01379,-0.019499,-0.031966,-0.016586,-0.02322,-0.017855,-0.020097,-0.015956,-0.038852,-0.060091
-0.011634,-0.025267,-0.049924,-0.047872,-0.025602,-0.034454,-0.052702,-0.047584,-0.06009,-0.023791,-0.0059775,-0.051208,-0.0387,-0.022342,-0.053155,-0.078795,-0.08765,-0.081711,-0.077625,-0.036368,-0.027747,-0.018694,-0.021139,-0.022836,-0.0082523,-0.0054883,0.023973,0.0262,0.012557,0.00051152,-0.0081673,0.010254,0.021664,0.012167,0.031117,0.034544,0.025478,-0.0018169,-0.0002729,0.01979,0.011792,0.0037032,-0.011022,-0.026022,-0.026492,-0.033777,-0.0018627,-0.020107,-0.015021,-0.02159,-0.029832
-0.0045326,-0.0087764,-0.027422,-0.045912,-0.026622,-0.039575,-0.036469,-0.027671,-0.033238,-0.023657,-0.024294,-0.033136,-0.014705,-0.018801,-0.035418,-0.079942,-0.094998,-0.067768,-0.051594,-0.042852,-0.042577,-0.021743,-0.0043384,-0.025383,-0.014764,-0.011468,0.034355,0.039259,0.033834,-0.015786,-0.019796,0.00636,0.014898,0.00092173,0.030324,0.032033,0.019067,0.019002,0.010697,0.0073775,0.0079003,0.0081126,-0.011112,-0.03045,-0.02512,-0.0041583,0.0018199,0.0034442,0.0063737,-0.025092,-0.045736
-0.016199,-0.029997,-0.039004,-0.049642,-0.021546,-0.040094,-0.024898,-0.010282,-0.011258,-0.030896,-0.037412,-0.051021,-0.037898,-0.036729,-0.040345,-0.088141,-0.071073,-0.086023,-0.045463,-0.059415,-0.058483,-0.050242,-0.029227,-0.033623,-0.036864,-0.030521,0.0041922,0.030329,0.021728,0.0044202,-0.0077997,-0.025893,-0.012654,0.0019099,-0.0019113,0.011038,0.027818,0.010116,0.0033914,-0.004587,0.007575,-0.021381,-0.030688,-0.060115,-0.02895,0.0018645,-0.0016094,0.005067,-0.0040042,-0.0059286,-0.034397
-0.012154,-0.022426,-0.039297,-0.047787,-0.015526,-0.018001,-0.028917,-0.025507,0.0034863,-0.033583,-0.043025,-0.051038,-0.032943,-0.052969,-0.023985,-0.060103,-0.081624,-0.084426,-0.065025,-0.062708,-0.069744,-0.06279,-0.048519,-0.040643,-0.036016,-0.039387,-0.014825,0.0063368,0.014984,0.02116,0.021485,-0.0085261,-0.0053518,-0.0082139,0.0057376,-0.01003,0.014113,-0.0071718,-0.01547,0.011132,0.0060105,-0.011201,-0.037743,-0.0491,-0.02172,0.01069,-0.0092303,-0.019887,0.0078304,-0.0027626,-0.0058979
-0.013559,-0.024915,-0.030423,-0.057933,-0.039568,-0.017896,-0.030823,-0.012207,-0.0055358,-0.012461,-0.043352,-0.053172,-0.052361,-0.04988,-0.050759,-0.073678,-0.078875,-0.068778,-0.078682,-0.078806,-0.094859,-0.089093,-0.06502,-0.073087,-0.048,-0.059363,-0.018266,0.01905,-0.0063581,-0.015641,-0.0045159,-0.022812,-0.028473,-0.023613,-0.023033,-0.023856,0.0064354,-0.021381,-0.02054,0.0018782,-0.0094773,-0.027336,-0.032789,-0.048598,-0.034296,-0.016854,-0.0060522,-0.0057303,0.0016278,-0.013267,-0.028744
-0.023744,-0.025107,-0.036711,-0.045356,-0.051832,-0.034154,-0.031757,-0.011856,-0.0054025,0.0089076,-0.022154,-0.041615,-0.062533,-0.058529,-0.070131,-0.08165,-0.079178,-0.061635,-0.065295,-0.076791,-0.081268,-0.074203,-0.071958,-0.062814,-0.062621,-0.048738,-0.0086354,0.0047469,-0.0042348,-0.032222,-0.021036,-0.018393,-0.02601,-0.018449,-0.027796,-0.025229,-0.0040105,-0.014644,-0.020563,0.017675,0.0090402,-0.02098,0.0034905,-0.044417,-0.046303,-0.032189,-0.013882,-0.00010455,0.0077145,-0.0025575,-0.024281
-0.0058004,0.0017623,-0.016054,-0.019269,-0.021668,-0.019999,-0.035866,-0.019474,-0.007668,-0.0019173,-0.021391,-0.013899,-0.057804,-0.059197,-0.046741,-0.042968,-0.052396,-0.046113,-0.055894,-0.055385,-0.075871,-0.055512,-0.05546,-0.078779,-0.039193,-0.027517,-0.025808,-0.0098892,-0.012108,-0.033029,-0.0083892,-0.014283,0.0046048,-0.01079,-0.022176,-0.022806,-0.021479,-0.023692,-0.014221,0.0024163,-0.0026364,0.01409,0.0091256,-0.012827,-0.014212,-0.0076104,-0.015605,-0.0022631,0.030139,0.0064206,-0.025035
0.035046,0.005351,-0.006725,-0.019591,-0.025576,-0.027331,-0.045163,-0.016731,-0.02839,0.0042793,-0.0054701,-0.040846,-0.059266,-0.056468,-0.041654,-0.020257,-0.0201,-0.035597,-0.047223,-0.043253,-0.041677,-0.066018,-0.056619,-0.074322,-0.051699,-0.044231,-0.026991,-0.028746,-0.026616,-0.00069858,0.0010104,0.0035751,-0.01044,-0.022021,-0.0074252,-0.041023,-0.01974,-0.040898,-0.04369,-0.01388,-0.0099856,-0.0054705,-0.0024815,0.0026258,0.017431,0.010674,-0.00049825,0.0046648,0.0084032,0.0042808,-0.039116
-0.015654,0.018435,-0.042073,-0.064137,-0.057575,-0.060641,-0.035873,-0.012787,-0.0067447,-0.021017,-0.029823,-0.063677,-0.052481,-0.071966,-0.043619,-0.040474,-0.012758,-0.034566,-0.034866,-0.039802,-0.068401,-0.059187,-0.04616,-0.080902,-0.080712,-0.058465,-0.039434,-0.018935,-0.0097088,-0.018206,0.00038248,-0.009421,-0.023252,-0.050713,-0.035979,-0.046043,-0.051546,-0.034218,-0.030406,-0.041924,-0.034892,-0.034038,-0.034243,-0.014935,0.00066684,-0.015439,-0.018378,0.0069892,0.00016235,-0.027803,-0.05899
-0.031467,-0.016135,-0.035584,-0.049313,-0.04155,-0.063821,-0.031139,-0.009507,-0.025113,-0.017904,-0.015826,-0.051695,-0.040548,-0.030318,-0.031606,-0.02339,-0.009747,-0.03643,-0.036052,-0.049953,-0.053831,-0.053289,-0.039774,-0.052943,-0.059496,-0.056338,-0.039646,-0.040987,-0.0022082,-0.0014557,-0.0019146,-0.019616,-0.04,-0.059124,-0.039409,-0.052109,-0.06214,-0.050647,-0.05146,-0.038667,-0.031826,-0.043183,-0.043394,-0.029962,-0.01423,-0.030322,-0.039139,-0.012468,-0.03037,-0.015386,-0.032981
-0.038783,-0.038958,-0.044151,-0.041757,-0.049699,-0.059213,-0.025144,-0.00086379,-0.02968,-0.011518,-0.013406,-0.029359,-0.025323,-0.015855,-0.0183,-0.0076852,0.0025705,-0.0037467,-0.017034,-0.010508,-0.031136,-0.05541,-0.039934,-0.06393,-0.034146,-0.033803,-0.024402,-0.0021103,0.010314,0.033418,0.0094865,-0.017228,-0.039421,-0.05436,-0.034813,-0.051818,-0.058437,-0.046234,-0.038976,-0.038288,-0.029822,-0.040343,-0.063236,-0.037921,-0.010779,-0.024618,-0.023478,-0.033511,-0.014456,-0.0067231,-0.025701
-0.069882,-0.035992,-0.046878,-0.040343,-0.031026,-0.029211,-0.02216,-0.0012463,-0.01861,-0.0097347,-0.0069683,-0.034666,-0.031283,-0.030084,-0.020778,0.0068812,0.006653,0.021891,0.021294,0.015635,-0.021097,-0.017262,-0.044211,-0.064437,-0.047231,-0.024709,-0.021402,0.0056792,0.030635,0.028348,-0.0015918,-0.018893,-0.052106,-0.075706,-0.040885,-0.040306,-0.052264,-0.05053,-0.042641,-0.022142,-0.026662,-0.040217,-0.056949,-0.061996,-0.034459,-0.041263,-0.024962,-0.034557,-0.011028,-0.018406,-0.024191
-0.059813,-0.025325,-0.02327,-0.023949,-0.013544,-0.014461,-0.012378,-0.0092234,-0.025326,-0.0081026,-0.038169,-0.026035,-0.016166,0.0066255,-0.001561,0.011462,0.015581,0.023154,0.028651,0.024822,-0.003993,0.00033878,-0.01092,-0.025943,-0.051953,-0.034319,-0.01132,0.01272,0.010627,0.002982,-0.00079052,-0.013199,-0.033273,-0.045303,-0.051508,-0.050136,-0.046493,-0.044162,-0.037331,-0.024429,-0.020212,-0.055802,-0.025192,-0.035664,-0.037263,-0.044748,-0.032784,-0.029532,-0.02994,-0.033588,-0.048861
-0.036791,-0.024429,-0.030477,-0.033884,-0.0085355,-0.0023681,-0.031065,-0.020852,0.0020545,-0.0041466,-0.018428,-0.021995,-0.01544,-0.022541,0.010748,0.029534,0.023712,0.01824,0.021904,0.028342,0.0074799,0.023313,0.0083988,-0.017601,-0.024464,-0.02677,-0.017886,0.016389,0.00015396,0.003106,0.0016249,-0.02456,-0.044016,-0.053787,-0.044234,-0.044165,-0.0092212,-0.014888,-0.019121,-0.020405,-0.020621,-0.024499,-0.030175,-0.041356,-0.022306,-0.034604,-0.043777,-0.044891,-0.028496,-0.062298,-0.074235
0.0037284,-0.031323,-0.039231,-0.029441,-0.021294,-0.013693,-0.0094887,0.0052965,0.023559,0.016619,0.013722,-0.016797,-0.011912,-0.019949,0.016789,0.0093966,0.005816,0.0038289,0.011982,0.023132,0.025117,0.017599,0.012173,-0.013819,-0.013106,-0.021708,-0.0053509,-0.0018346,-0.019164,-0.018999,-0.02284,-0.042189,-0.048869,-0.052576,-0.04549,-0.047225,0.016642,0.009863,-0.011222,0.0073657,-0.012667,-0.030802,-0.039406,-0.045831,-0.03963,-0.032952,-0.04925,-0.069608,-0.053274,-0.06248,-0.075149
-0.0088513,-0.015978,-0.01236,-0.023101,-0.00045793,-0.0033531,-0.0047864,0.0023431,0.018676,0.035181,0.016711,0.01085,-0.0097628,0.0085642,0.0178,-0.0062919,0.0027727,-0.0087338,0.0058676,-0.0050038,0.0087665,0.018467,0.037631,-0.0057951,0.0007783,-0.030088,-0.0093361,-0.0043733,-0.018601,-0.056639,-0.021542,-0.026644,-0.02235,-0.014044,-0.016376,7.8435e-05,0.010206,-0.00033714,-0.0093008,-0.0028445,-0.00036317,-0.0064302,-0.012073,-0.046901,-0.055596,-0.036404,-0.063472,-0.047335,-0.059316,-0.061458,-0.095533
-0.0047682,0.0066657,0.0034154,-0.0096146,-0.0087471,0.00043987,-0.0036448,0.0089503,0.027371,0.03209,0.024438,0.00037501,0.011341,0.02245,0.016856,-0.024977,-0.019171,0.0072679,0.011367,-0.0065637,-0.011694,-0.015059,-0.01419,-0.021391,-0.019436,-0.042828,-0.013751,-0.015046,-0.011181,-0.061872,-0.034369,-0.0054741,0.0052823,-0.0022748,0.0055812,-0.003014,-0.0069202,-0.019442,-0.022658,0.0071928,-0.016834,-0.018365,-0.017214,-0.050917,-0.05713,-0.040875,-0.053528,-0.046362,-0.05149,-0.061994,-0.07381
-0.0027209,0.0057724,-0.013411,-0.011343,-0.0017098,0.0041398,-0.011391,0.023503,0.030813,0.038501,0.021544,0.0084042,0.00087684,0.0014679,-0.0054489,-0.023553,-0.0064751,-0.0030545,-0.013494,-0.0061512,-0.043589,-0.056453,-0.030095,-0.046568,-0.031739,-0.041708,-0.027637,-0.0078946,-0.032481,-0.038201,-0.040837,-0.040214,-0.010952,-0.0028262,0.0065695,0.0054199,0.011344,-0.027597,-0.026164,-0.015271,-0.011414,-0.017645,-0.05216,-0.075523,-0.069905,-0.053683,-0.037412,-0.050635,-0.036568,-0.049601,-0.064887
0.019547,0.030585,-0.0039274,-0.01405,0.018166,0.01055,-8.2854e-05,0.043732,0.037495,0.0344,0.015772,0.031666,0.027014,0.033911,0.019006,0.0063886,-0.023943,-0.029021,-0.0083491,-0.012109,-0.038169,-0.03269,-0.017969,-0.014714,-0.027577,-0.007207,-0.0070412,-0.02639,-0.020795,-0.028642,-0.033573,-0.013372,0.0051176,0.012608,0.033526,0.0070731,0.0098582,-0.0035898,-0.0078449,4.1328e-05,0.024014,-0.00088509,-0.039475,-0.069365,-0.036927,-0.029992,-0.050203,-0.040527,-0.029111,-0.031169,-0.026658
0.020738,0.038722,-0.0068007,0.00056567,0.011851,-0.0028013,0.021562,0.043223,0.030685,0.029112,0.029221,0.0073436,0.016745,0.033647,0.030752,0.00084785,0.0049441,-0.010283,-0.016097,-0.016204,-0.054775,-0.032504,-0.01083,-0.015309,-0.047264,-0.030464,-0.0030723,-0.0025156,-0.01528,-0.025283,-0.020401,-0.042663,-0.015239,-0.0014835,-0.0032561,0.0052427,0.0096622,0.0019327,-0.0020184,0.00037503,0.022005,-0.009523,-0.032444,-0.045961,-0.043605,-0.049916,-0.024818,-0.0068398,-0.0035448,-0.020877,-0.025532
0.04571,0.037533,0.018321,-0.012558,0.0063246,0.013918,0.011937,0.029169,0.015453,0.022323,0.01896,0.0012654,0.023656,0.028813,0.030148,0.01165,-0.0025831,-0.00065656,0.001844,-0.01533,-0.0089247,-0.022194,-0.020683,-0.040574,-0.021513,-0.023804,0.0069184,0.0014677,-0.0047886,-0.020849,-0.034202,-0.0026488,-0.0075393,-0.017607,0.0042938,0.0035853,0.0078017,0.0019524,0.011267,0.010689,-0.0036646,-0.014395,-0.018321,-0.031948,-0.017539,-0.012313,0.00021231,0.003007,0.013816,0.0033526,-0.024467
0.020454,0.021719,0.022818,0.012321,0.03091,0.010289,0.010576,-0.013966,-0.015511,-0.0028035,0.013096,-0.0014628,0.010567,0.013865,0.014619,0.0043162,0.0029295,-0.019182,-0.028417,-0.023524,-0.0057498,-0.012513,-0.025344,-0.051037,-0.015896,-0.03087,-0.015988,-0.013609,-0.016828,-0.044796,-0.032647,-0.030155,-0.011035,-0.017102,0.0024227,0.0073833,-0.011279,-0.029882,-0.025023,-0.014091,-0.021126,-0.010599,-0.020024,-0.021663,-0.034336,-0.009216,0.0078882,0.0050898,0.021535,0.013294,-0.027986
0.022868,0.02291,-0.0014451,-0.0035478,0.0091517,-0.0080451,-0.0023179,-0.024718,-0.024287,-0.020047,0.0038997,0.0020687,0.018458,0.0021801,0.0068184,-0.016376,-0.028582,-0.059606,-0.031974,-0.029202,-0.014401,-0.022151,-0.052622,-0.060897,-0.056718,-0.029524,-0.0095812,-0.020305,-0.032805,-0.04599,-0.027638,-0.03009,-0.022556,-0.0069689,-0.010344,-0.031352,-0.038735,-0.046814,-0.052682,-0.037642,-0.018909,-0.039617,-0.032347,-0.036366,-0.021335,-0.0098521,-0.0091712,0.006572,0.021411,0.0016123,-0.032343
-0.0026476,-0.0087882,-0.0074042,-0.019904,-0.019213,-0.01406,-0.027347,-0.0078985,-0.010242,-0.010552,-0.0069642,0.0042733,0.00037835,-0.023665,-0.021027,-0.03606,-0.064799,-0.066365,-0.043224,-0.050212,-0.05618,-0.031809,-0.030503,-0.054453,-0.055626,-0.041199,-0.022438,-0.0070646,-0.031273,-0.033851,-0.03886,-0.04897,-0.051128,-0.019235,-0.0072565,-0.031393,-0.023,-0.047074,-0.047641,-0.050928,-0.043408,-0.05528,-0.044862,-0.044599,-0.018134,-0.027481,-0.023998,0.0053846,0.021546,-0.027815,-0.063985
0.0069084,0.0086771,-0.0068349,-0.0077747,-0.019963,0.0023201,0.0095028,0.01129,0.0028386,-0.0025181,-0.0022071,0.0054512,0.012714,0.0027782,-0.022936,-0.038213,-0.071253,-0.075628,-0.083217,-0.039158,-0.045256,-0.025471,-0.028737,-0.035746,-0.036964,-0.032962,-0.026096,-0.020588,-0.036858,-0.027298,-0.010709,-0.036193,-0.031126,-0.018289,-0.010972,-0.035602,-0.021653,-0.047745,-0.05636,-0.029184,-0.038222,-0.051999,-0.049664,-0.02397,-0.012429,-0.011344,-0.0077522,-0.03283,-0.0079588,-0.02587,-0.0098609
-0.028554,-0.0028244,-0.0079416,-0.0086768,-0.015057,0.0026912,0.00097837,0.0048441,-0.0044602,-0.0093901,-0.032625,-0.022781,-0.034079,-0.01641,-0.039908,-0.041924,-0.053118,-0.075583,-0.067348,-0.06521,-0.051408,-0.037349,-0.046571,-0.051736,-0.039745,-0.040217,-0.060635,-0.027914,0.0062274,-0.014168,-0.020686,-0.023326,-0.048685,-0.037636,-0.015643,-0.018797,-0.044173,-0.065543,-0.053628,-0.03236,-0.032002,-0.051076,-0.034659,-0.04573,-0.020839,-0.012806,-0.017505,-0.030069,-0.027096,-0.023846,-0.014387
-0.013294,0.00089257,-0.0097213,-0.01164,-0.019323,-0.0021506,0.0051879,0.0076603,-0.013916,-0.015078,-0.039445,-0.041706,-0.047841,-0.025291,-0.049134,-0.059119,-0.054638,-0.065028,-0.059555,-0.044747,-0.057037,-0.061645,-0.044934,-0.071226,-0.046661,-0.043882,-0.031056,-0.024097,-0.0095105,-0.037341,-0.025339,-0.033846,-0.039263,-0.03973,-0.033416,-0.032528,-0.050185,-0.060949,-0.048432,-0.030432,-0.034863,-0.041525,-0.041911,-0.030549,-0.024315,-0.013421,-0.024001,-0.029471,-0.038088,-0.032963,-0.036435
-0.038546,-0.021108,-0.016271,0.0032546,0.0065194,0.0047154,-0.011897,0.0086606,0.0036101,-0.017639,-0.010704,-0.047936,-0.041841,-0.052165,-0.050294,-0.054238,-0.05475,-0.050508,-0.040483,-0.051486,-0.074751,-0.055752,-0.01568,-0.039694,-0.040622,-0.033226,-0.0076105,-0.025435,-0.012183,-0.04168,-0.046963,-0.041994,-0.041661,-0.050142,-0.024476,-0.04681,-0.033097,-0.037195,-0.040542,-0.015661,-0.018401,0.0030748,-0.026285,-0.028401,-0.036499,-0.050433,-0.056634,-0.022598,-0.011151,-0.02792,-0.033316
-0.024597,-0.012109,-0.04446,-0.017259,0.0076731,-0.008454,-0.0082128,0.0020982,0.0026535,0.00031784,-0.0024676,-0.024876,-0.042704,-0.038461,-0.031442,-0.045887,-0.024672,-0.065429,-0.039525,-0.041662,-0.04746,-0.047997,-0.0163,-0.036628,-0.022378,0.0040905,0.002268,0.00033467,-0.024394,-0.037909,-0.028018,-0.024535,-0.027583,-0.036313,-0.037266,-0.038425,-0.028918,-0.020332,-0.0096338,-0.022036,0.022703,0.013872,-0.019832,-0.026675,-0.026064,-0.041402,-0.05145,-0.030191,-0.018112,-0.0074654,-0.0054601
-0.032128,-0.032931,-0.054919,-0.033956,-0.011593,-0.028448,-0.022151,-0.0067275,0.0074718,0.023643,0.0093944,-0.042163,-0.050918,-0.029079,-0.041918,-0.026729,-0.018369,-0.046664,-0.060058,-0.057915,-0.054801,-0.05355,-0.041741,-0.015758,-0.034865,-0.027905,-0.0046801,-0.016443,-0.011732,-0.041719,-0.035401,-0.03825,-0.039941,-0.046706,-0.033569,-0.039491,-0.020675,-0.019734,-0.040488,-0.034717,-0.015465,-0.016045,-0.029013,-0.031209,-0.03468,-0.030826,-0.032327,-0.022907,-0.019246,-0.01001,-0.010849
