0.02,0.02,-0.00038917,1,0,0
0.04,0.02,-0.046307,1,0,0
0.06,0.02,-0.061906,1,0,0
0.08,0.02,-0.078317,1,0,0
0.1,0.02,-0.054145,1,0,0
0.12,0.02,-0.057081,1,0,0
0.14,0.02,-0.042638,1,0,0
0.16,0.02,-0.047241,1,0,0
0.18,0.02,-0.088669,1,0,0
0.2,0.02,-0.1053,1,0,0
0.22,0.02,-0.067922,1,0,0
0.24,0.02,-0.088889,1,0,0
0.26,0.02,-0.0099614,1,0,0
0.28,0.02,-0.014172,1,0,0
0.3,0.02,-0.00209,1,0,0
0.32,0.02,-0.041508,1,0,0
0.34,0.02,-0.075233,1,0,0
0.36,0.02,-0.088406,1,0,0
0.38,0.02,-0.10147,1,0,0
0.4,0.02,-0.065471,1,0,0
0.42,0.02,-0.0069217,1,0,0
0.44,0.02,-0.072596,1,0,0
0.46,0.02,-0.07633,1,0,0
0.48,0.02,-0.058737,1,0,0
0.5,0.02,-0.039946,1,0,0
0.52,0.02,-0.026536,1,0,0
0.54,0.02,-0.029024,1,0,0
0.56,0.02,-0.040524,1,0,0
0.58,0.02,-0.048157,1,0,0
0.6,0.02,-0.051276,1,0,0
0.62,0.02,0.00042886,1,0,0
0.64,0.02,-0.036204,1,0,0
0.66,0.02,-0.05329,1,0,0
0.68,0.02,-0.085037,1,0,0
0.7,0.02,-0.018834,1,0,0
0.72,0.02,-0.064144,1,0,0
0.74,0.02,-0.09387,1,0,0
0.76,0.02,-0.1286,1,0,0
0.78,0.02,-0.15969,1,0,0
0.8,0.02,-0.08177,1,0,0
0.82,0.02,-0.047324,1,0,0
0.84,0.02,0.031819,1,0,0
0.86,0.02,-0.0092528,1,0,0
0.88,0.02,-0.010635,1,0,0
0.9,0.02,0.0027911,1,0,0
0.92,0.02,-0.01936,1,0,0
0.94,0.02,-0.055696,1,0,0
0.96,0.02,-0.063845,1,0,0
0.98,0.02,-0.057564,1,0,0
0.02,0.04,-0.058866,1,0,0
0.04,0.04,-0.045797,1,0,0
0.06,0.04,-0.038744,1,0,0
0.08,0.04,-0.082393,1,0,0
0.1,0.04,-0.031596,1,0,0
0.12,0.04,-0.011975,1,0,0
0.14,0.04,-0.060249,1,0,0
0.16,0.04,-0.04108,1,0,0
0.18,0.04,0.0047285,1,0,0
0.2,0.04,-0.080803,1,0,0
0.22,0.04,-0.072816,1,0,0
0.24,0.04,-0.085898,1,0,0
0.26,0.04,-0.021369,1,0,0
0.28,0.04,-0.025796,1,0,0
0.3,0.04,-0.018546,1,0,0
0.32,0.04,-0.057445,1,0,0
0.34,0.04,-0.060757,1,0,0
0.36,0.04,-0.059308,1,0,0
0.38,0.04,-0.06465,1,0,0
0.4,0.04,-0.056079,1,0,0
0.42,0.04,-0.064133,1,0,0
0.44,0.04,-0.047784,1,0,0
0.46,0.04,-0.044937,1,0,0
0.48,0.04,-0.025289,1,0,0
0.5,0.04,-0.035902,1,0,0
0.52,0.04,0.024534,1,0,0
0.54,0.04,0.0416,1,0,0
0.56,0.04,0.024419,1,0,0
0.58,0.04,-0.012141,1,0,0
0.6,0.04,0.0011567,1,0,0
0.62,0.04,-0.065618,1,0,0
0.64,0.04,-0.11946,1,0,0
0.66,0.04,-0.074353,1,0,0
0.68,0.04,-0.11149,1,0,0
0.7,0.04,-0.00085359,1,0,0
0.72,0.04,-0.065926,1,0,0
0.74,0.04,-0.056312,1,0,0
0.76,0.04,-0.069515,1,0,0
0.78,0.04,-0.044731,1,0,0
0.8,0.04,-0.0739,1,0,0
0.82,0.04,-0.025862,1,0,0
0.84,0.04,-5.4103e-05,1,0,0
0.86,0.04,0.016772,1,0,0
0.88,0.04,-0.090657,1,0,0
0.9,0.04,-0.051375,1,0,0
0.92,0.04,-0.036767,1,0,0
0.94,0.04,-0.052234,1,0,0
0.96,0.04,-0.023157,1,0,0
0.98,0.04,-0.036531,1,0,0
0.02,0.06,-0.063081,1,0,0
0.04,0.06,-0.052171,1,0,0
0.06,0.06,-0.063465,1,0,0
0.08,0.06,-0.060199,1,0,0
0.1,0.06,-0.035062,1,0,0
0.12,0.06,-0.023579,1,0,0
0.14,0.06,-0.050973,1,0,0
0.16,0.06,9.1002e-05,1,0,0
0.18,0.06,-0.051093,1,0,0
0.2,0.06,-0.036495,1,0,0
0.22,0.06,-0.072857,1,0,0
0.24,0.06,-0.040409,1,0,0
0.26,0.06,-0.03562,1,0,0
0.28,0.06,0.019964,1,0,0
0.3,0.06,-0.0017177,1,0,0
0.32,0.06,-0.040167,1,0,0
0.34,0.06,-0.068943,1,0,0
0.36,0.06,-0.048852,1,0,0
0.38,0.06,-0.014309,1,0,0
0.4,0.06,-0.0089194,1,0,0
0.42,0.06,-0.020272,1,0,0
0.44,0.06,-0.033237,1,0,0
0.46,0.06,-0.033829,1,0,0
0.48,0.06,-0.081904,1,0,0
0.5,0.06,-0.030413,1,0,0
0.52,0.06,0.0069765,1,0,0
0.54,0.06,-0.0011356,1,0,0
0.56,0.06,-0.021787,1,0,0
0.58,0.06,0.00035191,1,0,0
0.6,0.06,-0.0073352,1,0,0
0.62,0.06,-0.064174,1,0,0
0.64,0.06,-0.031132,1,0,0
0.66,0.06,-0.036836,1,0,0
0.68,0.06,-0.050858,1,0,0
0.7,0.06,-0.0080103,1,0,0
0.72,0.06,0.010138,1,0,0
0.74,0.06,-0.01521,1,0,0
0.76,0.06,-0.06946,1,0,0
0.78,0.06,-0.0010671,1,0,0
0.8,0.06,-0.10876,1,0,0
0.82,0.06,-0.08448,1,0,0
0.84,0.06,-0.042226,1,0,0
0.86,0.06,-0.035929,1,0,0
0.88,0.06,-0.076755,1,0,0
0.9,0.06,-0.041224,1,0,0
0.92,0.06,-0.052034,1,0,0
0.94,0.06,-0.023419,1,0,0
0.96,0.06,-0.041116,1,0,0
0.98,0.06,-0.049854,1,0,0
0.02,0.08,-0.033031,1,0,0
0.04,0.08,-0.0099801,1,0,0
0.06,0.08,-0.042066,1,0,0
0.08,0.08,0.024035,1,0,0
0.1,0.08,-0.035692,1,0,0
0.12,0.08,-0.009856,1,0,0
0.14,0.08,-0.0035265,1,0,0
0.16,0.08,-0.032369,1,0,0
0.18,0.08,-0.068547,1,0,0
0.2,0.08,-0.038709,1,0,0
0.22,0.08,0.0079231,1,0,0
0.24,0.08,-0.0010943,1,0,0
0.26,0.08,0.041243,1,0,0
0.28,0.08,0.069956,1,0,0
0.3,0.08,0.046515,1,0,0
0.32,0.08,0.0076402,1,0,0
0.34,0.08,-0.037853,1,0,0
0.36,0.08,-0.052261,1,0,0
0.38,0.08,-0.097737,1,0,0
0.4,0.08,-0.024583,1,0,0
0.42,0.08,-0.012878,1,0,0
0.44,0.08,0.0068516,1,0,0
0.46,0.08,0.014516,1,0,0
0.48,0.08,-0.046429,1,0,0
0.5,0.08,-0.042264,1,0,0
0.52,0.08,-0.039557,1,0,0
0.54,0.08,-0.049217,1,0,0
0.56,0.08,-0.060326,1,0,0
0.58,0.08,0.0034325,1,0,0
0.6,0.08,-0.013956,1,0,0
0.62,0.08,-0.067733,1,0,0
0.64,0.08,-0.049123,1,0,0
0.66,0.08,0.0079313,1,0,0
0.68,0.08,0.0017444,1,0,0
0.7,0.08,0.0095885,1,0,0
0.72,0.08,-0.0068156,1,0,0
0.74,0.08,-0.050278,1,0,0
0.76,0.08,-0.072117,1,0,0
0.78,0.08,-0.099374,1,0,0
0.8,0.08,-0.10253,1,0,0
0.82,0.08,-0.048252,1,0,0
0.84,0.08,-0.0054141,1,0,0
0.86,0.08,-0.024976,1,0,0
0.88,0.08,-0.046708,1,0,0
0.9,0.08,0.015229,1,0,0
0.92,0.08,-0.058539,1,0,0
0.94,0.08,0.010413,1,0,0
0.96,0.08,-0.076119,1,0,0
0.98,0.08,-0.020918,1,0,0
0.02,0.1,-0.035907,1,0,0
0.04,0.1,-0.048924,1,0,0
0.06,0.1,-0.063472,1,0,0
0.08,0.1,-0.0919,1,0,0
0.1,0.1,-0.044087,1,0,0
0.12,0.1,-0.022417,1,0,0
0.14,0.1,-0.044483,1,0,0
0.16,0.1,-0.051065,1,0,0
0.18,0.1,-0.10593,1,0,0
0.2,0.1,-0.10188,1,0,0
0.22,0.1,0.013457,1,0,0
0.24,0.1,-0.023392,1,0,0
0.26,0.1,-0.034027,1,0,0
0.28,0.1,0.041555,1,0,0
0.3,0.1,0.025562,1,0,0
0.32,0.1,0.005877,1,0,0
0.34,0.1,-0.011294,1,0,0
0.36,0.1,0.00062095,1,0,0
0.38,0.1,-0.054718,1,0,0
0.4,0.1,-0.064104,1,0,0
0.42,0.1,-0.043052,1,0,0
0.44,0.1,-0.0061413,1,0,0
0.46,0.1,-0.064466,1,0,0
0.48,0.1,-0.083511,1,0,0
0.5,0.1,-0.043513,1,0,0
0.52,0.1,-0.027392,1,0,0
0.54,0.1,-0.040438,1,0,0
0.56,0.1,-0.01238,1,0,0
0.58,0.1,-0.064569,1,0,0
0.6,0.1,-0.0082881,1,0,0
0.62,0.1,-0.049997,1,0,0
0.64,0.1,-0.062863,1,0,0
0.66,0.1,0.017602,1,0,0
0.68,0.1,-0.075975,1,0,0
0.7,0.1,-0.041834,1,0,0
0.72,0.1,-0.028172,1,0,0
0.74,0.1,-0.031252,1,0,0
0.76,0.1,-0.058651,1,0,0
0.78,0.1,-0.060492,1,0,0
0.8,0.1,-0.076117,1,0,0
0.82,0.1,-0.092144,1,0,0
0.84,0.1,-0.083097,1,0,0
0.86,0.1,-0.061423,1,0,0
0.88,0.1,-0.0671,1,0,0
0.9,0.1,-0.0539,1,0,0
0.92,0.1,-0.077796,1,0,0
0.94,0.1,0.038528,1,0,0
0.96,0.1,-0.067367,1,0,0
0.98,0.1,-0.093781,1,0,0
0.02,0.12,-0.050794,1,0,0
0.04,0.12,-0.021956,1,0,0
0.06,0.12,-0.06656,1,0,0
0.08,0.12,-0.028968,1,0,0
0.1,0.12,-0.019986,1,0,0
0.12,0.12,-0.025499,1,0,0
0.14,0.12,-0.068971,1,0,0
0.16,0.12,-0.049356,1,0,0
0.18,0.12,-0.012035,1,0,0
0.2,0.12,-0.054743,1,0,0
0.22,0.12,-0.050166,1,0,0
0.24,0.12,-0.044675,1,0,0
0.26,0.12,-0.01211,1,0,0
0.28,0.12,-0.04247,1,0,0
0.3,0.12,0.022621,1,0,0
0.32,0.12,-0.020218,1,0,0
0.34,0.12,-0.022853,1,0,0
0.36,0.12,0.061938,1,0,0
0.38,0.12,-0.048508,1,0,0
0.4,0.12,-0.04227,1,0,0
0.42,0.12,-0.070986,1,0,0
0.44,0.12,-0.047655,1,0,0
0.46,0.12,-0.047069,1,0,0
0.48,0.12,-0.051246,1,0,0
0.5,0.12,-0.099523,1,0,0
0.52,0.12,-0.079245,1,0,0
0.54,0.12,-0.013998,1,0,0
0.56,0.12,-0.049141,1,0,0
0.58,0.12,-0.040606,1,0,0
0.6,0.12,-0.077709,1,0,0
0.62,0.12,-0.061283,1,0,0
0.64,0.12,-0.073301,1,0,0
0.66,0.12,-0.036558,1,0,0
0.68,0.12,-0.015185,1,0,0
0.7,0.12,-0.038713,1,0,0
0.72,0.12,-0.062673,1,0,0
0.74,0.12,-0.084933,1,0,0
0.76,0.12,-0.045722,1,0,0
0.78,0.12,-0.07183,1,0,0
0.8,0.12,-0.080331,1,0,0
0.82,0.12,-0.14023,1,0,0
0.84,0.12,-0.099419,1,0,0
0.86,0.12,-0.06433,1,0,0
0.88,0.12,-0.06808,1,0,0
0.9,0.12,-0.053745,1,0,0
0.92,0.12,-0.019903,1,0,0
0.94,0.12,-0.028497,1,0,0
0.96,0.12,-0.045838,1,0,0
0.98,0.12,-0.027503,1,0,0
0.02,0.14,-0.029046,1,0,0
0.04,0.14,-0.045148,1,0,0
0.06,0.14,-0.066618,1,0,0
0.08,0.14,-0.057317,1,0,0
0.1,0.14,0.0030692,1,0,0
0.12,0.14,-0.013029,1,0,0
0.14,0.14,-0.035851,1,0,0
0.16,0.14,-0.087887,1,0,0
0.18,0.14,-0.048069,1,0,0
0.2,0.14,-0.11101,1,0,0
0.22,0.14,-0.024306,1,0,0
0.24,0.14,-0.014577,1,0,0
0.26,0.14,-0.016463,1,0,0
0.28,0.14,-0.03955,1,0,0
0.3,0.14,-0.024747,1,0,0
0.32,0.14,-0.020001,1,0,0
0.34,0.14,-0.0022269,1,0,0
0.36,0.14,0.021734,1,0,0
0.38,0.14,-0.070705,1,0,0
0.4,0.14,-0.049618,1,0,0
0.42,0.14,-0.037469,1,0,0
0.44,0.14,-0.039546,1,0,0
0.46,0.14,-0.093722,1,0,0
0.48,0.14,-0.051751,1,0,0
0.5,0.14,-0.021721,1,0,0
0.52,0.14,-0.086242,1,0,0
0.54,0.14,-0.11954,1,0,0
0.56,0.14,-0.055438,1,0,0
0.58,0.14,-0.13082,1,0,0
0.6,0.14,-0.14274,1,0,0
0.62,0.14,-0.063062,1,0,0
0.64,0.14,-0.053271,1,0,0
0.66,0.14,-0.066353,1,0,0
0.68,0.14,-0.010231,1,0,0
0.7,0.14,0.0027995,1,0,0
0.72,0.14,-0.047208,1,0,0
0.74,0.14,-0.060475,1,0,0
0.76,0.14,-0.056767,1,0,0
0.78,0.14,-0.091982,1,0,0
0.8,0.14,-0.18185,1,0,0
0.82,0.14,-0.090558,1,0,0
0.84,0.14,-0.056068,1,0,0
0.86,0.14,-0.067177,1,0,0
0.88,0.14,-0.08727,1,0,0
0.9,0.14,-0.051804,1,0,0
0.92,0.14,-0.073697,1,0,0
0.94,0.14,-0.10429,1,0,0
0.96,0.14,-0.0639,1,0,0
0.98,0.14,-0.045108,1,0,0
0.02,0.16,-0.057612,1,0,0
0.04,0.16,-0.067625,1,0,0
0.06,0.16,-0.061284,1,0,0
0.08,0.16,-0.035743,1,0,0
0.1,0.16,-0.070436,1,0,0
0.12,0.16,-0.017696,1,0,0
0.14,0.16,-0.02779,1,0,0
0.16,0.16,-0.030829,1,0,0
0.18,0.16,0.013125,1,0,0
0.2,0.16,-0.019509,1,0,0
0.22,0.16,-0.089717,1,0,0
0.24,0.16,-0.022424,1,0,0
0.26,0.16,-0.03934,1,0,0
0.28,0.16,-0.041438,1,0,0
0.3,0.16,-0.037099,1,0,0
0.32,0.16,0.023501,1,0,0
0.34,0.16,-0.058355,1,0,0
0.36,0.16,0.0069672,1,0,0
0.38,0.16,-0.055585,1,0,0
0.4,0.16,-0.077208,1,0,0
0.42,0.16,-0.012866,1,0,0
0.44,0.16,-0.081572,1,0,0
0.46,0.16,-0.078429,1,0,0
0.48,0.16,-0.084774,1,0,0
0.5,0.16,-0.066329,1,0,0
0.52,0.16,-0.031869,1,0,0
0.54,0.16,-0.080788,1,0,0
0.56,0.16,-0.074005,1,0,0
0.58,0.16,-0.053181,1,0,0
0.6,0.16,-0.10875,1,0,0
0.62,0.16,-0.073077,1,0,0
0.64,0.16,-0.058773,1,0,0
0.66,0.16,-0.041254,1,0,0
0.68,0.16,-0.037302,1,0,0
0.7,0.16,-0.02631,1,0,0
0.72,0.16,-0.070309,1,0,0
0.74,0.16,-0.047657,1,0,0
0.76,0.16,-0.092742,1,0,0
0.78,0.16,-0.12691,1,0,0
0.8,0.16,-0.062861,1,0,0
0.82,0.16,-0.048541,1,0,0
0.84,0.16,-0.040539,1,0,0
0.86,0.16,-0.036621,1,0,0
0.88,0.16,-0.048578,1,0,0
0.9,0.16,-0.06346,1,0,0
0.92,0.16,-0.068724,1,0,0
0.94,0.16,-0.064606,1,0,0
0.96,0.16,-0.056381,1,0,0
0.98,0.16,-0.066615,1,0,0
0.02,0.18,-0.052086,1,0,0
0.04,0.18,-0.0056911,1,0,0
0.06,0.18,-0.013549,1,0,0
0.08,0.18,-0.0059605,1,0,0
0.1,0.18,-0.052713,1,0,0
0.12,0.18,0.01693,1,0,0
0.14,0.18,-0.043653,1,0,0
0.16,0.18,-0.057041,1,0,0
0.18,0.18,-0.00067334,1,0,0
0.2,0.18,-0.034925,1,0,0
0.22,0.18,-0.082001,1,0,0
0.24,0.18,-0.038782,1,0,0
0.26,0.18,-0.060236,1,0,0
0.28,0.18,-0.0043677,1,0,0
0.3,0.18,-0.06753,1,0,0
0.32,0.18,-0.024126,1,0,0
0.34,0.18,-0.012666,1,0,0
0.36,0.18,0.019338,1,0,0
0.38,0.18,-0.037802,1,0,0
0.4,0.18,-0.095753,1,0,0
0.42,0.18,-0.08118,1,0,0
0.44,0.18,-0.055374,1,0,0
0.46,0.18,-0.10504,1,0,0
0.48,0.18,-0.10712,1,0,0
0.5,0.18,-0.05096,1,0,0
0.52,0.18,-0.072278,1,0,0
0.54,0.18,-0.075065,1,0,0
0.56,0.18,-0.13649,1,0,0
0.58,0.18,-0.090228,1,0,0
0.6,0.18,-0.10034,1,0,0
0.62,0.18,-0.016822,1,0,0
0.64,0.18,-0.064474,1,0,0
0.66,0.18,-0.018457,1,0,0
0.68,0.18,-0.086444,1,0,0
0.7,0.18,-0.063781,1,0,0
0.72,0.18,-0.05181,1,0,0
0.74,0.18,-0.03836,1,0,0
0.76,0.18,-0.048873,1,0,0
0.78,0.18,-0.12114,1,0,0
0.8,0.18,-0.044746,1,0,0
0.82,0.18,-0.11434,1,0,0
0.84,0.18,-0.063001,1,0,0
0.86,0.18,-0.057142,1,0,0
0.88,0.18,-0.068912,1,0,0
0.9,0.18,-0.084049,1,0,0
0.92,0.18,-0.075575,1,0,0
0.94,0.18,-0.046001,1,0,0
0.96,0.18,-0.090522,1,0,0
0.98,0.18,-0.032635,1,0,0
0.02,0.2,-0.09057,1,0,0
0.04,0.2,-0.039346,1,0,0
0.06,0.2,-0.062015,1,0,0
0.08,0.2,0.045784,1,0,0
0.1,0.2,-0.046507,1,0,0
0.12,0.2,-0.038004,1,0,0
0.14,0.2,-0.019411,1,0,0
0.16,0.2,-0.0097643,1,0,0
0.18,0.2,-0.0161,1,0,0
0.2,0.2,-0.019398,1,0,0
0.22,0.2,-0.10144,1,0,0
0.24,0.2,-0.066531,1,0,0
0.26,0.2,-0.049621,1,0,0
0.28,0.2,-0.032876,1,0,0
0.3,0.2,0.001285,1,0,0
0.32,0.2,-0.026493,1,0,0
0.34,0.2,-0.08478,1,0,0
0.36,0.2,-0.0074284,1,0,0
0.38,0.2,-0.10516,1,0,0
0.4,0.2,-0.079892,1,0,0
0.42,0.2,-0.07365,1,0,0
0.44,0.2,-0.078519,1,0,0
0.46,0.2,-0.088045,1,0,0
0.48,0.2,-0.048446,1,0,0
0.5,0.2,-0.056638,1,0,0
0.52,0.2,-0.06502,1,0,0
0.54,0.2,-0.086066,1,0,0
0.56,0.2,-0.14032,1,0,0
0.58,0.2,-0.032774,1,0,0
0.6,0.2,-0.11031,1,0,0
0.62,0.2,-0.029914,1,0,0
0.64,0.2,-0.038834,1,0,0
0.66,0.2,-0.077268,1,0,0
0.68,0.2,-0.048343,1,0,0
0.7,0.2,-0.013108,1,0,0
0.72,0.2,-0.067102,1,0,0
0.74,0.2,-0.047696,1,0,0
0.76,0.2,-0.084635,1,0,0
0.78,0.2,-0.10031,1,0,0
0.8,0.2,-0.030539,1,0,0
0.82,0.2,-0.069994,1,0,0
0.84,0.2,-0.094524,1,0,0
0.86,0.2,-0.049793,1,0,0
0.88,0.2,-0.046413,1,0,0
0.9,0.2,-0.050449,1,0,0
0.92,0.2,-0.090494,1,0,0
0.94,0.2,-0.06874,1,0,0
0.96,0.2,-0.083086,1,0,0
0.98,0.2,-0.11658,1,0,0
0.02,0.22,-0.047254,1,0,0
0.04,0.22,-0.059895,1,0,0
0.06,0.22,-0.078987,1,0,0
0.08,0.22,-0.044636,1,0,0
0.1,0.22,-0.056803,1,0,0
0.12,0.22,-0.037552,1,0,0
0.14,0.22,-0.031419,1,0,0
0.16,0.22,-0.037825,1,0,0
0.18,0.22,-0.014217,1,0,0
0.2,0.22,-0.072659,1,0,0
0.22,0.22,-0.097619,1,0,0
0.24,0.22,-0.054675,1,0,0
0.26,0.22,-0.018313,1,0,0
0.28,0.22,-0.029832,1,0,0
0.3,0.22,-0.090477,1,0,0
0.32,0.22,-0.019708,1,0,0
0.34,0.22,-0.064819,1,0,0
0.36,0.22,-0.080545,1,0,0
0.38,0.22,-0.10446,1,0,0
0.4,0.22,-0.076116,1,0,0
0.42,0.22,-0.13551,1,0,0
0.44,0.22,-0.076969,1,0,0
0.46,0.22,-0.089046,1,0,0
0.48,0.22,-0.162,1,0,0
0.5,0.22,-0.12722,1,0,0
0.52,0.22,-0.11463,1,0,0
0.54,0.22,-0.14677,1,0,0
0.56,0.22,-0.17447,1,0,0
0.58,0.22,-0.085456,1,0,0
0.6,0.22,-0.069717,1,0,0
0.62,0.22,-0.037659,1,0,0
0.64,0.22,-0.061057,1,0,0
0.66,0.22,-0.0078964,1,0,0
0.68,0.22,-0.07135,1,0,0
0.7,0.22,-0.048082,1,0,0
0.72,0.22,-0.072273,1,0,0
0.74,0.22,-0.045529,1,0,0
0.76,0.22,-0.09703,1,0,0
0.78,0.22,-0.14142,1,0,0
0.8,0.22,-0.10941,1,0,0
0.82,0.22,-0.087159,1,0,0
0.84,0.22,-0.093145,1,0,0
0.86,0.22,-0.077402,1,0,0
0.88,0.22,-0.072325,1,0,0
0.9,0.22,-0.047661,1,0,0
0.92,0.22,-0.10053,1,0,0
0.94,0.22,-0.07887,1,0,0
0.96,0.22,-0.10383,1,0,0
0.98,0.22,-0.12398,1,0,0
0.02,0.24,-0.053897,1,0,0
0.04,0.24,-0.054031,1,0,0
0.06,0.24,-0.023816,1,0,0
0.08,0.24,-0.0011387,1,0,0
0.1,0.24,0.032053,1,0,0
0.12,0.24,0.018264,1,0,0
0.14,0.24,0.029119,1,0,0
0.16,0.24,0.01252,1,0,0
0.18,0.24,0.021959,1,0,0
0.2,0.24,-0.00138,1,0,0
0.22,0.24,-0.031734,1,0,0
0.24,0.24,-0.034091,1,0,0
0.26,0.24,-0.024114,1,0,0
0.28,0.24,-0.033055,1,0,0
0.3,0.24,-0.03143,1,0,0
0.32,0.24,-0.040869,1,0,0
0.34,0.24,-0.067641,1,0,0
0.36,0.24,-0.078202,1,0,0
0.38,0.24,-0.090995,1,0,0
0.4,0.24,-0.107,1,0,0
0.42,0.24,-0.033395,1,0,0
0.44,0.24,-0.015632,1,0,0
0.46,0.24,-0.06741,1,0,0
0.48,0.24,-0.08467,1,0,0
0.5,0.24,-0.07399,1,0,0
0.52,0.24,-0.053151,1,0,0
0.54,0.24,-0.088341,1,0,0
0.56,0.24,-0.095896,1,0,0
0.58,0.24,-0.036872,1,0,0
0.6,0.24,-0.092257,1,0,0
0.62,0.24,-0.074197,1,0,0
0.64,0.24,-0.032783,1,0,0
0.66,0.24,-0.066729,1,0,0
0.68,0.24,-0.033078,1,0,0
0.7,0.24,0.035101,1,0,0
0.72,0.24,-0.010117,1,0,0
0.74,0.24,-0.05995,1,0,0
0.76,0.24,-0.037035,1,0,0
0.78,0.24,-0.040119,1,0,0
0.8,0.24,-0.06199,1,0,0
0.82,0.24,-0.040186,1,0,0
0.84,0.24,-0.04495,1,0,0
0.86,0.24,-0.067561,1,0,0
0.88,0.24,-0.071147,1,0,0
0.9,0.24,-0.03149,1,0,0
0.92,0.24,-0.092351,1,0,0
0.94,0.24,-0.077063,1,0,0
0.96,0.24,-0.081288,1,0,0
0.98,0.24,-0.11088,1,0,0
0.02,0.26,-0.034476,1,0,0
0.04,0.26,-0.065204,1,0,0
0.06,0.26,-0.0030151,1,0,0
0.08,0.26,-0.02361,1,0,0
0.1,0.26,0.0091196,1,0,0
0.12,0.26,-0.0026408,1,0,0
0.14,0.26,0.0098446,1,0,0
0.16,0.26,-0.038451,1,0,0
0.18,0.26,-0.04087,1,0,0
0.2,0.26,-0.05402,1,0,0
0.22,0.26,-0.044845,1,0,0
0.24,0.26,-0.056234,1,0,0
0.26,0.26,-0.028593,1,0,0
0.28,0.26,-0.011058,1,0,0
0.3,0.26,-0.040912,1,0,0
0.32,0.26,-0.075739,1,0,0
0.34,0.26,-0.00090676,1,0,0
0.36,0.26,-0.061302,1,0,0
0.38,0.26,-0.039698,1,0,0
0.4,0.26,-0.10313,1,0,0
0.42,0.26,-0.11818,1,0,0
0.44,0.26,-0.055999,1,0,0
0.46,0.26,-0.11109,1,0,0
0.48,0.26,-0.12744,1,0,0
0.5,0.26,-0.13,1,0,0
0.52,0.26,-0.069123,1,0,0
0.54,0.26,-0.055093,1,0,0
0.56,0.26,-0.08217,1,0,0
0.58,0.26,-0.057541,1,0,0
0.6,0.26,-0.064359,1,0,0
0.62,0.26,-0.074103,1,0,0
0.64,0.26,-0.043296,1,0,0
0.66,0.26,-0.046582,1,0,0
0.68,0.26,-0.016824,1,0,0
0.7,0.26,-0.023543,1,0,0
0.72,0.26,-0.022828,1,0,0
0.74,0.26,-0.037914,1,0,0
0.76,0.26,-0.05061,1,0,0
0.78,0.26,-0.023622,1,0,0
0.8,0.26,-0.1085,1,0,0
0.82,0.26,-0.072427,1,0,0
0.84,0.26,-0.1185,1,0,0
0.86,0.26,-0.104,1,0,0
0.88,0.26,-0.057414,1,0,0
0.9,0.26,-0.061701,1,0,0
0.92,0.26,-0.091336,1,0,0
0.94,0.26,-0.11087,1,0,0
0.96,0.26,-0.047294,1,0,0
0.98,0.26,-0.070317,1,0,0
0.02,0.28,-0.018277,1,0,0
0.04,0.28,-0.046883,1,0,0
0.06,0.28,-0.016502,1,0,0
0.08,0.28,0.039389,1,0,0
0.1,0.28,0.017905,1,0,0
0.12,0.28,0.0067885,1,0,0
0.14,0.28,0.026963,1,0,0
0.16,0.28,-0.026584,1,0,0
0.18,0.28,-0.027424,1,0,0
0.2,0.28,-0.023288,1,0,0
0.22,0.28,0.018303,1,0,0
0.24,0.28,-0.048353,1,0,0
0.26,0.28,-0.0011395,1,0,0
0.28,0.28,-0.011186,1,0,0
0.3,0.28,-0.011203,1,0,0
0.32,0.28,-0.036674,1,0,0
0.34,0.28,-0.015273,1,0,0
0.36,0.28,-0.039645,1,0,0
0.38,0.28,-0.084589,1,0,0
0.4,0.28,-0.077155,1,0,0
0.42,0.28,-0.10362,1,0,0
0.44,0.28,-0.077336,1,0,0
0.46,0.28,-0.065888,1,0,0
0.48,0.28,-0.055581,1,0,0
0.5,0.28,-0.052935,1,0,0
0.52,0.28,-0.067757,1,0,0
0.54,0.28,-0.040771,1,0,0
0.56,0.28,-0.079367,1,0,0
0.58,0.28,-0.028004,1,0,0
0.6,0.28,-0.072962,1,0,0
0.62,0.28,-0.04968,1,0,0
0.64,0.28,-0.076484,1,0,0
0.66,0.28,-0.071502,1,0,0
0.68,0.28,-0.03741,1,0,0
0.7,0.28,-0.022655,1,0,0
0.72,0.28,-0.01766,1,0,0
0.74,0.28,-0.085921,1,0,0
0.76,0.28,-0.079914,1,0,0
0.78,0.28,-0.051873,1,0,0
0.8,0.28,-0.063128,1,0,0
0.82,0.28,-0.040518,1,0,0
0.84,0.28,-0.035267,1,0,0
0.86,0.28,-0.022672,1,0,0
0.88,0.28,0.018756,1,0,0
0.9,0.28,-0.0062233,1,0,0
0.92,0.28,-0.021558,1,0,0
0.94,0.28,-0.020138,1,0,0
0.96,0.28,-0.096079,1,0,0
0.98,0.28,-0.096723,1,0,0
0.02,0.3,0.0098262,1,0,0
0.04,0.3,0.026132,1,0,0
0.06,0.3,-0.0079886,1,0,0
0.08,0.3,-0.0087868,1,0,0
0.1,0.3,-0.045188,1,0,0
0.12,0.3,-0.053671,1,0,0
0.14,0.3,-0.043131,1,0,0
0.16,0.3,-0.017075,1,0,0
0.18,0.3,-0.028381,1,0,0
0.2,0.3,-0.044499,1,0,0
0.22,0.3,-0.016907,1,0,0
0.24,0.3,-0.012368,1,0,0
0.26,0.3,-0.0052637,1,0,0
0.28,0.3,-0.020203,1,0,0
0.3,0.3,-0.031788,1,0,0
0.32,0.3,-0.055656,1,0,0
0.34,0.3,-0.031324,1,0,0
0.36,0.3,-0.064075,1,0,0
0.38,0.3,-0.084128,1,0,0
0.4,0.3,-0.080804,1,0,0
0.42,0.3,-0.056195,1,0,0
0.44,0.3,-0.047205,1,0,0
0.46,0.3,-0.042301,1,0,0
0.48,0.3,-0.056652,1,0,0
0.5,0.3,-0.034079,1,0,0
0.52,0.3,-0.056522,1,0,0
0.54,0.3,-0.045025,1,0,0
0.56,0.3,-0.055539,1,0,0
0.58,0.3,-0.081555,1,0,0
0.6,0.3,-0.071211,1,0,0
0.62,0.3,-0.057512,1,0,0
0.64,0.3,-0.096021,1,0,0
0.66,0.3,-0.070874,1,0,0
0.68,0.3,-0.068733,1,0,0
0.7,0.3,-0.071405,1,0,0
0.72,0.3,-0.067808,1,0,0
0.74,0.3,-0.084372,1,0,0
0.76,0.3,-0.018566,1,0,0
0.78,0.3,-0.028751,1,0,0
0.8,0.3,-0.099067,1,0,0
0.82,0.3,-0.098556,1,0,0
0.84,0.3,-0.033209,1,0,0
0.86,0.3,-0.045511,1,0,0
0.88,0.3,-0.06229,1,0,0
0.9,0.3,-0.0012508,1,0,0
0.92,0.3,-0.017276,1,0,0
0.94,0.3,0.028365,1,0,0
0.96,0.3,-0.10461,1,0,0
0.98,0.3,-0.051431,1,0,0
0.02,0.32,-0.010699,1,0,0
0.04,0.32,-0.060282,1,0,0
0.06,0.32,0.043006,1,0,0
0.08,0.32,-0.0039549,1,0,0
0.1,0.32,0.025811,1,0,0
0.12,0.32,-0.017657,1,0,0
0.14,0.32,0.00083438,1,0,0
0.16,0.32,-0.034715,1,0,0
0.18,0.32,-0.0022852,1,0,0
0.2,0.32,-0.00099758,1,0,0
0.22,0.32,-0.036665,1,0,0
0.24,0.32,-0.027293,1,0,0
0.26,0.32,-0.055905,1,0,0
0.28,0.32,-0.017295,1,0,0
0.3,0.32,-0.0028717,1,0,0
0.32,0.32,-0.05524,1,0,0
0.34,0.32,-0.020126,1,0,0
0.36,0.32,-0.049224,1,0,0
0.38,0.32,-0.049473,1,0,0
0.4,0.32,-0.052602,1,0,0
0.42,0.32,-0.058679,1,0,0
0.44,0.32,-0.0028044,1,0,0
0.46,0.32,-0.048748,1,0,0
0.48,0.32,-0.022447,1,0,0
0.5,0.32,-0.022047,1,0,0
0.52,0.32,-0.022624,1,0,0
0.54,0.32,-0.036954,1,0,0
0.56,0.32,-0.080218,1,0,0
0.58,0.32,-0.091145,1,0,0
0.6,0.32,-0.046059,1,0,0
0.62,0.32,-0.062926,1,0,0
0.64,0.32,-0.081309,1,0,0
0.66,0.32,-0.059636,1,0,0
0.68,0.32,-0.10875,1,0,0
0.7,0.32,-0.065273,1,0,0
0.72,0.32,-0.050358,1,0,0
0.74,0.32,-0.00052206,1,0,0
0.76,0.32,-0.054994,1,0,0
0.78,0.32,0.0019663,1,0,0
0.8,0.32,-0.11273,1,0,0
0.82,0.32,-0.059668,1,0,0
0.84,0.32,-0.091662,1,0,0
0.86,0.32,-0.033714,1,0,0
0.88,0.32,-0.067785,1,0,0
0.9,0.32,0.0052062,1,0,0
0.92,0.32,0.015305,1,0,0
0.94,0.32,0.015544,1,0,0
0.96,0.32,-0.058208,1,0,0
0.98,0.32,-0.025202,1,0,0
0.02,0.34,-0.082807,1,0,0
0.04,0.34,-0.046159,1,0,0
0.06,0.34,-0.057249,1,0,0
0.08,0.34,-0.040611,1,0,0
0.1,0.34,-0.027682,1,0,0
0.12,0.34,-0.010414,1,0,0
0.14,0.34,-0.024121,1,0,0
0.16,0.34,-0.052134,1,0,0
0.18,0.34,-0.032709,1,0,0
0.2,0.34,-0.04483,1,0,0
0.22,0.34,-0.039868,1,0,0
0.24,0.34,-0.01427,1,0,0
0.26,0.34,-0.041836,1,0,0
0.28,0.34,-0.033468,1,0,0
0.3,0.34,-0.019464,1,0,0
0.32,0.34,-0.090363,1,0,0
0.34,0.34,-0.076161,1,0,0
0.36,0.34,-0.024176,1,0,0
0.38,0.34,-0.065416,1,0,0
0.4,0.34,-0.055888,1,0,0
0.42,0.34,-0.063639,1,0,0
0.44,0.34,-0.057961,1,0,0
0.46,0.34,-0.087891,1,0,0
0.48,0.34,-0.032035,1,0,0
0.5,0.34,-0.033641,1,0,0
0.52,0.34,-0.07657,1,0,0
0.54,0.34,-0.067777,1,0,0
0.56,0.34,-0.10389,1,0,0
0.58,0.34,-0.065054,1,0,0
0.6,0.34,-0.097661,1,0,0
0.62,0.34,-0.040773,1,0,0
0.64,0.34,-0.078882,1,0,0
0.66,0.34,-0.097178,1,0,0
0.68,0.34,-0.11143,1,0,0
0.7,0.34,-0.078671,1,0,0
0.72,0.34,-0.1064,1,0,0
0.74,0.34,-0.044934,1,0,0
0.76,0.34,-0.068585,1,0,0
0.78,0.34,-0.042013,1,0,0
0.8,0.34,-0.084046,1,0,0
0.82,0.34,-0.068702,1,0,0
0.84,0.34,-0.051218,1,0,0
0.86,0.34,-0.085737,1,0,0
0.88,0.34,-0.064419,1,0,0
0.9,0.34,-0.055621,1,0,0
0.92,0.34,-0.071118,1,0,0
0.94,0.34,-0.064326,1,0,0
0.96,0.34,-0.050642,1,0,0
0.98,0.34,-0.030779,1,0,0
0.02,0.36,-0.016182,1,0,0
0.04,0.36,-0.032435,1,0,0
0.06,0.36,-0.044061,1,0,0
0.08,0.36,-0.017945,1,0,0
0.1,0.36,-0.023537,1,0,0
0.12,0.36,0.020045,1,0,0
0.14,0.36,-0.057693,1,0,0
0.16,0.36,-0.049916,1,0,0
0.18,0.36,0.010164,1,0,0
0.2,0.36,-0.055047,1,0,0
0.22,0.36,-0.037399,1,0,0
0.24,0.36,-0.017729,1,0,0
0.26,0.36,0.0098365,1,0,0
0.28,0.36,0.0090345,1,0,0
0.3,0.36,-0.0015371,1,0,0
0.32,0.36,-0.056486,1,0,0
0.34,0.36,-0.012889,1,0,0
0.36,0.36,-0.033066,1,0,0
0.38,0.36,-0.035365,1,0,0
0.4,0.36,-0.04882,1,0,0
0.42,0.36,-0.056639,1,0,0
0.44,0.36,-0.080968,1,0,0
0.46,0.36,-0.074956,1,0,0
0.48,0.36,-0.073058,1,0,0
0.5,0.36,-0.035521,1,0,0
0.52,0.36,-0.054611,1,0,0
0.54,0.36,-0.042898,1,0,0
0.56,0.36,-0.070248,1,0,0
0.58,0.36,-0.073708,1,0,0
0.6,0.36,-0.026601,1,0,0
0.62,0.36,-0.068108,1,0,0
0.64,0.36,-0.083219,1,0,0
0.66,0.36,-0.033686,1,0,0
0.68,0.36,-0.054412,1,0,0
0.7,0.36,-0.087918,1,0,0
0.72,0.36,-0.066042,1,0,0
0.74,0.36,-0.014419,1,0,0
0.76,0.36,-0.068267,1,0,0
0.78,0.36,-0.045041,1,0,0
0.8,0.36,-0.085932,1,0,0
0.82,0.36,-0.057345,1,0,0
0.84,0.36,-0.060058,1,0,0
0.86,0.36,-0.036717,1,0,0
0.88,0.36,-0.078232,1,0,0
0.9,0.36,-0.079883,1,0,0
0.92,0.36,-0.041641,1,0,0
0.94,0.36,-0.0372,1,0,0
0.96,0.36,-0.041447,1,0,0
0.98,0.36,-0.018592,1,0,0
0.02,0.38,-0.021052,1,0,0
0.04,0.38,-0.092761,1,0,0
0.06,0.38,-0.082713,1,0,0
0.08,0.38,-0.064019,1,0,0
0.1,0.38,-0.054465,1,0,0
0.12,0.38,-0.029502,1,0,0
0.14,0.38,-0.016872,1,0,0
0.16,0.38,-0.042848,1,0,0
0.18,0.38,-0.027717,1,0,0
0.2,0.38,-0.057897,1,0,0
0.22,0.38,-0.070372,1,0,0
0.24,0.38,-0.052602,1,0,0
0.26,0.38,-0.071946,1,0,0
0.28,0.38,-0.076881,1,0,0
0.3,0.38,-0.045505,1,0,0
0.32,0.38,-0.08567,1,0,0
0.34,0.38,-0.055352,1,0,0
0.36,0.38,-0.022919,1,0,0
0.38,0.38,-0.094074,1,0,0
0.4,0.38,-0.071638,1,0,0
0.42,0.38,-0.009553,1,0,0
0.44,0.38,-0.078951,1,0,0
0.46,0.38,-0.10509,1,0,0
0.48,0.38,-0.087798,1,0,0
0.5,0.38,-0.095507,1,0,0
0.52,0.38,-0.09226,1,0,0
0.54,0.38,-0.052841,1,0,0
0.56,0.38,-0.10971,1,0,0
0.58,0.38,-0.042446,1,0,0
0.6,0.38,-0.10812,1,0,0
0.62,0.38,-0.068244,1,0,0
0.64,0.38,-0.070287,1,0,0
0.66,0.38,-0.0293,1,0,0
0.68,0.38,-0.073385,1,0,0
0.7,0.38,-0.10085,1,0,0
0.72,0.38,-0.099627,1,0,0
0.74,0.38,-0.053336,1,0,0
0.76,0.38,-0.10043,1,0,0
0.78,0.38,-0.10518,1,0,0
0.8,0.38,-0.046583,1,0,0
0.82,0.38,-0.1,1,0,0
0.84,0.38,-0.045174,1,0,0
0.86,0.38,-0.062788,1,0,0
0.88,0.38,-0.078122,1,0,0
0.9,0.38,-0.14705,1,0,0
0.92,0.38,-0.078335,1,0,0
0.94,0.38,-0.087088,1,0,0
0.96,0.38,-0.061915,1,0,0
0.98,0.38,-0.080829,1,0,0
0.02,0.4,-6.2312e-05,1,0,0
0.04,0.4,-0.043652,1,0,0
0.06,0.4,-0.050749,1,0,0
0.08,0.4,-0.06685,1,0,0
0.1,0.4,-0.067759,1,0,0
0.12,0.4,0.0033574,1,0,0
0.14,0.4,-0.04664,1,0,0
0.16,0.4,-0.083475,1,0,0
0.18,0.4,-0.057317,1,0,0
0.2,0.4,-0.07121,1,0,0
0.22,0.4,-0.060983,1,0,0
0.24,0.4,-0.04857,1,0,0
0.26,0.4,-0.055952,1,0,0
0.28,0.4,-0.018984,1,0,0
0.3,0.4,-0.038967,1,0,0
0.32,0.4,-0.033336,1,0,0
0.34,0.4,0.00085725,1,0,0
0.36,0.4,-0.053737,1,0,0
0.38,0.4,-0.090777,1,0,0
0.4,0.4,-0.074338,1,0,0
0.42,0.4,-0.06335,1,0,0
0.44,0.4,-0.050556,1,0,0
0.46,0.4,-0.053814,1,0,0
0.48,0.4,-0.061463,1,0,0
0.5,0.4,-0.026133,1,0,0
0.52,0.4,-0.075166,1,0,0
0.54,0.4,-0.019411,1,0,0
0.56,0.4,-0.098268,1,0,0
0.58,0.4,-0.046965,1,0,0
0.6,0.4,-0.071793,1,0,0
0.62,0.4,-0.041055,1,0,0
0.64,0.4,-0.035215,1,0,0
0.66,0.4,0.0092931,1,0,0
0.68,0.4,-0.015302,1,0,0
0.7,0.4,-0.053101,1,0,0
0.72,0.4,-0.07408,1,0,0
0.74,0.4,-0.086819,1,0,0
0.76,0.4,-0.063081,1,0,0
0.78,0.4,-0.12161,1,0,0
0.8,0.4,-0.073743,1,0,0
0.82,0.4,-0.084817,1,0,0
0.84,0.4,-0.053938,1,0,0
0.86,0.4,-0.069324,1,0,0
0.88,0.4,-0.042902,1,0,0
0.9,0.4,-0.054769,1,0,0
0.92,0.4,-0.056708,1,0,0
0.94,0.4,-0.096413,1,0,0
0.96,0.4,-0.035391,1,0,0
0.98,0.4,-0.037369,1,0,0
0.02,0.42,0.033034,1,0,0
0.04,0.42,0.012935,1,0,0
0.06,0.42,-0.06311,1,0,0
0.08,0.42,-0.015832,1,0,0
0.1,0.42,-0.068007,1,0,0
0.12,0.42,-0.0085176,1,0,0
0.14,0.42,-0.015249,1,0,0
0.16,0.42,-0.061842,1,0,0
0.18,0.42,-0.019145,1,0,0
0.2,0.42,-0.029248,1,0,0
0.22,0.42,-0.024154,1,0,0
0.24,0.42,-0.070049,1,0,0
0.26,0.42,-0.049483,1,0,0
0.28,0.42,-0.061673,1,0,0
0.3,0.42,-0.058973,1,0,0
0.32,0.42,-0.048074,1,0,0
0.34,0.42,-0.057383,1,0,0
0.36,0.42,0.0040091,1,0,0
0.38,0.42,-0.062045,1,0,0
0.4,0.42,-0.077655,1,0,0
0.42,0.42,-0.05238,1,0,0
0.44,0.42,-0.057899,1,0,0
0.46,0.42,-0.025073,1,0,0
0.48,0.42,-0.048955,1,0,0
0.5,0.42,-0.066261,1,0,0
0.52,0.42,-0.029679,1,0,0
0.54,0.42,-0.061676,1,0,0
0.56,0.42,-0.077242,1,0,0
0.58,0.42,-0.0093115,1,0,0
0.6,0.42,-0.057573,1,0,0
0.62,0.42,-0.056768,1,0,0
0.64,0.42,-0.015698,1,0,0
0.66,0.42,-0.039321,1,0,0
0.68,0.42,-0.076397,1,0,0
0.7,0.42,-0.027445,1,0,0
0.72,0.42,-0.068675,1,0,0
0.74,0.42,-0.046123,1,0,0
0.76,0.42,-0.075136,1,0,0
0.78,0.42,-0.044362,1,0,0
0.8,0.42,-0.013017,1,0,0
0.82,0.42,-0.061471,1,0,0
0.84,0.42,-0.069712,1,0,0
0.86,0.42,-0.054437,1,0,0
0.88,0.42,-0.067316,1,0,0
0.9,0.42,-0.046759,1,0,0
0.92,0.42,-0.071254,1,0,0
0.94,0.42,0.0043717,1,0,0
0.96,0.42,-0.015383,1,0,0
0.98,0.42,-0.017241,1,0,0
0.02,0.44,-0.00078344,1,0,0
0.04,0.44,0.034184,1,0,0
0.06,0.44,-0.066506,1,0,0
0.08,0.44,-0.033303,1,0,0
0.1,0.44,-0.018032,1,0,0
0.12,0.44,0.0022856,1,0,0
0.14,0.44,-0.0040603,1,0,0
0.16,0.44,0.021372,1,0,0
0.18,0.44,0.021024,1,0,0
0.2,0.44,-0.08296,1,0,0
0.22,0.44,-0.0458,1,0,0
0.24,0.44,-0.052044,1,0,0
0.26,0.44,-0.065428,1,0,0
0.28,0.44,-0.012391,1,0,0
0.3,0.44,-0.0799,1,0,0
0.32,0.44,-0.044873,1,0,0
0.34,0.44,-0.052954,1,0,0
0.36,0.44,-0.024452,1,0,0
0.38,0.44,-0.10293,1,0,0
0.4,0.44,-0.053962,1,0,0
0.42,0.44,-0.045558,1,0,0
0.44,0.44,0.030634,1,0,0
0.46,0.44,-0.036231,1,0,0
0.48,0.44,-0.011591,1,0,0
0.5,0.44,-0.010672,1,0,0
0.52,0.44,-0.016606,1,0,0
0.54,0.44,-0.0042474,1,0,0
0.56,0.44,0.0095798,1,0,0
0.58,0.44,-0.022523,1,0,0
0.6,0.44,-0.058317,1,0,0
0.62,0.44,-0.028074,1,0,0
0.64,0.44,-0.081197,1,0,0
0.66,0.44,-0.010444,1,0,0
0.68,0.44,-0.013329,1,0,0
0.7,0.44,0.045422,1,0,0
0.72,0.44,-0.06112,1,0,0
0.74,0.44,-0.0049342,1,0,0
0.76,0.44,0.0009332,1,0,0
0.78,0.44,-0.0063805,1,0,0
0.8,0.44,-0.06676,1,0,0
0.82,0.44,-0.021711,1,0,0
0.84,0.44,0.0085085,1,0,0
0.86,0.44,-0.072306,1,0,0
0.88,0.44,-0.051639,1,0,0
0.9,0.44,-0.0095931,1,0,0
0.92,0.44,-0.052268,1,0,0
0.94,0.44,0.003342,1,0,0
0.96,0.44,-0.00075526,1,0,0
0.98,0.44,-0.024237,1,0,0
0.02,0.46,-0.029011,1,0,0
0.04,0.46,-0.03598,1,0,0
0.06,0.46,-0.063038,1,0,0
0.08,0.46,-0.033679,1,0,0
0.1,0.46,-0.05332,1,0,0
0.12,0.46,-0.070447,1,0,0
0.14,0.46,-0.058239,1,0,0
0.16,0.46,-0.065067,1,0,0
0.18,0.46,-0.078644,1,0,0
0.2,0.46,-0.045476,1,0,0
0.22,0.46,-0.10429,1,0,0
0.24,0.46,-0.05505,1,0,0
0.26,0.46,-0.07907,1,0,0
0.28,0.46,-0.051162,1,0,0
0.3,0.46,-0.066205,1,0,0
0.32,0.46,-0.046358,1,0,0
0.34,0.46,-0.070008,1,0,0
0.36,0.46,-0.11107,1,0,0
0.38,0.46,-0.13111,1,0,0
0.4,0.46,-0.086221,1,0,0
0.42,0.46,-0.028847,1,0,0
0.44,0.46,-0.091902,1,0,0
0.46,0.46,-0.098464,1,0,0
0.48,0.46,-0.067095,1,0,0
0.5,0.46,-0.092399,1,0,0
0.52,0.46,-0.035263,1,0,0
0.54,0.46,-0.027888,1,0,0
0.56,0.46,-0.035508,1,0,0
0.58,0.46,-0.042619,1,0,0
0.6,0.46,-0.040432,1,0,0
0.62,0.46,-0.014826,1,0,0
0.64,0.46,-0.027429,1,0,0
0.66,0.46,-0.083876,1,0,0
0.68,0.46,-0.052395,1,0,0
0.7,0.46,0.015676,1,0,0
0.72,0.46,-0.055641,1,0,0
0.74,0.46,-0.042971,1,0,0
0.76,0.46,-0.081494,1,0,0
0.78,0.46,-0.11301,1,0,0
0.8,0.46,-0.11338,1,0,0
0.82,0.46,-0.048483,1,0,0
0.84,0.46,-0.03446,1,0,0
0.86,0.46,-0.05174,1,0,0
0.88,0.46,-0.060967,1,0,0
0.9,0.46,-0.0039403,1,0,0
0.92,0.46,-0.077559,1,0,0
0.94,0.46,-0.032152,1,0,0
0.96,0.46,-0.10523,1,0,0
0.98,0.46,-0.0365,1,0,0
0.02,0.48,-0.052338,1,0,0
0.04,0.48,-0.041512,1,0,0
0.06,0.48,-0.049821,1,0,0
0.08,0.48,-0.033453,1,0,0
0.1,0.48,-0.074819,1,0,0
0.12,0.48,-0.045594,1,0,0
0.14,0.48,-0.047036,1,0,0
0.16,0.48,-0.014477,1,0,0
0.18,0.48,-0.051905,1,0,0
0.2,0.48,-0.041509,1,0,0
0.22,0.48,-0.021729,1,0,0
0.24,0.48,-0.064761,1,0,0
0.26,0.48,-0.070857,1,0,0
0.28,0.48,-0.034662,1,0,0
0.3,0.48,-0.12201,1,0,0
0.32,0.48,-0.10246,1,0,0
0.34,0.48,-0.10975,1,0,0
0.36,0.48,-0.081825,1,0,0
0.38,0.48,-0.071636,1,0,0
0.4,0.48,-0.10485,1,0,0
0.42,0.48,-0.089633,1,0,0
0.44,0.48,-0.038773,1,0,0
0.46,0.48,-0.069265,1,0,0
0.48,0.48,-0.12138,1,0,0
0.5,0.48,-0.031638,1,0,0
0.52,0.48,-0.014534,1,0,0
0.54,0.48,-0.051956,1,0,0
0.56,0.48,-0.01891,1,0,0
0.58,0.48,-0.044858,1,0,0
0.6,0.48,-0.016219,1,0,0
0.62,0.48,-0.043264,1,0,0
0.64,0.48,-0.057793,1,0,0
0.66,0.48,-0.085334,1,0,0
0.68,0.48,-0.080592,1,0,0
0.7,0.48,-0.033771,1,0,0
0.72,0.48,-0.00082159,1,0,0
0.74,0.48,-0.051114,1,0,0
0.76,0.48,-0.06618,1,0,0
0.78,0.48,-0.077195,1,0,0
0.8,0.48,-0.05174,1,0,0
0.82,0.48,0.011393,1,0,0
0.84,0.48,-0.03155,1,0,0
0.86,0.48,-0.021949,1,0,0
0.88,0.48,-0.013792,1,0,0
0.9,0.48,-0.027918,1,0,0
0.92,0.48,-0.11214,1,0,0
0.94,0.48,0.0051296,1,0,0
0.96,0.48,-0.043657,1,0,0
0.98,0.48,-0.09644,1,0,0
0.02,0.5,-0.11393,1,0,0
0.04,0.5,-0.11262,1,0,0
0.06,0.5,-0.086532,1,0,0
0.08,0.5,-0.028155,1,0,0
0.1,0.5,-0.12305,1,0,0
0.12,0.5,-0.085108,1,0,0
0.14,0.5,-0.00046413,1,0,0
0.16,0.5,-0.047158,1,0,0
0.18,0.5,0.0078422,1,0,0
0.2,0.5,-0.050252,1,0,0
0.22,0.5,-0.046952,1,0,0
0.24,0.5,-0.14472,1,0,0
0.26,0.5,-0.072165,1,0,0
0.28,0.5,-0.077532,1,0,0
0.3,0.5,-0.10939,1,0,0
0.32,0.5,-0.10504,1,0,0
0.34,0.5,-0.13745,1,0,0
0.36,0.5,-0.026856,1,0,0
0.38,0.5,-0.083938,1,0,0
0.4,0.5,-0.049224,1,0,0
0.42,0.5,-0.06703,1,0,0
0.44,0.5,-0.028011,1,0,0
0.46,0.5,-0.081727,1,0,0
0.48,0.5,-0.11052,1,0,0
0.5,0.5,-0.071432,1,0,0
0.52,0.5,-0.042612,1,0,0
0.54,0.5,-0.068662,1,0,0
0.56,0.5,-0.079744,1,0,0
0.58,0.5,-0.019347,1,0,0
0.6,0.5,-0.025072,1,0,0
0.62,0.5,0.0025918,1,0,0
0.64,0.5,-0.057425,1,0,0
0.66,0.5,-0.038517,1,0,0
0.68,0.5,-0.040324,1,0,0
0.7,0.5,-0.015144,1,0,0
0.72,0.5,-0.012602,1,0,0
0.74,0.5,-0.070135,1,0,0
0.76,0.5,-0.05352,1,0,0
0.78,0.5,-0.091778,1,0,0
0.8,0.5,-0.03068,1,0,0
0.82,0.5,-0.0086489,1,0,0
0.84,0.5,-0.020302,1,0,0
0.86,0.5,-0.045435,1,0,0
0.88,0.5,-0.025737,1,0,0
0.9,0.5,-0.082442,1,0,0
0.92,0.5,-0.12656,1,0,0
0.94,0.5,-0.020013,1,0,0
0.96,0.5,-0.054019,1,0,0
0.98,0.5,-0.042189,1,0,0
0.02,0.52,-0.095762,1,0,0
0.04,0.52,-0.085893,1,0,0
0.06,0.52,-0.052533,1,0,0
0.08,0.52,-0.046337,1,0,0
0.1,0.52,-0.10137,1,0,0
0.12,0.52,-0.042746,1,0,0
0.14,0.52,0.002865,1,0,0
0.16,0.52,0.023832,1,0,0
0.18,0.52,-0.0036975,1,0,0
0.2,0.52,-0.05781,1,0,0
0.22,0.52,-0.062697,1,0,0
0.24,0.52,-0.075618,1,0,0
0.26,0.52,-0.064112,1,0,0
0.28,0.52,-0.081538,1,0,0
0.3,0.52,-0.084339,1,0,0
0.32,0.52,-0.1054,1,0,0
0.34,0.52,-0.076594,1,0,0
0.36,0.52,-0.095063,1,0,0
0.38,0.52,-0.09939,1,0,0
0.4,0.52,-0.087774,1,0,0
0.42,0.52,-0.030894,1,0,0
0.44,0.52,0.017157,1,0,0
0.46,0.52,-0.067451,1,0,0
0.48,0.52,-0.080979,1,0,0
0.5,0.52,-0.053279,1,0,0
0.52,0.52,-0.057335,1,0,0
0.54,0.52,-0.057364,1,0,0
0.56,0.52,-0.04846,1,0,0
0.58,0.52,-0.066153,1,0,0
0.6,0.52,-0.064229,1,0,0
0.62,0.52,-0.0036194,1,0,0
0.64,0.52,-0.014927,1,0,0
0.66,0.52,-0.042393,1,0,0
0.68,0.52,-0.01474,1,0,0
0.7,0.52,-0.069682,1,0,0
0.72,0.52,-0.0011601,1,0,0
0.74,0.52,-0.049787,1,0,0
0.76,0.52,-0.062682,1,0,0
0.78,0.52,-0.072626,1,0,0
0.8,0.52,-0.079252,1,0,0
0.82,0.52,-0.013911,1,0,0
0.84,0.52,0.019944,1,0,0
0.86,0.52,-0.014671,1,0,0
0.88,0.52,-0.020635,1,0,0
0.9,0.52,-0.020732,1,0,0
0.92,0.52,-0.053994,1,0,0
0.94,0.52,-0.04355,1,0,0
0.96,0.52,-0.092289,1,0,0
0.98,0.52,-0.037285,1,0,0
0.02,0.54,-0.049523,1,0,0
0.04,0.54,-0.11817,1,0,0
0.06,0.54,-0.11841,1,0,0
0.08,0.54,-0.12061,1,0,0
0.1,0.54,-0.087736,1,0,0
0.12,0.54,-0.08006,1,0,0
0.14,0.54,-0.053534,1,0,0
0.16,0.54,-0.076604,1,0,0
0.18,0.54,0.0034796,1,0,0
0.2,0.54,-0.091619,1,0,0
0.22,0.54,-0.099259,1,0,0
0.24,0.54,-0.046647,1,0,0
0.26,0.54,-0.10834,1,0,0
0.28,0.54,-0.13947,1,0,0
0.3,0.54,-0.090494,1,0,0
0.32,0.54,-0.049503,1,0,0
0.34,0.54,-0.077673,1,0,0
0.36,0.54,-0.092854,1,0,0
0.38,0.54,-0.096772,1,0,0
0.4,0.54,-0.071192,1,0,0
0.42,0.54,-0.069364,1,0,0
0.44,0.54,-0.016292,1,0,0
0.46,0.54,-0.097,1,0,0
0.48,0.54,-0.097725,1,0,0
0.5,0.54,-0.1221,1,0,0
0.52,0.54,-0.082938,1,0,0
0.54,0.54,-0.084921,1,0,0
0.56,0.54,-0.07234,1,0,0
0.58,0.54,-0.059142,1,0,0
0.6,0.54,-0.0086634,1,0,0
0.62,0.54,0.012073,1,0,0
0.64,0.54,-0.034581,1,0,0
0.66,0.54,-0.052537,1,0,0
0.68,0.54,-0.054487,1,0,0
0.7,0.54,-0.0057845,1,0,0
0.72,0.54,-0.067977,1,0,0
0.74,0.54,-0.055511,1,0,0
0.76,0.54,-0.060936,1,0,0
0.78,0.54,-0.076813,1,0,0
0.8,0.54,-0.081557,1,0,0
0.82,0.54,-0.017509,1,0,0
0.84,0.54,-0.036506,1,0,0
0.86,0.54,-0.023429,1,0,0
0.88,0.54,-0.049731,1,0,0
0.9,0.54,-0.022116,1,0,0
0.92,0.54,-0.014628,1,0,0
0.94,0.54,-0.076002,1,0,0
0.96,0.54,-0.12703,1,0,0
0.98,0.54,-0.020626,1,0,0
0.02,0.56,-0.076776,1,0,0
0.04,0.56,-0.10552,1,0,0
0.06,0.56,-0.093735,1,0,0
0.08,0.56,-0.091162,1,0,0
0.1,0.56,-0.090881,1,0,0
0.12,0.56,-0.013683,1,0,0
0.14,0.56,-0.042106,1,0,0
0.16,0.56,-0.070612,1,0,0
0.18,0.56,-0.085206,1,0,0
0.2,0.56,-0.094553,1,0,0
0.22,0.56,-0.11787,1,0,0
0.24,0.56,-0.08427,1,0,0
0.26,0.56,-0.085699,1,0,0
0.28,0.56,-0.084836,1,0,0
0.3,0.56,-0.14866,1,0,0
0.32,0.56,-0.087805,1,0,0
0.34,0.56,-0.078208,1,0,0
0.36,0.56,-0.040582,1,0,0
0.38,0.56,-0.10077,1,0,0
0.4,0.56,-0.083316,1,0,0
0.42,0.56,-0.073019,1,0,0
0.44,0.56,-0.063022,1,0,0
0.46,0.56,-0.074938,1,0,0
0.48,0.56,-0.12418,1,0,0
0.5,0.56,-0.099302,1,0,0
0.52,0.56,-0.12284,1,0,0
0.54,0.56,-0.037903,1,0,0
0.56,0.56,-0.036448,1,0,0
0.58,0.56,-0.072025,1,0,0
0.6,0.56,-0.0783,1,0,0
0.62,0.56,-0.0047105,1,0,0
0.64,0.56,-0.0604,1,0,0
0.66,0.56,-0.086826,1,0,0
0.68,0.56,-0.10239,1,0,0
0.7,0.56,-0.040904,1,0,0
0.72,0.56,-0.08344,1,0,0
0.74,0.56,-0.064033,1,0,0
0.76,0.56,-0.037511,1,0,0
0.78,0.56,-0.023205,1,0,0
0.8,0.56,-0.068773,1,0,0
0.82,0.56,-0.061242,1,0,0
0.84,0.56,-0.027919,1,0,0
0.86,0.56,-0.018901,1,0,0
0.88,0.56,-0.054942,1,0,0
0.9,0.56,-0.042069,1,0,0
0.92,0.56,-0.058255,1,0,0
0.94,0.56,-0.059731,1,0,0
0.96,0.56,-0.073563,1,0,0
0.98,0.56,-0.040223,1,0,0
0.02,0.58,-0.018348,1,0,0
0.04,0.58,-0.04232,1,0,0
0.06,0.58,-0.049161,1,0,0
0.08,0.58,-9.8244e-05,1,0,0
0.1,0.58,-0.06077,1,0,0
0.12,0.58,-0.0036599,1,0,0
0.14,0.58,-0.051264,1,0,0
0.16,0.58,-0.052838,1,0,0
0.18,0.58,-0.090551,1,0,0
0.2,0.58,-0.094409,1,0,0
0.22,0.58,-0.14728,1,0,0
0.24,0.58,-0.039254,1,0,0
0.26,0.58,-0.072646,1,0,0
0.28,0.58,-0.015376,1,0,0
0.3,0.58,-0.035454,1,0,0
0.32,0.58,-0.11391,1,0,0
0.34,0.58,-0.064088,1,0,0
0.36,0.58,-0.040184,1,0,0
0.38,0.58,-0.095542,1,0,0
0.4,0.58,-0.090092,1,0,0
0.42,0.58,-0.018453,1,0,0
0.44,0.58,-0.011345,1,0,0
0.46,0.58,-0.042448,1,0,0
0.48,0.58,-0.084627,1,0,0
0.5,0.58,-0.047422,1,0,0
0.52,0.58,-0.091581,1,0,0
0.54,0.58,-0.020542,1,0,0
0.56,0.58,-0.017262,1,0,0
0.58,0.58,-0.031133,1,0,0
0.6,0.58,-0.078887,1,0,0
0.62,0.58,-0.09984,1,0,0
0.64,0.58,-0.08426,1,0,0
0.66,0.58,-0.033514,1,0,0
0.68,0.58,0.0039115,1,0,0
0.7,0.58,0.00019745,1,0,0
0.72,0.58,-0.046442,1,0,0
0.74,0.58,-0.032561,1,0,0
0.76,0.58,-0.030554,1,0,0
0.78,0.58,-0.064191,1,0,0
0.8,0.58,-0.046194,1,0,0
0.82,0.58,-0.0031332,1,0,0
0.84,0.58,-0.041309,1,0,0
0.86,0.58,-0.019947,1,0,0
0.88,0.58,-0.016086,1,0,0
0.9,0.58,-0.0094791,1,0,0
0.92,0.58,-0.041424,1,0,0
0.94,0.58,-0.036843,1,0,0
0.96,0.58,-0.029798,1,0,0
0.98,0.58,-0.019057,1,0,0
0.02,0.6,-0.045216,1,0,0
0.04,0.6,-0.064293,1,0,0
0.06,0.6,-0.083201,1,0,0
0.08,0.6,-0.10326,1,0,0
0.1,0.6,-0.093411,1,0,0
0.12,0.6,-0.062006,1,0,0
0.14,0.6,-0.052836,1,0,0
0.16,0.6,-0.11091,1,0,0
0.18,0.6,-0.11349,1,0,0
0.2,0.6,-0.11866,1,0,0
0.22,0.6,-0.08597,1,0,0
0.24,0.6,-0.066669,1,0,0
0.26,0.6,-0.10395,1,0,0
0.28,0.6,-0.13023,1,0,0
0.3,0.6,-0.092711,1,0,0
0.32,0.6,-0.09189,1,0,0
0.34,0.6,-0.071928,1,0,0
0.36,0.6,-0.06557,1,0,0
0.38,0.6,-0.12631,1,0,0
0.4,0.6,-0.045639,1,0,0
0.42,0.6,-0.036023,1,0,0
0.44,0.6,-0.019276,1,0,0
0.46,0.6,-0.086304,1,0,0
0.48,0.6,-0.070267,1,0,0
0.5,0.6,-0.060915,1,0,0
0.52,0.6,-0.034571,1,0,0
0.54,0.6,-0.024409,1,0,0
0.56,0.6,-0.12978,1,0,0
0.58,0.6,0.0056171,1,0,0
0.6,0.6,-0.099615,1,0,0
0.62,0.6,-0.043154,1,0,0
0.64,0.6,-0.073289,1,0,0
0.66,0.6,0.0021287,1,0,0
0.68,0.6,-0.078784,1,0,0
0.7,0.6,-0.062343,1,0,0
0.72,0.6,-0.012794,1,0,0
0.74,0.6,0.025073,1,0,0
0.76,0.6,-0.075201,1,0,0
0.78,0.6,-0.10298,1,0,0
0.8,0.6,-0.034635,1,0,0
0.82,0.6,-0.10227,1,0,0
0.84,0.6,-0.0603,1,0,0
0.86,0.6,-0.034976,1,0,0
0.88,0.6,-0.01683,1,0,0
0.9,0.6,-0.063475,1,0,0
0.92,0.6,-0.029398,1,0,0
0.94,0.6,-0.022891,1,0,0
0.96,0.6,-0.078141,1,0,0
0.98,0.6,-0.081066,1,0,0
0.02,0.62,0.017658,1,0,0
0.04,0.62,-0.014047,1,0,0
0.06,0.62,-0.052968,1,0,0
0.08,0.62,-0.055303,1,0,0
0.1,0.62,-0.024204,1,0,0
0.12,0.62,-0.026615,1,0,0
0.14,0.62,-0.0847,1,0,0
0.16,0.62,-0.068385,1,0,0
0.18,0.62,-0.018893,1,0,0
0.2,0.62,-0.089029,1,0,0
0.22,0.62,-0.089831,1,0,0
0.24,0.62,-0.11576,1,0,0
0.26,0.62,-0.12614,1,0,0
0.28,0.62,-0.062148,1,0,0
0.3,0.62,-0.093201,1,0,0
0.32,0.62,-0.10139,1,0,0
0.34,0.62,-0.054546,1,0,0
0.36,0.62,-0.053558,1,0,0
0.38,0.62,-0.079677,1,0,0
0.4,0.62,-0.081645,1,0,0
0.42,0.62,-0.063095,1,0,0
0.44,0.62,-0.043478,1,0,0
0.46,0.62,-0.043337,1,0,0
0.48,0.62,-0.032972,1,0,0
0.5,0.62,-0.020022,1,0,0
0.52,0.62,-0.061326,1,0,0
0.54,0.62,-0.059526,1,0,0
0.56,0.62,-0.1302,1,0,0
0.58,0.62,-0.082457,1,0,0
0.6,0.62,-0.10682,1,0,0
0.62,0.62,-0.094939,1,0,0
0.64,0.62,-0.09787,1,0,0
0.66,0.62,-0.051024,1,0,0
0.68,0.62,-0.065507,1,0,0
0.7,0.62,0.0051138,1,0,0
0.72,0.62,-0.014641,1,0,0
0.74,0.62,-0.022818,1,0,0
0.76,0.62,0.0085776,1,0,0
0.78,0.62,-0.03678,1,0,0
0.8,0.62,-0.051608,1,0,0
0.82,0.62,-0.071742,1,0,0
0.84,0.62,-0.069985,1,0,0
0.86,0.62,-0.091917,1,0,0
0.88,0.62,-0.089222,1,0,0
0.9,0.62,-0.073918,1,0,0
0.92,0.62,-0.023823,1,0,0
0.94,0.62,-0.057071,1,0,0
0.96,0.62,-0.033759,1,0,0
0.98,0.62,-0.048358,1,0,0
0.02,0.64,-0.0146,1,0,0
0.04,0.64,-0.031396,1,0,0
0.06,0.64,-0.052094,1,0,0
0.08,0.64,-0.089119,1,0,0
0.1,0.64,-0.011108,1,0,0
0.12,0.64,-0.043402,1,0,0
0.14,0.64,-0.058621,1,0,0
0.16,0.64,-0.062537,1,0,0
0.18,0.64,-0.030603,1,0,0
0.2,0.64,-0.094294,1,0,0
0.22,0.64,-0.088472,1,0,0
0.24,0.64,-0.11272,1,0,0
0.26,0.64,-0.040577,1,0,0
0.28,0.64,-0.091761,1,0,0
0.3,0.64,-0.036952,1,0,0
0.32,0.64,-0.08236,1,0,0
0.34,0.64,-0.079322,1,0,0
0.36,0.64,-0.062231,1,0,0
0.38,0.64,-0.051751,1,0,0
0.4,0.64,-0.054018,1,0,0
0.42,0.64,-0.082408,1,0,0
0.44,0.64,-0.077339,1,0,0
0.46,0.64,-0.0096304,1,0,0
0.48,0.64,-0.023026,1,0,0
0.5,0.64,-0.045611,1,0,0
0.52,0.64,-0.028472,1,0,0
0.54,0.64,-0.056133,1,0,0
0.56,0.64,-0.13868,1,0,0
0.58,0.64,-0.063717,1,0,0
0.6,0.64,-0.056321,1,0,0
0.62,0.64,-0.049541,1,0,0
0.64,0.64,0.0048081,1,0,0
0.66,0.64,-0.021369,1,0,0
0.68,0.64,-0.023734,1,0,0
0.7,0.64,-0.055784,1,0,0
0.72,0.64,-0.030829,1,0,0
0.74,0.64,-0.042154,1,0,0
0.76,0.64,-0.048568,1,0,0
0.78,0.64,0.0090771,1,0,0
0.8,0.64,-0.062193,1,0,0
0.82,0.64,-0.029366,1,0,0
0.84,0.64,-0.031479,1,0,0
0.86,0.64,-0.023557,1,0,0
0.88,0.64,-0.08902,1,0,0
0.9,0.64,-0.074635,1,0,0
0.92,0.64,-0.093124,1,0,0
0.94,0.64,-0.071941,1,0,0
0.96,0.64,-0.026835,1,0,0
0.98,0.64,-0.10496,1,0,0
0.02,0.66,-0.064787,1,0,0
0.04,0.66,-0.048213,1,0,0
0.06,0.66,0.020423,1,0,0
0.08,0.66,-0.071556,1,0,0
0.1,0.66,-0.021195,1,0,0
0.12,0.66,-0.056969,1,0,0
0.14,0.66,-0.032176,1,0,0
0.16,0.66,-0.080119,1,0,0
0.18,0.66,-0.057581,1,0,0
0.2,0.66,-0.082629,1,0,0
0.22,0.66,-0.1448,1,0,0
0.24,0.66,-0.15326,1,0,0
0.26,0.66,-0.065021,1,0,0
0.28,0.66,-0.046401,1,0,0
0.3,0.66,-0.0084937,1,0,0
0.32,0.66,-0.037881,1,0,0
0.34,0.66,-0.020094,1,0,0
0.36,0.66,-0.052833,1,0,0
0.38,0.66,-0.065382,1,0,0
0.4,0.66,-0.025426,1,0,0
0.42,0.66,-0.09814,1,0,0
0.44,0.66,-0.057787,1,0,0
0.46,0.66,-0.056374,1,0,0
0.48,0.66,-0.05889,1,0,0
0.5,0.66,-0.041015,1,0,0
0.52,0.66,-0.017202,1,0,0
0.54,0.66,-0.059914,1,0,0
0.56,0.66,-0.098234,1,0,0
0.58,0.66,0.0027122,1,0,0
0.6,0.66,-0.028367,1,0,0
0.62,0.66,-0.057413,1,0,0
0.64,0.66,-0.038235,1,0,0
0.66,0.66,0.038441,1,0,0
0.68,0.66,-0.051376,1,0,0
0.7,0.66,-0.057521,1,0,0
0.72,0.66,-0.027615,1,0,0
0.74,0.66,-0.030038,1,0,0
0.76,0.66,-0.077237,1,0,0
0.78,0.66,0.004868,1,0,0
0.8,0.66,-0.044525,1,0,0
0.82,0.66,-0.06431,1,0,0
0.84,0.66,-0.034019,1,0,0
0.86,0.66,-0.05714,1,0,0
0.88,0.66,-0.082553,1,0,0
0.9,0.66,-0.088979,1,0,0
0.92,0.66,-0.038323,1,0,0
0.94,0.66,-0.086386,1,0,0
0.96,0.66,-0.044591,1,0,0
0.98,0.66,-0.090659,1,0,0
0.02,0.68,0.0050224,1,0,0
0.04,0.68,-0.058102,1,0,0
0.06,0.68,-0.068805,1,0,0
0.08,0.68,-0.038853,1,0,0
0.1,0.68,-0.0077636,1,0,0
0.12,0.68,-0.020599,1,0,0
0.14,0.68,-0.02608,1,0,0
0.16,0.68,-0.04092,1,0,0
0.18,0.68,-0.10959,1,0,0
0.2,0.68,-0.043237,1,0,0
0.22,0.68,-0.056246,1,0,0
0.24,0.68,-0.10768,1,0,0
0.26,0.68,-0.10524,1,0,0
0.28,0.68,-0.096412,1,0,0
0.3,0.68,-0.051962,1,0,0
0.32,0.68,-0.084743,1,0,0
0.34,0.68,-0.039314,1,0,0
0.36,0.68,-0.024245,1,0,0
0.38,0.68,-0.056721,1,0,0
0.4,0.68,-0.060191,1,0,0
0.42,0.68,-0.00091082,1,0,0
0.44,0.68,-0.056011,1,0,0
0.46,0.68,-0.064902,1,0,0
0.48,0.68,-0.045775,1,0,0
0.5,0.68,-0.021085,1,0,0
0.52,0.68,-0.019912,1,0,0
0.54,0.68,-0.086741,1,0,0
0.56,0.68,-0.098349,1,0,0
0.58,0.68,-0.064312,1,0,0
0.6,0.68,-0.05021,1,0,0
0.62,0.68,-0.04551,1,0,0
0.64,0.68,-0.059071,1,0,0
0.66,0.68,-0.078464,1,0,0
0.68,0.68,-0.11706,1,0,0
0.7,0.68,-0.063053,1,0,0
0.72,0.68,-0.06324,1,0,0
0.74,0.68,-0.028605,1,0,0
0.76,0.68,-0.016581,1,0,0
0.78,0.68,-0.03879,1,0,0
0.8,0.68,-0.050804,1,0,0
0.82,0.68,-0.038272,1,0,0
0.84,0.68,-0.04502,1,0,0
0.86,0.68,-0.073638,1,0,0
0.88,0.68,-0.11221,1,0,0
0.9,0.68,-0.046579,1,0,0
0.92,0.68,-0.10546,1,0,0
0.94,0.68,-0.055804,1,0,0
0.96,0.68,-0.075837,1,0,0
0.98,0.68,-0.05391,1,0,0
0.02,0.7,-0.070888,1,0,0
0.04,0.7,-0.03453,1,0,0
0.06,0.7,-0.012507,1,0,0
0.08,0.7,0.0031438,1,0,0
0.1,0.7,-0.026285,1,0,0
0.12,0.7,-0.032239,1,0,0
0.14,0.7,-0.066239,1,0,0
0.16,0.7,-0.075502,1,0,0
0.18,0.7,-0.1108,1,0,0
0.2,0.7,-0.089987,1,0,0
0.22,0.7,-0.058527,1,0,0
0.24,0.7,-0.12016,1,0,0
0.26,0.7,-0.062432,1,0,0
0.28,0.7,-0.0057131,1,0,0
0.3,0.7,-0.053547,1,0,0
0.32,0.7,-0.067592,1,0,0
0.34,0.7,-0.048939,1,0,0
0.36,0.7,-0.031553,1,0,0
0.38,0.7,-0.041168,1,0,0
0.4,0.7,-0.058991,1,0,0
0.42,0.7,-0.006173,1,0,0
0.44,0.7,0.013565,1,0,0
0.46,0.7,0.022467,1,0,0
0.48,0.7,0.0064951,1,0,0
0.5,0.7,0.018961,1,0,0
0.52,0.7,-0.038611,1,0,0
0.54,0.7,-0.05433,1,0,0
0.56,0.7,-0.044301,1,0,0
0.58,0.7,-0.082037,1,0,0
0.6,0.7,-0.069804,1,0,0
0.62,0.7,-0.07381,1,0,0
0.64,0.7,-0.082614,1,0,0
0.66,0.7,0.010318,1,0,0
0.68,0.7,-0.013732,1,0,0
0.7,0.7,-0.018052,1,0,0
0.72,0.7,-0.029979,1,0,0
0.74,0.7,-0.068549,1,0,0
0.76,0.7,-0.079596,1,0,0
0.78,0.7,-0.040927,1,0,0
0.8,0.7,-0.071065,1,0,0
0.82,0.7,-0.089924,1,0,0
0.84,0.7,-0.050688,1,0,0
0.86,0.7,0.016085,1,0,0
0.88,0.7,-0.0098557,1,0,0
0.9,0.7,-0.020554,1,0,0
0.92,0.7,-0.080851,1,0,0
0.94,0.7,0.014459,1,0,0
0.96,0.7,-0.077901,1,0,0
0.98,0.7,-0.046231,1,0,0
0.02,0.72,0.01109,1,0,0
0.04,0.72,0.0049241,1,0,0
0.06,0.72,-0.05502,1,0,0
0.08,0.72,-0.036547,1,0,0
0.1,0.72,-0.021617,1,0,0
0.12,0.72,-0.057302,1,0,0
0.14,0.72,-0.074042,1,0,0
0.16,0.72,-0.087786,1,0,0
0.18,0.72,-0.031094,1,0,0
0.2,0.72,-0.10444,1,0,0
0.22,0.72,-0.11048,1,0,0
0.24,0.72,-0.064122,1,0,0
0.26,0.72,-0.047059,1,0,0
0.28,0.72,-0.082863,1,0,0
0.3,0.72,-0.043877,1,0,0
0.32,0.72,-0.065278,1,0,0
0.34,0.72,-0.10557,1,0,0
0.36,0.72,0.008689,1,0,0
0.38,0.72,-0.041653,1,0,0
0.4,0.72,-0.012353,1,0,0
0.42,0.72,-0.033127,1,0,0
0.44,0.72,-0.012052,1,0,0
0.46,0.72,-0.043076,1,0,0
0.48,0.72,-0.011139,1,0,0
0.5,0.72,-0.041263,1,0,0
0.52,0.72,-0.036634,1,0,0
0.54,0.72,-0.0037577,1,0,0
0.56,0.72,-0.005097,1,0,0
0.58,0.72,-0.040959,1,0,0
0.6,0.72,-0.11658,1,0,0
0.62,0.72,-0.060526,1,0,0
0.64,0.72,-0.10462,1,0,0
0.66,0.72,-0.10017,1,0,0
0.68,0.72,-0.071248,1,0,0
0.7,0.72,-0.060995,1,0,0
0.72,0.72,-0.11095,1,0,0
0.74,0.72,-0.090274,1,0,0
0.76,0.72,-0.053141,1,0,0
0.78,0.72,-0.012452,1,0,0
0.8,0.72,-0.091157,1,0,0
0.82,0.72,-0.044169,1,0,0
0.84,0.72,-0.063181,1,0,0
0.86,0.72,-0.041081,1,0,0
0.88,0.72,-0.070914,1,0,0
0.9,0.72,-0.0059486,1,0,0
0.92,0.72,-0.030058,1,0,0
0.94,0.72,-0.048263,1,0,0
0.96,0.72,-0.059116,1,0,0
0.98,0.72,-0.0073647,1,0,0
0.02,0.74,-0.010356,1,0,0
0.04,0.74,-0.029506,1,0,0
0.06,0.74,-0.011979,1,0,0
0.08,0.74,-0.029767,1,0,0
0.1,0.74,-0.044433,1,0,0
0.12,0.74,-0.069764,1,0,0
0.14,0.74,-0.12722,1,0,0
0.16,0.74,-0.1045,1,0,0
0.18,0.74,-0.1147,1,0,0
0.2,0.74,-0.11512,1,0,0
0.22,0.74,-0.083617,1,0,0
0.24,0.74,-0.055551,1,0,0
0.26,0.74,-0.077746,1,0,0
0.28,0.74,-0.101,1,0,0
0.3,0.74,-0.041635,1,0,0
0.32,0.74,-0.015678,1,0,0
0.34,0.74,-0.026043,1,0,0
0.36,0.74,-0.063002,1,0,0
0.38,0.74,-0.07028,1,0,0
0.4,0.74,-0.12888,1,0,0
0.42,0.74,-0.04611,1,0,0
0.44,0.74,-0.048274,1,0,0
0.46,0.74,-0.039392,1,0,0
0.48,0.74,-0.056255,1,0,0
0.5,0.74,-0.003367,1,0,0
0.52,0.74,-0.0027344,1,0,0
0.54,0.74,-0.064705,1,0,0
0.56,0.74,-0.0022085,1,0,0
0.58,0.74,-0.076766,1,0,0
0.6,0.74,-0.089398,1,0,0
0.62,0.74,-0.081059,1,0,0
0.64,0.74,-0.13417,1,0,0
0.66,0.74,-0.14101,1,0,0
0.68,0.74,-0.10293,1,0,0
0.7,0.74,-0.051204,1,0,0
0.72,0.74,-0.065815,1,0,0
0.74,0.74,-0.063018,1,0,0
0.76,0.74,-0.06576,1,0,0
0.78,0.74,-0.065819,1,0,0
0.8,0.74,-0.12883,1,0,0
0.82,0.74,-0.092288,1,0,0
0.84,0.74,-0.091732,1,0,0
0.86,0.74,-0.090495,1,0,0
0.88,0.74,-0.10169,1,0,0
0.9,0.74,0.00078389,1,0,0
0.92,0.74,-0.009496,1,0,0
0.94,0.74,-0.021575,1,0,0
0.96,0.74,-0.049311,1,0,0
0.98,0.74,-0.069996,1,0,0
0.02,0.76,-0.041827,1,0,0
0.04,0.76,-0.082362,1,0,0
0.06,0.76,-0.053719,1,0,0
0.08,0.76,-0.017757,1,0,0
0.1,0.76,-0.084449,1,0,0
0.12,0.76,-0.030291,1,0,0
0.14,0.76,-0.086278,1,0,0
0.16,0.76,-0.11347,1,0,0
0.18,0.76,-0.044637,1,0,0
0.2,0.76,-0.11518,1,0,0
0.22,0.76,-0.081306,1,0,0
0.24,0.76,-0.083172,1,0,0
0.26,0.76,-0.031788,1,0,0
0.28,0.76,-0.080556,1,0,0
0.3,0.76,-0.064691,1,0,0
0.32,0.76,-0.06256,1,0,0
0.34,0.76,-0.087793,1,0,0
0.36,0.76,-0.046779,1,0,0
0.38,0.76,-0.077767,1,0,0
0.4,0.76,-0.076961,1,0,0
0.42,0.76,-0.054637,1,0,0
0.44,0.76,-0.011824,1,0,0
0.46,0.76,-0.022822,1,0,0
0.48,0.76,-0.040963,1,0,0
0.5,0.76,-0.020767,1,0,0
0.52,0.76,0.0071233,1,0,0
0.54,0.76,-0.06716,1,0,0
0.56,0.76,-0.091515,1,0,0
0.58,0.76,-0.091422,1,0,0
0.6,0.76,-0.054134,1,0,0
0.62,0.76,-0.078205,1,0,0
0.64,0.76,-0.11849,1,0,0
0.66,0.76,-0.051566,1,0,0
0.68,0.76,-0.10694,1,0,0
0.7,0.76,-0.044419,1,0,0
0.72,0.76,-0.08217,1,0,0
0.74,0.76,-0.069078,1,0,0
0.76,0.76,-0.029585,1,0,0
0.78,0.76,-0.14352,1,0,0
0.8,0.76,-0.067145,1,0,0
0.82,0.76,-0.075376,1,0,0
0.84,0.76,-0.095686,1,0,0
0.86,0.76,-0.018693,1,0,0
0.88,0.76,-0.010893,1,0,0
0.9,0.76,-0.022847,1,0,0
0.92,0.76,-0.014369,1,0,0
0.94,0.76,-0.070908,1,0,0
0.96,0.76,-0.10845,1,0,0
0.98,0.76,-0.097761,1,0,0
0.02,0.78,-0.091088,1,0,0
0.04,0.78,-0.092678,1,0,0
0.06,0.78,-0.028202,1,0,0
0.08,0.78,-0.034505,1,0,0
0.1,0.78,-0.042674,1,0,0
0.12,0.78,-0.029584,1,0,0
0.14,0.78,-0.081592,1,0,0
0.16,0.78,-0.029813,1,0,0
0.18,0.78,-0.049309,1,0,0
0.2,0.78,-0.08781,1,0,0
0.22,0.78,-0.089563,1,0,0
0.24,0.78,-0.054441,1,0,0
0.26,0.78,-0.046191,1,0,0
0.28,0.78,-0.036486,1,0,0
0.3,0.78,-0.055351,1,0,0
0.32,0.78,-0.05601,1,0,0
0.34,0.78,-0.088613,1,0,0
0.36,0.78,-0.053736,1,0,0
0.38,0.78,-0.074177,1,0,0
0.4,0.78,-0.091476,1,0,0
0.42,0.78,-0.066529,1,0,0
0.44,0.78,-0.043692,1,0,0
0.46,0.78,-0.011449,1,0,0
0.48,0.78,-0.080095,1,0,0
0.5,0.78,-0.029835,1,0,0
0.52,0.78,-0.033819,1,0,0
0.54,0.78,0.0072261,1,0,0
0.56,0.78,-0.021918,1,0,0
0.58,0.78,-0.05617,1,0,0
0.6,0.78,-0.096634,1,0,0
0.62,0.78,-0.092887,1,0,0
0.64,0.78,-0.11887,1,0,0
0.66,0.78,-0.08808,1,0,0
0.68,0.78,-0.087081,1,0,0
0.7,0.78,-0.058493,1,0,0
0.72,0.78,-0.036919,1,0,0
0.74,0.78,-0.04244,1,0,0
0.76,0.78,-0.095399,1,0,0
0.78,0.78,-0.098228,1,0,0
0.8,0.78,-0.080135,1,0,0
0.82,0.78,-0.080831,1,0,0
0.84,0.78,-0.076509,1,0,0
0.86,0.78,-0.050594,1,0,0
0.88,0.78,-0.033711,1,0,0
0.9,0.78,-0.061038,1,0,0
0.92,0.78,-0.023018,1,0,0
0.94,0.78,-0.026643,1,0,0
0.96,0.78,0.0057015,1,0,0
0.98,0.78,-0.092536,1,0,0
0.02,0.8,-0.0593,1,0,0
0.04,0.8,-0.074412,1,0,0
0.06,0.8,-0.068189,1,0,0
0.08,0.8,0.045068,1,0,0
0.1,0.8,-0.099974,1,0,0
0.12,0.8,-0.017557,1,0,0
0.14,0.8,-0.045433,1,0,0
0.16,0.8,-0.067901,1,0,0
0.18,0.8,-0.074884,1,0,0
0.2,0.8,-0.072598,1,0,0
0.22,0.8,-0.12016,1,0,0
0.24,0.8,-0.056504,1,0,0
0.26,0.8,-0.058247,1,0,0
0.28,0.8,-0.040145,1,0,0
0.3,0.8,-0.067594,1,0,0
0.32,0.8,-0.10819,1,0,0
0.34,0.8,-0.075429,1,0,0
0.36,0.8,-0.0027128,1,0,0
0.38,0.8,-0.059655,1,0,0
0.4,0.8,-0.030622,1,0,0
0.42,0.8,-0.023831,1,0,0
0.44,0.8,-0.046688,1,0,0
0.46,0.8,-0.027444,1,0,0
0.48,0.8,-0.07155,1,0,0
0.5,0.8,0.0045517,1,0,0
0.52,0.8,-0.0040018,1,0,0
0.54,0.8,-0.025886,1,0,0
0.56,0.8,-0.087939,1,0,0
0.58,0.8,-0.0059445,1,0,0
0.6,0.8,-0.039018,1,0,0
0.62,0.8,-0.047006,1,0,0
0.64,0.8,-0.020026,1,0,0
0.66,0.8,-0.044525,1,0,0
0.68,0.8,-0.054478,1,0,0
0.7,0.8,-0.03429,1,0,0
0.72,0.8,-0.027625,1,0,0
0.74,0.8,-0.062516,1,0,0
0.76,0.8,-0.040667,1,0,0
0.78,0.8,-0.097417,1,0,0
0.8,0.8,-0.039408,1,0,0
0.82,0.8,-0.088844,1,0,0
0.84,0.8,-0.093732,1,0,0
0.86,0.8,-0.019957,1,0,0
0.88,0.8,-0.045994,1,0,0
0.9,0.8,-0.047036,1,0,0
0.92,0.8,-0.045465,1,0,0
0.94,0.8,-0.049583,1,0,0
0.96,0.8,-0.058612,1,0,0
0.98,0.8,-0.028803,1,0,0
0.02,0.82,-0.063523,1,0,0
0.04,0.82,-0.029653,1,0,0
0.06,0.82,-0.050515,1,0,0
0.08,0.82,-0.0088216,1,0,0
0.1,0.82,-0.0020119,1,0,0
0.12,0.82,-0.0037899,1,0,0
0.14,0.82,-0.039109,1,0,0
0.16,0.82,-0.046672,1,0,0
0.18,0.82,-0.051261,1,0,0
0.2,0.82,-0.086773,1,0,0
0.22,0.82,-0.048694,1,0,0
0.24,0.82,-0.069966,1,0,0
0.26,0.82,-0.073767,1,0,0
0.28,0.82,-0.072463,1,0,0
0.3,0.82,-0.11362,1,0,0
0.32,0.82,-0.016879,1,0,0
0.34,0.82,-0.067559,1,0,0
0.36,0.82,-0.038001,1,0,0
0.38,0.82,-0.13715,1,0,0
0.4,0.82,-0.074985,1,0,0
0.42,0.82,-0.04518,1,0,0
0.44,0.82,-0.0032304,1,0,0
0.46,0.82,-0.027127,1,0,0
0.48,0.82,-0.039815,1,0,0
0.5,0.82,-0.0087873,1,0,0
0.52,0.82,0.016673,1,0,0
0.54,0.82,-0.059807,1,0,0
0.56,0.82,-0.076066,1,0,0
0.58,0.82,-0.073666,1,0,0
0.6,0.82,-0.083399,1,0,0
0.62,0.82,0.024282,1,0,0
0.64,0.82,-0.028227,1,0,0
0.66,0.82,-0.017807,1,0,0
0.68,0.82,-0.10163,1,0,0
0.7,0.82,0.02688,1,0,0
0.72,0.82,-0.064432,1,0,0
0.74,0.82,-0.052116,1,0,0
0.76,0.82,-0.056089,1,0,0
0.78,0.82,-0.13943,1,0,0
0.8,0.82,-0.074829,1,0,0
0.82,0.82,-0.027188,1,0,0
0.84,0.82,0.034025,1,0,0
0.86,0.82,-0.037545,1,0,0
0.88,0.82,-0.02977,1,0,0
0.9,0.82,0.021305,1,0,0
0.92,0.82,-0.080126,1,0,0
0.94,0.82,-0.0296,1,0,0
0.96,0.82,-0.066615,1,0,0
0.98,0.82,-0.089038,1,0,0
0.02,0.84,-0.0065813,1,0,0
0.04,0.84,-0.010399,1,0,0
0.06,0.84,-0.020758,1,0,0
0.08,0.84,-0.020633,1,0,0
0.1,0.84,-0.069856,1,0,0
0.12,0.84,-0.028242,1,0,0
0.14,0.84,-0.063817,1,0,0
0.16,0.84,-0.051492,1,0,0
0.18,0.84,-0.048625,1,0,0
0.2,0.84,-0.065719,1,0,0
0.22,0.84,-0.084022,1,0,0
0.24,0.84,-0.073124,1,0,0
0.26,0.84,-0.051459,1,0,0
0.28,0.84,-0.028037,1,0,0
0.3,0.84,-0.078806,1,0,0
0.32,0.84,-0.045641,1,0,0
0.34,0.84,-0.041458,1,0,0
0.36,0.84,0.030684,1,0,0
0.38,0.84,-0.084554,1,0,0
0.4,0.84,-0.074421,1,0,0
0.42,0.84,-0.091888,1,0,0
0.44,0.84,-0.063794,1,0,0
0.46,0.84,-0.078331,1,0,0
0.48,0.84,-0.054277,1,0,0
0.5,0.84,-0.022201,1,0,0
0.52,0.84,-0.027998,1,0,0
0.54,0.84,-0.055269,1,0,0
0.56,0.84,-0.034952,1,0,0
0.58,0.84,-0.0052515,1,0,0
0.6,0.84,-0.020872,1,0,0
0.62,0.84,0.0034729,1,0,0
0.64,0.84,0.0074279,1,0,0
0.66,0.84,0.046492,1,0,0
0.68,0.84,-0.071995,1,0,0
0.7,0.84,0.0052045,1,0,0
0.72,0.84,-0.088519,1,0,0
0.74,0.84,-0.08144,1,0,0
0.76,0.84,-0.029108,1,0,0
0.78,0.84,-0.069797,1,0,0
0.8,0.84,-0.083283,1,0,0
0.82,0.84,-0.06108,1,0,0
0.84,0.84,-0.0569,1,0,0
0.86,0.84,0.0079634,1,0,0
0.88,0.84,-0.0053314,1,0,0
0.9,0.84,0.0030208,1,0,0
0.92,0.84,-0.039118,1,0,0
0.94,0.84,-0.069454,1,0,0
0.96,0.84,-0.040211,1,0,0
0.98,0.84,-0.01583,1,0,0
0.02,0.86,0.017258,1,0,0
0.04,0.86,0.045142,1,0,0
0.06,0.86,-0.0006237,1,0,0
0.08,0.86,-0.041404,1,0,0
0.1,0.86,-0.0055463,1,0,0
0.12,0.86,-0.051564,1,0,0
0.14,0.86,-0.042565,1,0,0
0.16,0.86,-0.0087401,1,0,0
0.18,0.86,-0.044361,1,0,0
0.2,0.86,-0.05885,1,0,0
0.22,0.86,-0.076662,1,0,0
0.24,0.86,-0.093395,1,0,0
0.26,0.86,-0.08085,1,0,0
0.28,0.86,-0.082338,1,0,0
0.3,0.86,-0.032076,1,0,0
0.32,0.86,-0.028322,1,0,0
0.34,0.86,-0.050928,1,0,0
0.36,0.86,0.0094146,1,0,0
0.38,0.86,-0.081023,1,0,0
0.4,0.86,-0.062733,1,0,0
0.42,0.86,-0.040801,1,0,0
0.44,0.86,-0.030438,1,0,0
0.46,0.86,-0.023041,1,0,0
0.48,0.86,-0.04553,1,0,0
0.5,0.86,-0.04544,1,0,0
0.52,0.86,0.0018363,1,0,0
0.54,0.86,0.0051018,1,0,0
0.56,0.86,0.0094597,1,0,0
0.58,0.86,-0.030473,1,0,0
0.6,0.86,-0.032709,1,0,0
0.62,0.86,0.016633,1,0,0
0.64,0.86,0.036923,1,0,0
0.66,0.86,0.028173,1,0,0
0.68,0.86,0.048794,1,0,0
0.7,0.86,-0.017928,1,0,0
0.72,0.86,-0.029577,1,0,0
0.74,0.86,-0.036315,1,0,0
0.76,0.86,-0.060439,1,0,0
0.78,0.86,-0.028207,1,0,0
0.8,0.86,-0.044856,1,0,0
0.82,0.86,-0.023139,1,0,0
0.84,0.86,-0.043862,1,0,0
0.86,0.86,-0.029101,1,0,0
0.88,0.86,-0.02822,1,0,0
0.9,0.86,-0.0026054,1,0,0
0.92,0.86,-0.047644,1,0,0
0.94,0.86,0.0047023,1,0,0
0.96,0.86,-0.0034394,1,0,0
0.98,0.86,-0.066006,1,0,0
0.02,0.88,0.02858,1,0,0
0.04,0.88,-0.020818,1,0,0
0.06,0.88,-0.025832,1,0,0
0.08,0.88,-0.033844,1,0,0
0.1,0.88,0.022706,1,0,0
0.12,0.88,0.017316,1,0,0
0.14,0.88,0.00054727,1,0,0
0.16,0.88,-0.053503,1,0,0
0.18,0.88,-0.04185,1,0,0
0.2,0.88,-0.051426,1,0,0
0.22,0.88,-0.071731,1,0,0
0.24,0.88,-0.085311,1,0,0
0.26,0.88,-0.041085,1,0,0
0.28,0.88,-0.075528,1,0,0
0.3,0.88,-0.063077,1,0,0
0.32,0.88,-0.034081,1,0,0
0.34,0.88,-0.031085,1,0,0
0.36,0.88,0.017252,1,0,0
0.38,0.88,-0.07457,1,0,0
0.4,0.88,-0.061066,1,0,0
0.42,0.88,-0.060678,1,0,0
0.44,0.88,-0.070519,1,0,0
0.46,0.88,-0.027447,1,0,0
0.48,0.88,-0.023301,1,0,0
0.5,0.88,-0.0039637,1,0,0
0.52,0.88,-0.012824,1,0,0
0.54,0.88,-0.036795,1,0,0
0.56,0.88,-0.053304,1,0,0
0.58,0.88,-0.022478,1,0,0
0.6,0.88,-0.013743,1,0,0
0.62,0.88,0.025839,1,0,0
0.64,0.88,-0.015821,1,0,0
0.66,0.88,-0.0032422,1,0,0
0.68,0.88,0.018194,1,0,0
0.7,0.88,0.015837,1,0,0
0.72,0.88,-0.0029934,1,0,0
0.74,0.88,-0.016841,1,0,0
0.76,0.88,-0.018962,1,0,0
0.78,0.88,-0.045689,1,0,0
0.8,0.88,-0.028678,1,0,0
0.82,0.88,-0.064351,1,0,0
0.84,0.88,-0.070821,1,0,0
0.86,0.88,-0.053246,1,0,0
0.88,0.88,-0.044382,1,0,0
0.9,0.88,-0.035444,1,0,0
0.92,0.88,-0.028801,1,0,0
0.94,0.88,-0.016571,1,0,0
0.96,0.88,-0.038089,1,0,0
0.98,0.88,-0.0521,1,0,0
0.02,0.9,-0.010821,1,0,0
0.04,0.9,-0.048805,1,0,0
0.06,0.9,-0.014232,1,0,0
0.08,0.9,-0.085277,1,0,0
0.1,0.9,-0.024571,1,0,0
0.12,0.9,-0.01733,1,0,0
0.14,0.9,-0.027353,1,0,0
0.16,0.9,-0.028298,1,0,0
0.18,0.9,-0.067193,1,0,0
0.2,0.9,-0.059795,1,0,0
0.22,0.9,-0.069822,1,0,0
0.24,0.9,-0.081904,1,0,0
0.26,0.9,-0.031453,1,0,0
0.28,0.9,-0.067541,1,0,0
0.3,0.9,-0.032856,1,0,0
0.32,0.9,0.0012381,1,0,0
0.34,0.9,-0.057325,1,0,0
0.36,0.9,-0.069538,1,0,0
0.38,0.9,-0.078528,1,0,0
0.4,0.9,-0.062614,1,0,0
0.42,0.9,-0.016503,1,0,0
0.44,0.9,-0.0038255,1,0,0
0.46,0.9,-0.050293,1,0,0
0.48,0.9,-0.083701,1,0,0
0.5,0.9,-0.044492,1,0,0
0.52,0.9,-0.014117,1,0,0
0.54,0.9,-0.034261,1,0,0
0.56,0.9,-0.018074,1,0,0
0.58,0.9,0.0075908,1,0,0
0.6,0.9,0.0081311,1,0,0
0.62,0.9,-0.038064,1,0,0
0.64,0.9,-0.022145,1,0,0
0.66,0.9,0.032214,1,0,0
0.68,0.9,0.0036914,1,0,0
0.7,0.9,-0.0050858,1,0,0
0.72,0.9,0.027391,1,0,0
0.74,0.9,-0.026753,1,0,0
0.76,0.9,-0.065005,1,0,0
0.78,0.9,-0.094568,1,0,0
0.8,0.9,-0.055167,1,0,0
0.82,0.9,-0.06159,1,0,0
0.84,0.9,-0.021776,1,0,0
0.86,0.9,-0.023446,1,0,0
0.88,0.9,-0.05618,1,0,0
0.9,0.9,-0.052893,1,0,0
0.92,0.9,-0.035484,1,0,0
0.94,0.9,0.0095749,1,0,0
0.96,0.9,-0.073498,1,0,0
0.98,0.9,-0.07839,1,0,0
0.02,0.92,-0.052998,1,0,0
0.04,0.92,-0.035635,1,0,0
0.06,0.92,-0.046597,1,0,0
0.08,0.92,-0.072131,1,0,0
0.1,0.92,-0.035435,1,0,0
0.12,0.92,-0.056586,1,0,0
0.14,0.92,-0.050972,1,0,0
0.16,0.92,-0.033425,1,0,0
0.18,0.92,-0.045829,1,0,0
0.2,0.92,-0.075794,1,0,0
0.22,0.92,-0.061593,1,0,0
0.24,0.92,-0.092398,1,0,0
0.26,0.92,0.016595,1,0,0
0.28,0.92,-0.028812,1,0,0
0.3,0.92,0.040093,1,0,0
0.32,0.92,-0.092357,1,0,0
0.34,0.92,-0.12438,1,0,0
0.36,0.92,-0.042924,1,0,0
0.38,0.92,-0.08018,1,0,0
0.4,0.92,-0.04769,1,0,0
0.42,0.92,-0.060362,1,0,0
0.44,0.92,-0.0064689,1,0,0
0.46,0.92,-0.074816,1,0,0
0.48,0.92,-0.06472,1,0,0
0.5,0.92,-0.030153,1,0,0
0.52,0.92,-0.065245,1,0,0
0.54,0.92,-0.027017,1,0,0
0.56,0.92,-0.024415,1,0,0
0.58,0.92,0.023948,1,0,0
0.6,0.92,-0.046847,1,0,0
0.62,0.92,-0.030416,1,0,0
0.64,0.92,-0.027497,1,0,0
0.66,0.92,0.024712,1,0,0
0.68,0.92,0.033303,1,0,0
0.7,0.92,-0.0048219,1,0,0
0.72,0.92,0.020153,1,0,0
0.74,0.92,-0.046688,1,0,0
0.76,0.92,-0.075754,1,0,0
0.78,0.92,-0.096685,1,0,0
0.8,0.92,-0.089468,1,0,0
0.82,0.92,-0.086344,1,0,0
0.84,0.92,-0.05629,1,0,0
0.86,0.92,-0.0324,1,0,0
0.88,0.92,-0.03331,1,0,0
0.9,0.92,0.0023431,1,0,0
0.92,0.92,-0.062748,1,0,0
0.94,0.92,-0.042822,1,0,0
0.96,0.92,-0.052022,1,0,0
0.98,0.92,-0.05763,1,0,0
0.02,0.94,-0.027672,1,0,0
0.04,0.94,-0.046081,1,0,0
0.06,0.94,-0.041231,1,0,0
0.08,0.94,-0.082638,1,0,0
0.1,0.94,-0.040306,1,0,0
0.12,0.94,-0.026186,1,0,0
0.14,0.94,-0.0016209,1,0,0
0.16,0.94,-0.052475,1,0,0
0.18,0.94,-0.05222,1,0,0
0.2,0.94,-0.015542,1,0,0
0.22,0.94,-0.091073,1,0,0
0.24,0.94,-0.09564,1,0,0
0.26,0.94,-0.027758,1,0,0
0.28,0.94,-0.0039019,1,0,0
0.3,0.94,0.015751,1,0,0
0.32,0.94,-0.031267,1,0,0
0.34,0.94,-0.04837,1,0,0
0.36,0.94,-1.204e-06,1,0,0
0.38,0.94,-0.10948,1,0,0
0.4,0.94,-0.035229,1,0,0
0.42,0.94,-0.033398,1,0,0
0.44,0.94,-0.057512,1,0,0
0.46,0.94,-0.068721,1,0,0
0.48,0.94,-0.06132,1,0,0
0.5,0.94,-0.062416,1,0,0
0.52,0.94,-0.032093,1,0,0
0.54,0.94,-0.016096,1,0,0
0.56,0.94,0.002928,1,0,0
0.58,0.94,0.0050905,1,0,0
0.6,0.94,0.0083822,1,0,0
0.62,0.94,0.01255,1,0,0
0.64,0.94,-0.044945,1,0,0
0.66,0.94,-0.026465,1,0,0
0.68,0.94,-0.0056414,1,0,0
0.7,0.94,0.034585,1,0,0
0.72,0.94,-0.027002,1,0,0
0.74,0.94,-0.020482,1,0,0
0.76,0.94,-0.082381,1,0,0
0.78,0.94,-0.05398,1,0,0
0.8,0.94,-0.09941,1,0,0
0.82,0.94,-0.040739,1,0,0
0.84,0.94,-0.053947,1,0,0
0.86,0.94,-0.031649,1,0,0
0.88,0.94,-0.12878,1,0,0
0.9,0.94,-0.042094,1,0,0
0.92,0.94,-0.033476,1,0,0
0.94,0.94,-0.046895,1,0,0
0.96,0.94,-0.016222,1,0,0
0.98,0.94,-0.064966,1,0,0
0.02,0.96,-0.010455,1,0,0
0.04,0.96,-0.072218,1,0,0
0.06,0.96,-0.07313,1,0,0
0.08,0.96,-0.055482,1,0,0
0.1,0.96,-0.019151,1,0,0
0.12,0.96,-0.029309,1,0,0
0.14,0.96,-0.044412,1,0,0
0.16,0.96,0.0025583,1,0,0
0.18,0.96,-0.084388,1,0,0
0.2,0.96,-0.076073,1,0,0
0.22,0.96,-0.063714,1,0,0
0.24,0.96,-0.031973,1,0,0
0.26,0.96,-0.0342,1,0,0
0.28,0.96,0.0029619,1,0,0
0.3,0.96,0.0011621,1,0,0
0.32,0.96,-0.011451,1,0,0
0.34,0.96,-0.059917,1,0,0
0.36,0.96,-0.084896,1,0,0
0.38,0.96,-0.081352,1,0,0
0.4,0.96,-0.070128,1,0,0
0.42,0.96,-0.0096338,1,0,0
0.44,0.96,-0.077337,1,0,0
0.46,0.96,-0.027906,1,0,0
0.48,0.96,-0.033656,1,0,0
0.5,0.96,-0.011871,1,0,0
0.52,0.96,-0.006176,1,0,0
0.54,0.96,-0.02001,1,0,0
0.56,0.96,-0.016676,1,0,0
0.58,0.96,-0.033334,1,0,0
0.6,0.96,-0.0030576,1,0,0
0.62,0.96,0.020913,1,0,0
0.64,0.96,-0.051065,1,0,0
0.66,0.96,-0.05733,1,0,0
0.68,0.96,-0.068492,1,0,0
0.7,0.96,-0.0026396,1,0,0
0.72,0.96,-0.042044,1,0,0
0.74,0.96,-0.027213,1,0,0
0.76,0.96,-0.047169,1,0,0
0.78,0.96,-0.073298,1,0,0
0.8,0.96,-0.11067,1,0,0
0.82,0.96,-0.038561,1,0,0
0.84,0.96,-0.015725,1,0,0
0.86,0.96,-0.0071133,1,0,0
0.88,0.96,-0.093583,1,0,0
0.9,0.96,0.0030614,1,0,0
0.92,0.96,-0.049337,1,0,0
0.94,0.96,-0.065465,1,0,0
0.96,0.96,-0.079259,1,0,0
0.98,0.96,-0.087787,1,0,0
0.02,0.98,0.0099238,1,0,0
0.04,0.98,-0.05429,1,0,0
0.06,0.98,-0.020423,1,0,0
0.08,0.98,-0.019047,1,0,0
0.1,0.98,-0.099604,1,0,0
0.12,0.98,-0.051884,1,0,0
0.14,0.98,-0.038259,1,0,0
0.16,0.98,-0.030229,1,0,0
0.18,0.98,-0.041828,1,0,0
0.2,0.98,-0.042683,1,0,0
0.22,0.98,-0.0538,1,0,0
0.24,0.98,-0.028063,1,0,0
0.26,0.98,-0.018804,1,0,0
0.28,0.98,0.0081839,1,0,0
0.3,0.98,-0.014535,1,0,0
0.32,0.98,-0.048927,1,0,0
0.34,0.98,-0.017262,1,0,0
0.36,0.98,-0.065876,1,0,0
0.38,0.98,-0.061907,1,0,0
0.4,0.98,-0.044043,1,0,0
0.42,0.98,0.021015,1,0,0
0.44,0.98,-0.003653,1,0,0
0.46,0.98,-0.0071737,1,0,0
0.48,0.98,-0.037475,1,0,0
0.5,0.98,-0.0707,1,0,0
0.52,0.98,-0.060646,1,0,0
0.54,0.98,0.0099033,1,0,0
0.56,0.98,-0.013133,1,0,0
0.58,0.98,0.040037,1,0,0
0.6,0.98,0.0051544,1,0,0
0.62,0.98,-0.019284,1,0,0
0.64,0.98,-0.03852,1,0,0
0.66,0.98,0.0036418,1,0,0
0.68,0.98,-0.064608,1,0,0
0.7,0.98,-0.025045,1,0,0
0.72,0.98,-0.041719,1,0,0
0.74,0.98,-0.057098,1,0,0
0.76,0.98,-0.023755,1,0,0
0.78,0.98,-0.092772,1,0,0
0.8,0.98,-0.095538,1,0,0
0.82,0.98,-0.055012,1,0,0
0.84,0.98,-0.021725,1,0,0
0.86,0.98,0.008827,1,0,0
0.88,0.98,-0.054896,1,0,0
0.9,0.98,-0.061583,1,0,0
0.92,0.98,-0.00019656,1,0,0
0.94,0.98,-0.054752,1,0,0
0.96,0.98,-0.051087,1,0,0
0.98,0.98,-0.0082388,1,0,0
0,0,0.0090786,-1,0,0
0.02,0,0.0090786,-1,0,0
0.04,0,-0.072041,-1,0,0
0.06,0,-0.062272,-1,0,0
0.08,0,-0.072472,-1,0,0
0.1,0,-0.11639,-1,0,0
0.12,0,-0.090205,-1,0,0
0.14,0,-0.047054,-1,0,0
0.16,0,-0.035538,-1,0,0
0.18,0,-0.029713,-1,0,0
0.2,0,-0.037151,-1,0,0
0.22,0,-0.069213,-1,0,0
0.24,0,-0.068064,-1,0,0
0.26,0,-0.066472,-1,0,0
0.28,0,-0.092497,-1,0,0
0.3,0,-0.019564,-1,0,0
0.32,0,-0.074656,-1,0,0
0.34,0,-0.04075,-1,0,0
0.36,0,-0.034894,-1,0,0
0.38,0,-0.10693,-1,0,0
0.4,0,-0.089055,-1,0,0
0.42,0,-0.014415,-1,0,0
0.44,0,0.0067867,-1,0,0
0.46,0,-0.02891,-1,0,0
0.48,0,-0.08598,-1,0,0
0.5,0,0.0067858,-1,0,0
0.52,0,-0.025807,-1,0,0
0.54,0,-0.014836,-1,0,0
0.56,0,-0.059847,-1,0,0
0.58,0,0.061017,-1,0,0
0.6,0,-0.026486,-1,0,0
0.62,0,-0.023725,-1,0,0
0.64,0,-0.032306,-1,0,0
0.66,0,-0.062018,-1,0,0
0.68,0,-0.043491,-1,0,0
0.7,0,-0.076356,-1,0,0
0.72,0,-0.045301,-1,0,0
0.74,0,-0.016315,-1,0,0
0.76,0,-0.04828,-1,0,0
0.78,0,-0.066585,-1,0,0
0.8,0,-0.028189,-1,0,0
0.82,0,-0.021154,-1,0,0
0.84,0,-0.043837,-1,0,0
0.86,0,-0.0078234,-1,0,0
0.88,0,-0.02377,-1,0,0
0.9,0,-0.034237,-1,0,0
0.92,0,-0.014294,-1,0,0
0.94,0,-0.037147,-1,0,0
0.96,0,-0.0031966,-1,0,0
0.98,0,-0.089528,-1,0,0
1,0,-0.037619,-1,0,0
1,0.02,-0.04608,-1,0,0
1,0.04,-0.078028,-1,0,0
1,0.06,-0.035238,-1,0,0
1,0.08,-0.069084,-1,0,0
1,0.1,-0.089566,-1,0,0
1,0.12,-0.081625,-1,0,0
1,0.14,-0.04937,-1,0,0
1,0.16,-0.059336,-1,0,0
1,0.18,-0.11951,-1,0,0
1,0.2,-0.1187,-1,0,0
1,0.22,-0.061864,-1,0,0
1,0.24,-0.091121,-1,0,0
1,0.26,-0.037135,-1,0,0
1,0.28,-0.059427,-1,0,0
1,0.3,-0.096154,-1,0,0
1,0.32,-0.073866,-1,0,0
1,0.34,-0.12463,-1,0,0
1,0.36,-0.045359,-1,0,0
1,0.38,-0.048649,-1,0,0
1,0.4,-0.063656,-1,0,0
1,0.42,-0.00011998,-1,0,0
1,0.44,-0.021236,-1,0,0
1,0.46,-0.0391,-1,0,0
1,0.48,-0.02422,-1,0,0
1,0.5,-0.039906,-1,0,0
1,0.52,-0.024443,-1,0,0
1,0.54,-0.055152,-1,0,0
1,0.56,-0.045745,-1,0,0
1,0.58,-0.088591,-1,0,0
1,0.6,-0.070554,-1,0,0
1,0.62,-0.078532,-1,0,0
1,0.64,-0.096648,-1,0,0
1,0.66,-0.057253,-1,0,0
1,0.68,-0.054804,-1,0,0
1,0.7,-0.05785,-1,0,0
1,0.72,-0.042029,-1,0,0
1,0.74,-0.06146,-1,0,0
1,0.76,-0.07645,-1,0,0
1,0.78,-0.055022,-1,0,0
1,0.8,-0.037796,-1,0,0
1,0.82,-0.10443,-1,0,0
1,0.84,-0.065549,-1,0,0
1,0.86,-0.10301,-1,0,0
1,0.88,0.017661,-1,0,0
1,0.9,-0.057014,-1,0,0
1,0.92,-0.13609,-1,0,0
1,0.94,-0.095432,-1,0,0
1,0.96,-0.081553,-1,0,0
1,0.98,-0.062118,-1,0,0
1,1,-0.077247,-1,0,0
0.98,1,-0.10401,-1,0,0
0.96,1,0.019723,-1,0,0
0.94,1,-0.087145,-1,0,0
0.92,1,-0.051147,-1,0,0
0.9,1,-0.058794,-1,0,0
0.88,1,-0.057875,-1,0,0
0.86,1,-0.05868,-1,0,0
0.84,1,-0.088674,-1,0,0
0.82,1,-0.11932,-1,0,0
0.8,1,-0.11003,-1,0,0
0.78,1,-0.067493,-1,0,0
0.76,1,-0.067786,-1,0,0
0.74,1,-0.054444,-1,0,0
0.72,1,-0.060672,-1,0,0
0.7,1,-0.063857,-1,0,0
0.68,1,-0.059375,-1,0,0
0.66,1,-0.057722,-1,0,0
0.64,1,-0.077151,-1,0,0
0.62,1,-0.026128,-1,0,0
0.6,1,-0.069761,-1,0,0
0.58,1,0.00012038,-1,0,0
0.56,1,-0.037402,-1,0,0
0.54,1,0.042722,-1,0,0
0.52,1,0.00023001,-1,0,0
0.5,1,-0.055832,-1,0,0
0.48,1,-0.06555,-1,0,0
0.46,1,-0.010171,-1,0,0
0.44,1,-0.042172,-1,0,0
0.42,1,-0.028875,-1,0,0
0.4,1,-0.033429,-1,0,0
0.38,1,-0.082723,-1,0,0
0.36,1,-0.053293,-1,0,0
0.34,1,-0.055514,-1,0,0
0.32,1,-0.063038,-1,0,0
0.3,1,-0.025253,-1,0,0
0.28,1,-0.046844,-1,0,0
0.26,1,-0.049972,-1,0,0
0.24,1,-0.095146,-1,0,0
0.22,1,-0.097608,-1,0,0
0.2,1,-0.10623,-1,0,0
0.18,1,-0.10573,-1,0,0
0.16,1,-0.063056,-1,0,0
0.14,1,-0.042112,-1,0,0
0.12,1,-0.031777,-1,0,0
0.1,1,-0.070803,-1,0,0
0.08,1,-0.069368,-1,0,0
0.06,1,-0.047809,-1,0,0
0.04,1,-0.058815,-1,0,0
0.02,1,-0.016943,-1,0,0
0,1,-0.035696,-1,0,0
0,0.98,0.025677,-1,0,0
0,0.96,-0.055134,-1,0,0
0,0.94,-0.042359,-1,0,0
0,0.92,0.053388,-1,0,0
0,0.9,0.01169,-1,0,0
0,0.88,-0.0036932,-1,0,0
0,0.86,0.0044764,-1,0,0
0,0.84,0.0079189,-1,0,0
0,0.82,-0.055795,-1,0,0
0,0.8,-0.079203,-1,0,0
0,0.78,-0.084276,-1,0,0
0,0.76,-0.079916,-1,0,0
0,0.74,-0.051644,-1,0,0
0,0.72,-0.0069956,-1,0,0
0,0.7,0.0031134,-1,0,0
0,0.68,0.0011869,-1,0,0
0,0.66,-0.03588,-1,0,0
0,0.64,-0.075135,-1,0,0
0,0.62,-0.082124,-1,0,0
0,0.6,0.013535,-1,0,0
0,0.58,-0.010288,-1,0,0
0,0.56,-0.060596,-1,0,0
0,0.54,-0.086888,-1,0,0
0,0.52,-0.051519,-1,0,0
0,0.5,-0.095964,-1,0,0
0,0.48,-0.052685,-1,0,0
0,0.46,-0.018092,-1,0,0
0,0.44,-0.019217,-1,0,0
0,0.42,0.031352,-1,0,0
0,0.4,-0.028765,-1,0,0
0,0.38,-0.033248,-1,0,0
0,0.36,-0.08965,-1,0,0
0,0.34,-0.070445,-1,0,0
0,0.32,0.01237,-1,0,0
0,0.3,0.032301,-1,0,0
0,0.28,-0.0014287,-1,0,0
0,0.26,-0.07446,-1,0,0
0,0.24,-0.078764,-1,0,0
0,0.22,-0.039794,-1,0,0
0,0.2,-0.057692,-1,0,0
0,0.18,-0.022204,-1,0,0
0,0.16,-0.082731,-1,0,0
0,0.14,-0.092794,-1,0,0
0,0.12,-0.098421,-1,0,0
0,0.1,-0.041812,-1,0,0
0,0.08,-0.029154,-1,0,0
0,0.06,-0.052718,-1,0,0
0,0.04,-0.11699,-1,0,0
0,0.02,0.0081091,-1,0,0
