0.02,0.02,0.065224,1,0,0
0.04,0.02,0.037401,1,0,0
0.06,0.02,0.0051745,1,0,0
0.08,0.02,-0.01578,1,0,0
0.1,0.02,-0.0060156,1,0,0
0.12,0.02,0.0040431,1,0,0
0.14,0.02,-0.018317,1,0,0
0.16,0.02,-0.046566,1,0,0
0.18,0.02,0.012892,1,0,0
0.2,0.02,-0.0054464,1,0,0
0.22,0.02,-0.053703,1,0,0
0.24,0.02,-0.036891,1,0,0
0.26,0.02,-0.045622,1,0,0
0.28,0.02,-0.037248,1,0,0
0.3,0.02,-0.066934,1,0,0
0.32,0.02,-0.046007,1,0,0
0.34,0.02,-0.046593,1,0,0
0.36,0.02,-0.059781,1,0,0
0.38,0.02,-0.053623,1,0,0
0.4,0.02,-0.010027,1,0,0
0.42,0.02,-0.023084,1,0,0
0.44,0.02,-0.017845,1,0,0
0.46,0.02,0.0053776,1,0,0
0.48,0.02,0.029351,1,0,0
0.5,0.02,0.054312,1,0,0
0.52,0.02,0.041086,1,0,0
0.54,0.02,0.0048011,1,0,0
0.56,0.02,0.035777,1,0,0
0.58,0.02,0.010323,1,0,0
0.6,0.02,0.0048752,1,0,0
0.62,0.02,0.074855,1,0,0
0.64,0.02,0.043011,1,0,0
0.66,0.02,0.087605,1,0,0
0.68,0.02,0.068304,1,0,0
0.7,0.02,0.070704,1,0,0
0.72,0.02,0.013948,1,0,0
0.74,0.02,-0.0034341,1,0,0
0.76,0.02,-0.0016381,1,0,0
0.78,0.02,0.05433,1,0,0
0.8,0.02,0.0091501,1,0,0
0.82,0.02,0.022393,1,0,0
0.84,0.02,0.0028268,1,0,0
0.86,0.02,0.040687,1,0,0
0.88,0.02,0.010945,1,0,0
0.9,0.02,0.0013445,1,0,0
0.92,0.02,0.022902,1,0,0
0.94,0.02,0.0032107,1,0,0
0.96,0.02,0.00083399,1,0,0
0.98,0.02,-0.0045009,1,0,0
0.02,0.04,0.092532,1,0,0
0.04,0.04,0.041287,1,0,0
0.06,0.04,0.01261,1,0,0
0.08,0.04,-0.0025256,1,0,0
0.1,0.04,-0.013683,1,0,0
0.12,0.04,-0.022694,1,0,0
0.14,0.04,-0.062225,1,0,0
0.16,0.04,-0.0067708,1,0,0
0.18,0.04,-0.032541,1,0,0
0.2,0.04,0.022264,1,0,0
0.22,0.04,-0.0059441,1,0,0
0.24,0.04,-0.040916,1,0,0
0.26,0.04,-0.048519,1,0,0
0.28,0.04,-0.066755,1,0,0
0.3,0.04,-0.065391,1,0,0
0.32,0.04,-0.034121,1,0,0
0.34,0.04,-0.032018,1,0,0
0.36,0.04,-0.021834,1,0,0
0.38,0.04,-0.016226,1,0,0
0.4,0.04,-0.013738,1,0,0
0.42,0.04,0.006372,1,0,0
0.44,0.04,0.012864,1,0,0
0.46,0.04,0.01557,1,0,0
0.48,0.04,0.0077088,1,0,0
0.5,0.04,0.024431,1,0,0
0.52,0.04,0.027657,1,0,0
0.54,0.04,0.016959,1,0,0
0.56,0.04,0.0121,1,0,0
0.58,0.04,0.016215,1,0,0
0.6,0.04,0.041302,1,0,0
0.62,0.04,0.03402,1,0,0
0.64,0.04,0.064879,1,0,0
0.66,0.04,0.058639,1,0,0
0.68,0.04,0.061268,1,0,0
0.7,0.04,0.043492,1,0,0
0.72,0.04,-0.0022288,1,0,0
0.74,0.04,0.0029046,1,0,0
0.76,0.04,-0.0025469,1,0,0
0.78,0.04,0.038946,1,0,0
0.8,0.04,-0.0099959,1,0,0
0.82,0.04,0.028084,1,0,0
0.84,0.04,-0.0014116,1,0,0
0.86,0.04,0.021437,1,0,0
0.88,0.04,-0.010618,1,0,0
0.9,0.04,0.016398,1,0,0
0.92,0.04,-0.019675,1,0,0
0.94,0.04,0.015794,1,0,0
0.96,0.04,0.027775,1,0,0
0.98,0.04,0.0089672,1,0,0
0.02,0.06,0.10391,1,0,0
0.04,0.06,0.058217,1,0,0
0.06,0.06,0.021081,1,0,0
0.08,0.06,0.032596,1,0,0
0.1,0.06,0.017682,1,0,0
0.12,0.06,0.010254,1,0,0
0.14,0.06,0.0018282,1,0,0
0.16,0.06,0.0086438,1,0,0
0.18,0.06,-0.033406,1,0,0
0.2,0.06,-0.0094281,1,0,0
0.22,0.06,0.016572,1,0,0
0.24,0.06,-0.011837,1,0,0
0.26,0.06,-0.032182,1,0,0
0.28,0.06,-0.036655,1,0,0
0.3,0.06,-0.020403,1,0,0
0.32,0.06,-0.00083459,1,0,0
0.34,0.06,-0.012129,1,0,0
0.36,0.06,0.0092063,1,0,0
0.38,0.06,0.00049835,1,0,0
0.4,0.06,0.028101,1,0,0
0.42,0.06,0.01221,1,0,0
0.44,0.06,0.032505,1,0,0
0.46,0.06,0.038124,1,0,0
0.48,0.06,0.022685,1,0,0
0.5,0.06,0.038747,1,0,0
0.52,0.06,0.048273,1,0,0
0.54,0.06,0.058516,1,0,0
0.56,0.06,0.024616,1,0,0
0.58,0.06,0.039458,1,0,0
0.6,0.06,0.033884,1,0,0
0.62,0.06,0.07365,1,0,0
0.64,0.06,0.06916,1,0,0
0.66,0.06,0.085165,1,0,0
0.68,0.06,0.033591,1,0,0
0.7,0.06,0.024314,1,0,0
0.72,0.06,0.023803,1,0,0
0.74,0.06,0.029954,1,0,0
0.76,0.06,0.053919,1,0,0
0.78,0.06,0.037446,1,0,0
0.8,0.06,0.013957,1,0,0
0.82,0.06,0.046506,1,0,0
0.84,0.06,0.041367,1,0,0
0.86,0.06,0.044391,1,0,0
0.88,0.06,0.061312,1,0,0
0.9,0.06,0.071402,1,0,0
0.92,0.06,0.028605,1,0,0
0.94,0.06,0.019002,1,0,0
0.96,0.06,0.048636,1,0,0
0.98,0.06,0.037451,1,0,0
0.02,0.08,0.083308,1,0,0
0.04,0.08,0.049418,1,0,0
0.06,0.08,0.024075,1,0,0
0.08,0.08,0.06239,1,0,0
0.1,0.08,0.050605,1,0,0
0.12,0.08,0.0039213,1,0,0
0.14,0.08,0.018695,1,0,0
0.16,0.08,0.0059719,1,0,0
0.18,0.08,-0.039536,1,0,0
0.2,0.08,-0.01777,1,0,0
0.22,0.08,0.0034043,1,0,0
0.24,0.08,-0.017775,1,0,0
0.26,0.08,-0.015199,1,0,0
0.28,0.08,-0.0025423,1,0,0
0.3,0.08,-0.0080938,1,0,0
0.32,0.08,0.019677,1,0,0
0.34,0.08,0.011052,1,0,0
0.36,0.08,0.014009,1,0,0
0.38,0.08,0.0312,1,0,0
0.4,0.08,0.0033732,1,0,0
0.42,0.08,0.051216,1,0,0
0.44,0.08,0.026193,1,0,0
0.46,0.08,0.046781,1,0,0
0.48,0.08,0.020981,1,0,0
0.5,0.08,0.0095914,1,0,0
0.52,0.08,0.021735,1,0,0
0.54,0.08,0.046265,1,0,0
0.56,0.08,0.038065,1,0,0
0.58,0.08,0.047084,1,0,0
0.6,0.08,0.035546,1,0,0
0.62,0.08,0.054231,1,0,0
0.64,0.08,0.040832,1,0,0
0.66,0.08,0.051746,1,0,0
0.68,0.08,0.02936,1,0,0
0.7,0.08,0.018683,1,0,0
0.72,0.08,0.028799,1,0,0
0.74,0.08,0.012902,1,0,0
0.76,0.08,0.03046,1,0,0
0.78,0.08,0.0067686,1,0,0
0.8,0.08,0.012801,1,0,0
0.82,0.08,0.014907,1,0,0
0.84,0.08,0.0047719,1,0,0
0.86,0.08,0.038397,1,0,0
0.88,0.08,0.04554,1,0,0
0.9,0.08,0.042919,1,0,0
0.92,0.08,0.036587,1,0,0
0.94,0.08,0.043248,1,0,0
0.96,0.08,0.058154,1,0,0
0.98,0.08,0.027563,1,0,0
0.02,0.1,0.061966,1,0,0
0.04,0.1,0.046429,1,0,0
0.06,0.1,0.0060205,1,0,0
0.08,0.1,0.032962,1,0,0
0.1,0.1,0.058046,1,0,0
0.12,0.1,0.027065,1,0,0
0.14,0.1,0.0027396,1,0,0
0.16,0.1,0.0035754,1,0,0
0.18,0.1,0.014775,1,0,0
0.2,0.1,-0.0081217,1,0,0
0.22,0.1,-0.0056008,1,0,0
0.24,0.1,-0.024238,1,0,0
0.26,0.1,0.036126,1,0,0
0.28,0.1,-0.021868,1,0,0
0.3,0.1,-0.015531,1,0,0
0.32,0.1,-0.022948,1,0,0
0.34,0.1,-0.0026564,1,0,0
0.36,0.1,0.013675,1,0,0
0.38,0.1,0.049752,1,0,0
0.4,0.1,0.033798,1,0,0
0.42,0.1,0.053697,1,0,0
0.44,0.1,0.016071,1,0,0
0.46,0.1,0.01635,1,0,0
0.48,0.1,0.003103,1,0,0
0.5,0.1,0.020154,1,0,0
0.52,0.1,0.025827,1,0,0
0.54,0.1,0.037199,1,0,0
0.56,0.1,0.034191,1,0,0
0.58,0.1,0.030294,1,0,0
0.6,0.1,0.046131,1,0,0
0.62,0.1,0.049962,1,0,0
0.64,0.1,0.030624,1,0,0
0.66,0.1,0.011001,1,0,0
0.68,0.1,0.0019845,1,0,0
0.7,0.1,0.032283,1,0,0
0.72,0.1,0.017868,1,0,0
0.74,0.1,-0.017334,1,0,0
0.76,0.1,0.024747,1,0,0
0.78,0.1,0.049039,1,0,0
0.8,0.1,0.0035513,1,0,0
0.82,0.1,-0.010445,1,0,0
0.84,0.1,0.0079804,1,0,0
0.86,0.1,-0.002182,1,0,0
0.88,0.1,0.0048633,1,0,0
0.9,0.1,0.034368,1,0,0
0.92,0.1,0.066693,1,0,0
0.94,0.1,0.039019,1,0,0
0.96,0.1,0.034345,1,0,0
0.98,0.1,0.055669,1,0,0
0.02,0.12,0.0098627,1,0,0
0.04,0.12,0.012877,1,0,0
0.06,0.12,0.035519,1,0,0
0.08,0.12,0.042666,1,0,0
0.1,0.12,0.044844,1,0,0
0.12,0.12,0.024107,1,0,0
0.14,0.12,0.025908,1,0,0
0.16,0.12,0.028022,1,0,0
0.18,0.12,0.022003,1,0,0
0.2,0.12,0.002936,1,0,0
0.22,0.12,0.021949,1,0,0
0.24,0.12,-0.016252,1,0,0
0.26,0.12,0.024911,1,0,0
0.28,0.12,-0.019693,1,0,0
0.3,0.12,-0.02839,1,0,0
0.32,0.12,-0.035403,1,0,0
0.34,0.12,0.0022074,1,0,0
0.36,0.12,0.045026,1,0,0
0.38,0.12,0.015143,1,0,0
0.4,0.12,0.020786,1,0,0
0.42,0.12,0.034575,1,0,0
0.44,0.12,0.0063459,1,0,0
0.46,0.12,0.012127,1,0,0
0.48,0.12,0.034654,1,0,0
0.5,0.12,0.023314,1,0,0
0.52,0.12,0.012892,1,0,0
0.54,0.12,0.051254,1,0,0
0.56,0.12,0.022621,1,0,0
0.58,0.12,0.020716,1,0,0
0.6,0.12,0.029384,1,0,0
0.62,0.12,0.046286,1,0,0
0.64,0.12,0.019617,1,0,0
0.66,0.12,0.013374,1,0,0
0.68,0.12,-0.010589,1,0,0
0.7,0.12,0.017307,1,0,0
0.72,0.12,0.011246,1,0,0
0.74,0.12,-0.0026474,1,0,0
0.76,0.12,0.005262,1,0,0
0.78,0.12,0.026319,1,0,0
0.8,0.12,0.022905,1,0,0
0.82,0.12,0.0033442,1,0,0
0.84,0.12,0.010934,1,0,0
0.86,0.12,-0.01845,1,0,0
0.88,0.12,-0.0096698,1,0,0
0.9,0.12,0.0054673,1,0,0
0.92,0.12,0.061601,1,0,0
0.94,0.12,0.028206,1,0,0
0.96,0.12,0.056092,1,0,0
0.98,0.12,0.052988,1,0,0
0.02,0.14,-0.011034,1,0,0
0.04,0.14,0.031559,1,0,0
0.06,0.14,0.058685,1,0,0
0.08,0.14,0.057104,1,0,0
0.1,0.14,0.046203,1,0,0
0.12,0.14,0.033017,1,0,0
0.14,0.14,0.014513,1,0,0
0.16,0.14,0.033573,1,0,0
0.18,0.14,0.010294,1,0,0
0.2,0.14,0.0031418,1,0,0
0.22,0.14,0.0090778,1,0,0
0.24,0.14,0.027737,1,0,0
0.26,0.14,0.016048,1,0,0
0.28,0.14,0.011089,1,0,0
0.3,0.14,-0.0097158,1,0,0
0.32,0.14,-0.0019316,1,0,0
0.34,0.14,-0.0050675,1,0,0
0.36,0.14,0.039159,1,0,0
0.38,0.14,0.07569,1,0,0
0.4,0.14,-0.0041624,1,0,0
0.42,0.14,0.02959,1,0,0
0.44,0.14,0.0057254,1,0,0
0.46,0.14,0.028524,1,0,0
0.48,0.14,0.027504,1,0,0
0.5,0.14,0.027516,1,0,0
0.52,0.14,0.033524,1,0,0
0.54,0.14,0.036673,1,0,0
0.56,0.14,0.017262,1,0,0
0.58,0.14,0.00099519,1,0,0
0.6,0.14,0.034755,1,0,0
0.62,0.14,0.042001,1,0,0
0.64,0.14,0.036206,1,0,0
0.66,0.14,0.035915,1,0,0
0.68,0.14,0.0084247,1,0,0
0.7,0.14,-0.017748,1,0,0
0.72,0.14,0.011723,1,0,0
0.74,0.14,-0.016793,1,0,0
0.76,0.14,-0.025382,1,0,0
0.78,0.14,-0.0068548,1,0,0
0.8,0.14,0.0090487,1,0,0
0.82,0.14,0.015731,1,0,0
0.84,0.14,-0.016254,1,0,0
0.86,0.14,-0.010227,1,0,0
0.88,0.14,-0.014465,1,0,0
0.9,0.14,0.04742,1,0,0
0.92,0.14,0.047856,1,0,0
0.94,0.14,0.019023,1,0,0
0.96,0.14,0.054966,1,0,0
0.98,0.14,0.035244,1,0,0
0.02,0.16,0.042064,1,0,0
0.04,0.16,0.056496,1,0,0
0.06,0.16,0.02487,1,0,0
0.08,0.16,0.064036,1,0,0
0.1,0.16,0.01946,1,0,0
0.12,0.16,0.0099074,1,0,0
0.14,0.16,-0.014516,1,0,0
0.16,0.16,0.008347,1,0,0
0.18,0.16,0.028291,1,0,0
0.2,0.16,-0.0010509,1,0,0
0.22,0.16,-0.0029773,1,0,0
0.24,0.16,0.039684,1,0,0
0.26,0.16,0.015434,1,0,0
0.28,0.16,-0.0018006,1,0,0
0.3,0.16,-0.012927,1,0,0
0.32,0.16,-0.012675,1,0,0
0.34,0.16,0.0035134,1,0,0
0.36,0.16,0.045428,1,0,0
0.38,0.16,0.04893,1,0,0
0.4,0.16,0.040226,1,0,0
0.42,0.16,0.045991,1,0,0
0.44,0.16,0.028071,1,0,0
0.46,0.16,0.020972,1,0,0
0.48,0.16,-0.0042109,1,0,0
0.5,0.16,-0.0096102,1,0,0
0.52,0.16,0.01168,1,0,0
0.54,0.16,0.027462,1,0,0
0.56,0.16,0.042889,1,0,0
0.58,0.16,0.0054041,1,0,0
0.6,0.16,0.044073,1,0,0
0.62,0.16,0.07148,1,0,0
0.64,0.16,0.023198,1,0,0
0.66,0.16,0.042725,1,0,0
0.68,0.16,0.034056,1,0,0
0.7,0.16,-0.0026132,1,0,0
0.72,0.16,-0.0071135,1,0,0
0.74,0.16,-0.011479,1,0,0
0.76,0.16,-0.019741,1,0,0
0.78,0.16,-0.020366,1,0,0
0.8,0.16,0.024301,1,0,0
0.82,0.16,0.033655,1,0,0
0.84,0.16,-0.0008506,1,0,0
0.86,0.16,-0.0047492,1,0,0
0.88,0.16,0.011699,1,0,0
0.9,0.16,0.046145,1,0,0
0.92,0.16,0.056143,1,0,0
0.94,0.16,0.048118,1,0,0
0.96,0.16,0.052332,1,0,0
0.98,0.16,0.05803,1,0,0
0.02,0.18,0.042053,1,0,0
0.04,0.18,0.0071883,1,0,0
0.06,0.18,0.016999,1,0,0
0.08,0.18,0.052226,1,0,0
0.1,0.18,0.056988,1,0,0
0.12,0.18,0.041351,1,0,0
0.14,0.18,-0.0045745,1,0,0
0.16,0.18,0.040744,1,0,0
0.18,0.18,0.025007,1,0,0
0.2,0.18,0.012722,1,0,0
0.22,0.18,0.0096912,1,0,0
0.24,0.18,0.01754,1,0,0
0.26,0.18,0.041941,1,0,0
0.28,0.18,0.047402,1,0,0
0.3,0.18,0.010829,1,0,0
0.32,0.18,0.008192,1,0,0
0.34,0.18,0.0034078,1,0,0
0.36,0.18,0.056272,1,0,0
0.38,0.18,0.02788,1,0,0
0.4,0.18,0.038948,1,0,0
0.42,0.18,0.048401,1,0,0
0.44,0.18,0.052438,1,0,0
0.46,0.18,0.021617,1,0,0
0.48,0.18,0.035052,1,0,0
0.5,0.18,0.045244,1,0,0
0.52,0.18,0.038055,1,0,0
0.54,0.18,0.067657,1,0,0
0.56,0.18,0.04715,1,0,0
0.58,0.18,0.023653,1,0,0
0.6,0.18,0.036483,1,0,0
0.62,0.18,0.056808,1,0,0
0.64,0.18,0.012119,1,0,0
0.66,0.18,0.031303,1,0,0
0.68,0.18,0.028043,1,0,0
0.7,0.18,0.020073,1,0,0
0.72,0.18,0.0072253,1,0,0
0.74,0.18,0.0055794,1,0,0
0.76,0.18,-0.0013032,1,0,0
0.78,0.18,0.025846,1,0,0
0.8,0.18,0.031884,1,0,0
0.82,0.18,0.0051119,1,0,0
0.84,0.18,0.012648,1,0,0
0.86,0.18,0.020425,1,0,0
0.88,0.18,0.048034,1,0,0
0.9,0.18,0.056649,1,0,0
0.92,0.18,0.042024,1,0,0
0.94,0.18,0.039667,1,0,0
0.96,0.18,0.024235,1,0,0
0.98,0.18,0.015102,1,0,0
0.02,0.2,0.027882,1,0,0
0.04,0.2,0.015309,1,0,0
0.06,0.2,0.007363,1,0,0
0.08,0.2,0.014846,1,0,0
0.1,0.2,0.013021,1,0,0
0.12,0.2,0.023318,1,0,0
0.14,0.2,-0.022036,1,0,0
0.16,0.2,-0.033494,1,0,0
0.18,0.2,0.014518,1,0,0
0.2,0.2,-0.023291,1,0,0
0.22,0.2,-0.019807,1,0,0
0.24,0.2,0.020735,1,0,0
0.26,0.2,0.0095477,1,0,0
0.28,0.2,0.00067201,1,0,0
0.3,0.2,-0.0051821,1,0,0
0.32,0.2,0.0076096,1,0,0
0.34,0.2,0.018653,1,0,0
0.36,0.2,0.0036964,1,0,0
0.38,0.2,0.0010663,1,0,0
0.4,0.2,0.021645,1,0,0
0.42,0.2,0.02592,1,0,0
0.44,0.2,0.040515,1,0,0
0.46,0.2,0.035013,1,0,0
0.48,0.2,0.0013854,1,0,0
0.5,0.2,0.002437,1,0,0
0.52,0.2,0.015409,1,0,0
0.54,0.2,0.017825,1,0,0
0.56,0.2,0.037827,1,0,0
0.58,0.2,0.0050174,1,0,0
0.6,0.2,-0.013043,1,0,0
0.62,0.2,0.045686,1,0,0
0.64,0.2,0.033016,1,0,0
0.66,0.2,0.022682,1,0,0
0.68,0.2,-0.004593,1,0,0
0.7,0.2,-0.0029621,1,0,0
0.72,0.2,0.021685,1,0,0
0.74,0.2,-0.0073207,1,0,0
0.76,0.2,0.006096,1,0,0
0.78,0.2,0.019702,1,0,0
0.8,0.2,-0.0068155,1,0,0
0.82,0.2,0.012926,1,0,0
0.84,0.2,0.0022451,1,0,0
0.86,0.2,0.030987,1,0,0
0.88,0.2,-0.019092,1,0,0
0.9,0.2,0.018763,1,0,0
0.92,0.2,0.00328,1,0,0
0.94,0.2,-0.032128,1,0,0
0.96,0.2,0.0028863,1,0,0
0.98,0.2,0.017693,1,0,0
0.02,0.22,0.025385,1,0,0
0.04,0.22,0.0022858,1,0,0
0.06,0.22,0.010358,1,0,0
0.08,0.22,0.014921,1,0,0
0.1,0.22,0.0046999,1,0,0
0.12,0.22,-0.018557,1,0,0
0.14,0.22,0.026855,1,0,0
0.16,0.22,-0.011865,1,0,0
0.18,0.22,0.0097806,1,0,0
0.2,0.22,-0.0039645,1,0,0
0.22,0.22,0.027859,1,0,0
0.24,0.22,-0.023887,1,0,0
0.26,0.22,0.011536,1,0,0
0.28,0.22,0.014325,1,0,0
0.3,0.22,-0.013746,1,0,0
0.32,0.22,0.014122,1,0,0
0.34,0.22,0.018892,1,0,0
0.36,0.22,0.010929,1,0,0
0.38,0.22,0.023656,1,0,0
0.4,0.22,0.0050722,1,0,0
0.42,0.22,0.019862,1,0,0
0.44,0.22,0.031621,1,0,0
0.46,0.22,0.0040961,1,0,0
0.48,0.22,0.012558,1,0,0
0.5,0.22,0.0082975,1,0,0
0.52,0.22,0.026776,1,0,0
0.54,0.22,0.032345,1,0,0
0.56,0.22,0.059118,1,0,0
0.58,0.22,0.033732,1,0,0
0.6,0.22,-0.00066951,1,0,0
0.62,0.22,0.048113,1,0,0
0.64,0.22,0.031139,1,0,0
0.66,0.22,0.047443,1,0,0
0.68,0.22,0.014157,1,0,0
0.7,0.22,0.012131,1,0,0
0.72,0.22,0.0060677,1,0,0
0.74,0.22,0.01163,1,0,0
0.76,0.22,0.018633,1,0,0
0.78,0.22,0.029237,1,0,0
0.8,0.22,0.02433,1,0,0
0.82,0.22,0.027544,1,0,0
0.84,0.22,0.0082059,1,0,0
0.86,0.22,0.017942,1,0,0
0.88,0.22,0.014345,1,0,0
0.9,0.22,0.020787,1,0,0
0.92,0.22,0.0012498,1,0,0
0.94,0.22,-0.0029383,1,0,0
0.96,0.22,0.017409,1,0,0
0.98,0.22,-0.0038725,1,0,0
0.02,0.24,0.074256,1,0,0
0.04,0.24,0.0029351,1,0,0
0.06,0.24,0.020066,1,0,0
0.08,0.24,0.013864,1,0,0
0.1,0.24,0.014544,1,0,0
0.12,0.24,-0.0020472,1,0,0
0.14,0.24,0.012026,1,0,0
0.16,0.24,-0.012751,1,0,0
0.18,0.24,0.016609,1,0,0
0.2,0.24,0.018805,1,0,0
0.22,0.24,-0.0021692,1,0,0
0.24,0.24,0.012539,1,0,0
0.26,0.24,0.012829,1,0,0
0.28,0.24,0.025097,1,0,0
0.3,0.24,0.024842,1,0,0
0.32,0.24,0.039792,1,0,0
0.34,0.24,0.053539,1,0,0
0.36,0.24,0.032439,1,0,0
0.38,0.24,0.01977,1,0,0
0.4,0.24,0.010436,1,0,0
0.42,0.24,0.0035548,1,0,0
0.44,0.24,-0.00060032,1,0,0
0.46,0.24,0.019627,1,0,0
0.48,0.24,-0.027756,1,0,0
0.5,0.24,0.049369,1,0,0
0.52,0.24,0.050658,1,0,0
0.54,0.24,0.03842,1,0,0
0.56,0.24,0.058995,1,0,0
0.58,0.24,0.047244,1,0,0
0.6,0.24,0.032287,1,0,0
0.62,0.24,0.060284,1,0,0
0.64,0.24,0.0536,1,0,0
0.66,0.24,0.038828,1,0,0
0.68,0.24,0.021845,1,0,0
0.7,0.24,0.038583,1,0,0
0.72,0.24,0.0037569,1,0,0
0.74,0.24,0.0079114,1,0,0
0.76,0.24,0.017524,1,0,0
0.78,0.24,0.044897,1,0,0
0.8,0.24,0.02083,1,0,0
0.82,0.24,0.049502,1,0,0
0.84,0.24,0.02601,1,0,0
0.86,0.24,-0.0016431,1,0,0
0.88,0.24,0.001474,1,0,0
0.9,0.24,-0.018191,1,0,0
0.92,0.24,0.0032227,1,0,0
0.94,0.24,-0.0055379,1,0,0
0.96,0.24,0.020462,1,0,0
0.98,0.24,0.0062011,1,0,0
0.02,0.26,0.033093,1,0,0
0.04,0.26,0.033745,1,0,0
0.06,0.26,0.0069824,1,0,0
0.08,0.26,0.04335,1,0,0
0.1,0.26,0.033441,1,0,0
0.12,0.26,0.010068,1,0,0
0.14,0.26,-0.0057254,1,0,0
0.16,0.26,0.025341,1,0,0
0.18,0.26,0.006896,1,0,0
0.2,0.26,0.0060955,1,0,0
0.22,0.26,-0.0085757,1,0,0
0.24,0.26,-0.01877,1,0,0
0.26,0.26,0.040896,1,0,0
0.28,0.26,0.037818,1,0,0
0.3,0.26,0.036085,1,0,0
0.32,0.26,0.054051,1,0,0
0.34,0.26,0.046632,1,0,0
0.36,0.26,0.021633,1,0,0
0.38,0.26,0.042188,1,0,0
0.4,0.26,-0.0043318,1,0,0
0.42,0.26,-0.01723,1,0,0
0.44,0.26,-0.018902,1,0,0
0.46,0.26,0.014872,1,0,0
0.48,0.26,0.030637,1,0,0
0.5,0.26,0.044266,1,0,0
0.52,0.26,0.036188,1,0,0
0.54,0.26,0.042301,1,0,0
0.56,0.26,0.030923,1,0,0
0.58,0.26,0.05525,1,0,0
0.6,0.26,0.070178,1,0,0
0.62,0.26,0.073343,1,0,0
0.64,0.26,0.053682,1,0,0
0.66,0.26,0.054987,1,0,0
0.68,0.26,0.063904,1,0,0
0.7,0.26,0.048691,1,0,0
0.72,0.26,0.011768,1,0,0
0.74,0.26,0.004335,1,0,0
0.76,0.26,0.034403,1,0,0
0.78,0.26,0.043436,1,0,0
0.8,0.26,0.040045,1,0,0
0.82,0.26,0.063734,1,0,0
0.84,0.26,0.036591,1,0,0
0.86,0.26,0.032636,1,0,0
0.88,0.26,0.048407,1,0,0
0.9,0.26,0.021388,1,0,0
0.92,0.26,-0.029747,1,0,0
0.94,0.26,0.011409,1,0,0
0.96,0.26,0.020864,1,0,0
0.98,0.26,-0.0098075,1,0,0
0.02,0.28,0.0094607,1,0,0
0.04,0.28,0.033163,1,0,0
0.06,0.28,-0.012467,1,0,0
0.08,0.28,0.02451,1,0,0
0.1,0.28,-0.0062636,1,0,0
0.12,0.28,0.0096226,1,0,0
0.14,0.28,0.028288,1,0,0
0.16,0.28,0.0070185,1,0,0
0.18,0.28,0.0044805,1,0,0
0.2,0.28,-0.0037235,1,0,0
0.22,0.28,-0.0092227,1,0,0
0.24,0.28,-0.0066261,1,0,0
0.26,0.28,0.0031349,1,0,0
0.28,0.28,0.012945,1,0,0
0.3,0.28,0.025517,1,0,0
0.32,0.28,0.062694,1,0,0
0.34,0.28,0.041512,1,0,0
0.36,0.28,0.032919,1,0,0
0.38,0.28,0.046912,1,0,0
0.4,0.28,0.025481,1,0,0
0.42,0.28,0.0022372,1,0,0
0.44,0.28,0.0098046,1,0,0
0.46,0.28,0.0069942,1,0,0
0.48,0.28,-0.0020292,1,0,0
0.5,0.28,-0.0062432,1,0,0
0.52,0.28,0.0016999,1,0,0
0.54,0.28,0.0057359,1,0,0
0.56,0.28,0.016584,1,0,0
0.58,0.28,0.062892,1,0,0
0.6,0.28,0.038641,1,0,0
0.62,0.28,0.073248,1,0,0
0.64,0.28,0.037885,1,0,0
0.66,0.28,0.03727,1,0,0
0.68,0.28,0.023083,1,0,0
0.7,0.28,0.035021,1,0,0
0.72,0.28,0.040554,1,0,0
0.74,0.28,0.032843,1,0,0
0.76,0.28,0.047156,1,0,0
0.78,0.28,0.020731,1,0,0
0.8,0.28,0.026323,1,0,0
0.82,0.28,0.04965,1,0,0
0.84,0.28,0.01387,1,0,0
0.86,0.28,0.024957,1,0,0
0.88,0.28,-0.00059216,1,0,0
0.9,0.28,-0.01208,1,0,0
0.92,0.28,-0.029613,1,0,0
0.94,0.28,-0.0032544,1,0,0
0.96,0.28,-0.0044546,1,0,0
0.98,0.28,-0.0083797,1,0,0
0.02,0.3,-0.0026108,1,0,0
0.04,0.3,0.014004,1,0,0
0.06,0.3,0.0072249,1,0,0
0.08,0.3,0.0077681,1,0,0
0.1,0.3,0.012444,1,0,0
0.12,0.3,0.023766,1,0,0
0.14,0.3,0.040495,1,0,0
0.16,0.3,0.031571,1,0,0
0.18,0.3,-0.0080144,1,0,0
0.2,0.3,0.0074009,1,0,0
0.22,0.3,-0.02652,1,0,0
0.24,0.3,0.00098633,1,0,0
0.26,0.3,0.03254,1,0,0
0.28,0.3,0.040659,1,0,0
0.3,0.3,0.038372,1,0,0
0.32,0.3,0.076067,1,0,0
0.34,0.3,0.017065,1,0,0
0.36,0.3,0.029038,1,0,0
0.38,0.3,0.049487,1,0,0
0.4,0.3,0.023189,1,0,0
0.42,0.3,0.031437,1,0,0
0.44,0.3,0.034912,1,0,0
0.46,0.3,0.028948,1,0,0
0.48,0.3,0.018162,1,0,0
0.5,0.3,0.022476,1,0,0
0.52,0.3,-0.0088978,1,0,0
0.54,0.3,0.015627,1,0,0
0.56,0.3,0.018927,1,0,0
0.58,0.3,0.042037,1,0,0
0.6,0.3,0.026937,1,0,0
0.62,0.3,0.019217,1,0,0
0.64,0.3,0.015915,1,0,0
0.66,0.3,0.019772,1,0,0
0.68,0.3,0.036746,1,0,0
0.7,0.3,0.077744,1,0,0
0.72,0.3,0.072228,1,0,0
0.74,0.3,0.075259,1,0,0
0.76,0.3,0.072251,1,0,0
0.78,0.3,0.071121,1,0,0
0.8,0.3,0.023717,1,0,0
0.82,0.3,0.046252,1,0,0
0.84,0.3,0.031932,1,0,0
0.86,0.3,0.020865,1,0,0
0.88,0.3,0.014613,1,0,0
0.9,0.3,0.018759,1,0,0
0.92,0.3,-0.0080233,1,0,0
0.94,0.3,-0.005549,1,0,0
0.96,0.3,-0.016556,1,0,0
0.98,0.3,0.012355,1,0,0
0.02,0.32,0.02572,1,0,0
0.04,0.32,0.03323,1,0,0
0.06,0.32,0.015935,1,0,0
0.08,0.32,0.031503,1,0,0
0.1,0.32,0.022033,1,0,0
0.12,0.32,0.022105,1,0,0
0.14,0.32,0.0033544,1,0,0
0.16,0.32,-0.010015,1,0,0
0.18,0.32,-0.0068498,1,0,0
0.2,0.32,0.0029557,1,0,0
0.22,0.32,0.014623,1,0,0
0.24,0.32,-0.00093789,1,0,0
0.26,0.32,0.042882,1,0,0
0.28,0.32,0.041239,1,0,0
0.3,0.32,0.074371,1,0,0
0.32,0.32,0.038889,1,0,0
0.34,0.32,0.030056,1,0,0
0.36,0.32,0.040061,1,0,0
0.38,0.32,0.04121,1,0,0
0.4,0.32,0.045374,1,0,0
0.42,0.32,0.07063,1,0,0
0.44,0.32,0.057944,1,0,0
0.46,0.32,0.037739,1,0,0
0.48,0.32,0.033352,1,0,0
0.5,0.32,0.0095313,1,0,0
0.52,0.32,-0.020346,1,0,0
0.54,0.32,-0.014272,1,0,0
0.56,0.32,-0.026141,1,0,0
0.58,0.32,0.0029388,1,0,0
0.6,0.32,0.034967,1,0,0
0.62,0.32,0.042127,1,0,0
0.64,0.32,0.029321,1,0,0
0.66,0.32,0.048317,1,0,0
0.68,0.32,0.07317,1,0,0
0.7,0.32,0.089431,1,0,0
0.72,0.32,0.069885,1,0,0
0.74,0.32,0.078483,1,0,0
0.76,0.32,0.063844,1,0,0
0.78,0.32,0.079125,1,0,0
0.8,0.32,0.039149,1,0,0
0.82,0.32,0.036049,1,0,0
0.84,0.32,0.048709,1,0,0
0.86,0.32,0.069449,1,0,0
0.88,0.32,0.053311,1,0,0
0.9,0.32,0.026575,1,0,0
0.92,0.32,0.0035467,1,0,0
0.94,0.32,-0.0044901,1,0,0
0.96,0.32,-0.028281,1,0,0
0.98,0.32,-0.00023833,1,0,0
0.02,0.34,0.049584,1,0,0
0.04,0.34,0.073673,1,0,0
0.06,0.34,0.061154,1,0,0
0.08,0.34,0.052332,1,0,0
0.1,0.34,0.052028,1,0,0
0.12,0.34,0.019939,1,0,0
0.14,0.34,-0.023284,1,0,0
0.16,0.34,-0.022663,1,0,0
0.18,0.34,0.012714,1,0,0
0.2,0.34,0.0091512,1,0,0
0.22,0.34,0.011133,1,0,0
0.24,0.34,0.025252,1,0,0
0.26,0.34,0.044398,1,0,0
0.28,0.34,0.030282,1,0,0
0.3,0.34,0.074429,1,0,0
0.32,0.34,0.075019,1,0,0
0.34,0.34,0.077863,1,0,0
0.36,0.34,0.060691,1,0,0
0.38,0.34,0.084269,1,0,0
0.4,0.34,0.041327,1,0,0
0.42,0.34,0.081041,1,0,0
0.44,0.34,0.057168,1,0,0
0.46,0.34,0.037101,1,0,0
0.48,0.34,0.028814,1,0,0
0.5,0.34,0.0042063,1,0,0
0.52,0.34,-0.031445,1,0,0
0.54,0.34,-0.0063593,1,0,0
0.56,0.34,-0.0085632,1,0,0
0.58,0.34,0.0082121,1,0,0
0.6,0.34,0.0091769,1,0,0
0.62,0.34,0.043982,1,0,0
0.64,0.34,0.036614,1,0,0
0.66,0.34,0.067446,1,0,0
0.68,0.34,0.066931,1,0,0
0.7,0.34,0.087896,1,0,0
0.72,0.34,0.095231,1,0,0
0.74,0.34,0.065913,1,0,0
0.76,0.34,0.074588,1,0,0
0.78,0.34,0.089321,1,0,0
0.8,0.34,0.022558,1,0,0
0.82,0.34,0.0090379,1,0,0
0.84,0.34,0.03721,1,0,0
0.86,0.34,0.078612,1,0,0
0.88,0.34,0.046358,1,0,0
0.9,0.34,0.042075,1,0,0
0.92,0.34,0.049172,1,0,0
0.94,0.34,-0.0056928,1,0,0
0.96,0.34,0.012511,1,0,0
0.98,0.34,0.00062079,1,0,0
0.02,0.36,0.062164,1,0,0
0.04,0.36,0.039933,1,0,0
0.06,0.36,0.043502,1,0,0
0.08,0.36,0.038164,1,0,0
0.1,0.36,0.016859,1,0,0
0.12,0.36,-0.018584,1,0,0
0.14,0.36,-0.024692,1,0,0
0.16,0.36,-0.018596,1,0,0
0.18,0.36,-0.034351,1,0,0
0.2,0.36,-0.013601,1,0,0
0.22,0.36,0.018588,1,0,0
0.24,0.36,0.010236,1,0,0
0.26,0.36,0.0065531,1,0,0
0.28,0.36,0.0068536,1,0,0
0.3,0.36,0.034122,1,0,0
0.32,0.36,0.030447,1,0,0
0.34,0.36,0.040133,1,0,0
0.36,0.36,0.022154,1,0,0
0.38,0.36,0.039378,1,0,0
0.4,0.36,0.0065975,1,0,0
0.42,0.36,0.064322,1,0,0
0.44,0.36,0.01907,1,0,0
0.46,0.36,0.017717,1,0,0
0.48,0.36,-0.011695,1,0,0
0.5,0.36,-0.021955,1,0,0
0.52,0.36,-0.052176,1,0,0
0.54,0.36,0.010079,1,0,0
0.56,0.36,-0.022709,1,0,0
0.58,0.36,-0.032784,1,0,0
0.6,0.36,-0.021687,1,0,0
0.62,0.36,0.017316,1,0,0
0.64,0.36,0.020986,1,0,0
0.66,0.36,0.041586,1,0,0
0.68,0.36,0.065453,1,0,0
0.7,0.36,0.048983,1,0,0
0.72,0.36,0.061393,1,0,0
0.74,0.36,0.090409,1,0,0
0.76,0.36,0.061304,1,0,0
0.78,0.36,0.043547,1,0,0
0.8,0.36,0.031057,1,0,0
0.82,0.36,0.0056355,1,0,0
0.84,0.36,0.013287,1,0,0
0.86,0.36,0.023081,1,0,0
0.88,0.36,0.025326,1,0,0
0.9,0.36,0.019284,1,0,0
0.92,0.36,0.02326,1,0,0
0.94,0.36,-0.0055936,1,0,0
0.96,0.36,0.016642,1,0,0
0.98,0.36,-0.013533,1,0,0
0.02,0.38,0.03015,1,0,0
0.04,0.38,0.04608,1,0,0
0.06,0.38,0.026921,1,0,0
0.08,0.38,0.048904,1,0,0
0.1,0.38,0.03119,1,0,0
0.12,0.38,0.012279,1,0,0
0.14,0.38,-0.0075339,1,0,0
0.16,0.38,-0.011469,1,0,0
0.18,0.38,0.011009,1,0,0
0.2,0.38,-0.018313,1,0,0
0.22,0.38,0.012011,1,0,0
0.24,0.38,0.020336,1,0,0
0.26,0.38,0.02375,1,0,0
0.28,0.38,0.0024564,1,0,0
0.3,0.38,0.04375,1,0,0
0.32,0.38,0.0061846,1,0,0
0.34,0.38,0.0070813,1,0,0
0.36,0.38,-0.0066387,1,0,0
0.38,0.38,-0.0048583,1,0,0
0.4,0.38,0.015562,1,0,0
0.42,0.38,0.026084,1,0,0
0.44,0.38,0.045279,1,0,0
0.46,0.38,0.043655,1,0,0
0.48,0.38,-0.0099548,1,0,0
0.5,0.38,-0.0045181,1,0,0
0.52,0.38,-0.030813,1,0,0
0.54,0.38,-0.0085702,1,0,0
0.56,0.38,-0.032653,1,0,0
0.58,0.38,-0.034635,1,0,0
0.6,0.38,-0.010416,1,0,0
0.62,0.38,0.0066999,1,0,0
0.64,0.38,0.015676,1,0,0
0.66,0.38,0.057482,1,0,0
0.68,0.38,0.058906,1,0,0
0.7,0.38,0.063971,1,0,0
0.72,0.38,0.074459,1,0,0
0.74,0.38,0.065626,1,0,0
0.76,0.38,0.015629,1,0,0
0.78,0.38,0.023881,1,0,0
0.8,0.38,0.0018936,1,0,0
0.82,0.38,-0.0028196,1,0,0
0.84,0.38,0.020944,1,0,0
0.86,0.38,0.00015916,1,0,0
0.88,0.38,0.022118,1,0,0
0.9,0.38,0.017721,1,0,0
0.92,0.38,-0.0038401,1,0,0
0.94,0.38,-0.025081,1,0,0
0.96,0.38,-0.028278,1,0,0
0.98,0.38,0.013313,1,0,0
0.02,0.4,0.038563,1,0,0
0.04,0.4,0.046127,1,0,0
0.06,0.4,0.053367,1,0,0
0.08,0.4,0.046215,1,0,0
0.1,0.4,0.057421,1,0,0
0.12,0.4,0.034564,1,0,0
0.14,0.4,0.0024181,1,0,0
0.16,0.4,0.022568,1,0,0
0.18,0.4,0.037618,1,0,0
0.2,0.4,-0.0015931,1,0,0
0.22,0.4,-0.015665,1,0,0
0.24,0.4,0.0023858,1,0,0
0.26,0.4,0.017181,1,0,0
0.28,0.4,0.054656,1,0,0
0.3,0.4,0.011814,1,0,0
0.32,0.4,0.00037757,1,0,0
0.34,0.4,-0.0088225,1,0,0
0.36,0.4,0.015982,1,0,0
0.38,0.4,0.020801,1,0,0
0.4,0.4,0.017359,1,0,0
0.42,0.4,0.013392,1,0,0
0.44,0.4,0.031313,1,0,0
0.46,0.4,0.010395,1,0,0
0.48,0.4,-0.0046671,1,0,0
0.5,0.4,-0.015467,1,0,0
0.52,0.4,-0.017805,1,0,0
0.54,0.4,-0.020884,1,0,0
0.56,0.4,-0.02858,1,0,0
0.58,0.4,0.011704,1,0,0
0.6,0.4,0.020176,1,0,0
0.62,0.4,0.027095,1,0,0
0.64,0.4,0.017635,1,0,0
0.66,0.4,0.047423,1,0,0
0.68,0.4,0.066096,1,0,0
0.7,0.4,0.086611,1,0,0
0.72,0.4,0.087082,1,0,0
0.74,0.4,0.064247,1,0,0
0.76,0.4,0.021032,1,0,0
0.78,0.4,0.053933,1,0,0
0.8,0.4,-0.0077692,1,0,0
0.82,0.4,-0.029352,1,0,0
0.84,0.4,-0.024745,1,0,0
0.86,0.4,0.0037417,1,0,0
0.88,0.4,-0.0032773,1,0,0
0.9,0.4,0.045565,1,0,0
0.92,0.4,0.0013201,1,0,0
0.94,0.4,-0.016085,1,0,0
0.96,0.4,0.0050309,1,0,0
0.98,0.4,0.0090794,1,0,0
0.02,0.42,0.061791,1,0,0
0.04,0.42,0.075231,1,0,0
0.06,0.42,0.059607,1,0,0
0.08,0.42,0.084932,1,0,0
0.1,0.42,0.064343,1,0,0
0.12,0.42,0.066171,1,0,0
0.14,0.42,0.057136,1,0,0
0.16,0.42,0.050025,1,0,0
0.18,0.42,0.059747,1,0,0
0.2,0.42,0.029073,1,0,0
0.22,0.42,0.0076756,1,0,0
0.24,0.42,0.032182,1,0,0
0.26,0.42,0.037912,1,0,0
0.28,0.42,0.056006,1,0,0
0.3,0.42,0.0090966,1,0,0
0.32,0.42,0.018971,1,0,0
0.34,0.42,0.042997,1,0,0
0.36,0.42,0.017927,1,0,0
0.38,0.42,-0.017002,1,0,0
0.4,0.42,0.030317,1,0,0
0.42,0.42,0.013201,1,0,0
0.44,0.42,0.043747,1,0,0
0.46,0.42,0.021123,1,0,0
0.48,0.42,0.024307,1,0,0
0.5,0.42,-0.0015216,1,0,0
0.52,0.42,0.0063795,1,0,0
0.54,0.42,0.020802,1,0,0
0.56,0.42,0.042568,1,0,0
0.58,0.42,0.02811,1,0,0
0.6,0.42,0.027979,1,0,0
0.62,0.42,0.078354,1,0,0
0.64,0.42,0.037272,1,0,0
0.66,0.42,0.048743,1,0,0
0.68,0.42,0.05544,1,0,0
0.7,0.42,0.096567,1,0,0
0.72,0.42,0.093142,1,0,0
0.74,0.42,0.08185,1,0,0
0.76,0.42,0.037218,1,0,0
0.78,0.42,0.038099,1,0,0
0.8,0.42,0.0092907,1,0,0
0.82,0.42,0.051039,1,0,0
0.84,0.42,0.020145,1,0,0
0.86,0.42,0.033172,1,0,0
0.88,0.42,0.01352,1,0,0
0.9,0.42,0.047541,1,0,0
0.92,0.42,0.042251,1,0,0
0.94,0.42,0.028725,1,0,0
0.96,0.42,0.02372,1,0,0
0.98,0.42,0.014787,1,0,0
0.02,0.44,0.058048,1,0,0
0.04,0.44,0.088224,1,0,0
0.06,0.44,0.077216,1,0,0
0.08,0.44,0.061853,1,0,0
0.1,0.44,0.058895,1,0,0
0.12,0.44,0.055858,1,0,0
0.14,0.44,0.042328,1,0,0
0.16,0.44,0.061015,1,0,0
0.18,0.44,0.030419,1,0,0
0.2,0.44,-0.00027452,1,0,0
0.22,0.44,-0.014472,1,0,0
0.24,0.44,0.014329,1,0,0
0.26,0.44,0.069011,1,0,0
0.28,0.44,0.051684,1,0,0
0.3,0.44,0.012786,1,0,0
0.32,0.44,0.029279,1,0,0
0.34,0.44,0.024435,1,0,0
0.36,0.44,0.0098961,1,0,0
0.38,0.44,0.018513,1,0,0
0.4,0.44,0.017694,1,0,0
0.42,0.44,-0.0068708,1,0,0
0.44,0.44,0.018403,1,0,0
0.46,0.44,0.015041,1,0,0
0.48,0.44,0.01637,1,0,0
0.5,0.44,0.0019311,1,0,0
0.52,0.44,0.0022849,1,0,0
0.54,0.44,0.0047948,1,0,0
0.56,0.44,0.011865,1,0,0
0.58,0.44,-0.0023242,1,0,0
0.6,0.44,0.01716,1,0,0
0.62,0.44,0.046267,1,0,0
0.64,0.44,0.086025,1,0,0
0.66,0.44,0.063864,1,0,0
0.68,0.44,0.049379,1,0,0
0.7,0.44,0.075612,1,0,0
0.72,0.44,0.04571,1,0,0
0.74,0.44,0.027735,1,0,0
0.76,0.44,-0.024526,1,0,0
0.78,0.44,0.025193,1,0,0
0.8,0.44,0.01592,1,0,0
0.82,0.44,0.042639,1,0,0
0.84,0.44,0.037416,1,0,0
0.86,0.44,0.012496,1,0,0
0.88,0.44,0.015116,1,0,0
0.9,0.44,0.045471,1,0,0
0.92,0.44,0.015166,1,0,0
0.94,0.44,0.0039641,1,0,0
0.96,0.44,-0.022303,1,0,0
0.98,0.44,-0.0030077,1,0,0
0.02,0.46,0.10933,1,0,0
0.04,0.46,0.0584,1,0,0
0.06,0.46,0.065524,1,0,0
0.08,0.46,0.10253,1,0,0
0.1,0.46,0.072405,1,0,0
0.12,0.46,0.02752,1,0,0
0.14,0.46,0.050016,1,0,0
0.16,0.46,0.045314,1,0,0
0.18,0.46,0.0352,1,0,0
0.2,0.46,0.032763,1,0,0
0.22,0.46,0.01712,1,0,0
0.24,0.46,0.034428,1,0,0
0.26,0.46,0.00078085,1,0,0
0.28,0.46,0.050158,1,0,0
0.3,0.46,0.022069,1,0,0
0.32,0.46,0.01286,1,0,0
0.34,0.46,0.043578,1,0,0
0.36,0.46,0.02467,1,0,0
0.38,0.46,0.010233,1,0,0
0.4,0.46,-0.0029213,1,0,0
0.42,0.46,0.003609,1,0,0
0.44,0.46,0.00017756,1,0,0
0.46,0.46,0.040173,1,0,0
0.48,0.46,0.0056744,1,0,0
0.5,0.46,0.031589,1,0,0
0.52,0.46,0.031862,1,0,0
0.54,0.46,0.026315,1,0,0
0.56,0.46,-0.0078456,1,0,0
0.58,0.46,-0.0064202,1,0,0
0.6,0.46,0.021461,1,0,0
0.62,0.46,0.043224,1,0,0
0.64,0.46,0.043514,1,0,0
0.66,0.46,0.059457,1,0,0
0.68,0.46,0.062849,1,0,0
0.7,0.46,0.053314,1,0,0
0.72,0.46,0.062666,1,0,0
0.74,0.46,0.040141,1,0,0
0.76,0.46,0.0074639,1,0,0
0.78,0.46,0.019779,1,0,0
0.8,0.46,0.043635,1,0,0
0.82,0.46,0.070271,1,0,0
0.84,0.46,0.029598,1,0,0
0.86,0.46,0.0151,1,0,0
0.88,0.46,0.050408,1,0,0
0.9,0.46,0.03872,1,0,0
0.92,0.46,0.038917,1,0,0
0.94,0.46,0.053736,1,0,0
0.96,0.46,0.055302,1,0,0
0.98,0.46,0.015328,1,0,0
0.02,0.48,0.070216,1,0,0
0.04,0.48,0.072107,1,0,0
0.06,0.48,0.036478,1,0,0
0.08,0.48,0.091919,1,0,0
0.1,0.48,0.07257,1,0,0
0.12,0.48,0.016362,1,0,0
0.14,0.48,0.028823,1,0,0
0.16,0.48,0.040597,1,0,0
0.18,0.48,0.064028,1,0,0
0.2,0.48,0.031559,1,0,0
0.22,0.48,0.045435,1,0,0
0.24,0.48,0.022638,1,0,0
0.26,0.48,0.049672,1,0,0
0.28,0.48,0.03742,1,0,0
0.3,0.48,0.018609,1,0,0
0.32,0.48,0.018942,1,0,0
0.34,0.48,0.027453,1,0,0
0.36,0.48,0.025394,1,0,0
0.38,0.48,0.052123,1,0,0
0.4,0.48,-0.014534,1,0,0
0.42,0.48,0.0095343,1,0,0
0.44,0.48,0.030019,1,0,0
0.46,0.48,0.020517,1,0,0
0.48,0.48,0.032497,1,0,0
0.5,0.48,0.037885,1,0,0
0.52,0.48,0.029115,1,0,0
0.54,0.48,0.026304,1,0,0
0.56,0.48,-0.028847,1,0,0
0.58,0.48,-0.0060879,1,0,0
0.6,0.48,-0.015246,1,0,0
0.62,0.48,0.028722,1,0,0
0.64,0.48,0.025098,1,0,0
0.66,0.48,0.05621,1,0,0
0.68,0.48,0.064411,1,0,0
0.7,0.48,0.046728,1,0,0
0.72,0.48,0.039124,1,0,0
0.74,0.48,0.006198,1,0,0
0.76,0.48,0.055823,1,0,0
0.78,0.48,0.04019,1,0,0
0.8,0.48,0.041412,1,0,0
0.82,0.48,0.029087,1,0,0
0.84,0.48,0.032332,1,0,0
0.86,0.48,0.0049115,1,0,0
0.88,0.48,0.046536,1,0,0
0.9,0.48,0.060116,1,0,0
0.92,0.48,0.023235,1,0,0
0.94,0.48,0.011932,1,0,0
0.96,0.48,0.04503,1,0,0
0.98,0.48,0.024064,1,0,0
0.02,0.5,0.057359,1,0,0
0.04,0.5,0.066174,1,0,0
0.06,0.5,0.043386,1,0,0
0.08,0.5,0.068667,1,0,0
0.1,0.5,0.055917,1,0,0
0.12,0.5,0.052955,1,0,0
0.14,0.5,0.056799,1,0,0
0.16,0.5,0.023428,1,0,0
0.18,0.5,0.037237,1,0,0
0.2,0.5,0.041905,1,0,0
0.22,0.5,0.071269,1,0,0
0.24,0.5,0.064425,1,0,0
0.26,0.5,0.064777,1,0,0
0.28,0.5,0.019866,1,0,0
0.3,0.5,0.043591,1,0,0
0.32,0.5,0.035682,1,0,0
0.34,0.5,0.034418,1,0,0
0.36,0.5,0.0068361,1,0,0
0.38,0.5,-0.0094143,1,0,0
0.4,0.5,-0.033441,1,0,0
0.42,0.5,0.028896,1,0,0
0.44,0.5,0.056255,1,0,0
0.46,0.5,0.030478,1,0,0
0.48,0.5,0.015618,1,0,0
0.5,0.5,0.030406,1,0,0
0.52,0.5,0.028872,1,0,0
0.54,0.5,0.042108,1,0,0
0.56,0.5,0.0089828,1,0,0
0.58,0.5,-0.018278,1,0,0
0.6,0.5,-0.028229,1,0,0
0.62,0.5,0.022177,1,0,0
0.64,0.5,0.07196,1,0,0
0.66,0.5,0.040676,1,0,0
0.68,0.5,0.028751,1,0,0
0.7,0.5,0.033322,1,0,0
0.72,0.5,0.037229,1,0,0
0.74,0.5,0.025954,1,0,0
0.76,0.5,0.0174,1,0,0
0.78,0.5,0.017975,1,0,0
0.8,0.5,0.03905,1,0,0
0.82,0.5,0.046586,1,0,0
0.84,0.5,0.068538,1,0,0
0.86,0.5,0.066522,1,0,0
0.88,0.5,0.039871,1,0,0
0.9,0.5,0.028559,1,0,0
0.92,0.5,0.057726,1,0,0
0.94,0.5,0.041087,1,0,0
0.96,0.5,0.011162,1,0,0
0.98,0.5,0.020728,1,0,0
0.02,0.52,0.045135,1,0,0
0.04,0.52,0.075286,1,0,0
0.06,0.52,0.051461,1,0,0
0.08,0.52,0.052201,1,0,0
0.1,0.52,0.080312,1,0,0
0.12,0.52,0.06148,1,0,0
0.14,0.52,0.045402,1,0,0
0.16,0.52,0.012801,1,0,0
0.18,0.52,0.022361,1,0,0
0.2,0.52,0.026165,1,0,0
0.22,0.52,0.019368,1,0,0
0.24,0.52,0.060675,1,0,0
0.26,0.52,0.075238,1,0,0
0.28,0.52,0.058006,1,0,0
0.3,0.52,0.042868,1,0,0
0.32,0.52,0.065155,1,0,0
0.34,0.52,0.020051,1,0,0
0.36,0.52,0.010872,1,0,0
0.38,0.52,0.015171,1,0,0
0.4,0.52,-0.0038804,1,0,0
0.42,0.52,0.0095633,1,0,0
0.44,0.52,-0.0088019,1,0,0
0.46,0.52,-0.014858,1,0,0
0.48,0.52,0.01949,1,0,0
0.5,0.52,0.022772,1,0,0
0.52,0.52,-0.0006595,1,0,0
0.54,0.52,0.048538,1,0,0
0.56,0.52,0.032549,1,0,0
0.58,0.52,-0.0092994,1,0,0
0.6,0.52,-0.0035563,1,0,0
0.62,0.52,0.03161,1,0,0
0.64,0.52,0.053407,1,0,0
0.66,0.52,0.050768,1,0,0
0.68,0.52,0.027503,1,0,0
0.7,0.52,0.047691,1,0,0
0.72,0.52,0.029644,1,0,0
0.74,0.52,0.019823,1,0,0
0.76,0.52,0.021491,1,0,0
0.78,0.52,0.049368,1,0,0
0.8,0.52,0.0084379,1,0,0
0.82,0.52,-0.0036818,1,0,0
0.84,0.52,0.03455,1,0,0
0.86,0.52,0.034709,1,0,0
0.88,0.52,0.072903,1,0,0
0.9,0.52,0.072179,1,0,0
0.92,0.52,0.080597,1,0,0
0.94,0.52,0.050112,1,0,0
0.96,0.52,0.022881,1,0,0
0.98,0.52,0.043821,1,0,0
0.02,0.54,0.02032,1,0,0
0.04,0.54,0.057328,1,0,0
0.06,0.54,0.028423,1,0,0
0.08,0.54,0.079732,1,0,0
0.1,0.54,0.055092,1,0,0
0.12,0.54,0.045258,1,0,0
0.14,0.54,0.015515,1,0,0
0.16,0.54,-0.006531,1,0,0
0.18,0.54,0.05085,1,0,0
0.2,0.54,0.059601,1,0,0
0.22,0.54,0.05545,1,0,0
0.24,0.54,0.072976,1,0,0
0.26,0.54,0.048911,1,0,0
0.28,0.54,0.052189,1,0,0
0.3,0.54,0.03855,1,0,0
0.32,0.54,0.0374,1,0,0
0.34,0.54,0.015817,1,0,0
0.36,0.54,0.01966,1,0,0
0.38,0.54,0.029032,1,0,0
0.4,0.54,-0.0020254,1,0,0
0.42,0.54,0.016165,1,0,0
0.44,0.54,0.0046146,1,0,0
0.46,0.54,-0.012809,1,0,0
0.48,0.54,0.012569,1,0,0
0.5,0.54,-0.0055643,1,0,0
0.52,0.54,0.013781,1,0,0
0.54,0.54,0.012982,1,0,0
0.56,0.54,0.011457,1,0,0
0.58,0.54,0.023737,1,0,0
0.6,0.54,0.03094,1,0,0
0.62,0.54,0.050206,1,0,0
0.64,0.54,0.020745,1,0,0
0.66,0.54,0.020888,1,0,0
0.68,0.54,0.038816,1,0,0
0.7,0.54,0.025676,1,0,0
0.72,0.54,0.0012961,1,0,0
0.74,0.54,-0.0059266,1,0,0
0.76,0.54,0.015515,1,0,0
0.78,0.54,0.023506,1,0,0
0.8,0.54,0.013467,1,0,0
0.82,0.54,0.0084506,1,0,0
0.84,0.54,0.024172,1,0,0
0.86,0.54,0.047686,1,0,0
0.88,0.54,0.039596,1,0,0
0.9,0.54,0.065967,1,0,0
0.92,0.54,0.047501,1,0,0
0.94,0.54,0.033332,1,0,0
0.96,0.54,0.030167,1,0,0
0.98,0.54,0.013276,1,0,0
0.02,0.56,0.0075625,1,0,0
0.04,0.56,0.015731,1,0,0
0.06,0.56,0.024459,1,0,0
0.08,0.56,0.091599,1,0,0
0.1,0.56,0.051446,1,0,0
0.12,0.56,0.038484,1,0,0
0.14,0.56,0.029116,1,0,0
0.16,0.56,0.024207,1,0,0
0.18,0.56,-0.00021159,1,0,0
0.2,0.56,0.041812,1,0,0
0.22,0.56,0.037339,1,0,0
0.24,0.56,0.064939,1,0,0
0.26,0.56,0.054788,1,0,0
0.28,0.56,0.05151,1,0,0
0.3,0.56,0.021051,1,0,0
0.32,0.56,0.01534,1,0,0
0.34,0.56,0.0012427,1,0,0
0.36,0.56,0.0041645,1,0,0
0.38,0.56,0.03604,1,0,0
0.4,0.56,-0.018193,1,0,0
0.42,0.56,-0.0081531,1,0,0
0.44,0.56,-0.0055279,1,0,0
0.46,0.56,-0.0076882,1,0,0
0.48,0.56,0.014236,1,0,0
0.5,0.56,0.032961,1,0,0
0.52,0.56,0.019556,1,0,0
0.54,0.56,0.023035,1,0,0
0.56,0.56,-0.013509,1,0,0
0.58,0.56,-0.013846,1,0,0
0.6,0.56,0.030771,1,0,0
0.62,0.56,0.025931,1,0,0
0.64,0.56,0.0072714,1,0,0
0.66,0.56,0.033188,1,0,0
0.68,0.56,0.057115,1,0,0
0.7,0.56,-0.0027819,1,0,0
0.72,0.56,-0.0041795,1,0,0
0.74,0.56,0.022003,1,0,0
0.76,0.56,0.022974,1,0,0
0.78,0.56,0.028449,1,0,0
0.8,0.56,0.035471,1,0,0
0.82,0.56,0.049815,1,0,0
0.84,0.56,-0.0015744,1,0,0
0.86,0.56,0.038615,1,0,0
0.88,0.56,0.056173,1,0,0
0.9,0.56,0.052316,1,0,0
0.92,0.56,0.025301,1,0,0
0.94,0.56,0.048104,1,0,0
0.96,0.56,0.014547,1,0,0
0.98,0.56,-0.017082,1,0,0
0.02,0.58,0.0069521,1,0,0
0.04,0.58,0.052836,1,0,0
0.06,0.58,0.070434,1,0,0
0.08,0.58,0.068862,1,0,0
0.1,0.58,0.064045,1,0,0
0.12,0.58,0.074552,1,0,0
0.14,0.58,0.050153,1,0,0
0.16,0.58,0.031421,1,0,0
0.18,0.58,0.024983,1,0,0
0.2,0.58,0.021345,1,0,0
0.22,0.58,0.042186,1,0,0
0.24,0.58,0.066932,1,0,0
0.26,0.58,0.059799,1,0,0
0.28,0.58,0.030228,1,0,0
0.3,0.58,0.048745,1,0,0
0.32,0.58,0.065216,1,0,0
0.34,0.58,0.033639,1,0,0
0.36,0.58,0.045198,1,0,0
0.38,0.58,0.064975,1,0,0
0.4,0.58,0.033286,1,0,0
0.42,0.58,0.0037765,1,0,0
0.44,0.58,0.018138,1,0,0
0.46,0.58,0.016844,1,0,0
0.48,0.58,0.011569,1,0,0
0.5,0.58,0.028899,1,0,0
0.52,0.58,0.028875,1,0,0
0.54,0.58,0.048581,1,0,0
0.56,0.58,0.013831,1,0,0
0.58,0.58,0.04459,1,0,0
0.6,0.58,0.019207,1,0,0
0.62,0.58,0.041214,1,0,0
0.64,0.58,0.030312,1,0,0
0.66,0.58,0.021986,1,0,0
0.68,0.58,0.03221,1,0,0
0.7,0.58,0.036792,1,0,0
0.72,0.58,0.013818,1,0,0
0.74,0.58,0.056164,1,0,0
0.76,0.58,0.039718,1,0,0
0.78,0.58,0.043419,1,0,0
0.8,0.58,0.072775,1,0,0
0.82,0.58,0.052618,1,0,0
0.84,0.58,0.058737,1,0,0
0.86,0.58,0.0093013,1,0,0
0.88,0.58,0.017281,1,0,0
0.9,0.58,0.028984,1,0,0
0.92,0.58,0.045238,1,0,0
0.94,0.58,0.044196,1,0,0
0.96,0.58,0.042701,1,0,0
0.98,0.58,0.017288,1,0,0
0.02,0.6,0.027278,1,0,0
0.04,0.6,0.045871,1,0,0
0.06,0.6,0.028859,1,0,0
0.08,0.6,0.076438,1,0,0
0.1,0.6,0.072644,1,0,0
0.12,0.6,0.051466,1,0,0
0.14,0.6,0.070351,1,0,0
0.16,0.6,0.0031355,1,0,0
0.18,0.6,0.036609,1,0,0
0.2,0.6,0.0068881,1,0,0
0.22,0.6,0.032769,1,0,0
0.24,0.6,0.031942,1,0,0
0.26,0.6,0.054211,1,0,0
0.28,0.6,0.071182,1,0,0
0.3,0.6,0.056482,1,0,0
0.32,0.6,0.022859,1,0,0
0.34,0.6,0.054249,1,0,0
0.36,0.6,0.036414,1,0,0
0.38,0.6,0.068988,1,0,0
0.4,0.6,0.064671,1,0,0
0.42,0.6,0.029808,1,0,0
0.44,0.6,-0.0034975,1,0,0
0.46,0.6,-0.0085218,1,0,0
0.48,0.6,0.025034,1,0,0
0.5,0.6,0.047955,1,0,0
0.52,0.6,0.015432,1,0,0
0.54,0.6,0.015155,1,0,0
0.56,0.6,0.050286,1,0,0
0.58,0.6,0.045167,1,0,0
0.6,0.6,0.027466,1,0,0
0.62,0.6,0.058089,1,0,0
0.64,0.6,0.012925,1,0,0
0.66,0.6,0.01781,1,0,0
0.68,0.6,0.010831,1,0,0
0.7,0.6,0.035236,1,0,0
0.72,0.6,0.033056,1,0,0
0.74,0.6,0.024873,1,0,0
0.76,0.6,0.056025,1,0,0
0.78,0.6,0.092398,1,0,0
0.8,0.6,0.054145,1,0,0
0.82,0.6,0.049448,1,0,0
0.84,0.6,0.039813,1,0,0
0.86,0.6,0.034022,1,0,0
0.88,0.6,0.052387,1,0,0
0.9,0.6,0.051357,1,0,0
0.92,0.6,0.026063,1,0,0
0.94,0.6,0.027009,1,0,0
0.96,0.6,-0.00046189,1,0,0
0.98,0.6,-0.0040239,1,0,0
0.02,0.62,0.035476,1,0,0
0.04,0.62,0.025311,1,0,0
0.06,0.62,0.047541,1,0,0
0.08,0.62,0.053246,1,0,0
0.1,0.62,0.087939,1,0,0
0.12,0.62,0.047274,1,0,0
0.14,0.62,0.024452,1,0,0
0.16,0.62,-0.011235,1,0,0
0.18,0.62,0.039975,1,0,0
0.2,0.62,0.022939,1,0,0
0.22,0.62,0.022881,1,0,0
0.24,0.62,0.026106,1,0,0
0.26,0.62,0.066009,1,0,0
0.28,0.62,0.077396,1,0,0
0.3,0.62,0.047112,1,0,0
0.32,0.62,0.052857,1,0,0
0.34,0.62,0.05188,1,0,0
0.36,0.62,0.015056,1,0,0
0.38,0.62,0.038331,1,0,0
0.4,0.62,0.027516,1,0,0
0.42,0.62,0.02657,1,0,0
0.44,0.62,0.027042,1,0,0
0.46,0.62,0.023704,1,0,0
0.48,0.62,0.020334,1,0,0
0.5,0.62,0.02932,1,0,0
0.52,0.62,0.013812,1,0,0
0.54,0.62,0.011914,1,0,0
0.56,0.62,0.040823,1,0,0
0.58,0.62,0.08067,1,0,0
0.6,0.62,0.032768,1,0,0
0.62,0.62,0.039106,1,0,0
0.64,0.62,0.018673,1,0,0
0.66,0.62,-0.012536,1,0,0
0.68,0.62,0.020087,1,0,0
0.7,0.62,0.050399,1,0,0
0.72,0.62,0.0119,1,0,0
0.74,0.62,0.016834,1,0,0
0.76,0.62,0.041085,1,0,0
0.78,0.62,0.098055,1,0,0
0.8,0.62,0.044629,1,0,0
0.82,0.62,0.046781,1,0,0
0.84,0.62,0.065997,1,0,0
0.86,0.62,0.090828,1,0,0
0.88,0.62,0.033372,1,0,0
0.9,0.62,0.057169,1,0,0
0.92,0.62,0.019884,1,0,0
0.94,0.62,-0.0036179,1,0,0
0.96,0.62,0.0034058,1,0,0
0.98,0.62,-0.017801,1,0,0
0.02,0.64,0.0652,1,0,0
0.04,0.64,0.030043,1,0,0
0.06,0.64,0.015609,1,0,0
0.08,0.64,0.046802,1,0,0
0.1,0.64,0.05613,1,0,0
0.12,0.64,0.053374,1,0,0
0.14,0.64,0.059771,1,0,0
0.16,0.64,0.024941,1,0,0
0.18,0.64,0.0046187,1,0,0
0.2,0.64,0.0070118,1,0,0
0.22,0.64,0.035719,1,0,0
0.24,0.64,0.050378,1,0,0
0.26,0.64,0.071571,1,0,0
0.28,0.64,0.067525,1,0,0
0.3,0.64,0.066333,1,0,0
0.32,0.64,0.06151,1,0,0
0.34,0.64,0.052846,1,0,0
0.36,0.64,0.031946,1,0,0
0.38,0.64,0.021225,1,0,0
0.4,0.64,0.038596,1,0,0
0.42,0.64,0.0098132,1,0,0
0.44,0.64,0.057008,1,0,0
0.46,0.64,0.019259,1,0,0
0.48,0.64,-0.013675,1,0,0
0.5,0.64,0.035794,1,0,0
0.52,0.64,0.042269,1,0,0
0.54,0.64,0.060142,1,0,0
0.56,0.64,0.033737,1,0,0
0.58,0.64,0.037514,1,0,0
0.6,0.64,0.014095,1,0,0
0.62,0.64,0.039271,1,0,0
0.64,0.64,0.035629,1,0,0
0.66,0.64,0.035403,1,0,0
0.68,0.64,-0.00060404,1,0,0
0.7,0.64,0.023317,1,0,0
0.72,0.64,0.0074704,1,0,0
0.74,0.64,0.045093,1,0,0
0.76,0.64,0.023929,1,0,0
0.78,0.64,0.041603,1,0,0
0.8,0.64,0.0054931,1,0,0
0.82,0.64,0.030547,1,0,0
0.84,0.64,0.039955,1,0,0
0.86,0.64,0.030779,1,0,0
0.88,0.64,0.064113,1,0,0
0.9,0.64,0.045755,1,0,0
0.92,0.64,0.033442,1,0,0
0.94,0.64,0.022409,1,0,0
0.96,0.64,0.0077885,1,0,0
0.98,0.64,-0.0064291,1,0,0
0.02,0.66,0.051536,1,0,0
0.04,0.66,0.034216,1,0,0
0.06,0.66,0.012923,1,0,0
0.08,0.66,0.046811,1,0,0
0.1,0.66,0.022458,1,0,0
0.12,0.66,0.024941,1,0,0
0.14,0.66,0.042962,1,0,0
0.16,0.66,0.080384,1,0,0
0.18,0.66,0.061276,1,0,0
0.2,0.66,0.089324,1,0,0
0.22,0.66,0.094043,1,0,0
0.24,0.66,0.077132,1,0,0
0.26,0.66,0.043524,1,0,0
0.28,0.66,0.056812,1,0,0
0.3,0.66,0.030837,1,0,0
0.32,0.66,0.028424,1,0,0
0.34,0.66,0.043815,1,0,0
0.36,0.66,0.019196,1,0,0
0.38,0.66,0.036776,1,0,0
0.4,0.66,0.031095,1,0,0
0.42,0.66,0.056428,1,0,0
0.44,0.66,0.043742,1,0,0
0.46,0.66,0.051058,1,0,0
0.48,0.66,0.038037,1,0,0
0.5,0.66,0.016084,1,0,0
0.52,0.66,0.028059,1,0,0
0.54,0.66,0.065693,1,0,0
0.56,0.66,0.060877,1,0,0
0.58,0.66,0.04393,1,0,0
0.6,0.66,0.047846,1,0,0
0.62,0.66,0.038604,1,0,0
0.64,0.66,0.046063,1,0,0
0.66,0.66,0.033201,1,0,0
0.68,0.66,0.030803,1,0,0
0.7,0.66,0.010411,1,0,0
0.72,0.66,-0.0039554,1,0,0
0.74,0.66,0.041685,1,0,0
0.76,0.66,0.0092554,1,0,0
0.78,0.66,0.041451,1,0,0
0.8,0.66,0.03316,1,0,0
0.82,0.66,0.073609,1,0,0
0.84,0.66,0.046555,1,0,0
0.86,0.66,0.046429,1,0,0
0.88,0.66,0.060106,1,0,0
0.9,0.66,0.071376,1,0,0
0.92,0.66,0.0037823,1,0,0
0.94,0.66,0.047113,1,0,0
0.96,0.66,0.05884,1,0,0
0.98,0.66,0.050381,1,0,0
0.02,0.68,0.036937,1,0,0
0.04,0.68,0.044508,1,0,0
0.06,0.68,-0.0023955,1,0,0
0.08,0.68,0.04368,1,0,0
0.1,0.68,0.051714,1,0,0
0.12,0.68,0.056844,1,0,0
0.14,0.68,0.041723,1,0,0
0.16,0.68,0.067804,1,0,0
0.18,0.68,0.11632,1,0,0
0.2,0.68,0.10647,1,0,0
0.22,0.68,0.070709,1,0,0
0.24,0.68,0.11185,1,0,0
0.26,0.68,0.070941,1,0,0
0.28,0.68,0.085691,1,0,0
0.3,0.68,0.062327,1,0,0
0.32,0.68,0.063392,1,0,0
0.34,0.68,0.047228,1,0,0
0.36,0.68,0.025131,1,0,0
0.38,0.68,0.038353,1,0,0
0.4,0.68,0.031657,1,0,0
0.42,0.68,0.032148,1,0,0
0.44,0.68,0.044791,1,0,0
0.46,0.68,0.062153,1,0,0
0.48,0.68,0.05879,1,0,0
0.5,0.68,0.07435,1,0,0
0.52,0.68,0.077759,1,0,0
0.54,0.68,0.074066,1,0,0
0.56,0.68,0.033836,1,0,0
0.58,0.68,0.029441,1,0,0
0.6,0.68,0.023706,1,0,0
0.62,0.68,0.043331,1,0,0
0.64,0.68,0.031067,1,0,0
0.66,0.68,0.05868,1,0,0
0.68,0.68,0.026628,1,0,0
0.7,0.68,0.010847,1,0,0
0.72,0.68,0.017539,1,0,0
0.74,0.68,-0.0040606,1,0,0
0.76,0.68,0.0009526,1,0,0
0.78,0.68,0.044805,1,0,0
0.8,0.68,0.02462,1,0,0
0.82,0.68,0.038861,1,0,0
0.84,0.68,0.036065,1,0,0
0.86,0.68,0.053525,1,0,0
0.88,0.68,0.063413,1,0,0
0.9,0.68,0.074714,1,0,0
0.92,0.68,0.049433,1,0,0
0.94,0.68,0.04876,1,0,0
0.96,0.68,0.044235,1,0,0
0.98,0.68,0.065344,1,0,0
0.02,0.7,0.02719,1,0,0
0.04,0.7,0.039663,1,0,0
0.06,0.7,0.022445,1,0,0
0.08,0.7,0.038151,1,0,0
0.1,0.7,0.036166,1,0,0
0.12,0.7,0.026082,1,0,0
0.14,0.7,0.037144,1,0,0
0.16,0.7,0.093366,1,0,0
0.18,0.7,0.12741,1,0,0
0.2,0.7,0.12102,1,0,0
0.22,0.7,0.096474,1,0,0
0.24,0.7,0.070013,1,0,0
0.26,0.7,0.11417,1,0,0
0.28,0.7,0.072572,1,0,0
0.3,0.7,0.052459,1,0,0
0.32,0.7,0.062462,1,0,0
0.34,0.7,0.068946,1,0,0
0.36,0.7,0.065361,1,0,0
0.38,0.7,0.026141,1,0,0
0.4,0.7,0.02401,1,0,0
0.42,0.7,0.038082,1,0,0
0.44,0.7,0.061753,1,0,0
0.46,0.7,0.049516,1,0,0
0.48,0.7,0.072742,1,0,0
0.5,0.7,0.055351,1,0,0
0.52,0.7,0.020543,1,0,0
0.54,0.7,0.091768,1,0,0
0.56,0.7,0.029226,1,0,0
0.58,0.7,0.048204,1,0,0
0.6,0.7,0.046333,1,0,0
0.62,0.7,0.062822,1,0,0
0.64,0.7,0.031273,1,0,0
0.66,0.7,0.029668,1,0,0
0.68,0.7,0.018314,1,0,0
0.7,0.7,0.0087156,1,0,0
0.72,0.7,-0.01228,1,0,0
0.74,0.7,-0.030884,1,0,0
0.76,0.7,-0.0423,1,0,0
0.78,0.7,0.0018826,1,0,0
0.8,0.7,0.033254,1,0,0
0.82,0.7,0.040561,1,0,0
0.84,0.7,0.069652,1,0,0
0.86,0.7,0.07639,1,0,0
0.88,0.7,0.073326,1,0,0
0.9,0.7,0.075239,1,0,0
0.92,0.7,0.079203,1,0,0
0.94,0.7,0.08138,1,0,0
0.96,0.7,0.059185,1,0,0
0.98,0.7,0.078775,1,0,0
0.02,0.72,0.046049,1,0,0
0.04,0.72,0.051974,1,0,0
0.06,0.72,0.027592,1,0,0
0.08,0.72,-0.011916,1,0,0
0.1,0.72,-0.0094348,1,0,0
0.12,0.72,0.023873,1,0,0
0.14,0.72,0.064382,1,0,0
0.16,0.72,0.080852,1,0,0
0.18,0.72,0.080388,1,0,0
0.2,0.72,0.061497,1,0,0
0.22,0.72,0.064079,1,0,0
0.24,0.72,0.073646,1,0,0
0.26,0.72,0.0965,1,0,0
0.28,0.72,0.057636,1,0,0
0.3,0.72,0.071541,1,0,0
0.32,0.72,0.029295,1,0,0
0.34,0.72,0.063579,1,0,0
0.36,0.72,0.061736,1,0,0
0.38,0.72,0.054467,1,0,0
0.4,0.72,0.01357,1,0,0
0.42,0.72,0.06491,1,0,0
0.44,0.72,0.046123,1,0,0
0.46,0.72,0.025504,1,0,0
0.48,0.72,0.016198,1,0,0
0.5,0.72,0.024055,1,0,0
0.52,0.72,0.019995,1,0,0
0.54,0.72,0.067831,1,0,0
0.56,0.72,0.029609,1,0,0
0.58,0.72,0.0096176,1,0,0
0.6,0.72,0.029564,1,0,0
0.62,0.72,0.030275,1,0,0
0.64,0.72,0.049203,1,0,0
0.66,0.72,-0.0078788,1,0,0
0.68,0.72,-0.033742,1,0,0
0.7,0.72,-0.029935,1,0,0
0.72,0.72,-0.014075,1,0,0
0.74,0.72,-0.026907,1,0,0
0.76,0.72,-0.050354,1,0,0
0.78,0.72,-0.0037759,1,0,0
0.8,0.72,-0.0030416,1,0,0
0.82,0.72,0.037692,1,0,0
0.84,0.72,0.063906,1,0,0
0.86,0.72,0.065594,1,0,0
0.88,0.72,0.036821,1,0,0
0.9,0.72,0.086404,1,0,0
0.92,0.72,0.10894,1,0,0
0.94,0.72,0.067735,1,0,0
0.96,0.72,0.052875,1,0,0
0.98,0.72,0.074079,1,0,0
0.02,0.74,-0.020637,1,0,0
0.04,0.74,-0.0088805,1,0,0
0.06,0.74,-0.012664,1,0,0
0.08,0.74,0.013767,1,0,0
0.1,0.74,0.017448,1,0,0
0.12,0.74,-0.01757,1,0,0
0.14,0.74,0.043633,1,0,0
0.16,0.74,0.065149,1,0,0
0.18,0.74,0.087804,1,0,0
0.2,0.74,0.036278,1,0,0
0.22,0.74,0.039438,1,0,0
0.24,0.74,0.045439,1,0,0
0.26,0.74,0.041747,1,0,0
0.28,0.74,0.06076,1,0,0
0.3,0.74,0.067487,1,0,0
0.32,0.74,0.024999,1,0,0
0.34,0.74,0.029876,1,0,0
0.36,0.74,0.031837,1,0,0
0.38,0.74,0.048375,1,0,0
0.4,0.74,-0.0080231,1,0,0
0.42,0.74,0.03949,1,0,0
0.44,0.74,0.034462,1,0,0
0.46,0.74,0.039529,1,0,0
0.48,0.74,0.050868,1,0,0
0.5,0.74,0.023477,1,0,0
0.52,0.74,-0.0091433,1,0,0
0.54,0.74,0.027905,1,0,0
0.56,0.74,0.011004,1,0,0
0.58,0.74,0.015275,1,0,0
0.6,0.74,0.0063457,1,0,0
0.62,0.74,-0.0093541,1,0,0
0.64,0.74,-0.072795,1,0,0
0.66,0.74,-0.048696,1,0,0
0.68,0.74,-0.074884,1,0,0
0.7,0.74,-0.058762,1,0,0
0.72,0.74,-0.034024,1,0,0
0.74,0.74,-0.051574,1,0,0
0.76,0.74,-0.06858,1,0,0
0.78,0.74,-0.028627,1,0,0
0.8,0.74,0.001057,1,0,0
0.82,0.74,0.02633,1,0,0
0.84,0.74,0.04652,1,0,0
0.86,0.74,0.017477,1,0,0
0.88,0.74,0.058448,1,0,0
0.9,0.74,0.046252,1,0,0
0.92,0.74,0.044224,1,0,0
0.94,0.74,-0.00034783,1,0,0
0.96,0.74,0.040098,1,0,0
0.98,0.74,0.048206,1,0,0
0.02,0.76,0.028206,1,0,0
0.04,0.76,0.010275,1,0,0
0.06,0.76,-0.011013,1,0,0
0.08,0.76,0.030528,1,0,0
0.1,0.76,0.030167,1,0,0
0.12,0.76,0.017748,1,0,0
0.14,0.76,0.025518,1,0,0
0.16,0.76,0.060384,1,0,0
0.18,0.76,0.063896,1,0,0
0.2,0.76,0.037517,1,0,0
0.22,0.76,0.027725,1,0,0
0.24,0.76,0.038481,1,0,0
0.26,0.76,0.045116,1,0,0
0.28,0.76,0.041686,1,0,0
0.3,0.76,0.047526,1,0,0
0.32,0.76,0.021629,1,0,0
0.34,0.76,0.037555,1,0,0
0.36,0.76,0.039811,1,0,0
0.38,0.76,0.051981,1,0,0
0.4,0.76,0.016953,1,0,0
0.42,0.76,0.056079,1,0,0
0.44,0.76,0.044965,1,0,0
0.46,0.76,0.050923,1,0,0
0.48,0.76,0.043595,1,0,0
0.5,0.76,0.029085,1,0,0
0.52,0.76,0.0082322,1,0,0
0.54,0.76,0.03298,1,0,0
0.56,0.76,-0.0045323,1,0,0
0.58,0.76,-0.0068836,1,0,0
0.6,0.76,-0.0013893,1,0,0
0.62,0.76,0.0058106,1,0,0
0.64,0.76,-0.031741,1,0,0
0.66,0.76,-0.067012,1,0,0
0.68,0.76,-0.042314,1,0,0
0.7,0.76,-0.043628,1,0,0
0.72,0.76,-0.047574,1,0,0
0.74,0.76,-0.026248,1,0,0
0.76,0.76,-0.027339,1,0,0
0.78,0.76,-0.0083081,1,0,0
0.8,0.76,0.011351,1,0,0
0.82,0.76,0.01021,1,0,0
0.84,0.76,0.037328,1,0,0
0.86,0.76,0.044371,1,0,0
0.88,0.76,0.059287,1,0,0
0.9,0.76,0.062863,1,0,0
0.92,0.76,0.065655,1,0,0
0.94,0.76,0.029087,1,0,0
0.96,0.76,0.043276,1,0,0
0.98,0.76,0.059663,1,0,0
0.02,0.78,0.048808,1,0,0
0.04,0.78,0.043229,1,0,0
0.06,0.78,0.010026,1,0,0
0.08,0.78,0.036144,1,0,0
0.1,0.78,0.013436,1,0,0
0.12,0.78,-0.0036114,1,0,0
0.14,0.78,-0.010918,1,0,0
0.16,0.78,0.041762,1,0,0
0.18,0.78,0.033235,1,0,0
0.2,0.78,0.050459,1,0,0
0.22,0.78,0.026306,1,0,0
0.24,0.78,0.031489,1,0,0
0.26,0.78,0.027666,1,0,0
0.28,0.78,-0.0009278,1,0,0
0.3,0.78,-0.00017967,1,0,0
0.32,0.78,0.022171,1,0,0
0.34,0.78,0.029313,1,0,0
0.36,0.78,0.034736,1,0,0
0.38,0.78,0.041634,1,0,0
0.4,0.78,0.020218,1,0,0
0.42,0.78,0.038851,1,0,0
0.44,0.78,0.06559,1,0,0
0.46,0.78,0.036313,1,0,0
0.48,0.78,-0.0026181,1,0,0
0.5,0.78,0.013147,1,0,0
0.52,0.78,-0.0054097,1,0,0
0.54,0.78,0.026,1,0,0
0.56,0.78,0.015374,1,0,0
0.58,0.78,0.0014633,1,0,0
0.6,0.78,0.0061044,1,0,0
0.62,0.78,-0.016648,1,0,0
0.64,0.78,-0.016842,1,0,0
0.66,0.78,-0.070665,1,0,0
0.68,0.78,-0.068472,1,0,0
0.7,0.78,-0.060791,1,0,0
0.72,0.78,-0.042993,1,0,0
0.74,0.78,-0.051909,1,0,0
0.76,0.78,-0.04267,1,0,0
0.78,0.78,-0.0074409,1,0,0
0.8,0.78,-0.029175,1,0,0
0.82,0.78,0.0042382,1,0,0
0.84,0.78,0.0090339,1,0,0
0.86,0.78,0.024271,1,0,0
0.88,0.78,0.010624,1,0,0
0.9,0.78,0.034706,1,0,0
0.92,0.78,0.034347,1,0,0
0.94,0.78,0.060272,1,0,0
0.96,0.78,0.050909,1,0,0
0.98,0.78,0.064868,1,0,0
0.02,0.8,0.030264,1,0,0
0.04,0.8,0.044832,1,0,0
0.06,0.8,0.017527,1,0,0
0.08,0.8,0.031026,1,0,0
0.1,0.8,0.020002,1,0,0
0.12,0.8,0.020493,1,0,0
0.14,0.8,0.02839,1,0,0
0.16,0.8,0.00059345,1,0,0
0.18,0.8,0.0085525,1,0,0
0.2,0.8,-0.00097333,1,0,0
0.22,0.8,0.0084211,1,0,0
0.24,0.8,0.010449,1,0,0
0.26,0.8,0.0045037,1,0,0
0.28,0.8,0.020416,1,0,0
0.3,0.8,-0.026378,1,0,0
0.32,0.8,0.021056,1,0,0
0.34,0.8,0.0088949,1,0,0
0.36,0.8,0.013141,1,0,0
0.38,0.8,-0.005743,1,0,0
0.4,0.8,0.02889,1,0,0
0.42,0.8,0.010284,1,0,0
0.44,0.8,0.027587,1,0,0
0.46,0.8,0.017244,1,0,0
0.48,0.8,0.02407,1,0,0
0.5,0.8,-0.015264,1,0,0
0.52,0.8,0.032642,1,0,0
0.54,0.8,0.044671,1,0,0
0.56,0.8,0.01543,1,0,0
0.58,0.8,0.011518,1,0,0
0.6,0.8,-0.032269,1,0,0
0.62,0.8,0.014785,1,0,0
0.64,0.8,-0.02688,1,0,0
0.66,0.8,-0.038418,1,0,0
0.68,0.8,-0.059592,1,0,0
0.7,0.8,-0.054185,1,0,0
0.72,0.8,-0.073286,1,0,0
0.74,0.8,-0.025576,1,0,0
0.76,0.8,-0.022517,1,0,0
0.78,0.8,-0.038414,1,0,0
0.8,0.8,-0.037662,1,0,0
0.82,0.8,-0.030481,1,0,0
0.84,0.8,-0.00094792,1,0,0
0.86,0.8,0.010799,1,0,0
0.88,0.8,0.023236,1,0,0
0.9,0.8,0.049676,1,0,0
0.92,0.8,0.025669,1,0,0
0.94,0.8,0.024111,1,0,0
0.96,0.8,0.052109,1,0,0
0.98,0.8,0.039905,1,0,0
0.02,0.82,0.038572,1,0,0
0.04,0.82,0.044099,1,0,0
0.06,0.82,0.034456,1,0,0
0.08,0.82,0.058426,1,0,0
0.1,0.82,0.028299,1,0,0
0.12,0.82,0.0056354,1,0,0
0.14,0.82,-0.00025175,1,0,0
0.16,0.82,-0.037081,1,0,0
0.18,0.82,0.0073592,1,0,0
0.2,0.82,0.019393,1,0,0
0.22,0.82,-0.0080945,1,0,0
0.24,0.82,-0.01765,1,0,0
0.26,0.82,-0.033569,1,0,0
0.28,0.82,0.00044551,1,0,0
0.3,0.82,-0.014313,1,0,0
0.32,0.82,0.006326,1,0,0
0.34,0.82,-0.012688,1,0,0
0.36,0.82,-0.034308,1,0,0
0.38,0.82,0.0055633,1,0,0
0.4,0.82,0.022292,1,0,0
0.42,0.82,0.0031919,1,0,0
0.44,0.82,0.044709,1,0,0
0.46,0.82,0.02493,1,0,0
0.48,0.82,0.0045104,1,0,0
0.5,0.82,-0.0010083,1,0,0
0.52,0.82,0.0050714,1,0,0
0.54,0.82,-0.026816,1,0,0
0.56,0.82,0.04011,1,0,0
0.58,0.82,0.038253,1,0,0
0.6,0.82,0.017413,1,0,0
0.62,0.82,0.010183,1,0,0
0.64,0.82,-0.021188,1,0,0
0.66,0.82,-0.015591,1,0,0
0.68,0.82,-0.036866,1,0,0
0.7,0.82,-0.029419,1,0,0
0.72,0.82,-0.03606,1,0,0
0.74,0.82,-0.054015,1,0,0
0.76,0.82,-0.049556,1,0,0
0.78,0.82,-0.013934,1,0,0
0.8,0.82,-0.060383,1,0,0
0.82,0.82,-0.014192,1,0,0
0.84,0.82,-0.016645,1,0,0
0.86,0.82,0.021824,1,0,0
0.88,0.82,0.046699,1,0,0
0.9,0.82,0.05517,1,0,0
0.92,0.82,0.0069679,1,0,0
0.94,0.82,0.018828,1,0,0
0.96,0.82,0.030771,1,0,0
0.98,0.82,0.044438,1,0,0
0.02,0.84,0.11548,1,0,0
0.04,0.84,0.052803,1,0,0
0.06,0.84,0.044215,1,0,0
0.08,0.84,0.030944,1,0,0
0.1,0.84,0.01811,1,0,0
0.12,0.84,0.0098965,1,0,0
0.14,0.84,0.0074109,1,0,0
0.16,0.84,0.00020529,1,0,0
0.18,0.84,-0.0024643,1,0,0
0.2,0.84,0.0053119,1,0,0
0.22,0.84,-0.00062317,1,0,0
0.24,0.84,-0.028348,1,0,0
0.26,0.84,0.0098613,1,0,0
0.28,0.84,-0.0097675,1,0,0
0.3,0.84,-0.031386,1,0,0
0.32,0.84,-0.021569,1,0,0
0.34,0.84,-0.011411,1,0,0
0.36,0.84,-0.01656,1,0,0
0.38,0.84,0.014998,1,0,0
0.4,0.84,0.040202,1,0,0
0.42,0.84,0.044288,1,0,0
0.44,0.84,0.048986,1,0,0
0.46,0.84,0.032098,1,0,0
0.48,0.84,0.019683,1,0,0
0.5,0.84,0.0065205,1,0,0
0.52,0.84,0.011463,1,0,0
0.54,0.84,0.017923,1,0,0
0.56,0.84,0.028816,1,0,0
0.58,0.84,0.037879,1,0,0
0.6,0.84,0.024084,1,0,0
0.62,0.84,0.031716,1,0,0
0.64,0.84,0.010701,1,0,0
0.66,0.84,-0.041255,1,0,0
0.68,0.84,0.00079116,1,0,0
0.7,0.84,-0.0030268,1,0,0
0.72,0.84,-0.053055,1,0,0
0.74,0.84,0.0026544,1,0,0
0.76,0.84,-0.014913,1,0,0
0.78,0.84,-0.023061,1,0,0
0.8,0.84,-0.038024,1,0,0
0.82,0.84,-0.032896,1,0,0
0.84,0.84,-0.031729,1,0,0
0.86,0.84,0.016959,1,0,0
0.88,0.84,0.040162,1,0,0
0.9,0.84,0.045898,1,0,0
0.92,0.84,0.018779,1,0,0
0.94,0.84,0.034561,1,0,0
0.96,0.84,0.051402,1,0,0
0.98,0.84,0.020068,1,0,0
0.02,0.86,0.093656,1,0,0
0.04,0.86,0.064775,1,0,0
0.06,0.86,0.024091,1,0,0
0.08,0.86,0.031749,1,0,0
0.1,0.86,0.030215,1,0,0
0.12,0.86,-0.001294,1,0,0
0.14,0.86,0.0091536,1,0,0
0.16,0.86,-0.016173,1,0,0
0.18,0.86,-0.010986,1,0,0
0.2,0.86,-0.037658,1,0,0
0.22,0.86,-0.0408,1,0,0
0.24,0.86,-0.035604,1,0,0
0.26,0.86,-0.021325,1,0,0
0.28,0.86,-0.024841,1,0,0
0.3,0.86,-0.03453,1,0,0
0.32,0.86,-0.020474,1,0,0
0.34,0.86,-0.024768,1,0,0
0.36,0.86,-0.035062,1,0,0
0.38,0.86,0.0025688,1,0,0
0.4,0.86,0.014136,1,0,0
0.42,0.86,0.029195,1,0,0
0.44,0.86,0.047488,1,0,0
0.46,0.86,0.040471,1,0,0
0.48,0.86,0.024736,1,0,0
0.5,0.86,0.041812,1,0,0
0.52,0.86,0.016685,1,0,0
0.54,0.86,0.032164,1,0,0
0.56,0.86,0.0197,1,0,0
0.58,0.86,0.021629,1,0,0
0.6,0.86,0.0012593,1,0,0
0.62,0.86,0.020233,1,0,0
0.64,0.86,-0.029469,1,0,0
0.66,0.86,-0.0088098,1,0,0
0.68,0.86,-0.0017593,1,0,0
0.7,0.86,0.010423,1,0,0
0.72,0.86,0.0020159,1,0,0
0.74,0.86,-0.016074,1,0,0
0.76,0.86,0.0074041,1,0,0
0.78,0.86,-0.011104,1,0,0
0.8,0.86,-0.0097163,1,0,0
0.82,0.86,0.013215,1,0,0
0.84,0.86,0.026409,1,0,0
0.86,0.86,0.0085059,1,0,0
0.88,0.86,0.043639,1,0,0
0.9,0.86,0.014583,1,0,0
0.92,0.86,0.032611,1,0,0
0.94,0.86,0.043004,1,0,0
0.96,0.86,0.059605,1,0,0
0.98,0.86,0.009737,1,0,0
0.02,0.88,0.079141,1,0,0
0.04,0.88,0.078023,1,0,0
0.06,0.88,0.052487,1,0,0
0.08,0.88,0.040566,1,0,0
0.1,0.88,0.0075528,1,0,0
0.12,0.88,-0.012996,1,0,0
0.14,0.88,-0.017726,1,0,0
0.16,0.88,-0.039678,1,0,0
0.18,0.88,-0.036166,1,0,0
0.2,0.88,-0.065021,1,0,0
0.22,0.88,-0.055044,1,0,0
0.24,0.88,-0.029508,1,0,0
0.26,0.88,-0.043916,1,0,0
0.28,0.88,-0.019594,1,0,0
0.3,0.88,-0.0083761,1,0,0
0.32,0.88,-0.01398,1,0,0
0.34,0.88,-0.020217,1,0,0
0.36,0.88,-0.011697,1,0,0
0.38,0.88,0.053377,1,0,0
0.4,0.88,-0.0080809,1,0,0
0.42,0.88,0.030809,1,0,0
0.44,0.88,-0.0001573,1,0,0
0.46,0.88,0.027193,1,0,0
0.48,0.88,0.021588,1,0,0
0.5,0.88,0.04389,1,0,0
0.52,0.88,0.026207,1,0,0
0.54,0.88,-0.0090333,1,0,0
0.56,0.88,0.014416,1,0,0
0.58,0.88,0.029899,1,0,0
0.6,0.88,0.0062304,1,0,0
0.62,0.88,0.0026233,1,0,0
0.64,0.88,0.013473,1,0,0
0.66,0.88,0.0040221,1,0,0
0.68,0.88,-0.0045294,1,0,0
0.7,0.88,-0.026625,1,0,0
0.72,0.88,-0.021632,1,0,0
0.74,0.88,-0.040311,1,0,0
0.76,0.88,-0.019311,1,0,0
0.78,0.88,0.01314,1,0,0
0.8,0.88,0.0329,1,0,0
0.82,0.88,0.030476,1,0,0
0.84,0.88,0.027699,1,0,0
0.86,0.88,0.038511,1,0,0
0.88,0.88,0.020279,1,0,0
0.9,0.88,0.035066,1,0,0
0.92,0.88,0.012059,1,0,0
0.94,0.88,0.011795,1,0,0
0.96,0.88,0.036524,1,0,0
0.98,0.88,0.024553,1,0,0
0.02,0.9,0.047541,1,0,0
0.04,0.9,0.062099,1,0,0
0.06,0.9,0.029523,1,0,0
0.08,0.9,0.044511,1,0,0
0.1,0.9,-0.0077478,1,0,0
0.12,0.9,-0.028163,1,0,0
0.14,0.9,-0.050945,1,0,0
0.16,0.9,-0.077596,1,0,0
0.18,0.9,-0.062392,1,0,0
0.2,0.9,-0.065349,1,0,0
0.22,0.9,-0.069038,1,0,0
0.24,0.9,-0.089971,1,0,0
0.26,0.9,-0.062913,1,0,0
0.28,0.9,-0.050875,1,0,0
0.3,0.9,-0.010783,1,0,0
0.32,0.9,-0.00043712,1,0,0
0.34,0.9,-0.006264,1,0,0
0.36,0.9,0.016038,1,0,0
0.38,0.9,0.008239,1,0,0
0.4,0.9,-0.013858,1,0,0
0.42,0.9,-0.031057,1,0,0
0.44,0.9,-0.029951,1,0,0
0.46,0.9,-0.035758,1,0,0
0.48,0.9,0.005918,1,0,0
0.5,0.9,0.033406,1,0,0
0.52,0.9,-0.0081845,1,0,0
0.54,0.9,0.010088,1,0,0
0.56,0.9,0.017372,1,0,0
0.58,0.9,0.0029502,1,0,0
0.6,0.9,0.0078059,1,0,0
0.62,0.9,0.013002,1,0,0
0.64,0.9,-0.040643,1,0,0
0.66,0.9,-0.025253,1,0,0
0.68,0.9,-0.028943,1,0,0
0.7,0.9,-0.026706,1,0,0
0.72,0.9,-0.044313,1,0,0
0.74,0.9,-0.050047,1,0,0
0.76,0.9,-0.021354,1,0,0
0.78,0.9,0.0095646,1,0,0
0.8,0.9,0.0297,1,0,0
0.82,0.9,0.034979,1,0,0
0.84,0.9,0.027662,1,0,0
0.86,0.9,-0.00052112,1,0,0
0.88,0.9,0.020352,1,0,0
0.9,0.9,0.010381,1,0,0
0.92,0.9,0.022239,1,0,0
0.94,0.9,0.033808,1,0,0
0.96,0.9,0.022674,1,0,0
0.98,0.9,0.058816,1,0,0
0.02,0.92,0.048671,1,0,0
0.04,0.92,0.054416,1,0,0
0.06,0.92,0.020196,1,0,0
0.08,0.92,0.0066439,1,0,0
0.1,0.92,0.0043615,1,0,0
0.12,0.92,0.016045,1,0,0
0.14,0.92,-0.027564,1,0,0
0.16,0.92,-0.04041,1,0,0
0.18,0.92,-0.048414,1,0,0
0.2,0.92,-0.062858,1,0,0
0.22,0.92,-0.074771,1,0,0
0.24,0.92,-0.051351,1,0,0
0.26,0.92,-0.020088,1,0,0
0.28,0.92,-0.032448,1,0,0
0.3,0.92,-0.024514,1,0,0
0.32,0.92,0.012977,1,0,0
0.34,0.92,-0.0094188,1,0,0
0.36,0.92,0.032496,1,0,0
0.38,0.92,-0.00070227,1,0,0
0.4,0.92,-0.020291,1,0,0
0.42,0.92,-0.005111,1,0,0
0.44,0.92,-0.0026817,1,0,0
0.46,0.92,-0.03705,1,0,0
0.48,0.92,0.0062866,1,0,0
0.5,0.92,0.037534,1,0,0
0.52,0.92,0.026839,1,0,0
0.54,0.92,0.048521,1,0,0
0.56,0.92,0.015041,1,0,0
0.58,0.92,0.014771,1,0,0
0.6,0.92,-0.0056558,1,0,0
0.62,0.92,0.014523,1,0,0
0.64,0.92,0.008686,1,0,0
0.66,0.92,0.0012373,1,0,0
0.68,0.92,-0.027299,1,0,0
0.7,0.92,-0.013773,1,0,0
0.72,0.92,-0.029403,1,0,0
0.74,0.92,-0.023593,1,0,0
0.76,0.92,0.0056618,1,0,0
0.78,0.92,0.051311,1,0,0
0.8,0.92,0.054712,1,0,0
0.82,0.92,0.046807,1,0,0
0.84,0.92,0.056127,1,0,0
0.86,0.92,0.062093,1,0,0
0.88,0.92,0.015662,1,0,0
0.9,0.92,0.017171,1,0,0
0.92,0.92,0.042385,1,0,0
0.94,0.92,0.038253,1,0,0
0.96,0.92,0.036812,1,0,0
0.98,0.92,0.05716,1,0,0
0.02,0.94,0.031417,1,0,0
0.04,0.94,0.044954,1,0,0
0.06,0.94,7.4203e-05,1,0,0
0.08,0.94,0.023477,1,0,0
0.1,0.94,0.029709,1,0,0
0.12,0.94,0.029253,1,0,0
0.14,0.94,-0.0023846,1,0,0
0.16,0.94,-0.021538,1,0,0
0.18,0.94,-0.021306,1,0,0
0.2,0.94,-0.023337,1,0,0
0.22,0.94,-0.032689,1,0,0
0.24,0.94,-0.0043631,1,0,0
0.26,0.94,0.0018812,1,0,0
0.28,0.94,0.0050637,1,0,0
0.3,0.94,-0.012615,1,0,0
0.32,0.94,0.010534,1,0,0
0.34,0.94,0.018416,1,0,0
0.36,0.94,-0.011084,1,0,0
0.38,0.94,-0.010419,1,0,0
0.4,0.94,-0.027447,1,0,0
0.42,0.94,0.033607,1,0,0
0.44,0.94,0.0040264,1,0,0
0.46,0.94,0.02604,1,0,0
0.48,0.94,0.048132,1,0,0
0.5,0.94,0.024714,1,0,0
0.52,0.94,0.039489,1,0,0
0.54,0.94,0.070283,1,0,0
0.56,0.94,0.041037,1,0,0
0.58,0.94,-0.012401,1,0,0
0.6,0.94,0.01657,1,0,0
0.62,0.94,0.021651,1,0,0
0.64,0.94,0.0061856,1,0,0
0.66,0.94,0.017049,1,0,0
0.68,0.94,0.0076923,1,0,0
0.7,0.94,-0.0141,1,0,0
0.72,0.94,0.0020188,1,0,0
0.74,0.94,-0.0058179,1,0,0
0.76,0.94,0.01052,1,0,0
0.78,0.94,0.038226,1,0,0
0.8,0.94,0.028221,1,0,0
0.82,0.94,0.066679,1,0,0
0.84,0.94,0.049625,1,0,0
0.86,0.94,0.091651,1,0,0
0.88,0.94,0.034205,1,0,0
0.9,0.94,0.044046,1,0,0
0.92,0.94,0.033285,1,0,0
0.94,0.94,0.055287,1,0,0
0.96,0.94,0.042882,1,0,0
0.98,0.94,0.047577,1,0,0
0.02,0.96,0.044244,1,0,0
0.04,0.96,0.01714,1,0,0
0.06,0.96,-0.0088676,1,0,0
0.08,0.96,0.027281,1,0,0
0.1,0.96,0.021521,1,0,0
0.12,0.96,-0.0019353,1,0,0
0.14,0.96,-0.0092673,1,0,0
0.16,0.96,-0.017569,1,0,0
0.18,0.96,-0.018073,1,0,0
0.2,0.96,-0.021724,1,0,0
0.22,0.96,-0.013365,1,0,0
0.24,0.96,-0.0062171,1,0,0
0.26,0.96,-0.014422,1,0,0
0.28,0.96,-0.023635,1,0,0
0.3,0.96,-0.0017905,1,0,0
0.32,0.96,0.0043943,1,0,0
0.34,0.96,-0.0052562,1,0,0
0.36,0.96,-0.0089798,1,0,0
0.38,0.96,0.011721,1,0,0
0.4,0.96,0.0022859,1,0,0
0.42,0.96,0.0056394,1,0,0
0.44,0.96,-0.0032831,1,0,0
0.46,0.96,0.019745,1,0,0
0.48,0.96,-0.0029495,1,0,0
0.5,0.96,0.010458,1,0,0
0.52,0.96,0.018677,1,0,0
0.54,0.96,0.0544,1,0,0
0.56,0.96,0.029977,1,0,0
0.58,0.96,0.019629,1,0,0
0.6,0.96,0.024009,1,0,0
0.62,0.96,0.038399,1,0,0
0.64,0.96,0.011214,1,0,0
0.66,0.96,0.039753,1,0,0
0.68,0.96,-0.005051,1,0,0
0.7,0.96,-0.0095155,1,0,0
0.72,0.96,0.0055852,1,0,0
0.74,0.96,0.020053,1,0,0
0.76,0.96,0.02181,1,0,0
0.78,0.96,0.033371,1,0,0
0.8,0.96,0.040969,1,0,0
0.82,0.96,0.041267,1,0,0
0.84,0.96,0.038833,1,0,0
0.86,0.96,0.031628,1,0,0
0.88,0.96,0.089892,1,0,0
0.9,0.96,0.085281,1,0,0
0.92,0.96,0.064269,1,0,0
0.94,0.96,0.043754,1,0,0
0.96,0.96,0.068161,1,0,0
0.98,0.96,0.078916,1,0,0
0.02,0.98,0.034902,1,0,0
0.04,0.98,-0.0071226,1,0,0
0.06,0.98,0.017452,1,0,0
0.08,0.98,0.02826,1,0,0
0.1,0.98,0.02618,1,0,0
0.12,0.98,-0.0093106,1,0,0
0.14,0.98,-0.031235,1,0,0
0.16,0.98,-0.011212,1,0,0
0.18,0.98,-0.0444,1,0,0
0.2,0.98,-0.020015,1,0,0
0.22,0.98,0.00021109,1,0,0
0.24,0.98,-0.012271,1,0,0
0.26,0.98,0.015439,1,0,0
0.28,0.98,-0.010698,1,0,0
0.3,0.98,0.0060159,1,0,0
0.32,0.98,-0.0093145,1,0,0
0.34,0.98,-0.0033718,1,0,0
0.36,0.98,-0.0043524,1,0,0
0.38,0.98,0.0025773,1,0,0
0.4,0.98,-0.033272,1,0,0
0.42,0.98,-0.0049945,1,0,0
0.44,0.98,0.0013047,1,0,0
0.46,0.98,0.025077,1,0,0
0.48,0.98,-0.014714,1,0,0
0.5,0.98,0.022535,1,0,0
0.52,0.98,0.025758,1,0,0
0.54,0.98,0.055324,1,0,0
0.56,0.98,0.0014695,1,0,0
0.58,0.98,0.019347,1,0,0
0.6,0.98,0.01834,1,0,0
0.62,0.98,0.02558,1,0,0
0.64,0.98,0.024008,1,0,0
0.66,0.98,0.014082,1,0,0
0.68,0.98,0.0048564,1,0,0
0.7,0.98,0.0037603,1,0,0
0.72,0.98,-0.0081183,1,0,0
0.74,0.98,0.0080984,1,0,0
0.76,0.98,-0.00096509,1,0,0
0.78,0.98,0.010294,1,0,0
0.8,0.98,0.021719,1,0,0
0.82,0.98,0.027805,1,0,0
0.84,0.98,0.040026,1,0,0
0.86,0.98,0.04485,1,0,0
0.88,0.98,0.072392,1,0,0
0.9,0.98,0.095178,1,0,0
0.92,0.98,0.079149,1,0,0
0.94,0.98,0.037812,1,0,0
0.96,0.98,0.051639,1,0,0
0.98,0.98,0.028795,1,0,0
0,0,0.027347,-1,0,0
0.02,0,0.027347,-1,0,0
0.04,0,0.038959,-1,0,0
0.06,0,0.033452,-1,0,0
0.08,0,-0.034245,-1,0,0
0.1,0,-0.023312,-1,0,0
0.12,0,-0.020987,-1,0,0
0.14,0,-0.033778,-1,0,0
0.16,0,-0.042747,-1,0,0
0.18,0,-0.0080809,-1,0,0
0.2,0,-0.045654,-1,0,0
0.22,0,-0.029698,-1,0,0
0.24,0,-0.052355,-1,0,0
0.26,0,-0.02721,-1,0,0
0.28,0,-0.051951,-1,0,0
0.3,0,-0.04259,-1,0,0
0.32,0,-0.026515,-1,0,0
0.34,0,-0.059227,-1,0,0
0.36,0,-0.060234,-1,0,0
0.38,0,-0.0486,-1,0,0
0.4,0,-0.055595,-1,0,0
0.42,0,-0.04117,-1,0,0
0.44,0,-0.014969,-1,0,0
0.46,0,-0.0049108,-1,0,0
0.48,0,0.020211,-1,0,0
0.5,0,0.022048,-1,0,0
0.52,0,0.00052722,-1,0,0
0.54,0,0.012906,-1,0,0
0.56,0,0.035689,-1,0,0
0.58,0,0.051989,-1,0,0
0.6,0,0.036171,-1,0,0
0.62,0,0.075204,-1,0,0
0.64,0,0.036604,-1,0,0
0.66,0,0.053811,-1,0,0
0.68,0,0.033772,-1,0,0
0.7,0,0.048083,-1,0,0
0.72,0,0.031009,-1,0,0
0.74,0,0.017892,-1,0,0
0.76,0,-0.0075606,-1,0,0
0.78,0,0.01572,-1,0,0
0.8,0,0.0042729,-1,0,0
0.82,0,0.024102,-1,0,0
0.84,0,0.0291,-1,0,0
0.86,0,0.029843,-1,0,0
0.88,0,-0.0045114,-1,0,0
0.9,0,0.0038239,-1,0,0
0.92,0,-0.017491,-1,0,0
0.94,0,-0.033024,-1,0,0
0.96,0,-0.0047757,-1,0,0
0.98,0,-0.028889,-1,0,0
1,0,-0.035895,-1,0,0
1,0.02,-0.013541,-1,0,0
1,0.04,-0.025932,-1,0,0
1,0.06,-0.004315,-1,0,0
1,0.08,0.045625,-1,0,0
1,0.1,0.063125,-1,0,0
1,0.12,0.070134,-1,0,0
1,0.14,0.054354,-1,0,0
1,0.16,0.0085042,-1,0,0
1,0.18,0.024574,-1,0,0
1,0.2,0.0073484,-1,0,0
1,0.22,0.02227,-1,0,0
1,0.24,-0.0045685,-1,0,0
1,0.26,0.015234,-1,0,0
1,0.28,-0.0023958,-1,0,0
1,0.3,-0.0051381,-1,0,0
1,0.32,-0.0037657,-1,0,0
1,0.34,-0.0024521,-1,0,0
1,0.36,-0.018576,-1,0,0
1,0.38,-0.054252,-1,0,0
1,0.4,0.019252,-1,0,0
1,0.42,0.014544,-1,0,0
1,0.44,0.004828,-1,0,0
1,0.46,0.014558,-1,0,0
1,0.48,0.021429,-1,0,0
1,0.5,0.014843,-1,0,0
1,0.52,0.036195,-1,0,0
1,0.54,-0.014438,-1,0,0
1,0.56,-0.0015639,-1,0,0
1,0.58,-0.014762,-1,0,0
1,0.6,0.011658,-1,0,0
1,0.62,0.021696,-1,0,0
1,0.64,-0.034304,-1,0,0
1,0.66,0.00697,-1,0,0
1,0.68,0.030342,-1,0,0
1,0.7,0.044816,-1,0,0
1,0.72,0.036491,-1,0,0
1,0.74,0.050761,-1,0,0
1,0.76,0.07405,-1,0,0
1,0.78,0.043901,-1,0,0
1,0.8,0.037353,-1,0,0
1,0.82,0.064446,-1,0,0
1,0.84,0.061593,-1,0,0
1,0.86,0.039121,-1,0,0
1,0.88,0.040667,-1,0,0
1,0.9,0.010843,-1,0,0
1,0.92,0.030737,-1,0,0
1,0.94,0.056499,-1,0,0
1,0.96,0.044317,-1,0,0
1,0.98,0.0071791,-1,0,0
1,1,0.0097159,-1,0,0
0.98,1,0.0048427,-1,0,0
0.96,1,0.031647,-1,0,0
0.94,1,0.058548,-1,0,0
0.92,1,0.094873,-1,0,0
0.9,1,0.10114,-1,0,0
0.88,1,0.050482,-1,0,0
0.86,1,0.073986,-1,0,0
0.84,1,0.055029,-1,0,0
0.82,1,0.05826,-1,0,0
0.8,1,0.024589,-1,0,0
0.78,1,0.041649,-1,0,0
0.76,1,0.0079146,-1,0,0
0.74,1,-0.013319,-1,0,0
0.72,1,0.026042,-1,0,0
0.7,1,0.02429,-1,0,0
0.68,1,0.01994,-1,0,0
0.66,1,0.053367,-1,0,0
0.64,1,0.047454,-1,0,0
0.62,1,0.050612,-1,0,0
0.6,1,0.0062705,-1,0,0
0.58,1,-0.0013595,-1,0,0
0.56,1,-0.0016062,-1,0,0
0.54,1,0.038744,-1,0,0
0.52,1,0.045405,-1,0,0
0.5,1,0.029815,-1,0,0
0.48,1,0.01211,-1,0,0
0.46,1,0.031063,-1,0,0
0.44,1,0.031926,-1,0,0
0.42,1,0.019285,-1,0,0
0.4,1,-0.0024139,-1,0,0
0.38,1,0.0083183,-1,0,0
0.36,1,-1.8893e-05,-1,0,0
0.34,1,0.005272,-1,0,0
0.32,1,-0.029919,-1,0,0
0.3,1,-0.0052792,-1,0,0
0.28,1,0.021437,-1,0,0
0.26,1,0.058921,-1,0,0
0.24,1,0.015018,-1,0,0
0.22,1,0.0088405,-1,0,0
0.2,1,-0.035733,-1,0,0
0.18,1,-0.012889,-1,0,0
0.16,1,-0.029445,-1,0,0
0.14,1,-0.028704,-1,0,0
0.12,1,-0.014716,-1,0,0
0.1,1,0.040148,-1,0,0
0.08,1,0.045434,-1,0,0
0.06,1,0.027797,-1,0,0
0.04,1,0.054965,-1,0,0
0.02,1,0.041982,-1,0,0
0,1,0.047809,-1,0,0
0,0.98,0.027618,-1,0,0
0,0.96,0.063938,-1,0,0
0,0.94,0.046069,-1,0,0
0,0.92,0.057333,-1,0,0
0,0.9,0.047632,-1,0,0
0,0.88,0.078856,-1,0,0
0,0.86,0.054983,-1,0,0
0,0.84,0.086381,-1,0,0
0,0.82,0.062233,-1,0,0
0,0.8,0.047007,-1,0,0
0,0.78,0.037289,-1,0,0
0,0.76,0.031515,-1,0,0
0,0.74,0.016728,-1,0,0
0,0.72,0.05515,-1,0,0
0,0.7,0.040056,-1,0,0
0,0.68,0.041201,-1,0,0
0,0.66,0.055349,-1,0,0
0,0.64,0.024328,-1,0,0
0,0.62,0.01626,-1,0,0
0,0.6,0.023629,-1,0,0
0,0.58,-0.017132,-1,0,0
0,0.56,-0.003417,-1,0,0
0,0.54,0.058515,-1,0,0
0,0.52,0.043339,-1,0,0
0,0.5,0.050204,-1,0,0
0,0.48,0.085771,-1,0,0
0,0.46,0.051,-1,0,0
0,0.44,0.041993,-1,0,0
0,0.42,0.036637,-1,0,0
0,0.4,0.049795,-1,0,0
0,0.38,0.021216,-1,0,0
0,0.36,0.028545,-1,0,0
0,0.34,0.035043,-1,0,0
0,0.32,0.03671,-1,0,0
0,0.3,-0.012577,-1,0,0
0,0.28,-0.0049351,-1,0,0
0,0.26,-0.0023728,-1,0,0
0,0.24,0.014305,-1,0,0
0,0.22,0.046683,-1,0,0
0,0.2,0.029515,-1,0,0
0,0.18,0.069306,-1,0,0
0,0.16,0.07048,-1,0,0
0,0.14,0.020574,-1,0,0
0,0.12,0.017563,-1,0,0
0,0.1,0.072243,-1,0,0
0,0.08,0.085081,-1,0,0
0,0.06,0.10381,-1,0,0
0,0.04,0.080906,-1,0,0
0,0.02,0.047154,-1,0,0
