0.025257,-0.0070256,-0.01124,6.9539e-05,0.0087146,0.0058643,0.0033227,-0.0052724,0.0044143,0.0020152,-0.0033594,-0.00043408,0.0010653,-0.00019287,0.0019481,-0.00035974,-0.00034491,-0.00045332,0.0037796,-0.00075539,0.0049616
-0.01067,-0.011727,-0.0098757,-0.011032,0.0098395,0.0031327,-0.0014343,0.0017595,-0.0036199,-0.0024349,0.001605,-0.001221,-0.00033692,0.00098331,-0.0017088,-0.0035318,-0.00033772,-0.0013126,-0.0019842,-0.0023451,-0.001627
0.00071309,-0.0046692,-0.015516,0.0041036,-0.00041089,-0.0084926,0.0036648,0.0028155,0.0011708,-0.0016235,-0.0026163,0.0013384,0.00010432,-0.0019834,-0.0012815,6.1349e-05,-0.00068119,-0.00089567,-0.0016675,-0.00073718,-0.0018653
-0.009597,-0.00018189,-0.0020394,0.0053274,-0.010974,-0.0025194,0.0036557,0.0039113,0.0023773,-0.0039732,-0.0028893,0.000572,0.0009843,0.0022916,-0.0023364,-0.0026864,-0.00061263,0.0014235,-0.0026928,0.0012525,-0.0020304
-0.0014508,0.0066433,-0.0072935,-0.0003848,0.0032664,0.0018046,0.0021705,-0.0042779,-0.0013147,0.0010053,-0.00095623,0.0016121,0.00048914,-0.0010431,-0.00097165,0.00099864,-0.00019486,0.00034474,-0.00044851,0.00062038,-0.0010565
0.0077027,0.010607,0.007168,1.328e-05,-0.0010457,0.0018619,-2.7262e-05,-0.0049532,0.0019445,0.0063623,-0.00047665,1.8796e-05,-0.00030371,-0.0016426,0.0019326,0.00079915,0.0012592,0.0011148,0.0011601,0.0029263,0.0027144
-0.0014321,0.0021464,0.0037992,-0.0021104,-0.0078105,0.0002177,0.0041477,0.00064594,-0.00099763,-0.00056129,-0.00073847,0.0012948,0.00068369,-0.00068482,-0.00056509,0.00077821,-0.00055876,-0.00019937,0.00064037,-0.00032987,-0.0010934
-0.002763,-0.0027998,-0.0064813,4.8544e-05,-0.00053979,0.00099968,0.0010196,-0.0013505,0.0020362,-0.0015158,-0.0014305,-0.0019298,-0.00063871,0.0015722,-0.00055068,7.8178e-05,-0.00025987,-0.00064987,-0.0013649,-0.0015884,-0.0011721
0.0068093,-0.0034397,0.0030771,0.0032437,-0.0011514,-0.0013069,-0.0030777,0.0025346,0.0014137,0.0015436,0.0013058,-0.0025496,0.00013433,0.0015821,0.00076149,-0.00022034,-0.00053202,-0.00011802,0.0022079,-0.00037677,7.4326e-05
0.0021689,0.0010311,0.0023526,0.0024419,0.0010443,0.0015322,-0.0018829,-0.00084204,0.0016131,0.00078238,-4.1581e-05,-0.0010948,0.00025056,0.0010538,0.00050914,-0.00068133,-0.00010859,0.00066236,0.00078041,0.0010304,0.00069649
-0.0049641,0.0017084,-0.004377,-0.0014342,0.0015823,0.0010014,0.0014046,-0.00086776,0.00022993,0.00035562,-0.00077534,0.00079937,0.0011857,-0.0015658,-0.00070838,-0.00040042,-0.0016049,-0.00046056,-0.0011473,0.0007284,-0.0012538
-0.0010539,-0.0011303,-0.00044264,-0.00092154,0.0019645,0.0019187,5.1549e-05,0.0014111,-0.0024581,-0.0015707,0.0012821,0.00034571,3.2013e-05,0.00035602,-1.7036e-05,-0.00016399,-0.00056618,6.4546e-05,0.00070375,4.1037e-05,-0.00022859
0.0016809,-0.0013499,0.00048046,5.2646e-05,0.0031831,-8.6229e-05,0.0005491,-0.00052135,0.00063658,0.00015552,-0.0014178,-0.00047728,-0.00090602,0.00016579,0.00078934,0.00011048,0.0012998,-0.00031826,-0.0009721,-0.00012788,0.0019001
-0.0002522,-4.9637e-05,-8.1854e-05,-0.00054697,-0.0028451,-0.002035,0.00041094,-0.0010253,0.00061729,0.0008743,-0.0011374,0.00073902,-0.00042421,-0.00083817,-0.00025752,0.00015692,0.00059841,-0.00042979,-0.00088503,-4.2998e-05,0.00027747
0.0036661,6.1665e-05,-0.0020386,0.00052089,-0.0023436,-0.00046653,0.00076769,-0.00064506,-0.00025158,-9.5164e-05,-0.00031134,1.6639e-05,0.00065698,-0.00034741,-0.00024087,0.00019658,-0.0010386,0.00036047,0.0007252,9.2441e-05,0.00045357
-0.0023164,-0.0015066,-0.00063892,-0.0020887,0.0018982,-0.00096076,0.00017955,0.00087463,-0.00066502,-0.0010238,0.00066036,0.00019487,0.00011022,-0.00087245,-0.00066662,-0.00047132,-0.00059663,-0.00032517,0.00010422,-0.00032161,-0.00027443
0.00037427,-0.00079593,-0.0024419,-0.00013399,0.0018418,-0.00031478,0.00067153,-0.00052669,0.00020552,-0.00025347,-0.00037648,0.00036953,-0.00021952,-0.00034458,-0.00011507,-0.00014391,1.0276e-05,-0.00019089,-0.00043112,-0.00012922,0.00027189
-0.00097159,0.0007422,-0.00098,0.0011358,-0.00079368,0.0021074,0.00034066,0.00047021,0.00074906,-0.00062968,-0.00016936,-0.0014915,-0.00070634,0.001866,-6.1436e-05,-0.00092317,-6.8119e-06,0.00066671,-6.0428e-05,0.00052327,4.0082e-05
0.0036431,-0.00039039,-0.0040256,0.00066662,-0.00039019,6.5234e-05,0.00075109,-0.00019868,0.00028909,0.00041081,-3.3432e-05,0.00091413,0.00029864,-0.00014136,-0.00024682,-0.00020049,4.4237e-05,-0.00033034,0.0006075,-0.00015604,-0.00071668
-0.0017916,-0.00074707,-0.0008312,-0.00045959,0.00016111,0.00085407,-0.00010409,-0.00147,0.00051977,0.0010208,-0.00060261,0.00062145,0.00069994,-0.00053654,-0.00046717,-0.0005293,6.4022e-05,-0.00028416,-0.00064877,0.00016067,-0.00033389
0.0040944,-0.00057037,-0.0041138,0.00078706,0.0010783,7.6828e-05,0.001804,-0.001256,0.0012409,9.0238e-06,-0.00066593,-6.4501e-05,0.00023762,-0.00060013,-0.00059402,0.00028157,-2.9052e-05,0.00019933,0.0012434,-0.00044383,5.8988e-05
