0.0090474,1.7457e-05,-0.0054907,-0.0020379,-0.0021992,-0.00081399,0.0048276,0.0011495,0.0036992,-0.0029292,0.0041109,-0.00059504,0.001813,-0.0039635,-4.4976e-05,0.00021774,0.00093867,-0.0028332,0.0036084,-0.00076779,0.0022549
-0.0068619,0.0025178,-0.0075035,0.0026771,0.010328,-0.0035822,-0.0043941,0.0061295,0.0020651,0.0019218,-0.0016166,0.0023343,0.00043176,-0.0006091,0.00022701,0.0010925,-0.00068764,-0.00057294,-0.00077826,0.0012082,-0.0014343
-0.00096017,0.00072855,-0.0034436,-0.00014296,-0.0003999,-0.0035126,-0.002928,-0.0020955,0.0033816,0.00089696,0.0031753,0.0001852,0.00090875,0.00083993,-0.0007659,-0.00033397,-0.0014028,-0.0012077,0.0010374,-0.00051676,-0.0020189
-0.0042914,0.004042,0.0041507,-0.00056829,-0.0011427,-0.0037217,0.0033562,0.0017641,-0.0030106,0.0070278,0.0012796,0.00065239,-0.00057204,-0.0016668,0.0012058,0.0004179,-0.0003855,-0.00039807,3.0448e-05,0.0014949,-4.149e-05
0.01005,0.001194,0.0048826,-0.00032658,-0.0034808,0.00071389,-0.0039309,-0.00029944,0.005139,-0.0039485,0.0017682,0.0012859,0.0023624,0.0027443,-0.00052559,-0.0023254,0.0014284,-0.00031745,0.0026572,0.00025536,0.00041021
-0.0070725,0.0040643,-0.0013778,0.0075029,-0.001783,0.0015604,0.0024098,-0.0012152,-0.0023717,0.001685,0.0012635,0.00077802,-0.0010945,0.00063229,-0.00065327,-0.0019329,-0.0010457,0.0020614,-0.0015087,0.0022718,-0.00090913
-0.0038006,9.8122e-05,0.0019346,0.0016368,0.0019053,0.00037354,-0.00047819,-0.0011948,0.00205,0.00044904,-0.00012125,0.00070537,-0.00040321,-0.00097698,0.00053722,-0.0010259,0.001692,0.00016166,0.00059757,0.0014179,-0.00015275
-0.0023207,0.0003659,-0.0030743,0.00048561,0.00042637,0.0019126,-0.0051868,-0.0005018,0.0032763,-0.0018232,-0.00070302,0.00054529,-0.0033653,-0.0001339,0.00015792,0.0014229,-0.0013747,-0.0012101,-0.0012964,-0.0031317,-0.0017765
-0.00062784,0.0007462,-0.0052118,0.0033148,0.0010088,0.00066595,0.00083351,0.0012131,-0.00075427,0.00041221,-0.0032065,0.0001221,-0.00078744,0.00082933,0.00098916,-0.00036093,0.0032195,0.00094955,-0.0023495,-0.00015901,8.6375e-05
-0.0012879,-0.00049515,4.7956e-05,-0.001428,-0.0019537,0.0046044,0.0039472,0.0031543,-0.00052548,0.0010267,7.9742e-05,-0.0021792,0.00064644,0.0027688,-0.00036129,-8.4653e-05,-0.00019599,0.0010981,0.0016561,4.0785e-05,-0.00031855
0.0043879,0.00056694,0.0018752,-0.0015197,-0.0006654,-0.00025264,0.0019088,-0.001433,0.0007302,0.00010865,0.0010735,0.0023004,0.00037946,0.0010122,-0.00018468,0.00029902,0.00077732,-0.00053841,-6.7677e-05,-0.00089521,-3.2453e-05
-0.0020848,0.00020236,0.0018722,0.00085924,0.0044868,0.0023728,0.0021443,0.00060072,-0.0031779,-0.00056154,0.0025619,-7.6034e-05,-0.0018539,-0.00051544,4.3447e-05,0.0012243,-0.0009196,0.00097832,0.0010801,-0.00059197,0.0003608
0.00037506,-0.00040155,-0.004573,6.0194e-05,-0.0025066,0.00020216,4.5589e-06,-0.00068726,-0.00026277,-0.0008812,-0.00018978,0.00015529,0.0012427,-0.0003366,-0.0014592,-0.00010697,-0.0015831,-0.00021951,0.002096,-0.00021659,-0.0027776
0.00089865,0.0019737,0.00097512,0.0026107,0.0017055,-0.0023606,-0.00012199,0.00068626,0.0017363,9.9896e-05,7.3444e-05,0.0014851,0.00026119,-0.0015994,0.00030682,0.0017297,-0.00048294,0.0005286,0.00063292,0.00032646,0.00053254
0.001304,0.0002173,0.0015428,0.00036374,0.002143,-7.3777e-05,0.0020319,-0.00051826,-0.00043171,-0.0011773,0.00027339,-0.0008477,-0.0012097,-0.00046212,0.00032376,-0.00029491,0.0018605,0.00021706,0.00069582,-0.00079825,0.0012431
-0.0018375,-0.0018125,0.00068611,-0.0023046,0.00086419,0.0003277,-0.00081456,-0.000481,-0.00024892,0.0018827,0.00038201,0.0019631,0.00035808,-0.00047577,0.0016127,0.00025781,-0.00041228,-0.0012582,-0.0004171,-0.00012629,-9.56e-06
0.0016414,0.00019986,0.00087427,0.00034181,3.3166e-05,0.0010243,-0.0022383,-6.5148e-05,-2.0839e-05,0.00050587,0.0009518,-0.00069623,2.2085e-05,0.00058485,0.00016634,-0.00024244,-0.00049121,9.9999e-06,0.0013509,0.00029611,-0.00043233
-0.003901,0.002323,-0.001709,0.0020497,0.00022836,-0.0011513,0.00058618,0.0011395,0.00079347,0.00067832,9.3734e-05,-0.00095209,-0.00061384,0.0017417,0.00113,-0.0012994,-0.0014082,-0.0006209,-0.0018843,0.0013262,-0.00086138
0.0012779,0.00051952,1.1131e-05,8.603e-05,-0.00042617,-0.0008654,-0.0014074,-0.0005484,0.00040561,0.0017807,0.0011408,0.00013307,0.00092149,-0.00049268,0.00096624,-0.0008667,-0.00017758,-0.00099345,-0.0002626,0.00067143,-0.00036906
-0.0016739,0.00025933,-0.0012055,-0.00036329,0.0013566,-0.0015202,0.0017699,0.0011302,-0.00048881,0.00062805,0.00078385,0.001289,-0.00048171,-0.0022354,-0.00058412,0.00078096,-0.00026031,-0.00023969,0.00056006,-0.00057659,0.00034402
0.0016175,0.00070186,-0.0015218,0.00027184,-3.5848e-05,-0.00029065,0.0027818,0.00071735,0.00097368,-0.0016477,0.0015328,-0.00016316,0.0010371,-0.00028008,0.00018767,-0.00037749,-0.00038651,0.00021783,0.00066196,0.00053713,0.00043395
