0.02,0.02,0.014795,1,0,0
0.04,0.02,0.0078442,1,0,0
0.06,0.02,-0.007632,1,0,0
0.08,0.02,0.013737,1,0,0
0.1,0.02,-0.020879,1,0,0
0.12,0.02,0.032068,1,0,0
0.14,0.02,0.023308,1,0,0
0.16,0.02,0.043894,1,0,0
0.18,0.02,0.033613,1,0,0
0.2,0.02,0.0072223,1,0,0
0.22,0.02,0.027258,1,0,0
0.24,0.02,0.025692,1,0,0
0.26,0.02,0.025701,1,0,0
0.28,0.02,0.071909,1,0,0
0.3,0.02,0.054654,1,0,0
0.32,0.02,0.048338,1,0,0
0.34,0.02,0.018036,1,0,0
0.36,0.02,0.021454,1,0,0
0.38,0.02,0.035176,1,0,0
0.4,0.02,0.046369,1,0,0
0.42,0.02,0.015438,1,0,0
0.44,0.02,0.010229,1,0,0
0.46,0.02,-0.019986,1,0,0
0.48,0.02,-0.023846,1,0,0
0.5,0.02,0.0037138,1,0,0
0.52,0.02,-0.014332,1,0,0
0.54,0.02,-0.0116,1,0,0
0.56,0.02,0.040846,1,0,0
0.58,0.02,0.041188,1,0,0
0.6,0.02,-0.00039511,1,0,0
0.62,0.02,0.018473,1,0,0
0.64,0.02,0.013665,1,0,0
0.66,0.02,0.009221,1,0,0
0.68,0.02,0.013696,1,0,0
0.7,0.02,-0.00077364,1,0,0
0.72,0.02,-0.024166,1,0,0
0.74,0.02,-0.0092668,1,0,0
0.76,0.02,-0.023607,1,0,0
0.78,0.02,-0.037417,1,0,0
0.8,0.02,-0.011994,1,0,0
0.82,0.02,0.010983,1,0,0
0.84,0.02,0.0072637,1,0,0
0.86,0.02,0.027167,1,0,0
0.88,0.02,0.0081253,1,0,0
0.9,0.02,0.016858,1,0,0
0.92,0.02,-0.0068464,1,0,0
0.94,0.02,0.01512,1,0,0
0.96,0.02,-0.0077239,1,0,0
0.98,0.02,0.01067,1,0,0
0.02,0.04,-0.0070668,1,0,0
0.04,0.04,0.023203,1,0,0
0.06,0.04,-0.0013897,1,0,0
0.08,0.04,-0.013043,1,0,0
0.1,0.04,-0.036164,1,0,0
0.12,0.04,0.0071656,1,0,0
0.14,0.04,0.023678,1,0,0
0.16,0.04,0.034697,1,0,0
0.18,0.04,0.010275,1,0,0
0.2,0.04,0.056741,1,0,0
0.22,0.04,0.0092877,1,0,0
0.24,0.04,0.032814,1,0,0
0.26,0.04,0.030045,1,0,0
0.28,0.04,0.038947,1,0,0
0.3,0.04,0.043391,1,0,0
0.32,0.04,0.081775,1,0,0
0.34,0.04,0.037189,1,0,0
0.36,0.04,-0.0046848,1,0,0
0.38,0.04,0.027507,1,0,0
0.4,0.04,0.04695,1,0,0
0.42,0.04,0.032681,1,0,0
0.44,0.04,0.03205,1,0,0
0.46,0.04,0.030489,1,0,0
0.48,0.04,0.02098,1,0,0
0.5,0.04,0.014664,1,0,0
0.52,0.04,0.021842,1,0,0
0.54,0.04,0.039845,1,0,0
0.56,0.04,0.028451,1,0,0
0.58,0.04,0.0384,1,0,0
0.6,0.04,0.0027776,1,0,0
0.62,0.04,0.044906,1,0,0
0.64,0.04,-0.0085179,1,0,0
0.66,0.04,0.0017608,1,0,0
0.68,0.04,0.021578,1,0,0
0.7,0.04,-0.0085365,1,0,0
0.72,0.04,0.031899,1,0,0
0.74,0.04,0.0082133,1,0,0
0.76,0.04,-0.02883,1,0,0
0.78,0.04,-0.013469,1,0,0
0.8,0.04,-0.00050421,1,0,0
0.82,0.04,0.058014,1,0,0
0.84,0.04,0.057896,1,0,0
0.86,0.04,0.026055,1,0,0
0.88,0.04,0.0056124,1,0,0
0.9,0.04,-0.016018,1,0,0
0.92,0.04,0.0098902,1,0,0
0.94,0.04,0.02362,1,0,0
0.96,0.04,-0.011838,1,0,0
0.98,0.04,0.012261,1,0,0
0.02,0.06,0.036654,1,0,0
0.04,0.06,0.043524,1,0,0
0.06,0.06,0.023413,1,0,0
0.08,0.06,0.019371,1,0,0
0.1,0.06,-0.031139,1,0,0
0.12,0.06,-0.012696,1,0,0
0.14,0.06,0.0015998,1,0,0
0.16,0.06,0.038603,1,0,0
0.18,0.06,0.038041,1,0,0
0.2,0.06,0.047952,1,0,0
0.22,0.06,0.039544,1,0,0
0.24,0.06,0.062628,1,0,0
0.26,0.06,0.048689,1,0,0
0.28,0.06,0.064886,1,0,0
0.3,0.06,0.074118,1,0,0
0.32,0.06,0.066659,1,0,0
0.34,0.06,0.054883,1,0,0
0.36,0.06,0.0060886,1,0,0
0.38,0.06,0.066083,1,0,0
0.4,0.06,0.050711,1,0,0
0.42,0.06,0.049998,1,0,0
0.44,0.06,0.045794,1,0,0
0.46,0.06,0.039517,1,0,0
0.48,0.06,0.042625,1,0,0
0.5,0.06,0.050869,1,0,0
0.52,0.06,0.063196,1,0,0
0.54,0.06,0.02049,1,0,0
0.56,0.06,0.016812,1,0,0
0.58,0.06,0.038671,1,0,0
0.6,0.06,0.034376,1,0,0
0.62,0.06,0.044734,1,0,0
0.64,0.06,0.022229,1,0,0
0.66,0.06,0.013707,1,0,0
0.68,0.06,0.045156,1,0,0
0.7,0.06,0.016129,1,0,0
0.72,0.06,-0.00045506,1,0,0
0.74,0.06,0.01511,1,0,0
0.76,0.06,-0.0041208,1,0,0
0.78,0.06,-0.010125,1,0,0
0.8,0.06,-0.0002418,1,0,0
0.82,0.06,0.053682,1,0,0
0.84,0.06,0.039402,1,0,0
0.86,0.06,0.047748,1,0,0
0.88,0.06,0.050166,1,0,0
0.9,0.06,0.045607,1,0,0
0.92,0.06,0.054451,1,0,0
0.94,0.06,0.0086255,1,0,0
0.96,0.06,0.019969,1,0,0
0.98,0.06,0.017386,1,0,0
0.02,0.08,-0.0061214,1,0,0
0.04,0.08,0.040568,1,0,0
0.06,0.08,0.019218,1,0,0
0.08,0.08,0.01478,1,0,0
0.1,0.08,-0.03681,1,0,0
0.12,0.08,-0.061214,1,0,0
0.14,0.08,0.0087191,1,0,0
0.16,0.08,0.015134,1,0,0
0.18,0.08,0.020148,1,0,0
0.2,0.08,0.017882,1,0,0
0.22,0.08,0.040802,1,0,0
0.24,0.08,0.0095146,1,0,0
0.26,0.08,0.047543,1,0,0
0.28,0.08,0.033101,1,0,0
0.3,0.08,0.044704,1,0,0
0.32,0.08,0.069113,1,0,0
0.34,0.08,0.044413,1,0,0
0.36,0.08,0.058317,1,0,0
0.38,0.08,0.038012,1,0,0
0.4,0.08,0.031759,1,0,0
0.42,0.08,0.059915,1,0,0
0.44,0.08,0.041629,1,0,0
0.46,0.08,0.015504,1,0,0
0.48,0.08,0.020065,1,0,0
0.5,0.08,0.042534,1,0,0
0.52,0.08,0.02468,1,0,0
0.54,0.08,0.008246,1,0,0
0.56,0.08,0.037211,1,0,0
0.58,0.08,0.062278,1,0,0
0.6,0.08,0.012715,1,0,0
0.62,0.08,0.0086373,1,0,0
0.64,0.08,-0.0025234,1,0,0
0.66,0.08,0.031616,1,0,0
0.68,0.08,0.032138,1,0,0
0.7,0.08,0.028196,1,0,0
0.72,0.08,0.027499,1,0,0
0.74,0.08,0.013193,1,0,0
0.76,0.08,-0.0083611,1,0,0
0.78,0.08,-0.025029,1,0,0
0.8,0.08,-0.011128,1,0,0
0.82,0.08,-0.013212,1,0,0
0.84,0.08,0.026131,1,0,0
0.86,0.08,0.013513,1,0,0
0.88,0.08,0.056134,1,0,0
0.9,0.08,0.035708,1,0,0
0.92,0.08,0.041153,1,0,0
0.94,0.08,0.060086,1,0,0
0.96,0.08,0.032515,1,0,0
0.98,0.08,0.032477,1,0,0
0.02,0.1,0.0017847,1,0,0
0.04,0.1,0.012566,1,0,0
0.06,0.1,0.021331,1,0,0
0.08,0.1,-0.021839,1,0,0
0.1,0.1,-0.045743,1,0,0
0.12,0.1,-0.0022796,1,0,0
0.14,0.1,0.022641,1,0,0
0.16,0.1,-0.00394,1,0,0
0.18,0.1,-0.00040017,1,0,0
0.2,0.1,0.016924,1,0,0
0.22,0.1,0.053937,1,0,0
0.24,0.1,0.068144,1,0,0
0.26,0.1,0.064123,1,0,0
0.28,0.1,0.065286,1,0,0
0.3,0.1,0.053702,1,0,0
0.32,0.1,0.039808,1,0,0
0.34,0.1,0.019778,1,0,0
0.36,0.1,0.016151,1,0,0
0.38,0.1,0.014246,1,0,0
0.4,0.1,0.02809,1,0,0
0.42,0.1,0.064133,1,0,0
0.44,0.1,0.075818,1,0,0
0.46,0.1,0.03507,1,0,0
0.48,0.1,0.042457,1,0,0
0.5,0.1,0.056736,1,0,0
0.52,0.1,0.041485,1,0,0
0.54,0.1,0.043193,1,0,0
0.56,0.1,0.027016,1,0,0
0.58,0.1,0.031447,1,0,0
0.6,0.1,0.0059262,1,0,0
0.62,0.1,0.012853,1,0,0
0.64,0.1,0.017373,1,0,0
0.66,0.1,0.056941,1,0,0
0.68,0.1,0.046222,1,0,0
0.7,0.1,0.034418,1,0,0
0.72,0.1,0.055823,1,0,0
0.74,0.1,0.021812,1,0,0
0.76,0.1,-0.022429,1,0,0
0.78,0.1,-0.02084,1,0,0
0.8,0.1,0.0096612,1,0,0
0.82,0.1,0.011879,1,0,0
0.84,0.1,0.02315,1,0,0
0.86,0.1,0.055432,1,0,0
0.88,0.1,0.065351,1,0,0
0.9,0.1,0.036361,1,0,0
0.92,0.1,0.051335,1,0,0
0.94,0.1,0.014587,1,0,0
0.96,0.1,0.019625,1,0,0
0.98,0.1,0.028465,1,0,0
0.02,0.12,-0.04046,1,0,0
0.04,0.12,0.0081956,1,0,0
0.06,0.12,-0.030234,1,0,0
0.08,0.12,-0.028745,1,0,0
0.1,0.12,-0.033505,1,0,0
0.12,0.12,-0.01386,1,0,0
0.14,0.12,0.0065289,1,0,0
0.16,0.12,0.0068131,1,0,0
0.18,0.12,-0.0036704,1,0,0
0.2,0.12,0.025746,1,0,0
0.22,0.12,0.050331,1,0,0
0.24,0.12,0.062391,1,0,0
0.26,0.12,0.049285,1,0,0
0.28,0.12,0.036626,1,0,0
0.3,0.12,0.046645,1,0,0
0.32,0.12,0.040142,1,0,0
0.34,0.12,0.013879,1,0,0
0.36,0.12,-0.0078943,1,0,0
0.38,0.12,-0.0061442,1,0,0
0.4,0.12,-0.0012151,1,0,0
0.42,0.12,0.045787,1,0,0
0.44,0.12,0.058194,1,0,0
0.46,0.12,0.0074463,1,0,0
0.48,0.12,0.051378,1,0,0
0.5,0.12,0.022423,1,0,0
0.52,0.12,0.0085142,1,0,0
0.54,0.12,0.031479,1,0,0
0.56,0.12,0.026881,1,0,0
0.58,0.12,0.00030176,1,0,0
0.6,0.12,-0.010977,1,0,0
0.62,0.12,-0.0094928,1,0,0
0.64,0.12,-0.02,1,0,0
0.66,0.12,0.0032783,1,0,0
0.68,0.12,0.048361,1,0,0
0.7,0.12,0.036788,1,0,0
0.72,0.12,0.039323,1,0,0
0.74,0.12,0.0046525,1,0,0
0.76,0.12,-0.0045301,1,0,0
0.78,0.12,-0.00094239,1,0,0
0.8,0.12,-0.017229,1,0,0
0.82,0.12,0.031456,1,0,0
0.84,0.12,0.0064716,1,0,0
0.86,0.12,0.0044771,1,0,0
0.88,0.12,0.032149,1,0,0
0.9,0.12,0.041025,1,0,0
0.92,0.12,0.0082889,1,0,0
0.94,0.12,-0.020084,1,0,0
0.96,0.12,0.0074429,1,0,0
0.98,0.12,0.043207,1,0,0
0.02,0.14,-0.037729,1,0,0
0.04,0.14,-0.012421,1,0,0
0.06,0.14,-0.034085,1,0,0
0.08,0.14,-0.0081081,1,0,0
0.1,0.14,-0.045927,1,0,0
0.12,0.14,-0.0010186,1,0,0
0.14,0.14,0.020315,1,0,0
0.16,0.14,0.039088,1,0,0
0.18,0.14,0.027629,1,0,0
0.2,0.14,0.053804,1,0,0
0.22,0.14,0.05454,1,0,0
0.24,0.14,0.060794,1,0,0
0.26,0.14,0.057839,1,0,0
0.28,0.14,0.051642,1,0,0
0.3,0.14,0.014595,1,0,0
0.32,0.14,0.062918,1,0,0
0.34,0.14,0.022367,1,0,0
0.36,0.14,0.011596,1,0,0
0.38,0.14,-0.0093502,1,0,0
0.4,0.14,0.029261,1,0,0
0.42,0.14,0.047413,1,0,0
0.44,0.14,0.031914,1,0,0
0.46,0.14,0.043699,1,0,0
0.48,0.14,0.068747,1,0,0
0.5,0.14,0.042666,1,0,0
0.52,0.14,0.056758,1,0,0
0.54,0.14,0.053481,1,0,0
0.56,0.14,0.035035,1,0,0
0.58,0.14,0.018361,1,0,0
0.6,0.14,0.021559,1,0,0
0.62,0.14,0.0020949,1,0,0
0.64,0.14,-0.0056668,1,0,0
0.66,0.14,0.028035,1,0,0
0.68,0.14,0.052076,1,0,0
0.7,0.14,0.039255,1,0,0
0.72,0.14,0.017107,1,0,0
0.74,0.14,0.057767,1,0,0
0.76,0.14,0.060753,1,0,0
0.78,0.14,0.043157,1,0,0
0.8,0.14,0.027677,1,0,0
0.82,0.14,0.017259,1,0,0
0.84,0.14,0.03388,1,0,0
0.86,0.14,0.030589,1,0,0
0.88,0.14,0.036361,1,0,0
0.9,0.14,0.061782,1,0,0
0.92,0.14,0.048172,1,0,0
0.94,0.14,0.027077,1,0,0
0.96,0.14,0.002184,1,0,0
0.98,0.14,0.060622,1,0,0
0.02,0.16,-0.018562,1,0,0
0.04,0.16,0.0035755,1,0,0
0.06,0.16,-0.0035229,1,0,0
0.08,0.16,0.0080195,1,0,0
0.1,0.16,-0.018909,1,0,0
0.12,0.16,0.0072152,1,0,0
0.14,0.16,-0.0051045,1,0,0
0.16,0.16,0.073519,1,0,0
0.18,0.16,0.045644,1,0,0
0.2,0.16,0.040841,1,0,0
0.22,0.16,0.028463,1,0,0
0.24,0.16,0.06136,1,0,0
0.26,0.16,0.033928,1,0,0
0.28,0.16,0.057107,1,0,0
0.3,0.16,0.026987,1,0,0
0.32,0.16,0.06592,1,0,0
0.34,0.16,0.0085862,1,0,0
0.36,0.16,0.014614,1,0,0
0.38,0.16,0.018542,1,0,0
0.4,0.16,0.015812,1,0,0
0.42,0.16,0.032756,1,0,0
0.44,0.16,0.062891,1,0,0
0.46,0.16,0.058189,1,0,0
0.48,0.16,0.078246,1,0,0
0.5,0.16,0.058882,1,0,0
0.52,0.16,0.033372,1,0,0
0.54,0.16,0.00097644,1,0,0
0.56,0.16,0.018323,1,0,0
0.58,0.16,0.0037544,1,0,0
0.6,0.16,0.01825,1,0,0
0.62,0.16,-0.020197,1,0,0
0.64,0.16,0.01421,1,0,0
0.66,0.16,0.053777,1,0,0
0.68,0.16,0.036202,1,0,0
0.7,0.16,0.031821,1,0,0
0.72,0.16,0.017042,1,0,0
0.74,0.16,0.043122,1,0,0
0.76,0.16,0.03497,1,0,0
0.78,0.16,0.062732,1,0,0
0.8,0.16,0.045649,1,0,0
0.82,0.16,0.062206,1,0,0
0.84,0.16,0.043478,1,0,0
0.86,0.16,0.044005,1,0,0
0.88,0.16,0.02765,1,0,0
0.9,0.16,0.048829,1,0,0
0.92,0.16,0.038623,1,0,0
0.94,0.16,0.032438,1,0,0
0.96,0.16,0.020573,1,0,0
0.98,0.16,0.0291,1,0,0
0.02,0.18,-0.024237,1,0,0
0.04,0.18,0.011045,1,0,0
0.06,0.18,-0.0054491,1,0,0
0.08,0.18,-0.015221,1,0,0
0.1,0.18,-0.0039986,1,0,0
0.12,0.18,0.030315,1,0,0
0.14,0.18,0.059866,1,0,0
0.16,0.18,0.042549,1,0,0
0.18,0.18,0.028577,1,0,0
0.2,0.18,0.038416,1,0,0
0.22,0.18,0.037011,1,0,0
0.24,0.18,0.018631,1,0,0
0.26,0.18,0.01279,1,0,0
0.28,0.18,0.03987,1,0,0
0.3,0.18,0.042647,1,0,0
0.32,0.18,0.044102,1,0,0
0.34,0.18,0.019778,1,0,0
0.36,0.18,0.019775,1,0,0
0.38,0.18,0.013949,1,0,0
0.4,0.18,0.049328,1,0,0
0.42,0.18,0.030044,1,0,0
0.44,0.18,0.072701,1,0,0
0.46,0.18,0.034614,1,0,0
0.48,0.18,0.073959,1,0,0
0.5,0.18,0.054898,1,0,0
0.52,0.18,0.060233,1,0,0
0.54,0.18,0.01434,1,0,0
0.56,0.18,0.0015657,1,0,0
0.58,0.18,0.011293,1,0,0
0.6,0.18,-0.003479,1,0,0
0.62,0.18,0.020234,1,0,0
0.64,0.18,0.036719,1,0,0
0.66,0.18,0.035501,1,0,0
0.68,0.18,0.0082427,1,0,0
0.7,0.18,-0.013623,1,0,0
0.72,0.18,0.043214,1,0,0
0.74,0.18,0.034805,1,0,0
0.76,0.18,0.016214,1,0,0
0.78,0.18,0.067724,1,0,0
0.8,0.18,0.07037,1,0,0
0.82,0.18,0.082637,1,0,0
0.84,0.18,0.053564,1,0,0
0.86,0.18,0.06396,1,0,0
0.88,0.18,0.029488,1,0,0
0.9,0.18,0.056804,1,0,0
0.92,0.18,0.064646,1,0,0
0.94,0.18,0.082808,1,0,0
0.96,0.18,0.022172,1,0,0
0.98,0.18,0.00010452,1,0,0
0.02,0.2,-0.015582,1,0,0
0.04,0.2,-0.036426,1,0,0
0.06,0.2,-0.01329,1,0,0
0.08,0.2,0.016536,1,0,0
0.1,0.2,0.00404,1,0,0
0.12,0.2,0.0024009,1,0,0
0.14,0.2,0.034443,1,0,0
0.16,0.2,0.038518,1,0,0
0.18,0.2,0.02049,1,0,0
0.2,0.2,0.011922,1,0,0
0.22,0.2,0.027708,1,0,0
0.24,0.2,-0.024475,1,0,0
0.26,0.2,-0.026769,1,0,0
0.28,0.2,0.033891,1,0,0
0.3,0.2,0.024321,1,0,0
0.32,0.2,0.036776,1,0,0
0.34,0.2,0.015774,1,0,0
0.36,0.2,0.020194,1,0,0
0.38,0.2,0.044684,1,0,0
0.4,0.2,0.063025,1,0,0
0.42,0.2,0.015115,1,0,0
0.44,0.2,0.040879,1,0,0
0.46,0.2,0.022764,1,0,0
0.48,0.2,0.035777,1,0,0
0.5,0.2,0.051172,1,0,0
0.52,0.2,0.04654,1,0,0
0.54,0.2,0.0053554,1,0,0
0.56,0.2,0.0073086,1,0,0
0.58,0.2,0.040156,1,0,0
0.6,0.2,0.01135,1,0,0
0.62,0.2,-0.0084287,1,0,0
0.64,0.2,0.0028833,1,0,0
0.66,0.2,0.0089446,1,0,0
0.68,0.2,-0.011504,1,0,0
0.7,0.2,0.00019459,1,0,0
0.72,0.2,0.021332,1,0,0
0.74,0.2,0.038888,1,0,0
0.76,0.2,0.04189,1,0,0
0.78,0.2,0.050077,1,0,0
0.8,0.2,0.079521,1,0,0
0.82,0.2,0.062135,1,0,0
0.84,0.2,0.043705,1,0,0
0.86,0.2,0.024486,1,0,0
0.88,0.2,0.030739,1,0,0
0.9,0.2,0.043746,1,0,0
0.92,0.2,0.060794,1,0,0
0.94,0.2,0.064997,1,0,0
0.96,0.2,0.04209,1,0,0
0.98,0.2,-0.0096842,1,0,0
0.02,0.22,-0.012519,1,0,0
0.04,0.22,-0.017469,1,0,0
0.06,0.22,-0.02297,1,0,0
0.08,0.22,0.027351,1,0,0
0.1,0.22,0.036134,1,0,0
0.12,0.22,0.022633,1,0,0
0.14,0.22,0.048327,1,0,0
0.16,0.22,0.067459,1,0,0
0.18,0.22,0.028914,1,0,0
0.2,0.22,0.02006,1,0,0
0.22,0.22,0.029636,1,0,0
0.24,0.22,0.021549,1,0,0
0.26,0.22,0.050048,1,0,0
0.28,0.22,0.033218,1,0,0
0.3,0.22,0.0056772,1,0,0
0.32,0.22,0.020496,1,0,0
0.34,0.22,-0.0046317,1,0,0
0.36,0.22,0.00018175,1,0,0
0.38,0.22,0.029548,1,0,0
0.4,0.22,0.051865,1,0,0
0.42,0.22,0.03625,1,0,0
0.44,0.22,0.020493,1,0,0
0.46,0.22,0.066287,1,0,0
0.48,0.22,0.054989,1,0,0
0.5,0.22,0.056381,1,0,0
0.52,0.22,0.058606,1,0,0
0.54,0.22,0.019698,1,0,0
0.56,0.22,0.041769,1,0,0
0.58,0.22,0.02261,1,0,0
0.6,0.22,-0.013381,1,0,0
0.62,0.22,-0.011012,1,0,0
0.64,0.22,0.0071706,1,0,0
0.66,0.22,0.008751,1,0,0
0.68,0.22,0.019792,1,0,0
0.7,0.22,0.0030435,1,0,0
0.72,0.22,-0.017528,1,0,0
0.74,0.22,0.043379,1,0,0
0.76,0.22,0.069204,1,0,0
0.78,0.22,0.051157,1,0,0
0.8,0.22,0.037401,1,0,0
0.82,0.22,0.061787,1,0,0
0.84,0.22,0.11278,1,0,0
0.86,0.22,0.029777,1,0,0
0.88,0.22,0.032143,1,0,0
0.9,0.22,0.045443,1,0,0
0.92,0.22,0.04022,1,0,0
0.94,0.22,0.04765,1,0,0
0.96,0.22,0.029732,1,0,0
0.98,0.22,-0.0035536,1,0,0
0.02,0.24,-0.020057,1,0,0
0.04,0.24,-0.026015,1,0,0
0.06,0.24,-0.013296,1,0,0
0.08,0.24,0.033405,1,0,0
0.1,0.24,0.011679,1,0,0
0.12,0.24,0.056091,1,0,0
0.14,0.24,0.052453,1,0,0
0.16,0.24,0.031532,1,0,0
0.18,0.24,0.011865,1,0,0
0.2,0.24,0.023851,1,0,0
0.22,0.24,0.031245,1,0,0
0.24,0.24,0.011016,1,0,0
0.26,0.24,0.028298,1,0,0
0.28,0.24,0.050247,1,0,0
0.3,0.24,0.0082714,1,0,0
0.32,0.24,-0.0035149,1,0,0
0.34,0.24,0.016529,1,0,0
0.36,0.24,-0.027108,1,0,0
0.38,0.24,0.019002,1,0,0
0.4,0.24,0.048773,1,0,0
0.42,0.24,0.018789,1,0,0
0.44,0.24,0.025346,1,0,0
0.46,0.24,0.046652,1,0,0
0.48,0.24,0.063936,1,0,0
0.5,0.24,0.054552,1,0,0
0.52,0.24,0.033467,1,0,0
0.54,0.24,0.050898,1,0,0
0.56,0.24,0.043144,1,0,0
0.58,0.24,0.018334,1,0,0
0.6,0.24,-0.0082052,1,0,0
0.62,0.24,-0.00064839,1,0,0
0.64,0.24,0.008395,1,0,0
0.66,0.24,0.029436,1,0,0
0.68,0.24,0.057849,1,0,0
0.7,0.24,0.016256,1,0,0
0.72,0.24,0.019,1,0,0
0.74,0.24,0.025674,1,0,0
0.76,0.24,0.048733,1,0,0
0.78,0.24,0.02714,1,0,0
0.8,0.24,0.038964,1,0,0
0.82,0.24,0.061075,1,0,0
0.84,0.24,0.073244,1,0,0
0.86,0.24,0.039362,1,0,0
0.88,0.24,0.024028,1,0,0
0.9,0.24,0.02519,1,0,0
0.92,0.24,0.051253,1,0,0
0.94,0.24,0.044548,1,0,0
0.96,0.24,0.032149,1,0,0
0.98,0.24,0.019776,1,0,0
0.02,0.26,0.030652,1,0,0
0.04,0.26,0.051501,1,0,0
0.06,0.26,0.0037418,1,0,0
0.08,0.26,0.021771,1,0,0
0.1,0.26,0.036567,1,0,0
0.12,0.26,0.068955,1,0,0
0.14,0.26,0.051533,1,0,0
0.16,0.26,0.039581,1,0,0
0.18,0.26,-0.019081,1,0,0
0.2,0.26,0.053114,1,0,0
0.22,0.26,0.019462,1,0,0
0.24,0.26,0.03174,1,0,0
0.26,0.26,0.0024734,1,0,0
0.28,0.26,0.027852,1,0,0
0.3,0.26,0.028652,1,0,0
0.32,0.26,0.036724,1,0,0
0.34,0.26,0.033134,1,0,0
0.36,0.26,0.027468,1,0,0
0.38,0.26,0.028067,1,0,0
0.4,0.26,0.01976,1,0,0
0.42,0.26,0.015436,1,0,0
0.44,0.26,-0.0040515,1,0,0
0.46,0.26,-0.00076829,1,0,0
0.48,0.26,0.019782,1,0,0
0.5,0.26,0.04025,1,0,0
0.52,0.26,0.034365,1,0,0
0.54,0.26,0.048825,1,0,0
0.56,0.26,0.06215,1,0,0
0.58,0.26,0.027538,1,0,0
0.6,0.26,-0.027601,1,0,0
0.62,0.26,0.015112,1,0,0
0.64,0.26,0.033079,1,0,0
0.66,0.26,0.027809,1,0,0
0.68,0.26,0.039787,1,0,0
0.7,0.26,0.0079267,1,0,0
0.72,0.26,0.023693,1,0,0
0.74,0.26,0.028871,1,0,0
0.76,0.26,0.023323,1,0,0
0.78,0.26,0.038268,1,0,0
0.8,0.26,0.0086857,1,0,0
0.82,0.26,0.034874,1,0,0
0.84,0.26,0.019962,1,0,0
0.86,0.26,-0.0014869,1,0,0
0.88,0.26,0.03039,1,0,0
0.9,0.26,0.052325,1,0,0
0.92,0.26,0.067961,1,0,0
0.94,0.26,0.080344,1,0,0
0.96,0.26,0.064764,1,0,0
0.98,0.26,0.028893,1,0,0
0.02,0.28,0.031376,1,0,0
0.04,0.28,0.057452,1,0,0
0.06,0.28,0.050637,1,0,0
0.08,0.28,0.076051,1,0,0
0.1,0.28,0.039052,1,0,0
0.12,0.28,0.066972,1,0,0
0.14,0.28,0.036242,1,0,0
0.16,0.28,0.029456,1,0,0
0.18,0.28,0.027529,1,0,0
0.2,0.28,0.044638,1,0,0
0.22,0.28,0.036923,1,0,0
0.24,0.28,0.026023,1,0,0
0.26,0.28,0.0066284,1,0,0
0.28,0.28,0.023303,1,0,0
0.3,0.28,0.014851,1,0,0
0.32,0.28,0.053032,1,0,0
0.34,0.28,0.020699,1,0,0
0.36,0.28,0.033708,1,0,0
0.38,0.28,0.023608,1,0,0
0.4,0.28,0.026562,1,0,0
0.42,0.28,-0.0026638,1,0,0
0.44,0.28,0.012721,1,0,0
0.46,0.28,0.02433,1,0,0
0.48,0.28,0.030727,1,0,0
0.5,0.28,0.042651,1,0,0
0.52,0.28,0.037647,1,0,0
0.54,0.28,0.017696,1,0,0
0.56,0.28,0.02939,1,0,0
0.58,0.28,0.032321,1,0,0
0.6,0.28,0.0059668,1,0,0
0.62,0.28,-0.005887,1,0,0
0.64,0.28,0.024198,1,0,0
0.66,0.28,0.0724,1,0,0
0.68,0.28,0.038322,1,0,0
0.7,0.28,0.017435,1,0,0
0.72,0.28,-0.0087988,1,0,0
0.74,0.28,0.038307,1,0,0
0.76,0.28,0.014867,1,0,0
0.78,0.28,0.029187,1,0,0
0.8,0.28,0.040243,1,0,0
0.82,0.28,0.021982,1,0,0
0.84,0.28,0.02885,1,0,0
0.86,0.28,0.053494,1,0,0
0.88,0.28,0.039137,1,0,0
0.9,0.28,0.051944,1,0,0
0.92,0.28,0.073481,1,0,0
0.94,0.28,0.073022,1,0,0
0.96,0.28,0.029919,1,0,0
0.98,0.28,0.048871,1,0,0
0.02,0.3,0.010565,1,0,0
0.04,0.3,0.058781,1,0,0
0.06,0.3,0.045752,1,0,0
0.08,0.3,0.085244,1,0,0
0.1,0.3,0.052115,1,0,0
0.12,0.3,0.030321,1,0,0
0.14,0.3,0.06299,1,0,0
0.16,0.3,0.057522,1,0,0
0.18,0.3,0.025943,1,0,0
0.2,0.3,0.0073244,1,0,0
0.22,0.3,0.011593,1,0,0
0.24,0.3,0.024368,1,0,0
0.26,0.3,0.024889,1,0,0
0.28,0.3,0.0054522,1,0,0
0.3,0.3,0.032028,1,0,0
0.32,0.3,0.040764,1,0,0
0.34,0.3,0.0069125,1,0,0
0.36,0.3,0.052061,1,0,0
0.38,0.3,0.030435,1,0,0
0.4,0.3,-0.0065742,1,0,0
0.42,0.3,-0.011291,1,0,0
0.44,0.3,0.022205,1,0,0
0.46,0.3,-0.0099819,1,0,0
0.48,0.3,0.034396,1,0,0
0.5,0.3,0.03772,1,0,0
0.52,0.3,0.033378,1,0,0
0.54,0.3,0.036442,1,0,0
0.56,0.3,0.034637,1,0,0
0.58,0.3,0.026206,1,0,0
0.6,0.3,-0.022339,1,0,0
0.62,0.3,-0.033832,1,0,0
0.64,0.3,-0.02609,1,0,0
0.66,0.3,0.05357,1,0,0
0.68,0.3,0.035315,1,0,0
0.7,0.3,-0.0099536,1,0,0
0.72,0.3,0.0092139,1,0,0
0.74,0.3,0.050616,1,0,0
0.76,0.3,0.040406,1,0,0
0.78,0.3,0.03804,1,0,0
0.8,0.3,0.027229,1,0,0
0.82,0.3,0.035471,1,0,0
0.84,0.3,0.044427,1,0,0
0.86,0.3,0.049037,1,0,0
0.88,0.3,0.045158,1,0,0
0.9,0.3,0.041228,1,0,0
0.92,0.3,0.052419,1,0,0
0.94,0.3,0.081298,1,0,0
0.96,0.3,0.040775,1,0,0
0.98,0.3,0.061018,1,0,0
0.02,0.32,0.063331,1,0,0
0.04,0.32,0.071531,1,0,0
0.06,0.32,0.085851,1,0,0
0.08,0.32,0.057061,1,0,0
0.1,0.32,0.05964,1,0,0
0.12,0.32,0.074001,1,0,0
0.14,0.32,0.054333,1,0,0
0.16,0.32,0.029794,1,0,0
0.18,0.32,0.035865,1,0,0
0.2,0.32,0.042774,1,0,0
0.22,0.32,0.0096989,1,0,0
0.24,0.32,0.033802,1,0,0
0.26,0.32,0.0040256,1,0,0
0.28,0.32,0.013771,1,0,0
0.3,0.32,0.044843,1,0,0
0.32,0.32,0.02674,1,0,0
0.34,0.32,0.024892,1,0,0
0.36,0.32,0.011957,1,0,0
0.38,0.32,0.037318,1,0,0
0.4,0.32,0.029107,1,0,0
0.42,0.32,0.017921,1,0,0
0.44,0.32,-0.0011213,1,0,0
0.46,0.32,-0.042437,1,0,0
0.48,0.32,0.0047617,1,0,0
0.5,0.32,0.010294,1,0,0
0.52,0.32,0.0048755,1,0,0
0.54,0.32,0.04526,1,0,0
0.56,0.32,0.014266,1,0,0
0.58,0.32,-0.0094958,1,0,0
0.6,0.32,-0.028672,1,0,0
0.62,0.32,-0.02035,1,0,0
0.64,0.32,-0.064944,1,0,0
0.66,0.32,-0.03052,1,0,0
0.68,0.32,0.014008,1,0,0
0.7,0.32,-0.0048052,1,0,0
0.72,0.32,0.024757,1,0,0
0.74,0.32,0.038313,1,0,0
0.76,0.32,0.022034,1,0,0
0.78,0.32,0.021651,1,0,0
0.8,0.32,0.036409,1,0,0
0.82,0.32,0.070205,1,0,0
0.84,0.32,0.046206,1,0,0
0.86,0.32,0.053629,1,0,0
0.88,0.32,0.042298,1,0,0
0.9,0.32,0.049437,1,0,0
0.92,0.32,0.08784,1,0,0
0.94,0.32,0.045759,1,0,0
0.96,0.32,0.049267,1,0,0
0.98,0.32,0.059852,1,0,0
0.02,0.34,0.034487,1,0,0
0.04,0.34,0.077748,1,0,0
0.06,0.34,0.083747,1,0,0
0.08,0.34,0.067205,1,0,0
0.1,0.34,0.069361,1,0,0
0.12,0.34,0.070598,1,0,0
0.14,0.34,0.09158,1,0,0
0.16,0.34,0.0547,1,0,0
0.18,0.34,0.054537,1,0,0
0.2,0.34,0.045703,1,0,0
0.22,0.34,0.021663,1,0,0
0.24,0.34,-0.0069518,1,0,0
0.26,0.34,0.014962,1,0,0
0.28,0.34,-0.0016177,1,0,0
0.3,0.34,0.02703,1,0,0
0.32,0.34,0.040582,1,0,0
0.34,0.34,0.032247,1,0,0
0.36,0.34,0.027536,1,0,0
0.38,0.34,0.045115,1,0,0
0.4,0.34,0.042031,1,0,0
0.42,0.34,0.043114,1,0,0
0.44,0.34,-0.0021301,1,0,0
0.46,0.34,-0.035332,1,0,0
0.48,0.34,-0.0030496,1,0,0
0.5,0.34,0.0073103,1,0,0
0.52,0.34,-0.014834,1,0,0
0.54,0.34,0.019104,1,0,0
0.56,0.34,0.0087507,1,0,0
0.58,0.34,-0.0068144,1,0,0
0.6,0.34,-0.0080335,1,0,0
0.62,0.34,-0.02843,1,0,0
0.64,0.34,-0.048227,1,0,0
0.66,0.34,-0.02565,1,0,0
0.68,0.34,-0.0085027,1,0,0
0.7,0.34,-0.0017705,1,0,0
0.72,0.34,0.043028,1,0,0
0.74,0.34,0.048925,1,0,0
0.76,0.34,0.035965,1,0,0
0.78,0.34,0.030331,1,0,0
0.8,0.34,0.08447,1,0,0
0.82,0.34,0.083729,1,0,0
0.84,0.34,0.074742,1,0,0
0.86,0.34,0.079572,1,0,0
0.88,0.34,0.080486,1,0,0
0.9,0.34,0.0654,1,0,0
0.92,0.34,0.063851,1,0,0
0.94,0.34,0.061185,1,0,0
0.96,0.34,0.033404,1,0,0
0.98,0.34,0.065449,1,0,0
0.02,0.36,0.024515,1,0,0
0.04,0.36,0.066935,1,0,0
0.06,0.36,0.097028,1,0,0
0.08,0.36,0.083648,1,0,0
0.1,0.36,0.078689,1,0,0
0.12,0.36,0.067308,1,0,0
0.14,0.36,0.090601,1,0,0
0.16,0.36,0.078401,1,0,0
0.18,0.36,0.059069,1,0,0
0.2,0.36,0.019096,1,0,0
0.22,0.36,-0.0059969,1,0,0
0.24,0.36,-0.011019,1,0,0
0.26,0.36,0.0087402,1,0,0
0.28,0.36,0.016301,1,0,0
0.3,0.36,0.036206,1,0,0
0.32,0.36,0.029237,1,0,0
0.34,0.36,0.03858,1,0,0
0.36,0.36,0.035649,1,0,0
0.38,0.36,0.022474,1,0,0
0.4,0.36,-0.00010058,1,0,0
0.42,0.36,0.028036,1,0,0
0.44,0.36,-0.011709,1,0,0
0.46,0.36,-0.03975,1,0,0
0.48,0.36,-0.013484,1,0,0
0.5,0.36,0.0026639,1,0,0
0.52,0.36,-0.035743,1,0,0
0.54,0.36,-0.056931,1,0,0
0.56,0.36,-0.019159,1,0,0
0.58,0.36,-0.036135,1,0,0
0.6,0.36,-0.044772,1,0,0
0.62,0.36,-0.049739,1,0,0
0.64,0.36,-0.038567,1,0,0
0.66,0.36,-0.045382,1,0,0
0.68,0.36,-0.0084636,1,0,0
0.7,0.36,0.0070939,1,0,0
0.72,0.36,-0.001368,1,0,0
0.74,0.36,0.041419,1,0,0
0.76,0.36,0.036147,1,0,0
0.78,0.36,0.038926,1,0,0
0.8,0.36,0.049372,1,0,0
0.82,0.36,0.067619,1,0,0
0.84,0.36,0.080795,1,0,0
0.86,0.36,0.075136,1,0,0
0.88,0.36,0.055087,1,0,0
0.9,0.36,0.063718,1,0,0
0.92,0.36,0.055919,1,0,0
0.94,0.36,0.043569,1,0,0
0.96,0.36,0.043457,1,0,0
0.98,0.36,0.052464,1,0,0
0.02,0.38,0.04415,1,0,0
0.04,0.38,0.041373,1,0,0
0.06,0.38,0.077865,1,0,0
0.08,0.38,0.050504,1,0,0
0.1,0.38,0.027454,1,0,0
0.12,0.38,0.030976,1,0,0
0.14,0.38,0.099114,1,0,0
0.16,0.38,0.093511,1,0,0
0.18,0.38,0.051755,1,0,0
0.2,0.38,0.032085,1,0,0
0.22,0.38,-0.01164,1,0,0
0.24,0.38,-0.0063718,1,0,0
0.26,0.38,-0.016411,1,0,0
0.28,0.38,0.00289,1,0,0
0.3,0.38,0.0026403,1,0,0
0.32,0.38,0.042147,1,0,0
0.34,0.38,0.033855,1,0,0
0.36,0.38,0.0064725,1,0,0
0.38,0.38,0.012568,1,0,0
0.4,0.38,0.00051727,1,0,0
0.42,0.38,-0.026311,1,0,0
0.44,0.38,0.011434,1,0,0
0.46,0.38,-0.049886,1,0,0
0.48,0.38,-0.029916,1,0,0
0.5,0.38,-0.040444,1,0,0
0.52,0.38,-0.053623,1,0,0
0.54,0.38,-0.048507,1,0,0
0.56,0.38,-0.064025,1,0,0
0.58,0.38,-0.038574,1,0,0
0.6,0.38,-0.042435,1,0,0
0.62,0.38,-0.065176,1,0,0
0.64,0.38,-0.080484,1,0,0
0.66,0.38,-0.027158,1,0,0
0.68,0.38,-0.021096,1,0,0
0.7,0.38,-0.019904,1,0,0
0.72,0.38,0.0019409,1,0,0
0.74,0.38,0.036395,1,0,0
0.76,0.38,0.02798,1,0,0
0.78,0.38,0.046457,1,0,0
0.8,0.38,0.045012,1,0,0
0.82,0.38,0.073099,1,0,0
0.84,0.38,0.038541,1,0,0
0.86,0.38,0.05284,1,0,0
0.88,0.38,0.042057,1,0,0
0.9,0.38,0.040184,1,0,0
0.92,0.38,0.062205,1,0,0
0.94,0.38,0.057832,1,0,0
0.96,0.38,0.06581,1,0,0
0.98,0.38,0.051211,1,0,0
0.02,0.4,0.066244,1,0,0
0.04,0.4,0.07509,1,0,0
0.06,0.4,0.042505,1,0,0
0.08,0.4,0.045523,1,0,0
0.1,0.4,0.033729,1,0,0
0.12,0.4,0.054198,1,0,0
0.14,0.4,0.10188,1,0,0
0.16,0.4,0.081706,1,0,0
0.18,0.4,0.04069,1,0,0
0.2,0.4,0.028676,1,0,0
0.22,0.4,0.047418,1,0,0
0.24,0.4,0.020184,1,0,0
0.26,0.4,-0.0016091,1,0,0
0.28,0.4,0.017393,1,0,0
0.3,0.4,0.048971,1,0,0
0.32,0.4,0.058786,1,0,0
0.34,0.4,0.011638,1,0,0
0.36,0.4,0.0076578,1,0,0
0.38,0.4,-0.020298,1,0,0
0.4,0.4,0.030443,1,0,0
0.42,0.4,-0.0053531,1,0,0
0.44,0.4,0.049188,1,0,0
0.46,0.4,-0.00056865,1,0,0
0.48,0.4,-0.0097493,1,0,0
0.5,0.4,-0.0063031,1,0,0
0.52,0.4,-0.0050244,1,0,0
0.54,0.4,-0.060952,1,0,0
0.56,0.4,-0.06745,1,0,0
0.58,0.4,-0.042794,1,0,0
0.6,0.4,-0.081178,1,0,0
0.62,0.4,-0.037175,1,0,0
0.64,0.4,-0.041528,1,0,0
0.66,0.4,-0.029666,1,0,0
0.68,0.4,-0.005849,1,0,0
0.7,0.4,0.019575,1,0,0
0.72,0.4,0.035628,1,0,0
0.74,0.4,0.055346,1,0,0
0.76,0.4,0.050886,1,0,0
0.78,0.4,0.079173,1,0,0
0.8,0.4,0.088142,1,0,0
0.82,0.4,0.091782,1,0,0
0.84,0.4,0.051167,1,0,0
0.86,0.4,0.046246,1,0,0
0.88,0.4,0.041754,1,0,0
0.9,0.4,0.082512,1,0,0
0.92,0.4,0.03274,1,0,0
0.94,0.4,0.054601,1,0,0
0.96,0.4,0.030388,1,0,0
0.98,0.4,0.059813,1,0,0
0.02,0.42,0.037084,1,0,0
0.04,0.42,0.051971,1,0,0
0.06,0.42,0.041679,1,0,0
0.08,0.42,0.061084,1,0,0
0.1,0.42,0.043198,1,0,0
0.12,0.42,0.090515,1,0,0
0.14,0.42,0.098601,1,0,0
0.16,0.42,0.096024,1,0,0
0.18,0.42,0.025824,1,0,0
0.2,0.42,0.037539,1,0,0
0.22,0.42,0.027855,1,0,0
0.24,0.42,0.012525,1,0,0
0.26,0.42,0.020288,1,0,0
0.28,0.42,0.05129,1,0,0
0.3,0.42,0.023683,1,0,0
0.32,0.42,0.073113,1,0,0
0.34,0.42,0.047449,1,0,0
0.36,0.42,-0.014856,1,0,0
0.38,0.42,-0.024099,1,0,0
0.4,0.42,0.0020682,1,0,0
0.42,0.42,0.0026411,1,0,0
0.44,0.42,0.034244,1,0,0
0.46,0.42,0.04497,1,0,0
0.48,0.42,0.023597,1,0,0
0.5,0.42,0.016036,1,0,0
0.52,0.42,-0.009869,1,0,0
0.54,0.42,-0.025497,1,0,0
0.56,0.42,-0.02673,1,0,0
0.58,0.42,-0.055193,1,0,0
0.6,0.42,-0.075127,1,0,0
0.62,0.42,-0.097768,1,0,0
0.64,0.42,-0.070547,1,0,0
0.66,0.42,-0.050865,1,0,0
0.68,0.42,-0.020127,1,0,0
0.7,0.42,0.03486,1,0,0
0.72,0.42,0.037411,1,0,0
0.74,0.42,0.080116,1,0,0
0.76,0.42,0.084239,1,0,0
0.78,0.42,0.084738,1,0,0
0.8,0.42,0.087479,1,0,0
0.82,0.42,0.078141,1,0,0
0.84,0.42,0.048006,1,0,0
0.86,0.42,0.055153,1,0,0
0.88,0.42,0.037874,1,0,0
0.9,0.42,0.052018,1,0,0
0.92,0.42,0.016447,1,0,0
0.94,0.42,0.049485,1,0,0
0.96,0.42,0.042167,1,0,0
0.98,0.42,0.052525,1,0,0
0.02,0.44,0.063844,1,0,0
0.04,0.44,0.085038,1,0,0
0.06,0.44,0.060985,1,0,0
0.08,0.44,0.046182,1,0,0
0.1,0.44,0.050811,1,0,0
0.12,0.44,0.045895,1,0,0
0.14,0.44,0.072454,1,0,0
0.16,0.44,0.066931,1,0,0
0.18,0.44,0.0075185,1,0,0
0.2,0.44,0.014542,1,0,0
0.22,0.44,-0.020082,1,0,0
0.24,0.44,0.032961,1,0,0
0.26,0.44,0.052159,1,0,0
0.28,0.44,0.058121,1,0,0
0.3,0.44,0.030931,1,0,0
0.32,0.44,0.054426,1,0,0
0.34,0.44,0.0515,1,0,0
0.36,0.44,0.012368,1,0,0
0.38,0.44,0.020545,1,0,0
0.4,0.44,0.060711,1,0,0
0.42,0.44,0.058785,1,0,0
0.44,0.44,0.05301,1,0,0
0.46,0.44,0.062953,1,0,0
0.48,0.44,0.03137,1,0,0
0.5,0.44,0.010219,1,0,0
0.52,0.44,-0.0065366,1,0,0
0.54,0.44,-0.0071928,1,0,0
0.56,0.44,-0.013986,1,0,0
0.58,0.44,-0.012504,1,0,0
0.6,0.44,-0.066588,1,0,0
0.62,0.44,-0.061299,1,0,0
0.64,0.44,-0.050001,1,0,0
0.66,0.44,-0.0086694,1,0,0
0.68,0.44,0.045559,1,0,0
0.7,0.44,0.036885,1,0,0
0.72,0.44,0.055723,1,0,0
0.74,0.44,0.095534,1,0,0
0.76,0.44,0.098258,1,0,0
0.78,0.44,0.092365,1,0,0
0.8,0.44,0.079132,1,0,0
0.82,0.44,0.05745,1,0,0
0.84,0.44,0.087426,1,0,0
0.86,0.44,0.063493,1,0,0
0.88,0.44,0.068871,1,0,0
0.9,0.44,0.049913,1,0,0
0.92,0.44,0.04714,1,0,0
0.94,0.44,0.058959,1,0,0
0.96,0.44,0.068156,1,0,0
0.98,0.44,0.05376,1,0,0
0.02,0.46,0.066896,1,0,0
0.04,0.46,0.072054,1,0,0
0.06,0.46,0.03194,1,0,0
0.08,0.46,0.03648,1,0,0
0.1,0.46,0.036265,1,0,0
0.12,0.46,0.041755,1,0,0
0.14,0.46,0.037145,1,0,0
0.16,0.46,0.044841,1,0,0
0.18,0.46,0.0073591,1,0,0
0.2,0.46,-0.011355,1,0,0
0.22,0.46,-0.0030184,1,0,0
0.24,0.46,0.0040844,1,0,0
0.26,0.46,0.0024324,1,0,0
0.28,0.46,0.025492,1,0,0
0.3,0.46,0.07117,1,0,0
0.32,0.46,0.049198,1,0,0
0.34,0.46,0.050244,1,0,0
0.36,0.46,-0.001858,1,0,0
0.38,0.46,0.045836,1,0,0
0.4,0.46,0.060734,1,0,0
0.42,0.46,0.062528,1,0,0
0.44,0.46,0.082462,1,0,0
0.46,0.46,0.036588,1,0,0
0.48,0.46,0.017963,1,0,0
0.5,0.46,0.031058,1,0,0
0.52,0.46,-0.001098,1,0,0
0.54,0.46,-0.0027362,1,0,0
0.56,0.46,-0.010227,1,0,0
0.58,0.46,-0.025509,1,0,0
0.6,0.46,-0.05888,1,0,0
0.62,0.46,-0.074086,1,0,0
0.64,0.46,-0.055202,1,0,0
0.66,0.46,-0.033621,1,0,0
0.68,0.46,0.0083369,1,0,0
0.7,0.46,0.048822,1,0,0
0.72,0.46,0.069742,1,0,0
0.74,0.46,0.054055,1,0,0
0.76,0.46,0.077651,1,0,0
0.78,0.46,0.059736,1,0,0
0.8,0.46,0.058392,1,0,0
0.82,0.46,0.065047,1,0,0
0.84,0.46,0.090343,1,0,0
0.86,0.46,0.046051,1,0,0
0.88,0.46,0.032583,1,0,0
0.9,0.46,0.058342,1,0,0
0.92,0.46,0.07321,1,0,0
0.94,0.46,0.04953,1,0,0
0.96,0.46,0.058386,1,0,0
0.98,0.46,0.040738,1,0,0
0.02,0.48,0.058685,1,0,0
0.04,0.48,0.052671,1,0,0
0.06,0.48,0.024003,1,0,0
0.08,0.48,0.031908,1,0,0
0.1,0.48,0.0065838,1,0,0
0.12,0.48,0.011171,1,0,0
0.14,0.48,0.031668,1,0,0
0.16,0.48,0.037802,1,0,0
0.18,0.48,-0.017594,1,0,0
0.2,0.48,0.0046047,1,0,0
0.22,0.48,0.0020362,1,0,0
0.24,0.48,-0.0096396,1,0,0
0.26,0.48,-0.002028,1,0,0
0.28,0.48,0.017871,1,0,0
0.3,0.48,0.069562,1,0,0
0.32,0.48,0.055137,1,0,0
0.34,0.48,0.016875,1,0,0
0.36,0.48,0.013872,1,0,0
0.38,0.48,0.039516,1,0,0
0.4,0.48,0.067629,1,0,0
0.42,0.48,0.062022,1,0,0
0.44,0.48,0.061757,1,0,0
0.46,0.48,0.089801,1,0,0
0.48,0.48,0.054766,1,0,0
0.5,0.48,0.057818,1,0,0
0.52,0.48,0.045802,1,0,0
0.54,0.48,-0.0034554,1,0,0
0.56,0.48,-0.029108,1,0,0
0.58,0.48,-0.044106,1,0,0
0.6,0.48,-0.046922,1,0,0
0.62,0.48,-0.067187,1,0,0
0.64,0.48,-0.037693,1,0,0
0.66,0.48,-0.0069061,1,0,0
0.68,0.48,0.0005421,1,0,0
0.7,0.48,0.024289,1,0,0
0.72,0.48,0.065499,1,0,0
0.74,0.48,0.091649,1,0,0
0.76,0.48,0.055907,1,0,0
0.78,0.48,0.060398,1,0,0
0.8,0.48,0.082483,1,0,0
0.82,0.48,0.065504,1,0,0
0.84,0.48,0.08123,1,0,0
0.86,0.48,0.040102,1,0,0
0.88,0.48,0.049297,1,0,0
0.9,0.48,0.058511,1,0,0
0.92,0.48,0.047405,1,0,0
0.94,0.48,0.038649,1,0,0
0.96,0.48,0.027069,1,0,0
0.98,0.48,-7.3729e-05,1,0,0
0.02,0.5,0.033868,1,0,0
0.04,0.5,0.058131,1,0,0
0.06,0.5,0.020881,1,0,0
0.08,0.5,-0.0065144,1,0,0
0.1,0.5,-0.022282,1,0,0
0.12,0.5,-0.033095,1,0,0
0.14,0.5,0.0097215,1,0,0
0.16,0.5,0.028113,1,0,0
0.18,0.5,0.041975,1,0,0
0.2,0.5,0.038772,1,0,0
0.22,0.5,0.023441,1,0,0
0.24,0.5,-0.0071049,1,0,0
0.26,0.5,-0.015735,1,0,0
0.28,0.5,0.037512,1,0,0
0.3,0.5,0.040783,1,0,0
0.32,0.5,0.048932,1,0,0
0.34,0.5,0.02789,1,0,0
0.36,0.5,0.072684,1,0,0
0.38,0.5,0.049103,1,0,0
0.4,0.5,0.073692,1,0,0
0.42,0.5,0.066367,1,0,0
0.44,0.5,0.080335,1,0,0
0.46,0.5,0.049116,1,0,0
0.48,0.5,0.078042,1,0,0
0.5,0.5,0.064367,1,0,0
0.52,0.5,0.0094614,1,0,0
0.54,0.5,0.023017,1,0,0
0.56,0.5,0.017663,1,0,0
0.58,0.5,0.014806,1,0,0
0.6,0.5,-0.0074249,1,0,0
0.62,0.5,-0.017013,1,0,0
0.64,0.5,-0.014882,1,0,0
0.66,0.5,0.014977,1,0,0
0.68,0.5,0.0069626,1,0,0
0.7,0.5,0.036977,1,0,0
0.72,0.5,0.048086,1,0,0
0.74,0.5,0.083243,1,0,0
0.76,0.5,0.08218,1,0,0
0.78,0.5,0.06366,1,0,0
0.8,0.5,0.077359,1,0,0
0.82,0.5,0.075101,1,0,0
0.84,0.5,0.10381,1,0,0
0.86,0.5,0.059749,1,0,0
0.88,0.5,0.035814,1,0,0
0.9,0.5,0.041923,1,0,0
0.92,0.5,0.054683,1,0,0
0.94,0.5,0.053578,1,0,0
0.96,0.5,0.04318,1,0,0
0.98,0.5,0.016815,1,0,0
0.02,0.52,0.0088864,1,0,0
0.04,0.52,0.054548,1,0,0
0.06,0.52,0.0014173,1,0,0
0.08,0.52,0.010809,1,0,0
0.1,0.52,-0.023311,1,0,0
0.12,0.52,-0.0047421,1,0,0
0.14,0.52,0.028993,1,0,0
0.16,0.52,0.045602,1,0,0
0.18,0.52,0.027294,1,0,0
0.2,0.52,0.05567,1,0,0
0.22,0.52,-0.0022377,1,0,0
0.24,0.52,0.010988,1,0,0
0.26,0.52,0.029719,1,0,0
0.28,0.52,0.048827,1,0,0
0.3,0.52,0.04099,1,0,0
0.32,0.52,0.039132,1,0,0
0.34,0.52,0.045899,1,0,0
0.36,0.52,0.065142,1,0,0
0.38,0.52,0.054445,1,0,0
0.4,0.52,0.076645,1,0,0
0.42,0.52,0.069576,1,0,0
0.44,0.52,0.052185,1,0,0
0.46,0.52,0.019,1,0,0
0.48,0.52,0.077699,1,0,0
0.5,0.52,0.049415,1,0,0
0.52,0.52,0.021873,1,0,0
0.54,0.52,0.033397,1,0,0
0.56,0.52,0.041831,1,0,0
0.58,0.52,0.019785,1,0,0
0.6,0.52,0.013542,1,0,0
0.62,0.52,-0.032075,1,0,0
0.64,0.52,-0.0087794,1,0,0
0.66,0.52,0.040895,1,0,0
0.68,0.52,0.039866,1,0,0
0.7,0.52,0.013699,1,0,0
0.72,0.52,0.051264,1,0,0
0.74,0.52,0.082949,1,0,0
0.76,0.52,0.054879,1,0,0
0.78,0.52,0.067354,1,0,0
0.8,0.52,0.048437,1,0,0
0.82,0.52,0.066118,1,0,0
0.84,0.52,0.070723,1,0,0
0.86,0.52,0.07722,1,0,0
0.88,0.52,0.036268,1,0,0
0.9,0.52,0.042028,1,0,0
0.92,0.52,0.049478,1,0,0
0.94,0.52,0.06078,1,0,0
0.96,0.52,0.015447,1,0,0
0.98,0.52,0.023871,1,0,0
0.02,0.54,-0.00076815,1,0,0
0.04,0.54,0.017172,1,0,0
0.06,0.54,-0.025884,1,0,0
0.08,0.54,-0.0020269,1,0,0
0.1,0.54,-0.016608,1,0,0
0.12,0.54,0.031384,1,0,0
0.14,0.54,-0.011448,1,0,0
0.16,0.54,0.0010571,1,0,0
0.18,0.54,-0.011347,1,0,0
0.2,0.54,0.042538,1,0,0
0.22,0.54,0.0010416,1,0,0
0.24,0.54,0.013042,1,0,0
0.26,0.54,0.0040955,1,0,0
0.28,0.54,0.029955,1,0,0
0.3,0.54,0.042473,1,0,0
0.32,0.54,0.05863,1,0,0
0.34,0.54,0.025299,1,0,0
0.36,0.54,0.018468,1,0,0
0.38,0.54,0.018739,1,0,0
0.4,0.54,0.07703,1,0,0
0.42,0.54,0.046708,1,0,0
0.44,0.54,0.036853,1,0,0
0.46,0.54,0.028748,1,0,0
0.48,0.54,0.045009,1,0,0
0.5,0.54,0.032604,1,0,0
0.52,0.54,0.01998,1,0,0
0.54,0.54,0.030546,1,0,0
0.56,0.54,0.038207,1,0,0
0.58,0.54,0.0049163,1,0,0
0.6,0.54,0.017902,1,0,0
0.62,0.54,-0.0089106,1,0,0
0.64,0.54,-0.005817,1,0,0
0.66,0.54,0.032517,1,0,0
0.68,0.54,0.04953,1,0,0
0.7,0.54,0.064105,1,0,0
0.72,0.54,0.045912,1,0,0
0.74,0.54,0.065734,1,0,0
0.76,0.54,0.039967,1,0,0
0.78,0.54,0.018241,1,0,0
0.8,0.54,0.033737,1,0,0
0.82,0.54,0.067328,1,0,0
0.84,0.54,0.077664,1,0,0
0.86,0.54,0.053707,1,0,0
0.88,0.54,0.025847,1,0,0
0.9,0.54,0.05965,1,0,0
0.92,0.54,0.031628,1,0,0
0.94,0.54,0.023738,1,0,0
0.96,0.54,-0.017027,1,0,0
0.98,0.54,0.018649,1,0,0
0.02,0.56,0.01945,1,0,0
0.04,0.56,0.037761,1,0,0
0.06,0.56,-0.016927,1,0,0
0.08,0.56,-0.0083779,1,0,0
0.1,0.56,-0.0067714,1,0,0
0.12,0.56,-0.0077802,1,0,0
0.14,0.56,0.0082281,1,0,0
0.16,0.56,1.9935e-05,1,0,0
0.18,0.56,-0.024211,1,0,0
0.2,0.56,0.014935,1,0,0
0.22,0.56,0.021481,1,0,0
0.24,0.56,0.030231,1,0,0
0.26,0.56,0.02229,1,0,0
0.28,0.56,0.018878,1,0,0
0.3,0.56,0.017949,1,0,0
0.32,0.56,0.0369,1,0,0
0.34,0.56,-0.00012259,1,0,0
0.36,0.56,0.036173,1,0,0
0.38,0.56,0.041269,1,0,0
0.4,0.56,0.046457,1,0,0
0.42,0.56,0.015422,1,0,0
0.44,0.56,0.044092,1,0,0
0.46,0.56,0.024723,1,0,0
0.48,0.56,0.023673,1,0,0
0.5,0.56,0.011754,1,0,0
0.52,0.56,-0.0019283,1,0,0
0.54,0.56,0.020164,1,0,0
0.56,0.56,0.033546,1,0,0
0.58,0.56,0.012685,1,0,0
0.6,0.56,0.0047027,1,0,0
0.62,0.56,-0.012247,1,0,0
0.64,0.56,0.019974,1,0,0
0.66,0.56,0.043893,1,0,0
0.68,0.56,0.02587,1,0,0
0.7,0.56,0.035813,1,0,0
0.72,0.56,0.020255,1,0,0
0.74,0.56,0.046011,1,0,0
0.76,0.56,0.042405,1,0,0
0.78,0.56,0.008048,1,0,0
0.8,0.56,0.01785,1,0,0
0.82,0.56,0.03541,1,0,0
0.84,0.56,0.059571,1,0,0
0.86,0.56,0.053178,1,0,0
0.88,0.56,0.055856,1,0,0
0.9,0.56,0.064709,1,0,0
0.92,0.56,0.01693,1,0,0
0.94,0.56,0.016435,1,0,0
0.96,0.56,-0.014429,1,0,0
0.98,0.56,0.0094572,1,0,0
0.02,0.58,0.0036109,1,0,0
0.04,0.58,0.012412,1,0,0
0.06,0.58,0.018302,1,0,0
0.08,0.58,0.0071354,1,0,0
0.1,0.58,0.015115,1,0,0
0.12,0.58,-0.022607,1,0,0
0.14,0.58,0.011486,1,0,0
0.16,0.58,0.0029311,1,0,0
0.18,0.58,-0.0071728,1,0,0
0.2,0.58,0.014941,1,0,0
0.22,0.58,-9.0017e-05,1,0,0
0.24,0.58,0.019426,1,0,0
0.26,0.58,0.01045,1,0,0
0.28,0.58,0.016858,1,0,0
0.3,0.58,0.043489,1,0,0
0.32,0.58,0.026848,1,0,0
0.34,0.58,0.026688,1,0,0
0.36,0.58,0.019866,1,0,0
0.38,0.58,0.041155,1,0,0
0.4,0.58,0.010445,1,0,0
0.42,0.58,0.0092496,1,0,0
0.44,0.58,0.048856,1,0,0
0.46,0.58,0.035793,1,0,0
0.48,0.58,0.038825,1,0,0
0.5,0.58,0.034787,1,0,0
0.52,0.58,0.043074,1,0,0
0.54,0.58,0.0036494,1,0,0
0.56,0.58,0.044376,1,0,0
0.58,0.58,0.040992,1,0,0
0.6,0.58,0.005098,1,0,0
0.62,0.58,-0.055146,1,0,0
0.64,0.58,-0.0011294,1,0,0
0.66,0.58,0.031277,1,0,0
0.68,0.58,0.046759,1,0,0
0.7,0.58,0.016202,1,0,0
0.72,0.58,0.027471,1,0,0
0.74,0.58,0.063398,1,0,0
0.76,0.58,0.02473,1,0,0
0.78,0.58,0.051204,1,0,0
0.8,0.58,0.042797,1,0,0
0.82,0.58,0.043106,1,0,0
0.84,0.58,0.035534,1,0,0
0.86,0.58,0.069937,1,0,0
0.88,0.58,0.038891,1,0,0
0.9,0.58,0.032853,1,0,0
0.92,0.58,0.039262,1,0,0
0.94,0.58,0.041575,1,0,0
0.96,0.58,0.021177,1,0,0
0.98,0.58,-0.00084485,1,0,0
0.02,0.6,0.014053,1,0,0
0.04,0.6,0.016813,1,0,0
0.06,0.6,0.0097926,1,0,0
0.08,0.6,-0.010764,1,0,0
0.1,0.6,0.0071808,1,0,0
0.12,0.6,-0.014222,1,0,0
0.14,0.6,0.020245,1,0,0
0.16,0.6,-0.0029192,1,0,0
0.18,0.6,-0.0018657,1,0,0
0.2,0.6,-0.017856,1,0,0
0.22,0.6,0.0035749,1,0,0
0.24,0.6,0.0021405,1,0,0
0.26,0.6,0.011886,1,0,0
0.28,0.6,0.010483,1,0,0
0.3,0.6,0.0086161,1,0,0
0.32,0.6,0.020814,1,0,0
0.34,0.6,-0.0035587,1,0,0
0.36,0.6,-0.0040555,1,0,0
0.38,0.6,-0.0045184,1,0,0
0.4,0.6,0.020211,1,0,0
0.42,0.6,0.015758,1,0,0
0.44,0.6,0.069843,1,0,0
0.46,0.6,0.025244,1,0,0
0.48,0.6,0.054436,1,0,0
0.5,0.6,0.095719,1,0,0
0.52,0.6,0.038812,1,0,0
0.54,0.6,0.011633,1,0,0
0.56,0.6,0.0083592,1,0,0
0.58,0.6,0.0053904,1,0,0
0.6,0.6,-0.035917,1,0,0
0.62,0.6,-0.023766,1,0,0
0.64,0.6,0.0055899,1,0,0
0.66,0.6,0.037016,1,0,0
0.68,0.6,0.010773,1,0,0
0.7,0.6,0.011123,1,0,0
0.72,0.6,-0.0021614,1,0,0
0.74,0.6,0.024936,1,0,0
0.76,0.6,0.057164,1,0,0
0.78,0.6,0.045449,1,0,0
0.8,0.6,0.069915,1,0,0
0.82,0.6,0.060684,1,0,0
0.84,0.6,0.05943,1,0,0
0.86,0.6,0.043075,1,0,0
0.88,0.6,0.045758,1,0,0
0.9,0.6,0.036501,1,0,0
0.92,0.6,0.026412,1,0,0
0.94,0.6,0.020576,1,0,0
0.96,0.6,-0.0095994,1,0,0
0.98,0.6,-0.034737,1,0,0
0.02,0.62,0.00066427,1,0,0
0.04,0.62,0.010655,1,0,0
0.06,0.62,0.028181,1,0,0
0.08,0.62,0.033466,1,0,0
0.1,0.62,-0.014372,1,0,0
0.12,0.62,-0.0082596,1,0,0
0.14,0.62,0.014476,1,0,0
0.16,0.62,-0.010521,1,0,0
0.18,0.62,-0.016841,1,0,0
0.2,0.62,0.015207,1,0,0
0.22,0.62,0.013966,1,0,0
0.24,0.62,-0.038197,1,0,0
0.26,0.62,-0.022366,1,0,0
0.28,0.62,-0.021336,1,0,0
0.3,0.62,-0.0035144,1,0,0
0.32,0.62,0.0048303,1,0,0
0.34,0.62,-0.00043663,1,0,0
0.36,0.62,-0.019217,1,0,0
0.38,0.62,-0.027095,1,0,0
0.4,0.62,0.038222,1,0,0
0.42,0.62,0.0083369,1,0,0
0.44,0.62,0.029104,1,0,0
0.46,0.62,0.046732,1,0,0
0.48,0.62,0.037264,1,0,0
0.5,0.62,0.049761,1,0,0
0.52,0.62,0.031819,1,0,0
0.54,0.62,-0.011364,1,0,0
0.56,0.62,-0.011021,1,0,0
0.58,0.62,-0.004898,1,0,0
0.6,0.62,-0.021589,1,0,0
0.62,0.62,0.010819,1,0,0
0.64,0.62,-0.009069,1,0,0
0.66,0.62,-0.010576,1,0,0
0.68,0.62,0.0025881,1,0,0
0.7,0.62,-0.0047388,1,0,0
0.72,0.62,-0.01491,1,0,0
0.74,0.62,0.01087,1,0,0
0.76,0.62,-0.0038184,1,0,0
0.78,0.62,-0.0047544,1,0,0
0.8,0.62,0.068978,1,0,0
0.82,0.62,0.048457,1,0,0
0.84,0.62,0.040607,1,0,0
0.86,0.62,0.017545,1,0,0
0.88,0.62,0.027561,1,0,0
0.9,0.62,0.04409,1,0,0
0.92,0.62,0.017703,1,0,0
0.94,0.62,0.040218,1,0,0
0.96,0.62,-0.015749,1,0,0
0.98,0.62,-0.039814,1,0,0
0.02,0.64,-0.023887,1,0,0
0.04,0.64,0.031476,1,0,0
0.06,0.64,0.024659,1,0,0
0.08,0.64,0.021763,1,0,0
0.1,0.64,0.0060672,1,0,0
0.12,0.64,0.033476,1,0,0
0.14,0.64,0.029607,1,0,0
0.16,0.64,0.0296,1,0,0
0.18,0.64,-0.028096,1,0,0
0.2,0.64,-0.013308,1,0,0
0.22,0.64,-0.045135,1,0,0
0.24,0.64,-0.012136,1,0,0
0.26,0.64,-0.018214,1,0,0
0.28,0.64,-0.010729,1,0,0
0.3,0.64,-0.015235,1,0,0
0.32,0.64,0.006372,1,0,0
0.34,0.64,0.016772,1,0,0
0.36,0.64,-0.014275,1,0,0
0.38,0.64,0.047105,1,0,0
0.4,0.64,0.031742,1,0,0
0.42,0.64,0.020233,1,0,0
0.44,0.64,0.020395,1,0,0
0.46,0.64,0.012208,1,0,0
0.48,0.64,0.031687,1,0,0
0.5,0.64,0.047133,1,0,0
0.52,0.64,0.026361,1,0,0
0.54,0.64,0.05278,1,0,0
0.56,0.64,0.0359,1,0,0
0.58,0.64,-0.0033499,1,0,0
0.6,0.64,0.02495,1,0,0
0.62,0.64,0.038703,1,0,0
0.64,0.64,0.038199,1,0,0
0.66,0.64,0.0043046,1,0,0
0.68,0.64,0.022395,1,0,0
0.7,0.64,0.010828,1,0,0
0.72,0.64,-0.016275,1,0,0
0.74,0.64,0.017836,1,0,0
0.76,0.64,0.032541,1,0,0
0.78,0.64,0.022964,1,0,0
0.8,0.64,0.015781,1,0,0
0.82,0.64,0.048757,1,0,0
0.84,0.64,0.036247,1,0,0
0.86,0.64,0.034396,1,0,0
0.88,0.64,0.010456,1,0,0
0.9,0.64,0.052742,1,0,0
0.92,0.64,0.0493,1,0,0
0.94,0.64,0.023404,1,0,0
0.96,0.64,0.019022,1,0,0
0.98,0.64,-0.0047679,1,0,0
0.02,0.66,-0.068167,1,0,0
0.04,0.66,-0.017726,1,0,0
0.06,0.66,0.025626,1,0,0
0.08,0.66,0.036461,1,0,0
0.1,0.66,0.025618,1,0,0
0.12,0.66,0.013357,1,0,0
0.14,0.66,0.023581,1,0,0
0.16,0.66,0.037315,1,0,0
0.18,0.66,0.0010872,1,0,0
0.2,0.66,0.00042253,1,0,0
0.22,0.66,-0.04775,1,0,0
0.24,0.66,0.0095125,1,0,0
0.26,0.66,-0.024358,1,0,0
0.28,0.66,-0.015966,1,0,0
0.3,0.66,-0.028046,1,0,0
0.32,0.66,-0.018941,1,0,0
0.34,0.66,-0.04789,1,0,0
0.36,0.66,-0.033849,1,0,0
0.38,0.66,-0.016474,1,0,0
0.4,0.66,0.029074,1,0,0
0.42,0.66,0.031214,1,0,0
0.44,0.66,0.028832,1,0,0
0.46,0.66,0.025513,1,0,0
0.48,0.66,0.026857,1,0,0
0.5,0.66,0.045876,1,0,0
0.52,0.66,0.015928,1,0,0
0.54,0.66,0.018135,1,0,0
0.56,0.66,0.012293,1,0,0
0.58,0.66,0.039675,1,0,0
0.6,0.66,0.012972,1,0,0
0.62,0.66,0.027932,1,0,0
0.64,0.66,-0.0052643,1,0,0
0.66,0.66,0.020121,1,0,0
0.68,0.66,0.038133,1,0,0
0.7,0.66,-0.0092845,1,0,0
0.72,0.66,-0.035185,1,0,0
0.74,0.66,-0.018487,1,0,0
0.76,0.66,-0.042171,1,0,0
0.78,0.66,-0.0055591,1,0,0
0.8,0.66,0.044949,1,0,0
0.82,0.66,0.039443,1,0,0
0.84,0.66,0.060713,1,0,0
0.86,0.66,0.038865,1,0,0
0.88,0.66,0.010399,1,0,0
0.9,0.66,0.0088322,1,0,0
0.92,0.66,0.0029389,1,0,0
0.94,0.66,-0.019486,1,0,0
0.96,0.66,-0.032963,1,0,0
0.98,0.66,-0.019439,1,0,0
0.02,0.68,-0.0067699,1,0,0
0.04,0.68,0.0022382,1,0,0
0.06,0.68,0.0037666,1,0,0
0.08,0.68,0.016915,1,0,0
0.1,0.68,-0.0030295,1,0,0
0.12,0.68,0.053506,1,0,0
0.14,0.68,0.060233,1,0,0
0.16,0.68,0.051873,1,0,0
0.18,0.68,-0.0019755,1,0,0
0.2,0.68,0.0087837,1,0,0
0.22,0.68,0.01761,1,0,0
0.24,0.68,0.013054,1,0,0
0.26,0.68,-0.0096033,1,0,0
0.28,0.68,-0.020143,1,0,0
0.3,0.68,-0.022301,1,0,0
0.32,0.68,-0.021775,1,0,0
0.34,0.68,-0.014082,1,0,0
0.36,0.68,-0.016651,1,0,0
0.38,0.68,-0.0033738,1,0,0
0.4,0.68,0.027303,1,0,0
0.42,0.68,0.048708,1,0,0
0.44,0.68,0.047875,1,0,0
0.46,0.68,-0.0010399,1,0,0
0.48,0.68,0.022448,1,0,0
0.5,0.68,0.082088,1,0,0
0.52,0.68,0.05861,1,0,0
0.54,0.68,0.057077,1,0,0
0.56,0.68,0.042548,1,0,0
0.58,0.68,0.026846,1,0,0
0.6,0.68,0.046835,1,0,0
0.62,0.68,0.034943,1,0,0
0.64,0.68,0.039521,1,0,0
0.66,0.68,0.047754,1,0,0
0.68,0.68,0.0021226,1,0,0
0.7,0.68,-0.0012972,1,0,0
0.72,0.68,-0.006364,1,0,0
0.74,0.68,0.010312,1,0,0
0.76,0.68,-0.0062168,1,0,0
0.78,0.68,0.022681,1,0,0
0.8,0.68,0.056612,1,0,0
0.82,0.68,0.041259,1,0,0
0.84,0.68,0.023856,1,0,0
0.86,0.68,0.045774,1,0,0
0.88,0.68,0.0058573,1,0,0
0.9,0.68,0.015571,1,0,0
0.92,0.68,0.016681,1,0,0
0.94,0.68,0.014151,1,0,0
0.96,0.68,-0.03356,1,0,0
0.98,0.68,-0.033506,1,0,0
0.02,0.7,0.00084928,1,0,0
0.04,0.7,0.050445,1,0,0
0.06,0.7,0.03013,1,0,0
0.08,0.7,0.0088086,1,0,0
0.1,0.7,0.023155,1,0,0
0.12,0.7,0.010116,1,0,0
0.14,0.7,0.029532,1,0,0
0.16,0.7,0.026614,1,0,0
0.18,0.7,0.0075205,1,0,0
0.2,0.7,0.0085794,1,0,0
0.22,0.7,0.017315,1,0,0
0.24,0.7,0.020873,1,0,0
0.26,0.7,-0.015811,1,0,0
0.28,0.7,-0.04806,1,0,0
0.3,0.7,0.011752,1,0,0
0.32,0.7,-0.0080922,1,0,0
0.34,0.7,-0.0020676,1,0,0
0.36,0.7,0.004297,1,0,0
0.38,0.7,-0.0019057,1,0,0
0.4,0.7,-0.003185,1,0,0
0.42,0.7,0.010729,1,0,0
0.44,0.7,0.04555,1,0,0
0.46,0.7,0.025769,1,0,0
0.48,0.7,0.052164,1,0,0
0.5,0.7,0.06442,1,0,0
0.52,0.7,0.053013,1,0,0
0.54,0.7,0.056913,1,0,0
0.56,0.7,0.055061,1,0,0
0.58,0.7,0.061414,1,0,0
0.6,0.7,0.033079,1,0,0
0.62,0.7,0.049557,1,0,0
0.64,0.7,0.040648,1,0,0
0.66,0.7,0.041743,1,0,0
0.68,0.7,0.026332,1,0,0
0.7,0.7,0.013406,1,0,0
0.72,0.7,0.011742,1,0,0
0.74,0.7,0.012789,1,0,0
0.76,0.7,-0.0078962,1,0,0
0.78,0.7,0.02614,1,0,0
0.8,0.7,0.054831,1,0,0
0.82,0.7,0.034447,1,0,0
0.84,0.7,0.024845,1,0,0
0.86,0.7,0.021667,1,0,0
0.88,0.7,0.017375,1,0,0
0.9,0.7,0.026802,1,0,0
0.92,0.7,0.020358,1,0,0
0.94,0.7,0.012109,1,0,0
0.96,0.7,0.01258,1,0,0
0.98,0.7,-0.0054209,1,0,0
0.02,0.72,0.02122,1,0,0
0.04,0.72,0.0437,1,0,0
0.06,0.72,0.03841,1,0,0
0.08,0.72,0.0025506,1,0,0
0.1,0.72,0.030582,1,0,0
0.12,0.72,-0.00016917,1,0,0
0.14,0.72,0.06435,1,0,0
0.16,0.72,0.012093,1,0,0
0.18,0.72,-0.00015042,1,0,0
0.2,0.72,-0.0077885,1,0,0
0.22,0.72,-0.0020384,1,0,0
0.24,0.72,0.012205,1,0,0
0.26,0.72,0.0010582,1,0,0
0.28,0.72,-0.030656,1,0,0
0.3,0.72,-0.020984,1,0,0
0.32,0.72,-0.0071944,1,0,0
0.34,0.72,-0.016141,1,0,0
0.36,0.72,-0.014301,1,0,0
0.38,0.72,0.00054649,1,0,0
0.4,0.72,0.0060855,1,0,0
0.42,0.72,-0.0013888,1,0,0
0.44,0.72,0.036132,1,0,0
0.46,0.72,0.02101,1,0,0
0.48,0.72,0.05423,1,0,0
0.5,0.72,0.044909,1,0,0
0.52,0.72,0.024607,1,0,0
0.54,0.72,0.075889,1,0,0
0.56,0.72,0.00419,1,0,0
0.58,0.72,0.015342,1,0,0
0.6,0.72,0.016482,1,0,0
0.62,0.72,0.023921,1,0,0
0.64,0.72,0.024593,1,0,0
0.66,0.72,0.074716,1,0,0
0.68,0.72,0.038384,1,0,0
0.7,0.72,-0.016208,1,0,0
0.72,0.72,-0.023228,1,0,0
0.74,0.72,-0.010294,1,0,0
0.76,0.72,0.0073159,1,0,0
0.78,0.72,0.008197,1,0,0
0.8,0.72,0.040094,1,0,0
0.82,0.72,0.015253,1,0,0
0.84,0.72,0.032383,1,0,0
0.86,0.72,0.023977,1,0,0
0.88,0.72,0.027103,1,0,0
0.9,0.72,0.0131,1,0,0
0.92,0.72,0.030538,1,0,0
0.94,0.72,-0.011921,1,0,0
0.96,0.72,-0.013328,1,0,0
0.98,0.72,-0.0062375,1,0,0
0.02,0.74,0.029081,1,0,0
0.04,0.74,0.051636,1,0,0
0.06,0.74,0.029627,1,0,0
0.08,0.74,0.033147,1,0,0
0.1,0.74,0.0095109,1,0,0
0.12,0.74,-0.022121,1,0,0
0.14,0.74,-0.015532,1,0,0
0.16,0.74,-0.0046864,1,0,0
0.18,0.74,-0.028263,1,0,0
0.2,0.74,-0.015104,1,0,0
0.22,0.74,-0.024088,1,0,0
0.24,0.74,-0.011389,1,0,0
0.26,0.74,-0.0027267,1,0,0
0.28,0.74,-0.02798,1,0,0
0.3,0.74,-0.0020867,1,0,0
0.32,0.74,-0.011423,1,0,0
0.34,0.74,0.0032724,1,0,0
0.36,0.74,-0.027853,1,0,0
0.38,0.74,-0.017534,1,0,0
0.4,0.74,-0.0039155,1,0,0
0.42,0.74,0.024001,1,0,0
0.44,0.74,0.00079601,1,0,0
0.46,0.74,0.01472,1,0,0
0.48,0.74,0.033895,1,0,0
0.5,0.74,0.040567,1,0,0
0.52,0.74,0.012199,1,0,0
0.54,0.74,0.022746,1,0,0
0.56,0.74,0.045498,1,0,0
0.58,0.74,0.008509,1,0,0
0.6,0.74,0.015399,1,0,0
0.62,0.74,-0.016547,1,0,0
0.64,0.74,0.014481,1,0,0
0.66,0.74,0.034005,1,0,0
0.68,0.74,0.064573,1,0,0
0.7,0.74,0.040044,1,0,0
0.72,0.74,-0.013078,1,0,0
0.74,0.74,0.00029739,1,0,0
0.76,0.74,0.017356,1,0,0
0.78,0.74,0.0069098,1,0,0
0.8,0.74,-0.0060102,1,0,0
0.82,0.74,0.026972,1,0,0
0.84,0.74,0.034464,1,0,0
0.86,0.74,0.0097078,1,0,0
0.88,0.74,0.0057957,1,0,0
0.9,0.74,0.044582,1,0,0
0.92,0.74,0.012357,1,0,0
0.94,0.74,0.00097234,1,0,0
0.96,0.74,-0.0042126,1,0,0
0.98,0.74,-0.00073926,1,0,0
0.02,0.76,0.04836,1,0,0
0.04,0.76,0.061346,1,0,0
0.06,0.76,0.015345,1,0,0
0.08,0.76,0.012874,1,0,0
0.1,0.76,0.0025346,1,0,0
0.12,0.76,0.0032907,1,0,0
0.14,0.76,0.012253,1,0,0
0.16,0.76,-0.0063612,1,0,0
0.18,0.76,-0.02881,1,0,0
0.2,0.76,0.021979,1,0,0
0.22,0.76,0.011605,1,0,0
0.24,0.76,0.0063616,1,0,0
0.26,0.76,0.018862,1,0,0
0.28,0.76,0.0092871,1,0,0
0.3,0.76,-0.0058385,1,0,0
0.32,0.76,-0.0013009,1,0,0
0.34,0.76,-0.0072891,1,0,0
0.36,0.76,-0.012017,1,0,0
0.38,0.76,-0.0079289,1,0,0
0.4,0.76,0.03249,1,0,0
0.42,0.76,-0.0030054,1,0,0
0.44,0.76,0.00522,1,0,0
0.46,0.76,-0.0090936,1,0,0
0.48,0.76,0.0033152,1,0,0
0.5,0.76,0.030968,1,0,0
0.52,0.76,0.048926,1,0,0
0.54,0.76,0.041894,1,0,0
0.56,0.76,0.030322,1,0,0
0.58,0.76,0.028456,1,0,0
0.6,0.76,0.010648,1,0,0
0.62,0.76,-0.015073,1,0,0
0.64,0.76,0.013427,1,0,0
0.66,0.76,0.034969,1,0,0
0.68,0.76,0.022789,1,0,0
0.7,0.76,0.034492,1,0,0
0.72,0.76,0.048437,1,0,0
0.74,0.76,0.04929,1,0,0
0.76,0.76,0.022009,1,0,0
0.78,0.76,0.0021919,1,0,0
0.8,0.76,-0.0037768,1,0,0
0.82,0.76,0.017273,1,0,0
0.84,0.76,0.019431,1,0,0
0.86,0.76,0.024688,1,0,0
0.88,0.76,0.029614,1,0,0
0.9,0.76,0.051607,1,0,0
0.92,0.76,0.037565,1,0,0
0.94,0.76,0.054301,1,0,0
0.96,0.76,-0.00025623,1,0,0
0.98,0.76,-0.0025697,1,0,0
0.02,0.78,0.019685,1,0,0
0.04,0.78,0.054502,1,0,0
0.06,0.78,0.039754,1,0,0
0.08,0.78,0.018291,1,0,0
0.1,0.78,-0.0064284,1,0,0
0.12,0.78,-0.032016,1,0,0
0.14,0.78,0.00079544,1,0,0
0.16,0.78,-0.0067784,1,0,0
0.18,0.78,-0.01995,1,0,0
0.2,0.78,0.057158,1,0,0
0.22,0.78,0.035272,1,0,0
0.24,0.78,0.033924,1,0,0
0.26,0.78,0.03,1,0,0
0.28,0.78,0.062188,1,0,0
0.3,0.78,0.011569,1,0,0
0.32,0.78,-0.0092235,1,0,0
0.34,0.78,-0.040788,1,0,0
0.36,0.78,-0.031457,1,0,0
0.38,0.78,-0.022055,1,0,0
0.4,0.78,0.018407,1,0,0
0.42,0.78,-0.0039166,1,0,0
0.44,0.78,0.050559,1,0,0
0.46,0.78,0.011017,1,0,0
0.48,0.78,0.041321,1,0,0
0.5,0.78,0.025579,1,0,0
0.52,0.78,0.013352,1,0,0
0.54,0.78,0.0061228,1,0,0
0.56,0.78,0.019182,1,0,0
0.58,0.78,0.03994,1,0,0
0.6,0.78,-0.0097241,1,0,0
0.62,0.78,-0.016006,1,0,0
0.64,0.78,0.033412,1,0,0
0.66,0.78,0.065686,1,0,0
0.68,0.78,0.044832,1,0,0
0.7,0.78,0.07489,1,0,0
0.72,0.78,0.070331,1,0,0
0.74,0.78,0.053063,1,0,0
0.76,0.78,-0.002991,1,0,0
0.78,0.78,0.0046294,1,0,0
0.8,0.78,-0.0019534,1,0,0
0.82,0.78,0.045678,1,0,0
0.84,0.78,0.053118,1,0,0
0.86,0.78,0.060386,1,0,0
0.88,0.78,0.037845,1,0,0
0.9,0.78,0.02799,1,0,0
0.92,0.78,0.01371,1,0,0
0.94,0.78,0.020625,1,0,0
0.96,0.78,0.0027322,1,0,0
0.98,0.78,-0.010743,1,0,0
0.02,0.8,0.027789,1,0,0
0.04,0.8,0.032648,1,0,0
0.06,0.8,0.003217,1,0,0
0.08,0.8,0.031903,1,0,0
0.1,0.8,-0.0040694,1,0,0
0.12,0.8,-0.030371,1,0,0
0.14,0.8,0.019656,1,0,0
0.16,0.8,0.051089,1,0,0
0.18,0.8,0.019671,1,0,0
0.2,0.8,0.051977,1,0,0
0.22,0.8,0.0334,1,0,0
0.24,0.8,0.02033,1,0,0
0.26,0.8,0.036293,1,0,0
0.28,0.8,0.072963,1,0,0
0.3,0.8,0.054839,1,0,0
0.32,0.8,0.018299,1,0,0
0.34,0.8,-0.024506,1,0,0
0.36,0.8,-0.0067368,1,0,0
0.38,0.8,-0.00040013,1,0,0
0.4,0.8,0.027197,1,0,0
0.42,0.8,-0.01187,1,0,0
0.44,0.8,0.0031259,1,0,0
0.46,0.8,0.0053533,1,0,0
0.48,0.8,0.027397,1,0,0
0.5,0.8,0.035576,1,0,0
0.52,0.8,0.048715,1,0,0
0.54,0.8,0.0056134,1,0,0
0.56,0.8,0.054469,1,0,0
0.58,0.8,0.051035,1,0,0
0.6,0.8,0.033162,1,0,0
0.62,0.8,0.00015632,1,0,0
0.64,0.8,0.043006,1,0,0
0.66,0.8,0.062944,1,0,0
0.68,0.8,0.07523,1,0,0
0.7,0.8,0.072651,1,0,0
0.72,0.8,0.04637,1,0,0
0.74,0.8,0.093513,1,0,0
0.76,0.8,0.051596,1,0,0
0.78,0.8,0.046265,1,0,0
0.8,0.8,0.010004,1,0,0
0.82,0.8,0.049242,1,0,0
0.84,0.8,0.044054,1,0,0
0.86,0.8,0.03307,1,0,0
0.88,0.8,0.031585,1,0,0
0.9,0.8,0.07279,1,0,0
0.92,0.8,0.01685,1,0,0
0.94,0.8,0.048518,1,0,0
0.96,0.8,0.028132,1,0,0
0.98,0.8,0.0051162,1,0,0
0.02,0.82,0.056353,1,0,0
0.04,0.82,0.048633,1,0,0
0.06,0.82,0.020921,1,0,0
0.08,0.82,0.025952,1,0,0
0.1,0.82,-0.0063172,1,0,0
0.12,0.82,-0.013708,1,0,0
0.14,0.82,0.015402,1,0,0
0.16,0.82,0.034733,1,0,0
0.18,0.82,0.04319,1,0,0
0.2,0.82,0.046661,1,0,0
0.22,0.82,0.034242,1,0,0
0.24,0.82,-0.002373,1,0,0
0.26,0.82,0.020057,1,0,0
0.28,0.82,0.047856,1,0,0
0.3,0.82,0.031782,1,0,0
0.32,0.82,0.068954,1,0,0
0.34,0.82,0.034927,1,0,0
0.36,0.82,0.0012901,1,0,0
0.38,0.82,-0.016945,1,0,0
0.4,0.82,0.033461,1,0,0
0.42,0.82,-0.036609,1,0,0
0.44,0.82,-0.0031079,1,0,0
0.46,0.82,0.0041344,1,0,0
0.48,0.82,-0.011261,1,0,0
0.5,0.82,-0.006533,1,0,0
0.52,0.82,-0.016363,1,0,0
0.54,0.82,0.0063131,1,0,0
0.56,0.82,0.018337,1,0,0
0.58,0.82,0.053375,1,0,0
0.6,0.82,0.054512,1,0,0
0.62,0.82,0.041049,1,0,0
0.64,0.82,0.040369,1,0,0
0.66,0.82,0.075347,1,0,0
0.68,0.82,0.061861,1,0,0
0.7,0.82,0.059028,1,0,0
0.72,0.82,0.042428,1,0,0
0.74,0.82,0.063436,1,0,0
0.76,0.82,0.065337,1,0,0
0.78,0.82,0.00064458,1,0,0
0.8,0.82,0.017582,1,0,0
0.82,0.82,0.020243,1,0,0
0.84,0.82,0.053887,1,0,0
0.86,0.82,0.015563,1,0,0
0.88,0.82,0.00020157,1,0,0
0.9,0.82,0.034757,1,0,0
0.92,0.82,0.040079,1,0,0
0.94,0.82,0.071152,1,0,0
0.96,0.82,0.020658,1,0,0
0.98,0.82,0.009217,1,0,0
0.02,0.84,0.044912,1,0,0
0.04,0.84,0.058087,1,0,0
0.06,0.84,0.010261,1,0,0
0.08,0.84,-0.0078528,1,0,0
0.1,0.84,0.015462,1,0,0
0.12,0.84,0.022067,1,0,0
0.14,0.84,0.024191,1,0,0
0.16,0.84,0.051325,1,0,0
0.18,0.84,0.021059,1,0,0
0.2,0.84,0.03787,1,0,0
0.22,0.84,0.014016,1,0,0
0.24,0.84,0.026712,1,0,0
0.26,0.84,0.017132,1,0,0
0.28,0.84,0.047791,1,0,0
0.3,0.84,0.075578,1,0,0
0.32,0.84,0.044492,1,0,0
0.34,0.84,0.038108,1,0,0
0.36,0.84,0.0050745,1,0,0
0.38,0.84,0.0059191,1,0,0
0.4,0.84,0.0065452,1,0,0
0.42,0.84,0.00074608,1,0,0
0.44,0.84,0.0058354,1,0,0
0.46,0.84,0.022073,1,0,0
0.48,0.84,0.027105,1,0,0
0.5,0.84,0.033607,1,0,0
0.52,0.84,0.0014919,1,0,0
0.54,0.84,-0.00014663,1,0,0
0.56,0.84,0.03993,1,0,0
0.58,0.84,0.060356,1,0,0
0.6,0.84,0.032224,1,0,0
0.62,0.84,0.071512,1,0,0
0.64,0.84,0.085822,1,0,0
0.66,0.84,0.06459,1,0,0
0.68,0.84,0.086246,1,0,0
0.7,0.84,0.051132,1,0,0
0.72,0.84,0.068183,1,0,0
0.74,0.84,0.071961,1,0,0
0.76,0.84,0.067763,1,0,0
0.78,0.84,0.049322,1,0,0
0.8,0.84,0.046708,1,0,0
0.82,0.84,0.039011,1,0,0
0.84,0.84,0.067295,1,0,0
0.86,0.84,0.031414,1,0,0
0.88,0.84,0.029984,1,0,0
0.9,0.84,0.037066,1,0,0
0.92,0.84,0.032945,1,0,0
0.94,0.84,0.016073,1,0,0
0.96,0.84,0.024287,1,0,0
0.98,0.84,0.00073138,1,0,0
0.02,0.86,0.038555,1,0,0
0.04,0.86,0.062611,1,0,0
0.06,0.86,0.034875,1,0,0
0.08,0.86,0.014316,1,0,0
0.1,0.86,0.0099654,1,0,0
0.12,0.86,0.061401,1,0,0
0.14,0.86,0.051539,1,0,0
0.16,0.86,0.049195,1,0,0
0.18,0.86,0.027863,1,0,0
0.2,0.86,0.036787,1,0,0
0.22,0.86,0.023141,1,0,0
0.24,0.86,0.021603,1,0,0
0.26,0.86,0.030951,1,0,0
0.28,0.86,0.051127,1,0,0
0.3,0.86,0.066311,1,0,0
0.32,0.86,0.061619,1,0,0
0.34,0.86,0.041676,1,0,0
0.36,0.86,-0.015465,1,0,0
0.38,0.86,0.016273,1,0,0
0.4,0.86,-0.0074494,1,0,0
0.42,0.86,0.02962,1,0,0
0.44,0.86,0.052018,1,0,0
0.46,0.86,0.055459,1,0,0
0.48,0.86,0.05482,1,0,0
0.5,0.86,0.026095,1,0,0
0.52,0.86,-0.00085951,1,0,0
0.54,0.86,0.038732,1,0,0
0.56,0.86,0.062008,1,0,0
0.58,0.86,0.036546,1,0,0
0.6,0.86,0.043701,1,0,0
0.62,0.86,0.011003,1,0,0
0.64,0.86,0.043348,1,0,0
0.66,0.86,0.069057,1,0,0
0.68,0.86,0.072801,1,0,0
0.7,0.86,0.053695,1,0,0
0.72,0.86,0.075195,1,0,0
0.74,0.86,0.090138,1,0,0
0.76,0.86,0.069524,1,0,0
0.78,0.86,0.056712,1,0,0
0.8,0.86,0.081709,1,0,0
0.82,0.86,0.053387,1,0,0
0.84,0.86,0.069448,1,0,0
0.86,0.86,0.060525,1,0,0
0.88,0.86,0.024591,1,0,0
0.9,0.86,0.0038509,1,0,0
0.92,0.86,0.025975,1,0,0
0.94,0.86,0.011689,1,0,0
0.96,0.86,0.032026,1,0,0
0.98,0.86,0.021939,1,0,0
0.02,0.88,0.06617,1,0,0
0.04,0.88,0.057581,1,0,0
0.06,0.88,0.034653,1,0,0
0.08,0.88,0.032336,1,0,0
0.1,0.88,0.019271,1,0,0
0.12,0.88,0.04804,1,0,0
0.14,0.88,0.051373,1,0,0
0.16,0.88,0.064161,1,0,0
0.18,0.88,0.038221,1,0,0
0.2,0.88,0.0019679,1,0,0
0.22,0.88,-0.003714,1,0,0
0.24,0.88,0.024323,1,0,0
0.26,0.88,0.021948,1,0,0
0.28,0.88,0.04706,1,0,0
0.3,0.88,0.06178,1,0,0
0.32,0.88,0.071447,1,0,0
0.34,0.88,0.0084567,1,0,0
0.36,0.88,0.045585,1,0,0
0.38,0.88,0.026869,1,0,0
0.4,0.88,0.043141,1,0,0
0.42,0.88,0.042535,1,0,0
0.44,0.88,0.043558,1,0,0
0.46,0.88,0.047845,1,0,0
0.48,0.88,0.029669,1,0,0
0.5,0.88,0.04451,1,0,0
0.52,0.88,0.02342,1,0,0
0.54,0.88,0.019917,1,0,0
0.56,0.88,0.062613,1,0,0
0.58,0.88,0.071384,1,0,0
0.6,0.88,0.031286,1,0,0
0.62,0.88,0.021147,1,0,0
0.64,0.88,0.018222,1,0,0
0.66,0.88,0.063692,1,0,0
0.68,0.88,0.072319,1,0,0
0.7,0.88,0.066335,1,0,0
0.72,0.88,0.057178,1,0,0
0.74,0.88,0.1005,1,0,0
0.76,0.88,0.085547,1,0,0
0.78,0.88,0.08221,1,0,0
0.8,0.88,0.09039,1,0,0
0.82,0.88,0.02193,1,0,0
0.84,0.88,0.062873,1,0,0
0.86,0.88,0.042857,1,0,0
0.88,0.88,0.040449,1,0,0
0.9,0.88,0.03766,1,0,0
0.92,0.88,0.031709,1,0,0
0.94,0.88,0.019966,1,0,0
0.96,0.88,0.016908,1,0,0
0.98,0.88,0.040435,1,0,0
0.02,0.9,0.051239,1,0,0
0.04,0.9,0.053737,1,0,0
0.06,0.9,0.040545,1,0,0
0.08,0.9,0.052618,1,0,0
0.1,0.9,0.0066916,1,0,0
0.12,0.9,0.036647,1,0,0
0.14,0.9,0.036495,1,0,0
0.16,0.9,0.03976,1,0,0
0.18,0.9,-0.02513,1,0,0
0.2,0.9,-0.012364,1,0,0
0.22,0.9,-0.0094514,1,0,0
0.24,0.9,0.017965,1,0,0
0.26,0.9,-0.016764,1,0,0
0.28,0.9,0.014393,1,0,0
0.3,0.9,0.033336,1,0,0
0.32,0.9,0.060092,1,0,0
0.34,0.9,0.019674,1,0,0
0.36,0.9,0.0045056,1,0,0
0.38,0.9,-0.0071407,1,0,0
0.4,0.9,-0.0024765,1,0,0
0.42,0.9,0.025872,1,0,0
0.44,0.9,0.076401,1,0,0
0.46,0.9,0.018643,1,0,0
0.48,0.9,0.030332,1,0,0
0.5,0.9,0.025787,1,0,0
0.52,0.9,0.0062821,1,0,0
0.54,0.9,0.022499,1,0,0
0.56,0.9,0.021464,1,0,0
0.58,0.9,0.010899,1,0,0
0.6,0.9,0.035696,1,0,0
0.62,0.9,0.017533,1,0,0
0.64,0.9,0.016058,1,0,0
0.66,0.9,0.048215,1,0,0
0.68,0.9,0.049072,1,0,0
0.7,0.9,0.049799,1,0,0
0.72,0.9,0.057311,1,0,0
0.74,0.9,0.081709,1,0,0
0.76,0.9,0.051698,1,0,0
0.78,0.9,0.028377,1,0,0
0.8,0.9,0.027753,1,0,0
0.82,0.9,0.066172,1,0,0
0.84,0.9,0.046072,1,0,0
0.86,0.9,0.056933,1,0,0
0.88,0.9,0.0032706,1,0,0
0.9,0.9,0.0062306,1,0,0
0.92,0.9,0.015884,1,0,0
0.94,0.9,0.016543,1,0,0
0.96,0.9,-0.0045381,1,0,0
0.98,0.9,-0.0087265,1,0,0
0.02,0.92,0.019686,1,0,0
0.04,0.92,0.087765,1,0,0
0.06,0.92,0.070312,1,0,0
0.08,0.92,0.05987,1,0,0
0.1,0.92,0.023818,1,0,0
0.12,0.92,0.060666,1,0,0
0.14,0.92,0.069917,1,0,0
0.16,0.92,0.038095,1,0,0
0.18,0.92,0.016875,1,0,0
0.2,0.92,0.017743,1,0,0
0.22,0.92,-0.024597,1,0,0
0.24,0.92,-0.0097834,1,0,0
0.26,0.92,0.010675,1,0,0
0.28,0.92,0.02837,1,0,0
0.3,0.92,0.036486,1,0,0
0.32,0.92,0.054615,1,0,0
0.34,0.92,0.026937,1,0,0
0.36,0.92,0.013228,1,0,0
0.38,0.92,-0.0079805,1,0,0
0.4,0.92,0.036293,1,0,0
0.42,0.92,0.019463,1,0,0
0.44,0.92,0.0062195,1,0,0
0.46,0.92,-0.018063,1,0,0
0.48,0.92,0.055295,1,0,0
0.5,0.92,0.022412,1,0,0
0.52,0.92,0.0039053,1,0,0
0.54,0.92,0.03216,1,0,0
0.56,0.92,0.017498,1,0,0
0.58,0.92,-0.0028261,1,0,0
0.6,0.92,0.0076867,1,0,0
0.62,0.92,0.041359,1,0,0
0.64,0.92,0.0081283,1,0,0
0.66,0.92,0.026098,1,0,0
0.68,0.92,0.067439,1,0,0
0.7,0.92,0.055407,1,0,0
0.72,0.92,0.060022,1,0,0
0.74,0.92,0.07899,1,0,0
0.76,0.92,0.043329,1,0,0
0.78,0.92,0.034866,1,0,0
0.8,0.92,0.045812,1,0,0
0.82,0.92,0.038342,1,0,0
0.84,0.92,0.00095577,1,0,0
0.86,0.92,0.012608,1,0,0
0.88,0.92,0.0023761,1,0,0
0.9,0.92,0.034887,1,0,0
0.92,0.92,0.028326,1,0,0
0.94,0.92,0.021945,1,0,0
0.96,0.92,-0.0061791,1,0,0
0.98,0.92,0.029495,1,0,0
0.02,0.94,0.048077,1,0,0
0.04,0.94,0.10743,1,0,0
0.06,0.94,0.075975,1,0,0
0.08,0.94,0.056763,1,0,0
0.1,0.94,0.020709,1,0,0
0.12,0.94,0.031009,1,0,0
0.14,0.94,0.056848,1,0,0
0.16,0.94,0.061534,1,0,0
0.18,0.94,0.041769,1,0,0
0.2,0.94,0.044164,1,0,0
0.22,0.94,0.014637,1,0,0
0.24,0.94,0.0039222,1,0,0
0.26,0.94,0.01135,1,0,0
0.28,0.94,0.029899,1,0,0
0.3,0.94,0.037203,1,0,0
0.32,0.94,0.073385,1,0,0
0.34,0.94,0.018925,1,0,0
0.36,0.94,0.03259,1,0,0
0.38,0.94,0.013268,1,0,0
0.4,0.94,0.0063159,1,0,0
0.42,0.94,0.028538,1,0,0
0.44,0.94,0.013186,1,0,0
0.46,0.94,-0.031356,1,0,0
0.48,0.94,0.0075556,1,0,0
0.5,0.94,0.029303,1,0,0
0.52,0.94,0.0099866,1,0,0
0.54,0.94,0.037485,1,0,0
0.56,0.94,0.054511,1,0,0
0.58,0.94,0.032835,1,0,0
0.6,0.94,0.037315,1,0,0
0.62,0.94,0.03905,1,0,0
0.64,0.94,0.039733,1,0,0
0.66,0.94,0.055874,1,0,0
0.68,0.94,0.056069,1,0,0
0.7,0.94,0.091043,1,0,0
0.72,0.94,0.0658,1,0,0
0.74,0.94,0.069991,1,0,0
0.76,0.94,0.056215,1,0,0
0.78,0.94,0.032355,1,0,0
0.8,0.94,0.050872,1,0,0
0.82,0.94,0.038505,1,0,0
0.84,0.94,0.032853,1,0,0
0.86,0.94,0.012319,1,0,0
0.88,0.94,0.020719,1,0,0
0.9,0.94,0.021551,1,0,0
0.92,0.94,0.028441,1,0,0
0.94,0.94,0.051622,1,0,0
0.96,0.94,0.025114,1,0,0
0.98,0.94,0.024973,1,0,0
0.02,0.96,0.040284,1,0,0
0.04,0.96,0.05018,1,0,0
0.06,0.96,0.067949,1,0,0
0.08,0.96,0.080505,1,0,0
0.1,0.96,0.042496,1,0,0
0.12,0.96,0.04582,1,0,0
0.14,0.96,0.073308,1,0,0
0.16,0.96,0.073593,1,0,0
0.18,0.96,0.04924,1,0,0
0.2,0.96,0.044308,1,0,0
0.22,0.96,0.019536,1,0,0
0.24,0.96,0.030319,1,0,0
0.26,0.96,0.053071,1,0,0
0.28,0.96,0.03638,1,0,0
0.3,0.96,0.036551,1,0,0
0.32,0.96,0.03768,1,0,0
0.34,0.96,0.035367,1,0,0
0.36,0.96,-0.0099215,1,0,0
0.38,0.96,0.014825,1,0,0
0.4,0.96,0.0048125,1,0,0
0.42,0.96,-0.0040867,1,0,0
0.44,0.96,-0.028594,1,0,0
0.46,0.96,-0.028051,1,0,0
0.48,0.96,-0.015548,1,0,0
0.5,0.96,0.026069,1,0,0
0.52,0.96,0.052475,1,0,0
0.54,0.96,0.021365,1,0,0
0.56,0.96,0.039513,1,0,0
0.58,0.96,0.039127,1,0,0
0.6,0.96,0.038971,1,0,0
0.62,0.96,0.010537,1,0,0
0.64,0.96,0.026655,1,0,0
0.66,0.96,0.0366,1,0,0
0.68,0.96,0.063437,1,0,0
0.7,0.96,0.062913,1,0,0
0.72,0.96,0.054548,1,0,0
0.74,0.96,0.058646,1,0,0
0.76,0.96,0.041358,1,0,0
0.78,0.96,0.037861,1,0,0
0.8,0.96,0.036696,1,0,0
0.82,0.96,0.046754,1,0,0
0.84,0.96,0.02323,1,0,0
0.86,0.96,0.026741,1,0,0
0.88,0.96,0.016613,1,0,0
0.9,0.96,0.010366,1,0,0
0.92,0.96,0.016635,1,0,0
0.94,0.96,0.0086848,1,0,0
0.96,0.96,-0.012707,1,0,0
0.98,0.96,0.012207,1,0,0
0.02,0.98,0.020033,1,0,0
0.04,0.98,0.038155,1,0,0
0.06,0.98,0.047608,1,0,0
0.08,0.98,0.060245,1,0,0
0.1,0.98,0.080973,1,0,0
0.12,0.98,0.0337,1,0,0
0.14,0.98,0.10148,1,0,0
0.16,0.98,0.061451,1,0,0
0.18,0.98,0.024418,1,0,0
0.2,0.98,0.015905,1,0,0
0.22,0.98,0.040826,1,0,0
0.24,0.98,0.03739,1,0,0
0.26,0.98,0.02618,1,0,0
0.28,0.98,-0.0035937,1,0,0
0.3,0.98,0.038919,1,0,0
0.32,0.98,0.045495,1,0,0
0.34,0.98,0.026801,1,0,0
0.36,0.98,0.00075241,1,0,0
0.38,0.98,0.010396,1,0,0
0.4,0.98,-0.0078297,1,0,0
0.42,0.98,-0.023474,1,0,0
0.44,0.98,0.0048195,1,0,0
0.46,0.98,-0.063324,1,0,0
0.48,0.98,-0.043463,1,0,0
0.5,0.98,-0.0043037,1,0,0
0.52,0.98,0.038991,1,0,0
0.54,0.98,0.035196,1,0,0
0.56,0.98,0.030495,1,0,0
0.58,0.98,0.055359,1,0,0
0.6,0.98,0.016972,1,0,0
0.62,0.98,0.013461,1,0,0
0.64,0.98,0.0060988,1,0,0
0.66,0.98,0.027706,1,0,0
0.68,0.98,0.052512,1,0,0
0.7,0.98,0.043941,1,0,0
0.72,0.98,0.072377,1,0,0
0.74,0.98,0.049652,1,0,0
0.76,0.98,0.031835,1,0,0
0.78,0.98,0.011716,1,0,0
0.8,0.98,0.011729,1,0,0
0.82,0.98,0.068594,1,0,0
0.84,0.98,0.036941,1,0,0
0.86,0.98,0.016162,1,0,0
0.88,0.98,0.015548,1,0,0
0.9,0.98,0.00037608,1,0,0
0.92,0.98,-0.010423,1,0,0
0.94,0.98,-0.0019751,1,0,0
0.96,0.98,-0.0055867,1,0,0
0.98,0.98,0.0041572,1,0,0
0,0,-0.00011139,-1,0,0
0.02,0,-0.00011139,-1,0,0
0.04,0,0.019109,-1,0,0
0.06,0,0.024155,-1,0,0
0.08,0,0.029201,-1,0,0
0.1,0,0.037394,-1,0,0
0.12,0,0.026388,-1,0,0
0.14,0,0.059125,-1,0,0
0.16,0,0.038922,-1,0,0
0.18,0,0.029698,-1,0,0
0.2,0,0.043728,-1,0,0
0.22,0,0.028091,-1,0,0
0.24,0,0.020899,-1,0,0
0.26,0,0.045927,-1,0,0
0.28,0,0.059204,-1,0,0
0.3,0,0.061964,-1,0,0
0.32,0,0.084973,-1,0,0
0.34,0,0.049309,-1,0,0
0.36,0,0.025933,-1,0,0
0.38,0,0.017484,-1,0,0
0.4,0,0.027047,-1,0,0
0.42,0,0.032969,-1,0,0
0.44,0,0.038124,-1,0,0
0.46,0,0.01617,-1,0,0
0.48,0,0.010535,-1,0,0
0.5,0,-0.017552,-1,0,0
0.52,0,-0.010153,-1,0,0
0.54,0,-0.016903,-1,0,0
0.56,0,0.032892,-1,0,0
0.58,0,0.052538,-1,0,0
0.6,0,0.017348,-1,0,0
0.62,0,0.019563,-1,0,0
0.64,0,0.030146,-1,0,0
0.66,0,0.051817,-1,0,0
0.68,0,0.055547,-1,0,0
0.7,0,0.0086545,-1,0,0
0.72,0,-0.0036939,-1,0,0
0.74,0,0.027651,-1,0,0
0.76,0,-0.024156,-1,0,0
0.78,0,0.00015135,-1,0,0
0.8,0,-0.021566,-1,0,0
0.82,0,0.014125,-1,0,0
0.84,0,0.026582,-1,0,0
0.86,0,0.047207,-1,0,0
0.88,0,0.01552,-1,0,0
0.9,0,0.00012402,-1,0,0
0.92,0,0.010215,-1,0,0
0.94,0,0.034875,-1,0,0
0.96,0,0.005336,-1,0,0
0.98,0,0.0073575,-1,0,0
1,0,0.031945,-1,0,0
1,0.02,-0.0007345,-1,0,0
1,0.04,0.021433,-1,0,0
1,0.06,0.027297,-1,0,0
1,0.08,0.019201,-1,0,0
1,0.1,0.030481,-1,0,0
1,0.12,0.0061685,-1,0,0
1,0.14,0.0044913,-1,0,0
1,0.16,-0.015578,-1,0,0
1,0.18,-0.033334,-1,0,0
1,0.2,-0.02184,-1,0,0
1,0.22,-0.0031383,-1,0,0
1,0.24,-0.0056737,-1,0,0
1,0.26,0.026103,-1,0,0
1,0.28,0.047321,-1,0,0
1,0.3,0.035167,-1,0,0
1,0.32,0.050968,-1,0,0
1,0.34,0.068497,-1,0,0
1,0.36,0.033596,-1,0,0
1,0.38,0.014337,-1,0,0
1,0.4,0.035022,-1,0,0
1,0.42,0.053374,-1,0,0
1,0.44,0.04899,-1,0,0
1,0.46,0.019503,-1,0,0
1,0.48,0.02434,-1,0,0
1,0.5,-0.023424,-1,0,0
1,0.52,-0.0015892,-1,0,0
1,0.54,0.0046502,-1,0,0
1,0.56,-0.00455,-1,0,0
1,0.58,0.0039922,-1,0,0
1,0.6,-0.010398,-1,0,0
1,0.62,-0.033688,-1,0,0
1,0.64,-0.047435,-1,0,0
1,0.66,-0.045688,-1,0,0
1,0.68,-0.0028122,-1,0,0
1,0.7,-0.01648,-1,0,0
1,0.72,-0.020755,-1,0,0
1,0.74,-0.019235,-1,0,0
1,0.76,-0.0068098,-1,0,0
1,0.78,-0.028073,-1,0,0
1,0.8,-0.0099216,-1,0,0
1,0.82,-0.0002509,-1,0,0
1,0.84,0.020163,-1,0,0
1,0.86,0.011317,-1,0,0
1,0.88,0.030262,-1,0,0
1,0.9,-0.0093106,-1,0,0
1,0.92,-0.017989,-1,0,0
1,0.94,-0.021766,-1,0,0
1,0.96,0.034567,-1,0,0
1,0.98,0.026555,-1,0,0
1,1,0.01864,-1,0,0
0.98,1,0.0033777,-1,0,0
0.96,1,0.0022226,-1,0,0
0.94,1,-6.5633e-05,-1,0,0
0.92,1,0.014245,-1,0,0
0.9,1,0.025655,-1,0,0
0.88,1,0.042195,-1,0,0
0.86,1,0.029582,-1,0,0
0.84,1,0.0030098,-1,0,0
0.82,1,0.026637,-1,0,0
0.8,1,0.037933,-1,0,0
0.78,1,0.015387,-1,0,0
0.76,1,-0.012261,-1,0,0
0.74,1,0.033666,-1,0,0
0.72,1,0.024597,-1,0,0
0.7,1,0.038194,-1,0,0
0.68,1,0.03903,-1,0,0
0.66,1,0.050024,-1,0,0
0.64,1,0.0179,-1,0,0
0.62,1,0.013057,-1,0,0
0.6,1,0.029163,-1,0,0
0.58,1,0.059848,-1,0,0
0.56,1,0.044394,-1,0,0
0.54,1,0.02597,-1,0,0
0.52,1,0.01572,-1,0,0
0.5,1,-0.02457,-1,0,0
0.48,1,-0.058807,-1,0,0
0.46,1,-0.062288,-1,0,0
0.44,1,-0.025556,-1,0,0
0.42,1,-0.017943,-1,0,0
0.4,1,0.019352,-1,0,0
0.38,1,0.02259,-1,0,0
0.36,1,0.015135,-1,0,0
0.34,1,0.010781,-1,0,0
0.32,1,0.029472,-1,0,0
0.3,1,0.017295,-1,0,0
0.28,1,0.021972,-1,0,0
0.26,1,0.0028959,-1,0,0
0.24,1,0.010279,-1,0,0
0.22,1,0.029931,-1,0,0
0.2,1,0.016944,-1,0,0
0.18,1,0.0084624,-1,0,0
0.16,1,0.039903,-1,0,0
0.14,1,0.082136,-1,0,0
0.12,1,0.046769,-1,0,0
0.1,1,0.04282,-1,0,0
0.08,1,0.043242,-1,0,0
0.06,1,0.055467,-1,0,0
0.04,1,0.031381,-1,0,0
0.02,1,0.046002,-1,0,0
0,1,0.020662,-1,0,0
0,0.98,0.0016096,-1,0,0
0,0.96,0.01501,-1,0,0
0,0.94,0.027206,-1,0,0
0,0.92,0.078843,-1,0,0
0,0.9,0.059877,-1,0,0
0,0.88,0.11105,-1,0,0
0,0.86,0.07043,-1,0,0
0,0.84,0.040966,-1,0,0
0,0.82,0.037073,-1,0,0
0,0.8,0.055766,-1,0,0
0,0.78,0.034244,-1,0,0
0,0.76,0.031082,-1,0,0
0,0.74,0.0032119,-1,0,0
0,0.72,0.040855,-1,0,0
0,0.7,0.012718,-1,0,0
0,0.68,0.016682,-1,0,0
0,0.66,0.0087308,-1,0,0
0,0.64,0.0098393,-1,0,0
0,0.62,0.0092728,-1,0,0
0,0.6,-0.012145,-1,0,0
0,0.58,0.025946,-1,0,0
0,0.56,0.0052759,-1,0,0
0,0.54,-0.010351,-1,0,0
0,0.52,0.077346,-1,0,0
0,0.5,0.070645,-1,0,0
0,0.48,0.044495,-1,0,0
0,0.46,0.075352,-1,0,0
0,0.44,0.091981,-1,0,0
0,0.42,0.030198,-1,0,0
0,0.4,0.071238,-1,0,0
0,0.38,0.05709,-1,0,0
0,0.36,0.034192,-1,0,0
0,0.34,0.029838,-1,0,0
0,0.32,0.057507,-1,0,0
0,0.3,0.057649,-1,0,0
0,0.28,0.037328,-1,0,0
0,0.26,0.011763,-1,0,0
0,0.24,0.0093809,-1,0,0
0,0.22,-0.01806,-1,0,0
0,0.2,-0.022986,-1,0,0
0,0.18,-0.021449,-1,0,0
0,0.16,-0.042657,-1,0,0
0,0.14,-0.021691,-1,0,0
0,0.12,-0.036672,-1,0,0
0,0.1,-0.026031,-1,0,0
0,0.08,-0.00030623,-1,0,0
0,0.06,0.020012,-1,0,0
0,0.04,-0.018451,-1,0,0
0,0.02,0.0061578,-1,0,0
