0.02,0.02,-0.010528,1,0,0
0.04,0.02,0.010711,1,0,0
0.06,0.02,0.021358,1,0,0
0.08,0.02,0.01371,1,0,0
0.1,0.02,0.031005,1,0,0
0.12,0.02,0.029882,1,0,0
0.14,0.02,0.03695,1,0,0
0.16,0.02,0.035555,1,0,0
0.18,0.02,0.022433,1,0,0
0.2,0.02,0.028116,1,0,0
0.22,0.02,0.019225,1,0,0
0.24,0.02,0.0098834,1,0,0
0.26,0.02,-0.006715,1,0,0
0.28,0.02,-0.016724,1,0,0
0.3,0.02,0.0042864,1,0,0
0.32,0.02,-0.01044,1,0,0
0.34,0.02,-0.031697,1,0,0
0.36,0.02,-0.051256,1,0,0
0.38,0.02,-0.052936,1,0,0
0.4,0.02,-0.073472,1,0,0
0.42,0.02,-0.048717,1,0,0
0.44,0.02,-0.075141,1,0,0
0.46,0.02,-0.078604,1,0,0
0.48,0.02,-0.051461,1,0,0
0.5,0.02,-0.027731,1,0,0
0.52,0.02,-0.06601,1,0,0
0.54,0.02,-0.057925,1,0,0
0.56,0.02,-0.072705,1,0,0
0.58,0.02,-0.047384,1,0,0
0.6,0.02,-0.064623,1,0,0
0.62,0.02,-0.037819,1,0,0
0.64,0.02,-0.05517,1,0,0
0.66,0.02,-0.040294,1,0,0
0.68,0.02,-0.010765,1,0,0
0.7,0.02,-0.012526,1,0,0
0.72,0.02,-0.021431,1,0,0
0.74,0.02,-0.0029778,1,0,0
0.76,0.02,-0.013881,1,0,0
0.78,0.02,-0.019686,1,0,0
0.8,0.02,-0.0080128,1,0,0
0.82,0.02,-0.024921,1,0,0
0.84,0.02,-0.015858,1,0,0
0.86,0.02,0.0032578,1,0,0
0.88,0.02,0.015246,1,0,0
0.9,0.02,0.003528,1,0,0
0.92,0.02,0.0082086,1,0,0
0.94,0.02,-0.012702,1,0,0
0.96,0.02,-0.033023,1,0,0
0.98,0.02,-0.051063,1,0,0
0.02,0.04,-0.0056573,1,0,0
0.04,0.04,0.016723,1,0,0
0.06,0.04,0.021437,1,0,0
0.08,0.04,0.0061871,1,0,0
0.1,0.04,-0.0083016,1,0,0
0.12,0.04,0.020803,1,0,0
0.14,0.04,0.015168,1,0,0
0.16,0.04,0.021315,1,0,0
0.18,0.04,0.030372,1,0,0
0.2,0.04,0.029622,1,0,0
0.22,0.04,-0.0048398,1,0,0
0.24,0.04,0.013645,1,0,0
0.26,0.04,0.0074286,1,0,0
0.28,0.04,0.0012802,1,0,0
0.3,0.04,-0.0040883,1,0,0
0.32,0.04,-0.012409,1,0,0
0.34,0.04,-0.015789,1,0,0
0.36,0.04,-0.041231,1,0,0
0.38,0.04,-0.044478,1,0,0
0.4,0.04,-0.050043,1,0,0
0.42,0.04,-0.049508,1,0,0
0.44,0.04,-0.06258,1,0,0
0.46,0.04,-0.0559,1,0,0
0.48,0.04,-0.057711,1,0,0
0.5,0.04,-0.049306,1,0,0
0.52,0.04,-0.080528,1,0,0
0.54,0.04,-0.07236,1,0,0
0.56,0.04,-0.071089,1,0,0
0.58,0.04,-0.05639,1,0,0
0.6,0.04,-0.056321,1,0,0
0.62,0.04,-0.040418,1,0,0
0.64,0.04,-0.047627,1,0,0
0.66,0.04,-0.050202,1,0,0
0.68,0.04,-0.036842,1,0,0
0.7,0.04,-0.021366,1,0,0
0.72,0.04,-0.03109,1,0,0
0.74,0.04,-0.019509,1,0,0
0.76,0.04,-0.016016,1,0,0
0.78,0.04,-0.016764,1,0,0
0.8,0.04,-0.024022,1,0,0
0.82,0.04,-0.041696,1,0,0
0.84,0.04,-0.028536,1,0,0
0.86,0.04,0.013814,1,0,0
0.88,0.04,-0.0027566,1,0,0
0.9,0.04,-0.036,1,0,0
0.92,0.04,0.013148,1,0,0
0.94,0.04,-0.010315,1,0,0
0.96,0.04,-0.030823,1,0,0
0.98,0.04,-0.050258,1,0,0
0.02,0.06,-0.012832,1,0,0
0.04,0.06,0.016881,1,0,0
0.06,0.06,0.0063278,1,0,0
0.08,0.06,0.0067281,1,0,0
0.1,0.06,0.011268,1,0,0
0.12,0.06,0.028681,1,0,0
0.14,0.06,0.019309,1,0,0
0.16,0.06,0.042167,1,0,0
0.18,0.06,0.04203,1,0,0
0.2,0.06,0.036234,1,0,0
0.22,0.06,0.038083,1,0,0
0.24,0.06,0.016103,1,0,0
0.26,0.06,0.034464,1,0,0
0.28,0.06,0.022685,1,0,0
0.3,0.06,0.0067548,1,0,0
0.32,0.06,0.014475,1,0,0
0.34,0.06,-0.016618,1,0,0
0.36,0.06,-0.020396,1,0,0
0.38,0.06,-0.022036,1,0,0
0.4,0.06,-0.016363,1,0,0
0.42,0.06,-0.021727,1,0,0
0.44,0.06,-0.038615,1,0,0
0.46,0.06,-0.043618,1,0,0
0.48,0.06,-0.037092,1,0,0
0.5,0.06,-0.040746,1,0,0
0.52,0.06,-0.055525,1,0,0
0.54,0.06,-0.077172,1,0,0
0.56,0.06,-0.062386,1,0,0
0.58,0.06,-0.059219,1,0,0
0.6,0.06,-0.036565,1,0,0
0.62,0.06,-0.039444,1,0,0
0.64,0.06,-0.041567,1,0,0
0.66,0.06,-0.055537,1,0,0
0.68,0.06,-0.04038,1,0,0
0.7,0.06,-0.027952,1,0,0
0.72,0.06,-0.034044,1,0,0
0.74,0.06,-0.02282,1,0,0
0.76,0.06,-0.031782,1,0,0
0.78,0.06,-0.01866,1,0,0
0.8,0.06,-0.026572,1,0,0
0.82,0.06,-0.035789,1,0,0
0.84,0.06,-0.015603,1,0,0
0.86,0.06,0.0054162,1,0,0
0.88,0.06,-0.019271,1,0,0
0.9,0.06,-0.0089839,1,0,0
0.92,0.06,-0.017543,1,0,0
0.94,0.06,-0.0099889,1,0,0
0.96,0.06,-0.041749,1,0,0
0.98,0.06,-0.050879,1,0,0
0.02,0.08,-0.011056,1,0,0
0.04,0.08,-0.0079385,1,0,0
0.06,0.08,-0.006111,1,0,0
0.08,0.08,0.010138,1,0,0
0.1,0.08,0.02202,1,0,0
0.12,0.08,0.0167,1,0,0
0.14,0.08,0.03406,1,0,0
0.16,0.08,0.045197,1,0,0
0.18,0.08,0.036792,1,0,0
0.2,0.08,0.018348,1,0,0
0.22,0.08,0.034274,1,0,0
0.24,0.08,0.039023,1,0,0
0.26,0.08,0.011905,1,0,0
0.28,0.08,0.030386,1,0,0
0.3,0.08,0.025252,1,0,0
0.32,0.08,0.013728,1,0,0
0.34,0.08,-0.0036291,1,0,0
0.36,0.08,-0.016129,1,0,0
0.38,0.08,-0.032267,1,0,0
0.4,0.08,-0.00031285,1,0,0
0.42,0.08,-0.019399,1,0,0
0.44,0.08,-0.016068,1,0,0
0.46,0.08,-0.028813,1,0,0
0.48,0.08,-0.031344,1,0,0
0.5,0.08,-0.037028,1,0,0
0.52,0.08,-0.051447,1,0,0
0.54,0.08,-0.067256,1,0,0
0.56,0.08,-0.064315,1,0,0
0.58,0.08,-0.051742,1,0,0
0.6,0.08,-0.047611,1,0,0
0.62,0.08,-0.050869,1,0,0
0.64,0.08,-0.057543,1,0,0
0.66,0.08,-0.047197,1,0,0
0.68,0.08,-0.031271,1,0,0
0.7,0.08,-0.040794,1,0,0
0.72,0.08,-0.034608,1,0,0
0.74,0.08,-0.031135,1,0,0
0.76,0.08,-0.038049,1,0,0
0.78,0.08,-0.055629,1,0,0
0.8,0.08,-0.046094,1,0,0
0.82,0.08,-0.025282,1,0,0
0.84,0.08,-0.030408,1,0,0
0.86,0.08,-0.023766,1,0,0
0.88,0.08,-0.017145,1,0,0
0.9,0.08,-0.011234,1,0,0
0.92,0.08,-0.036064,1,0,0
0.94,0.08,-0.032567,1,0,0
0.96,0.08,-0.040129,1,0,0
0.98,0.08,-0.033714,1,0,0
0.02,0.1,-0.0084657,1,0,0
0.04,0.1,-0.0024382,1,0,0
0.06,0.1,-0.0082943,1,0,0
0.08,0.1,-0.015191,1,0,0
0.1,0.1,0.01404,1,0,0
0.12,0.1,0.0047597,1,0,0
0.14,0.1,0.0033443,1,0,0
0.16,0.1,0.031096,1,0,0
0.18,0.1,0.0040384,1,0,0
0.2,0.1,0.015468,1,0,0
0.22,0.1,0.016109,1,0,0
0.24,0.1,0.014681,1,0,0
0.26,0.1,0.016751,1,0,0
0.28,0.1,0.019837,1,0,0
0.3,0.1,0.0072881,1,0,0
0.32,0.1,0.0075648,1,0,0
0.34,0.1,0.0045338,1,0,0
0.36,0.1,-0.031991,1,0,0
0.38,0.1,-0.017005,1,0,0
0.4,0.1,-0.017385,1,0,0
0.42,0.1,-0.029467,1,0,0
0.44,0.1,-0.020677,1,0,0
0.46,0.1,-0.03527,1,0,0
0.48,0.1,-0.051514,1,0,0
0.5,0.1,-0.067066,1,0,0
0.52,0.1,-0.056828,1,0,0
0.54,0.1,-0.066152,1,0,0
0.56,0.1,-0.064071,1,0,0
0.58,0.1,-0.0391,1,0,0
0.6,0.1,-0.03276,1,0,0
0.62,0.1,-0.04276,1,0,0
0.64,0.1,-0.052737,1,0,0
0.66,0.1,-0.057606,1,0,0
0.68,0.1,-0.061305,1,0,0
0.7,0.1,-0.070174,1,0,0
0.72,0.1,-0.06961,1,0,0
0.74,0.1,-0.05977,1,0,0
0.76,0.1,-0.076673,1,0,0
0.78,0.1,-0.053118,1,0,0
0.8,0.1,-0.069514,1,0,0
0.82,0.1,-0.051798,1,0,0
0.84,0.1,-0.044922,1,0,0
0.86,0.1,-0.043774,1,0,0
0.88,0.1,-0.031677,1,0,0
0.9,0.1,-0.019652,1,0,0
0.92,0.1,-0.031997,1,0,0
0.94,0.1,-0.041358,1,0,0
0.96,0.1,-0.029824,1,0,0
0.98,0.1,-0.037851,1,0,0
0.02,0.12,0.023925,1,0,0
0.04,0.12,0.020815,1,0,0
0.06,0.12,0.0014362,1,0,0
0.08,0.12,0.0064986,1,0,0
0.1,0.12,0.0068081,1,0,0
0.12,0.12,-0.0044991,1,0,0
0.14,0.12,0.0036301,1,0,0
0.16,0.12,0.021071,1,0,0
0.18,0.12,0.013685,1,0,0
0.2,0.12,-0.010822,1,0,0
0.22,0.12,0.019808,1,0,0
0.24,0.12,0.0043175,1,0,0
0.26,0.12,0.0168,1,0,0
0.28,0.12,0.030673,1,0,0
0.3,0.12,0.01816,1,0,0
0.32,0.12,0.019926,1,0,0
0.34,0.12,0.040136,1,0,0
0.36,0.12,0.017904,1,0,0
0.38,0.12,-0.02154,1,0,0
0.4,0.12,-0.037996,1,0,0
0.42,0.12,-0.032405,1,0,0
0.44,0.12,-0.026137,1,0,0
0.46,0.12,-0.023907,1,0,0
0.48,0.12,-0.065261,1,0,0
0.5,0.12,-0.065393,1,0,0
0.52,0.12,-0.076193,1,0,0
0.54,0.12,-0.058049,1,0,0
0.56,0.12,-0.031699,1,0,0
0.58,0.12,-0.030109,1,0,0
0.6,0.12,-0.040163,1,0,0
0.62,0.12,-0.025624,1,0,0
0.64,0.12,-0.033056,1,0,0
0.66,0.12,-0.056956,1,0,0
0.68,0.12,-0.07894,1,0,0
0.7,0.12,-0.073468,1,0,0
0.72,0.12,-0.097006,1,0,0
0.74,0.12,-0.083429,1,0,0
0.76,0.12,-0.068115,1,0,0
0.78,0.12,-0.058236,1,0,0
0.8,0.12,-0.075653,1,0,0
0.82,0.12,-0.073793,1,0,0
0.84,0.12,-0.059813,1,0,0
0.86,0.12,-0.040382,1,0,0
0.88,0.12,-0.036631,1,0,0
0.9,0.12,-0.026966,1,0,0
0.92,0.12,-0.03165,1,0,0
0.94,0.12,-0.019567,1,0,0
0.96,0.12,-0.017835,1,0,0
0.98,0.12,-0.024134,1,0,0
0.02,0.14,0.00014912,1,0,0
0.04,0.14,0.0049549,1,0,0
0.06,0.14,0.011115,1,0,0
0.08,0.14,0.0010796,1,0,0
0.1,0.14,0.010284,1,0,0
0.12,0.14,0.0088869,1,0,0
0.14,0.14,0.0041593,1,0,0
0.16,0.14,0.0061706,1,0,0
0.18,0.14,0.0044555,1,0,0
0.2,0.14,-0.0028956,1,0,0
0.22,0.14,0.0019566,1,0,0
0.24,0.14,-8.4717e-05,1,0,0
0.26,0.14,0.024547,1,0,0
0.28,0.14,0.031089,1,0,0
0.3,0.14,0.018209,1,0,0
0.32,0.14,0.041756,1,0,0
0.34,0.14,0.049563,1,0,0
0.36,0.14,0.0056469,1,0,0
0.38,0.14,-0.014846,1,0,0
0.4,0.14,-0.031841,1,0,0
0.42,0.14,-0.034813,1,0,0
0.44,0.14,-0.034953,1,0,0
0.46,0.14,-0.015242,1,0,0
0.48,0.14,-0.040843,1,0,0
0.5,0.14,-0.024881,1,0,0
0.52,0.14,-0.045874,1,0,0
0.54,0.14,-0.035724,1,0,0
0.56,0.14,-0.041725,1,0,0
0.58,0.14,-0.0341,1,0,0
0.6,0.14,-0.049048,1,0,0
0.62,0.14,-0.031189,1,0,0
0.64,0.14,-0.040774,1,0,0
0.66,0.14,-0.046567,1,0,0
0.68,0.14,-0.075365,1,0,0
0.7,0.14,-0.066814,1,0,0
0.72,0.14,-0.058886,1,0,0
0.74,0.14,-0.058512,1,0,0
0.76,0.14,-0.061003,1,0,0
0.78,0.14,-0.03799,1,0,0
0.8,0.14,-0.057828,1,0,0
0.82,0.14,-0.073747,1,0,0
0.84,0.14,-0.048314,1,0,0
0.86,0.14,-0.042732,1,0,0
0.88,0.14,-0.030019,1,0,0
0.9,0.14,-0.013007,1,0,0
0.92,0.14,-0.0023416,1,0,0
0.94,0.14,-0.020418,1,0,0
0.96,0.14,-0.037164,1,0,0
0.98,0.14,-0.023804,1,0,0
0.02,0.16,-0.00063195,1,0,0
0.04,0.16,0.0051576,1,0,0
0.06,0.16,0.019893,1,0,0
0.08,0.16,0.011267,1,0,0
0.1,0.16,-0.0023157,1,0,0
0.12,0.16,-0.01521,1,0,0
0.14,0.16,-0.0079926,1,0,0
0.16,0.16,-0.0014433,1,0,0
0.18,0.16,-0.0027554,1,0,0
0.2,0.16,0.0065372,1,0,0
0.22,0.16,0.0053564,1,0,0
0.24,0.16,0.015946,1,0,0
0.26,0.16,0.020597,1,0,0
0.28,0.16,0.024188,1,0,0
0.3,0.16,0.032509,1,0,0
0.32,0.16,0.026046,1,0,0
0.34,0.16,0.049124,1,0,0
0.36,0.16,0.012128,1,0,0
0.38,0.16,0.0053663,1,0,0
0.4,0.16,-0.010791,1,0,0
0.42,0.16,-0.0092163,1,0,0
0.44,0.16,-0.017173,1,0,0
0.46,0.16,-0.029417,1,0,0
0.48,0.16,-0.036451,1,0,0
0.5,0.16,-0.036057,1,0,0
0.52,0.16,-0.03372,1,0,0
0.54,0.16,-0.033894,1,0,0
0.56,0.16,-0.032625,1,0,0
0.58,0.16,-0.026506,1,0,0
0.6,0.16,-0.052743,1,0,0
0.62,0.16,-0.049876,1,0,0
0.64,0.16,-0.056148,1,0,0
0.66,0.16,-0.06729,1,0,0
0.68,0.16,-0.065784,1,0,0
0.7,0.16,-0.062693,1,0,0
0.72,0.16,-0.047647,1,0,0
0.74,0.16,-0.027289,1,0,0
0.76,0.16,-0.05064,1,0,0
0.78,0.16,-0.033841,1,0,0
0.8,0.16,-0.032144,1,0,0
0.82,0.16,-0.026042,1,0,0
0.84,0.16,-0.045229,1,0,0
0.86,0.16,-0.048645,1,0,0
0.88,0.16,-0.043518,1,0,0
0.9,0.16,-0.036064,1,0,0
0.92,0.16,-0.017689,1,0,0
0.94,0.16,-0.029057,1,0,0
0.96,0.16,-0.021028,1,0,0
0.98,0.16,-0.0070244,1,0,0
0.02,0.18,-0.005218,1,0,0
0.04,0.18,0.0013443,1,0,0
0.06,0.18,-0.0060972,1,0,0
0.08,0.18,0.010295,1,0,0
0.1,0.18,-0.004307,1,0,0
0.12,0.18,-0.026346,1,0,0
0.14,0.18,-0.022891,1,0,0
0.16,0.18,-0.021364,1,0,0
0.18,0.18,-0.005933,1,0,0
0.2,0.18,-0.022762,1,0,0
0.22,0.18,-0.003591,1,0,0
0.24,0.18,0.0062642,1,0,0
0.26,0.18,0.027077,1,0,0
0.28,0.18,0.025563,1,0,0
0.3,0.18,0.015348,1,0,0
0.32,0.18,0.025417,1,0,0
0.34,0.18,0.031163,1,0,0
0.36,0.18,0.044391,1,0,0
0.38,0.18,0.038679,1,0,0
0.4,0.18,0.016837,1,0,0
0.42,0.18,-0.014389,1,0,0
0.44,0.18,-0.019255,1,0,0
0.46,0.18,-0.043038,1,0,0
0.48,0.18,-0.052701,1,0,0
0.5,0.18,-0.036212,1,0,0
0.52,0.18,-0.023742,1,0,0
0.54,0.18,-0.01938,1,0,0
0.56,0.18,-0.023738,1,0,0
0.58,0.18,-0.041618,1,0,0
0.6,0.18,-0.043907,1,0,0
0.62,0.18,-0.045626,1,0,0
0.64,0.18,-0.062944,1,0,0
0.66,0.18,-0.075173,1,0,0
0.68,0.18,-0.060924,1,0,0
0.7,0.18,-0.053889,1,0,0
0.72,0.18,-0.040635,1,0,0
0.74,0.18,-0.024211,1,0,0
0.76,0.18,-0.023143,1,0,0
0.78,0.18,-0.038542,1,0,0
0.8,0.18,-0.018727,1,0,0
0.82,0.18,-0.0059689,1,0,0
0.84,0.18,-0.025817,1,0,0
0.86,0.18,-0.028785,1,0,0
0.88,0.18,-0.035271,1,0,0
0.9,0.18,-0.030678,1,0,0
0.92,0.18,-0.041719,1,0,0
0.94,0.18,-0.023507,1,0,0
0.96,0.18,-0.025609,1,0,0
0.98,0.18,0.0037769,1,0,0
0.02,0.2,-0.016509,1,0,0
0.04,0.2,-0.0072333,1,0,0
0.06,0.2,-0.00071513,1,0,0
0.08,0.2,0.019345,1,0,0
0.1,0.2,-0.0098925,1,0,0
0.12,0.2,-0.021108,1,0,0
0.14,0.2,-0.047881,1,0,0
0.16,0.2,-0.027405,1,0,0
0.18,0.2,-0.021471,1,0,0
0.2,0.2,-0.026948,1,0,0
0.22,0.2,-0.031596,1,0,0
0.24,0.2,-0.0016844,1,0,0
0.26,0.2,0.022714,1,0,0
0.28,0.2,0.017454,1,0,0
0.3,0.2,0.0063835,1,0,0
0.32,0.2,0.034914,1,0,0
0.34,0.2,0.026761,1,0,0
0.36,0.2,0.046006,1,0,0
0.38,0.2,0.046983,1,0,0
0.4,0.2,0.023877,1,0,0
0.42,0.2,0.0015157,1,0,0
0.44,0.2,-0.017605,1,0,0
0.46,0.2,-0.017115,1,0,0
0.48,0.2,-0.033783,1,0,0
0.5,0.2,-0.032582,1,0,0
0.52,0.2,-0.0097535,1,0,0
0.54,0.2,-0.010917,1,0,0
0.56,0.2,-0.026818,1,0,0
0.58,0.2,-0.046185,1,0,0
0.6,0.2,-0.047147,1,0,0
0.62,0.2,-0.046445,1,0,0
0.64,0.2,-0.047419,1,0,0
0.66,0.2,-0.05677,1,0,0
0.68,0.2,-0.031581,1,0,0
0.7,0.2,-0.023668,1,0,0
0.72,0.2,-0.032581,1,0,0
0.74,0.2,-0.017796,1,0,0
0.76,0.2,-0.031716,1,0,0
0.78,0.2,-0.038757,1,0,0
0.8,0.2,-0.010743,1,0,0
0.82,0.2,-0.0040152,1,0,0
0.84,0.2,0.0050239,1,0,0
0.86,0.2,0.0023434,1,0,0
0.88,0.2,-0.013117,1,0,0
0.9,0.2,-0.01999,1,0,0
0.92,0.2,-0.018878,1,0,0
0.94,0.2,-0.021016,1,0,0
0.96,0.2,-0.025743,1,0,0
0.98,0.2,-0.024038,1,0,0
0.02,0.22,-0.0032434,1,0,0
0.04,0.22,-0.010071,1,0,0
0.06,0.22,-0.017547,1,0,0
0.08,0.22,5.5739e-06,1,0,0
0.1,0.22,-0.021016,1,0,0
0.12,0.22,-0.035032,1,0,0
0.14,0.22,-0.032039,1,0,0
0.16,0.22,-0.021995,1,0,0
0.18,0.22,-0.022547,1,0,0
0.2,0.22,-0.016151,1,0,0
0.22,0.22,-0.023922,1,0,0
0.24,0.22,0.0055281,1,0,0
0.26,0.22,-0.0087752,1,0,0
0.28,0.22,-0.0052047,1,0,0
0.3,0.22,-0.0065433,1,0,0
0.32,0.22,-0.0019433,1,0,0
0.34,0.22,0.033731,1,0,0
0.36,0.22,0.038394,1,0,0
0.38,0.22,0.05303,1,0,0
0.4,0.22,0.051105,1,0,0
0.42,0.22,0.030744,1,0,0
0.44,0.22,-0.0076847,1,0,0
0.46,0.22,-0.029948,1,0,0
0.48,0.22,-0.016343,1,0,0
0.5,0.22,-0.0086052,1,0,0
0.52,0.22,-0.022106,1,0,0
0.54,0.22,-0.017093,1,0,0
0.56,0.22,-0.019533,1,0,0
0.58,0.22,-0.031136,1,0,0
0.6,0.22,-0.0388,1,0,0
0.62,0.22,-0.018897,1,0,0
0.64,0.22,-0.029055,1,0,0
0.66,0.22,-0.053013,1,0,0
0.68,0.22,-0.045288,1,0,0
0.7,0.22,-0.040808,1,0,0
0.72,0.22,-0.038277,1,0,0
0.74,0.22,-0.03183,1,0,0
0.76,0.22,-0.020555,1,0,0
0.78,0.22,-0.016165,1,0,0
0.8,0.22,-0.011671,1,0,0
0.82,0.22,0.0055338,1,0,0
0.84,0.22,-0.0045858,1,0,0
0.86,0.22,-0.0099842,1,0,0
0.88,0.22,-0.011539,1,0,0
0.9,0.22,-0.022988,1,0,0
0.92,0.22,0.00063538,1,0,0
0.94,0.22,-0.023476,1,0,0
0.96,0.22,-0.032234,1,0,0
0.98,0.22,-0.019025,1,0,0
0.02,0.24,-0.00638,1,0,0
0.04,0.24,-0.0066417,1,0,0
0.06,0.24,-0.013006,1,0,0
0.08,0.24,-0.023786,1,0,0
0.1,0.24,-0.02824,1,0,0
0.12,0.24,-0.033238,1,0,0
0.14,0.24,-0.019536,1,0,0
0.16,0.24,-0.018613,1,0,0
0.18,0.24,-0.013389,1,0,0
0.2,0.24,0.0056546,1,0,0
0.22,0.24,-0.0011378,1,0,0
0.24,0.24,-0.017208,1,0,0
0.26,0.24,-0.016163,1,0,0
0.28,0.24,-0.025088,1,0,0
0.3,0.24,-0.021446,1,0,0
0.32,0.24,0.0032453,1,0,0
0.34,0.24,0.02237,1,0,0
0.36,0.24,0.024263,1,0,0
0.38,0.24,0.055159,1,0,0
0.4,0.24,0.055877,1,0,0
0.42,0.24,0.061265,1,0,0
0.44,0.24,0.027373,1,0,0
0.46,0.24,0.013758,1,0,0
0.48,0.24,0.0037419,1,0,0
0.5,0.24,0.0078002,1,0,0
0.52,0.24,0.0029355,1,0,0
0.54,0.24,-0.0094121,1,0,0
0.56,0.24,-0.018357,1,0,0
0.58,0.24,0.019954,1,0,0
0.6,0.24,-0.010822,1,0,0
0.62,0.24,-0.003284,1,0,0
0.64,0.24,0.00097986,1,0,0
0.66,0.24,-0.016144,1,0,0
0.68,0.24,-0.029381,1,0,0
0.7,0.24,-0.022876,1,0,0
0.72,0.24,-0.027678,1,0,0
0.74,0.24,-0.031421,1,0,0
0.76,0.24,-0.025308,1,0,0
0.78,0.24,0.0091357,1,0,0
0.8,0.24,0.026778,1,0,0
0.82,0.24,0.0053083,1,0,0
0.84,0.24,0.01272,1,0,0
0.86,0.24,0.0042179,1,0,0
0.88,0.24,-0.015462,1,0,0
0.9,0.24,-0.0073876,1,0,0
0.92,0.24,0.015271,1,0,0
0.94,0.24,-0.00048619,1,0,0
0.96,0.24,-0.018102,1,0,0
0.98,0.24,-0.00029466,1,0,0
0.02,0.26,-0.0072553,1,0,0
0.04,0.26,-0.024472,1,0,0
0.06,0.26,-0.045022,1,0,0
0.08,0.26,-0.018567,1,0,0
0.1,0.26,-0.024621,1,0,0
0.12,0.26,0.00029917,1,0,0
0.14,0.26,0.008733,1,0,0
0.16,0.26,0.0041934,1,0,0
0.18,0.26,-0.015516,1,0,0
0.2,0.26,-0.020425,1,0,0
0.22,0.26,0.0055338,1,0,0
0.24,0.26,-0.011913,1,0,0
0.26,0.26,-0.017686,1,0,0
0.28,0.26,-0.02007,1,0,0
0.3,0.26,-0.033171,1,0,0
0.32,0.26,-0.025941,1,0,0
0.34,0.26,0.024729,1,0,0
0.36,0.26,0.03512,1,0,0
0.38,0.26,0.051379,1,0,0
0.4,0.26,0.0398,1,0,0
0.42,0.26,0.055712,1,0,0
0.44,0.26,0.042154,1,0,0
0.46,0.26,0.055354,1,0,0
0.48,0.26,0.025126,1,0,0
0.5,0.26,0.042466,1,0,0
0.52,0.26,0.025519,1,0,0
0.54,0.26,0.010992,1,0,0
0.56,0.26,0.0016571,1,0,0
0.58,0.26,-0.00057371,1,0,0
0.6,0.26,-0.015358,1,0,0
0.62,0.26,-0.007484,1,0,0
0.64,0.26,0.0041291,1,0,0
0.66,0.26,0.015397,1,0,0
0.68,0.26,-0.016223,1,0,0
0.7,0.26,-0.01271,1,0,0
0.72,0.26,-0.038121,1,0,0
0.74,0.26,-0.017042,1,0,0
0.76,0.26,0.0075724,1,0,0
0.78,0.26,0.017714,1,0,0
0.8,0.26,0.008842,1,0,0
0.82,0.26,-0.0075033,1,0,0
0.84,0.26,-0.011868,1,0,0
0.86,0.26,0.0082744,1,0,0
0.88,0.26,0.015252,1,0,0
0.9,0.26,-0.0060299,1,0,0
0.92,0.26,-0.0021446,1,0,0
0.94,0.26,0.00075275,1,0,0
0.96,0.26,0.010657,1,0,0
0.98,0.26,-0.0024796,1,0,0
0.02,0.28,-0.028048,1,0,0
0.04,0.28,-0.019346,1,0,0
0.06,0.28,-0.048448,1,0,0
0.08,0.28,-0.043563,1,0,0
0.1,0.28,-0.0063864,1,0,0
0.12,0.28,-0.02361,1,0,0
0.14,0.28,-0.021722,1,0,0
0.16,0.28,-0.026513,1,0,0
0.18,0.28,-0.026048,1,0,0
0.2,0.28,-0.032531,1,0,0
0.22,0.28,0.00013437,1,0,0
0.24,0.28,-0.023796,1,0,0
0.26,0.28,-0.02417,1,0,0
0.28,0.28,-0.043132,1,0,0
0.3,0.28,-0.047849,1,0,0
0.32,0.28,-0.020496,1,0,0
0.34,0.28,0.0064844,1,0,0
0.36,0.28,0.011484,1,0,0
0.38,0.28,0.043138,1,0,0
0.4,0.28,0.061942,1,0,0
0.42,0.28,0.057787,1,0,0
0.44,0.28,0.044732,1,0,0
0.46,0.28,0.040932,1,0,0
0.48,0.28,0.021316,1,0,0
0.5,0.28,0.007283,1,0,0
0.52,0.28,0.0071585,1,0,0
0.54,0.28,0.013604,1,0,0
0.56,0.28,-0.0053229,1,0,0
0.58,0.28,0.012206,1,0,0
0.6,0.28,-0.0043298,1,0,0
0.62,0.28,-0.00040454,1,0,0
0.64,0.28,-0.0025372,1,0,0
0.66,0.28,-0.0017713,1,0,0
0.68,0.28,0.0048827,1,0,0
0.7,0.28,-0.020826,1,0,0
0.72,0.28,-0.042297,1,0,0
0.74,0.28,-0.030701,1,0,0
0.76,0.28,-0.0055473,1,0,0
0.78,0.28,0.025725,1,0,0
0.8,0.28,0.003578,1,0,0
0.82,0.28,-0.0013998,1,0,0
0.84,0.28,-0.011071,1,0,0
0.86,0.28,-0.018836,1,0,0
0.88,0.28,-0.027442,1,0,0
0.9,0.28,-0.0087347,1,0,0
0.92,0.28,-0.024588,1,0,0
0.94,0.28,0.0015051,1,0,0
0.96,0.28,0.016882,1,0,0
0.98,0.28,0.013314,1,0,0
0.02,0.3,-0.014458,1,0,0
0.04,0.3,-0.029524,1,0,0
0.06,0.3,-0.061686,1,0,0
0.08,0.3,-0.049608,1,0,0
0.1,0.3,-0.0151,1,0,0
0.12,0.3,-0.024599,1,0,0
0.14,0.3,-0.02928,1,0,0
0.16,0.3,-0.040807,1,0,0
0.18,0.3,-0.058535,1,0,0
0.2,0.3,-0.064627,1,0,0
0.22,0.3,-0.030672,1,0,0
0.24,0.3,-0.0064259,1,0,0
0.26,0.3,-0.036687,1,0,0
0.28,0.3,-0.039498,1,0,0
0.3,0.3,-0.03596,1,0,0
0.32,0.3,-0.015899,1,0,0
0.34,0.3,0.012093,1,0,0
0.36,0.3,0.0067811,1,0,0
0.38,0.3,0.044466,1,0,0
0.4,0.3,0.074919,1,0,0
0.42,0.3,0.040573,1,0,0
0.44,0.3,0.022273,1,0,0
0.46,0.3,0.0068161,1,0,0
0.48,0.3,0.0056951,1,0,0
0.5,0.3,0.0016442,1,0,0
0.52,0.3,0.0073686,1,0,0
0.54,0.3,-0.0020076,1,0,0
0.56,0.3,-0.00074688,1,0,0
0.58,0.3,0.010626,1,0,0
0.6,0.3,0.0049056,1,0,0
0.62,0.3,0.0054863,1,0,0
0.64,0.3,0.0023986,1,0,0
0.66,0.3,0.0040991,1,0,0
0.68,0.3,0.0030621,1,0,0
0.7,0.3,-0.022065,1,0,0
0.72,0.3,-0.035956,1,0,0
0.74,0.3,-0.022251,1,0,0
0.76,0.3,0.00031053,1,0,0
0.78,0.3,0.019658,1,0,0
0.8,0.3,-0.0063546,1,0,0
0.82,0.3,-0.0024225,1,0,0
0.84,0.3,-0.023661,1,0,0
0.86,0.3,-0.024337,1,0,0
0.88,0.3,-0.024484,1,0,0
0.9,0.3,-0.0099779,1,0,0
0.92,0.3,-0.01063,1,0,0
0.94,0.3,0.0020659,1,0,0
0.96,0.3,0.020058,1,0,0
0.98,0.3,0.031968,1,0,0
0.02,0.32,-0.028724,1,0,0
0.04,0.32,-0.029348,1,0,0
0.06,0.32,-0.039483,1,0,0
0.08,0.32,-0.034055,1,0,0
0.1,0.32,-0.0173,1,0,0
0.12,0.32,-0.011829,1,0,0
0.14,0.32,-0.040289,1,0,0
0.16,0.32,-0.029154,1,0,0
0.18,0.32,-0.061509,1,0,0
0.2,0.32,-0.042431,1,0,0
0.22,0.32,-0.02877,1,0,0
0.24,0.32,-0.034476,1,0,0
0.26,0.32,-0.036034,1,0,0
0.28,0.32,-0.001604,1,0,0
0.3,0.32,-0.01742,1,0,0
0.32,0.32,0.015559,1,0,0
0.34,0.32,0.011674,1,0,0
0.36,0.32,0.012188,1,0,0
0.38,0.32,0.028074,1,0,0
0.4,0.32,0.049491,1,0,0
0.42,0.32,0.045983,1,0,0
0.44,0.32,0.020708,1,0,0
0.46,0.32,0.0023009,1,0,0
0.48,0.32,0.013379,1,0,0
0.5,0.32,0.013937,1,0,0
0.52,0.32,-0.0022587,1,0,0
0.54,0.32,-0.026811,1,0,0
0.56,0.32,-0.01111,1,0,0
0.58,0.32,-0.01814,1,0,0
0.6,0.32,-0.0063586,1,0,0
0.62,0.32,0.0011803,1,0,0
0.64,0.32,-0.007428,1,0,0
0.66,0.32,0.0026874,1,0,0
0.68,0.32,0.015351,1,0,0
0.7,0.32,0.015271,1,0,0
0.72,0.32,-0.015779,1,0,0
0.74,0.32,-0.0059292,1,0,0
0.76,0.32,-0.0061338,1,0,0
0.78,0.32,0.0097734,1,0,0
0.8,0.32,0.0061466,1,0,0
0.82,0.32,-0.0082632,1,0,0
0.84,0.32,-0.016024,1,0,0
0.86,0.32,-0.036186,1,0,0
0.88,0.32,-0.033764,1,0,0
0.9,0.32,-0.018693,1,0,0
0.92,0.32,-0.014243,1,0,0
0.94,0.32,0.016328,1,0,0
0.96,0.32,0.018066,1,0,0
0.98,0.32,0.005202,1,0,0
0.02,0.34,-0.056447,1,0,0
0.04,0.34,-0.047422,1,0,0
0.06,0.34,-0.037925,1,0,0
0.08,0.34,-0.060067,1,0,0
0.1,0.34,-0.063356,1,0,0
0.12,0.34,-0.022245,1,0,0
0.14,0.34,-0.019589,1,0,0
0.16,0.34,-0.030349,1,0,0
0.18,0.34,-0.025522,1,0,0
0.2,0.34,-0.033725,1,0,0
0.22,0.34,-0.035949,1,0,0
0.24,0.34,-0.035558,1,0,0
0.26,0.34,-0.030683,1,0,0
0.28,0.34,-0.020958,1,0,0
0.3,0.34,-0.047392,1,0,0
0.32,0.34,-0.026111,1,0,0
0.34,0.34,-0.0062955,1,0,0
0.36,0.34,0.02279,1,0,0
0.38,0.34,0.023345,1,0,0
0.4,0.34,0.031502,1,0,0
0.42,0.34,0.011383,1,0,0
0.44,0.34,0.013525,1,0,0
0.46,0.34,-0.0033223,1,0,0
0.48,0.34,-0.0076014,1,0,0
0.5,0.34,-0.00068457,1,0,0
0.52,0.34,-0.013151,1,0,0
0.54,0.34,-0.038135,1,0,0
0.56,0.34,-0.036578,1,0,0
0.58,0.34,-0.023408,1,0,0
0.6,0.34,-0.016455,1,0,0
0.62,0.34,-0.0070498,1,0,0
0.64,0.34,0.0014395,1,0,0
0.66,0.34,0.0020783,1,0,0
0.68,0.34,-0.010297,1,0,0
0.7,0.34,-0.02374,1,0,0
0.72,0.34,-0.0070068,1,0,0
0.74,0.34,0.017308,1,0,0
0.76,0.34,0.022045,1,0,0
0.78,0.34,0.039656,1,0,0
0.8,0.34,0.019492,1,0,0
0.82,0.34,-0.027771,1,0,0
0.84,0.34,-0.040268,1,0,0
0.86,0.34,-0.021556,1,0,0
0.88,0.34,-0.051289,1,0,0
0.9,0.34,-0.05205,1,0,0
0.92,0.34,-0.019595,1,0,0
0.94,0.34,0.016162,1,0,0
0.96,0.34,0.0095836,1,0,0
0.98,0.34,0.016924,1,0,0
0.02,0.36,-0.030629,1,0,0
0.04,0.36,-0.02477,1,0,0
0.06,0.36,-0.029707,1,0,0
0.08,0.36,-0.03926,1,0,0
0.1,0.36,-0.035543,1,0,0
0.12,0.36,-0.03789,1,0,0
0.14,0.36,-0.035129,1,0,0
0.16,0.36,-0.010278,1,0,0
0.18,0.36,-0.0037922,1,0,0
0.2,0.36,-0.0019661,1,0,0
0.22,0.36,-0.012875,1,0,0
0.24,0.36,-0.01956,1,0,0
0.26,0.36,-0.038937,1,0,0
0.28,0.36,-0.030419,1,0,0
0.3,0.36,-0.015139,1,0,0
0.32,0.36,-0.024137,1,0,0
0.34,0.36,-0.0096695,1,0,0
0.36,0.36,-0.005872,1,0,0
0.38,0.36,0.019882,1,0,0
0.4,0.36,0.017015,1,0,0
0.42,0.36,0.022659,1,0,0
0.44,0.36,0.011842,1,0,0
0.46,0.36,-0.026991,1,0,0
0.48,0.36,-0.017042,1,0,0
0.5,0.36,-0.0074317,1,0,0
0.52,0.36,-0.043464,1,0,0
0.54,0.36,-0.05214,1,0,0
0.56,0.36,-0.041895,1,0,0
0.58,0.36,-0.027114,1,0,0
0.6,0.36,-0.0097476,1,0,0
0.62,0.36,0.015927,1,0,0
0.64,0.36,-0.0017404,1,0,0
0.66,0.36,-0.0056237,1,0,0
0.68,0.36,0.011725,1,0,0
0.7,0.36,-0.0023427,1,0,0
0.72,0.36,0.00087675,1,0,0
0.74,0.36,0.011081,1,0,0
0.76,0.36,-0.0060793,1,0,0
0.78,0.36,0.020903,1,0,0
0.8,0.36,0.0056961,1,0,0
0.82,0.36,9.5967e-05,1,0,0
0.84,0.36,-0.031755,1,0,0
0.86,0.36,-0.039327,1,0,0
0.88,0.36,-0.04772,1,0,0
0.9,0.36,-0.039065,1,0,0
0.92,0.36,0.0010227,1,0,0
0.94,0.36,0.013573,1,0,0
0.96,0.36,0.013044,1,0,0
0.98,0.36,0.008613,1,0,0
0.02,0.38,-0.033523,1,0,0
0.04,0.38,-0.041795,1,0,0
0.06,0.38,-0.041555,1,0,0
0.08,0.38,-0.036746,1,0,0
0.1,0.38,-0.024257,1,0,0
0.12,0.38,-0.0088294,1,0,0
0.14,0.38,-0.012427,1,0,0
0.16,0.38,-0.013468,1,0,0
0.18,0.38,0.00054616,1,0,0
0.2,0.38,-0.024551,1,0,0
0.22,0.38,-0.027234,1,0,0
0.24,0.38,-0.016592,1,0,0
0.26,0.38,-0.025473,1,0,0
0.28,0.38,-0.057794,1,0,0
0.3,0.38,-0.040522,1,0,0
0.32,0.38,-0.026554,1,0,0
0.34,0.38,-0.029765,1,0,0
0.36,0.38,-0.027586,1,0,0
0.38,0.38,0.0022739,1,0,0
0.4,0.38,-0.0015144,1,0,0
0.42,0.38,-0.0061049,1,0,0
0.44,0.38,-0.043031,1,0,0
0.46,0.38,-0.040327,1,0,0
0.48,0.38,-0.043857,1,0,0
0.5,0.38,-0.027533,1,0,0
0.52,0.38,-0.045368,1,0,0
0.54,0.38,-0.045385,1,0,0
0.56,0.38,-0.053498,1,0,0
0.58,0.38,-0.037309,1,0,0
0.6,0.38,-0.032035,1,0,0
0.62,0.38,0.004456,1,0,0
0.64,0.38,-0.0081477,1,0,0
0.66,0.38,-0.0054196,1,0,0
0.68,0.38,0.006985,1,0,0
0.7,0.38,0.0013823,1,0,0
0.72,0.38,-0.018257,1,0,0
0.74,0.38,-0.0010083,1,0,0
0.76,0.38,-0.020457,1,0,0
0.78,0.38,-0.028396,1,0,0
0.8,0.38,-0.014388,1,0,0
0.82,0.38,-0.030261,1,0,0
0.84,0.38,-0.029048,1,0,0
0.86,0.38,-0.021333,1,0,0
0.88,0.38,-0.034651,1,0,0
0.9,0.38,-0.018384,1,0,0
0.92,0.38,0.0015196,1,0,0
0.94,0.38,-0.01382,1,0,0
0.96,0.38,-0.027486,1,0,0
0.98,0.38,0.01238,1,0,0
0.02,0.4,-0.027242,1,0,0
0.04,0.4,-0.022999,1,0,0
0.06,0.4,-0.029546,1,0,0
0.08,0.4,-0.0020102,1,0,0
0.1,0.4,-0.0088035,1,0,0
0.12,0.4,-0.011752,1,0,0
0.14,0.4,-0.0083919,1,0,0
0.16,0.4,0.001862,1,0,0
0.18,0.4,0.020502,1,0,0
0.2,0.4,-0.0093,1,0,0
0.22,0.4,0.0046692,1,0,0
0.24,0.4,-0.014058,1,0,0
0.26,0.4,-0.02604,1,0,0
0.28,0.4,-0.064293,1,0,0
0.3,0.4,-0.0587,1,0,0
0.32,0.4,-0.051231,1,0,0
0.34,0.4,-0.035097,1,0,0
0.36,0.4,-0.019138,1,0,0
0.38,0.4,0.002765,1,0,0
0.4,0.4,-0.010664,1,0,0
0.42,0.4,-0.004846,1,0,0
0.44,0.4,-0.020396,1,0,0
0.46,0.4,-0.038018,1,0,0
0.48,0.4,-0.068232,1,0,0
0.5,0.4,-0.052143,1,0,0
0.52,0.4,-0.064731,1,0,0
0.54,0.4,-0.030924,1,0,0
0.56,0.4,-0.01927,1,0,0
0.58,0.4,-0.023796,1,0,0
0.6,0.4,-0.01459,1,0,0
0.62,0.4,0.0036521,1,0,0
0.64,0.4,-0.0068838,1,0,0
0.66,0.4,0.0099403,1,0,0
0.68,0.4,0.015459,1,0,0
0.7,0.4,0.0067838,1,0,0
0.72,0.4,-0.016724,1,0,0
0.74,0.4,-0.010324,1,0,0
0.76,0.4,-0.019998,1,0,0
0.78,0.4,-0.027707,1,0,0
0.8,0.4,-0.0084796,1,0,0
0.82,0.4,-0.0032078,1,0,0
0.84,0.4,-0.012427,1,0,0
0.86,0.4,-0.0061766,1,0,0
0.88,0.4,-0.01592,1,0,0
0.9,0.4,-0.022072,1,0,0
0.92,0.4,-0.019467,1,0,0
0.94,0.4,-0.011538,1,0,0
0.96,0.4,-0.013566,1,0,0
0.98,0.4,0.019461,1,0,0
0.02,0.42,-0.012223,1,0,0
0.04,0.42,-0.0072664,1,0,0
0.06,0.42,-0.0038937,1,0,0
0.08,0.42,0.0062372,1,0,0
0.1,0.42,0.0029352,1,0,0
0.12,0.42,0.014772,1,0,0
0.14,0.42,0.0083934,1,0,0
0.16,0.42,0.024286,1,0,0
0.18,0.42,0.0067906,1,0,0
0.2,0.42,0.017912,1,0,0
0.22,0.42,0.0024514,1,0,0
0.24,0.42,0.0096304,1,0,0
0.26,0.42,-0.0126,1,0,0
0.28,0.42,-0.047018,1,0,0
0.3,0.42,-0.065253,1,0,0
0.32,0.42,-0.076621,1,0,0
0.34,0.42,-0.028455,1,0,0
0.36,0.42,-0.0012078,1,0,0
0.38,0.42,-0.0011812,1,0,0
0.4,0.42,-0.026702,1,0,0
0.42,0.42,-0.00667,1,0,0
0.44,0.42,-0.020042,1,0,0
0.46,0.42,-0.035723,1,0,0
0.48,0.42,-0.052523,1,0,0
0.5,0.42,-0.054429,1,0,0
0.52,0.42,-0.043223,1,0,0
0.54,0.42,-0.01522,1,0,0
0.56,0.42,-0.017924,1,0,0
0.58,0.42,-0.010505,1,0,0
0.6,0.42,-0.030024,1,0,0
0.62,0.42,-0.005381,1,0,0
0.64,0.42,0.013733,1,0,0
0.66,0.42,-0.0011913,1,0,0
0.68,0.42,0.0084355,1,0,0
0.7,0.42,-0.0026372,1,0,0
0.72,0.42,-0.017545,1,0,0
0.74,0.42,0.0067854,1,0,0
0.76,0.42,-0.0076808,1,0,0
0.78,0.42,-0.0017762,1,0,0
0.8,0.42,-0.012513,1,0,0
0.82,0.42,-0.017311,1,0,0
0.84,0.42,-0.01316,1,0,0
0.86,0.42,0.0030784,1,0,0
0.88,0.42,0.0045782,1,0,0
0.9,0.42,-0.023454,1,0,0
0.92,0.42,-0.0091011,1,0,0
0.94,0.42,-0.033147,1,0,0
0.96,0.42,-0.0026648,1,0,0
0.98,0.42,0.010856,1,0,0
0.02,0.44,-0.016399,1,0,0
0.04,0.44,-0.0077436,1,0,0
0.06,0.44,0.0033387,1,0,0
0.08,0.44,0.012838,1,0,0
0.1,0.44,0.0022281,1,0,0
0.12,0.44,0.011228,1,0,0
0.14,0.44,0.016826,1,0,0
0.16,0.44,0.011871,1,0,0
0.18,0.44,0.010243,1,0,0
0.2,0.44,0.021308,1,0,0
0.22,0.44,-0.011934,1,0,0
0.24,0.44,-0.0201,1,0,0
0.26,0.44,-0.043447,1,0,0
0.28,0.44,-0.046129,1,0,0
0.3,0.44,-0.06751,1,0,0
0.32,0.44,-0.044576,1,0,0
0.34,0.44,-0.028462,1,0,0
0.36,0.44,-0.035167,1,0,0
0.38,0.44,-0.043364,1,0,0
0.4,0.44,-0.024494,1,0,0
0.42,0.44,-0.024008,1,0,0
0.44,0.44,-0.013666,1,0,0
0.46,0.44,-0.017434,1,0,0
0.48,0.44,-0.037151,1,0,0
0.5,0.44,-0.024995,1,0,0
0.52,0.44,-0.027006,1,0,0
0.54,0.44,-0.020212,1,0,0
0.56,0.44,-0.021397,1,0,0
0.58,0.44,-0.013494,1,0,0
0.6,0.44,-0.030791,1,0,0
0.62,0.44,-0.028021,1,0,0
0.64,0.44,-0.010892,1,0,0
0.66,0.44,-0.00087284,1,0,0
0.68,0.44,-0.004286,1,0,0
0.7,0.44,0.012301,1,0,0
0.72,0.44,0.027183,1,0,0
0.74,0.44,0.0019111,1,0,0
0.76,0.44,-0.0025692,1,0,0
0.78,0.44,0.003963,1,0,0
0.8,0.44,0.013587,1,0,0
0.82,0.44,-6.5315e-05,1,0,0
0.84,0.44,-0.0042369,1,0,0
0.86,0.44,-0.0076391,1,0,0
0.88,0.44,-0.0069155,1,0,0
0.9,0.44,-0.023494,1,0,0
0.92,0.44,-0.010976,1,0,0
0.94,0.44,-0.028674,1,0,0
0.96,0.44,-0.041478,1,0,0
0.98,0.44,0.0021837,1,0,0
0.02,0.46,-0.0098407,1,0,0
0.04,0.46,-0.0044118,1,0,0
0.06,0.46,-0.018866,1,0,0
0.08,0.46,0.0035188,1,0,0
0.1,0.46,0.0035654,1,0,0
0.12,0.46,-0.0046898,1,0,0
0.14,0.46,-0.0037677,1,0,0
0.16,0.46,0.020928,1,0,0
0.18,0.46,-0.0032899,1,0,0
0.2,0.46,-0.019998,1,0,0
0.22,0.46,-0.026784,1,0,0
0.24,0.46,-0.05526,1,0,0
0.26,0.46,-0.055075,1,0,0
0.28,0.46,-0.069969,1,0,0
0.3,0.46,-0.087041,1,0,0
0.32,0.46,-0.058965,1,0,0
0.34,0.46,-0.048608,1,0,0
0.36,0.46,-0.048167,1,0,0
0.38,0.46,-0.054087,1,0,0
0.4,0.46,-0.035069,1,0,0
0.42,0.46,-0.034793,1,0,0
0.44,0.46,-0.049491,1,0,0
0.46,0.46,-0.029754,1,0,0
0.48,0.46,-0.023343,1,0,0
0.5,0.46,-0.037632,1,0,0
0.52,0.46,-0.02137,1,0,0
0.54,0.46,-0.038667,1,0,0
0.56,0.46,-0.031032,1,0,0
0.58,0.46,-0.041696,1,0,0
0.6,0.46,-0.039085,1,0,0
0.62,0.46,-0.034174,1,0,0
0.64,0.46,-0.021986,1,0,0
0.66,0.46,-0.051342,1,0,0
0.68,0.46,-0.042482,1,0,0
0.7,0.46,-0.011105,1,0,0
0.72,0.46,-0.016777,1,0,0
0.74,0.46,0.0107,1,0,0
0.76,0.46,0.016683,1,0,0
0.78,0.46,0.0055122,1,0,0
0.8,0.46,0.0027281,1,0,0
0.82,0.46,-0.0064777,1,0,0
0.84,0.46,-0.019964,1,0,0
0.86,0.46,-0.036821,1,0,0
0.88,0.46,-0.042902,1,0,0
0.9,0.46,-0.021435,1,0,0
0.92,0.46,-0.050832,1,0,0
0.94,0.46,-0.049132,1,0,0
0.96,0.46,-0.058485,1,0,0
0.98,0.46,-0.03193,1,0,0
0.02,0.48,-0.0037211,1,0,0
0.04,0.48,0.025781,1,0,0
0.06,0.48,0.027018,1,0,0
0.08,0.48,0.035677,1,0,0
0.1,0.48,0.020825,1,0,0
0.12,0.48,-0.014418,1,0,0
0.14,0.48,-0.01573,1,0,0
0.16,0.48,0.0095843,1,0,0
0.18,0.48,-0.0069568,1,0,0
0.2,0.48,-0.042171,1,0,0
0.22,0.48,-0.060543,1,0,0
0.24,0.48,-0.064089,1,0,0
0.26,0.48,-0.056214,1,0,0
0.28,0.48,-0.059072,1,0,0
0.3,0.48,-0.075455,1,0,0
0.32,0.48,-0.05835,1,0,0
0.34,0.48,-0.031677,1,0,0
0.36,0.48,-0.054281,1,0,0
0.38,0.48,-0.047506,1,0,0
0.4,0.48,-0.039721,1,0,0
0.42,0.48,-0.062849,1,0,0
0.44,0.48,-0.031971,1,0,0
0.46,0.48,-0.0090562,1,0,0
0.48,0.48,-0.034704,1,0,0
0.5,0.48,-0.040117,1,0,0
0.52,0.48,-0.022141,1,0,0
0.54,0.48,-0.011201,1,0,0
0.56,0.48,-0.020152,1,0,0
0.58,0.48,-0.017651,1,0,0
0.6,0.48,-0.020869,1,0,0
0.62,0.48,-0.03266,1,0,0
0.64,0.48,-0.028532,1,0,0
0.66,0.48,-0.036241,1,0,0
0.68,0.48,-0.047403,1,0,0
0.7,0.48,-0.025983,1,0,0
0.72,0.48,-0.0059458,1,0,0
0.74,0.48,-0.00020874,1,0,0
0.76,0.48,0.011303,1,0,0
0.78,0.48,0.017442,1,0,0
0.8,0.48,-0.012215,1,0,0
0.82,0.48,7.4399e-05,1,0,0
0.84,0.48,-0.010379,1,0,0
0.86,0.48,-0.024798,1,0,0
0.88,0.48,-0.039132,1,0,0
0.9,0.48,-0.038799,1,0,0
0.92,0.48,-0.032449,1,0,0
0.94,0.48,-0.034174,1,0,0
0.96,0.48,-0.023533,1,0,0
0.98,0.48,-0.027878,1,0,0
0.02,0.5,-0.0092795,1,0,0
0.04,0.5,0.010443,1,0,0
0.06,0.5,0.018787,1,0,0
0.08,0.5,0.033455,1,0,0
0.1,0.5,0.056417,1,0,0
0.12,0.5,0.0034361,1,0,0
0.14,0.5,0.010873,1,0,0
0.16,0.5,0.0076027,1,0,0
0.18,0.5,-0.027907,1,0,0
0.2,0.5,-0.063366,1,0,0
0.22,0.5,-0.060932,1,0,0
0.24,0.5,-0.087606,1,0,0
0.26,0.5,-0.068862,1,0,0
0.28,0.5,-0.055679,1,0,0
0.3,0.5,-0.066967,1,0,0
0.32,0.5,-0.076645,1,0,0
0.34,0.5,-0.060182,1,0,0
0.36,0.5,-0.05993,1,0,0
0.38,0.5,-0.055569,1,0,0
0.4,0.5,-0.048796,1,0,0
0.42,0.5,-0.054759,1,0,0
0.44,0.5,-0.044072,1,0,0
0.46,0.5,-0.024967,1,0,0
0.48,0.5,-0.023016,1,0,0
0.5,0.5,-0.0031847,1,0,0
0.52,0.5,0.0049855,1,0,0
0.54,0.5,0.0030349,1,0,0
0.56,0.5,-0.029335,1,0,0
0.58,0.5,-0.00427,1,0,0
0.6,0.5,-0.022048,1,0,0
0.62,0.5,-0.014414,1,0,0
0.64,0.5,-0.033289,1,0,0
0.66,0.5,-0.053036,1,0,0
0.68,0.5,-0.040077,1,0,0
0.7,0.5,-0.023193,1,0,0
0.72,0.5,-0.0075801,1,0,0
0.74,0.5,0.0046871,1,0,0
0.76,0.5,0.0014911,1,0,0
0.78,0.5,0.0015047,1,0,0
0.8,0.5,-0.010599,1,0,0
0.82,0.5,0.0015259,1,0,0
0.84,0.5,-0.0036687,1,0,0
0.86,0.5,-0.022881,1,0,0
0.88,0.5,-0.025263,1,0,0
0.9,0.5,-0.017253,1,0,0
0.92,0.5,-0.04649,1,0,0
0.94,0.5,-0.037845,1,0,0
0.96,0.5,-0.023481,1,0,0
0.98,0.5,-0.038093,1,0,0
0.02,0.52,-0.0011822,1,0,0
0.04,0.52,0.0089235,1,0,0
0.06,0.52,0.028518,1,0,0
0.08,0.52,0.047774,1,0,0
0.1,0.52,0.042757,1,0,0
0.12,0.52,0.034548,1,0,0
0.14,0.52,0.031134,1,0,0
0.16,0.52,0.02387,1,0,0
0.18,0.52,-0.0092496,1,0,0
0.2,0.52,-0.03602,1,0,0
0.22,0.52,-0.040983,1,0,0
0.24,0.52,-0.082035,1,0,0
0.26,0.52,-0.078795,1,0,0
0.28,0.52,-0.073446,1,0,0
0.3,0.52,-0.075868,1,0,0
0.32,0.52,-0.083795,1,0,0
0.34,0.52,-0.070745,1,0,0
0.36,0.52,-0.098805,1,0,0
0.38,0.52,-0.06846,1,0,0
0.4,0.52,-0.046873,1,0,0
0.42,0.52,-0.024489,1,0,0
0.44,0.52,-0.026087,1,0,0
0.46,0.52,-0.0066872,1,0,0
0.48,0.52,-0.016744,1,0,0
0.5,0.52,0.013376,1,0,0
0.52,0.52,0.0071082,1,0,0
0.54,0.52,-0.017616,1,0,0
0.56,0.52,0.00058947,1,0,0
0.58,0.52,-0.0032813,1,0,0
0.6,0.52,-0.013605,1,0,0
0.62,0.52,-0.029841,1,0,0
0.64,0.52,-0.049206,1,0,0
0.66,0.52,-0.043111,1,0,0
0.68,0.52,-0.051204,1,0,0
0.7,0.52,-0.0085285,1,0,0
0.72,0.52,-0.0087264,1,0,0
0.74,0.52,0.0033708,1,0,0
0.76,0.52,-0.011807,1,0,0
0.78,0.52,0.00061094,1,0,0
0.8,0.52,0.00077149,1,0,0
0.82,0.52,0.0069932,1,0,0
0.84,0.52,-0.0076502,1,0,0
0.86,0.52,-0.026017,1,0,0
0.88,0.52,-0.041008,1,0,0
0.9,0.52,-0.034937,1,0,0
0.92,0.52,-0.040802,1,0,0
0.94,0.52,-0.033993,1,0,0
0.96,0.52,-0.024753,1,0,0
0.98,0.52,-0.023786,1,0,0
0.02,0.54,0.0015445,1,0,0
0.04,0.54,0.010998,1,0,0
0.06,0.54,0.036374,1,0,0
0.08,0.54,0.023403,1,0,0
0.1,0.54,0.036764,1,0,0
0.12,0.54,0.036569,1,0,0
0.14,0.54,0.025608,1,0,0
0.16,0.54,0.014693,1,0,0
0.18,0.54,-0.019535,1,0,0
0.2,0.54,-0.033214,1,0,0
0.22,0.54,-0.04993,1,0,0
0.24,0.54,-0.069131,1,0,0
0.26,0.54,-0.076173,1,0,0
0.28,0.54,-0.080946,1,0,0
0.3,0.54,-0.10845,1,0,0
0.32,0.54,-0.094141,1,0,0
0.34,0.54,-0.097932,1,0,0
0.36,0.54,-0.10614,1,0,0
0.38,0.54,-0.082709,1,0,0
0.4,0.54,-0.060933,1,0,0
0.42,0.54,-0.036756,1,0,0
0.44,0.54,-0.026804,1,0,0
0.46,0.54,-0.011151,1,0,0
0.48,0.54,-0.0085019,1,0,0
0.5,0.54,0.017115,1,0,0
0.52,0.54,-0.012338,1,0,0
0.54,0.54,-0.021043,1,0,0
0.56,0.54,-0.013335,1,0,0
0.58,0.54,-0.00014615,1,0,0
0.6,0.54,-0.021532,1,0,0
0.62,0.54,-0.014661,1,0,0
0.64,0.54,-0.029552,1,0,0
0.66,0.54,-0.037011,1,0,0
0.68,0.54,-0.052421,1,0,0
0.7,0.54,-0.033465,1,0,0
0.72,0.54,-0.022039,1,0,0
0.74,0.54,-0.0086111,1,0,0
0.76,0.54,-0.0022842,1,0,0
0.78,0.54,0.012406,1,0,0
0.8,0.54,-0.0002043,1,0,0
0.82,0.54,-0.031958,1,0,0
0.84,0.54,-0.013858,1,0,0
0.86,0.54,-0.013327,1,0,0
0.88,0.54,-0.030495,1,0,0
0.9,0.54,-0.030635,1,0,0
0.92,0.54,-0.017879,1,0,0
0.94,0.54,-0.027766,1,0,0
0.96,0.54,-0.034161,1,0,0
0.98,0.54,-0.023759,1,0,0
0.02,0.56,0.020271,1,0,0
0.04,0.56,0.043485,1,0,0
0.06,0.56,0.039803,1,0,0
0.08,0.56,0.02436,1,0,0
0.1,0.56,0.0399,1,0,0
0.12,0.56,0.038506,1,0,0
0.14,0.56,0.032849,1,0,0
0.16,0.56,0.020675,1,0,0
0.18,0.56,-0.0021181,1,0,0
0.2,0.56,-0.035999,1,0,0
0.22,0.56,-0.059839,1,0,0
0.24,0.56,-0.065438,1,0,0
0.26,0.56,-0.079367,1,0,0
0.28,0.56,-0.084133,1,0,0
0.3,0.56,-0.085411,1,0,0
0.32,0.56,-0.073994,1,0,0
0.34,0.56,-0.064609,1,0,0
0.36,0.56,-0.0736,1,0,0
0.38,0.56,-0.08888,1,0,0
0.4,0.56,-0.073693,1,0,0
0.42,0.56,-0.052762,1,0,0
0.44,0.56,-0.0128,1,0,0
0.46,0.56,-0.011489,1,0,0
0.48,0.56,-0.0040493,1,0,0
0.5,0.56,-0.018514,1,0,0
0.52,0.56,-0.038573,1,0,0
0.54,0.56,-0.020866,1,0,0
0.56,0.56,-0.0063244,1,0,0
0.58,0.56,-0.013056,1,0,0
0.6,0.56,-0.02202,1,0,0
0.62,0.56,-0.0087847,1,0,0
0.64,0.56,-0.019345,1,0,0
0.66,0.56,-0.030699,1,0,0
0.68,0.56,-0.010265,1,0,0
0.7,0.56,-0.033525,1,0,0
0.72,0.56,-0.03965,1,0,0
0.74,0.56,-0.016469,1,0,0
0.76,0.56,0.0035658,1,0,0
0.78,0.56,0.008434,1,0,0
0.8,0.56,-0.018749,1,0,0
0.82,0.56,-0.028317,1,0,0
0.84,0.56,-0.025066,1,0,0
0.86,0.56,0.0059648,1,0,0
0.88,0.56,-0.011056,1,0,0
0.9,0.56,-0.021747,1,0,0
0.92,0.56,-0.016109,1,0,0
0.94,0.56,-0.014023,1,0,0
0.96,0.56,-0.012615,1,0,0
0.98,0.56,-0.022241,1,0,0
0.02,0.58,0.044846,1,0,0
0.04,0.58,0.047039,1,0,0
0.06,0.58,0.02456,1,0,0
0.08,0.58,0.02774,1,0,0
0.1,0.58,0.031714,1,0,0
0.12,0.58,0.0564,1,0,0
0.14,0.58,0.027933,1,0,0
0.16,0.58,0.0042358,1,0,0
0.18,0.58,-0.013411,1,0,0
0.2,0.58,-0.024957,1,0,0
0.22,0.58,-0.042296,1,0,0
0.24,0.58,-0.055817,1,0,0
0.26,0.58,-0.071495,1,0,0
0.28,0.58,-0.088189,1,0,0
0.3,0.58,-0.070498,1,0,0
0.32,0.58,-0.053827,1,0,0
0.34,0.58,-0.071582,1,0,0
0.36,0.58,-0.083401,1,0,0
0.38,0.58,-0.065446,1,0,0
0.4,0.58,-0.052256,1,0,0
0.42,0.58,-0.046336,1,0,0
0.44,0.58,-0.024809,1,0,0
0.46,0.58,-0.023041,1,0,0
0.48,0.58,-0.023155,1,0,0
0.5,0.58,-0.020645,1,0,0
0.52,0.58,-0.019736,1,0,0
0.54,0.58,-0.051595,1,0,0
0.56,0.58,-0.03214,1,0,0
0.58,0.58,-0.035022,1,0,0
0.6,0.58,0.0018755,1,0,0
0.62,0.58,-0.013438,1,0,0
0.64,0.58,-0.028256,1,0,0
0.66,0.58,-0.015178,1,0,0
0.68,0.58,-0.0069089,1,0,0
0.7,0.58,-0.026263,1,0,0
0.72,0.58,-0.031305,1,0,0
0.74,0.58,-0.0060904,1,0,0
0.76,0.58,-0.0099201,1,0,0
0.78,0.58,-0.0012161,1,0,0
0.8,0.58,-0.00066468,1,0,0
0.82,0.58,-0.017139,1,0,0
0.84,0.58,-0.031297,1,0,0
0.86,0.58,0.0061533,1,0,0
0.88,0.58,0.0078522,1,0,0
0.9,0.58,0.0079932,1,0,0
0.92,0.58,-0.013099,1,0,0
0.94,0.58,-0.020651,1,0,0
0.96,0.58,-0.03068,1,0,0
0.98,0.58,-0.025644,1,0,0
0.02,0.6,0.061059,1,0,0
0.04,0.6,0.066732,1,0,0
0.06,0.6,0.057601,1,0,0
0.08,0.6,0.048766,1,0,0
0.1,0.6,0.044054,1,0,0
0.12,0.6,0.037456,1,0,0
0.14,0.6,0.023162,1,0,0
0.16,0.6,0.005858,1,0,0
0.18,0.6,-0.01146,1,0,0
0.2,0.6,-0.019488,1,0,0
0.22,0.6,-0.01556,1,0,0
0.24,0.6,-0.023129,1,0,0
0.26,0.6,-0.055932,1,0,0
0.28,0.6,-0.061519,1,0,0
0.3,0.6,-0.050097,1,0,0
0.32,0.6,-0.029402,1,0,0
0.34,0.6,-0.055957,1,0,0
0.36,0.6,-0.044866,1,0,0
0.38,0.6,-0.049645,1,0,0
0.4,0.6,-0.029977,1,0,0
0.42,0.6,-0.0095403,1,0,0
0.44,0.6,-0.025882,1,0,0
0.46,0.6,-0.026034,1,0,0
0.48,0.6,-0.026267,1,0,0
0.5,0.6,-0.013673,1,0,0
0.52,0.6,-0.032346,1,0,0
0.54,0.6,-0.031039,1,0,0
0.56,0.6,-0.017938,1,0,0
0.58,0.6,-0.0070061,1,0,0
0.6,0.6,-0.017588,1,0,0
0.62,0.6,-0.0096411,1,0,0
0.64,0.6,-0.023698,1,0,0
0.66,0.6,-0.0035074,1,0,0
0.68,0.6,0.025083,1,0,0
0.7,0.6,0.017048,1,0,0
0.72,0.6,-0.003576,1,0,0
0.74,0.6,0.019747,1,0,0
0.76,0.6,0.028787,1,0,0
0.78,0.6,-0.0092498,1,0,0
0.8,0.6,0.019405,1,0,0
0.82,0.6,-0.0027802,1,0,0
0.84,0.6,-0.0056366,1,0,0
0.86,0.6,0.0035966,1,0,0
0.88,0.6,0.0087659,1,0,0
0.9,0.6,0.016085,1,0,0
0.92,0.6,-0.00089348,1,0,0
0.94,0.6,0.004728,1,0,0
0.96,0.6,-0.00078378,1,0,0
0.98,0.6,0.0064214,1,0,0
0.02,0.62,0.024252,1,0,0
0.04,0.62,0.04543,1,0,0
0.06,0.62,0.045081,1,0,0
0.08,0.62,0.042609,1,0,0
0.1,0.62,0.039153,1,0,0
0.12,0.62,0.033611,1,0,0
0.14,0.62,0.017457,1,0,0
0.16,0.62,0.00094479,1,0,0
0.18,0.62,-0.015787,1,0,0
0.2,0.62,-0.020722,1,0,0
0.22,0.62,-0.028442,1,0,0
0.24,0.62,-0.018803,1,0,0
0.26,0.62,-0.032145,1,0,0
0.28,0.62,-0.05899,1,0,0
0.3,0.62,-0.058362,1,0,0
0.32,0.62,-0.070673,1,0,0
0.34,0.62,-0.048855,1,0,0
0.36,0.62,-0.058195,1,0,0
0.38,0.62,-0.029815,1,0,0
0.4,0.62,-0.0331,1,0,0
0.42,0.62,-0.032257,1,0,0
0.44,0.62,-0.042906,1,0,0
0.46,0.62,-0.042511,1,0,0
0.48,0.62,-0.035679,1,0,0
0.5,0.62,-0.012769,1,0,0
0.52,0.62,-0.032274,1,0,0
0.54,0.62,-0.029174,1,0,0
0.56,0.62,-0.038573,1,0,0
0.58,0.62,-0.039532,1,0,0
0.6,0.62,-0.047932,1,0,0
0.62,0.62,-0.041314,1,0,0
0.64,0.62,-0.031352,1,0,0
0.66,0.62,-0.0045837,1,0,0
0.68,0.62,0.0039935,1,0,0
0.7,0.62,0.0075944,1,0,0
0.72,0.62,0.0081324,1,0,0
0.74,0.62,0.0045566,1,0,0
0.76,0.62,8.3249e-05,1,0,0
0.78,0.62,-0.0026572,1,0,0
0.8,0.62,-0.02364,1,0,0
0.82,0.62,-0.022705,1,0,0
0.84,0.62,-0.019232,1,0,0
0.86,0.62,0.013218,1,0,0
0.88,0.62,-0.0024765,1,0,0
0.9,0.62,-0.026365,1,0,0
0.92,0.62,-0.0041382,1,0,0
0.94,0.62,-0.022552,1,0,0
0.96,0.62,-0.018963,1,0,0
0.98,0.62,-0.019025,1,0,0
0.02,0.64,0.012446,1,0,0
0.04,0.64,0.038494,1,0,0
0.06,0.64,0.043861,1,0,0
0.08,0.64,0.043288,1,0,0
0.1,0.64,0.036211,1,0,0
0.12,0.64,0.030622,1,0,0
0.14,0.64,0.0075264,1,0,0
0.16,0.64,0.0018218,1,0,0
0.18,0.64,-0.01408,1,0,0
0.2,0.64,-0.015164,1,0,0
0.22,0.64,-0.03583,1,0,0
0.24,0.64,-0.044163,1,0,0
0.26,0.64,-0.037029,1,0,0
0.28,0.64,-0.057554,1,0,0
0.3,0.64,-0.059721,1,0,0
0.32,0.64,-0.075192,1,0,0
0.34,0.64,-0.050122,1,0,0
0.36,0.64,-0.049081,1,0,0
0.38,0.64,-0.039481,1,0,0
0.4,0.64,-0.04141,1,0,0
0.42,0.64,-0.021698,1,0,0
0.44,0.64,-0.058945,1,0,0
0.46,0.64,-0.033897,1,0,0
0.48,0.64,-0.03253,1,0,0
0.5,0.64,-0.013875,1,0,0
0.52,0.64,-0.017114,1,0,0
0.54,0.64,-0.01745,1,0,0
0.56,0.64,-0.038447,1,0,0
0.58,0.64,-0.034033,1,0,0
0.6,0.64,-0.061283,1,0,0
0.62,0.64,-0.043463,1,0,0
0.64,0.64,-0.03144,1,0,0
0.66,0.64,-0.021583,1,0,0
0.68,0.64,0.0036382,1,0,0
0.7,0.64,0.040258,1,0,0
0.72,0.64,0.016386,1,0,0
0.74,0.64,0.0096128,1,0,0
0.76,0.64,-0.0082927,1,0,0
0.78,0.64,-0.0064826,1,0,0
0.8,0.64,-0.021711,1,0,0
0.82,0.64,-0.040381,1,0,0
0.84,0.64,-0.02006,1,0,0
0.86,0.64,-0.00040572,1,0,0
0.88,0.64,-0.028798,1,0,0
0.9,0.64,-0.041071,1,0,0
0.92,0.64,-0.00090704,1,0,0
0.94,0.64,-0.0081091,1,0,0
0.96,0.64,-0.0050278,1,0,0
0.98,0.64,-0.025688,1,0,0
0.02,0.66,0.049614,1,0,0
0.04,0.66,0.054735,1,0,0
0.06,0.66,0.040742,1,0,0
0.08,0.66,0.055512,1,0,0
0.1,0.66,0.046164,1,0,0
0.12,0.66,0.01629,1,0,0
0.14,0.66,0.0058798,1,0,0
0.16,0.66,-0.0019214,1,0,0
0.18,0.66,-0.012988,1,0,0
0.2,0.66,-0.020243,1,0,0
0.22,0.66,-0.010839,1,0,0
0.24,0.66,-0.032358,1,0,0
0.26,0.66,-0.045741,1,0,0
0.28,0.66,-0.043158,1,0,0
0.3,0.66,-0.055477,1,0,0
0.32,0.66,-0.060003,1,0,0
0.34,0.66,-0.055947,1,0,0
0.36,0.66,-0.047371,1,0,0
0.38,0.66,-0.036309,1,0,0
0.4,0.66,-0.015539,1,0,0
0.42,0.66,-0.021587,1,0,0
0.44,0.66,-0.053959,1,0,0
0.46,0.66,-0.039701,1,0,0
0.48,0.66,-0.040362,1,0,0
0.5,0.66,0.012823,1,0,0
0.52,0.66,-0.012802,1,0,0
0.54,0.66,-0.02596,1,0,0
0.56,0.66,-0.036047,1,0,0
0.58,0.66,-0.032868,1,0,0
0.6,0.66,-0.02959,1,0,0
0.62,0.66,-0.0088756,1,0,0
0.64,0.66,-0.022509,1,0,0
0.66,0.66,-0.0034509,1,0,0
0.68,0.66,-0.014077,1,0,0
0.7,0.66,0.022919,1,0,0
0.72,0.66,0.011072,1,0,0
0.74,0.66,-0.013489,1,0,0
0.76,0.66,-0.0099595,1,0,0
0.78,0.66,-0.027825,1,0,0
0.8,0.66,-0.019786,1,0,0
0.82,0.66,-0.034461,1,0,0
0.84,0.66,-0.034575,1,0,0
0.86,0.66,-0.039576,1,0,0
0.88,0.66,-0.028387,1,0,0
0.9,0.66,-0.0083609,1,0,0
0.92,0.66,0.0026722,1,0,0
0.94,0.66,0.0066771,1,0,0
0.96,0.66,-0.015439,1,0,0
0.98,0.66,-0.012513,1,0,0
0.02,0.68,0.020028,1,0,0
0.04,0.68,0.037001,1,0,0
0.06,0.68,0.043663,1,0,0
0.08,0.68,0.043654,1,0,0
0.1,0.68,0.036803,1,0,0
0.12,0.68,0.0077265,1,0,0
0.14,0.68,0.00059017,1,0,0
0.16,0.68,0.016068,1,0,0
0.18,0.68,-0.01528,1,0,0
0.2,0.68,-0.02948,1,0,0
0.22,0.68,-0.029867,1,0,0
0.24,0.68,-0.039898,1,0,0
0.26,0.68,-0.046058,1,0,0
0.28,0.68,-0.064923,1,0,0
0.3,0.68,-0.053239,1,0,0
0.32,0.68,-0.052713,1,0,0
0.34,0.68,-0.037317,1,0,0
0.36,0.68,-0.038083,1,0,0
0.38,0.68,-0.027315,1,0,0
0.4,0.68,-0.028562,1,0,0
0.42,0.68,-0.042407,1,0,0
0.44,0.68,-0.041705,1,0,0
0.46,0.68,-0.030792,1,0,0
0.48,0.68,-0.023094,1,0,0
0.5,0.68,-0.023572,1,0,0
0.52,0.68,0.0057806,1,0,0
0.54,0.68,-0.025087,1,0,0
0.56,0.68,-0.031907,1,0,0
0.58,0.68,-0.024418,1,0,0
0.6,0.68,-0.01998,1,0,0
0.62,0.68,-0.026513,1,0,0
0.64,0.68,0.0023174,1,0,0
0.66,0.68,0.0064751,1,0,0
0.68,0.68,0.0040273,1,0,0
0.7,0.68,-0.0028459,1,0,0
0.72,0.68,-0.014003,1,0,0
0.74,0.68,-6.6258e-05,1,0,0
0.76,0.68,-0.029346,1,0,0
0.78,0.68,-0.030348,1,0,0
0.8,0.68,-0.038273,1,0,0
0.82,0.68,-0.031266,1,0,0
0.84,0.68,-0.053029,1,0,0
0.86,0.68,-0.039148,1,0,0
0.88,0.68,-0.042726,1,0,0
0.9,0.68,0.0015877,1,0,0
0.92,0.68,0.0029373,1,0,0
0.94,0.68,0.00072523,1,0,0
0.96,0.68,-0.0040172,1,0,0
0.98,0.68,-0.02473,1,0,0
0.02,0.7,-0.001941,1,0,0
0.04,0.7,0.0064899,1,0,0
0.06,0.7,0.00036247,1,0,0
0.08,0.7,0.0090794,1,0,0
0.1,0.7,0.026886,1,0,0
0.12,0.7,-0.0023289,1,0,0
0.14,0.7,-0.010754,1,0,0
0.16,0.7,-0.00054422,1,0,0
0.18,0.7,-0.028906,1,0,0
0.2,0.7,-0.049014,1,0,0
0.22,0.7,-0.043932,1,0,0
0.24,0.7,-0.033299,1,0,0
0.26,0.7,-0.047886,1,0,0
0.28,0.7,-0.060536,1,0,0
0.3,0.7,-0.09497,1,0,0
0.32,0.7,-0.08361,1,0,0
0.34,0.7,-0.056691,1,0,0
0.36,0.7,-0.038436,1,0,0
0.38,0.7,-0.050618,1,0,0
0.4,0.7,-0.030917,1,0,0
0.42,0.7,-0.052327,1,0,0
0.44,0.7,-0.022035,1,0,0
0.46,0.7,-0.019511,1,0,0
0.48,0.7,-0.014517,1,0,0
0.5,0.7,-0.015218,1,0,0
0.52,0.7,-0.025861,1,0,0
0.54,0.7,-0.015976,1,0,0
0.56,0.7,-0.030884,1,0,0
0.58,0.7,-0.06768,1,0,0
0.6,0.7,-0.052893,1,0,0
0.62,0.7,-0.024555,1,0,0
0.64,0.7,-0.010156,1,0,0
0.66,0.7,0.0024399,1,0,0
0.68,0.7,0.0098168,1,0,0
0.7,0.7,-0.0097451,1,0,0
0.72,0.7,-0.018876,1,0,0
0.74,0.7,-0.017167,1,0,0
0.76,0.7,-0.0068739,1,0,0
0.78,0.7,-0.022081,1,0,0
0.8,0.7,-0.047012,1,0,0
0.82,0.7,-0.034511,1,0,0
0.84,0.7,-0.055762,1,0,0
0.86,0.7,-0.048273,1,0,0
0.88,0.7,-0.041168,1,0,0
0.9,0.7,-0.023756,1,0,0
0.92,0.7,-0.036011,1,0,0
0.94,0.7,-0.029678,1,0,0
0.96,0.7,-0.030969,1,0,0
0.98,0.7,-0.044151,1,0,0
0.02,0.72,-0.0083428,1,0,0
0.04,0.72,-0.023364,1,0,0
0.06,0.72,-0.018198,1,0,0
0.08,0.72,-0.016196,1,0,0
0.1,0.72,0.0025195,1,0,0
0.12,0.72,0.0052758,1,0,0
0.14,0.72,-0.026977,1,0,0
0.16,0.72,-0.023805,1,0,0
0.18,0.72,-0.03302,1,0,0
0.2,0.72,-0.034041,1,0,0
0.22,0.72,-0.040089,1,0,0
0.24,0.72,-0.039591,1,0,0
0.26,0.72,-0.040419,1,0,0
0.28,0.72,-0.06873,1,0,0
0.3,0.72,-0.10493,1,0,0
0.32,0.72,-0.073607,1,0,0
0.34,0.72,-0.071821,1,0,0
0.36,0.72,-0.04055,1,0,0
0.38,0.72,-0.042197,1,0,0
0.4,0.72,-0.017386,1,0,0
0.42,0.72,-0.024926,1,0,0
0.44,0.72,-0.018777,1,0,0
0.46,0.72,-0.013776,1,0,0
0.48,0.72,-0.045118,1,0,0
0.5,0.72,-0.039749,1,0,0
0.52,0.72,-0.027942,1,0,0
0.54,0.72,-0.03451,1,0,0
0.56,0.72,-0.036995,1,0,0
0.58,0.72,-0.05721,1,0,0
0.6,0.72,-0.059047,1,0,0
0.62,0.72,-0.037736,1,0,0
0.64,0.72,-0.022416,1,0,0
0.66,0.72,-0.012126,1,0,0
0.68,0.72,-0.0099024,1,0,0
0.7,0.72,0.0013357,1,0,0
0.72,0.72,-0.015526,1,0,0
0.74,0.72,-0.015771,1,0,0
0.76,0.72,-0.02142,1,0,0
0.78,0.72,-0.0076016,1,0,0
0.8,0.72,-0.0014304,1,0,0
0.82,0.72,-0.046241,1,0,0
0.84,0.72,-0.050396,1,0,0
0.86,0.72,-0.052502,1,0,0
0.88,0.72,-0.075495,1,0,0
0.9,0.72,-0.052646,1,0,0
0.92,0.72,-0.048322,1,0,0
0.94,0.72,-0.042562,1,0,0
0.96,0.72,-0.05838,1,0,0
0.98,0.72,-0.045622,1,0,0
0.02,0.74,-0.035113,1,0,0
0.04,0.74,-0.056006,1,0,0
0.06,0.74,-0.04656,1,0,0
0.08,0.74,-0.043272,1,0,0
0.1,0.74,-0.029194,1,0,0
0.12,0.74,-0.023522,1,0,0
0.14,0.74,-0.051177,1,0,0
0.16,0.74,-0.05325,1,0,0
0.18,0.74,-0.077501,1,0,0
0.2,0.74,-0.065766,1,0,0
0.22,0.74,-0.060663,1,0,0
0.24,0.74,-0.057866,1,0,0
0.26,0.74,-0.053262,1,0,0
0.28,0.74,-0.078943,1,0,0
0.3,0.74,-0.094537,1,0,0
0.32,0.74,-0.092534,1,0,0
0.34,0.74,-0.058223,1,0,0
0.36,0.74,-0.063446,1,0,0
0.38,0.74,-0.041925,1,0,0
0.4,0.74,-0.033863,1,0,0
0.42,0.74,-0.028609,1,0,0
0.44,0.74,-0.0334,1,0,0
0.46,0.74,-0.051821,1,0,0
0.48,0.74,-0.062168,1,0,0
0.5,0.74,-0.047647,1,0,0
0.52,0.74,-0.059888,1,0,0
0.54,0.74,-0.068509,1,0,0
0.56,0.74,-0.043825,1,0,0
0.58,0.74,-0.07707,1,0,0
0.6,0.74,-0.062486,1,0,0
0.62,0.74,-0.032778,1,0,0
0.64,0.74,-0.01927,1,0,0
0.66,0.74,-0.0032706,1,0,0
0.68,0.74,-0.015713,1,0,0
0.7,0.74,-0.0082778,1,0,0
0.72,0.74,-0.026692,1,0,0
0.74,0.74,-0.018842,1,0,0
0.76,0.74,-0.035056,1,0,0
0.78,0.74,-0.0092853,1,0,0
0.8,0.74,-0.013177,1,0,0
0.82,0.74,-0.024784,1,0,0
0.84,0.74,-0.049782,1,0,0
0.86,0.74,-0.052465,1,0,0
0.88,0.74,-0.066123,1,0,0
0.9,0.74,-0.054902,1,0,0
0.92,0.74,-0.052289,1,0,0
0.94,0.74,-0.073628,1,0,0
0.96,0.74,-0.087092,1,0,0
0.98,0.74,-0.076971,1,0,0
0.02,0.76,-0.048446,1,0,0
0.04,0.76,-0.056891,1,0,0
0.06,0.76,-0.01714,1,0,0
0.08,0.76,-0.034157,1,0,0
0.1,0.76,-0.021714,1,0,0
0.12,0.76,-0.037782,1,0,0
0.14,0.76,-0.036041,1,0,0
0.16,0.76,-0.048578,1,0,0
0.18,0.76,-0.071858,1,0,0
0.2,0.76,-0.079088,1,0,0
0.22,0.76,-0.076018,1,0,0
0.24,0.76,-0.061684,1,0,0
0.26,0.76,-0.047018,1,0,0
0.28,0.76,-0.055482,1,0,0
0.3,0.76,-0.062779,1,0,0
0.32,0.76,-0.063019,1,0,0
0.34,0.76,-0.039257,1,0,0
0.36,0.76,-0.03382,1,0,0
0.38,0.76,-0.036919,1,0,0
0.4,0.76,-0.047004,1,0,0
0.42,0.76,-0.042507,1,0,0
0.44,0.76,-0.035575,1,0,0
0.46,0.76,-0.041335,1,0,0
0.48,0.76,-0.058861,1,0,0
0.5,0.76,-0.036563,1,0,0
0.52,0.76,-0.065946,1,0,0
0.54,0.76,-0.048248,1,0,0
0.56,0.76,-0.063349,1,0,0
0.58,0.76,-0.050022,1,0,0
0.6,0.76,-0.064913,1,0,0
0.62,0.76,-0.024295,1,0,0
0.64,0.76,-0.0092466,1,0,0
0.66,0.76,0.008926,1,0,0
0.68,0.76,0.0014099,1,0,0
0.7,0.76,-0.014356,1,0,0
0.72,0.76,-0.0083038,1,0,0
0.74,0.76,0.0085565,1,0,0
0.76,0.76,-0.0028564,1,0,0
0.78,0.76,-0.0059705,1,0,0
0.8,0.76,0.0017118,1,0,0
0.82,0.76,-0.019255,1,0,0
0.84,0.76,-0.039957,1,0,0
0.86,0.76,-0.04354,1,0,0
0.88,0.76,-0.053684,1,0,0
0.9,0.76,-0.048046,1,0,0
0.92,0.76,-0.035627,1,0,0
0.94,0.76,-0.055255,1,0,0
0.96,0.76,-0.065075,1,0,0
0.98,0.76,-0.077305,1,0,0
0.02,0.78,-0.022177,1,0,0
0.04,0.78,-0.0287,1,0,0
0.06,0.78,-0.033543,1,0,0
0.08,0.78,-0.030319,1,0,0
0.1,0.78,-0.03275,1,0,0
0.12,0.78,-0.045448,1,0,0
0.14,0.78,-0.053892,1,0,0
0.16,0.78,-0.040904,1,0,0
0.18,0.78,-0.049791,1,0,0
0.2,0.78,-0.073024,1,0,0
0.22,0.78,-0.064914,1,0,0
0.24,0.78,-0.065449,1,0,0
0.26,0.78,-0.034534,1,0,0
0.28,0.78,-0.056961,1,0,0
0.3,0.78,-0.049939,1,0,0
0.32,0.78,-0.051341,1,0,0
0.34,0.78,-0.044759,1,0,0
0.36,0.78,-0.034281,1,0,0
0.38,0.78,-0.024892,1,0,0
0.4,0.78,-0.042687,1,0,0
0.42,0.78,-0.043162,1,0,0
0.44,0.78,-0.041684,1,0,0
0.46,0.78,-0.030956,1,0,0
0.48,0.78,-0.065982,1,0,0
0.5,0.78,-0.043172,1,0,0
0.52,0.78,-0.053436,1,0,0
0.54,0.78,-0.051097,1,0,0
0.56,0.78,-0.050623,1,0,0
0.58,0.78,-0.0416,1,0,0
0.6,0.78,-0.018025,1,0,0
0.62,0.78,0.0039179,1,0,0
0.64,0.78,0.0023844,1,0,0
0.66,0.78,0.00037302,1,0,0
0.68,0.78,-0.0097648,1,0,0
0.7,0.78,-0.0064953,1,0,0
0.72,0.78,-0.010597,1,0,0
0.74,0.78,0.019232,1,0,0
0.76,0.78,0.020956,1,0,0
0.78,0.78,0.022484,1,0,0
0.8,0.78,0.020658,1,0,0
0.82,0.78,0.00057261,1,0,0
0.84,0.78,-0.025407,1,0,0
0.86,0.78,-0.037338,1,0,0
0.88,0.78,-0.058878,1,0,0
0.9,0.78,-0.041632,1,0,0
0.92,0.78,-0.037081,1,0,0
0.94,0.78,-0.03819,1,0,0
0.96,0.78,-0.03826,1,0,0
0.98,0.78,-0.058765,1,0,0
0.02,0.8,-0.01628,1,0,0
0.04,0.8,-0.031146,1,0,0
0.06,0.8,-0.060122,1,0,0
0.08,0.8,-0.030895,1,0,0
0.1,0.8,-0.031986,1,0,0
0.12,0.8,-0.051875,1,0,0
0.14,0.8,-0.061117,1,0,0
0.16,0.8,-0.04502,1,0,0
0.18,0.8,-0.055713,1,0,0
0.2,0.8,-0.07201,1,0,0
0.22,0.8,-0.066476,1,0,0
0.24,0.8,-0.0749,1,0,0
0.26,0.8,-0.054472,1,0,0
0.28,0.8,-0.052035,1,0,0
0.3,0.8,-0.029865,1,0,0
0.32,0.8,-0.037039,1,0,0
0.34,0.8,-0.034785,1,0,0
0.36,0.8,-0.041202,1,0,0
0.38,0.8,-0.03929,1,0,0
0.4,0.8,-0.033908,1,0,0
0.42,0.8,-0.043923,1,0,0
0.44,0.8,-0.064669,1,0,0
0.46,0.8,-0.056612,1,0,0
0.48,0.8,-0.059249,1,0,0
0.5,0.8,-0.031337,1,0,0
0.52,0.8,-0.035153,1,0,0
0.54,0.8,-0.045071,1,0,0
0.56,0.8,-0.027329,1,0,0
0.58,0.8,-0.034692,1,0,0
0.6,0.8,-0.0011512,1,0,0
0.62,0.8,0.016948,1,0,0
0.64,0.8,0.00059419,1,0,0
0.66,0.8,-0.015183,1,0,0
0.68,0.8,-0.0026074,1,0,0
0.7,0.8,0.026179,1,0,0
0.72,0.8,0.0080211,1,0,0
0.74,0.8,0.022598,1,0,0
0.76,0.8,0.037028,1,0,0
0.78,0.8,0.026729,1,0,0
0.8,0.8,0.02543,1,0,0
0.82,0.8,0.016901,1,0,0
0.84,0.8,-0.020806,1,0,0
0.86,0.8,-0.044285,1,0,0
0.88,0.8,-0.057325,1,0,0
0.9,0.8,-0.035032,1,0,0
0.92,0.8,-0.033931,1,0,0
0.94,0.8,-0.027254,1,0,0
0.96,0.8,-0.031618,1,0,0
0.98,0.8,-0.038057,1,0,0
0.02,0.82,-0.054847,1,0,0
0.04,0.82,-0.04564,1,0,0
0.06,0.82,-0.027652,1,0,0
0.08,0.82,-0.040491,1,0,0
0.1,0.82,-0.035719,1,0,0
0.12,0.82,-0.053431,1,0,0
0.14,0.82,-0.057873,1,0,0
0.16,0.82,-0.061268,1,0,0
0.18,0.82,-0.086211,1,0,0
0.2,0.82,-0.059791,1,0,0
0.22,0.82,-0.07796,1,0,0
0.24,0.82,-0.059319,1,0,0
0.26,0.82,-0.04814,1,0,0
0.28,0.82,-0.039951,1,0,0
0.3,0.82,-0.047127,1,0,0
0.32,0.82,-0.028603,1,0,0
0.34,0.82,-0.036235,1,0,0
0.36,0.82,-0.04794,1,0,0
0.38,0.82,-0.052156,1,0,0
0.4,0.82,-0.032582,1,0,0
0.42,0.82,-0.057642,1,0,0
0.44,0.82,-0.072644,1,0,0
0.46,0.82,-0.058799,1,0,0
0.48,0.82,-0.048069,1,0,0
0.5,0.82,-0.027506,1,0,0
0.52,0.82,-0.021488,1,0,0
0.54,0.82,-0.025423,1,0,0
0.56,0.82,-0.043032,1,0,0
0.58,0.82,-0.0076067,1,0,0
0.6,0.82,-0.022683,1,0,0
0.62,0.82,-0.018916,1,0,0
0.64,0.82,-0.0055933,1,0,0
0.66,0.82,-0.0041475,1,0,0
0.68,0.82,0.0003046,1,0,0
0.7,0.82,0.015101,1,0,0
0.72,0.82,0.028378,1,0,0
0.74,0.82,0.018529,1,0,0
0.76,0.82,0.025361,1,0,0
0.78,0.82,0.014315,1,0,0
0.8,0.82,0.018004,1,0,0
0.82,0.82,-0.010153,1,0,0
0.84,0.82,-0.0089027,1,0,0
0.86,0.82,-0.027238,1,0,0
0.88,0.82,-0.047554,1,0,0
0.9,0.82,-0.049462,1,0,0
0.92,0.82,-0.029705,1,0,0
0.94,0.82,-0.040666,1,0,0
0.96,0.82,-0.042816,1,0,0
0.98,0.82,-0.031338,1,0,0
0.02,0.84,-0.025139,1,0,0
0.04,0.84,-0.017674,1,0,0
0.06,0.84,-0.033092,1,0,0
0.08,0.84,-0.035525,1,0,0
0.1,0.84,-0.063171,1,0,0
0.12,0.84,-0.067933,1,0,0
0.14,0.84,-0.076507,1,0,0
0.16,0.84,-0.070102,1,0,0
0.18,0.84,-0.10317,1,0,0
0.2,0.84,-0.067775,1,0,0
0.22,0.84,-0.056815,1,0,0
0.24,0.84,-0.046773,1,0,0
0.26,0.84,-0.045633,1,0,0
0.28,0.84,-0.035838,1,0,0
0.3,0.84,-0.043369,1,0,0
0.32,0.84,-0.040912,1,0,0
0.34,0.84,-0.006221,1,0,0
0.36,0.84,-0.0087593,1,0,0
0.38,0.84,-0.018557,1,0,0
0.4,0.84,-0.010893,1,0,0
0.42,0.84,-0.028717,1,0,0
0.44,0.84,-0.055354,1,0,0
0.46,0.84,-0.058552,1,0,0
0.48,0.84,-0.06061,1,0,0
0.5,0.84,-0.038003,1,0,0
0.52,0.84,-0.027192,1,0,0
0.54,0.84,-0.022618,1,0,0
0.56,0.84,0.0088304,1,0,0
0.58,0.84,0.012808,1,0,0
0.6,0.84,0.014162,1,0,0
0.62,0.84,-0.0061058,1,0,0
0.64,0.84,0.01655,1,0,0
0.66,0.84,0.022441,1,0,0
0.68,0.84,0.011088,1,0,0
0.7,0.84,0.029873,1,0,0
0.72,0.84,0.025118,1,0,0
0.74,0.84,0.027215,1,0,0
0.76,0.84,0.042214,1,0,0
0.78,0.84,0.03478,1,0,0
0.8,0.84,0.014135,1,0,0
0.82,0.84,0.013277,1,0,0
0.84,0.84,0.00024097,1,0,0
0.86,0.84,-0.00076472,1,0,0
0.88,0.84,-0.017633,1,0,0
0.9,0.84,-0.043409,1,0,0
0.92,0.84,-0.036488,1,0,0
0.94,0.84,-0.032809,1,0,0
0.96,0.84,-0.00077403,1,0,0
0.98,0.84,-0.008214,1,0,0
0.02,0.86,-0.0020167,1,0,0
0.04,0.86,-0.0039585,1,0,0
0.06,0.86,-0.040133,1,0,0
0.08,0.86,-0.058732,1,0,0
0.1,0.86,-0.070794,1,0,0
0.12,0.86,-0.081087,1,0,0
0.14,0.86,-0.089995,1,0,0
0.16,0.86,-0.097647,1,0,0
0.18,0.86,-0.10388,1,0,0
0.2,0.86,-0.075981,1,0,0
0.22,0.86,-0.049874,1,0,0
0.24,0.86,-0.064079,1,0,0
0.26,0.86,-0.039355,1,0,0
0.28,0.86,-0.037101,1,0,0
0.3,0.86,-0.02708,1,0,0
0.32,0.86,-0.0018919,1,0,0
0.34,0.86,0.0070704,1,0,0
0.36,0.86,0.012572,1,0,0
0.38,0.86,-0.0054803,1,0,0
0.4,0.86,0.00023439,1,0,0
0.42,0.86,-0.016023,1,0,0
0.44,0.86,-0.051136,1,0,0
0.46,0.86,-0.040789,1,0,0
0.48,0.86,-0.071589,1,0,0
0.5,0.86,-0.053553,1,0,0
0.52,0.86,-0.021823,1,0,0
0.54,0.86,-0.019576,1,0,0
0.56,0.86,0.0008593,1,0,0
0.58,0.86,0.030039,1,0,0
0.6,0.86,0.024147,1,0,0
0.62,0.86,0.0070755,1,0,0
0.64,0.86,0.018928,1,0,0
0.66,0.86,0.022291,1,0,0
0.68,0.86,0.021383,1,0,0
0.7,0.86,0.035603,1,0,0
0.72,0.86,0.0081532,1,0,0
0.74,0.86,0.0077678,1,0,0
0.76,0.86,0.020562,1,0,0
0.78,0.86,0.019839,1,0,0
0.8,0.86,0.021215,1,0,0
0.82,0.86,-0.00082628,1,0,0
0.84,0.86,0.0075292,1,0,0
0.86,0.86,0.020779,1,0,0
0.88,0.86,-0.0017235,1,0,0
0.9,0.86,-0.014275,1,0,0
0.92,0.86,-0.043109,1,0,0
0.94,0.86,-0.024122,1,0,0
0.96,0.86,-0.0099317,1,0,0
0.98,0.86,-0.012782,1,0,0
0.02,0.88,0.004915,1,0,0
0.04,0.88,-0.01597,1,0,0
0.06,0.88,-0.065937,1,0,0
0.08,0.88,-0.088515,1,0,0
0.1,0.88,-0.069668,1,0,0
0.12,0.88,-0.097802,1,0,0
0.14,0.88,-0.098406,1,0,0
0.16,0.88,-0.10056,1,0,0
0.18,0.88,-0.094098,1,0,0
0.2,0.88,-0.080493,1,0,0
0.22,0.88,-0.062422,1,0,0
0.24,0.88,-0.054624,1,0,0
0.26,0.88,-0.05733,1,0,0
0.28,0.88,-0.05239,1,0,0
0.3,0.88,-0.019069,1,0,0
0.32,0.88,0.0086681,1,0,0
0.34,0.88,0.029543,1,0,0
0.36,0.88,-0.0072224,1,0,0
0.38,0.88,0.0022118,1,0,0
0.4,0.88,0.017257,1,0,0
0.42,0.88,-0.014807,1,0,0
0.44,0.88,-0.035036,1,0,0
0.46,0.88,-0.024595,1,0,0
0.48,0.88,-0.043329,1,0,0
0.5,0.88,-0.027555,1,0,0
0.52,0.88,-0.035865,1,0,0
0.54,0.88,-0.017871,1,0,0
0.56,0.88,-0.016341,1,0,0
0.58,0.88,0.0016404,1,0,0
0.6,0.88,0.011284,1,0,0
0.62,0.88,0.021259,1,0,0
0.64,0.88,-0.0015518,1,0,0
0.66,0.88,0.022183,1,0,0
0.68,0.88,0.024418,1,0,0
0.7,0.88,0.027949,1,0,0
0.72,0.88,0.0069525,1,0,0
0.74,0.88,-0.0012406,1,0,0
0.76,0.88,0.025342,1,0,0
0.78,0.88,0.018165,1,0,0
0.8,0.88,-8.6954e-05,1,0,0
0.82,0.88,0.0015191,1,0,0
0.84,0.88,-0.0033871,1,0,0
0.86,0.88,0.0057686,1,0,0
0.88,0.88,0.011266,1,0,0
0.9,0.88,-0.0038728,1,0,0
0.92,0.88,-0.029583,1,0,0
0.94,0.88,-0.044459,1,0,0
0.96,0.88,-0.032679,1,0,0
0.98,0.88,-0.022897,1,0,0
0.02,0.9,-0.01405,1,0,0
0.04,0.9,-0.032208,1,0,0
0.06,0.9,-0.071982,1,0,0
0.08,0.9,-0.1077,1,0,0
0.1,0.9,-0.10303,1,0,0
0.12,0.9,-0.12847,1,0,0
0.14,0.9,-0.11004,1,0,0
0.16,0.9,-0.070113,1,0,0
0.18,0.9,-0.074064,1,0,0
0.2,0.9,-0.073657,1,0,0
0.22,0.9,-0.043443,1,0,0
0.24,0.9,-0.05338,1,0,0
0.26,0.9,-0.064329,1,0,0
0.28,0.9,-0.081474,1,0,0
0.3,0.9,-0.033146,1,0,0
0.32,0.9,-0.023919,1,0,0
0.34,0.9,0.0079922,1,0,0
0.36,0.9,-0.00037168,1,0,0
0.38,0.9,0.014353,1,0,0
0.4,0.9,0.012025,1,0,0
0.42,0.9,0.016289,1,0,0
0.44,0.9,-0.0099469,1,0,0
0.46,0.9,-0.015183,1,0,0
0.48,0.9,-0.0202,1,0,0
0.5,0.9,-0.033622,1,0,0
0.52,0.9,-0.042399,1,0,0
0.54,0.9,-0.034704,1,0,0
0.56,0.9,-0.0080615,1,0,0
0.58,0.9,0.0093883,1,0,0
0.6,0.9,0.0081338,1,0,0
0.62,0.9,0.013998,1,0,0
0.64,0.9,0.0034598,1,0,0
0.66,0.9,0.00036888,1,0,0
0.68,0.9,0.0042882,1,0,0
0.7,0.9,-0.0018061,1,0,0
0.72,0.9,-0.025568,1,0,0
0.74,0.9,0.013589,1,0,0
0.76,0.9,0.020416,1,0,0
0.78,0.9,0.023658,1,0,0
0.8,0.9,0.0017834,1,0,0
0.82,0.9,0.0037552,1,0,0
0.84,0.9,-0.0083745,1,0,0
0.86,0.9,0.0044613,1,0,0
0.88,0.9,-0.019456,1,0,0
0.9,0.9,-0.016433,1,0,0
0.92,0.9,-0.03611,1,0,0
0.94,0.9,-0.045096,1,0,0
0.96,0.9,-0.019347,1,0,0
0.98,0.9,-0.02658,1,0,0
0.02,0.92,-0.027934,1,0,0
0.04,0.92,-0.037636,1,0,0
0.06,0.92,-0.052292,1,0,0
0.08,0.92,-0.093754,1,0,0
0.1,0.92,-0.10767,1,0,0
0.12,0.92,-0.099365,1,0,0
0.14,0.92,-0.08703,1,0,0
0.16,0.92,-0.08038,1,0,0
0.18,0.92,-0.062281,1,0,0
0.2,0.92,-0.067516,1,0,0
0.22,0.92,-0.050833,1,0,0
0.24,0.92,-0.060954,1,0,0
0.26,0.92,-0.049257,1,0,0
0.28,0.92,-0.04684,1,0,0
0.3,0.92,-0.044455,1,0,0
0.32,0.92,-0.013981,1,0,0
0.34,0.92,-0.0092257,1,0,0
0.36,0.92,0.0096184,1,0,0
0.38,0.92,0.011345,1,0,0
0.4,0.92,0.019764,1,0,0
0.42,0.92,0.0075766,1,0,0
0.44,0.92,0.00034739,1,0,0
0.46,0.92,-0.011244,1,0,0
0.48,0.92,-0.038047,1,0,0
0.5,0.92,-0.0080343,1,0,0
0.52,0.92,-0.040452,1,0,0
0.54,0.92,-0.035423,1,0,0
0.56,0.92,-0.0044026,1,0,0
0.58,0.92,0.00038417,1,0,0
0.6,0.92,0.0086638,1,0,0
0.62,0.92,0.0093778,1,0,0
0.64,0.92,-0.012044,1,0,0
0.66,0.92,0.00041708,1,0,0
0.68,0.92,-0.026196,1,0,0
0.7,0.92,-0.023734,1,0,0
0.72,0.92,-0.020465,1,0,0
0.74,0.92,-0.020589,1,0,0
0.76,0.92,-0.01631,1,0,0
0.78,0.92,-0.01112,1,0,0
0.8,0.92,-0.0090517,1,0,0
0.82,0.92,-0.029711,1,0,0
0.84,0.92,-0.013075,1,0,0
0.86,0.92,0.01519,1,0,0
0.88,0.92,-0.018839,1,0,0
0.9,0.92,-0.023323,1,0,0
0.92,0.92,-0.027647,1,0,0
0.94,0.92,-0.023329,1,0,0
0.96,0.92,-0.032543,1,0,0
0.98,0.92,-0.012703,1,0,0
0.02,0.94,-0.028672,1,0,0
0.04,0.94,-0.042718,1,0,0
0.06,0.94,-0.030944,1,0,0
0.08,0.94,-0.058438,1,0,0
0.1,0.94,-0.063588,1,0,0
0.12,0.94,-0.054391,1,0,0
0.14,0.94,-0.064224,1,0,0
0.16,0.94,-0.044768,1,0,0
0.18,0.94,-0.053742,1,0,0
0.2,0.94,-0.037818,1,0,0
0.22,0.94,-0.055348,1,0,0
0.24,0.94,-0.0475,1,0,0
0.26,0.94,-0.043984,1,0,0
0.28,0.94,-0.011633,1,0,0
0.3,0.94,-0.0068485,1,0,0
0.32,0.94,-0.0034799,1,0,0
0.34,0.94,-0.0017223,1,0,0
0.36,0.94,0.022428,1,0,0
0.38,0.94,0.014639,1,0,0
0.4,0.94,0.018178,1,0,0
0.42,0.94,0.029919,1,0,0
0.44,0.94,0.017434,1,0,0
0.46,0.94,-0.00865,1,0,0
0.48,0.94,-0.011203,1,0,0
0.5,0.94,0.010166,1,0,0
0.52,0.94,-0.0046307,1,0,0
0.54,0.94,-0.011032,1,0,0
0.56,0.94,0.018479,1,0,0
0.58,0.94,0.011603,1,0,0
0.6,0.94,0.012274,1,0,0
0.62,0.94,0.023775,1,0,0
0.64,0.94,-0.007353,1,0,0
0.66,0.94,-0.018266,1,0,0
0.68,0.94,-0.0034052,1,0,0
0.7,0.94,5.7835e-05,1,0,0
0.72,0.94,-0.016131,1,0,0
0.74,0.94,-0.0095259,1,0,0
0.76,0.94,-0.035335,1,0,0
0.78,0.94,-0.027132,1,0,0
0.8,0.94,1.9373e-05,1,0,0
0.82,0.94,-0.009407,1,0,0
0.84,0.94,0.0018654,1,0,0
0.86,0.94,0.029829,1,0,0
0.88,0.94,0.009705,1,0,0
0.9,0.94,-0.0046971,1,0,0
0.92,0.94,0.0051209,1,0,0
0.94,0.94,0.0065769,1,0,0
0.96,0.94,0.0017822,1,0,0
0.98,0.94,-0.0082355,1,0,0
0.02,0.96,-0.033845,1,0,0
0.04,0.96,-0.033394,1,0,0
0.06,0.96,-0.02511,1,0,0
0.08,0.96,-0.049334,1,0,0
0.1,0.96,-0.035174,1,0,0
0.12,0.96,-0.033021,1,0,0
0.14,0.96,-0.044316,1,0,0
0.16,0.96,-0.021095,1,0,0
0.18,0.96,-0.017446,1,0,0
0.2,0.96,-0.014299,1,0,0
0.22,0.96,-0.035452,1,0,0
0.24,0.96,-0.014182,1,0,0
0.26,0.96,-0.01498,1,0,0
0.28,0.96,-0.019364,1,0,0
0.3,0.96,-0.012566,1,0,0
0.32,0.96,-0.0037017,1,0,0
0.34,0.96,-0.00021193,1,0,0
0.36,0.96,0.0040623,1,0,0
0.38,0.96,0.035255,1,0,0
0.4,0.96,0.044217,1,0,0
0.42,0.96,0.026435,1,0,0
0.44,0.96,0.028567,1,0,0
0.46,0.96,-0.010115,1,0,0
0.48,0.96,0.0011928,1,0,0
0.5,0.96,0.005186,1,0,0
0.52,0.96,-0.0042354,1,0,0
0.54,0.96,-0.013738,1,0,0
0.56,0.96,0.012304,1,0,0
0.58,0.96,0.00075463,1,0,0
0.6,0.96,0.025627,1,0,0
0.62,0.96,0.022641,1,0,0
0.64,0.96,-0.013735,1,0,0
0.66,0.96,-0.031465,1,0,0
0.68,0.96,-0.035539,1,0,0
0.7,0.96,-0.039833,1,0,0
0.72,0.96,-0.021812,1,0,0
0.74,0.96,-0.013847,1,0,0
0.76,0.96,-0.030242,1,0,0
0.78,0.96,-0.0056148,1,0,0
0.8,0.96,0.0016532,1,0,0
0.82,0.96,0.0035039,1,0,0
0.84,0.96,-0.00061763,1,0,0
0.86,0.96,0.018074,1,0,0
0.88,0.96,-0.011545,1,0,0
0.9,0.96,7.4297e-05,1,0,0
0.92,0.96,0.018211,1,0,0
0.94,0.96,0.0062052,1,0,0
0.96,0.96,-0.0042064,1,0,0
0.98,0.96,0.019212,1,0,0
0.02,0.98,-0.042792,1,0,0
0.04,0.98,-0.038601,1,0,0
0.06,0.98,-0.039,1,0,0
0.08,0.98,-0.045229,1,0,0
0.1,0.98,-0.043532,1,0,0
0.12,0.98,-0.042254,1,0,0
0.14,0.98,-0.037413,1,0,0
0.16,0.98,-0.0041885,1,0,0
0.18,0.98,0.003374,1,0,0
0.2,0.98,-0.033406,1,0,0
0.22,0.98,-0.031149,1,0,0
0.24,0.98,-0.012504,1,0,0
0.26,0.98,-0.0054491,1,0,0
0.28,0.98,-0.020585,1,0,0
0.3,0.98,-0.016311,1,0,0
0.32,0.98,0.0071192,1,0,0
0.34,0.98,-0.0044369,1,0,0
0.36,0.98,0.0060721,1,0,0
0.38,0.98,-0.0036041,1,0,0
0.4,0.98,0.009174,1,0,0
0.42,0.98,0.0078302,1,0,0
0.44,0.98,0.0075994,1,0,0
0.46,0.98,0.012906,1,0,0
0.48,0.98,-0.0026341,1,0,0
0.5,0.98,-0.015524,1,0,0
0.52,0.98,-0.035803,1,0,0
0.54,0.98,-0.019911,1,0,0
0.56,0.98,-0.0075905,1,0,0
0.58,0.98,-0.023231,1,0,0
0.6,0.98,-0.018188,1,0,0
0.62,0.98,-0.011456,1,0,0
0.64,0.98,-0.040055,1,0,0
0.66,0.98,-0.052301,1,0,0
0.68,0.98,-0.052639,1,0,0
0.7,0.98,-0.056178,1,0,0
0.72,0.98,-0.054582,1,0,0
0.74,0.98,-0.016659,1,0,0
0.76,0.98,-0.0072192,1,0,0
0.78,0.98,-0.031268,1,0,0
0.8,0.98,-0.0058252,1,0,0
0.82,0.98,-0.010478,1,0,0
0.84,0.98,-0.014002,1,0,0
0.86,0.98,-0.0084787,1,0,0
0.88,0.98,-0.030951,1,0,0
0.9,0.98,-0.00072742,1,0,0
0.92,0.98,0.003539,1,0,0
0.94,0.98,0.0057925,1,0,0
0.96,0.98,-3.4866e-05,1,0,0
0.98,0.98,0.011285,1,0,0
0,0,-0.012758,-1,0,0
0.02,0,-0.012758,-1,0,0
0.04,0,-0.00098922,-1,0,0
0.06,0,0.00050537,-1,0,0
0.08,0,0.020619,-1,0,0
0.1,0,0.0049387,-1,0,0
0.12,0,0.03693,-1,0,0
0.14,0,0.019982,-1,0,0
0.16,0,0.0078817,-1,0,0
0.18,0,0.015762,-1,0,0
0.2,0,0.0066086,-1,0,0
0.22,0,0.016563,-1,0,0
0.24,0,0.015393,-1,0,0
0.26,0,-0.0078135,-1,0,0
0.28,0,-0.054068,-1,0,0
0.3,0,-0.029626,-1,0,0
0.32,0,-0.041527,-1,0,0
0.34,0,-0.04701,-1,0,0
0.36,0,-0.069317,-1,0,0
0.38,0,-0.056868,-1,0,0
0.4,0,-0.074963,-1,0,0
0.42,0,-0.068872,-1,0,0
0.44,0,-0.090453,-1,0,0
0.46,0,-0.072542,-1,0,0
0.48,0,-0.077054,-1,0,0
0.5,0,-0.044959,-1,0,0
0.52,0,-0.049243,-1,0,0
0.54,0,-0.058075,-1,0,0
0.56,0,-0.04708,-1,0,0
0.58,0,-0.052795,-1,0,0
0.6,0,-0.049932,-1,0,0
0.62,0,-0.053784,-1,0,0
0.64,0,-0.050778,-1,0,0
0.66,0,-0.014021,-1,0,0
0.68,0,-0.0068481,-1,0,0
0.7,0,0.0020297,-1,0,0
0.72,0,-0.016353,-1,0,0
0.74,0,0.010612,-1,0,0
0.76,0,-0.001106,-1,0,0
0.78,0,-0.005109,-1,0,0
0.8,0,-0.0060439,-1,0,0
0.82,0,-0.016425,-1,0,0
0.84,0,-0.019831,-1,0,0
0.86,0,0.016939,-1,0,0
0.88,0,0.011615,-1,0,0
0.9,0,0.0081377,-1,0,0
0.92,0,0.014169,-1,0,0
0.94,0,-0.019098,-1,0,0
0.96,0,-0.02735,-1,0,0
0.98,0,-0.020898,-1,0,0
1,0,-0.051805,-1,0,0
1,0.02,-0.070123,-1,0,0
1,0.04,-0.089484,-1,0,0
1,0.06,-0.058388,-1,0,0
1,0.08,-0.070129,-1,0,0
1,0.1,-0.045107,-1,0,0
1,0.12,-0.034077,-1,0,0
1,0.14,-0.0014593,-1,0,0
1,0.16,0.0033081,-1,0,0
1,0.18,-0.012544,-1,0,0
1,0.2,-0.026007,-1,0,0
1,0.22,-0.016109,-1,0,0
1,0.24,0.00767,-1,0,0
1,0.26,0.0012897,-1,0,0
1,0.28,0.00889,-1,0,0
1,0.3,0.0047294,-1,0,0
1,0.32,0.0052071,-1,0,0
1,0.34,-0.0092854,-1,0,0
1,0.36,0.0033852,-1,0,0
1,0.38,0.0069805,-1,0,0
1,0.4,0.013946,-1,0,0
1,0.42,0.021645,-1,0,0
1,0.44,0.015301,-1,0,0
1,0.46,0.001129,-1,0,0
1,0.48,-0.036386,-1,0,0
1,0.5,-0.031665,-1,0,0
1,0.52,-0.0049973,-1,0,0
1,0.54,-0.0062026,-1,0,0
1,0.56,-0.046941,-1,0,0
1,0.58,-0.036997,-1,0,0
1,0.6,-0.026494,-1,0,0
1,0.62,-0.025637,-1,0,0
1,0.64,-0.02106,-1,0,0
1,0.66,-0.020208,-1,0,0
1,0.68,-0.042508,-1,0,0
1,0.7,-0.062956,-1,0,0
1,0.72,-0.039481,-1,0,0
1,0.74,-0.052747,-1,0,0
1,0.76,-0.084393,-1,0,0
1,0.78,-0.068764,-1,0,0
1,0.8,-0.041161,-1,0,0
1,0.82,-0.030499,-1,0,0
1,0.84,-0.0056974,-1,0,0
1,0.86,-0.0041829,-1,0,0
1,0.88,-0.015999,-1,0,0
1,0.9,-0.012856,-1,0,0
1,0.92,-0.0090445,-1,0,0
1,0.94,0.0029116,-1,0,0
1,0.96,0.021684,-1,0,0
1,0.98,-0.018518,-1,0,0
1,1,-0.017917,-1,0,0
0.98,1,-0.024278,-1,0,0
0.96,1,-0.0028081,-1,0,0
0.94,1,-0.0067832,-1,0,0
0.92,1,-0.0037403,-1,0,0
0.9,1,0.01087,-1,0,0
0.88,1,0.00014107,-1,0,0
0.86,1,-0.010772,-1,0,0
0.84,1,-0.018881,-1,0,0
0.82,1,-0.00094915,-1,0,0
0.8,1,0.0035533,-1,0,0
0.78,1,-0.010044,-1,0,0
0.76,1,-0.0055796,-1,0,0
0.74,1,-0.0070076,-1,0,0
0.72,1,-0.048195,-1,0,0
0.7,1,-0.048487,-1,0,0
0.68,1,-0.049329,-1,0,0
0.66,1,-0.040803,-1,0,0
0.64,1,-0.039057,-1,0,0
0.62,1,-0.022632,-1,0,0
0.6,1,-0.032631,-1,0,0
0.58,1,-0.048608,-1,0,0
0.56,1,-0.042779,-1,0,0
0.54,1,-0.03382,-1,0,0
0.52,1,-0.029677,-1,0,0
0.5,1,-0.009505,-1,0,0
0.48,1,-0.0082834,-1,0,0
0.46,1,0.031823,-1,0,0
0.44,1,0.016918,-1,0,0
0.42,1,0.01087,-1,0,0
0.4,1,-0.010322,-1,0,0
0.38,1,0.0041706,-1,0,0
0.36,1,0.0069844,-1,0,0
0.34,1,0.0095308,-1,0,0
0.32,1,0.0046291,-1,0,0
0.3,1,0.0020102,-1,0,0
0.28,1,-0.0011019,-1,0,0
0.26,1,0.008665,-1,0,0
0.24,1,-0.013328,-1,0,0
0.22,1,-0.0064312,-1,0,0
0.2,1,-0.0081757,-1,0,0
0.18,1,0.0027917,-1,0,0
0.16,1,0.018256,-1,0,0
0.14,1,-0.015753,-1,0,0
0.12,1,-0.025081,-1,0,0
0.1,1,-0.036991,-1,0,0
0.08,1,-0.047866,-1,0,0
0.06,1,-0.062783,-1,0,0
0.04,1,-0.042425,-1,0,0
0.02,1,-0.032421,-1,0,0
0,1,-0.009998,-1,0,0
0,0.98,-0.015577,-1,0,0
0,0.96,0.020399,-1,0,0
0,0.94,-0.00052572,-1,0,0
0,0.92,0.0050755,-1,0,0
0,0.9,0.0010977,-1,0,0
0,0.88,-0.0056915,-1,0,0
0,0.86,-0.0042042,-1,0,0
0,0.84,-0.026655,-1,0,0
0,0.82,-0.030514,-1,0,0
0,0.8,-0.02394,-1,0,0
0,0.78,-0.0057248,-1,0,0
0,0.76,0.0088974,-1,0,0
0,0.74,0.0086513,-1,0,0
0,0.72,0.01614,-1,0,0
0,0.7,0.010694,-1,0,0
0,0.68,0.044242,-1,0,0
0,0.66,0.032894,-1,0,0
0,0.64,0.018597,-1,0,0
0,0.62,0.043952,-1,0,0
0,0.6,0.051418,-1,0,0
0,0.58,0.045104,-1,0,0
0,0.56,0.015516,-1,0,0
0,0.54,0.0034614,-1,0,0
0,0.52,-0.015301,-1,0,0
0,0.5,-0.016856,-1,0,0
0,0.48,-0.032717,-1,0,0
0,0.46,-0.022965,-1,0,0
0,0.44,-0.012114,-1,0,0
0,0.42,-0.0082549,-1,0,0
0,0.4,-0.022719,-1,0,0
0,0.38,-0.020324,-1,0,0
0,0.36,-0.0067379,-1,0,0
0,0.34,-0.014138,-1,0,0
0,0.32,-0.019042,-1,0,0
0,0.3,-0.0058572,-1,0,0
0,0.28,-0.0019558,-1,0,0
0,0.26,-0.0095744,-1,0,0
0,0.24,0.022059,-1,0,0
0,0.22,-0.00031445,-1,0,0
0,0.2,-0.020373,-1,0,0
0,0.18,0.0012955,-1,0,0
0,0.16,0.0088156,-1,0,0
0,0.14,0.0012644,-1,0,0
0,0.12,-0.0041729,-1,0,0
0,0.1,0.0016851,-1,0,0
0,0.08,-0.0037633,-1,0,0
0,0.06,0.0045359,-1,0,0
0,0.04,-0.019699,-1,0,0
0,0.02,-0.0037403,-1,0,0
