0.011348,0.011348,0.017658,0.0168,0.034939,0.022089,0.043302,0.057852,0.073755,0.090122,0.11175,0.082593,0.061458,0.060197,0.082565,0.087339,0.074176,0.081187,0.067699,0.069358,0.068834,0.063284,0.055173,0.046007,0.057488,0.063968,0.055347,0.047805,0.050078,0.054904,0.040417,0.046918,0.046962,0.059216,0.070141,0.082447,0.078751,0.085359,0.074394,0.098045,0.095381,0.11653,0.10784,0.12116,0.097701,0.075343,0.082471,0.089074,0.080767,0.057713,0.032857
0.019767,0.015299,0.013462,0.0131,0.024579,0.034054,0.052004,0.058833,0.078478,0.08828,0.10259,0.082935,0.075106,0.071649,0.083196,0.077226,0.077272,0.053331,0.073038,0.081525,0.076133,0.074456,0.056816,0.052339,0.049794,0.056787,0.042964,0.051679,0.04421,0.060278,0.047803,0.058813,0.047519,0.050607,0.055948,0.061921,0.068464,0.081148,0.088694,0.10193,0.10772,0.10687,0.12144,0.12408,0.096035,0.086009,0.069125,0.075891,0.061862,0.053378,0.02761
0.029926,0.038416,0.027952,0.026521,0.048301,0.045068,0.068282,0.06675,0.086169,0.10161,0.090029,0.089055,0.10002,0.088996,0.082069,0.088598,0.085426,0.067723,0.073296,0.081016,0.084224,0.083659,0.079621,0.068212,0.050464,0.050831,0.054843,0.062169,0.076067,0.07456,0.081913,0.072981,0.051455,0.060219,0.057431,0.056942,0.058608,0.084694,0.092082,0.10081,0.11037,0.12139,0.13654,0.1324,0.10406,0.09481,0.094783,0.080988,0.071571,0.056276,0.028959
0.04858,0.046035,0.035916,0.03469,0.04531,0.065765,0.069883,0.089184,0.094923,0.087637,0.084899,0.087888,0.096822,0.098626,0.083899,0.082481,0.084371,0.07598,0.08047,0.079981,0.07347,0.07732,0.076203,0.05956,0.068934,0.057546,0.069615,0.085135,0.088234,0.086688,0.093993,0.082525,0.060263,0.057406,0.067827,0.038412,0.044694,0.074896,0.082304,0.099274,0.10652,0.11884,0.12514,0.1259,0.12286,0.11181,0.10143,0.085781,0.079983,0.054592,0.04286
0.046238,0.044241,0.039135,0.053392,0.05226,0.062726,0.076135,0.079672,0.074879,0.087312,0.093882,0.08891,0.094714,0.084607,0.086345,0.079111,0.077567,0.074664,0.080326,0.076854,0.068598,0.066717,0.075182,0.064702,0.068099,0.078567,0.077766,0.087608,0.099131,0.10331,0.0975,0.082158,0.062812,0.056561,0.049849,0.035068,0.042585,0.04042,0.065335,0.10324,0.12003,0.10427,0.10064,0.10475,0.10764,0.10615,0.10692,0.088427,0.089093,0.078682,0.046741
0.05211,0.049711,0.059234,0.061456,0.070912,0.058989,0.070004,0.068035,0.074109,0.060118,0.080024,0.092657,0.084568,0.098124,0.082478,0.059771,0.06508,0.072956,0.07774,0.069083,0.058,0.073172,0.067621,0.065039,0.078345,0.077286,0.080334,0.088162,0.095543,0.081833,0.091079,0.084868,0.064984,0.060904,0.039402,0.033944,0.028117,0.044656,0.063478,0.1044,0.11143,0.094112,0.091395,0.090973,0.097596,0.10502,0.099025,0.10659,0.097196,0.081559,0.073739
0.060401,0.051043,0.060603,0.057605,0.069601,0.06056,0.054741,0.058994,0.06318,0.050576,0.049464,0.060138,0.080708,0.082998,0.078798,0.065913,0.082814,0.084476,0.069431,0.055432,0.050546,0.053804,0.059967,0.056117,0.049456,0.075416,0.085687,0.09363,0.080738,0.08036,0.069677,0.067758,0.050328,0.041306,0.029523,0.033255,0.039557,0.04233,0.061973,0.088902,0.082074,0.091164,0.090467,0.086264,0.077631,0.10053,0.10067,0.10277,0.087343,0.079725,0.052258
0.092182,0.080698,0.082502,0.066595,0.080911,0.069474,0.041174,0.04441,0.057857,0.037942,0.050748,0.062293,0.084812,0.098879,0.10152,0.087677,0.092813,0.081836,0.061906,0.061789,0.053407,0.049176,0.052028,0.045637,0.045797,0.070808,0.089969,0.095424,0.072727,0.082722,0.078433,0.071779,0.047277,0.037296,0.028668,0.03546,0.043472,0.048038,0.060535,0.08913,0.087541,0.11022,0.10325,0.099734,0.10896,0.11507,0.095471,0.096536,0.090403,0.073909,0.053487
0.10238,0.099649,0.096112,0.085658,0.095244,0.068537,0.044722,0.035793,0.047952,0.048872,0.056991,0.073188,0.072447,0.094768,0.09675,0.08801,0.083451,0.074102,0.06096,0.061642,0.058164,0.045698,0.040271,0.03982,0.038241,0.050035,0.08013,0.0686,0.061959,0.060336,0.0751,0.063187,0.044273,0.038262,0.030777,0.044913,0.043077,0.053666,0.05827,0.085871,0.10505,0.11648,0.10469,0.10541,0.11243,0.11588,0.08394,0.094394,0.097941,0.076782,0.056901
0.092439,0.092692,0.089535,0.092185,0.086234,0.068354,0.051731,0.062168,0.061021,0.063107,0.062053,0.066025,0.065736,0.071919,0.067296,0.057426,0.071853,0.072432,0.066662,0.053485,0.04369,0.032738,0.03246,0.022708,0.021079,0.043944,0.060734,0.047394,0.036005,0.030525,0.03864,0.040224,0.046512,0.040556,0.033035,0.039743,0.050554,0.041376,0.057931,0.075245,0.091463,0.099212,0.10487,0.099944,0.094455,0.095109,0.082504,0.088737,0.082708,0.070985,0.052434
0.097367,0.10309,0.098041,0.099936,0.091528,0.066584,0.05388,0.069547,0.075288,0.065389,0.07639,0.068179,0.066898,0.058856,0.045493,0.036299,0.045671,0.066585,0.05315,0.033316,0.027229,0.029139,0.019486,0.0072694,0.018715,0.01922,0.02889,0.024121,0.014132,0.0069387,0.013407,0.032641,0.037985,0.032975,0.050104,0.036964,0.029755,0.035857,0.046598,0.067123,0.08419,0.096639,0.10622,0.097558,0.090314,0.078855,0.08935,0.07722,0.077838,0.060762,0.058616
0.11018,0.11479,0.11265,0.10592,0.096097,0.072776,0.075657,0.068655,0.068282,0.083377,0.08271,0.073715,0.075418,0.05846,0.042806,0.038664,0.041189,0.039223,0.046645,0.040632,0.028199,0.022027,0.019523,0.0085439,0.0031859,0.010013,-0.00061842,-0.002905,0.0060562,0.0060211,0.015324,0.023995,0.026811,0.036847,0.03999,0.036583,0.023649,0.019226,0.039369,0.071486,0.088421,0.088211,0.09487,0.10288,0.087447,0.085792,0.079095,0.063005,0.062237,0.073025,0.055214
0.10838,0.10866,0.10366,0.093672,0.087444,0.075593,0.083825,0.070692,0.070696,0.062967,0.062253,0.054043,0.056313,0.047823,0.042421,0.038565,0.040082,0.02093,0.042792,0.030589,0.011183,0.01522,0.0058766,0.00011121,-0.011299,-0.018196,-0.033515,-0.020159,-0.016966,-0.011563,-0.010836,0.0011869,-0.0068653,0.01997,0.032364,0.025668,0.011847,0.030049,0.027977,0.046267,0.070001,0.063347,0.071572,0.093279,0.084093,0.082905,0.050637,0.051084,0.046021,0.047846,0.03514
0.10503,0.10719,0.10614,0.087699,0.086628,0.071509,0.081886,0.065831,0.061047,0.050629,0.04767,0.035243,0.061734,0.048798,0.041867,0.047576,0.035916,0.024496,0.017437,0.018765,0.012408,0.016298,0.023433,-0.0019463,-0.021028,-0.03303,-0.049392,-0.041224,-0.040323,-0.037719,-0.032803,-0.020143,-0.029576,0.0076323,0.018476,0.018478,0.016309,0.042122,0.024558,0.035001,0.035167,0.058694,0.059534,0.083256,0.0699,0.057831,0.056921,0.044173,0.039847,0.032222,0.018984
0.1047,0.098857,0.10453,0.09484,0.083955,0.077217,0.065265,0.054105,0.052143,0.049209,0.048538,0.038939,0.051307,0.056885,0.046972,0.045717,0.043062,0.012578,0.017821,0.027682,0.02923,0.036344,0.032532,0.0057731,-0.015477,-0.036209,-0.061053,-0.06398,-0.06447,-0.05294,-0.045097,-0.034944,-0.03331,-0.008059,0.010828,0.011762,0.017154,0.0384,0.02724,0.035688,0.026234,0.034464,0.046868,0.059077,0.034907,0.038619,0.040675,0.051312,0.040206,0.036656,0.031335
0.099715,0.10932,0.098722,0.10122,0.10765,0.085342,0.07574,0.056418,0.055091,0.05713,0.063752,0.05052,0.037358,0.050458,0.072132,0.069292,0.054395,0.032969,0.032267,0.03873,0.046845,0.043935,0.028053,0.015144,0.0026157,-0.014263,-0.052527,-0.064235,-0.056249,-0.065469,-0.042748,-0.034389,-0.033519,-0.0059309,0.012856,0.028886,0.027858,0.031416,0.032596,0.02859,0.031582,0.024177,0.038587,0.046867,0.043922,0.0423,0.053373,0.069037,0.063237,0.051549,0.042404
0.1075,0.11434,0.12381,0.11705,0.098449,0.090051,0.070973,0.062517,0.06011,0.052961,0.070865,0.062522,0.058654,0.08203,0.089363,0.084745,0.071767,0.048907,0.03952,0.047822,0.043411,0.045452,0.048147,0.022932,0.00964,-0.0059349,-0.02949,-0.049209,-0.046336,-0.04242,-0.035529,-0.026017,-0.0036012,0.0013487,0.0070531,0.016354,0.027867,0.014607,0.017386,0.018731,0.013587,0.020361,0.051729,0.053874,0.057023,0.056687,0.063444,0.07691,0.077966,0.053328,0.044991
0.1105,0.12725,0.12344,0.10759,0.098303,0.089377,0.060164,0.076419,0.072625,0.066161,0.0712,0.075774,0.076305,0.088324,0.095318,0.08346,0.074771,0.062254,0.041514,0.038494,0.056624,0.055424,0.057639,0.031004,0.00025265,-0.016335,-0.028075,-0.030306,-0.028071,-0.015621,-0.0065489,-0.0098887,-0.0073525,-0.0050248,0.0092777,0.00056965,0.0096416,0.0061331,0.0077914,-0.00099213,0.0057209,0.035517,0.048297,0.05471,0.060341,0.064116,0.063393,0.08811,0.09029,0.070925,0.064324
0.094447,0.10836,0.10216,0.076074,0.086467,0.077797,0.07016,0.07117,0.083258,0.062198,0.057397,0.060938,0.064239,0.082458,0.074514,0.066084,0.065853,0.046002,0.035268,0.04327,0.048564,0.047114,0.046867,0.031743,-0.0064733,-0.026686,-0.035814,-0.042692,-0.034455,-0.025699,-0.010102,-0.022371,-0.022824,-0.00084542,-0.0012397,0.0095929,-0.009018,-0.011757,-0.015307,-0.012531,-0.01637,0.0083387,0.034722,0.047778,0.064863,0.075606,0.053936,0.065719,0.078096,0.080809,0.085408
0.089534,0.096303,0.09406,0.079809,0.080795,0.071567,0.070522,0.073275,0.083203,0.070731,0.071079,0.06558,0.067192,0.077002,0.078505,0.072841,0.069215,0.05994,0.050988,0.048611,0.052888,0.049523,0.047689,0.041377,0.0082917,-0.016972,-0.027458,-0.027348,-0.025986,-0.016944,-0.014643,-0.015308,-0.019841,-0.0012958,0.011261,0.023435,-0.0056728,-0.017766,-0.027155,-0.00821,-0.001772,0.014467,0.033384,0.063412,0.071482,0.090683,0.062612,0.067229,0.080736,0.09736,0.094836
0.087758,0.099602,0.10981,0.092338,0.071985,0.047616,0.047166,0.065872,0.064763,0.049863,0.06633,0.06373,0.076119,0.075899,0.071229,0.060914,0.062425,0.080672,0.067994,0.049285,0.047013,0.052589,0.05191,0.023041,0.00052133,-0.010012,-0.022415,-0.014792,-0.022633,-0.020651,-0.016884,-0.0040238,-0.0026155,0.0036248,-0.0022677,-0.0007988,-0.0051901,-0.015887,-0.020838,0.007883,0.019676,0.042012,0.050241,0.077431,0.074038,0.072532,0.070217,0.07955,0.088555,0.10175,0.10456
0.076324,0.086527,0.10336,0.10307,0.078854,0.041546,0.038672,0.033009,0.048736,0.047919,0.050166,0.04432,0.062287,0.06805,0.064138,0.072782,0.084754,0.086187,0.080832,0.050495,0.039361,0.051616,0.043276,0.024513,0.0052828,0.012188,0.0081108,-0.0082235,-0.014307,-0.013771,-0.015429,-0.011048,-0.003971,0.0029766,0.0052695,0.011493,0.0006503,-0.0063634,-0.017266,0.011122,0.041085,0.043779,0.073949,0.080553,0.070964,0.079359,0.085901,0.082506,0.099871,0.10137,0.096137
0.070589,0.090846,0.085537,0.090544,0.086024,0.055427,0.025851,0.0242,0.028282,0.034545,0.024206,0.031627,0.04944,0.05776,0.067834,0.075081,0.080785,0.070547,0.07515,0.055084,0.054034,0.048903,0.041356,0.033007,0.029824,0.037873,0.024073,0.016804,-0.0068208,-0.02743,0.0024194,0.002941,-0.0096858,0.0060684,0.018782,0.014773,0.012578,0.006402,0.0098623,0.011908,0.046908,0.052796,0.06767,0.082862,0.088362,0.093843,0.08207,0.085649,0.1001,0.10945,0.096092
0.062639,0.068604,0.080938,0.092563,0.07731,0.062572,0.03064,0.020081,0.028298,0.025965,0.021299,0.014584,0.037247,0.045834,0.045419,0.069333,0.068106,0.055004,0.056503,0.064767,0.063859,0.062651,0.070926,0.053529,0.046413,0.036079,0.048781,0.038261,0.016969,0.010834,0.019766,0.018435,0.0027725,-0.0018233,0.018524,0.024502,0.028505,0.030947,0.019861,0.03686,0.055612,0.060558,0.07152,0.077369,0.074645,0.089654,0.093952,0.093072,0.12797,0.12868,0.1147
0.044681,0.057765,0.069077,0.073862,0.074815,0.052818,0.041699,0.034493,0.020824,-0.0015864,-0.00029797,-0.0027828,0.021855,0.032541,0.037367,0.0379,0.045612,0.054024,0.051554,0.053827,0.070071,0.082139,0.088318,0.071883,0.061557,0.066983,0.060985,0.059242,0.040244,0.020207,0.032846,0.037646,0.019482,0.022846,0.018037,0.02935,0.034223,0.040454,0.032825,0.034728,0.038132,0.053571,0.062277,0.072909,0.075603,0.082766,0.095864,0.10477,0.11697,0.11815,0.11774
0.053561,0.043889,0.062344,0.072368,0.077515,0.054213,0.041957,0.029548,0.017382,-0.0054152,0.00071858,-0.0013316,-0.0027531,0.022008,0.034194,0.028541,0.048281,0.053922,0.067957,0.057404,0.068719,0.094223,0.091765,0.089104,0.084308,0.099373,0.082476,0.076958,0.077785,0.073279,0.060915,0.052558,0.04353,0.047718,0.036916,0.045637,0.032173,0.036321,0.035203,0.055429,0.060215,0.05736,0.070619,0.086172,0.081306,0.10687,0.10123,0.1302,0.11978,0.11592,0.12
0.047892,0.0449,0.057266,0.043634,0.051186,0.039056,0.028032,0.0036577,-0.0030086,-0.021419,-0.0023623,-0.0081875,0.0015635,0.010262,0.01277,0.014808,0.024115,0.045831,0.058665,0.084658,0.085201,0.08256,0.094818,0.093157,0.092373,0.10273,0.089276,0.084268,0.087734,0.093034,0.087933,0.080516,0.066257,0.063609,0.034346,0.031216,0.012375,0.016616,0.041078,0.07616,0.066837,0.066596,0.060379,0.073621,0.083028,0.098824,0.0978,0.10668,0.11139,0.11054,0.10707
0.029376,0.044111,0.047173,0.031536,0.035524,0.040648,0.011895,0.010235,0.0034384,-0.022856,-0.0069887,-0.0056059,-0.0017989,-0.0016057,-4.1755e-05,0.006877,0.033152,0.048363,0.063777,0.086971,0.09635,0.096648,0.11484,0.11923,0.10579,0.095588,0.090497,0.10427,0.094839,0.09642,0.094399,0.09334,0.080327,0.077423,0.071381,0.044855,0.029408,0.034863,0.055327,0.063552,0.069026,0.07591,0.067354,0.066822,0.079412,0.094595,0.091569,0.11754,0.11496,0.095905,0.090017
0.036467,0.038123,0.028674,0.016606,0.027653,0.039738,0.031001,0.024611,0.010057,0.00016152,-0.014192,-0.0036799,0.001574,0.013238,0.0020439,0.015507,0.040237,0.047021,0.074632,0.10054,0.11245,0.10791,0.12346,0.12415,0.10887,0.11234,0.11444,0.099741,0.10832,0.10057,0.11271,0.09704,0.1005,0.10163,0.087031,0.068291,0.05613,0.064531,0.077016,0.072016,0.067086,0.06662,0.076506,0.078674,0.081232,0.10217,0.098129,0.11467,0.10913,0.095284,0.093744
0.049758,0.0384,0.025426,0.029344,0.039401,0.037907,0.029409,0.023346,0.016924,0.017742,0.028108,0.020211,0.012704,0.030056,0.033885,0.04135,0.045094,0.058947,0.078169,0.10112,0.1211,0.12858,0.12809,0.11586,0.12462,0.12333,0.11747,0.11603,0.13738,0.13056,0.14172,0.12052,0.11043,0.11351,0.10441,0.084781,0.072279,0.079463,0.080337,0.079587,0.082393,0.076661,0.080753,0.086548,0.088628,0.087245,0.10226,0.12175,0.12164,0.097877,0.097472
0.057535,0.035689,0.029562,0.042016,0.031469,0.037051,0.031891,0.024245,0.012264,0.019986,0.0425,0.022897,0.028282,0.033963,0.0489,0.05219,0.043951,0.049047,0.075393,0.09406,0.10503,0.10722,0.10359,0.095355,0.117,0.13601,0.12426,0.12528,0.12702,0.13566,0.12923,0.13765,0.13071,0.11485,0.10898,0.090241,0.08323,0.073087,0.067443,0.071444,0.073203,0.05865,0.069889,0.090209,0.080244,0.088931,0.10289,0.11052,0.1089,0.10103,0.085517
0.031042,0.030515,0.040861,0.036657,0.04376,0.02502,0.036555,0.028881,0.038448,0.044662,0.051435,0.037954,0.041233,0.034635,0.034659,0.055928,0.062969,0.065757,0.077029,0.078898,0.078132,0.087688,0.093054,0.094395,0.1061,0.13172,0.13289,0.14518,0.14558,0.12331,0.13016,0.13985,0.12776,0.13013,0.11031,0.1041,0.07773,0.074115,0.053607,0.052754,0.04999,0.059475,0.068327,0.075272,0.052906,0.071102,0.095216,0.11282,0.11064,0.097633,0.066165
0.033558,0.03201,0.031448,0.030259,0.041836,0.025908,0.032311,0.027807,0.054469,0.057322,0.058499,0.047968,0.055431,0.040417,0.030311,0.037091,0.051782,0.05321,0.081005,0.078448,0.079437,0.084122,0.074216,0.090443,0.10104,0.12659,0.12818,0.13727,0.12448,0.12403,0.1331,0.14291,0.12144,0.12997,0.11877,0.093312,0.056993,0.073066,0.050729,0.048825,0.05216,0.040709,0.042556,0.048245,0.034545,0.058863,0.065813,0.085226,0.094885,0.092099,0.072794
0.030615,0.031247,0.038636,0.038025,0.03756,0.038965,0.036213,0.045814,0.060898,0.072121,0.071594,0.050878,0.062019,0.041714,0.032555,0.041939,0.057402,0.063197,0.075996,0.084292,0.087411,0.085477,0.10633,0.10049,0.098591,0.11702,0.11526,0.12899,0.12135,0.13499,0.13816,0.1314,0.11904,0.1357,0.1257,0.1039,0.080888,0.058713,0.045574,0.051457,0.046978,0.044636,0.030027,0.040628,0.035391,0.047077,0.049954,0.059426,0.078623,0.088338,0.064073
0.048059,0.045255,0.037304,0.031822,0.032976,0.037477,0.054337,0.075956,0.081319,0.05688,0.061708,0.056927,0.047842,0.057397,0.053122,0.057391,0.063989,0.09156,0.10049,0.096497,0.10163,0.10824,0.11187,0.1041,0.10795,0.1031,0.12452,0.12929,0.13903,0.13644,0.14269,0.13698,0.12781,0.12146,0.11973,0.11189,0.085874,0.075991,0.046685,0.052208,0.051314,0.034009,0.026478,0.0394,0.046677,0.044658,0.028566,0.030066,0.051155,0.049661,0.067595
0.044781,0.057893,0.054751,0.045333,0.035024,0.02793,0.037115,0.061791,0.067577,0.053727,0.049289,0.050785,0.054794,0.062192,0.058291,0.050944,0.080452,0.091896,0.094776,0.087512,0.10208,0.11619,0.12963,0.11808,0.08392,0.093459,0.10412,0.12578,0.14531,0.1417,0.15094,0.13328,0.12551,0.11405,0.092681,0.097643,0.08678,0.049791,0.052593,0.049751,0.047831,0.037426,0.051567,0.034463,0.026644,0.021152,0.012217,0.016718,0.02385,0.034604,0.042802
0.060246,0.05489,0.049665,0.045313,0.048894,0.047735,0.030678,0.051935,0.06788,0.04401,0.04145,0.03847,0.041068,0.056109,0.056512,0.052673,0.070264,0.087615,0.089508,0.097425,0.11498,0.12147,0.12174,0.11017,0.097872,0.10148,0.11235,0.11512,0.11884,0.13591,0.14512,0.13403,0.11991,0.096462,0.092313,0.085804,0.072707,0.053682,0.053775,0.054636,0.03901,0.027754,0.027081,0.0094297,0.0063522,0.0088664,-0.008613,-0.0070905,0.012549,0.021132,0.036971
0.050584,0.050426,0.06204,0.057417,0.074783,0.064778,0.045057,0.060468,0.077555,0.053099,0.051831,0.034683,0.023704,0.039177,0.053036,0.064311,0.076332,0.092258,0.082632,0.09919,0.11412,0.12067,0.13398,0.11851,0.11,0.11498,0.12237,0.12397,0.1204,0.12972,0.1417,0.12877,0.10692,0.099859,0.091102,0.097869,0.085208,0.06373,0.052044,0.051672,0.033486,0.03746,0.010125,-0.0075226,-0.0075188,-0.0057105,-0.01854,0.0031389,0.028675,0.029699,0.029285
0.046861,0.055111,0.071759,0.067637,0.067199,0.058245,0.051113,0.051642,0.056247,0.039678,0.02989,0.022464,0.025317,0.04084,0.050068,0.050529,0.070326,0.057976,0.06726,0.076292,0.093035,0.10403,0.11305,0.1154,0.090349,0.1089,0.11837,0.1248,0.11351,0.12171,0.12773,0.12317,0.09815,0.084707,0.062873,0.072745,0.071661,0.064046,0.045854,0.034843,0.026754,0.014404,0.0010027,-0.01402,-0.028683,-0.012857,-0.034142,0.0045129,0.021075,0.030064,0.019343
0.051263,0.05548,0.069327,0.068622,0.073992,0.047286,0.036003,0.036286,0.036618,0.01762,0.014256,0.011324,0.016058,0.040963,0.050348,0.056505,0.054084,0.052574,0.045543,0.046642,0.065091,0.091477,0.099054,0.088656,0.085855,0.08608,0.095474,0.11256,0.12435,0.11666,0.12447,0.10547,0.070843,0.063649,0.053373,0.054928,0.046316,0.052502,0.024134,0.023924,0.0080771,0.0073967,-0.006655,-0.011322,-0.033914,-0.036597,-0.035235,-0.008195,0.0037798,0.0068609,0.015928
0.063761,0.057494,0.054972,0.055506,0.049635,0.049748,0.045439,0.034173,0.021374,0.010695,-0.00024095,-0.015677,0.013581,0.032319,0.043011,0.058718,0.053581,0.045803,0.038369,0.044217,0.049252,0.060076,0.070224,0.057036,0.07026,0.082674,0.084443,0.096229,0.11159,0.11337,0.10231,0.081336,0.055414,0.045471,0.05103,0.048388,0.044553,0.035591,0.026308,0.025032,0.0011154,-0.012736,-0.0087839,-0.0028855,-0.023569,-0.026168,-0.018342,-0.031621,-0.015672,0.0086997,0.01407
0.053308,0.069563,0.060811,0.059386,0.039164,0.029384,0.02761,0.020045,0.011479,0.0088635,0.011882,0.0056196,0.017049,0.028534,0.043535,0.050578,0.050771,0.03242,0.044857,0.035637,0.037083,0.058451,0.063597,0.0627,0.063825,0.066282,0.059821,0.08102,0.10068,0.099114,0.086711,0.069428,0.048464,0.049015,0.059697,0.042288,0.032496,0.022606,0.015525,0.0084506,0.026372,-0.0052413,0.002247,0.0037097,-0.013135,-0.026503,-0.031295,-0.023886,-0.014267,-0.00046789,0.0071447
0.053382,0.078013,0.074854,0.051423,0.034263,0.015099,0.031483,0.022839,0.01692,0.0241,0.020192,0.023008,0.035468,0.033071,0.026836,0.043883,0.045497,0.044751,0.057855,0.054663,0.044335,0.050512,0.065618,0.062318,0.058781,0.060534,0.064644,0.07292,0.09272,0.074925,0.08021,0.069006,0.061469,0.07135,0.057596,0.03629,0.023532,0.030268,0.020124,0.018441,0.025424,0.014529,0.012541,0.013921,-0.0052271,-0.023149,-0.021147,-0.013899,0.0055798,0.0070944,0.0052208
0.065694,0.06726,0.061684,0.04856,0.032838,0.027243,0.015006,0.015776,0.025223,0.035587,0.038311,0.02257,0.033962,0.025571,0.027186,0.041796,0.055993,0.045548,0.053959,0.052892,0.045263,0.041302,0.048262,0.052469,0.060492,0.065526,0.065407,0.074957,0.07111,0.083261,0.071074,0.07037,0.059663,0.067627,0.074792,0.038121,0.011545,0.014352,0.0047836,0.0096701,0.01341,0.022041,0.025354,0.026057,0.0026236,-0.00037545,-0.0064496,-0.0036838,0.008096,0.0080196,0.0021292
0.065796,0.069023,0.051517,0.032912,0.040775,0.015474,0.0078846,0.0077669,0.018473,0.022917,0.042373,0.032336,0.033669,0.033886,0.046508,0.042271,0.042684,0.037779,0.034494,0.041865,0.045991,0.038032,0.035965,0.040553,0.055586,0.07279,0.065723,0.07547,0.075934,0.078717,0.08051,0.080648,0.056133,0.064979,0.047173,0.029313,-0.0070677,-0.0086373,-0.012378,-0.0088174,-0.0093966,0.015398,0.018906,0.032893,0.016314,0.0036963,-0.0032408,0.0037021,-0.0028883,0.00031425,0.0025999
0.057195,0.050136,0.057584,0.041841,0.038811,0.014102,0.019942,0.0070447,0.022904,0.028948,0.050013,0.044187,0.032226,0.047764,0.048249,0.041399,0.035453,0.01939,0.020841,0.034026,0.039477,0.048369,0.048042,0.052378,0.052749,0.064894,0.075743,0.071561,0.087752,0.090816,0.081033,0.080637,0.068642,0.053759,0.025472,0.030626,-0.0048613,-0.013313,-0.031113,-0.014203,-0.016454,0.0012397,0.02578,0.032411,0.0090421,0.01535,0.0032577,0.020641,0.019222,0.012593,0.013117
0.043254,0.046273,0.048564,0.043959,0.050169,0.041686,0.033711,0.04912,0.044335,0.032165,0.05184,0.049617,0.046764,0.049388,0.062343,0.037388,0.035322,0.036515,0.034681,0.036827,0.048579,0.061026,0.071786,0.069152,0.072658,0.094836,0.086257,0.094598,0.082562,0.077258,0.073998,0.078787,0.071521,0.062895,0.042685,0.028235,0.025066,-0.00036781,-0.0086345,-0.019955,-0.026747,-0.0060264,0.0069064,0.018604,0.026481,0.020264,0.02146,0.046042,0.037052,0.022102,0.019285
0.039325,0.04277,0.047828,0.049479,0.05914,0.058357,0.032337,0.028489,0.044583,0.04399,0.05266,0.057661,0.064001,0.066909,0.051887,0.044233,0.042981,0.033065,0.025448,0.045227,0.053618,0.061534,0.081901,0.08451,0.089571,0.096113,0.10349,0.079305,0.066504,0.073391,0.077498,0.067389,0.06438,0.057654,0.055857,0.031693,0.013953,-0.0036063,-0.01038,-0.0075506,-0.010645,-0.0051097,0.0030851,0.0033803,0.022474,0.035944,0.038281,0.038796,0.045958,0.028271,0.023774
0.03934,0.056454,0.057156,0.054283,0.063493,0.054783,0.030784,0.032586,0.042425,0.047363,0.048711,0.074485,0.077778,0.084622,0.05702,0.042794,0.050036,0.039304,0.041882,0.05348,0.057697,0.062304,0.084437,0.090818,0.091181,0.08891,0.093681,0.081348,0.07341,0.058954,0.085491,0.070323,0.058244,0.060431,0.049396,0.025534,0.0061601,-0.0053889,0.0068952,0.013296,0.016226,0.01025,0.0064572,0.0082638,0.028272,0.049679,0.040371,0.050503,0.045378,0.039672,0.027022
0.039642,0.046557,0.052444,0.062145,0.058683,0.050997,0.047927,0.053093,0.048284,0.044005,0.053333,0.073145,0.088232,0.085129,0.070101,0.050826,0.05317,0.054516,0.05779,0.046579,0.051949,0.071836,0.090115,0.093456,0.089396,0.084481,0.081936,0.084311,0.069257,0.054995,0.062378,0.071436,0.060954,0.056624,0.051461,0.030278,0.017988,0.0046826,0.00036964,0.016666,0.024715,0.013515,0.0147,0.027753,0.040698,0.059206,0.052115,0.046749,0.035022,0.0255,0.0065363
0.044167,0.024901,0.049227,0.055927,0.056268,0.04792,0.063668,0.06274,0.06103,0.048676,0.065569,0.070124,0.09302,0.093674,0.066763,0.045855,0.035714,0.045552,0.044275,0.042398,0.042295,0.078193,0.095394,0.074919,0.077061,0.076028,0.068808,0.063967,0.058197,0.056897,0.056103,0.065978,0.061822,0.057155,0.039685,0.032924,0.021798,0.01122,-0.0062243,0.031985,0.019058,0.019889,0.024639,0.047038,0.052962,0.063084,0.063789,0.038698,0.029036,0.022873,0.013107
