-0.0066589,-0.0066589,-0.011457,-0.02224,-0.00090085,-0.030172,-0.018938,-0.042743,-0.010537,-0.0063182,-0.011052,0.0096992,0.002829,-0.0035327,0.012084,0.01356,0.038764,0.022666,-0.036118,-0.015949,-0.010433,-0.017913,-0.049162,-0.04437,-0.019862,0.0187,0.0091542,0.016857,-0.011571,-0.0071898,-0.00097715,0.0029399,-0.019672,-0.047827,-0.060741,-0.034993,-0.057077,-0.0065924,-0.013695,-0.017632,0.01379,0.021534,0.003833,0.023085,0.054156,0.054083,0.052712,0.048594,0.053725,0.051334,0.050506
0.019802,-0.0076714,8.3796e-06,-0.000306,-0.027059,-0.017994,-0.025787,0.0013287,-0.00011527,-0.00069398,0.018609,-0.0070721,0.034858,-0.010423,0.005957,-0.0080876,0.026532,0.036703,0.020048,0.01733,-0.024001,-0.027019,-0.012237,-0.01157,-0.03631,-0.0062043,0.018922,0.012397,0.025889,0.018881,-0.020813,0.0036352,-0.019958,-0.052929,-0.017143,-0.050712,-0.025701,0.004036,-0.0077989,-0.0071219,0.0088761,0.014871,0.032925,0.052955,0.047397,0.037889,0.054143,0.095445,0.097646,0.087687,0.044686
0.030578,0.015062,0.0010355,0.02903,-0.0018988,-0.0086458,0.015026,0.012845,-0.0025524,0.0083192,0.0012334,0.013274,0.0040252,0.0025594,0.037905,-0.0049295,0.015179,0.0076318,0.035451,0.0055564,-0.015969,-0.025862,-0.0062747,-0.027818,0.018044,0.023523,0.018484,-0.006874,0.011013,-0.011308,-0.013981,-0.013171,0.0060604,-0.037992,-0.016605,-0.018592,-0.035483,-0.013463,-0.0042069,0.0015525,0.028834,-0.0068577,0.019492,0.062909,0.045515,0.052187,0.075432,0.090225,0.078021,0.088148,0.091451
0.00017722,-0.021098,0.015896,0.0077996,0.010657,-0.026278,0.0084798,-0.0058834,0.0083926,0.010586,0.0052241,0.028999,-0.017707,-0.027134,-0.016389,-0.0031351,0.013791,0.040819,0.033932,-0.018927,-0.01052,-0.036486,-0.029302,-0.01482,0.03476,0.016916,-0.0042766,-0.03841,0.041852,0.0040059,0.012246,0.0040815,-0.0026688,-0.041037,-0.016874,-0.052996,-0.038694,-0.01459,-0.0078956,0.015335,0.028603,-0.011566,0.022412,0.018228,0.01673,0.027945,0.048342,0.082773,0.06639,0.10284,0.11157
0.020628,0.02894,0.031988,0.029394,0.0037543,0.029772,0.030652,0.036946,0.015902,0.032815,0.0085078,-0.0030985,-0.0073473,-0.035631,-0.015308,0.00095674,0.035638,0.042677,0.020696,0.031945,0.0012786,-0.049445,-0.046013,-0.046287,0.01363,0.0075622,0.016176,-0.00088759,0.005436,0.020326,0.024785,-0.00085646,0.019222,-0.029829,-0.026371,-0.06261,-0.043045,-0.015622,0.015957,0.017511,0.023632,-0.0019722,-0.027236,0.01354,0.011072,0.066847,0.10817,0.096688,0.071549,0.10006,0.089169
-0.0055716,0.0065545,0.048463,0.037667,0.032479,0.049127,0.0061464,0.0088532,-0.0083092,-0.02737,-0.0092059,0.012234,-0.0033452,-0.027251,-0.0015891,-0.011005,-0.01029,0.031167,0.020632,-0.0020163,-0.033057,-0.046419,-0.019506,0.0043913,-0.0045391,-0.029749,-0.010406,-0.0070833,0.0028098,0.0034178,0.0079712,0.020894,-0.00098258,-0.0073367,-0.011928,-0.060845,-0.058029,-0.0066337,-0.0031218,-0.0052475,-0.024988,-0.025483,0.010815,0.016345,0.022934,0.015753,0.049377,0.091254,0.10138,0.064276,0.054756
-0.0090396,-0.006083,0.016557,0.0033204,0.049081,0.058293,0.044989,-0.00072821,0.011857,-0.0037755,-0.0013389,0.0023423,-0.012208,-0.03967,-0.017649,-0.0084754,-0.015165,-0.033941,-0.0026694,0.017532,0.0027566,0.0034485,-0.031628,0.0024209,-0.027568,0.0020661,-0.0022516,0.00037752,-0.036483,0.0030804,0.0034058,-0.037972,-0.0060259,-0.018237,-0.036703,-0.036259,-0.019604,-0.0020873,0.025844,-0.0035202,-0.02388,-0.033041,-0.012318,-0.0098508,0.017382,0.038691,0.034476,0.045579,0.05685,0.066219,0.049466
0.02636,-0.0058731,0.025781,0.046583,0.041174,0.055207,0.035984,0.024087,-0.0015632,0.012501,0.060333,0.051271,0.0016218,-0.044847,-0.016193,-0.057935,-0.032762,-0.01243,-0.018627,-0.0097544,0.053302,0.038893,0.0078464,-0.0050577,0.010714,0.0043317,-0.02505,-0.01673,-0.015279,-0.0024053,-0.013065,-0.02006,-0.015767,-0.039037,-0.035039,-0.024444,0.011284,0.006384,0.0016197,-0.0019668,-0.032884,-0.018625,0.0055338,0.03419,0.034919,0.022881,0.04473,0.048477,0.02771,0.028791,0.057933
0.021017,0.021999,0.052615,0.019266,0.044601,0.035284,0.012644,0.016823,-0.0017001,-0.011783,0.021025,0.0040385,0.011967,0.0022693,-0.012469,-0.033556,-0.039584,-0.0116,-0.0017709,0.0029409,0.048472,0.020381,0.020181,-0.028604,0.023219,-0.025026,0.0080062,-0.015437,-0.0082817,-0.012588,-0.02535,-0.0052394,0.0076831,0.0014802,-0.024963,-0.010435,-0.026067,-0.012572,-0.018382,-0.02376,-0.043311,-0.037794,-0.013653,0.014529,0.053359,0.014927,0.065055,0.05523,0.018408,0.010263,-0.0027332
0.0051864,0.028708,0.047029,0.049213,0.045534,0.040593,0.021093,-0.0047707,0.033758,0.01457,0.019396,0.026593,0.021439,-0.018413,-0.0097817,-0.043882,-0.022663,-0.020486,0.015489,0.0050097,0.0056941,0.00089801,0.032442,0.022944,0.0073513,-0.0057197,-0.0079279,-0.0241,-0.0057983,-0.020673,0.006242,-0.018976,-0.0019102,-0.036706,-0.026092,-0.030285,-0.042249,-0.043536,-0.03774,-0.03816,-0.036305,-0.034402,0.011819,0.024399,0.018439,0.03633,0.011916,0.039926,0.02581,0.024044,-0.023668
0.014621,0.040957,0.03809,0.039302,0.028044,0.016232,0.010106,0.044649,0.053228,0.034876,0.033573,0.025687,0.033588,0.0041315,0.00062682,-0.0079861,0.00068149,-0.012909,0.032481,0.0010626,0.037807,0.024212,0.024199,0.026947,0.03286,0.041603,0.03,0.014685,0.0083655,0.0095872,0.011388,0.0017585,-0.015691,-0.034451,-0.0033825,-0.025019,-0.039623,-0.022019,-0.039911,-0.024029,-0.025632,-0.018929,-0.046264,-0.012125,0.034024,0.046485,0.035156,0.022604,0.020171,0.022527,0.022415
0.025236,0.013428,0.021227,0.054341,0.027042,0.029046,0.053366,0.036149,0.053669,0.046123,0.035393,0.028261,0.052313,0.021268,0.005187,0.0037874,0.023394,0.023921,-0.0019731,0.051049,0.04195,0.039319,0.072595,0.046231,0.037647,0.06755,0.024876,0.013109,0.023379,0.057545,0.017835,0.018134,-0.0045087,-0.032726,-0.013706,-0.0058615,-0.030883,-0.043917,-0.07034,-0.035346,-0.0010953,0.0037504,-0.015903,0.0042744,0.0023812,0.0062265,0.03292,-0.008257,0.030865,0.051609,0.052439
-0.0091083,-0.020206,-0.0018436,0.029897,0.0020699,-0.00018855,0.050284,0.07682,0.049965,0.0071182,0.0055564,-0.019684,0.0045649,0.044087,0.021509,-0.014922,-0.010095,0.04723,0.033525,0.019572,0.031614,0.068732,0.035411,0.049755,0.016885,0.04331,0.015706,0.03397,0.055778,0.015206,-0.040345,-0.0033623,-0.016032,-0.054544,-0.039346,-0.05357,-0.066497,-0.060641,-0.064659,-0.032354,-0.0089627,-0.033462,-0.012108,0.019314,-0.017084,-0.048035,-0.045203,0.020171,-0.0094417,0.035956,0.04767
0.020978,-0.0050169,0.0023904,0.030479,-0.00049998,-0.014404,0.008975,-0.013574,-0.01463,0.01828,-0.011463,0.010762,-0.03493,0.019253,0.0043113,0.017179,0.0408,0.058512,0.026152,0.038574,0.070402,0.060814,0.077785,0.055238,0.037073,0.028161,0.044465,0.023327,0.011513,0.0057861,0.0093383,-0.012781,-0.040616,-0.052498,-0.056925,-0.02359,-0.066607,-0.039342,-0.090738,-0.054421,-0.0081106,-0.020108,-0.01965,0.005924,-0.012597,-0.033911,-0.045132,-0.0099184,0.0082597,0.0083817,0.018705
0.034119,0.026957,0.035119,0.019545,0.0059031,-0.0057412,-0.022696,0.00031351,-0.010803,-0.024672,-0.025989,-0.018815,-0.023881,-0.017135,0.0029793,0.045981,0.06274,0.070484,0.046149,0.060762,0.083826,0.055697,0.069276,0.052136,0.021672,0.032263,0.052905,0.0072652,-0.0081218,-0.015171,-0.016846,-0.013599,-0.017447,-0.065365,-0.033397,-0.077103,-0.071465,-0.054805,-0.049358,-0.045574,-0.034691,0.0010566,-0.021571,-0.0081387,-0.0034786,-0.0028714,-0.033606,-0.008734,0.0095317,0.016,-0.01467
0.021881,0.044472,0.005812,0.018099,0.011753,0.0062669,-0.044136,-0.02522,-0.0083078,-0.032577,-0.01731,-0.0046644,-0.0072483,-0.02736,0.024016,0.022992,0.066344,0.059365,0.045668,0.069309,0.08828,0.086624,0.085355,0.071812,0.050656,0.050881,0.028315,-0.0080632,-0.0078479,-0.020225,-0.0058519,-0.023266,0.0078787,-0.044683,-0.02191,-0.032895,-0.050374,-0.052047,-0.016739,-0.052855,-0.018547,0.027193,-0.0016522,-0.010133,-0.027634,-0.015149,-0.044664,-0.0042084,0.0010609,0.011168,-0.026719
0.004639,0.027526,0.052131,0.023264,-0.016267,-0.013654,-0.014394,-0.013184,-0.00029557,-0.021797,-0.011739,-0.00070739,-0.0013139,0.018987,0.01706,-0.0093138,0.021104,0.034882,0.063833,0.055712,0.093469,0.079514,0.09628,0.095655,0.050892,0.030776,0.047571,0.005877,0.017354,-0.015298,-0.036409,-0.033382,0.00025609,-0.0027627,-0.041304,-0.0017887,-0.022284,-0.013252,0.007648,0.0033119,-0.029911,-0.046894,0.013795,-0.0027941,-0.019389,-0.035475,-0.029806,0.0049554,0.0028984,-0.017294,-0.017691
0.0088516,0.030178,0.022295,0.001421,0.015853,0.005795,-0.021052,-0.017486,-0.04065,-0.068638,0.0041281,-0.0055866,-0.023393,-0.017325,0.034895,0.0034635,0.00087171,0.02649,0.039716,0.032325,0.067061,0.080469,0.027076,0.034031,0.023603,0.022345,-0.0121,0.0052024,-0.01303,0.018661,0.0042748,-0.018566,-0.017392,-0.04,-0.017774,0.0044555,0.00020323,-0.041668,-0.026577,-0.036865,-0.037111,-0.030842,-0.042814,-0.010575,-0.020903,-0.031185,-0.023907,-0.007685,-0.029526,-0.017522,0.0083304
0.0066038,-0.0027571,0.024072,0.025625,0.01566,0.0050267,-0.0083969,-0.0064744,-0.053205,-0.080397,-0.04858,-0.010353,-0.00080723,0.017218,0.029851,0.010561,-0.0059077,0.0092608,0.017527,0.055857,0.063039,0.030491,0.035253,0.024944,0.014191,0.017802,-0.0031266,-0.002708,0.011125,0.046862,0.015115,0.0014821,-0.0020294,0.021207,0.005588,-0.0050651,-0.023968,-0.026482,-0.03097,-0.02242,-0.036994,-0.020982,-0.032066,0.00032004,-0.021935,-0.01985,-0.0128,-0.030466,-0.036303,-0.018582,-0.0041789
0.0029304,0.013133,0.038445,0.030628,0.031087,0.019567,0.0057354,-0.00050714,-0.019708,-0.022921,-0.012465,0.00086094,0.014442,0.02501,0.0014771,0.0077878,0.014852,0.014244,0.051649,0.049974,0.063156,0.036665,0.020016,0.041106,0.041518,0.0086606,0.012051,0.013989,0.041153,0.036763,0.031443,0.012202,-0.017181,0.038816,-0.0023169,0.0054842,-0.025487,0.034242,0.011935,-0.011626,-0.0045627,-0.0019973,-0.010984,-0.0098415,0.0031797,-0.020131,-0.0057436,0.017373,-0.0060225,-0.0104,-0.0023702
-0.033296,-0.0087583,0.011614,-0.001055,-0.031042,0.0016055,-0.0082426,-0.051902,-0.016614,-0.018401,-0.018764,-0.032057,-0.011523,-0.043541,-0.0090175,-0.017967,0.011636,0.010868,0.042625,0.040712,0.032983,0.028359,0.0053569,0.022819,0.0065505,0.0093598,-0.01163,0.0082513,0.01868,-0.0036629,0.020864,0.017983,0.0019682,-0.01496,0.0016011,-0.039687,-0.029992,-0.00095838,0.0163,-0.0038993,-0.0016864,-0.04275,-0.037808,-0.01163,-0.038222,-0.019075,-0.032061,-0.0019483,0.00036763,-0.025309,-0.031227
-0.020869,-0.036202,-0.0010393,-0.0086182,-0.011554,0.0088999,-0.0049761,-0.044634,-0.059981,-0.025869,0.01323,-0.031581,-0.012855,-0.040282,-0.018277,0.0096211,0.019372,0.0021662,0.032997,0.0036494,0.040903,0.03266,0.030934,0.014499,0.045071,0.032563,0.010267,-0.031202,0.0063378,-0.005984,-0.0010169,0.023603,0.017823,-0.01977,-0.0017946,-0.021931,-0.0058021,-0.014738,-0.014164,0.00099999,-0.0087472,-0.035775,-0.024983,0.005064,-0.018841,-0.042499,0.013803,-0.016092,-0.012937,-0.0071337,-0.0039975
0.015844,-0.029834,-0.060518,0.00046487,-0.023345,-0.0337,-0.024408,-0.03859,-0.011934,-0.017552,-0.011165,0.0069923,-0.018137,-0.045454,0.00139,-0.026284,0.0016096,-0.00097757,0.016703,0.015598,0.05773,0.029943,0.022358,0.0039199,0.021381,0.026547,-0.0044792,-0.019156,0.020473,-0.022416,0.011974,0.0010624,0.001578,-0.0010632,-0.0025016,-0.05126,-0.038336,-4.355e-05,-0.02055,-0.052224,0.0027034,-0.038994,-0.028513,0.0069634,-0.011576,-0.014512,-0.0061628,0.0027039,-0.0018802,-0.018826,-0.011548
-0.009472,-0.061869,-0.034058,-0.011173,-0.042981,-0.045886,-0.020631,-0.01848,-0.0083449,-0.014694,-0.005899,-0.012538,-0.017289,-0.025665,-0.036134,-0.0049127,0.010505,0.040641,0.059472,0.023128,0.033801,0.037857,0.01883,0.025337,-0.0057001,-0.0010891,0.023528,-0.0064235,0.042021,0.010608,0.02089,0.016825,0.039731,0.0022276,-0.016071,-0.034973,-0.013513,-0.024496,-0.025033,-0.044084,-0.042137,-0.073866,-0.011458,0.011892,-0.019496,0.0022509,-0.00093782,0.039294,0.010778,0.029259,-0.0078035
-0.022354,-0.030571,-0.0079459,-0.02414,-0.037804,-0.019708,-0.035232,-0.050179,-0.01561,0.0023277,-0.0074463,0.031287,-0.013513,0.0048153,-0.01539,-0.0043557,-0.020569,0.023207,-0.01092,-0.0096248,0.020346,0.0040816,0.039062,0.021541,0.040868,0.013265,0.019482,-0.020325,-0.021564,-0.018998,0.0081965,0.036242,0.020788,-0.0049002,-0.0072899,0.0018081,-0.042113,-0.049697,-0.075049,-0.058795,-0.051208,-0.056104,-0.048661,-0.0050404,-0.0041004,0.0094528,0.015745,-0.0078688,0.040236,0.0020222,0.024461
-0.062031,-0.037927,-0.026927,-0.038323,-0.05134,-0.027975,-0.041528,-0.008232,0.023272,0.0097768,0.0088215,0.013116,0.0070303,-0.0083498,-0.040816,-0.035728,-0.0023674,0.018729,0.010922,0.0010013,0.010184,-0.01064,-0.002978,0.054608,0.01963,0.043802,0.022815,-0.002268,-0.017556,-0.0050764,0.0020036,0.0040698,0.012658,-0.0077052,0.0069899,0.0013223,-0.015262,-0.037656,-0.025553,-0.041047,-0.052743,-0.05305,-0.083988,-0.053581,-0.029661,0.0052175,0.0080538,0.0219,0.040671,0.034042,0.025783
-0.05919,-0.057186,-0.038028,-0.008655,-0.043425,-0.060228,-0.04163,-0.021842,0.029719,-0.019195,-0.0038115,0.0043777,-0.02109,-0.038551,-0.044733,-0.076025,-0.02394,0.014228,0.010197,-0.0030292,-0.0029148,-0.0074679,-0.020347,0.017005,-0.012348,0.021387,-0.011653,-0.031542,-0.018672,-0.015866,0.0063489,-0.018464,0.017378,-0.0079241,-0.041445,-0.020336,-0.037227,-0.052852,-0.025716,-0.053038,-0.041028,-0.060505,-0.06906,-0.07606,-0.052284,0.0018466,-0.0068359,0.010115,0.015003,0.021751,0.019065
-0.048884,-0.032919,0.0031176,0.027369,0.0048159,-0.0055518,-0.030602,0.013149,-0.0021247,-0.065026,-0.02087,-0.017869,-0.017376,-0.016456,-0.014018,-0.026422,-0.00074221,0.02892,0.04724,-0.0089413,0.0014358,-0.013827,0.014218,0.00030713,-0.018453,-0.032802,0.0066472,-0.018182,-0.02903,-0.018017,0.005158,0.014324,0.020828,0.0070527,-0.01693,-0.0061931,-0.033396,-0.023639,-0.022844,-0.047467,-0.045887,-0.040583,-0.048227,-0.028261,0.0075616,-0.0039796,-0.0035955,0.017822,0.038466,0.0083598,0.029031
-0.018251,-0.037617,-0.023619,0.014613,0.018687,0.030066,0.024079,0.0058931,-0.02631,-0.040862,0.018987,-0.030811,-0.03069,-0.017608,-0.027704,-0.037272,0.015396,0.016922,0.037849,0.023984,0.055309,0.020556,0.023752,-0.014293,-0.029308,-0.00080719,0.0055379,-0.014316,-0.0038717,0.012358,0.01681,0.012094,0.015853,-0.036826,-0.02038,0.017195,0.019243,-0.012254,0.0093253,0.0052165,-0.0014661,-0.0031188,-0.027597,0.010271,0.0022712,-0.0039163,0.0071298,0.011604,0.0050706,0.029478,0.043769
-0.0041508,-0.011887,-0.018168,0.015286,0.051192,0.030427,0.034398,0.0065568,0.011023,-0.030914,-0.029684,-0.023185,-0.048722,-0.015366,-0.039856,-0.022743,0.007757,0.014547,0.032133,0.033989,0.059993,0.012013,-0.0035154,-0.030874,-0.031891,-0.013041,-0.0080338,-0.0070574,0.022412,-0.022841,-0.010273,-0.01567,-0.026052,-0.018907,-0.026319,0.016529,0.000279,0.056224,0.059918,0.018641,0.0064625,-0.011522,-0.03725,-0.012385,-0.0065014,-0.0055446,0.010641,0.042087,0.029158,0.047656,0.045546
-0.022815,-0.0066032,0.0076534,0.051831,0.038232,0.059141,0.0049389,-0.0020295,-0.012887,-0.033707,-0.020238,-0.031328,-0.0043306,-0.034439,-0.049158,-0.0015298,0.019462,-0.0069046,0.021886,0.012925,0.018536,0.019333,0.014977,0.011291,-0.02788,0.0039483,-0.0059563,-0.019113,-0.012579,-0.0050933,-0.017997,0.014328,0.0029961,0.0046275,-0.018858,0.0085092,0.011242,0.048301,0.042351,0.025602,-0.0091332,0.0067263,0.00070326,0.0062783,-0.006399,0.0097784,0.017717,0.025007,0.029983,0.043721,0.044972
0.018139,0.012072,0.015555,0.056727,0.031102,0.042835,0.033234,0.028105,0.019258,-0.01002,0.014733,-0.021911,-0.024204,-0.042615,-0.014758,-0.0035203,0.0033682,0.029772,0.034736,0.042198,0.0069894,0.01248,-0.00043528,0.010107,-0.02057,0.035944,-0.0008749,0.024792,0.016078,0.032551,-0.0028077,0.024113,0.0020097,-0.022974,0.010329,0.0031132,0.018835,0.060602,0.068753,0.054018,0.036991,0.010423,-0.014743,0.03109,0.0038566,0.027623,0.042869,0.054002,0.072587,0.046028,0.052318
0.038547,0.031708,0.034078,0.028722,0.030821,0.010261,0.026404,0.00085466,-0.020402,-0.018231,0.0080725,-0.011375,-0.045531,-0.011522,-0.023795,0.0030329,-0.01189,0.012153,0.022084,0.0030197,0.018265,-0.010798,-0.036997,-0.00556,-0.010829,0.01758,-0.0068479,-0.012839,0.037299,0.026983,0.010481,0.0092583,-0.024415,-0.018321,-0.0011121,0.0098996,0.0012778,0.030139,0.020911,0.033551,0.03446,0.0067556,-0.011379,0.024015,0.031901,0.016269,0.054447,0.089823,0.061113,0.05117,0.065672
0.02047,0.024156,0.036022,0.064031,-0.0049573,0.028847,0.034616,-0.0034874,-0.0049136,-0.017952,-0.055506,-0.025356,-0.024398,0.0040167,0.029376,-0.0037449,0.01089,0.019241,0.013523,0.0086243,0.046756,0.00052709,-0.003641,0.017842,0.032551,0.036236,0.0074852,-0.0043668,0.056439,0.025304,0.012499,-0.01143,0.012885,0.026501,0.013863,0.019263,0.012715,0.016596,0.023578,0.033533,0.047312,0.011832,0.040588,0.072209,0.031204,0.068575,0.059832,0.072866,0.065131,0.058155,0.063114
0.012375,0.0093659,0.028914,-0.012037,-0.021802,0.017254,-0.0043382,0.019172,0.012055,-0.029471,-0.020181,-0.022597,-0.022312,-0.030694,-0.022059,-0.00084731,-0.02088,0.014092,0.0067634,-0.01428,0.027427,0.0088732,-0.0042605,0.027167,0.035921,-0.02068,0.026889,0.0053096,0.038069,0.005861,0.0067383,-0.031692,-0.037799,-0.036886,6.4263e-05,-0.026825,0.0097544,0.026819,0.034964,0.018743,0.044111,0.061202,0.057533,0.062387,0.028725,0.024197,0.014801,0.069321,0.076313,0.070851,0.054865
0.024507,0.0083358,0.0026182,-0.027913,-0.043591,0.00083362,-0.0025879,-0.026883,-0.0010965,-0.021581,-0.056268,-0.044867,-0.066117,-0.05612,-0.025711,-0.023773,-0.011843,-0.015011,-0.0042022,0.011056,0.025589,-0.025216,0.0026515,0.0078893,-0.0030793,0.0061684,0.031273,-0.0059882,0.0093745,-0.0057962,-0.0059967,-0.056984,-0.03623,-0.035479,-0.018133,-0.013921,-0.0063178,0.0097431,0.030264,0.03086,0.046946,0.030267,0.038725,0.049608,0.0055683,0.027006,0.016785,0.025179,0.082085,0.053407,0.017751
0.015814,0.036482,0.0093734,0.0063167,0.0087073,0.023781,-0.0093034,-0.014568,-0.0075133,-0.040193,-0.037155,-0.035813,-0.068725,-0.076147,-0.0078666,0.0047444,0.016091,-0.0050895,0.020265,-0.017057,0.0064002,0.0092689,-0.0205,0.01203,-0.0069013,0.031062,0.0074469,0.012448,0.014478,0.0037229,0.013491,-0.010023,0.0020483,-0.0042709,-0.017208,-0.0034243,-0.014245,-0.019301,0.025651,0.026009,0.048408,0.061493,0.064971,0.062322,0.023417,0.015344,0.018434,0.051103,0.059592,0.05163,0.027317
0.048097,0.0064081,0.044571,0.038115,0.0021629,0.0018816,0.017195,0.0077532,0.020426,-0.027829,-0.015847,-0.036953,-0.058728,-0.054773,-0.017552,-0.014209,-0.0015186,0.039366,-0.0029744,-0.014678,5.0836e-05,0.021479,-0.02822,-0.034622,-0.0048171,0.01871,0.0096612,0.02871,0.036192,0.017856,-0.0022248,0.014576,0.025581,0.012346,-0.037052,-0.010281,0.0066214,0.0098828,0.034783,0.040792,0.046384,0.02375,0.050127,0.053616,0.0025386,-0.0015079,0.039527,0.038437,0.048229,0.044869,0.050326
0.0059187,-0.013297,0.0075838,0.017103,0.00088949,0.018713,0.0015604,0.024445,0.0073179,-0.011234,0.0034672,-0.029673,-0.039354,-0.051687,-0.064715,-0.047377,-0.01541,-0.021115,-0.004422,-0.027137,-0.017112,0.0020526,-0.0020731,-0.011523,-0.010647,-0.0060193,0.019416,0.037378,0.031723,0.035737,0.020644,0.011996,-0.0048568,-0.0085394,-0.0096999,0.022622,0.02225,0.033129,0.024705,0.0064015,0.021382,0.022759,0.010832,0.045307,-0.0050549,-0.023232,0.0036497,0.012461,0.022195,0.020378,0.014523
0.028398,0.0302,0.010278,0.010601,0.027845,0.024493,0.02224,0.014255,0.016909,-0.025886,-0.028991,-0.011823,-0.025126,-0.016869,-0.022464,-0.046027,-0.044417,-0.07936,-0.008293,-0.027443,0.00014818,-0.0073045,0.0018335,-0.023867,-0.040535,-0.0097705,-0.00058446,0.0037648,0.026872,-0.0047129,0.036232,0.031371,0.0020422,0.016992,0.040392,0.042712,-0.00039582,0.017927,0.016067,-0.012883,0.010403,-0.0030381,-0.027521,-0.0085754,0.0077441,0.001228,-0.023604,-0.012157,0.0037831,0.018917,0.020076
0.014704,-0.014855,0.020642,0.037366,0.020812,0.0059203,0.036183,-0.0059137,0.0098731,-0.012126,-0.017141,-0.024326,0.0061189,-0.015909,-0.053023,-0.055671,-0.034571,-0.06379,-0.035078,-0.021695,-0.012547,-0.022336,0.018721,-0.0070629,-0.0075926,-0.0081365,0.016224,-0.0060061,0.027096,0.020868,0.053431,0.0106,0.0065838,0.0079162,0.026175,0.052131,0.031537,0.015214,0.013042,-0.018285,0.0027588,-0.023816,-0.036017,-0.02875,-0.0076961,0.00071859,-0.00091184,-0.025691,-0.01463,0.0084097,-0.014274
0.037318,0.04382,0.053665,0.0679,-0.0037011,-0.00020859,-0.024907,0.022368,0.0060791,-0.030757,0.0040127,-0.026284,0.039,-0.0070295,-0.026275,-0.071369,-0.026633,-0.028045,-0.0078401,-0.028482,0.013504,0.0082151,0.0065413,0.012369,0.0018895,-0.0033313,0.0059789,-0.0047366,0.024813,0.022946,0.035388,0.060958,0.054901,0.031097,0.056361,0.016882,0.032167,0.026782,0.0030391,-0.022557,-0.012216,-0.034826,-0.048944,-0.017409,0.012361,0.015664,0.010823,0.0032501,-0.034569,-0.050748,-0.018085
0.036434,0.024466,0.032917,0.069675,0.041699,-0.0037919,0.0096494,-0.011106,-0.012102,-0.017397,0.011681,-0.0017059,-0.024521,-0.0053028,-0.017012,-0.065198,-0.029278,0.00044258,0.0090602,-0.017809,-3.4794e-05,-0.00011167,0.0070324,0.013473,-0.0013238,0.019735,-0.018083,-0.03463,0.023801,0.035719,0.038373,0.058467,0.077501,0.017537,0.020601,0.04571,0.011237,-0.017493,-0.019422,-0.014067,-0.0084152,-0.061709,-0.030411,0.0082423,-0.012422,-0.0081042,0.0083943,-0.0059528,-0.022945,-0.031882,-0.018369
0.034286,0.014668,0.0078129,0.0019748,0.015105,-0.0084229,-0.0073166,-0.01911,-0.016251,-0.019318,-0.006695,0.013106,-0.033365,-0.013344,-0.036676,-0.027907,-0.058822,-0.027788,-0.023721,-0.004162,0.032401,0.0072053,0.001841,0.02119,-0.025687,0.019854,0.037692,-0.0066836,0.0026544,0.0092917,0.040592,0.056477,0.052374,0.033278,0.028444,0.011251,-0.005562,-0.016758,-0.016802,-0.0017479,-0.022332,-0.04027,-0.060554,-0.044259,-0.018033,-0.0224,-0.051595,-0.021522,-0.041181,-0.038798,-0.02433
0.012897,-0.014215,-0.022162,0.015699,0.0058691,0.020072,-0.02844,-0.014064,0.0026375,0.003226,0.0016454,0.0379,-0.005135,-0.038174,-0.042354,-0.041437,-0.046405,-0.0038726,-0.048635,-0.023751,0.0059403,-0.021303,-0.0029668,-0.0049696,0.0029415,0.014388,0.027752,0.017442,0.023975,0.04588,0.024276,0.032752,0.029674,0.0056308,-0.0014726,0.0044787,-0.006647,0.010404,-0.010724,-0.047807,-0.065446,-0.03304,-0.045087,-0.038097,-0.042071,-0.023777,-0.057321,-0.044025,0.0049179,-0.024751,-0.021968
0.0078128,0.012685,0.038577,0.007718,0.024106,0.031652,-0.001788,-0.0054176,0.0029693,-0.010049,0.0059018,0.012626,0.010264,0.0082155,-0.034039,-0.0019494,-0.015689,-0.0024816,-0.024811,-0.013403,0.0042656,-0.018699,-0.017989,-0.001731,-0.0076999,0.016017,0.053725,0.020564,0.065497,0.071819,0.04719,0.072796,0.096222,0.040542,0.0079682,0.0081991,-0.022546,-0.012944,-0.0091342,-0.026992,-0.061282,-0.041079,-0.0094462,-0.026522,-0.030815,-0.027829,-0.038385,-0.016866,-0.0017515,0.0076477,0.0047598
0.0029045,0.026248,0.0099743,0.017713,0.013825,0.027707,0.013567,-0.023942,0.0034034,0.0070993,0.032368,0.02438,-0.01414,-0.0080926,0.022343,-0.03061,0.0064717,0.0058506,-0.01488,-0.040714,-0.025833,-0.054961,-0.048914,0.006455,0.0073668,0.040309,0.023269,0.052927,0.07396,0.06971,0.096045,0.065175,0.084053,0.036409,0.03767,-0.0044785,-0.029272,-0.031055,-0.02073,-0.03477,-0.0184,-0.03359,-0.03579,0.008496,-0.015213,-0.029035,-0.040631,0.020396,0.013577,-0.011603,-0.0013946
0.03975,0.027427,0.021545,0.016451,-0.0505,-0.032489,-0.023449,-0.011056,-0.025506,0.00026616,0.05582,0.010331,-0.0080107,-0.036393,-0.014815,-0.04733,-0.033187,-0.04701,-0.039534,-0.058249,-0.038992,-0.0675,-0.057813,-0.041784,0.0040841,0.016834,0.015943,0.012054,0.0083087,0.04418,0.059541,0.047544,0.062284,0.03306,-0.0046888,-0.032119,-0.042209,-0.059157,-0.036826,-0.0079686,-0.024525,-0.031885,-0.057699,-0.023089,-0.022937,-0.037627,0.0040228,-0.014866,-0.043368,-0.032693,-0.0078883
0.033978,0.010893,0.035216,0.02643,-0.0087523,-0.044342,-0.040727,-0.011378,0.01157,-0.011949,0.029373,0.0342,0.019064,-0.013242,-0.032868,-0.026869,-0.019447,-0.0026726,-0.027949,-0.047507,-0.075903,-0.069389,-0.018575,0.0010711,0.052897,0.021927,0.0090107,0.0079747,0.039127,0.060878,0.050085,0.050508,0.046162,0.054646,0.024636,-0.013461,-0.028325,0.022215,-0.0033132,-0.025054,-0.010226,-0.005434,-0.0064154,0.0057511,-0.0073177,-0.017668,0.0065467,0.0074595,-0.0032776,-0.0053958,-0.031865
0.035923,0.054301,0.044278,0.021689,-0.0080862,-0.020339,-0.030046,-0.02912,-0.029833,-0.018716,0.003847,0.010578,0.014321,0.019545,-0.0097061,-0.021806,-0.025461,-0.064926,-0.032431,-0.035712,-0.057105,-0.04418,-0.040321,-0.012775,0.0080981,0.010469,-0.024713,-0.0032123,-0.0020372,0.017491,0.035669,0.047191,0.053065,0.045194,0.023881,0.0055057,-0.04434,-0.00088261,-0.0052198,-0.015396,-0.0027648,-0.00014555,-0.0064528,0.037433,0.0044995,-0.0017877,-0.0020263,0.001829,-0.05183,-0.015344,-0.015466
0.03855,0.025839,0.036531,0.0065485,-0.013669,0.0096413,-0.011278,-0.043791,-0.031743,-0.0071256,-0.0031107,0.020267,0.012041,-0.0025058,-0.010212,-0.012427,-0.031313,-0.043181,-0.029205,-0.035088,-0.038139,-0.038809,-0.025466,-0.03281,-0.023339,0.0018101,-0.015735,0.024595,0.024168,0.038882,0.028509,0.053437,0.0073361,0.01353,0.010204,0.016188,-0.0098132,0.0081158,-0.0091063,0.021881,-0.011243,-0.0027642,0.01405,0.041329,0.018298,0.00050721,0.01435,-0.0084506,-0.007967,-0.018817,-0.03424
