0.02,0.02,-0.019907,1,0,0
0.04,0.02,0.011322,1,0,0
0.06,0.02,-0.010245,1,0,0
0.08,0.02,0.015954,1,0,0
0.1,0.02,0.020727,1,0,0
0.12,0.02,0.046376,1,0,0
0.14,0.02,0.037883,1,0,0
0.16,0.02,0.039975,1,0,0
0.18,0.02,0.044849,1,0,0
0.2,0.02,0.038648,1,0,0
0.22,0.02,0.049364,1,0,0
0.24,0.02,0.051129,1,0,0
0.26,0.02,0.042278,1,0,0
0.28,0.02,0.028171,1,0,0
0.3,0.02,0.025395,1,0,0
0.32,0.02,0.014245,1,0,0
0.34,0.02,0.012927,1,0,0
0.36,0.02,-0.0079677,1,0,0
0.38,0.02,-0.0091777,1,0,0
0.4,0.02,-0.013355,1,0,0
0.42,0.02,0.0094657,1,0,0
0.44,0.02,0.0042039,1,0,0
0.46,0.02,-0.005813,1,0,0
0.48,0.02,0.03175,1,0,0
0.5,0.02,0.022871,1,0,0
0.52,0.02,0.033405,1,0,0
0.54,0.02,0.041454,1,0,0
0.56,0.02,0.019409,1,0,0
0.58,0.02,0.00095384,1,0,0
0.6,0.02,0.0164,1,0,0
0.62,0.02,0.024081,1,0,0
0.64,0.02,0.0026942,1,0,0
0.66,0.02,0.007162,1,0,0
0.68,0.02,0.0069175,1,0,0
0.7,0.02,0.031434,1,0,0
0.72,0.02,0.0081927,1,0,0
0.74,0.02,0.016589,1,0,0
0.76,0.02,0.032174,1,0,0
0.78,0.02,0.029003,1,0,0
0.8,0.02,0.0198,1,0,0
0.82,0.02,-0.018388,1,0,0
0.84,0.02,-0.066623,1,0,0
0.86,0.02,-0.04154,1,0,0
0.88,0.02,-0.031596,1,0,0
0.9,0.02,-0.036647,1,0,0
0.92,0.02,-0.055981,1,0,0
0.94,0.02,-0.064475,1,0,0
0.96,0.02,-0.063097,1,0,0
0.98,0.02,-0.05572,1,0,0
0.02,0.04,-0.018796,1,0,0
0.04,0.04,0.011653,1,0,0
0.06,0.04,0.022859,1,0,0
0.08,0.04,0.0060001,1,0,0
0.1,0.04,0.028707,1,0,0
0.12,0.04,0.035469,1,0,0
0.14,0.04,0.023861,1,0,0
0.16,0.04,0.044401,1,0,0
0.18,0.04,0.053585,1,0,0
0.2,0.04,0.05686,1,0,0
0.22,0.04,0.050405,1,0,0
0.24,0.04,0.080566,1,0,0
0.26,0.04,0.058406,1,0,0
0.28,0.04,0.034632,1,0,0
0.3,0.04,0.041604,1,0,0
0.32,0.04,0.040119,1,0,0
0.34,0.04,0.025301,1,0,0
0.36,0.04,0.01149,1,0,0
0.38,0.04,-0.0069023,1,0,0
0.4,0.04,0.005808,1,0,0
0.42,0.04,0.014916,1,0,0
0.44,0.04,0.0033599,1,0,0
0.46,0.04,0.010991,1,0,0
0.48,0.04,-0.0026214,1,0,0
0.5,0.04,0.027583,1,0,0
0.52,0.04,0.022481,1,0,0
0.54,0.04,0.040429,1,0,0
0.56,0.04,0.035464,1,0,0
0.58,0.04,0.055137,1,0,0
0.6,0.04,0.048412,1,0,0
0.62,0.04,0.04881,1,0,0
0.64,0.04,0.031266,1,0,0
0.66,0.04,0.013971,1,0,0
0.68,0.04,0.034374,1,0,0
0.7,0.04,0.033714,1,0,0
0.72,0.04,0.036818,1,0,0
0.74,0.04,0.034087,1,0,0
0.76,0.04,0.02962,1,0,0
0.78,0.04,0.042794,1,0,0
0.8,0.04,0.031399,1,0,0
0.82,0.04,-0.0049035,1,0,0
0.84,0.04,-0.0096023,1,0,0
0.86,0.04,-0.032351,1,0,0
0.88,0.04,-0.026995,1,0,0
0.9,0.04,-0.029058,1,0,0
0.92,0.04,-0.031532,1,0,0
0.94,0.04,-0.035628,1,0,0
0.96,0.04,-0.039021,1,0,0
0.98,0.04,-0.027968,1,0,0
0.02,0.06,-0.0063775,1,0,0
0.04,0.06,-0.010593,1,0,0
0.06,0.06,0.0284,1,0,0
0.08,0.06,0.026848,1,0,0
0.1,0.06,0.010699,1,0,0
0.12,0.06,0.024905,1,0,0
0.14,0.06,0.045364,1,0,0
0.16,0.06,0.054396,1,0,0
0.18,0.06,0.04378,1,0,0
0.2,0.06,0.03135,1,0,0
0.22,0.06,0.051839,1,0,0
0.24,0.06,0.075477,1,0,0
0.26,0.06,0.077696,1,0,0
0.28,0.06,0.071074,1,0,0
0.3,0.06,0.059053,1,0,0
0.32,0.06,0.02835,1,0,0
0.34,0.06,0.029818,1,0,0
0.36,0.06,0.013475,1,0,0
0.38,0.06,0.0049204,1,0,0
0.4,0.06,0.0035197,1,0,0
0.42,0.06,0.0078702,1,0,0
0.44,0.06,-0.0071417,1,0,0
0.46,0.06,-0.0017575,1,0,0
0.48,0.06,0.00066489,1,0,0
0.5,0.06,0.025465,1,0,0
0.52,0.06,0.024569,1,0,0
0.54,0.06,0.046588,1,0,0
0.56,0.06,0.027609,1,0,0
0.58,0.06,0.037389,1,0,0
0.6,0.06,0.056066,1,0,0
0.62,0.06,0.036594,1,0,0
0.64,0.06,0.041027,1,0,0
0.66,0.06,0.040428,1,0,0
0.68,0.06,0.051716,1,0,0
0.7,0.06,0.039593,1,0,0
0.72,0.06,0.036295,1,0,0
0.74,0.06,0.046655,1,0,0
0.76,0.06,0.036452,1,0,0
0.78,0.06,0.0091689,1,0,0
0.8,0.06,0.014834,1,0,0
0.82,0.06,-0.0090021,1,0,0
0.84,0.06,-0.01918,1,0,0
0.86,0.06,-0.025292,1,0,0
0.88,0.06,0.0024158,1,0,0
0.9,0.06,-0.023119,1,0,0
0.92,0.06,-0.012906,1,0,0
0.94,0.06,-0.037742,1,0,0
0.96,0.06,-0.038382,1,0,0
0.98,0.06,-0.049096,1,0,0
0.02,0.08,-0.020687,1,0,0
0.04,0.08,-0.0092139,1,0,0
0.06,0.08,0.013044,1,0,0
0.08,0.08,0.018424,1,0,0
0.1,0.08,0.013364,1,0,0
0.12,0.08,0.019439,1,0,0
0.14,0.08,0.045121,1,0,0
0.16,0.08,0.036737,1,0,0
0.18,0.08,0.051163,1,0,0
0.2,0.08,0.03953,1,0,0
0.22,0.08,0.063483,1,0,0
0.24,0.08,0.051062,1,0,0
0.26,0.08,0.053865,1,0,0
0.28,0.08,0.058582,1,0,0
0.3,0.08,0.058664,1,0,0
0.32,0.08,0.021438,1,0,0
0.34,0.08,0.033342,1,0,0
0.36,0.08,0.0031169,1,0,0
0.38,0.08,-0.004691,1,0,0
0.4,0.08,-0.021578,1,0,0
0.42,0.08,-0.017971,1,0,0
0.44,0.08,-0.022527,1,0,0
0.46,0.08,-0.0054138,1,0,0
0.48,0.08,-0.0058727,1,0,0
0.5,0.08,0.009029,1,0,0
0.52,0.08,0.048101,1,0,0
0.54,0.08,0.023843,1,0,0
0.56,0.08,0.036107,1,0,0
0.58,0.08,0.045511,1,0,0
0.6,0.08,0.045416,1,0,0
0.62,0.08,0.038844,1,0,0
0.64,0.08,0.031609,1,0,0
0.66,0.08,0.019281,1,0,0
0.68,0.08,0.029302,1,0,0
0.7,0.08,0.041191,1,0,0
0.72,0.08,0.059074,1,0,0
0.74,0.08,0.039514,1,0,0
0.76,0.08,0.023573,1,0,0
0.78,0.08,0.004961,1,0,0
0.8,0.08,0.018302,1,0,0
0.82,0.08,-0.00086217,1,0,0
0.84,0.08,-0.0035382,1,0,0
0.86,0.08,-0.010258,1,0,0
0.88,0.08,-0.0058841,1,0,0
0.9,0.08,-0.015572,1,0,0
0.92,0.08,-0.0091795,1,0,0
0.94,0.08,-0.018397,1,0,0
0.96,0.08,-0.012009,1,0,0
0.98,0.08,-0.043854,1,0,0
0.02,0.1,0.019631,1,0,0
0.04,0.1,0.0038399,1,0,0
0.06,0.1,0.022672,1,0,0
0.08,0.1,0.0069897,1,0,0
0.1,0.1,0.027769,1,0,0
0.12,0.1,0.0035634,1,0,0
0.14,0.1,0.028226,1,0,0
0.16,0.1,0.026936,1,0,0
0.18,0.1,0.052614,1,0,0
0.2,0.1,0.043075,1,0,0
0.22,0.1,0.048187,1,0,0
0.24,0.1,0.0397,1,0,0
0.26,0.1,0.043879,1,0,0
0.28,0.1,0.057977,1,0,0
0.3,0.1,0.038519,1,0,0
0.32,0.1,0.0055805,1,0,0
0.34,0.1,-0.0046829,1,0,0
0.36,0.1,-0.0078353,1,0,0
0.38,0.1,-0.011889,1,0,0
0.4,0.1,-0.013628,1,0,0
0.42,0.1,-0.038149,1,0,0
0.44,0.1,-0.039016,1,0,0
0.46,0.1,-0.012153,1,0,0
0.48,0.1,-0.0069701,1,0,0
0.5,0.1,0.017554,1,0,0
0.52,0.1,0.03155,1,0,0
0.54,0.1,0.016053,1,0,0
0.56,0.1,0.0031653,1,0,0
0.58,0.1,0.037059,1,0,0
0.6,0.1,0.027865,1,0,0
0.62,0.1,0.027481,1,0,0
0.64,0.1,0.042445,1,0,0
0.66,0.1,0.020918,1,0,0
0.68,0.1,0.025683,1,0,0
0.7,0.1,0.034982,1,0,0
0.72,0.1,0.032803,1,0,0
0.74,0.1,0.015919,1,0,0
0.76,0.1,0.034655,1,0,0
0.78,0.1,0.028993,1,0,0
0.8,0.1,0.036065,1,0,0
0.82,0.1,0.0048299,1,0,0
0.84,0.1,-0.011546,1,0,0
0.86,0.1,-0.015834,1,0,0
0.88,0.1,-0.0023035,1,0,0
0.9,0.1,-0.0018996,1,0,0
0.92,0.1,-0.0049509,1,0,0
0.94,0.1,-0.0051842,1,0,0
0.96,0.1,1.6391e-05,1,0,0
0.98,0.1,-0.0095485,1,0,0
0.02,0.12,0.023552,1,0,0
0.04,0.12,0.023779,1,0,0
0.06,0.12,0.028806,1,0,0
0.08,0.12,0.03704,1,0,0
0.1,0.12,0.037893,1,0,0
0.12,0.12,0.024078,1,0,0
0.14,0.12,0.02679,1,0,0
0.16,0.12,0.040781,1,0,0
0.18,0.12,0.052903,1,0,0
0.2,0.12,0.042374,1,0,0
0.22,0.12,0.048192,1,0,0
0.24,0.12,0.021128,1,0,0
0.26,0.12,0.030894,1,0,0
0.28,0.12,0.031281,1,0,0
0.3,0.12,0.033832,1,0,0
0.32,0.12,0.023254,1,0,0
0.34,0.12,0.040498,1,0,0
0.36,0.12,-0.0031548,1,0,0
0.38,0.12,-0.042579,1,0,0
0.4,0.12,-0.030093,1,0,0
0.42,0.12,-0.054285,1,0,0
0.44,0.12,-0.045846,1,0,0
0.46,0.12,-0.015039,1,0,0
0.48,0.12,0.010471,1,0,0
0.5,0.12,0.015173,1,0,0
0.52,0.12,0.018597,1,0,0
0.54,0.12,0.021754,1,0,0
0.56,0.12,0.014433,1,0,0
0.58,0.12,0.01019,1,0,0
0.6,0.12,0.0057929,1,0,0
0.62,0.12,0.017506,1,0,0
0.64,0.12,0.035505,1,0,0
0.66,0.12,0.02689,1,0,0
0.68,0.12,0.032385,1,0,0
0.7,0.12,0.0371,1,0,0
0.72,0.12,0.011383,1,0,0
0.74,0.12,0.034796,1,0,0
0.76,0.12,0.033435,1,0,0
0.78,0.12,0.027431,1,0,0
0.8,0.12,0.012,1,0,0
0.82,0.12,0.023467,1,0,0
0.84,0.12,0.013906,1,0,0
0.86,0.12,-0.0097096,1,0,0
0.88,0.12,0.00015231,1,0,0
0.9,0.12,0.0056002,1,0,0
0.92,0.12,0.022971,1,0,0
0.94,0.12,0.028281,1,0,0
0.96,0.12,0.022908,1,0,0
0.98,0.12,0.0080521,1,0,0
0.02,0.14,0.036276,1,0,0
0.04,0.14,0.053735,1,0,0
0.06,0.14,0.033669,1,0,0
0.08,0.14,0.040615,1,0,0
0.1,0.14,0.03474,1,0,0
0.12,0.14,0.027256,1,0,0
0.14,0.14,0.031314,1,0,0
0.16,0.14,0.039816,1,0,0
0.18,0.14,0.046103,1,0,0
0.2,0.14,0.023226,1,0,0
0.22,0.14,0.031175,1,0,0
0.24,0.14,0.037461,1,0,0
0.26,0.14,0.024189,1,0,0
0.28,0.14,0.030471,1,0,0
0.3,0.14,0.030985,1,0,0
0.32,0.14,0.03652,1,0,0
0.34,0.14,0.036293,1,0,0
0.36,0.14,0.010536,1,0,0
0.38,0.14,-0.012673,1,0,0
0.4,0.14,-0.050166,1,0,0
0.42,0.14,-0.068977,1,0,0
0.44,0.14,-0.055208,1,0,0
0.46,0.14,-0.01657,1,0,0
0.48,0.14,-0.021368,1,0,0
0.5,0.14,-0.0093674,1,0,0
0.52,0.14,0.021444,1,0,0
0.54,0.14,0.013185,1,0,0
0.56,0.14,0.0096731,1,0,0
0.58,0.14,0.016942,1,0,0
0.6,0.14,0.0068484,1,0,0
0.62,0.14,0.027393,1,0,0
0.64,0.14,0.058824,1,0,0
0.66,0.14,0.066819,1,0,0
0.68,0.14,0.036948,1,0,0
0.7,0.14,0.01716,1,0,0
0.72,0.14,0.0091972,1,0,0
0.74,0.14,0.025045,1,0,0
0.76,0.14,0.049812,1,0,0
0.78,0.14,0.045596,1,0,0
0.8,0.14,0.018461,1,0,0
0.82,0.14,0.037201,1,0,0
0.84,0.14,0.032459,1,0,0
0.86,0.14,0.035615,1,0,0
0.88,0.14,0.025637,1,0,0
0.9,0.14,0.05184,1,0,0
0.92,0.14,0.04032,1,0,0
0.94,0.14,0.03748,1,0,0
0.96,0.14,0.024293,1,0,0
0.98,0.14,0.023065,1,0,0
0.02,0.16,0.042409,1,0,0
0.04,0.16,0.021893,1,0,0
0.06,0.16,0.028681,1,0,0
0.08,0.16,0.040453,1,0,0
0.1,0.16,0.044741,1,0,0
0.12,0.16,0.025625,1,0,0
0.14,0.16,0.025389,1,0,0
0.16,0.16,0.022697,1,0,0
0.18,0.16,0.023352,1,0,0
0.2,0.16,0.043457,1,0,0
0.22,0.16,0.051194,1,0,0
0.24,0.16,0.029986,1,0,0
0.26,0.16,0.0039439,1,0,0
0.28,0.16,0.042185,1,0,0
0.3,0.16,0.025106,1,0,0
0.32,0.16,0.024597,1,0,0
0.34,0.16,0.023304,1,0,0
0.36,0.16,0.005584,1,0,0
0.38,0.16,-0.013597,1,0,0
0.4,0.16,-0.044855,1,0,0
0.42,0.16,-0.048833,1,0,0
0.44,0.16,-0.047674,1,0,0
0.46,0.16,-0.028439,1,0,0
0.48,0.16,-0.036262,1,0,0
0.5,0.16,-0.040884,1,0,0
0.52,0.16,-0.02234,1,0,0
0.54,0.16,-0.0016885,1,0,0
0.56,0.16,-0.014093,1,0,0
0.58,0.16,0.011411,1,0,0
0.6,0.16,0.019313,1,0,0
0.62,0.16,0.029445,1,0,0
0.64,0.16,0.041331,1,0,0
0.66,0.16,0.056367,1,0,0
0.68,0.16,0.032109,1,0,0
0.7,0.16,0.023284,1,0,0
0.72,0.16,0.022614,1,0,0
0.74,0.16,0.025486,1,0,0
0.76,0.16,0.035598,1,0,0
0.78,0.16,0.022951,1,0,0
0.8,0.16,0.036044,1,0,0
0.82,0.16,0.043646,1,0,0
0.84,0.16,0.02188,1,0,0
0.86,0.16,0.042165,1,0,0
0.88,0.16,0.036464,1,0,0
0.9,0.16,0.032197,1,0,0
0.92,0.16,0.022848,1,0,0
0.94,0.16,0.03131,1,0,0
0.96,0.16,0.02159,1,0,0
0.98,0.16,0.011741,1,0,0
0.02,0.18,-0.0094137,1,0,0
0.04,0.18,-0.01188,1,0,0
0.06,0.18,-0.00081231,1,0,0
0.08,0.18,-0.00046192,1,0,0
0.1,0.18,0.024863,1,0,0
0.12,0.18,0.028233,1,0,0
0.14,0.18,0.022131,1,0,0
0.16,0.18,0.020622,1,0,0
0.18,0.18,0.019174,1,0,0
0.2,0.18,0.023506,1,0,0
0.22,0.18,0.017518,1,0,0
0.24,0.18,-0.0029187,1,0,0
0.26,0.18,0.01255,1,0,0
0.28,0.18,0.0064147,1,0,0
0.3,0.18,0.01659,1,0,0
0.32,0.18,-0.026766,1,0,0
0.34,0.18,-0.016425,1,0,0
0.36,0.18,-0.013625,1,0,0
0.38,0.18,-0.020491,1,0,0
0.4,0.18,-0.02989,1,0,0
0.42,0.18,-0.03988,1,0,0
0.44,0.18,-0.04751,1,0,0
0.46,0.18,-0.054357,1,0,0
0.48,0.18,-0.052229,1,0,0
0.5,0.18,-0.059941,1,0,0
0.52,0.18,-0.048463,1,0,0
0.54,0.18,-0.047964,1,0,0
0.56,0.18,-0.030369,1,0,0
0.58,0.18,-0.019461,1,0,0
0.6,0.18,-0.013286,1,0,0
0.62,0.18,-0.0044314,1,0,0
0.64,0.18,0.027717,1,0,0
0.66,0.18,0.040023,1,0,0
0.68,0.18,0.03531,1,0,0
0.7,0.18,0.026303,1,0,0
0.72,0.18,0.02494,1,0,0
0.74,0.18,0.024158,1,0,0
0.76,0.18,0.010828,1,0,0
0.78,0.18,0.037782,1,0,0
0.8,0.18,0.022169,1,0,0
0.82,0.18,0.011966,1,0,0
0.84,0.18,0.019088,1,0,0
0.86,0.18,0.022637,1,0,0
0.88,0.18,0.033505,1,0,0
0.9,0.18,0.0081887,1,0,0
0.92,0.18,0.0066317,1,0,0
0.94,0.18,-0.0082158,1,0,0
0.96,0.18,-0.019288,1,0,0
0.98,0.18,-0.013095,1,0,0
0.02,0.2,-0.022315,1,0,0
0.04,0.2,-0.025252,1,0,0
0.06,0.2,0.0016955,1,0,0
0.08,0.2,-0.009617,1,0,0
0.1,0.2,0.012433,1,0,0
0.12,0.2,0.0044114,1,0,0
0.14,0.2,0.018074,1,0,0
0.16,0.2,0.0098303,1,0,0
0.18,0.2,0.036807,1,0,0
0.2,0.2,-0.003404,1,0,0
0.22,0.2,0.012022,1,0,0
0.24,0.2,0.0047068,1,0,0
0.26,0.2,0.0032899,1,0,0
0.28,0.2,-0.0019426,1,0,0
0.3,0.2,-0.0092124,1,0,0
0.32,0.2,-0.010178,1,0,0
0.34,0.2,-0.010191,1,0,0
0.36,0.2,-0.010987,1,0,0
0.38,0.2,-0.016993,1,0,0
0.4,0.2,-0.034206,1,0,0
0.42,0.2,-0.024394,1,0,0
0.44,0.2,-0.037047,1,0,0
0.46,0.2,-0.057322,1,0,0
0.48,0.2,-0.050095,1,0,0
0.5,0.2,-0.060385,1,0,0
0.52,0.2,-0.072119,1,0,0
0.54,0.2,-0.044209,1,0,0
0.56,0.2,-0.032569,1,0,0
0.58,0.2,-0.024373,1,0,0
0.6,0.2,-0.00095789,1,0,0
0.62,0.2,-0.0032536,1,0,0
0.64,0.2,0.027409,1,0,0
0.66,0.2,0.038357,1,0,0
0.68,0.2,0.033203,1,0,0
0.7,0.2,0.020508,1,0,0
0.72,0.2,0.038414,1,0,0
0.74,0.2,0.020301,1,0,0
0.76,0.2,0.021745,1,0,0
0.78,0.2,-0.00083644,1,0,0
0.8,0.2,0.014168,1,0,0
0.82,0.2,0.024057,1,0,0
0.84,0.2,0.027498,1,0,0
0.86,0.2,0.03556,1,0,0
0.88,0.2,0.020438,1,0,0
0.9,0.2,-0.0012778,1,0,0
0.92,0.2,0.013437,1,0,0
0.94,0.2,-0.0042351,1,0,0
0.96,0.2,-0.020306,1,0,0
0.98,0.2,-0.031471,1,0,0
0.02,0.22,-0.009743,1,0,0
0.04,0.22,0.017983,1,0,0
0.06,0.22,0.019807,1,0,0
0.08,0.22,0.0014306,1,0,0
0.1,0.22,0.010623,1,0,0
0.12,0.22,-0.0084058,1,0,0
0.14,0.22,0.0044101,1,0,0
0.16,0.22,-0.0013201,1,0,0
0.18,0.22,0.023061,1,0,0
0.2,0.22,-0.0095459,1,0,0
0.22,0.22,0.004697,1,0,0
0.24,0.22,0.015008,1,0,0
0.26,0.22,0.018234,1,0,0
0.28,0.22,0.0072562,1,0,0
0.3,0.22,-0.0039126,1,0,0
0.32,0.22,-0.011168,1,0,0
0.34,0.22,-0.00936,1,0,0
0.36,0.22,-0.0026141,1,0,0
0.38,0.22,-0.0028461,1,0,0
0.4,0.22,-0.00648,1,0,0
0.42,0.22,-0.0066284,1,0,0
0.44,0.22,-0.034803,1,0,0
0.46,0.22,-0.036902,1,0,0
0.48,0.22,-0.034783,1,0,0
0.5,0.22,-0.056076,1,0,0
0.52,0.22,-0.047729,1,0,0
0.54,0.22,-0.042452,1,0,0
0.56,0.22,-0.031863,1,0,0
0.58,0.22,-0.02394,1,0,0
0.6,0.22,0.0003685,1,0,0
0.62,0.22,0.04403,1,0,0
0.64,0.22,0.024784,1,0,0
0.66,0.22,0.031452,1,0,0
0.68,0.22,0.032003,1,0,0
0.7,0.22,0.006132,1,0,0
0.72,0.22,0.015865,1,0,0
0.74,0.22,0.0070815,1,0,0
0.76,0.22,0.018704,1,0,0
0.78,0.22,-0.0031012,1,0,0
0.8,0.22,0.013243,1,0,0
0.82,0.22,0.016032,1,0,0
0.84,0.22,0.029554,1,0,0
0.86,0.22,0.01036,1,0,0
0.88,0.22,0.024522,1,0,0
0.9,0.22,0.015219,1,0,0
0.92,0.22,0.026189,1,0,0
0.94,0.22,-0.0014027,1,0,0
0.96,0.22,-0.0094043,1,0,0
0.98,0.22,-0.036836,1,0,0
0.02,0.24,-0.016753,1,0,0
0.04,0.24,-0.0015727,1,0,0
0.06,0.24,0.0092551,1,0,0
0.08,0.24,0.0071666,1,0,0
0.1,0.24,-0.0037098,1,0,0
0.12,0.24,-0.010523,1,0,0
0.14,0.24,-0.037,1,0,0
0.16,0.24,-0.018443,1,0,0
0.18,0.24,-0.0088144,1,0,0
0.2,0.24,-0.019565,1,0,0
0.22,0.24,-0.022861,1,0,0
0.24,0.24,-0.019144,1,0,0
0.26,0.24,-0.011473,1,0,0
0.28,0.24,-0.018718,1,0,0
0.3,0.24,0.0030549,1,0,0
0.32,0.24,-0.019889,1,0,0
0.34,0.24,-0.029098,1,0,0
0.36,0.24,-0.025831,1,0,0
0.38,0.24,0.0050019,1,0,0
0.4,0.24,-0.014918,1,0,0
0.42,0.24,-0.022653,1,0,0
0.44,0.24,-0.028179,1,0,0
0.46,0.24,-0.036806,1,0,0
0.48,0.24,-0.03825,1,0,0
0.5,0.24,-0.045045,1,0,0
0.52,0.24,-0.043815,1,0,0
0.54,0.24,-0.040038,1,0,0
0.56,0.24,-0.047741,1,0,0
0.58,0.24,-0.017674,1,0,0
0.6,0.24,0.016558,1,0,0
0.62,0.24,0.012696,1,0,0
0.64,0.24,0.01009,1,0,0
0.66,0.24,-0.00034401,1,0,0
0.68,0.24,0.012732,1,0,0
0.7,0.24,0.018008,1,0,0
0.72,0.24,-0.0033467,1,0,0
0.74,0.24,-0.020884,1,0,0
0.76,0.24,-0.010861,1,0,0
0.78,0.24,-0.013179,1,0,0
0.8,0.24,0.0081117,1,0,0
0.82,0.24,0.011105,1,0,0
0.84,0.24,0.00092321,1,0,0
0.86,0.24,-0.0059539,1,0,0
0.88,0.24,0.017564,1,0,0
0.9,0.24,0.011364,1,0,0
0.92,0.24,0.014497,1,0,0
0.94,0.24,-0.014539,1,0,0
0.96,0.24,-0.0073269,1,0,0
0.98,0.24,-0.013026,1,0,0
0.02,0.26,-0.016595,1,0,0
0.04,0.26,-0.016884,1,0,0
0.06,0.26,0.0050458,1,0,0
0.08,0.26,0.0035085,1,0,0
0.1,0.26,-0.012904,1,0,0
0.12,0.26,-0.0070674,1,0,0
0.14,0.26,-0.0056073,1,0,0
0.16,0.26,-0.009357,1,0,0
0.18,0.26,-0.035797,1,0,0
0.2,0.26,-0.027164,1,0,0
0.22,0.26,-0.02996,1,0,0
0.24,0.26,-0.0088671,1,0,0
0.26,0.26,-0.0084084,1,0,0
0.28,0.26,0.010345,1,0,0
0.3,0.26,-0.0019691,1,0,0
0.32,0.26,-0.013741,1,0,0
0.34,0.26,-0.016009,1,0,0
0.36,0.26,-0.015607,1,0,0
0.38,0.26,-0.019026,1,0,0
0.4,0.26,-0.0055315,1,0,0
0.42,0.26,0.0070781,1,0,0
0.44,0.26,-0.023407,1,0,0
0.46,0.26,-0.01788,1,0,0
0.48,0.26,-0.041237,1,0,0
0.5,0.26,-0.014718,1,0,0
0.52,0.26,-0.017361,1,0,0
0.54,0.26,-0.015667,1,0,0
0.56,0.26,-0.018826,1,0,0
0.58,0.26,-0.0066417,1,0,0
0.6,0.26,-0.010601,1,0,0
0.62,0.26,0.0046193,1,0,0
0.64,0.26,0.00010873,1,0,0
0.66,0.26,-0.0066305,1,0,0
0.68,0.26,0.018271,1,0,0
0.7,0.26,-0.0030697,1,0,0
0.72,0.26,-0.00066139,1,0,0
0.74,0.26,-0.0097004,1,0,0
0.76,0.26,-0.027025,1,0,0
0.78,0.26,-0.016731,1,0,0
0.8,0.26,-0.0010867,1,0,0
0.82,0.26,-0.0095929,1,0,0
0.84,0.26,-0.01884,1,0,0
0.86,0.26,-0.0018805,1,0,0
0.88,0.26,0.016456,1,0,0
0.9,0.26,8.145e-05,1,0,0
0.92,0.26,-0.0017295,1,0,0
0.94,0.26,0.00546,1,0,0
0.96,0.26,-0.017484,1,0,0
0.98,0.26,-0.0256,1,0,0
0.02,0.28,-0.031299,1,0,0
0.04,0.28,-0.0073655,1,0,0
0.06,0.28,0.00045819,1,0,0
0.08,0.28,0.0089772,1,0,0
0.1,0.28,-0.031283,1,0,0
0.12,0.28,-0.01001,1,0,0
0.14,0.28,-0.012101,1,0,0
0.16,0.28,-0.026818,1,0,0
0.18,0.28,-0.03337,1,0,0
0.2,0.28,-0.040649,1,0,0
0.22,0.28,-0.014156,1,0,0
0.24,0.28,0.024127,1,0,0
0.26,0.28,0.023543,1,0,0
0.28,0.28,0.01588,1,0,0
0.3,0.28,-0.012819,1,0,0
0.32,0.28,-0.0064912,1,0,0
0.34,0.28,-0.016796,1,0,0
0.36,0.28,-0.03151,1,0,0
0.38,0.28,-0.027088,1,0,0
0.4,0.28,-0.021954,1,0,0
0.42,0.28,0.011352,1,0,0
0.44,0.28,0.015841,1,0,0
0.46,0.28,-0.0058829,1,0,0
0.48,0.28,-0.028808,1,0,0
0.5,0.28,-0.020244,1,0,0
0.52,0.28,-0.0013515,1,0,0
0.54,0.28,-0.018709,1,0,0
0.56,0.28,-0.0013764,1,0,0
0.58,0.28,0.016422,1,0,0
0.6,0.28,-0.019457,1,0,0
0.62,0.28,-0.014927,1,0,0
0.64,0.28,-0.0012137,1,0,0
0.66,0.28,0.0081353,1,0,0
0.68,0.28,-0.011058,1,0,0
0.7,0.28,0.016802,1,0,0
0.72,0.28,0.0031423,1,0,0
0.74,0.28,-0.011593,1,0,0
0.76,0.28,-0.010925,1,0,0
0.78,0.28,-0.016692,1,0,0
0.8,0.28,-0.015629,1,0,0
0.82,0.28,-0.014868,1,0,0
0.84,0.28,-0.020053,1,0,0
0.86,0.28,0.0089542,1,0,0
0.88,0.28,0.006947,1,0,0
0.9,0.28,-0.023518,1,0,0
0.92,0.28,-0.0031244,1,0,0
0.94,0.28,-0.0084829,1,0,0
0.96,0.28,-0.0022776,1,0,0
0.98,0.28,-0.011369,1,0,0
0.02,0.3,-0.002593,1,0,0
0.04,0.3,-0.017013,1,0,0
0.06,0.3,-0.013895,1,0,0
0.08,0.3,-0.011993,1,0,0
0.1,0.3,-0.015567,1,0,0
0.12,0.3,-0.0061212,1,0,0
0.14,0.3,0.0035816,1,0,0
0.16,0.3,-0.015821,1,0,0
0.18,0.3,-0.029751,1,0,0
0.2,0.3,-0.024168,1,0,0
0.22,0.3,0.017914,1,0,0
0.24,0.3,0.027037,1,0,0
0.26,0.3,0.037343,1,0,0
0.28,0.3,0.034252,1,0,0
0.3,0.3,0.020035,1,0,0
0.32,0.3,0.004521,1,0,0
0.34,0.3,0.0050632,1,0,0
0.36,0.3,-0.02047,1,0,0
0.38,0.3,-0.026606,1,0,0
0.4,0.3,0.0048057,1,0,0
0.42,0.3,0.013416,1,0,0
0.44,0.3,0.013413,1,0,0
0.46,0.3,-0.0021585,1,0,0
0.48,0.3,-0.029597,1,0,0
0.5,0.3,-0.017255,1,0,0
0.52,0.3,0.016404,1,0,0
0.54,0.3,-0.0032404,1,0,0
0.56,0.3,0.0076739,1,0,0
0.58,0.3,0.009319,1,0,0
0.6,0.3,-0.011526,1,0,0
0.62,0.3,0.0051667,1,0,0
0.64,0.3,0.013031,1,0,0
0.66,0.3,-0.0014151,1,0,0
0.68,0.3,0.027774,1,0,0
0.7,0.3,0.02967,1,0,0
0.72,0.3,0.011728,1,0,0
0.74,0.3,0.0024567,1,0,0
0.76,0.3,0.0023073,1,0,0
0.78,0.3,-0.0050096,1,0,0
0.8,0.3,-0.0013604,1,0,0
0.82,0.3,-0.00039283,1,0,0
0.84,0.3,-0.018382,1,0,0
0.86,0.3,-0.0030687,1,0,0
0.88,0.3,0.012766,1,0,0
0.9,0.3,-0.0034806,1,0,0
0.92,0.3,-0.025744,1,0,0
0.94,0.3,-0.0063542,1,0,0
0.96,0.3,0.0065282,1,0,0
0.98,0.3,0.0074914,1,0,0
0.02,0.32,0.016034,1,0,0
0.04,0.32,-0.019839,1,0,0
0.06,0.32,-0.0064279,1,0,0
0.08,0.32,-0.023222,1,0,0
0.1,0.32,-0.011259,1,0,0
0.12,0.32,-0.018219,1,0,0
0.14,0.32,0.00090502,1,0,0
0.16,0.32,-0.0062484,1,0,0
0.18,0.32,0.0019863,1,0,0
0.2,0.32,0.0058534,1,0,0
0.22,0.32,0.027954,1,0,0
0.24,0.32,0.034309,1,0,0
0.26,0.32,0.056423,1,0,0
0.28,0.32,0.053986,1,0,0
0.3,0.32,0.059536,1,0,0
0.32,0.32,0.040649,1,0,0
0.34,0.32,0.012965,1,0,0
0.36,0.32,-0.003168,1,0,0
0.38,0.32,-0.011774,1,0,0
0.4,0.32,0.0034748,1,0,0
0.42,0.32,-0.010944,1,0,0
0.44,0.32,-0.0026194,1,0,0
0.46,0.32,-0.00028857,1,0,0
0.48,0.32,-0.017771,1,0,0
0.5,0.32,-0.015108,1,0,0
0.52,0.32,0.010929,1,0,0
0.54,0.32,0.0092289,1,0,0
0.56,0.32,-0.00097439,1,0,0
0.58,0.32,0.011633,1,0,0
0.6,0.32,0.010759,1,0,0
0.62,0.32,0.010711,1,0,0
0.64,0.32,0.021161,1,0,0
0.66,0.32,0.012364,1,0,0
0.68,0.32,0.059625,1,0,0
0.7,0.32,0.046532,1,0,0
0.72,0.32,-0.0019045,1,0,0
0.74,0.32,-0.028554,1,0,0
0.76,0.32,-0.0075732,1,0,0
0.78,0.32,-0.013221,1,0,0
0.8,0.32,0.0061516,1,0,0
0.82,0.32,0.011801,1,0,0
0.84,0.32,0.00076545,1,0,0
0.86,0.32,-0.004075,1,0,0
0.88,0.32,0.036474,1,0,0
0.9,0.32,0.0092462,1,0,0
0.92,0.32,-0.017984,1,0,0
0.94,0.32,-0.023284,1,0,0
0.96,0.32,0.0056539,1,0,0
0.98,0.32,0.014912,1,0,0
0.02,0.34,0.010459,1,0,0
0.04,0.34,0.0017667,1,0,0
0.06,0.34,-0.0043574,1,0,0
0.08,0.34,-0.038069,1,0,0
0.1,0.34,-0.045438,1,0,0
0.12,0.34,-0.031019,1,0,0
0.14,0.34,-0.014693,1,0,0
0.16,0.34,-0.008605,1,0,0
0.18,0.34,0.018269,1,0,0
0.2,0.34,-0.0093712,1,0,0
0.22,0.34,0.03379,1,0,0
0.24,0.34,0.049781,1,0,0
0.26,0.34,0.057966,1,0,0
0.28,0.34,0.045867,1,0,0
0.3,0.34,0.041467,1,0,0
0.32,0.34,0.044118,1,0,0
0.34,0.34,0.02782,1,0,0
0.36,0.34,-0.01488,1,0,0
0.38,0.34,-0.017547,1,0,0
0.4,0.34,-0.018889,1,0,0
0.42,0.34,-0.022391,1,0,0
0.44,0.34,-0.019752,1,0,0
0.46,0.34,-0.021166,1,0,0
0.48,0.34,-0.034133,1,0,0
0.5,0.34,-0.028046,1,0,0
0.52,0.34,0.012048,1,0,0
0.54,0.34,-0.0098053,1,0,0
0.56,0.34,-0.0053073,1,0,0
0.58,0.34,-0.0078144,1,0,0
0.6,0.34,0.00507,1,0,0
0.62,0.34,0.022453,1,0,0
0.64,0.34,0.033652,1,0,0
0.66,0.34,0.03277,1,0,0
0.68,0.34,0.03939,1,0,0
0.7,0.34,0.018576,1,0,0
0.72,0.34,-0.0058674,1,0,0
0.74,0.34,-0.023571,1,0,0
0.76,0.34,-0.0095156,1,0,0
0.78,0.34,-0.020785,1,0,0
0.8,0.34,0.0052134,1,0,0
0.82,0.34,0.019994,1,0,0
0.84,0.34,0.02244,1,0,0
0.86,0.34,-0.0017587,1,0,0
0.88,0.34,0.0082578,1,0,0
0.9,0.34,-0.0044976,1,0,0
0.92,0.34,0.0095847,1,0,0
0.94,0.34,-0.014048,1,0,0
0.96,0.34,0.018371,1,0,0
0.98,0.34,-0.0086976,1,0,0
0.02,0.36,-0.006252,1,0,0
0.04,0.36,-0.0084105,1,0,0
0.06,0.36,-0.0027766,1,0,0
0.08,0.36,-0.031863,1,0,0
0.1,0.36,-0.053488,1,0,0
0.12,0.36,-0.047952,1,0,0
0.14,0.36,0.00087705,1,0,0
0.16,0.36,0.014533,1,0,0
0.18,0.36,0.027875,1,0,0
0.2,0.36,0.024192,1,0,0
0.22,0.36,0.038559,1,0,0
0.24,0.36,0.038235,1,0,0
0.26,0.36,0.049771,1,0,0
0.28,0.36,0.045979,1,0,0
0.3,0.36,0.014761,1,0,0
0.32,0.36,0.0026024,1,0,0
0.34,0.36,0.0065378,1,0,0
0.36,0.36,-0.0077704,1,0,0
0.38,0.36,-0.026104,1,0,0
0.4,0.36,-0.02372,1,0,0
0.42,0.36,7.9472e-05,1,0,0
0.44,0.36,-0.028511,1,0,0
0.46,0.36,-0.015347,1,0,0
0.48,0.36,-0.014135,1,0,0
0.5,0.36,-0.019354,1,0,0
0.52,0.36,-0.017811,1,0,0
0.54,0.36,-0.027083,1,0,0
0.56,0.36,-0.022493,1,0,0
0.58,0.36,-0.021793,1,0,0
0.6,0.36,-0.0053056,1,0,0
0.62,0.36,0.00079946,1,0,0
0.64,0.36,0.02217,1,0,0
0.66,0.36,0.019191,1,0,0
0.68,0.36,0.029352,1,0,0
0.7,0.36,-0.0027022,1,0,0
0.72,0.36,-0.0040671,1,0,0
0.74,0.36,-0.032145,1,0,0
0.76,0.36,-0.02184,1,0,0
0.78,0.36,-0.021565,1,0,0
0.8,0.36,0.005682,1,0,0
0.82,0.36,0.025037,1,0,0
0.84,0.36,0.007953,1,0,0
0.86,0.36,0.0080243,1,0,0
0.88,0.36,-0.0052924,1,0,0
0.9,0.36,-0.034376,1,0,0
0.92,0.36,-0.022032,1,0,0
0.94,0.36,0.00031525,1,0,0
0.96,0.36,-0.015524,1,0,0
0.98,0.36,-0.020277,1,0,0
0.02,0.38,0.0046904,1,0,0
0.04,0.38,-0.013082,1,0,0
0.06,0.38,0.0017702,1,0,0
0.08,0.38,-0.027478,1,0,0
0.1,0.38,-0.01559,1,0,0
0.12,0.38,0.010372,1,0,0
0.14,0.38,0.003232,1,0,0
0.16,0.38,0.034246,1,0,0
0.18,0.38,0.037688,1,0,0
0.2,0.38,0.031606,1,0,0
0.22,0.38,0.036371,1,0,0
0.24,0.38,0.030317,1,0,0
0.26,0.38,0.038804,1,0,0
0.28,0.38,0.0524,1,0,0
0.3,0.38,0.046527,1,0,0
0.32,0.38,0.0080281,1,0,0
0.34,0.38,-0.013939,1,0,0
0.36,0.38,-0.010828,1,0,0
0.38,0.38,-0.007464,1,0,0
0.4,0.38,-0.0059313,1,0,0
0.42,0.38,-0.0066,1,0,0
0.44,0.38,-3.6664e-05,1,0,0
0.46,0.38,-0.013601,1,0,0
0.48,0.38,-0.0037627,1,0,0
0.5,0.38,0.011604,1,0,0
0.52,0.38,0.0066685,1,0,0
0.54,0.38,-0.0035129,1,0,0
0.56,0.38,-0.022639,1,0,0
0.58,0.38,-0.009722,1,0,0
0.6,0.38,-0.0068392,1,0,0
0.62,0.38,-0.011005,1,0,0
0.64,0.38,0.007409,1,0,0
0.66,0.38,0.021203,1,0,0
0.68,0.38,0.017939,1,0,0
0.7,0.38,0.0334,1,0,0
0.72,0.38,0.022233,1,0,0
0.74,0.38,-0.0098252,1,0,0
0.76,0.38,-0.039571,1,0,0
0.78,0.38,-0.0089175,1,0,0
0.8,0.38,0.013353,1,0,0
0.82,0.38,0.018928,1,0,0
0.84,0.38,0.019797,1,0,0
0.86,0.38,0.02358,1,0,0
0.88,0.38,0.016663,1,0,0
0.9,0.38,-0.0057151,1,0,0
0.92,0.38,0.011762,1,0,0
0.94,0.38,0.00083178,1,0,0
0.96,0.38,-0.0053787,1,0,0
0.98,0.38,-0.0042249,1,0,0
0.02,0.4,0.018844,1,0,0
0.04,0.4,0.023393,1,0,0
0.06,0.4,0.011832,1,0,0
0.08,0.4,0.012777,1,0,0
0.1,0.4,0.00638,1,0,0
0.12,0.4,2.6079e-05,1,0,0
0.14,0.4,0.0010315,1,0,0
0.16,0.4,0.016202,1,0,0
0.18,0.4,0.016904,1,0,0
0.2,0.4,0.013762,1,0,0
0.22,0.4,0.029201,1,0,0
0.24,0.4,0.031658,1,0,0
0.26,0.4,0.045953,1,0,0
0.28,0.4,0.061304,1,0,0
0.3,0.4,0.051309,1,0,0
0.32,0.4,-0.0004726,1,0,0
0.34,0.4,-0.028,1,0,0
0.36,0.4,-0.0016437,1,0,0
0.38,0.4,-0.0045306,1,0,0
0.4,0.4,-0.0018016,1,0,0
0.42,0.4,0.013624,1,0,0
0.44,0.4,-0.0017671,1,0,0
0.46,0.4,-0.0032686,1,0,0
0.48,0.4,0.0069297,1,0,0
0.5,0.4,-0.011038,1,0,0
0.52,0.4,-0.0021418,1,0,0
0.54,0.4,0.0043646,1,0,0
0.56,0.4,-0.00027256,1,0,0
0.58,0.4,0.0010809,1,0,0
0.6,0.4,0.003168,1,0,0
0.62,0.4,0.0083731,1,0,0
0.64,0.4,-0.011113,1,0,0
0.66,0.4,0.021512,1,0,0
0.68,0.4,0.021489,1,0,0
0.7,0.4,0.014442,1,0,0
0.72,0.4,0.0041898,1,0,0
0.74,0.4,-0.011265,1,0,0
0.76,0.4,-0.035181,1,0,0
0.78,0.4,-0.0062193,1,0,0
0.8,0.4,0.0021993,1,0,0
0.82,0.4,0.02788,1,0,0
0.84,0.4,0.025028,1,0,0
0.86,0.4,0.033847,1,0,0
0.88,0.4,0.027619,1,0,0
0.9,0.4,0.01422,1,0,0
0.92,0.4,0.012517,1,0,0
0.94,0.4,0.0073107,1,0,0
0.96,0.4,-0.0019175,1,0,0
0.98,0.4,0.0074895,1,0,0
0.02,0.42,0.031656,1,0,0
0.04,0.42,0.040493,1,0,0
0.06,0.42,0.0298,1,0,0
0.08,0.42,0.026408,1,0,0
0.1,0.42,0.025334,1,0,0
0.12,0.42,0.016175,1,0,0
0.14,0.42,0.0054681,1,0,0
0.16,0.42,0.013366,1,0,0
0.18,0.42,0.021534,1,0,0
0.2,0.42,-0.017119,1,0,0
0.22,0.42,0.028094,1,0,0
0.24,0.42,0.043999,1,0,0
0.26,0.42,0.034524,1,0,0
0.28,0.42,0.043804,1,0,0
0.3,0.42,0.023962,1,0,0
0.32,0.42,0.023795,1,0,0
0.34,0.42,0.0082732,1,0,0
0.36,0.42,0.0083648,1,0,0
0.38,0.42,0.014226,1,0,0
0.4,0.42,8.8593e-05,1,0,0
0.42,0.42,0.023084,1,0,0
0.44,0.42,0.014432,1,0,0
0.46,0.42,0.011258,1,0,0
0.48,0.42,-0.0014465,1,0,0
0.5,0.42,-0.012575,1,0,0
0.52,0.42,-0.0066163,1,0,0
0.54,0.42,0.019295,1,0,0
0.56,0.42,0.008606,1,0,0
0.58,0.42,0.0029246,1,0,0
0.6,0.42,0.0060528,1,0,0
0.62,0.42,0.0022163,1,0,0
0.64,0.42,0.0056791,1,0,0
0.66,0.42,0.021853,1,0,0
0.68,0.42,0.0019421,1,0,0
0.7,0.42,-0.014264,1,0,0
0.72,0.42,-0.00077182,1,0,0
0.74,0.42,-0.0039239,1,0,0
0.76,0.42,0.0080333,1,0,0
0.78,0.42,-0.015458,1,0,0
0.8,0.42,-0.01547,1,0,0
0.82,0.42,0.025174,1,0,0
0.84,0.42,0.023782,1,0,0
0.86,0.42,0.029148,1,0,0
0.88,0.42,-0.0028928,1,0,0
0.9,0.42,0.01416,1,0,0
0.92,0.42,0.01859,1,0,0
0.94,0.42,0.0052042,1,0,0
0.96,0.42,0.0067936,1,0,0
0.98,0.42,0.0064748,1,0,0
0.02,0.44,0.028602,1,0,0
0.04,0.44,0.036637,1,0,0
0.06,0.44,0.031252,1,0,0
0.08,0.44,0.024965,1,0,0
0.1,0.44,0.039466,1,0,0
0.12,0.44,0.020205,1,0,0
0.14,0.44,-0.012009,1,0,0
0.16,0.44,-0.0063773,1,0,0
0.18,0.44,-0.0054733,1,0,0
0.2,0.44,-0.0095672,1,0,0
0.22,0.44,0.0018475,1,0,0
0.24,0.44,0.0095517,1,0,0
0.26,0.44,0.034725,1,0,0
0.28,0.44,0.024516,1,0,0
0.3,0.44,0.034743,1,0,0
0.32,0.44,0.019517,1,0,0
0.34,0.44,0.024022,1,0,0
0.36,0.44,0.012356,1,0,0
0.38,0.44,-0.0011211,1,0,0
0.4,0.44,0.005352,1,0,0
0.42,0.44,0.008362,1,0,0
0.44,0.44,-0.0028368,1,0,0
0.46,0.44,0.019298,1,0,0
0.48,0.44,0.016397,1,0,0
0.5,0.44,-0.0017598,1,0,0
0.52,0.44,-0.0021604,1,0,0
0.54,0.44,0.0073729,1,0,0
0.56,0.44,-0.00099325,1,0,0
0.58,0.44,-0.0034816,1,0,0
0.6,0.44,-0.020109,1,0,0
0.62,0.44,-0.0016844,1,0,0
0.64,0.44,0.0088133,1,0,0
0.66,0.44,0.022932,1,0,0
0.68,0.44,0.016185,1,0,0
0.7,0.44,-0.00053153,1,0,0
0.72,0.44,0.0016258,1,0,0
0.74,0.44,0.0020087,1,0,0
0.76,0.44,0.008885,1,0,0
0.78,0.44,0.0036459,1,0,0
0.8,0.44,-0.012187,1,0,0
0.82,0.44,-0.012985,1,0,0
0.84,0.44,0.013592,1,0,0
0.86,0.44,-0.0060243,1,0,0
0.88,0.44,0.026026,1,0,0
0.9,0.44,0.0042226,1,0,0
0.92,0.44,0.027901,1,0,0
0.94,0.44,-5.6768e-05,1,0,0
0.96,0.44,-0.001086,1,0,0
0.98,0.44,-0.0079035,1,0,0
0.02,0.46,0.043542,1,0,0
0.04,0.46,0.022404,1,0,0
0.06,0.46,0.038336,1,0,0
0.08,0.46,0.032255,1,0,0
0.1,0.46,0.04085,1,0,0
0.12,0.46,0.024439,1,0,0
0.14,0.46,-0.0057254,1,0,0
0.16,0.46,-0.017676,1,0,0
0.18,0.46,-0.0037388,1,0,0
0.2,0.46,0.0084928,1,0,0
0.22,0.46,0.020793,1,0,0
0.24,0.46,-2.7147e-05,1,0,0
0.26,0.46,0.018438,1,0,0
0.28,0.46,0.039238,1,0,0
0.3,0.46,0.038358,1,0,0
0.32,0.46,0.02032,1,0,0
0.34,0.46,0.032313,1,0,0
0.36,0.46,0.016869,1,0,0
0.38,0.46,0.023447,1,0,0
0.4,0.46,0.012394,1,0,0
0.42,0.46,0.024048,1,0,0
0.44,0.46,0.010137,1,0,0
0.46,0.46,0.02876,1,0,0
0.48,0.46,0.019599,1,0,0
0.5,0.46,0.0062555,1,0,0
0.52,0.46,0.00081806,1,0,0
0.54,0.46,0.012784,1,0,0
0.56,0.46,0.0016487,1,0,0
0.58,0.46,0.0048336,1,0,0
0.6,0.46,-0.0025268,1,0,0
0.62,0.46,-0.0070544,1,0,0
0.64,0.46,0.014295,1,0,0
0.66,0.46,0.010354,1,0,0
0.68,0.46,0.012447,1,0,0
0.7,0.46,0.00016977,1,0,0
0.72,0.46,0.014086,1,0,0
0.74,0.46,-0.0020012,1,0,0
0.76,0.46,0.019558,1,0,0
0.78,0.46,0.0093674,1,0,0
0.8,0.46,0.018614,1,0,0
0.82,0.46,-0.016089,1,0,0
0.84,0.46,-0.025331,1,0,0
0.86,0.46,-0.0134,1,0,0
0.88,0.46,0.011937,1,0,0
0.9,0.46,-0.0098269,1,0,0
0.92,0.46,0.012615,1,0,0
0.94,0.46,0.0047489,1,0,0
0.96,0.46,0.0074264,1,0,0
0.98,0.46,-0.010745,1,0,0
0.02,0.48,0.02624,1,0,0
0.04,0.48,0.021704,1,0,0
0.06,0.48,0.030777,1,0,0
0.08,0.48,0.033107,1,0,0
0.1,0.48,0.021678,1,0,0
0.12,0.48,0.003402,1,0,0
0.14,0.48,0.0037471,1,0,0
0.16,0.48,-0.021725,1,0,0
0.18,0.48,-0.0087823,1,0,0
0.2,0.48,-0.014771,1,0,0
0.22,0.48,0.011247,1,0,0
0.24,0.48,0.0048646,1,0,0
0.26,0.48,0.0061784,1,0,0
0.28,0.48,0.018021,1,0,0
0.3,0.48,0.0097804,1,0,0
0.32,0.48,0.0039361,1,0,0
0.34,0.48,0.016135,1,0,0
0.36,0.48,0.018262,1,0,0
0.38,0.48,0.035192,1,0,0
0.4,0.48,0.021464,1,0,0
0.42,0.48,0.035837,1,0,0
0.44,0.48,0.020539,1,0,0
0.46,0.48,0.036959,1,0,0
0.48,0.48,-0.0071517,1,0,0
0.5,0.48,-0.014631,1,0,0
0.52,0.48,0.0099991,1,0,0
0.54,0.48,-0.021308,1,0,0
0.56,0.48,-0.0063174,1,0,0
0.58,0.48,0.010802,1,0,0
0.6,0.48,-0.0073399,1,0,0
0.62,0.48,0.0045443,1,0,0
0.64,0.48,0.019142,1,0,0
0.66,0.48,0.011997,1,0,0
0.68,0.48,0.00083063,1,0,0
0.7,0.48,-0.019536,1,0,0
0.72,0.48,0.0078966,1,0,0
0.74,0.48,-0.00070548,1,0,0
0.76,0.48,0.013248,1,0,0
0.78,0.48,0.0010255,1,0,0
0.8,0.48,-0.0023203,1,0,0
0.82,0.48,-0.011836,1,0,0
0.84,0.48,-0.021533,1,0,0
0.86,0.48,-0.01757,1,0,0
0.88,0.48,-0.0070139,1,0,0
0.9,0.48,-0.010145,1,0,0
0.92,0.48,-0.0065267,1,0,0
0.94,0.48,-0.011477,1,0,0
0.96,0.48,-0.0019475,1,0,0
0.98,0.48,-0.027508,1,0,0
0.02,0.5,0.028955,1,0,0
0.04,0.5,0.016678,1,0,0
0.06,0.5,0.04054,1,0,0
0.08,0.5,0.058333,1,0,0
0.1,0.5,0.028266,1,0,0
0.12,0.5,0.011577,1,0,0
0.14,0.5,0.018725,1,0,0
0.16,0.5,0.0029456,1,0,0
0.18,0.5,-0.017292,1,0,0
0.2,0.5,-0.031094,1,0,0
0.22,0.5,-0.0050078,1,0,0
0.24,0.5,-0.0099641,1,0,0
0.26,0.5,0.0093332,1,0,0
0.28,0.5,0.022608,1,0,0
0.3,0.5,0.0096987,1,0,0
0.32,0.5,0.018426,1,0,0
0.34,0.5,0.04258,1,0,0
0.36,0.5,0.035392,1,0,0
0.38,0.5,0.025358,1,0,0
0.4,0.5,0.034306,1,0,0
0.42,0.5,0.025575,1,0,0
0.44,0.5,0.018173,1,0,0
0.46,0.5,0.025704,1,0,0
0.48,0.5,0.014468,1,0,0
0.5,0.5,-0.0031389,1,0,0
0.52,0.5,0.010461,1,0,0
0.54,0.5,0.0041672,1,0,0
0.56,0.5,0.0037468,1,0,0
0.58,0.5,0.019569,1,0,0
0.6,0.5,0.0055582,1,0,0
0.62,0.5,0.01369,1,0,0
0.64,0.5,0.013122,1,0,0
0.66,0.5,0.014778,1,0,0
0.68,0.5,0.0072039,1,0,0
0.7,0.5,0.014138,1,0,0
0.72,0.5,-0.0045764,1,0,0
0.74,0.5,0.014393,1,0,0
0.76,0.5,0.0079567,1,0,0
0.78,0.5,-0.025971,1,0,0
0.8,0.5,-0.034202,1,0,0
0.82,0.5,-0.00026961,1,0,0
0.84,0.5,-0.0052941,1,0,0
0.86,0.5,0.0034828,1,0,0
0.88,0.5,0.031821,1,0,0
0.9,0.5,0.012716,1,0,0
0.92,0.5,0.025778,1,0,0
0.94,0.5,0.0063019,1,0,0
0.96,0.5,-0.0028486,1,0,0
0.98,0.5,-0.03074,1,0,0
0.02,0.52,0.035938,1,0,0
0.04,0.52,0.027867,1,0,0
0.06,0.52,0.03484,1,0,0
0.08,0.52,0.023663,1,0,0
0.1,0.52,0.023203,1,0,0
0.12,0.52,0.003795,1,0,0
0.14,0.52,-0.020994,1,0,0
0.16,0.52,-0.016051,1,0,0
0.18,0.52,-0.011551,1,0,0
0.2,0.52,-0.031931,1,0,0
0.22,0.52,-0.027625,1,0,0
0.24,0.52,-0.014417,1,0,0
0.26,0.52,-0.0038104,1,0,0
0.28,0.52,0.0035873,1,0,0
0.3,0.52,0.0085764,1,0,0
0.32,0.52,0.009738,1,0,0
0.34,0.52,0.0062392,1,0,0
0.36,0.52,0.012235,1,0,0
0.38,0.52,0.025829,1,0,0
0.4,0.52,0.041375,1,0,0
0.42,0.52,0.0095422,1,0,0
0.44,0.52,-0.001541,1,0,0
0.46,0.52,0.0030253,1,0,0
0.48,0.52,-0.017153,1,0,0
0.5,0.52,-0.0043012,1,0,0
0.52,0.52,0.0035421,1,0,0
0.54,0.52,-0.018848,1,0,0
0.56,0.52,-0.014837,1,0,0
0.58,0.52,0.01981,1,0,0
0.6,0.52,0.0073005,1,0,0
0.62,0.52,0.023137,1,0,0
0.64,0.52,0.014403,1,0,0
0.66,0.52,-0.016931,1,0,0
0.68,0.52,-0.0098089,1,0,0
0.7,0.52,-0.013629,1,0,0
0.72,0.52,-0.03108,1,0,0
0.74,0.52,-0.042066,1,0,0
0.76,0.52,-0.044665,1,0,0
0.78,0.52,-0.032886,1,0,0
0.8,0.52,-0.033872,1,0,0
0.82,0.52,-0.008943,1,0,0
0.84,0.52,-0.014365,1,0,0
0.86,0.52,0.0046335,1,0,0
0.88,0.52,0.011877,1,0,0
0.9,0.52,0.035095,1,0,0
0.92,0.52,0.0080191,1,0,0
0.94,0.52,-0.002302,1,0,0
0.96,0.52,-0.029007,1,0,0
0.98,0.52,-0.02582,1,0,0
0.02,0.54,0.021868,1,0,0
0.04,0.54,0.033728,1,0,0
0.06,0.54,0.024604,1,0,0
0.08,0.54,0.019977,1,0,0
0.1,0.54,-0.0075418,1,0,0
0.12,0.54,-0.008583,1,0,0
0.14,0.54,-0.014571,1,0,0
0.16,0.54,-0.017431,1,0,0
0.18,0.54,0.0041265,1,0,0
0.2,0.54,-0.0081974,1,0,0
0.22,0.54,-0.022247,1,0,0
0.24,0.54,-0.031899,1,0,0
0.26,0.54,-0.024894,1,0,0
0.28,0.54,-0.017422,1,0,0
0.3,0.54,-0.016313,1,0,0
0.32,0.54,-0.0061215,1,0,0
0.34,0.54,0.0030725,1,0,0
0.36,0.54,0.011591,1,0,0
0.38,0.54,0.018653,1,0,0
0.4,0.54,0.012941,1,0,0
0.42,0.54,0.012682,1,0,0
0.44,0.54,-0.013674,1,0,0
0.46,0.54,-0.010021,1,0,0
0.48,0.54,0.00023355,1,0,0
0.5,0.54,-0.018061,1,0,0
0.52,0.54,-0.006296,1,0,0
0.54,0.54,-0.026863,1,0,0
0.56,0.54,-0.017949,1,0,0
0.58,0.54,0.00068093,1,0,0
0.6,0.54,0.0068302,1,0,0
0.62,0.54,0.0352,1,0,0
0.64,0.54,0.0019975,1,0,0
0.66,0.54,-0.014764,1,0,0
0.68,0.54,-0.013281,1,0,0
0.7,0.54,-0.008218,1,0,0
0.72,0.54,-0.034499,1,0,0
0.74,0.54,-0.055751,1,0,0
0.76,0.54,-0.038628,1,0,0
0.78,0.54,-0.02438,1,0,0
0.8,0.54,-0.0079379,1,0,0
0.82,0.54,0.0016472,1,0,0
0.84,0.54,-0.021238,1,0,0
0.86,0.54,0.0037013,1,0,0
0.88,0.54,0.010578,1,0,0
0.9,0.54,0.013879,1,0,0
0.92,0.54,0.0082811,1,0,0
0.94,0.54,0.004445,1,0,0
0.96,0.54,-0.0077268,1,0,0
0.98,0.54,-0.013445,1,0,0
0.02,0.56,0.020843,1,0,0
0.04,0.56,0.012489,1,0,0
0.06,0.56,0.037739,1,0,0
0.08,0.56,0.011359,1,0,0
0.1,0.56,-0.01108,1,0,0
0.12,0.56,0.001587,1,0,0
0.14,0.56,0.015428,1,0,0
0.16,0.56,0.013821,1,0,0
0.18,0.56,0.0092438,1,0,0
0.2,0.56,-0.022625,1,0,0
0.22,0.56,-0.0050604,1,0,0
0.24,0.56,-0.0094188,1,0,0
0.26,0.56,-0.029358,1,0,0
0.28,0.56,-0.016014,1,0,0
0.3,0.56,-0.012105,1,0,0
0.32,0.56,0.014215,1,0,0
0.34,0.56,0.028248,1,0,0
0.36,0.56,0.019671,1,0,0
0.38,0.56,0.004735,1,0,0
0.4,0.56,-0.017567,1,0,0
0.42,0.56,-0.00987,1,0,0
0.44,0.56,-0.011211,1,0,0
0.46,0.56,-0.0098482,1,0,0
0.48,0.56,-0.0084399,1,0,0
0.5,0.56,0.0097505,1,0,0
0.52,0.56,0.018811,1,0,0
0.54,0.56,-0.014094,1,0,0
0.56,0.56,-0.029715,1,0,0
0.58,0.56,-0.028033,1,0,0
0.6,0.56,-0.012845,1,0,0
0.62,0.56,0.013017,1,0,0
0.64,0.56,0.014206,1,0,0
0.66,0.56,0.0099921,1,0,0
0.68,0.56,0.00026446,1,0,0
0.7,0.56,-0.020663,1,0,0
0.72,0.56,-0.020626,1,0,0
0.74,0.56,-0.023313,1,0,0
0.76,0.56,-0.020238,1,0,0
0.78,0.56,-0.024974,1,0,0
0.8,0.56,-0.0055439,1,0,0
0.82,0.56,-0.0074059,1,0,0
0.84,0.56,-0.017367,1,0,0
0.86,0.56,-0.0011251,1,0,0
0.88,0.56,0.013457,1,0,0
0.9,0.56,0.0032996,1,0,0
0.92,0.56,0.02175,1,0,0
0.94,0.56,-0.00029659,1,0,0
0.96,0.56,-0.0019035,1,0,0
0.98,0.56,-0.027063,1,0,0
0.02,0.58,0.020456,1,0,0
0.04,0.58,0.0063659,1,0,0
0.06,0.58,0.044326,1,0,0
0.08,0.58,0.0023044,1,0,0
0.1,0.58,-0.010571,1,0,0
0.12,0.58,-0.022889,1,0,0
0.14,0.58,0.003053,1,0,0
0.16,0.58,0.0019934,1,0,0
0.18,0.58,-0.0006646,1,0,0
0.2,0.58,-0.010967,1,0,0
0.22,0.58,0.0026781,1,0,0
0.24,0.58,0.0030742,1,0,0
0.26,0.58,-0.0049481,1,0,0
0.28,0.58,-0.020867,1,0,0
0.3,0.58,0.020331,1,0,0
0.32,0.58,0.031333,1,0,0
0.34,0.58,0.030082,1,0,0
0.36,0.58,0.029008,1,0,0
0.38,0.58,-0.0025083,1,0,0
0.4,0.58,-0.040996,1,0,0
0.42,0.58,-0.02762,1,0,0
0.44,0.58,-0.024996,1,0,0
0.46,0.58,-0.029579,1,0,0
0.48,0.58,-0.031851,1,0,0
0.5,0.58,-0.0071818,1,0,0
0.52,0.58,0.001258,1,0,0
0.54,0.58,-0.017281,1,0,0
0.56,0.58,-0.017945,1,0,0
0.58,0.58,-0.0030416,1,0,0
0.6,0.58,0.013741,1,0,0
0.62,0.58,-0.0035304,1,0,0
0.64,0.58,0.02563,1,0,0
0.66,0.58,0.014148,1,0,0
0.68,0.58,0.019384,1,0,0
0.7,0.58,-0.019989,1,0,0
0.72,0.58,-0.0091744,1,0,0
0.74,0.58,-0.026054,1,0,0
0.76,0.58,-0.012546,1,0,0
0.78,0.58,0.00020914,1,0,0
0.8,0.58,0.0038652,1,0,0
0.82,0.58,-0.00040113,1,0,0
0.84,0.58,-0.0094568,1,0,0
0.86,0.58,0.0014117,1,0,0
0.88,0.58,0.021941,1,0,0
0.9,0.58,-0.0047219,1,0,0
0.92,0.58,0.0083818,1,0,0
0.94,0.58,0.003589,1,0,0
0.96,0.58,-0.005342,1,0,0
0.98,0.58,0.0083029,1,0,0
0.02,0.6,0.032888,1,0,0
0.04,0.6,0.0064028,1,0,0
0.06,0.6,0.015461,1,0,0
0.08,0.6,-0.016319,1,0,0
0.1,0.6,-0.021283,1,0,0
0.12,0.6,-0.01034,1,0,0
0.14,0.6,-0.018254,1,0,0
0.16,0.6,-0.034798,1,0,0
0.18,0.6,-0.02252,1,0,0
0.2,0.6,-0.035726,1,0,0
0.22,0.6,0.0033821,1,0,0
0.24,0.6,-0.0090132,1,0,0
0.26,0.6,0.001447,1,0,0
0.28,0.6,0.008053,1,0,0
0.3,0.6,0.020609,1,0,0
0.32,0.6,0.019652,1,0,0
0.34,0.6,0.024109,1,0,0
0.36,0.6,-0.0048366,1,0,0
0.38,0.6,-0.021941,1,0,0
0.4,0.6,-0.037303,1,0,0
0.42,0.6,-0.032018,1,0,0
0.44,0.6,-0.046469,1,0,0
0.46,0.6,-0.077156,1,0,0
0.48,0.6,-0.045217,1,0,0
0.5,0.6,-0.044996,1,0,0
0.52,0.6,-0.019557,1,0,0
0.54,0.6,-0.0131,1,0,0
0.56,0.6,-0.010094,1,0,0
0.58,0.6,-0.026752,1,0,0
0.6,0.6,0.0017691,1,0,0
0.62,0.6,0.017283,1,0,0
0.64,0.6,-0.00098933,1,0,0
0.66,0.6,0.0085114,1,0,0
0.68,0.6,0.017905,1,0,0
0.7,0.6,-5.9957e-05,1,0,0
0.72,0.6,-0.013738,1,0,0
0.74,0.6,-0.018214,1,0,0
0.76,0.6,-0.0027313,1,0,0
0.78,0.6,-0.0036458,1,0,0
0.8,0.6,0.018854,1,0,0
0.82,0.6,-0.0084662,1,0,0
0.84,0.6,-0.027625,1,0,0
0.86,0.6,-0.012209,1,0,0
0.88,0.6,0.016676,1,0,0
0.9,0.6,-0.0098177,1,0,0
0.92,0.6,-0.0042258,1,0,0
0.94,0.6,-0.02668,1,0,0
0.96,0.6,0.0034752,1,0,0
0.98,0.6,-0.0083194,1,0,0
0.02,0.62,0.00037169,1,0,0
0.04,0.62,0.018987,1,0,0
0.06,0.62,0.0039942,1,0,0
0.08,0.62,-0.012832,1,0,0
0.1,0.62,0.0044129,1,0,0
0.12,0.62,-0.0035045,1,0,0
0.14,0.62,-0.015861,1,0,0
0.16,0.62,-0.041668,1,0,0
0.18,0.62,-0.02307,1,0,0
0.2,0.62,-0.038292,1,0,0
0.22,0.62,-0.02792,1,0,0
0.24,0.62,-0.00023692,1,0,0
0.26,0.62,0.013931,1,0,0
0.28,0.62,0.01138,1,0,0
0.3,0.62,0.022472,1,0,0
0.32,0.62,0.047217,1,0,0
0.34,0.62,0.011789,1,0,0
0.36,0.62,-0.0010754,1,0,0
0.38,0.62,-0.033044,1,0,0
0.4,0.62,-0.058898,1,0,0
0.42,0.62,-0.048604,1,0,0
0.44,0.62,-0.059437,1,0,0
0.46,0.62,-0.054647,1,0,0
0.48,0.62,-0.046427,1,0,0
0.5,0.62,-0.041945,1,0,0
0.52,0.62,-0.016855,1,0,0
0.54,0.62,-0.0079047,1,0,0
0.56,0.62,-0.01233,1,0,0
0.58,0.62,-0.01694,1,0,0
0.6,0.62,-0.023789,1,0,0
0.62,0.62,-0.0035545,1,0,0
0.64,0.62,-0.016108,1,0,0
0.66,0.62,-0.0016553,1,0,0
0.68,0.62,0.018559,1,0,0
0.7,0.62,0.027225,1,0,0
0.72,0.62,0.028304,1,0,0
0.74,0.62,-0.0069378,1,0,0
0.76,0.62,0.011742,1,0,0
0.78,0.62,-0.00058742,1,0,0
0.8,0.62,-0.010233,1,0,0
0.82,0.62,-0.017134,1,0,0
0.84,0.62,-0.023015,1,0,0
0.86,0.62,-0.014516,1,0,0
0.88,0.62,0.0062501,1,0,0
0.9,0.62,-0.0098734,1,0,0
0.92,0.62,-0.016151,1,0,0
0.94,0.62,-0.024045,1,0,0
0.96,0.62,-0.011252,1,0,0
0.98,0.62,-0.0047715,1,0,0
0.02,0.64,0.012948,1,0,0
0.04,0.64,0.0088147,1,0,0
0.06,0.64,-3.6905e-06,1,0,0
0.08,0.64,-0.011461,1,0,0
0.1,0.64,-0.032467,1,0,0
0.12,0.64,-0.013526,1,0,0
0.14,0.64,-0.028345,1,0,0
0.16,0.64,-0.014863,1,0,0
0.18,0.64,-0.038699,1,0,0
0.2,0.64,-0.051725,1,0,0
0.22,0.64,-0.022155,1,0,0
0.24,0.64,-0.0070577,1,0,0
0.26,0.64,0.0048337,1,0,0
0.28,0.64,0.0047486,1,0,0
0.3,0.64,-0.0083312,1,0,0
0.32,0.64,0.0028997,1,0,0
0.34,0.64,0.0064744,1,0,0
0.36,0.64,-0.02617,1,0,0
0.38,0.64,-0.041015,1,0,0
0.4,0.64,-0.047314,1,0,0
0.42,0.64,-0.054147,1,0,0
0.44,0.64,-0.059285,1,0,0
0.46,0.64,-0.056194,1,0,0
0.48,0.64,-0.058223,1,0,0
0.5,0.64,-0.035386,1,0,0
0.52,0.64,-0.026991,1,0,0
0.54,0.64,-0.0024963,1,0,0
0.56,0.64,-0.020249,1,0,0
0.58,0.64,-0.027395,1,0,0
0.6,0.64,-0.015795,1,0,0
0.62,0.64,-0.015437,1,0,0
0.64,0.64,-0.0012526,1,0,0
0.66,0.64,-0.0011986,1,0,0
0.68,0.64,0.0092117,1,0,0
0.7,0.64,0.010849,1,0,0
0.72,0.64,0.013718,1,0,0
0.74,0.64,0.029569,1,0,0
0.76,0.64,0.034353,1,0,0
0.78,0.64,0.013455,1,0,0
0.8,0.64,-0.0012582,1,0,0
0.82,0.64,0.0031959,1,0,0
0.84,0.64,-0.020128,1,0,0
0.86,0.64,-0.017081,1,0,0
0.88,0.64,-0.0084368,1,0,0
0.9,0.64,-0.021932,1,0,0
0.92,0.64,-0.0094856,1,0,0
0.94,0.64,-0.008817,1,0,0
0.96,0.64,-0.015743,1,0,0
0.98,0.64,-0.013497,1,0,0
0.02,0.66,0.031848,1,0,0
0.04,0.66,0.026363,1,0,0
0.06,0.66,0.023792,1,0,0
0.08,0.66,0.036272,1,0,0
0.1,0.66,-0.0057109,1,0,0
0.12,0.66,-0.017537,1,0,0
0.14,0.66,-0.020687,1,0,0
0.16,0.66,0.0059635,1,0,0
0.18,0.66,-0.015471,1,0,0
0.2,0.66,-7.3812e-05,1,0,0
0.22,0.66,-0.0063203,1,0,0
0.24,0.66,-0.0014058,1,0,0
0.26,0.66,0.0027656,1,0,0
0.28,0.66,0.0063319,1,0,0
0.3,0.66,0.010451,1,0,0
0.32,0.66,-0.0040208,1,0,0
0.34,0.66,-0.014507,1,0,0
0.36,0.66,-0.018274,1,0,0
0.38,0.66,-0.019269,1,0,0
0.4,0.66,-0.02657,1,0,0
0.42,0.66,-0.028534,1,0,0
0.44,0.66,-0.03553,1,0,0
0.46,0.66,-0.019009,1,0,0
0.48,0.66,-0.02653,1,0,0
0.5,0.66,-0.014587,1,0,0
0.52,0.66,-0.0025339,1,0,0
0.54,0.66,-0.017815,1,0,0
0.56,0.66,-0.018389,1,0,0
0.58,0.66,0.014174,1,0,0
0.6,0.66,0.0016367,1,0,0
0.62,0.66,-0.0023735,1,0,0
0.64,0.66,-0.0052172,1,0,0
0.66,0.66,0.01046,1,0,0
0.68,0.66,0.017049,1,0,0
0.7,0.66,0.031794,1,0,0
0.72,0.66,0.037732,1,0,0
0.74,0.66,0.043727,1,0,0
0.76,0.66,0.042857,1,0,0
0.78,0.66,0.044349,1,0,0
0.8,0.66,0.03717,1,0,0
0.82,0.66,0.034449,1,0,0
0.84,0.66,0.0076297,1,0,0
0.86,0.66,-0.021963,1,0,0
0.88,0.66,0.00079189,1,0,0
0.9,0.66,-0.016246,1,0,0
0.92,0.66,0.0061749,1,0,0
0.94,0.66,0.012827,1,0,0
0.96,0.66,0.0096461,1,0,0
0.98,0.66,0.00058055,1,0,0
0.02,0.68,0.053305,1,0,0
0.04,0.68,0.0294,1,0,0
0.06,0.68,0.031194,1,0,0
0.08,0.68,0.025013,1,0,0
0.1,0.68,0.010461,1,0,0
0.12,0.68,0.0038772,1,0,0
0.14,0.68,0.0038325,1,0,0
0.16,0.68,-0.0045802,1,0,0
0.18,0.68,-0.011607,1,0,0
0.2,0.68,-0.023516,1,0,0
0.22,0.68,-0.018511,1,0,0
0.24,0.68,-0.022001,1,0,0
0.26,0.68,-0.016766,1,0,0
0.28,0.68,0.033168,1,0,0
0.3,0.68,0.0048227,1,0,0
0.32,0.68,-0.011244,1,0,0
0.34,0.68,-0.020152,1,0,0
0.36,0.68,-0.021033,1,0,0
0.38,0.68,-0.01073,1,0,0
0.4,0.68,-0.030669,1,0,0
0.42,0.68,-0.030354,1,0,0
0.44,0.68,-0.042801,1,0,0
0.46,0.68,-0.028608,1,0,0
0.48,0.68,-0.031142,1,0,0
0.5,0.68,-0.0049019,1,0,0
0.52,0.68,0.007472,1,0,0
0.54,0.68,-0.015689,1,0,0
0.56,0.68,-0.018598,1,0,0
0.58,0.68,0.0025007,1,0,0
0.6,0.68,-0.016465,1,0,0
0.62,0.68,-0.0038842,1,0,0
0.64,0.68,0.014157,1,0,0
0.66,0.68,0.013634,1,0,0
0.68,0.68,0.020459,1,0,0
0.7,0.68,0.04706,1,0,0
0.72,0.68,0.067603,1,0,0
0.74,0.68,0.040858,1,0,0
0.76,0.68,0.056429,1,0,0
0.78,0.68,0.045547,1,0,0
0.8,0.68,0.052856,1,0,0
0.82,0.68,0.027061,1,0,0
0.84,0.68,0.0022987,1,0,0
0.86,0.68,0.0083422,1,0,0
0.88,0.68,0.0044939,1,0,0
0.9,0.68,0.013879,1,0,0
0.92,0.68,0.025778,1,0,0
0.94,0.68,0.02102,1,0,0
0.96,0.68,0.0091509,1,0,0
0.98,0.68,-0.027785,1,0,0
0.02,0.7,0.05307,1,0,0
0.04,0.7,0.034758,1,0,0
0.06,0.7,0.021718,1,0,0
0.08,0.7,0.024618,1,0,0
0.1,0.7,0.018221,1,0,0
0.12,0.7,-0.0085628,1,0,0
0.14,0.7,-0.0079325,1,0,0
0.16,0.7,-0.012873,1,0,0
0.18,0.7,-0.008465,1,0,0
0.2,0.7,-0.024459,1,0,0
0.22,0.7,-0.0069039,1,0,0
0.24,0.7,-0.026354,1,0,0
0.26,0.7,0.0052832,1,0,0
0.28,0.7,0.0078082,1,0,0
0.3,0.7,0.0037478,1,0,0
0.32,0.7,-0.031727,1,0,0
0.34,0.7,-0.016457,1,0,0
0.36,0.7,-0.026089,1,0,0
0.38,0.7,-0.0352,1,0,0
0.4,0.7,-0.025216,1,0,0
0.42,0.7,-0.036452,1,0,0
0.44,0.7,-0.0463,1,0,0
0.46,0.7,-0.031796,1,0,0
0.48,0.7,-0.038337,1,0,0
0.5,0.7,-0.050303,1,0,0
0.52,0.7,-0.022923,1,0,0
0.54,0.7,-0.028342,1,0,0
0.56,0.7,-0.00012075,1,0,0
0.58,0.7,0.0077846,1,0,0
0.6,0.7,-9.0177e-05,1,0,0
0.62,0.7,-0.00051136,1,0,0
0.64,0.7,0.02179,1,0,0
0.66,0.7,0.0060892,1,0,0
0.68,0.7,0.02632,1,0,0
0.7,0.7,0.044465,1,0,0
0.72,0.7,0.058767,1,0,0
0.74,0.7,0.058124,1,0,0
0.76,0.7,0.052767,1,0,0
0.78,0.7,0.046873,1,0,0
0.8,0.7,0.047979,1,0,0
0.82,0.7,0.052818,1,0,0
0.84,0.7,0.04453,1,0,0
0.86,0.7,0.026191,1,0,0
0.88,0.7,0.034132,1,0,0
0.9,0.7,0.0021098,1,0,0
0.92,0.7,0.016821,1,0,0
0.94,0.7,0.017288,1,0,0
0.96,0.7,0.0059994,1,0,0
0.98,0.7,-0.032777,1,0,0
0.02,0.72,0.056682,1,0,0
0.04,0.72,0.023906,1,0,0
0.06,0.72,0.027597,1,0,0
0.08,0.72,0.00067706,1,0,0
0.1,0.72,0.026446,1,0,0
0.12,0.72,0.013159,1,0,0
0.14,0.72,0.0046057,1,0,0
0.16,0.72,-0.0050565,1,0,0
0.18,0.72,0.0029835,1,0,0
0.2,0.72,-0.035386,1,0,0
0.22,0.72,-0.010478,1,0,0
0.24,0.72,0.0051158,1,0,0
0.26,0.72,0.030901,1,0,0
0.28,0.72,0.016446,1,0,0
0.3,0.72,-0.00030978,1,0,0
0.32,0.72,-0.025758,1,0,0
0.34,0.72,-0.030332,1,0,0
0.36,0.72,-0.038018,1,0,0
0.38,0.72,-0.03901,1,0,0
0.4,0.72,-0.012757,1,0,0
0.42,0.72,-0.037602,1,0,0
0.44,0.72,-0.042729,1,0,0
0.46,0.72,-0.041588,1,0,0
0.48,0.72,-0.060576,1,0,0
0.5,0.72,-0.065739,1,0,0
0.52,0.72,-0.040582,1,0,0
0.54,0.72,-0.017742,1,0,0
0.56,0.72,-0.0038574,1,0,0
0.58,0.72,0.001288,1,0,0
0.6,0.72,-0.016409,1,0,0
0.62,0.72,-0.015668,1,0,0
0.64,0.72,0.018952,1,0,0
0.66,0.72,0.018793,1,0,0
0.68,0.72,0.038605,1,0,0
0.7,0.72,0.047527,1,0,0
0.72,0.72,0.057908,1,0,0
0.74,0.72,0.076816,1,0,0
0.76,0.72,0.094451,1,0,0
0.78,0.72,0.069845,1,0,0
0.8,0.72,0.048277,1,0,0
0.82,0.72,0.048312,1,0,0
0.84,0.72,0.060635,1,0,0
0.86,0.72,0.019732,1,0,0
0.88,0.72,0.019702,1,0,0
0.9,0.72,0.0036745,1,0,0
0.92,0.72,0.016557,1,0,0
0.94,0.72,-0.014782,1,0,0
0.96,0.72,-0.0023957,1,0,0
0.98,0.72,-0.012826,1,0,0
0.02,0.74,0.048368,1,0,0
0.04,0.74,0.0049293,1,0,0
0.06,0.74,0.014642,1,0,0
0.08,0.74,0.02559,1,0,0
0.1,0.74,0.045408,1,0,0
0.12,0.74,0.02951,1,0,0
0.14,0.74,0.02754,1,0,0
0.16,0.74,0.0096262,1,0,0
0.18,0.74,0.019486,1,0,0
0.2,0.74,-0.0034162,1,0,0
0.22,0.74,0.014029,1,0,0
0.24,0.74,0.01211,1,0,0
0.26,0.74,0.011395,1,0,0
0.28,0.74,0.034385,1,0,0
0.3,0.74,0.018321,1,0,0
0.32,0.74,-0.010532,1,0,0
0.34,0.74,-0.026841,1,0,0
0.36,0.74,-0.043648,1,0,0
0.38,0.74,-0.047813,1,0,0
0.4,0.74,-0.034667,1,0,0
0.42,0.74,-0.027389,1,0,0
0.44,0.74,-0.046937,1,0,0
0.46,0.74,-0.026978,1,0,0
0.48,0.74,-0.037475,1,0,0
0.5,0.74,-0.059636,1,0,0
0.52,0.74,-0.030545,1,0,0
0.54,0.74,-0.010648,1,0,0
0.56,0.74,-0.0081995,1,0,0
0.58,0.74,-0.0093737,1,0,0
0.6,0.74,-0.015593,1,0,0
0.62,0.74,-0.01483,1,0,0
0.64,0.74,-0.0093963,1,0,0
0.66,0.74,0.036151,1,0,0
0.68,0.74,0.08867,1,0,0
0.7,0.74,0.080122,1,0,0
0.72,0.74,0.1026,1,0,0
0.74,0.74,0.11049,1,0,0
0.76,0.74,0.11351,1,0,0
0.78,0.74,0.079944,1,0,0
0.8,0.74,0.091311,1,0,0
0.82,0.74,0.08411,1,0,0
0.84,0.74,0.063121,1,0,0
0.86,0.74,0.049063,1,0,0
0.88,0.74,0.027076,1,0,0
0.9,0.74,0.025719,1,0,0
0.92,0.74,0.0029129,1,0,0
0.94,0.74,-0.00094733,1,0,0
0.96,0.74,0.012359,1,0,0
0.98,0.74,0.006673,1,0,0
0.02,0.76,0.033525,1,0,0
0.04,0.76,0.028095,1,0,0
0.06,0.76,0.0029848,1,0,0
0.08,0.76,0.0029219,1,0,0
0.1,0.76,0.014099,1,0,0
0.12,0.76,0.040943,1,0,0
0.14,0.76,0.025437,1,0,0
0.16,0.76,0.0175,1,0,0
0.18,0.76,0.015914,1,0,0
0.2,0.76,0.0043069,1,0,0
0.22,0.76,0.0085325,1,0,0
0.24,0.76,0.0095108,1,0,0
0.26,0.76,0.016793,1,0,0
0.28,0.76,0.020051,1,0,0
0.3,0.76,0.025341,1,0,0
0.32,0.76,-0.016852,1,0,0
0.34,0.76,-0.029383,1,0,0
0.36,0.76,-0.0364,1,0,0
0.38,0.76,-0.043188,1,0,0
0.4,0.76,-0.062935,1,0,0
0.42,0.76,-0.057782,1,0,0
0.44,0.76,-0.063553,1,0,0
0.46,0.76,-0.053763,1,0,0
0.48,0.76,-0.055974,1,0,0
0.5,0.76,-0.062099,1,0,0
0.52,0.76,-0.018064,1,0,0
0.54,0.76,-0.014378,1,0,0
0.56,0.76,-0.01984,1,0,0
0.58,0.76,-0.025539,1,0,0
0.6,0.76,-0.030161,1,0,0
0.62,0.76,-0.022608,1,0,0
0.64,0.76,0.0043037,1,0,0
0.66,0.76,0.042864,1,0,0
0.68,0.76,0.051956,1,0,0
0.7,0.76,0.063471,1,0,0
0.72,0.76,0.082295,1,0,0
0.74,0.76,0.096632,1,0,0
0.76,0.76,0.091956,1,0,0
0.78,0.76,0.1077,1,0,0
0.8,0.76,0.094162,1,0,0
0.82,0.76,0.072037,1,0,0
0.84,0.76,0.050158,1,0,0
0.86,0.76,0.048805,1,0,0
0.88,0.76,0.028129,1,0,0
0.9,0.76,0.013606,1,0,0
0.92,0.76,0.0084218,1,0,0
0.94,0.76,0.00041559,1,0,0
0.96,0.76,-0.00010752,1,0,0
0.98,0.76,0.003909,1,0,0
0.02,0.78,0.036634,1,0,0
0.04,0.78,0.027308,1,0,0
0.06,0.78,0.045441,1,0,0
0.08,0.78,0.010241,1,0,0
0.1,0.78,0.007098,1,0,0
0.12,0.78,0.011537,1,0,0
0.14,0.78,-0.00038165,1,0,0
0.16,0.78,0.0092201,1,0,0
0.18,0.78,0.0066787,1,0,0
0.2,0.78,0.0032339,1,0,0
0.22,0.78,0.010794,1,0,0
0.24,0.78,0.012615,1,0,0
0.26,0.78,0.0021998,1,0,0
0.28,0.78,0.025351,1,0,0
0.3,0.78,0.0061547,1,0,0
0.32,0.78,-0.013036,1,0,0
0.34,0.78,-0.020406,1,0,0
0.36,0.78,-0.031731,1,0,0
0.38,0.78,-0.075912,1,0,0
0.4,0.78,-0.081086,1,0,0
0.42,0.78,-0.071181,1,0,0
0.44,0.78,-0.066364,1,0,0
0.46,0.78,-0.061396,1,0,0
0.48,0.78,-0.06085,1,0,0
0.5,0.78,-0.040604,1,0,0
0.52,0.78,-0.051912,1,0,0
0.54,0.78,-0.014294,1,0,0
0.56,0.78,-0.018867,1,0,0
0.58,0.78,-0.014596,1,0,0
0.6,0.78,-0.023417,1,0,0
0.62,0.78,-0.017835,1,0,0
0.64,0.78,0.014268,1,0,0
0.66,0.78,0.033768,1,0,0
0.68,0.78,0.035596,1,0,0
0.7,0.78,0.045723,1,0,0
0.72,0.78,0.056963,1,0,0
0.74,0.78,0.0712,1,0,0
0.76,0.78,0.060028,1,0,0
0.78,0.78,0.090604,1,0,0
0.8,0.78,0.090651,1,0,0
0.82,0.78,0.084459,1,0,0
0.84,0.78,0.070379,1,0,0
0.86,0.78,0.066065,1,0,0
0.88,0.78,0.02995,1,0,0
0.9,0.78,-7.6977e-05,1,0,0
0.92,0.78,0.016895,1,0,0
0.94,0.78,0.024362,1,0,0
0.96,0.78,0.0093545,1,0,0
0.98,0.78,0.0028725,1,0,0
0.02,0.8,0.022828,1,0,0
0.04,0.8,0.023958,1,0,0
0.06,0.8,0.012447,1,0,0
0.08,0.8,0.0071,1,0,0
0.1,0.8,0.0094713,1,0,0
0.12,0.8,0.0075364,1,0,0
0.14,0.8,0.032927,1,0,0
0.16,0.8,0.034841,1,0,0
0.18,0.8,0.019733,1,0,0
0.2,0.8,-0.01439,1,0,0
0.22,0.8,-0.012311,1,0,0
0.24,0.8,-0.0026694,1,0,0
0.26,0.8,0.0031734,1,0,0
0.28,0.8,0.004449,1,0,0
0.3,0.8,0.0078428,1,0,0
0.32,0.8,-0.017667,1,0,0
0.34,0.8,-0.03374,1,0,0
0.36,0.8,-0.036572,1,0,0
0.38,0.8,-0.055737,1,0,0
0.4,0.8,-0.070401,1,0,0
0.42,0.8,-0.052376,1,0,0
0.44,0.8,-0.070329,1,0,0
0.46,0.8,-0.072122,1,0,0
0.48,0.8,-0.042803,1,0,0
0.5,0.8,-0.025801,1,0,0
0.52,0.8,-0.011064,1,0,0
0.54,0.8,-0.0087876,1,0,0
0.56,0.8,-0.013323,1,0,0
0.58,0.8,-0.020691,1,0,0
0.6,0.8,-0.022657,1,0,0
0.62,0.8,-0.013296,1,0,0
0.64,0.8,-0.0006786,1,0,0
0.66,0.8,0.03392,1,0,0
0.68,0.8,0.040979,1,0,0
0.7,0.8,0.039591,1,0,0
0.72,0.8,0.045923,1,0,0
0.74,0.8,0.048497,1,0,0
0.76,0.8,0.052961,1,0,0
0.78,0.8,0.071716,1,0,0
0.8,0.8,0.075168,1,0,0
0.82,0.8,0.092756,1,0,0
0.84,0.8,0.072575,1,0,0
0.86,0.8,0.067143,1,0,0
0.88,0.8,0.046437,1,0,0
0.9,0.8,0.031664,1,0,0
0.92,0.8,0.028937,1,0,0
0.94,0.8,0.026608,1,0,0
0.96,0.8,-0.0029022,1,0,0
0.98,0.8,-0.011966,1,0,0
0.02,0.82,0.0068158,1,0,0
0.04,0.82,0.01004,1,0,0
0.06,0.82,0.0054811,1,0,0
0.08,0.82,-0.0064196,1,0,0
0.1,0.82,0.0066534,1,0,0
0.12,0.82,0.017216,1,0,0
0.14,0.82,0.021629,1,0,0
0.16,0.82,0.03077,1,0,0
0.18,0.82,0.049702,1,0,0
0.2,0.82,0.00079599,1,0,0
0.22,0.82,0.011935,1,0,0
0.24,0.82,0.0043776,1,0,0
0.26,0.82,0.0066599,1,0,0
0.28,0.82,0.0013925,1,0,0
0.3,0.82,0.0053422,1,0,0
0.32,0.82,-0.014395,1,0,0
0.34,0.82,-0.032227,1,0,0
0.36,0.82,-0.056197,1,0,0
0.38,0.82,-0.027172,1,0,0
0.4,0.82,-0.042133,1,0,0
0.42,0.82,-0.038739,1,0,0
0.44,0.82,-0.030739,1,0,0
0.46,0.82,-0.039952,1,0,0
0.48,0.82,-0.023305,1,0,0
0.5,0.82,-0.016112,1,0,0
0.52,0.82,0.0049472,1,0,0
0.54,0.82,-0.0040432,1,0,0
0.56,0.82,-0.0060698,1,0,0
0.58,0.82,-0.0012362,1,0,0
0.6,0.82,0.0073316,1,0,0
0.62,0.82,0.0071092,1,0,0
0.64,0.82,-0.0063202,1,0,0
0.66,0.82,0.011449,1,0,0
0.68,0.82,0.032455,1,0,0
0.7,0.82,0.056549,1,0,0
0.72,0.82,0.040582,1,0,0
0.74,0.82,0.011799,1,0,0
0.76,0.82,0.028077,1,0,0
0.78,0.82,0.033587,1,0,0
0.8,0.82,0.0708,1,0,0
0.82,0.82,0.092972,1,0,0
0.84,0.82,0.094077,1,0,0
0.86,0.82,0.073412,1,0,0
0.88,0.82,0.048257,1,0,0
0.9,0.82,0.041484,1,0,0
0.92,0.82,0.028541,1,0,0
0.94,0.82,-0.011487,1,0,0
0.96,0.82,0.0023325,1,0,0
0.98,0.82,-0.012418,1,0,0
0.02,0.84,0.012259,1,0,0
0.04,0.84,-0.010264,1,0,0
0.06,0.84,-0.0058377,1,0,0
0.08,0.84,-0.017983,1,0,0
0.1,0.84,0.0016527,1,0,0
0.12,0.84,-0.011516,1,0,0
0.14,0.84,0.040943,1,0,0
0.16,0.84,0.034765,1,0,0
0.18,0.84,0.018651,1,0,0
0.2,0.84,0.014943,1,0,0
0.22,0.84,0.013808,1,0,0
0.24,0.84,0.0094777,1,0,0
0.26,0.84,0.020479,1,0,0
0.28,0.84,0.0060404,1,0,0
0.3,0.84,-0.0082836,1,0,0
0.32,0.84,-0.02864,1,0,0
0.34,0.84,-0.043618,1,0,0
0.36,0.84,-0.034349,1,0,0
0.38,0.84,-0.023349,1,0,0
0.4,0.84,-0.0084753,1,0,0
0.42,0.84,-0.007234,1,0,0
0.44,0.84,-0.018078,1,0,0
0.46,0.84,-0.0056591,1,0,0
0.48,0.84,-0.019245,1,0,0
0.5,0.84,0.0029777,1,0,0
0.52,0.84,0.010955,1,0,0
0.54,0.84,0.027712,1,0,0
0.56,0.84,-0.0081792,1,0,0
0.58,0.84,0.0076845,1,0,0
0.6,0.84,0.02176,1,0,0
0.62,0.84,0.024122,1,0,0
0.64,0.84,0.018516,1,0,0
0.66,0.84,0.007574,1,0,0
0.68,0.84,0.039606,1,0,0
0.7,0.84,0.032638,1,0,0
0.72,0.84,0.031156,1,0,0
0.74,0.84,0.013482,1,0,0
0.76,0.84,0.037265,1,0,0
0.78,0.84,0.031351,1,0,0
0.8,0.84,0.070599,1,0,0
0.82,0.84,0.085873,1,0,0
0.84,0.84,0.076951,1,0,0
0.86,0.84,0.051666,1,0,0
0.88,0.84,0.091543,1,0,0
0.9,0.84,0.032555,1,0,0
0.92,0.84,0.013449,1,0,0
0.94,0.84,0.0050893,1,0,0
0.96,0.84,-0.012937,1,0,0
0.98,0.84,-0.026519,1,0,0
0.02,0.86,-0.024965,1,0,0
0.04,0.86,-0.017879,1,0,0
0.06,0.86,-0.00069176,1,0,0
0.08,0.86,-0.013163,1,0,0
0.1,0.86,-0.029764,1,0,0
0.12,0.86,0.0056628,1,0,0
0.14,0.86,0.023166,1,0,0
0.16,0.86,0.029979,1,0,0
0.18,0.86,0.034489,1,0,0
0.2,0.86,0.017454,1,0,0
0.22,0.86,0.029143,1,0,0
0.24,0.86,0.01796,1,0,0
0.26,0.86,0.021658,1,0,0
0.28,0.86,-0.0017428,1,0,0
0.3,0.86,-0.015141,1,0,0
0.32,0.86,-0.011263,1,0,0
0.34,0.86,0.014053,1,0,0
0.36,0.86,-0.024621,1,0,0
0.38,0.86,-0.0014935,1,0,0
0.4,0.86,0.0015003,1,0,0
0.42,0.86,0.014906,1,0,0
0.44,0.86,0.029819,1,0,0
0.46,0.86,0.020241,1,0,0
0.48,0.86,-0.0030225,1,0,0
0.5,0.86,0.018165,1,0,0
0.52,0.86,0.01914,1,0,0
0.54,0.86,0.010091,1,0,0
0.56,0.86,0.018938,1,0,0
0.58,0.86,0.030956,1,0,0
0.6,0.86,0.030616,1,0,0
0.62,0.86,0.024854,1,0,0
0.64,0.86,0.046939,1,0,0
0.66,0.86,0.029252,1,0,0
0.68,0.86,0.027706,1,0,0
0.7,0.86,0.035102,1,0,0
0.72,0.86,0.020001,1,0,0
0.74,0.86,0.0011477,1,0,0
0.76,0.86,0.018188,1,0,0
0.78,0.86,0.022834,1,0,0
0.8,0.86,0.054317,1,0,0
0.82,0.86,0.06452,1,0,0
0.84,0.86,0.073058,1,0,0
0.86,0.86,0.068036,1,0,0
0.88,0.86,0.069211,1,0,0
0.9,0.86,0.013828,1,0,0
0.92,0.86,0.010158,1,0,0
0.94,0.86,-0.014048,1,0,0
0.96,0.86,-0.021615,1,0,0
0.98,0.86,-0.053715,1,0,0
0.02,0.88,-0.025982,1,0,0
0.04,0.88,-0.028487,1,0,0
0.06,0.88,-0.034142,1,0,0
0.08,0.88,-0.022764,1,0,0
0.1,0.88,-0.039124,1,0,0
0.12,0.88,-0.025806,1,0,0
0.14,0.88,0.013216,1,0,0
0.16,0.88,-0.00017522,1,0,0
0.18,0.88,-0.0061187,1,0,0
0.2,0.88,0.0052747,1,0,0
0.22,0.88,0.00043347,1,0,0
0.24,0.88,0.0081949,1,0,0
0.26,0.88,0.006013,1,0,0
0.28,0.88,0.00042372,1,0,0
0.3,0.88,-0.0097309,1,0,0
0.32,0.88,0.0057151,1,0,0
0.34,0.88,0.016699,1,0,0
0.36,0.88,-0.0039796,1,0,0
0.38,0.88,0.00078893,1,0,0
0.4,0.88,0.0061012,1,0,0
0.42,0.88,0.031638,1,0,0
0.44,0.88,0.0062536,1,0,0
0.46,0.88,0.0046801,1,0,0
0.48,0.88,0.0010022,1,0,0
0.5,0.88,0.018336,1,0,0
0.52,0.88,0.035092,1,0,0
0.54,0.88,0.0099509,1,0,0
0.56,0.88,0.014028,1,0,0
0.58,0.88,0.031594,1,0,0
0.6,0.88,0.021108,1,0,0
0.62,0.88,0.039669,1,0,0
0.64,0.88,0.040549,1,0,0
0.66,0.88,0.033502,1,0,0
0.68,0.88,0.019286,1,0,0
0.7,0.88,0.00741,1,0,0
0.72,0.88,-0.0081537,1,0,0
0.74,0.88,-0.01757,1,0,0
0.76,0.88,0.008529,1,0,0
0.78,0.88,0.015469,1,0,0
0.8,0.88,0.040592,1,0,0
0.82,0.88,0.040969,1,0,0
0.84,0.88,0.017436,1,0,0
0.86,0.88,0.03791,1,0,0
0.88,0.88,0.05556,1,0,0
0.9,0.88,0.019047,1,0,0
0.92,0.88,-0.0093584,1,0,0
0.94,0.88,-0.019585,1,0,0
0.96,0.88,-0.057855,1,0,0
0.98,0.88,-0.087316,1,0,0
0.02,0.9,-0.016653,1,0,0
0.04,0.9,-0.02579,1,0,0
0.06,0.9,-0.005909,1,0,0
0.08,0.9,-0.014005,1,0,0
0.1,0.9,-0.020414,1,0,0
0.12,0.9,-0.025678,1,0,0
0.14,0.9,-0.025149,1,0,0
0.16,0.9,-0.022982,1,0,0
0.18,0.9,-0.016729,1,0,0
0.2,0.9,0.0062654,1,0,0
0.22,0.9,0.027269,1,0,0
0.24,0.9,0.031766,1,0,0
0.26,0.9,0.00091413,1,0,0
0.28,0.9,0.0095064,1,0,0
0.3,0.9,0.00056352,1,0,0
0.32,0.9,0.011685,1,0,0
0.34,0.9,0.014622,1,0,0
0.36,0.9,0.0049967,1,0,0
0.38,0.9,0.0044755,1,0,0
0.4,0.9,0.021671,1,0,0
0.42,0.9,0.025934,1,0,0
0.44,0.9,0.050819,1,0,0
0.46,0.9,0.051803,1,0,0
0.48,0.9,0.022919,1,0,0
0.5,0.9,0.036352,1,0,0
0.52,0.9,0.038161,1,0,0
0.54,0.9,0.028119,1,0,0
0.56,0.9,0.019166,1,0,0
0.58,0.9,0.044672,1,0,0
0.6,0.9,0.036054,1,0,0
0.62,0.9,0.04871,1,0,0
0.64,0.9,0.041236,1,0,0
0.66,0.9,0.015858,1,0,0
0.68,0.9,0.015047,1,0,0
0.7,0.9,0.017213,1,0,0
0.72,0.9,-0.014543,1,0,0
0.74,0.9,-0.0024958,1,0,0
0.76,0.9,0.012296,1,0,0
0.78,0.9,0.025119,1,0,0
0.8,0.9,0.038243,1,0,0
0.82,0.9,0.035804,1,0,0
0.84,0.9,0.013705,1,0,0
0.86,0.9,0.030257,1,0,0
0.88,0.9,0.040257,1,0,0
0.9,0.9,0.024957,1,0,0
0.92,0.9,-0.020646,1,0,0
0.94,0.9,-0.035317,1,0,0
0.96,0.9,-0.040125,1,0,0
0.98,0.9,-0.060913,1,0,0
0.02,0.92,-0.032781,1,0,0
0.04,0.92,-0.015572,1,0,0
0.06,0.92,-0.020024,1,0,0
0.08,0.92,-0.0048807,1,0,0
0.1,0.92,-0.0062809,1,0,0
0.12,0.92,-0.00088096,1,0,0
0.14,0.92,-0.0070204,1,0,0
0.16,0.92,-0.0090629,1,0,0
0.18,0.92,-0.0012171,1,0,0
0.2,0.92,-0.0040419,1,0,0
0.22,0.92,0.014639,1,0,0
0.24,0.92,0.025839,1,0,0
0.26,0.92,0.028197,1,0,0
0.28,0.92,-0.0014957,1,0,0
0.3,0.92,0.01319,1,0,0
0.32,0.92,-0.00013029,1,0,0
0.34,0.92,0.011744,1,0,0
0.36,0.92,0.016302,1,0,0
0.38,0.92,0.023294,1,0,0
0.4,0.92,0.050367,1,0,0
0.42,0.92,0.048181,1,0,0
0.44,0.92,0.070428,1,0,0
0.46,0.92,0.070525,1,0,0
0.48,0.92,0.059371,1,0,0
0.5,0.92,0.047359,1,0,0
0.52,0.92,0.063276,1,0,0
0.54,0.92,0.046715,1,0,0
0.56,0.92,0.034042,1,0,0
0.58,0.92,0.023876,1,0,0
0.6,0.92,0.021719,1,0,0
0.62,0.92,0.025462,1,0,0
0.64,0.92,0.029383,1,0,0
0.66,0.92,0.0073064,1,0,0
0.68,0.92,0.013328,1,0,0
0.7,0.92,0.021638,1,0,0
0.72,0.92,-0.0053166,1,0,0
0.74,0.92,0.025778,1,0,0
0.76,0.92,0.034704,1,0,0
0.78,0.92,0.040493,1,0,0
0.8,0.92,0.013947,1,0,0
0.82,0.92,0.016361,1,0,0
0.84,0.92,0.0004805,1,0,0
0.86,0.92,0.0043041,1,0,0
0.88,0.92,0.025959,1,0,0
0.9,0.92,0.011913,1,0,0
0.92,0.92,-0.023398,1,0,0
0.94,0.92,-0.050424,1,0,0
0.96,0.92,-0.056434,1,0,0
0.98,0.92,-0.048008,1,0,0
0.02,0.94,-0.042047,1,0,0
0.04,0.94,-0.030923,1,0,0
0.06,0.94,-0.0012768,1,0,0
0.08,0.94,-0.0014735,1,0,0
0.1,0.94,0.004716,1,0,0
0.12,0.94,-0.0088543,1,0,0
0.14,0.94,-0.0053446,1,0,0
0.16,0.94,-0.020618,1,0,0
0.18,0.94,0.0011121,1,0,0
0.2,0.94,-0.026381,1,0,0
0.22,0.94,0.00082696,1,0,0
0.24,0.94,0.026724,1,0,0
0.26,0.94,0.0079772,1,0,0
0.28,0.94,0.010369,1,0,0
0.3,0.94,-0.0045568,1,0,0
0.32,0.94,-0.00099897,1,0,0
0.34,0.94,0.006576,1,0,0
0.36,0.94,0.0052643,1,0,0
0.38,0.94,0.0040006,1,0,0
0.4,0.94,0.032405,1,0,0
0.42,0.94,0.057203,1,0,0
0.44,0.94,0.065148,1,0,0
0.46,0.94,0.076565,1,0,0
0.48,0.94,0.070701,1,0,0
0.5,0.94,0.059756,1,0,0
0.52,0.94,0.058273,1,0,0
0.54,0.94,0.050473,1,0,0
0.56,0.94,0.041846,1,0,0
0.58,0.94,0.026922,1,0,0
0.6,0.94,0.011707,1,0,0
0.62,0.94,0.011585,1,0,0
0.64,0.94,-0.0028756,1,0,0
0.66,0.94,-0.0024626,1,0,0
0.68,0.94,0.017005,1,0,0
0.7,0.94,0.0035426,1,0,0
0.72,0.94,0.022354,1,0,0
0.74,0.94,0.028794,1,0,0
0.76,0.94,0.031293,1,0,0
0.78,0.94,0.0048976,1,0,0
0.8,0.94,0.022286,1,0,0
0.82,0.94,0.010188,1,0,0
0.84,0.94,0.016558,1,0,0
0.86,0.94,0.025226,1,0,0
0.88,0.94,0.0066065,1,0,0
0.9,0.94,-0.0017033,1,0,0
0.92,0.94,-0.0185,1,0,0
0.94,0.94,-0.038159,1,0,0
0.96,0.94,-0.055273,1,0,0
0.98,0.94,-0.068268,1,0,0
0.02,0.96,-0.02316,1,0,0
0.04,0.96,-0.015517,1,0,0
0.06,0.96,0.019532,1,0,0
0.08,0.96,-0.0026397,1,0,0
0.1,0.96,0.0041446,1,0,0
0.12,0.96,-0.013155,1,0,0
0.14,0.96,-0.023736,1,0,0
0.16,0.96,-0.031414,1,0,0
0.18,0.96,-0.0015394,1,0,0
0.2,0.96,-0.011773,1,0,0
0.22,0.96,-0.0042609,1,0,0
0.24,0.96,0.018466,1,0,0
0.26,0.96,0.023312,1,0,0
0.28,0.96,0.024267,1,0,0
0.3,0.96,0.024007,1,0,0
0.32,0.96,-0.0079721,1,0,0
0.34,0.96,-0.0062145,1,0,0
0.36,0.96,0.009655,1,0,0
0.38,0.96,0.026581,1,0,0
0.4,0.96,0.036816,1,0,0
0.42,0.96,0.052825,1,0,0
0.44,0.96,0.046408,1,0,0
0.46,0.96,0.044809,1,0,0
0.48,0.96,0.06749,1,0,0
0.5,0.96,0.069118,1,0,0
0.52,0.96,0.05803,1,0,0
0.54,0.96,0.029852,1,0,0
0.56,0.96,0.027675,1,0,0
0.58,0.96,0.033945,1,0,0
0.6,0.96,0.025159,1,0,0
0.62,0.96,0.0097598,1,0,0
0.64,0.96,0.018312,1,0,0
0.66,0.96,-0.0005096,1,0,0
0.68,0.96,-0.0044207,1,0,0
0.7,0.96,-0.0031562,1,0,0
0.72,0.96,0.02022,1,0,0
0.74,0.96,0.0037722,1,0,0
0.76,0.96,0.011971,1,0,0
0.78,0.96,0.015703,1,0,0
0.8,0.96,0.037469,1,0,0
0.82,0.96,-0.0020579,1,0,0
0.84,0.96,0.011576,1,0,0
0.86,0.96,0.012181,1,0,0
0.88,0.96,0.0049057,1,0,0
0.9,0.96,-0.0057568,1,0,0
0.92,0.96,0.0027305,1,0,0
0.94,0.96,-0.041927,1,0,0
0.96,0.96,-0.064478,1,0,0
0.98,0.96,-0.072303,1,0,0
0.02,0.98,-0.025639,1,0,0
0.04,0.98,-0.022192,1,0,0
0.06,0.98,0.0060064,1,0,0
0.08,0.98,-0.0068845,1,0,0
0.1,0.98,-0.013706,1,0,0
0.12,0.98,-0.0384,1,0,0
0.14,0.98,-0.033792,1,0,0
0.16,0.98,-0.019858,1,0,0
0.18,0.98,-0.0045605,1,0,0
0.2,0.98,0.013524,1,0,0
0.22,0.98,0.023193,1,0,0
0.24,0.98,-0.0033459,1,0,0
0.26,0.98,0.0025336,1,0,0
0.28,0.98,0.0089831,1,0,0
0.3,0.98,0.0284,1,0,0
0.32,0.98,-0.022558,1,0,0
0.34,0.98,0.006463,1,0,0
0.36,0.98,0.019967,1,0,0
0.38,0.98,0.013055,1,0,0
0.4,0.98,0.016108,1,0,0
0.42,0.98,0.02142,1,0,0
0.44,0.98,0.027734,1,0,0
0.46,0.98,0.046408,1,0,0
0.48,0.98,0.061967,1,0,0
0.5,0.98,0.04493,1,0,0
0.52,0.98,0.034831,1,0,0
0.54,0.98,0.017538,1,0,0
0.56,0.98,0.0097483,1,0,0
0.58,0.98,0.001758,1,0,0
0.6,0.98,0.033597,1,0,0
0.62,0.98,0.014534,1,0,0
0.64,0.98,0.021813,1,0,0
0.66,0.98,-0.0011614,1,0,0
0.68,0.98,0.010695,1,0,0
0.7,0.98,-0.0095828,1,0,0
0.72,0.98,0.0047302,1,0,0
0.74,0.98,0.014193,1,0,0
0.76,0.98,-0.0051589,1,0,0
0.78,0.98,0.0095696,1,0,0
0.8,0.98,0.031796,1,0,0
0.82,0.98,0.019128,1,0,0
0.84,0.98,0.015183,1,0,0
0.86,0.98,-0.00045811,1,0,0
0.88,0.98,0.0098941,1,0,0
0.9,0.98,-0.02415,1,0,0
0.92,0.98,-0.020905,1,0,0
0.94,0.98,-0.035394,1,0,0
0.96,0.98,-0.058352,1,0,0
0.98,0.98,-0.082929,1,0,0
0,0,-0.035096,-1,0,0
0.02,0,-0.035096,-1,0,0
0.04,0,-0.0046324,-1,0,0
0.06,0,0.026208,-1,0,0
0.08,0,0.022766,-1,0,0
0.1,0,0.042297,-1,0,0
0.12,0,0.046053,-1,0,0
0.14,0,0.060518,-1,0,0
0.16,0,0.043801,-1,0,0
0.18,0,0.032346,-1,0,0
0.2,0,0.020904,-1,0,0
0.22,0,0.034672,-1,0,0
0.24,0,0.0495,-1,0,0
0.26,0,0.022442,-1,0,0
0.28,0,0.0073731,-1,0,0
0.3,0,0.013369,-1,0,0
0.32,0,0.017219,-1,0,0
0.34,0,-0.0022581,-1,0,0
0.36,0,-0.0051267,-1,0,0
0.38,0,-0.035503,-1,0,0
0.4,0,-0.032086,-1,0,0
0.42,0,-0.0064777,-1,0,0
0.44,0,0.026941,-1,0,0
0.46,0,0.02327,-1,0,0
0.48,0,0.011181,-1,0,0
0.5,0,0.037251,-1,0,0
0.52,0,0.043432,-1,0,0
0.54,0,0.043262,-1,0,0
0.56,0,0.029529,-1,0,0
0.58,0,0.013825,-1,0,0
0.6,0,-0.0099244,-1,0,0
0.62,0,-0.012575,-1,0,0
0.64,0,-0.016787,-1,0,0
0.66,0,-0.0073519,-1,0,0
0.68,0,0.010331,-1,0,0
0.7,0,0.017156,-1,0,0
0.72,0,0.033887,-1,0,0
0.74,0,0.036323,-1,0,0
0.76,0,0.028118,-1,0,0
0.78,0,0.029382,-1,0,0
0.8,0,0.0052238,-1,0,0
0.82,0,-0.023436,-1,0,0
0.84,0,-0.036836,-1,0,0
0.86,0,-0.042885,-1,0,0
0.88,0,-0.038719,-1,0,0
0.9,0,-0.048519,-1,0,0
0.92,0,-0.057055,-1,0,0
0.94,0,-0.042549,-1,0,0
0.96,0,-0.044232,-1,0,0
0.98,0,-0.038816,-1,0,0
1,0,-0.055257,-1,0,0
1,0.02,-0.053228,-1,0,0
1,0.04,-0.046273,-1,0,0
1,0.06,-0.044953,-1,0,0
1,0.08,-0.020975,-1,0,0
1,0.1,0.0034452,-1,0,0
1,0.12,-0.0069445,-1,0,0
1,0.14,0.0033577,-1,0,0
1,0.16,0.010445,-1,0,0
1,0.18,0.0015806,-1,0,0
1,0.2,-0.015907,-1,0,0
1,0.22,-0.017771,-1,0,0
1,0.24,-0.037619,-1,0,0
1,0.26,-0.015761,-1,0,0
1,0.28,0.0063212,-1,0,0
1,0.3,0.016663,-1,0,0
1,0.32,-0.0087229,-1,0,0
1,0.34,-0.022516,-1,0,0
1,0.36,-0.012559,-1,0,0
1,0.38,-0.020332,-1,0,0
1,0.4,-0.0044738,-1,0,0
1,0.42,-0.015414,-1,0,0
1,0.44,-0.01084,-1,0,0
1,0.46,-0.0023267,-1,0,0
1,0.48,-0.00082107,-1,0,0
1,0.5,-0.013724,-1,0,0
1,0.52,-0.040087,-1,0,0
1,0.54,-0.02009,-1,0,0
1,0.56,-0.026794,-1,0,0
1,0.58,-0.012452,-1,0,0
1,0.6,-0.0079634,-1,0,0
1,0.62,-0.01992,-1,0,0
1,0.64,-0.026665,-1,0,0
1,0.66,-0.0074041,-1,0,0
1,0.68,-0.015068,-1,0,0
1,0.7,-0.022957,-1,0,0
1,0.72,-0.021946,-1,0,0
1,0.74,0.00037444,-1,0,0
1,0.76,-0.015266,-1,0,0
1,0.78,-0.033807,-1,0,0
1,0.8,-0.027743,-1,0,0
1,0.82,-0.033035,-1,0,0
1,0.84,-0.030916,-1,0,0
1,0.86,-0.050059,-1,0,0
1,0.88,-0.056496,-1,0,0
1,0.9,-0.073386,-1,0,0
1,0.92,-0.06445,-1,0,0
1,0.94,-0.053689,-1,0,0
1,0.96,-0.048296,-1,0,0
1,0.98,-0.069947,-1,0,0
1,1,-0.072495,-1,0,0
0.98,1,-0.073615,-1,0,0
0.96,1,-0.058384,-1,0,0
0.94,1,-0.046759,-1,0,0
0.92,1,-0.017243,-1,0,0
0.9,1,-0.01267,-1,0,0
0.88,1,-0.010259,-1,0,0
0.86,1,0.004849,-1,0,0
0.84,1,0.015776,-1,0,0
0.82,1,0.0208,-1,0,0
0.8,1,0.020587,-1,0,0
0.78,1,0.017981,-1,0,0
0.76,1,0.027242,-1,0,0
0.74,1,0.012804,-1,0,0
0.72,1,0.010965,-1,0,0
0.7,1,0.0068452,-1,0,0
0.68,1,0.024192,-1,0,0
0.66,1,0.042377,-1,0,0
0.64,1,0.033843,-1,0,0
0.62,1,0.0076307,-1,0,0
0.6,1,0.006133,-1,0,0
0.58,1,-0.011996,-1,0,0
0.56,1,-0.0092726,-1,0,0
0.54,1,0.02204,-1,0,0
0.52,1,0.026762,-1,0,0
0.5,1,0.046045,-1,0,0
0.48,1,0.047915,-1,0,0
0.46,1,0.040876,-1,0,0
0.44,1,0.017293,-1,0,0
0.42,1,-0.0045442,-1,0,0
0.4,1,-0.0032306,-1,0,0
0.38,1,0.014988,-1,0,0
0.36,1,0.017823,-1,0,0
0.34,1,-0.0018331,-1,0,0
0.32,1,0.003772,-1,0,0
0.3,1,0.01138,-1,0,0
0.28,1,0.027652,-1,0,0
0.26,1,0.0042775,-1,0,0
0.24,1,0.019931,-1,0,0
0.22,1,0.015381,-1,0,0
0.2,1,0.0044166,-1,0,0
0.18,1,0.023136,-1,0,0
0.16,1,-0.0089385,-1,0,0
0.14,1,-0.026676,-1,0,0
0.12,1,-0.044029,-1,0,0
0.1,1,-0.028492,-1,0,0
0.08,1,-0.03326,-1,0,0
0.06,1,-0.0095238,-1,0,0
0.04,1,-0.022424,-1,0,0
0.02,1,-0.027597,-1,0,0
0,1,-0.027414,-1,0,0
0,0.98,-0.02463,-1,0,0
0,0.96,-0.021975,-1,0,0
0,0.94,-0.040464,-1,0,0
0,0.92,-0.025247,-1,0,0
0,0.9,-0.022621,-1,0,0
0,0.88,-0.0058613,-1,0,0
0,0.86,3.4243e-05,-1,0,0
0,0.84,0.0051045,-1,0,0
0,0.82,0.027477,-1,0,0
0,0.8,0.038069,-1,0,0
0,0.78,0.041872,-1,0,0
0,0.76,0.06323,-1,0,0
0,0.74,0.064289,-1,0,0
0,0.72,0.05013,-1,0,0
0,0.7,0.051729,-1,0,0
0,0.68,0.055926,-1,0,0
0,0.66,0.054066,-1,0,0
0,0.64,0.031234,-1,0,0
0,0.62,0.016471,-1,0,0
0,0.6,0.044452,-1,0,0
0,0.58,0.037016,-1,0,0
0,0.56,0.024885,-1,0,0
0,0.54,0.028124,-1,0,0
0,0.52,0.034468,-1,0,0
0,0.5,0.023862,-1,0,0
0,0.48,0.029123,-1,0,0
0,0.46,0.020036,-1,0,0
0,0.44,0.014788,-1,0,0
0,0.42,0.0292,-1,0,0
0,0.4,0.031912,-1,0,0
0,0.38,0.011857,-1,0,0
0,0.36,-0.014766,-1,0,0
0,0.34,-0.010787,-1,0,0
0,0.32,-0.012115,-1,0,0
0,0.3,-0.0098083,-1,0,0
0,0.28,-0.025533,-1,0,0
0,0.26,-0.0078067,-1,0,0
0,0.24,-0.020098,-1,0,0
0,0.22,-0.0093964,-1,0,0
0,0.2,-0.0072711,-1,0,0
0,0.18,0.013418,-1,0,0
0,0.16,0.031105,-1,0,0
0,0.14,0.032406,-1,0,0
0,0.12,0.0055754,-1,0,0
0,0.1,0.0010002,-1,0,0
0,0.08,0.0034227,-1,0,0
0,0.06,0.0049397,-1,0,0
0,0.04,-0.0030485,-1,0,0
0,0.02,-0.01401,-1,0,0
