0.02,0.02,-0.066967,1,0,0
0.04,0.02,-0.045867,1,0,0
0.06,0.02,-0.047121,1,0,0
0.08,0.02,-0.022686,1,0,0
0.1,0.02,-0.021771,1,0,0
0.12,0.02,-0.023233,1,0,0
0.14,0.02,-0.0041866,1,0,0
0.16,0.02,-0.031574,1,0,0
0.18,0.02,-0.046672,1,0,0
0.2,0.02,-0.054962,1,0,0
0.22,0.02,-0.047758,1,0,0
0.24,0.02,-0.051221,1,0,0
0.26,0.02,-0.043135,1,0,0
0.28,0.02,-0.03168,1,0,0
0.3,0.02,-0.026148,1,0,0
0.32,0.02,-0.025352,1,0,0
0.34,0.02,0.033333,1,0,0
0.36,0.02,0.023042,1,0,0
0.38,0.02,0.036627,1,0,0
0.4,0.02,0.051241,1,0,0
0.42,0.02,0.061683,1,0,0
0.44,0.02,0.06131,1,0,0
0.46,0.02,0.056878,1,0,0
0.48,0.02,0.050953,1,0,0
0.5,0.02,0.033225,1,0,0
0.52,0.02,0.039558,1,0,0
0.54,0.02,0.030033,1,0,0
0.56,0.02,0.048372,1,0,0
0.58,0.02,0.060605,1,0,0
0.6,0.02,0.032768,1,0,0
0.62,0.02,0.036657,1,0,0
0.64,0.02,0.042874,1,0,0
0.66,0.02,0.021981,1,0,0
0.68,0.02,-0.025795,1,0,0
0.7,0.02,-0.051846,1,0,0
0.72,0.02,-0.044835,1,0,0
0.74,0.02,-0.062005,1,0,0
0.76,0.02,-0.048578,1,0,0
0.78,0.02,-0.02736,1,0,0
0.8,0.02,-0.048379,1,0,0
0.82,0.02,-0.048523,1,0,0
0.84,0.02,-0.0639,1,0,0
0.86,0.02,-0.054896,1,0,0
0.88,0.02,-0.0414,1,0,0
0.9,0.02,-0.054947,1,0,0
0.92,0.02,-0.025066,1,0,0
0.94,0.02,-0.036495,1,0,0
0.96,0.02,-0.032317,1,0,0
0.98,0.02,-0.016279,1,0,0
0.02,0.04,-0.031004,1,0,0
0.04,0.04,-0.03652,1,0,0
0.06,0.04,-0.017501,1,0,0
0.08,0.04,-0.035755,1,0,0
0.1,0.04,-0.024668,1,0,0
0.12,0.04,-0.038664,1,0,0
0.14,0.04,-0.0048446,1,0,0
0.16,0.04,-0.0046151,1,0,0
0.18,0.04,-0.0085033,1,0,0
0.2,0.04,-0.020761,1,0,0
0.22,0.04,-0.01743,1,0,0
0.24,0.04,-0.038036,1,0,0
0.26,0.04,-0.027418,1,0,0
0.28,0.04,-0.0227,1,0,0
0.3,0.04,-0.04284,1,0,0
0.32,0.04,-0.016815,1,0,0
0.34,0.04,0.01317,1,0,0
0.36,0.04,0.034202,1,0,0
0.38,0.04,0.03777,1,0,0
0.4,0.04,0.055377,1,0,0
0.42,0.04,0.070024,1,0,0
0.44,0.04,0.04689,1,0,0
0.46,0.04,0.044355,1,0,0
0.48,0.04,0.036042,1,0,0
0.5,0.04,0.031366,1,0,0
0.52,0.04,0.031271,1,0,0
0.54,0.04,0.047356,1,0,0
0.56,0.04,0.048666,1,0,0
0.58,0.04,0.05774,1,0,0
0.6,0.04,0.024825,1,0,0
0.62,0.04,0.017033,1,0,0
0.64,0.04,0.047889,1,0,0
0.66,0.04,0.023374,1,0,0
0.68,0.04,-0.0018192,1,0,0
0.7,0.04,-0.015434,1,0,0
0.72,0.04,-0.037734,1,0,0
0.74,0.04,-0.040024,1,0,0
0.76,0.04,-0.023069,1,0,0
0.78,0.04,-0.021042,1,0,0
0.8,0.04,-0.010523,1,0,0
0.82,0.04,-0.02857,1,0,0
0.84,0.04,-0.048846,1,0,0
0.86,0.04,-0.061353,1,0,0
0.88,0.04,-0.053587,1,0,0
0.9,0.04,-0.049294,1,0,0
0.92,0.04,-0.045926,1,0,0
0.94,0.04,-0.03261,1,0,0
0.96,0.04,-0.029173,1,0,0
0.98,0.04,-0.010724,1,0,0
0.02,0.06,-0.008312,1,0,0
0.04,0.06,-0.0019373,1,0,0
0.06,0.06,-0.02657,1,0,0
0.08,0.06,-0.023005,1,0,0
0.1,0.06,-0.024383,1,0,0
0.12,0.06,-0.021642,1,0,0
0.14,0.06,-0.018518,1,0,0
0.16,0.06,-0.011539,1,0,0
0.18,0.06,-0.0084115,1,0,0
0.2,0.06,-0.010992,1,0,0
0.22,0.06,0.0054822,1,0,0
0.24,0.06,0.0074067,1,0,0
0.26,0.06,-0.0084729,1,0,0
0.28,0.06,-0.033192,1,0,0
0.3,0.06,-0.025817,1,0,0
0.32,0.06,-0.0022046,1,0,0
0.34,0.06,0.029371,1,0,0
0.36,0.06,0.046676,1,0,0
0.38,0.06,0.054346,1,0,0
0.4,0.06,0.05309,1,0,0
0.42,0.06,0.052012,1,0,0
0.44,0.06,0.043431,1,0,0
0.46,0.06,0.023465,1,0,0
0.48,0.06,0.006381,1,0,0
0.5,0.06,0.032584,1,0,0
0.52,0.06,0.051821,1,0,0
0.54,0.06,0.044404,1,0,0
0.56,0.06,0.030796,1,0,0
0.58,0.06,0.015975,1,0,0
0.6,0.06,0.016454,1,0,0
0.62,0.06,0.0402,1,0,0
0.64,0.06,0.043824,1,0,0
0.66,0.06,0.025576,1,0,0
0.68,0.06,0.016038,1,0,0
0.7,0.06,0.016236,1,0,0
0.72,0.06,-0.00044713,1,0,0
0.74,0.06,-0.0055284,1,0,0
0.76,0.06,-0.01038,1,0,0
0.78,0.06,-0.026734,1,0,0
0.8,0.06,-0.021625,1,0,0
0.82,0.06,-0.0088817,1,0,0
0.84,0.06,-0.024698,1,0,0
0.86,0.06,-0.052166,1,0,0
0.88,0.06,-0.055184,1,0,0
0.9,0.06,-0.050855,1,0,0
0.92,0.06,-0.036103,1,0,0
0.94,0.06,-0.017071,1,0,0
0.96,0.06,-0.026466,1,0,0
0.98,0.06,0.00016742,1,0,0
0.02,0.08,-0.00048849,1,0,0
0.04,0.08,0.013295,1,0,0
0.06,0.08,0.0010441,1,0,0
0.08,0.08,-0.0035075,1,0,0
0.1,0.08,-0.039417,1,0,0
0.12,0.08,-0.049467,1,0,0
0.14,0.08,-0.040962,1,0,0
0.16,0.08,-0.018278,1,0,0
0.18,0.08,-0.00052275,1,0,0
0.2,0.08,-0.005293,1,0,0
0.22,0.08,-0.016208,1,0,0
0.24,0.08,0.0080792,1,0,0
0.26,0.08,0.0067088,1,0,0
0.28,0.08,0.0039974,1,0,0
0.3,0.08,-0.0082862,1,0,0
0.32,0.08,0.013498,1,0,0
0.34,0.08,0.020727,1,0,0
0.36,0.08,0.026756,1,0,0
0.38,0.08,0.068167,1,0,0
0.4,0.08,0.066369,1,0,0
0.42,0.08,0.032829,1,0,0
0.44,0.08,0.015138,1,0,0
0.46,0.08,-0.0018211,1,0,0
0.48,0.08,-0.010123,1,0,0
0.5,0.08,-0.015212,1,0,0
0.52,0.08,0.0024092,1,0,0
0.54,0.08,0.0070521,1,0,0
0.56,0.08,-0.0054672,1,0,0
0.58,0.08,0.0037116,1,0,0
0.6,0.08,0.0089773,1,0,0
0.62,0.08,0.031343,1,0,0
0.64,0.08,0.01761,1,0,0
0.66,0.08,0.033372,1,0,0
0.68,0.08,0.052398,1,0,0
0.7,0.08,0.0092522,1,0,0
0.72,0.08,-0.023329,1,0,0
0.74,0.08,-0.021946,1,0,0
0.76,0.08,-0.040443,1,0,0
0.78,0.08,-0.041032,1,0,0
0.8,0.08,-0.026822,1,0,0
0.82,0.08,0.00061086,1,0,0
0.84,0.08,-0.04302,1,0,0
0.86,0.08,-0.038379,1,0,0
0.88,0.08,-0.062593,1,0,0
0.9,0.08,-0.050986,1,0,0
0.92,0.08,-0.041934,1,0,0
0.94,0.08,-0.023437,1,0,0
0.96,0.08,-0.019446,1,0,0
0.98,0.08,0.010216,1,0,0
0.02,0.1,0.0074481,1,0,0
0.04,0.1,0.010199,1,0,0
0.06,0.1,0.011732,1,0,0
0.08,0.1,-0.023527,1,0,0
0.1,0.1,-0.052892,1,0,0
0.12,0.1,-0.048394,1,0,0
0.14,0.1,-0.036242,1,0,0
0.16,0.1,-0.023876,1,0,0
0.18,0.1,-0.0083075,1,0,0
0.2,0.1,-0.006545,1,0,0
0.22,0.1,-0.012869,1,0,0
0.24,0.1,0.0086375,1,0,0
0.26,0.1,-0.0016509,1,0,0
0.28,0.1,0.010833,1,0,0
0.3,0.1,0.0024964,1,0,0
0.32,0.1,0.018797,1,0,0
0.34,0.1,0.0095111,1,0,0
0.36,0.1,0.039152,1,0,0
0.38,0.1,0.056402,1,0,0
0.4,0.1,0.062505,1,0,0
0.42,0.1,0.033081,1,0,0
0.44,0.1,0.01634,1,0,0
0.46,0.1,-0.015362,1,0,0
0.48,0.1,-0.018025,1,0,0
0.5,0.1,-0.0073092,1,0,0
0.52,0.1,-0.032879,1,0,0
0.54,0.1,-0.045805,1,0,0
0.56,0.1,-0.013767,1,0,0
0.58,0.1,0.00086735,1,0,0
0.6,0.1,-0.013547,1,0,0
0.62,0.1,0.015805,1,0,0
0.64,0.1,0.02144,1,0,0
0.66,0.1,0.027179,1,0,0
0.68,0.1,0.026133,1,0,0
0.7,0.1,0.02278,1,0,0
0.72,0.1,-0.011728,1,0,0
0.74,0.1,-0.0084752,1,0,0
0.76,0.1,-0.043084,1,0,0
0.78,0.1,-0.038127,1,0,0
0.8,0.1,-0.044837,1,0,0
0.82,0.1,-0.021777,1,0,0
0.84,0.1,-0.044796,1,0,0
0.86,0.1,-0.027446,1,0,0
0.88,0.1,-0.050982,1,0,0
0.9,0.1,-0.045161,1,0,0
0.92,0.1,-0.039822,1,0,0
0.94,0.1,-0.010587,1,0,0
0.96,0.1,-0.015767,1,0,0
0.98,0.1,0.013891,1,0,0
0.02,0.12,0.021481,1,0,0
0.04,0.12,0.021778,1,0,0
0.06,0.12,0.0091031,1,0,0
0.08,0.12,-0.027829,1,0,0
0.1,0.12,-0.064673,1,0,0
0.12,0.12,-0.016499,1,0,0
0.14,0.12,-0.01229,1,0,0
0.16,0.12,0.0013279,1,0,0
0.18,0.12,0.00083129,1,0,0
0.2,0.12,0.0079159,1,0,0
0.22,0.12,0.0006801,1,0,0
0.24,0.12,-0.0061674,1,0,0
0.26,0.12,0.014053,1,0,0
0.28,0.12,0.021999,1,0,0
0.3,0.12,0.024098,1,0,0
0.32,0.12,0.027259,1,0,0
0.34,0.12,0.035989,1,0,0
0.36,0.12,0.029881,1,0,0
0.38,0.12,0.039853,1,0,0
0.4,0.12,0.050573,1,0,0
0.42,0.12,0.035756,1,0,0
0.44,0.12,0.014075,1,0,0
0.46,0.12,-0.024241,1,0,0
0.48,0.12,-0.029079,1,0,0
0.5,0.12,-0.011283,1,0,0
0.52,0.12,-0.025906,1,0,0
0.54,0.12,-0.042915,1,0,0
0.56,0.12,6.1722e-05,1,0,0
0.58,0.12,-0.006071,1,0,0
0.6,0.12,-0.016085,1,0,0
0.62,0.12,-0.0066984,1,0,0
0.64,0.12,-0.009025,1,0,0
0.66,0.12,0.0021494,1,0,0
0.68,0.12,-0.0036149,1,0,0
0.7,0.12,0.0043183,1,0,0
0.72,0.12,-0.012552,1,0,0
0.74,0.12,0.0068309,1,0,0
0.76,0.12,-0.035237,1,0,0
0.78,0.12,-0.021139,1,0,0
0.8,0.12,-0.016678,1,0,0
0.82,0.12,-0.046945,1,0,0
0.84,0.12,-0.054828,1,0,0
0.86,0.12,-0.035518,1,0,0
0.88,0.12,-0.04397,1,0,0
0.9,0.12,-0.047811,1,0,0
0.92,0.12,-0.010528,1,0,0
0.94,0.12,0.024788,1,0,0
0.96,0.12,-0.0018267,1,0,0
0.98,0.12,0.023894,1,0,0
0.02,0.14,0.033531,1,0,0
0.04,0.14,0.026727,1,0,0
0.06,0.14,-0.0012193,1,0,0
0.08,0.14,-0.038627,1,0,0
0.1,0.14,-0.030166,1,0,0
0.12,0.14,-0.013227,1,0,0
0.14,0.14,-0.012524,1,0,0
0.16,0.14,-0.024306,1,0,0
0.18,0.14,-0.022934,1,0,0
0.2,0.14,-0.013135,1,0,0
0.22,0.14,0.0038518,1,0,0
0.24,0.14,0.02031,1,0,0
0.26,0.14,0.013439,1,0,0
0.28,0.14,0.026138,1,0,0
0.3,0.14,0.027029,1,0,0
0.32,0.14,0.032193,1,0,0
0.34,0.14,0.017784,1,0,0
0.36,0.14,0.00041104,1,0,0
0.38,0.14,0.0097225,1,0,0
0.4,0.14,0.0025857,1,0,0
0.42,0.14,0.02464,1,0,0
0.44,0.14,0.014095,1,0,0
0.46,0.14,-0.024859,1,0,0
0.48,0.14,-0.035988,1,0,0
0.5,0.14,-0.016185,1,0,0
0.52,0.14,-0.033716,1,0,0
0.54,0.14,-0.037428,1,0,0
0.56,0.14,-0.030206,1,0,0
0.58,0.14,-0.016177,1,0,0
0.6,0.14,-0.032624,1,0,0
0.62,0.14,-0.014888,1,0,0
0.64,0.14,-0.01771,1,0,0
0.66,0.14,-0.034522,1,0,0
0.68,0.14,-0.018313,1,0,0
0.7,0.14,-0.033884,1,0,0
0.72,0.14,-0.034368,1,0,0
0.74,0.14,-0.035981,1,0,0
0.76,0.14,-0.027371,1,0,0
0.78,0.14,-0.035195,1,0,0
0.8,0.14,-0.030176,1,0,0
0.82,0.14,-0.043353,1,0,0
0.84,0.14,-0.040274,1,0,0
0.86,0.14,-0.020822,1,0,0
0.88,0.14,-0.04599,1,0,0
0.9,0.14,-0.047742,1,0,0
0.92,0.14,-0.014271,1,0,0
0.94,0.14,0.0074279,1,0,0
0.96,0.14,0.015275,1,0,0
0.98,0.14,0.03268,1,0,0
0.02,0.16,0.024932,1,0,0
0.04,0.16,0.020786,1,0,0
0.06,0.16,-0.0092702,1,0,0
0.08,0.16,-0.023319,1,0,0
0.1,0.16,-0.018492,1,0,0
0.12,0.16,-0.025597,1,0,0
0.14,0.16,-0.015288,1,0,0
0.16,0.16,-0.01116,1,0,0
0.18,0.16,-0.012976,1,0,0
0.2,0.16,-0.025708,1,0,0
0.22,0.16,-0.0017236,1,0,0
0.24,0.16,0.0098175,1,0,0
0.26,0.16,-0.0055952,1,0,0
0.28,0.16,0.012751,1,0,0
0.3,0.16,0.024405,1,0,0
0.32,0.16,0.014095,1,0,0
0.34,0.16,0.0013332,1,0,0
0.36,0.16,-0.015578,1,0,0
0.38,0.16,0.0043247,1,0,0
0.4,0.16,0.01727,1,0,0
0.42,0.16,-0.0030069,1,0,0
0.44,0.16,-0.0098391,1,0,0
0.46,0.16,-0.016358,1,0,0
0.48,0.16,-0.045717,1,0,0
0.5,0.16,-0.034046,1,0,0
0.52,0.16,-0.046926,1,0,0
0.54,0.16,-0.039605,1,0,0
0.56,0.16,-0.023987,1,0,0
0.58,0.16,-0.014131,1,0,0
0.6,0.16,-0.041075,1,0,0
0.62,0.16,-0.046614,1,0,0
0.64,0.16,-0.062348,1,0,0
0.66,0.16,-0.037976,1,0,0
0.68,0.16,-0.011597,1,0,0
0.7,0.16,-0.052452,1,0,0
0.72,0.16,-0.06047,1,0,0
0.74,0.16,-0.054376,1,0,0
0.76,0.16,-0.021963,1,0,0
0.78,0.16,-0.023583,1,0,0
0.8,0.16,-0.032141,1,0,0
0.82,0.16,-0.038837,1,0,0
0.84,0.16,-0.037857,1,0,0
0.86,0.16,-0.043816,1,0,0
0.88,0.16,-0.033351,1,0,0
0.9,0.16,-0.039173,1,0,0
0.92,0.16,-0.019545,1,0,0
0.94,0.16,-2.9631e-05,1,0,0
0.96,0.16,0.052326,1,0,0
0.98,0.16,0.062655,1,0,0
0.02,0.18,0.01864,1,0,0
0.04,0.18,0.026143,1,0,0
0.06,0.18,0.0024748,1,0,0
0.08,0.18,-0.00030838,1,0,0
0.1,0.18,-0.0039746,1,0,0
0.12,0.18,0.012542,1,0,0
0.14,0.18,-0.0058946,1,0,0
0.16,0.18,0.0033253,1,0,0
0.18,0.18,-0.034147,1,0,0
0.2,0.18,-0.02832,1,0,0
0.22,0.18,-0.0029405,1,0,0
0.24,0.18,-0.0081978,1,0,0
0.26,0.18,0.0020574,1,0,0
0.28,0.18,0.0013316,1,0,0
0.3,0.18,0.019726,1,0,0
0.32,0.18,0.028205,1,0,0
0.34,0.18,0.015022,1,0,0
0.36,0.18,-0.012209,1,0,0
0.38,0.18,0.0020239,1,0,0
0.4,0.18,0.011871,1,0,0
0.42,0.18,-0.0079203,1,0,0
0.44,0.18,-0.04287,1,0,0
0.46,0.18,-0.027257,1,0,0
0.48,0.18,-0.041981,1,0,0
0.5,0.18,-0.05346,1,0,0
0.52,0.18,-0.046756,1,0,0
0.54,0.18,-0.031158,1,0,0
0.56,0.18,-0.038893,1,0,0
0.58,0.18,-0.027241,1,0,0
0.6,0.18,-0.039321,1,0,0
0.62,0.18,-0.081232,1,0,0
0.64,0.18,-0.062879,1,0,0
0.66,0.18,-0.042336,1,0,0
0.68,0.18,-0.034291,1,0,0
0.7,0.18,-0.042496,1,0,0
0.72,0.18,-0.064232,1,0,0
0.74,0.18,-0.032556,1,0,0
0.76,0.18,-0.018982,1,0,0
0.78,0.18,-0.033151,1,0,0
0.8,0.18,-0.027803,1,0,0
0.82,0.18,-0.046592,1,0,0
0.84,0.18,-0.036361,1,0,0
0.86,0.18,-0.041201,1,0,0
0.88,0.18,-0.025594,1,0,0
0.9,0.18,-0.01823,1,0,0
0.92,0.18,-0.0036747,1,0,0
0.94,0.18,0.028223,1,0,0
0.96,0.18,0.06067,1,0,0
0.98,0.18,0.077292,1,0,0
0.02,0.2,0.011594,1,0,0
0.04,0.2,0.041454,1,0,0
0.06,0.2,0.0057103,1,0,0
0.08,0.2,-0.024062,1,0,0
0.1,0.2,-0.0065989,1,0,0
0.12,0.2,0.00014821,1,0,0
0.14,0.2,-0.0041872,1,0,0
0.16,0.2,-0.015837,1,0,0
0.18,0.2,-0.042978,1,0,0
0.2,0.2,-0.027055,1,0,0
0.22,0.2,-0.017442,1,0,0
0.24,0.2,-6.176e-05,1,0,0
0.26,0.2,-0.01165,1,0,0
0.28,0.2,0.021944,1,0,0
0.3,0.2,0.012261,1,0,0
0.32,0.2,0.010463,1,0,0
0.34,0.2,0.0032176,1,0,0
0.36,0.2,-0.021913,1,0,0
0.38,0.2,-0.031876,1,0,0
0.4,0.2,-0.0015951,1,0,0
0.42,0.2,-0.00055888,1,0,0
0.44,0.2,-0.019055,1,0,0
0.46,0.2,-0.03893,1,0,0
0.48,0.2,-0.060922,1,0,0
0.5,0.2,-0.047769,1,0,0
0.52,0.2,-0.054122,1,0,0
0.54,0.2,-0.056993,1,0,0
0.56,0.2,-0.045677,1,0,0
0.58,0.2,-0.029776,1,0,0
0.6,0.2,-0.048978,1,0,0
0.62,0.2,-0.052001,1,0,0
0.64,0.2,-0.046151,1,0,0
0.66,0.2,-0.042177,1,0,0
0.68,0.2,-0.05826,1,0,0
0.7,0.2,-0.046207,1,0,0
0.72,0.2,-0.046315,1,0,0
0.74,0.2,-0.046876,1,0,0
0.76,0.2,-0.028346,1,0,0
0.78,0.2,-0.0015387,1,0,0
0.8,0.2,-0.020728,1,0,0
0.82,0.2,-0.012302,1,0,0
0.84,0.2,-0.0098333,1,0,0
0.86,0.2,-0.0069875,1,0,0
0.88,0.2,-0.024615,1,0,0
0.9,0.2,-0.010817,1,0,0
0.92,0.2,0.0047323,1,0,0
0.94,0.2,0.032204,1,0,0
0.96,0.2,0.036812,1,0,0
0.98,0.2,0.041281,1,0,0
0.02,0.22,0.0074314,1,0,0
0.04,0.22,0.022892,1,0,0
0.06,0.22,-0.013836,1,0,0
0.08,0.22,-0.019658,1,0,0
0.1,0.22,-0.031789,1,0,0
0.12,0.22,-0.018618,1,0,0
0.14,0.22,-0.0025202,1,0,0
0.16,0.22,-0.0023129,1,0,0
0.18,0.22,-0.031898,1,0,0
0.2,0.22,-0.012425,1,0,0
0.22,0.22,-0.019613,1,0,0
0.24,0.22,-0.027556,1,0,0
0.26,0.22,-0.0045102,1,0,0
0.28,0.22,0.028252,1,0,0
0.3,0.22,0.001266,1,0,0
0.32,0.22,-0.014485,1,0,0
0.34,0.22,-0.01946,1,0,0
0.36,0.22,-0.04324,1,0,0
0.38,0.22,-0.054451,1,0,0
0.4,0.22,-0.016094,1,0,0
0.42,0.22,-0.0084344,1,0,0
0.44,0.22,-0.024252,1,0,0
0.46,0.22,-0.047729,1,0,0
0.48,0.22,-0.030482,1,0,0
0.5,0.22,-0.069502,1,0,0
0.52,0.22,-0.062111,1,0,0
0.54,0.22,-0.064818,1,0,0
0.56,0.22,-0.079531,1,0,0
0.58,0.22,-0.035264,1,0,0
0.6,0.22,-0.04678,1,0,0
0.62,0.22,-0.064519,1,0,0
0.64,0.22,-0.069488,1,0,0
0.66,0.22,-0.05527,1,0,0
0.68,0.22,-0.067391,1,0,0
0.7,0.22,-0.03343,1,0,0
0.72,0.22,-0.043034,1,0,0
0.74,0.22,-0.021019,1,0,0
0.76,0.22,-0.024685,1,0,0
0.78,0.22,0.0014446,1,0,0
0.8,0.22,-0.011172,1,0,0
0.82,0.22,-0.0013698,1,0,0
0.84,0.22,-0.014938,1,0,0
0.86,0.22,0.014533,1,0,0
0.88,0.22,-0.008477,1,0,0
0.9,0.22,-0.013899,1,0,0
0.92,0.22,0.0096054,1,0,0
0.94,0.22,0.018957,1,0,0
0.96,0.22,0.014637,1,0,0
0.98,0.22,-0.0012922,1,0,0
0.02,0.24,-0.0042903,1,0,0
0.04,0.24,0.0090608,1,0,0
0.06,0.24,-0.030733,1,0,0
0.08,0.24,-0.028947,1,0,0
0.1,0.24,-0.044295,1,0,0
0.12,0.24,-0.032168,1,0,0
0.14,0.24,-0.012303,1,0,0
0.16,0.24,0.02604,1,0,0
0.18,0.24,-0.01007,1,0,0
0.2,0.24,-0.024566,1,0,0
0.22,0.24,-0.032042,1,0,0
0.24,0.24,-0.034463,1,0,0
0.26,0.24,-0.035411,1,0,0
0.28,0.24,-0.0075325,1,0,0
0.3,0.24,-0.0072011,1,0,0
0.32,0.24,-0.039993,1,0,0
0.34,0.24,-0.048627,1,0,0
0.36,0.24,-0.050126,1,0,0
0.38,0.24,-0.054088,1,0,0
0.4,0.24,-0.018159,1,0,0
0.42,0.24,-0.028896,1,0,0
0.44,0.24,-0.043386,1,0,0
0.46,0.24,-0.037188,1,0,0
0.48,0.24,-0.057104,1,0,0
0.5,0.24,-0.052858,1,0,0
0.52,0.24,-0.07409,1,0,0
0.54,0.24,-0.07445,1,0,0
0.56,0.24,-0.058434,1,0,0
0.58,0.24,-0.045912,1,0,0
0.6,0.24,-0.05616,1,0,0
0.62,0.24,-0.077734,1,0,0
0.64,0.24,-0.073869,1,0,0
0.66,0.24,-0.069691,1,0,0
0.68,0.24,-0.061113,1,0,0
0.7,0.24,-0.033246,1,0,0
0.72,0.24,-0.025619,1,0,0
0.74,0.24,-0.018927,1,0,0
0.76,0.24,-0.0085455,1,0,0
0.78,0.24,0.0033261,1,0,0
0.8,0.24,-0.018438,1,0,0
0.82,0.24,0.00022374,1,0,0
0.84,0.24,0.0053843,1,0,0
0.86,0.24,0.0031555,1,0,0
0.88,0.24,-0.0057156,1,0,0
0.9,0.24,0.013376,1,0,0
0.92,0.24,0.0048355,1,0,0
0.94,0.24,0.015598,1,0,0
0.96,0.24,-0.010391,1,0,0
0.98,0.24,-0.0017913,1,0,0
0.02,0.26,-0.0072905,1,0,0
0.04,0.26,-0.0095062,1,0,0
0.06,0.26,-0.014897,1,0,0
0.08,0.26,-0.037655,1,0,0
0.1,0.26,-0.037697,1,0,0
0.12,0.26,-0.062357,1,0,0
0.14,0.26,-0.039115,1,0,0
0.16,0.26,-0.01423,1,0,0
0.18,0.26,-0.032348,1,0,0
0.2,0.26,-0.050792,1,0,0
0.22,0.26,-0.049134,1,0,0
0.24,0.26,-0.036427,1,0,0
0.26,0.26,-0.040493,1,0,0
0.28,0.26,-0.043741,1,0,0
0.3,0.26,-0.0492,1,0,0
0.32,0.26,-0.055191,1,0,0
0.34,0.26,-0.082909,1,0,0
0.36,0.26,-0.072857,1,0,0
0.38,0.26,-0.05716,1,0,0
0.4,0.26,-0.039987,1,0,0
0.42,0.26,-0.044151,1,0,0
0.44,0.26,-0.058357,1,0,0
0.46,0.26,-0.054877,1,0,0
0.48,0.26,-0.067282,1,0,0
0.5,0.26,-0.075531,1,0,0
0.52,0.26,-0.083035,1,0,0
0.54,0.26,-0.073337,1,0,0
0.56,0.26,-0.088013,1,0,0
0.58,0.26,-0.062635,1,0,0
0.6,0.26,-0.054737,1,0,0
0.62,0.26,-0.067711,1,0,0
0.64,0.26,-0.049716,1,0,0
0.66,0.26,-0.049387,1,0,0
0.68,0.26,-0.046933,1,0,0
0.7,0.26,-0.046201,1,0,0
0.72,0.26,-0.054038,1,0,0
0.74,0.26,-0.044094,1,0,0
0.76,0.26,-0.046236,1,0,0
0.78,0.26,-0.051568,1,0,0
0.8,0.26,-0.016273,1,0,0
0.82,0.26,0.0051918,1,0,0
0.84,0.26,0.010231,1,0,0
0.86,0.26,0.014988,1,0,0
0.88,0.26,0.0060399,1,0,0
0.9,0.26,0.017283,1,0,0
0.92,0.26,0.0047253,1,0,0
0.94,0.26,-0.0083306,1,0,0
0.96,0.26,-0.032395,1,0,0
0.98,0.26,-0.024977,1,0,0
0.02,0.28,-0.0048314,1,0,0
0.04,0.28,0.01085,1,0,0
0.06,0.28,0.0012445,1,0,0
0.08,0.28,-0.019763,1,0,0
0.1,0.28,-0.011765,1,0,0
0.12,0.28,-0.024273,1,0,0
0.14,0.28,-0.01444,1,0,0
0.16,0.28,-0.030238,1,0,0
0.18,0.28,-0.023705,1,0,0
0.2,0.28,-0.039208,1,0,0
0.22,0.28,-0.040445,1,0,0
0.24,0.28,-0.035353,1,0,0
0.26,0.28,-0.038637,1,0,0
0.28,0.28,-0.059423,1,0,0
0.3,0.28,-0.057148,1,0,0
0.32,0.28,-0.06053,1,0,0
0.34,0.28,-0.037098,1,0,0
0.36,0.28,-0.056674,1,0,0
0.38,0.28,-0.04523,1,0,0
0.4,0.28,-0.036369,1,0,0
0.42,0.28,-0.042188,1,0,0
0.44,0.28,-0.038884,1,0,0
0.46,0.28,-0.070808,1,0,0
0.48,0.28,-0.074228,1,0,0
0.5,0.28,-0.068339,1,0,0
0.52,0.28,-0.045513,1,0,0
0.54,0.28,-0.04895,1,0,0
0.56,0.28,-0.053372,1,0,0
0.58,0.28,-0.061874,1,0,0
0.6,0.28,-0.057856,1,0,0
0.62,0.28,-0.035512,1,0,0
0.64,0.28,-0.038039,1,0,0
0.66,0.28,-0.026302,1,0,0
0.68,0.28,-0.025201,1,0,0
0.7,0.28,-0.040147,1,0,0
0.72,0.28,-0.03575,1,0,0
0.74,0.28,-0.040707,1,0,0
0.76,0.28,-0.059079,1,0,0
0.78,0.28,-0.048692,1,0,0
0.8,0.28,-0.011982,1,0,0
0.82,0.28,0.011442,1,0,0
0.84,0.28,0.020443,1,0,0
0.86,0.28,0.033279,1,0,0
0.88,0.28,0.025729,1,0,0
0.9,0.28,0.010155,1,0,0
0.92,0.28,0.035835,1,0,0
0.94,0.28,0.01546,1,0,0
0.96,0.28,0.00015503,1,0,0
0.98,0.28,-0.021864,1,0,0
0.02,0.3,-0.021661,1,0,0
0.04,0.3,-0.014868,1,0,0
0.06,0.3,-0.0018528,1,0,0
0.08,0.3,-0.021395,1,0,0
0.1,0.3,-0.014303,1,0,0
0.12,0.3,-0.019709,1,0,0
0.14,0.3,-0.020695,1,0,0
0.16,0.3,-0.021557,1,0,0
0.18,0.3,-0.012616,1,0,0
0.2,0.3,-0.037688,1,0,0
0.22,0.3,-0.054454,1,0,0
0.24,0.3,-0.052318,1,0,0
0.26,0.3,-0.046688,1,0,0
0.28,0.3,-0.062326,1,0,0
0.3,0.3,-0.059648,1,0,0
0.32,0.3,-0.058753,1,0,0
0.34,0.3,-0.037313,1,0,0
0.36,0.3,-0.026678,1,0,0
0.38,0.3,-0.034748,1,0,0
0.4,0.3,-0.0433,1,0,0
0.42,0.3,-0.04652,1,0,0
0.44,0.3,-0.049591,1,0,0
0.46,0.3,-0.063611,1,0,0
0.48,0.3,-0.069329,1,0,0
0.5,0.3,-0.03487,1,0,0
0.52,0.3,-0.034747,1,0,0
0.54,0.3,-0.024134,1,0,0
0.56,0.3,-0.010965,1,0,0
0.58,0.3,-0.0305,1,0,0
0.6,0.3,-0.056174,1,0,0
0.62,0.3,-0.056873,1,0,0
0.64,0.3,-0.030409,1,0,0
0.66,0.3,-0.031469,1,0,0
0.68,0.3,-0.010955,1,0,0
0.7,0.3,-0.019488,1,0,0
0.72,0.3,-0.028317,1,0,0
0.74,0.3,-0.035213,1,0,0
0.76,0.3,-0.034456,1,0,0
0.78,0.3,-0.018105,1,0,0
0.8,0.3,0.00064376,1,0,0
0.82,0.3,0.0033869,1,0,0
0.84,0.3,0.011026,1,0,0
0.86,0.3,0.036422,1,0,0
0.88,0.3,0.027689,1,0,0
0.9,0.3,0.027802,1,0,0
0.92,0.3,0.028639,1,0,0
0.94,0.3,0.02385,1,0,0
0.96,0.3,0.0030439,1,0,0
0.98,0.3,0.0055856,1,0,0
0.02,0.32,-0.0253,1,0,0
0.04,0.32,-0.033761,1,0,0
0.06,0.32,-0.0047793,1,0,0
0.08,0.32,-0.02486,1,0,0
0.1,0.32,-0.042801,1,0,0
0.12,0.32,-0.034273,1,0,0
0.14,0.32,-0.030732,1,0,0
0.16,0.32,-0.036087,1,0,0
0.18,0.32,-0.049652,1,0,0
0.2,0.32,-0.048368,1,0,0
0.22,0.32,-0.036869,1,0,0
0.24,0.32,-0.039996,1,0,0
0.26,0.32,-0.033898,1,0,0
0.28,0.32,-0.044266,1,0,0
0.3,0.32,-0.051866,1,0,0
0.32,0.32,-0.04439,1,0,0
0.34,0.32,-0.034342,1,0,0
0.36,0.32,-0.037752,1,0,0
0.38,0.32,-0.055917,1,0,0
0.4,0.32,-0.042763,1,0,0
0.42,0.32,-0.058928,1,0,0
0.44,0.32,-0.048621,1,0,0
0.46,0.32,-0.052729,1,0,0
0.48,0.32,-0.059644,1,0,0
0.5,0.32,-0.040987,1,0,0
0.52,0.32,-0.039721,1,0,0
0.54,0.32,-0.027522,1,0,0
0.56,0.32,-0.012385,1,0,0
0.58,0.32,-0.038536,1,0,0
0.6,0.32,-0.052664,1,0,0
0.62,0.32,-0.038676,1,0,0
0.64,0.32,-0.028627,1,0,0
0.66,0.32,-0.012289,1,0,0
0.68,0.32,-0.028277,1,0,0
0.7,0.32,-0.036015,1,0,0
0.72,0.32,-0.054205,1,0,0
0.74,0.32,-0.01761,1,0,0
0.76,0.32,-0.045973,1,0,0
0.78,0.32,-0.018739,1,0,0
0.8,0.32,0.0051405,1,0,0
0.82,0.32,0.0037915,1,0,0
0.84,0.32,0.011958,1,0,0
0.86,0.32,0.032561,1,0,0
0.88,0.32,0.028708,1,0,0
0.9,0.32,0.021349,1,0,0
0.92,0.32,0.020471,1,0,0
0.94,0.32,0.0091696,1,0,0
0.96,0.32,-0.019118,1,0,0
0.98,0.32,-0.0077668,1,0,0
0.02,0.34,-0.054475,1,0,0
0.04,0.34,-0.032047,1,0,0
0.06,0.34,-0.036491,1,0,0
0.08,0.34,-0.036478,1,0,0
0.1,0.34,-0.050058,1,0,0
0.12,0.34,-0.042177,1,0,0
0.14,0.34,-0.043494,1,0,0
0.16,0.34,-0.04044,1,0,0
0.18,0.34,-0.06403,1,0,0
0.2,0.34,-0.062493,1,0,0
0.22,0.34,-0.065459,1,0,0
0.24,0.34,-0.035883,1,0,0
0.26,0.34,-0.046576,1,0,0
0.28,0.34,-0.036113,1,0,0
0.3,0.34,-0.033479,1,0,0
0.32,0.34,-0.033544,1,0,0
0.34,0.34,-0.023133,1,0,0
0.36,0.34,-0.040332,1,0,0
0.38,0.34,-0.045263,1,0,0
0.4,0.34,-0.05742,1,0,0
0.42,0.34,-0.057442,1,0,0
0.44,0.34,-0.050421,1,0,0
0.46,0.34,-0.067644,1,0,0
0.48,0.34,-0.065628,1,0,0
0.5,0.34,-0.041418,1,0,0
0.52,0.34,-0.042186,1,0,0
0.54,0.34,-0.036554,1,0,0
0.56,0.34,-0.01967,1,0,0
0.58,0.34,-0.037212,1,0,0
0.6,0.34,-0.063273,1,0,0
0.62,0.34,-0.025394,1,0,0
0.64,0.34,-0.03141,1,0,0
0.66,0.34,-0.027348,1,0,0
0.68,0.34,-0.033201,1,0,0
0.7,0.34,-0.033823,1,0,0
0.72,0.34,-0.050175,1,0,0
0.74,0.34,-0.025414,1,0,0
0.76,0.34,-0.021238,1,0,0
0.78,0.34,-0.010535,1,0,0
0.8,0.34,-0.0083825,1,0,0
0.82,0.34,0.0082565,1,0,0
0.84,0.34,-0.005176,1,0,0
0.86,0.34,0.0051744,1,0,0
0.88,0.34,0.0073014,1,0,0
0.9,0.34,0.029798,1,0,0
0.92,0.34,0.022897,1,0,0
0.94,0.34,-0.00056881,1,0,0
0.96,0.34,-0.022374,1,0,0
0.98,0.34,-0.020641,1,0,0
0.02,0.36,-0.04936,1,0,0
0.04,0.36,-0.038428,1,0,0
0.06,0.36,-0.051377,1,0,0
0.08,0.36,-0.048626,1,0,0
0.1,0.36,-0.041829,1,0,0
0.12,0.36,-0.03575,1,0,0
0.14,0.36,-0.052614,1,0,0
0.16,0.36,-0.043681,1,0,0
0.18,0.36,-0.066806,1,0,0
0.2,0.36,-0.057882,1,0,0
0.22,0.36,-0.067029,1,0,0
0.24,0.36,-0.043883,1,0,0
0.26,0.36,-0.044589,1,0,0
0.28,0.36,-0.025565,1,0,0
0.3,0.36,-0.040813,1,0,0
0.32,0.36,-0.011656,1,0,0
0.34,0.36,-0.0042941,1,0,0
0.36,0.36,-0.024891,1,0,0
0.38,0.36,-0.026086,1,0,0
0.4,0.36,-0.036023,1,0,0
0.42,0.36,-0.0466,1,0,0
0.44,0.36,-0.066173,1,0,0
0.46,0.36,-0.061043,1,0,0
0.48,0.36,-0.080276,1,0,0
0.5,0.36,-0.043153,1,0,0
0.52,0.36,-0.039856,1,0,0
0.54,0.36,-0.02081,1,0,0
0.56,0.36,-0.047941,1,0,0
0.58,0.36,-0.035274,1,0,0
0.6,0.36,-0.037512,1,0,0
0.62,0.36,-0.019063,1,0,0
0.64,0.36,-0.021985,1,0,0
0.66,0.36,-0.028738,1,0,0
0.68,0.36,-0.011223,1,0,0
0.7,0.36,-0.022204,1,0,0
0.72,0.36,-0.020085,1,0,0
0.74,0.36,-0.0095801,1,0,0
0.76,0.36,-0.0088768,1,0,0
0.78,0.36,-0.019947,1,0,0
0.8,0.36,-0.005195,1,0,0
0.82,0.36,0.00052579,1,0,0
0.84,0.36,-0.016632,1,0,0
0.86,0.36,0.00079198,1,0,0
0.88,0.36,-0.0064553,1,0,0
0.9,0.36,0.029643,1,0,0
0.92,0.36,0.020307,1,0,0
0.94,0.36,0.031909,1,0,0
0.96,0.36,-0.0078943,1,0,0
0.98,0.36,-0.034547,1,0,0
0.02,0.38,-0.058465,1,0,0
0.04,0.38,-0.029896,1,0,0
0.06,0.38,-0.035731,1,0,0
0.08,0.38,-0.02975,1,0,0
0.1,0.38,-0.047873,1,0,0
0.12,0.38,-0.055871,1,0,0
0.14,0.38,-0.067256,1,0,0
0.16,0.38,-0.050934,1,0,0
0.18,0.38,-0.055426,1,0,0
0.2,0.38,-0.061402,1,0,0
0.22,0.38,-0.051566,1,0,0
0.24,0.38,-0.041956,1,0,0
0.26,0.38,-0.018984,1,0,0
0.28,0.38,-0.019636,1,0,0
0.3,0.38,-0.02442,1,0,0
0.32,0.38,-0.040278,1,0,0
0.34,0.38,-0.034188,1,0,0
0.36,0.38,-0.029547,1,0,0
0.38,0.38,-0.031408,1,0,0
0.4,0.38,-0.014378,1,0,0
0.42,0.38,-0.060275,1,0,0
0.44,0.38,-0.070211,1,0,0
0.46,0.38,-0.061426,1,0,0
0.48,0.38,-0.081056,1,0,0
0.5,0.38,-0.046796,1,0,0
0.52,0.38,-0.050115,1,0,0
0.54,0.38,-0.058446,1,0,0
0.56,0.38,-0.050508,1,0,0
0.58,0.38,-0.034058,1,0,0
0.6,0.38,-0.037261,1,0,0
0.62,0.38,-0.0284,1,0,0
0.64,0.38,-0.016826,1,0,0
0.66,0.38,0.0043149,1,0,0
0.68,0.38,-0.017202,1,0,0
0.7,0.38,-0.016901,1,0,0
0.72,0.38,-0.047555,1,0,0
0.74,0.38,-0.04313,1,0,0
0.76,0.38,-0.039827,1,0,0
0.78,0.38,-0.0175,1,0,0
0.8,0.38,-0.0053655,1,0,0
0.82,0.38,-0.007163,1,0,0
0.84,0.38,-0.0057551,1,0,0
0.86,0.38,-0.014339,1,0,0
0.88,0.38,0.003767,1,0,0
0.9,0.38,0.0011601,1,0,0
0.92,0.38,0.014186,1,0,0
0.94,0.38,0.020591,1,0,0
0.96,0.38,-0.008474,1,0,0
0.98,0.38,-0.045459,1,0,0
0.02,0.4,-0.062084,1,0,0
0.04,0.4,-0.04085,1,0,0
0.06,0.4,-0.023862,1,0,0
0.08,0.4,-0.031147,1,0,0
0.1,0.4,-0.024096,1,0,0
0.12,0.4,-0.047719,1,0,0
0.14,0.4,-0.0461,1,0,0
0.16,0.4,-0.045421,1,0,0
0.18,0.4,-0.059745,1,0,0
0.2,0.4,-0.04871,1,0,0
0.22,0.4,-0.019381,1,0,0
0.24,0.4,-0.011768,1,0,0
0.26,0.4,-0.0080156,1,0,0
0.28,0.4,-0.017403,1,0,0
0.3,0.4,-0.025327,1,0,0
0.32,0.4,-0.037754,1,0,0
0.34,0.4,-0.044474,1,0,0
0.36,0.4,-0.05485,1,0,0
0.38,0.4,-0.024838,1,0,0
0.4,0.4,-0.032621,1,0,0
0.42,0.4,-0.047929,1,0,0
0.44,0.4,-0.070778,1,0,0
0.46,0.4,-0.0601,1,0,0
0.48,0.4,-0.038541,1,0,0
0.5,0.4,-0.020696,1,0,0
0.52,0.4,-0.021292,1,0,0
0.54,0.4,-0.038766,1,0,0
0.56,0.4,-0.048532,1,0,0
0.58,0.4,-0.024733,1,0,0
0.6,0.4,-0.025006,1,0,0
0.62,0.4,-0.020983,1,0,0
0.64,0.4,0.0096323,1,0,0
0.66,0.4,0.0025213,1,0,0
0.68,0.4,-0.0098992,1,0,0
0.7,0.4,-0.011333,1,0,0
0.72,0.4,-0.033943,1,0,0
0.74,0.4,-0.030612,1,0,0
0.76,0.4,-0.014139,1,0,0
0.78,0.4,-0.020363,1,0,0
0.8,0.4,0.0013264,1,0,0
0.82,0.4,0.004184,1,0,0
0.84,0.4,0.0024204,1,0,0
0.86,0.4,-0.0057362,1,0,0
0.88,0.4,-0.006389,1,0,0
0.9,0.4,0.013608,1,0,0
0.92,0.4,0.024491,1,0,0
0.94,0.4,0.010664,1,0,0
0.96,0.4,-0.0083374,1,0,0
0.98,0.4,-0.047271,1,0,0
0.02,0.42,-0.036487,1,0,0
0.04,0.42,-0.032419,1,0,0
0.06,0.42,-0.028763,1,0,0
0.08,0.42,-0.039738,1,0,0
0.1,0.42,-0.029056,1,0,0
0.12,0.42,-0.037995,1,0,0
0.14,0.42,0.0027142,1,0,0
0.16,0.42,-0.020501,1,0,0
0.18,0.42,-0.030631,1,0,0
0.2,0.42,-0.010727,1,0,0
0.22,0.42,-0.0019135,1,0,0
0.24,0.42,-0.00422,1,0,0
0.26,0.42,-0.020596,1,0,0
0.28,0.42,-0.017723,1,0,0
0.3,0.42,-0.032683,1,0,0
0.32,0.42,-0.055635,1,0,0
0.34,0.42,-0.04899,1,0,0
0.36,0.42,-0.07107,1,0,0
0.38,0.42,-0.05201,1,0,0
0.4,0.42,-0.038103,1,0,0
0.42,0.42,-0.04052,1,0,0
0.44,0.42,-0.054694,1,0,0
0.46,0.42,-0.051786,1,0,0
0.48,0.42,-0.041738,1,0,0
0.5,0.42,-0.015947,1,0,0
0.52,0.42,-0.0086274,1,0,0
0.54,0.42,-0.024937,1,0,0
0.56,0.42,-0.023891,1,0,0
0.58,0.42,-0.017216,1,0,0
0.6,0.42,-0.022161,1,0,0
0.62,0.42,-0.020952,1,0,0
0.64,0.42,-0.012144,1,0,0
0.66,0.42,-0.0066338,1,0,0
0.68,0.42,-0.014241,1,0,0
0.7,0.42,-0.022876,1,0,0
0.72,0.42,-0.021818,1,0,0
0.74,0.42,-0.027941,1,0,0
0.76,0.42,-0.0014178,1,0,0
0.78,0.42,0.0027822,1,0,0
0.8,0.42,0.0014089,1,0,0
0.82,0.42,-0.0048862,1,0,0
0.84,0.42,-0.019396,1,0,0
0.86,0.42,-0.0088323,1,0,0
0.88,0.42,-0.014902,1,0,0
0.9,0.42,-0.0072991,1,0,0
0.92,0.42,0.029543,1,0,0
0.94,0.42,0.022276,1,0,0
0.96,0.42,-0.017187,1,0,0
0.98,0.42,-0.056617,1,0,0
0.02,0.44,-0.0036944,1,0,0
0.04,0.44,0.0047485,1,0,0
0.06,0.44,-0.016753,1,0,0
0.08,0.44,-0.01543,1,0,0
0.1,0.44,0.0038646,1,0,0
0.12,0.44,0.013843,1,0,0
0.14,0.44,0.0017471,1,0,0
0.16,0.44,-0.0054922,1,0,0
0.18,0.44,-0.018164,1,0,0
0.2,0.44,-0.0095717,1,0,0
0.22,0.44,0.015395,1,0,0
0.24,0.44,0.0053907,1,0,0
0.26,0.44,0.011765,1,0,0
0.28,0.44,-0.0078869,1,0,0
0.3,0.44,-0.0089189,1,0,0
0.32,0.44,-0.031025,1,0,0
0.34,0.44,-0.058701,1,0,0
0.36,0.44,-0.055752,1,0,0
0.38,0.44,-0.067068,1,0,0
0.4,0.44,-0.049598,1,0,0
0.42,0.44,-0.034965,1,0,0
0.44,0.44,-0.025474,1,0,0
0.46,0.44,-0.035979,1,0,0
0.48,0.44,-0.015723,1,0,0
0.5,0.44,0.0013339,1,0,0
0.52,0.44,-0.0046055,1,0,0
0.54,0.44,-0.020975,1,0,0
0.56,0.44,-0.012928,1,0,0
0.58,0.44,0.011433,1,0,0
0.6,0.44,0.0051775,1,0,0
0.62,0.44,-0.0012842,1,0,0
0.64,0.44,0.017319,1,0,0
0.66,0.44,0.005461,1,0,0
0.68,0.44,-0.014694,1,0,0
0.7,0.44,0.011855,1,0,0
0.72,0.44,-0.036126,1,0,0
0.74,0.44,-0.012192,1,0,0
0.76,0.44,0.0087276,1,0,0
0.78,0.44,0.012881,1,0,0
0.8,0.44,0.0017225,1,0,0
0.82,0.44,-0.0091835,1,0,0
0.84,0.44,-0.0019763,1,0,0
0.86,0.44,0.009454,1,0,0
0.88,0.44,0.012053,1,0,0
0.9,0.44,0.0098797,1,0,0
0.92,0.44,0.018582,1,0,0
0.94,0.44,0.013713,1,0,0
0.96,0.44,-0.00732,1,0,0
0.98,0.44,-0.043767,1,0,0
0.02,0.46,-0.0011617,1,0,0
0.04,0.46,0.02139,1,0,0
0.06,0.46,0.0080889,1,0,0
0.08,0.46,0.0088156,1,0,0
0.1,0.46,0.0046673,1,0,0
0.12,0.46,0.025649,1,0,0
0.14,0.46,0.022682,1,0,0
0.16,0.46,0.004838,1,0,0
0.18,0.46,-0.014624,1,0,0
0.2,0.46,0.0031301,1,0,0
0.22,0.46,-0.0034203,1,0,0
0.24,0.46,0.015419,1,0,0
0.26,0.46,0.011244,1,0,0
0.28,0.46,0.015958,1,0,0
0.3,0.46,-7.7895e-05,1,0,0
0.32,0.46,-0.0035822,1,0,0
0.34,0.46,-0.026647,1,0,0
0.36,0.46,-0.050348,1,0,0
0.38,0.46,-0.060103,1,0,0
0.4,0.46,-0.027996,1,0,0
0.42,0.46,-0.034259,1,0,0
0.44,0.46,-0.041764,1,0,0
0.46,0.46,-0.014642,1,0,0
0.48,0.46,-0.018468,1,0,0
0.5,0.46,0.0042699,1,0,0
0.52,0.46,-0.011381,1,0,0
0.54,0.46,0.012167,1,0,0
0.56,0.46,0.02506,1,0,0
0.58,0.46,0.022898,1,0,0
0.6,0.46,0.018503,1,0,0
0.62,0.46,0.010105,1,0,0
0.64,0.46,0.011677,1,0,0
0.66,0.46,0.027439,1,0,0
0.68,0.46,0.030069,1,0,0
0.7,0.46,-0.0097299,1,0,0
0.72,0.46,-0.024917,1,0,0
0.74,0.46,0.001807,1,0,0
0.76,0.46,0.028977,1,0,0
0.78,0.46,0.027158,1,0,0
0.8,0.46,0.016908,1,0,0
0.82,0.46,0.0026035,1,0,0
0.84,0.46,-0.019493,1,0,0
0.86,0.46,0.016063,1,0,0
0.88,0.46,0.011324,1,0,0
0.9,0.46,0.020224,1,0,0
0.92,0.46,0.00074816,1,0,0
0.94,0.46,0.031004,1,0,0
0.96,0.46,-0.010727,1,0,0
0.98,0.46,-0.0089333,1,0,0
0.02,0.48,0.009416,1,0,0
0.04,0.48,0.033907,1,0,0
0.06,0.48,0.017858,1,0,0
0.08,0.48,0.015972,1,0,0
0.1,0.48,0.024709,1,0,0
0.12,0.48,0.033445,1,0,0
0.14,0.48,0.0283,1,0,0
0.16,0.48,0.012932,1,0,0
0.18,0.48,0.00036756,1,0,0
0.2,0.48,0.021976,1,0,0
0.22,0.48,0.024556,1,0,0
0.24,0.48,0.052384,1,0,0
0.26,0.48,0.016355,1,0,0
0.28,0.48,0.0055384,1,0,0
0.3,0.48,0.0081845,1,0,0
0.32,0.48,0.018993,1,0,0
0.34,0.48,-0.01062,1,0,0
0.36,0.48,-0.023657,1,0,0
0.38,0.48,-0.015785,1,0,0
0.4,0.48,-0.020682,1,0,0
0.42,0.48,-0.025891,1,0,0
0.44,0.48,-0.026804,1,0,0
0.46,0.48,-0.030658,1,0,0
0.48,0.48,0.0086864,1,0,0
0.5,0.48,0.017124,1,0,0
0.52,0.48,0.020498,1,0,0
0.54,0.48,0.025182,1,0,0
0.56,0.48,0.024504,1,0,0
0.58,0.48,0.030405,1,0,0
0.6,0.48,0.0081888,1,0,0
0.62,0.48,0.0093107,1,0,0
0.64,0.48,0.0079537,1,0,0
0.66,0.48,0.027656,1,0,0
0.68,0.48,0.027682,1,0,0
0.7,0.48,0.01627,1,0,0
0.72,0.48,-0.0026477,1,0,0
0.74,0.48,0.034253,1,0,0
0.76,0.48,0.042055,1,0,0
0.78,0.48,0.030542,1,0,0
0.8,0.48,0.022161,1,0,0
0.82,0.48,0.018405,1,0,0
0.84,0.48,-0.013194,1,0,0
0.86,0.48,0.019829,1,0,0
0.88,0.48,0.00043564,1,0,0
0.9,0.48,0.01373,1,0,0
0.92,0.48,0.0063718,1,0,0
0.94,0.48,0.00553,1,0,0
0.96,0.48,-0.0060832,1,0,0
0.98,0.48,0.0050545,1,0,0
0.02,0.5,0.0044586,1,0,0
0.04,0.5,0.019075,1,0,0
0.06,0.5,0.0070612,1,0,0
0.08,0.5,-0.016544,1,0,0
0.1,0.5,-0.014389,1,0,0
0.12,0.5,-0.0058361,1,0,0
0.14,0.5,-0.010009,1,0,0
0.16,0.5,-0.0077043,1,0,0
0.18,0.5,-0.0065522,1,0,0
0.2,0.5,0.0039319,1,0,0
0.22,0.5,0.023012,1,0,0
0.24,0.5,0.031438,1,0,0
0.26,0.5,0.01353,1,0,0
0.28,0.5,0.0029421,1,0,0
0.3,0.5,0.0069668,1,0,0
0.32,0.5,0.0056075,1,0,0
0.34,0.5,-0.011331,1,0,0
0.36,0.5,-0.02554,1,0,0
0.38,0.5,-0.030962,1,0,0
0.4,0.5,-0.012307,1,0,0
0.42,0.5,-0.03449,1,0,0
0.44,0.5,-0.023898,1,0,0
0.46,0.5,-0.035728,1,0,0
0.48,0.5,-0.024219,1,0,0
0.5,0.5,0.0083042,1,0,0
0.52,0.5,0.033351,1,0,0
0.54,0.5,0.03153,1,0,0
0.56,0.5,0.034694,1,0,0
0.58,0.5,0.010428,1,0,0
0.6,0.5,-0.00080202,1,0,0
0.62,0.5,-0.0022035,1,0,0
0.64,0.5,-0.014179,1,0,0
0.66,0.5,0.01519,1,0,0
0.68,0.5,0.017828,1,0,0
0.7,0.5,0.012439,1,0,0
0.72,0.5,-0.011532,1,0,0
0.74,0.5,0.02025,1,0,0
0.76,0.5,0.0072527,1,0,0
0.78,0.5,0.031652,1,0,0
0.8,0.5,0.029786,1,0,0
0.82,0.5,0.022074,1,0,0
0.84,0.5,0.0068478,1,0,0
0.86,0.5,0.0019818,1,0,0
0.88,0.5,-0.034643,1,0,0
0.9,0.5,-0.036984,1,0,0
0.92,0.5,-0.022093,1,0,0
0.94,0.5,-0.01303,1,0,0
0.96,0.5,-0.020776,1,0,0
0.98,0.5,-0.018286,1,0,0
0.02,0.52,0.0069552,1,0,0
0.04,0.52,0.010269,1,0,0
0.06,0.52,0.022137,1,0,0
0.08,0.52,0.00032511,1,0,0
0.1,0.52,-0.016332,1,0,0
0.12,0.52,-0.017647,1,0,0
0.14,0.52,-0.016961,1,0,0
0.16,0.52,-0.015385,1,0,0
0.18,0.52,-0.011816,1,0,0
0.2,0.52,0.0060552,1,0,0
0.22,0.52,0.016865,1,0,0
0.24,0.52,0.018259,1,0,0
0.26,0.52,0.031098,1,0,0
0.28,0.52,0.03461,1,0,0
0.3,0.52,0.020914,1,0,0
0.32,0.52,0.0002256,1,0,0
0.34,0.52,0.00801,1,0,0
0.36,0.52,0.0079862,1,0,0
0.38,0.52,-0.017137,1,0,0
0.4,0.52,-0.0075246,1,0,0
0.42,0.52,-0.014087,1,0,0
0.44,0.52,-0.031578,1,0,0
0.46,0.52,-0.020451,1,0,0
0.48,0.52,-0.0066096,1,0,0
0.5,0.52,0.039507,1,0,0
0.52,0.52,0.029371,1,0,0
0.54,0.52,0.02678,1,0,0
0.56,0.52,0.033855,1,0,0
0.58,0.52,0.021856,1,0,0
0.6,0.52,0.012916,1,0,0
0.62,0.52,-0.0051173,1,0,0
0.64,0.52,0.0091047,1,0,0
0.66,0.52,0.0037342,1,0,0
0.68,0.52,0.016956,1,0,0
0.7,0.52,0.014447,1,0,0
0.72,0.52,0.010233,1,0,0
0.74,0.52,0.0035309,1,0,0
0.76,0.52,-0.0011909,1,0,0
0.78,0.52,0.014921,1,0,0
0.8,0.52,0.021551,1,0,0
0.82,0.52,0.0051619,1,0,0
0.84,0.52,0.0076893,1,0,0
0.86,0.52,0.013223,1,0,0
0.88,0.52,-0.024399,1,0,0
0.9,0.52,-0.039723,1,0,0
0.92,0.52,-0.029734,1,0,0
0.94,0.52,-0.0057142,1,0,0
0.96,0.52,-0.024074,1,0,0
0.98,0.52,-0.0074419,1,0,0
0.02,0.54,-0.00021609,1,0,0
0.04,0.54,0.025182,1,0,0
0.06,0.54,0.0072398,1,0,0
0.08,0.54,-0.03355,1,0,0
0.1,0.54,-0.037345,1,0,0
0.12,0.54,-0.049427,1,0,0
0.14,0.54,-0.030507,1,0,0
0.16,0.54,0.0069239,1,0,0
0.18,0.54,0.0097299,1,0,0
0.2,0.54,-0.010854,1,0,0
0.22,0.54,-0.0010535,1,0,0
0.24,0.54,-0.0048322,1,0,0
0.26,0.54,-0.0049022,1,0,0
0.28,0.54,0.011885,1,0,0
0.3,0.54,0.014016,1,0,0
0.32,0.54,-0.010876,1,0,0
0.34,0.54,0.0083458,1,0,0
0.36,0.54,-0.0014894,1,0,0
0.38,0.54,0.013641,1,0,0
0.4,0.54,0.017063,1,0,0
0.42,0.54,0.0045311,1,0,0
0.44,0.54,-0.0021816,1,0,0
0.46,0.54,-0.02587,1,0,0
0.48,0.54,-0.0065799,1,0,0
0.5,0.54,0.019407,1,0,0
0.52,0.54,0.019025,1,0,0
0.54,0.54,0.010257,1,0,0
0.56,0.54,0.038617,1,0,0
0.58,0.54,0.039845,1,0,0
0.6,0.54,0.002892,1,0,0
0.62,0.54,0.0093998,1,0,0
0.64,0.54,0.00991,1,0,0
0.66,0.54,0.01213,1,0,0
0.68,0.54,0.005512,1,0,0
0.7,0.54,0.0032416,1,0,0
0.72,0.54,0.0039996,1,0,0
0.74,0.54,-0.0085588,1,0,0
0.76,0.54,-0.022445,1,0,0
0.78,0.54,-0.0099089,1,0,0
0.8,0.54,-0.0042421,1,0,0
0.82,0.54,-0.019617,1,0,0
0.84,0.54,-0.0086591,1,0,0
0.86,0.54,-0.024355,1,0,0
0.88,0.54,-0.028517,1,0,0
0.9,0.54,-0.023984,1,0,0
0.92,0.54,-0.0042551,1,0,0
0.94,0.54,-0.018778,1,0,0
0.96,0.54,0.00071986,1,0,0
0.98,0.54,-0.025514,1,0,0
0.02,0.56,0.01873,1,0,0
0.04,0.56,0.023715,1,0,0
0.06,0.56,-0.0051008,1,0,0
0.08,0.56,-0.02927,1,0,0
0.1,0.56,-0.035897,1,0,0
0.12,0.56,-0.050775,1,0,0
0.14,0.56,-0.028124,1,0,0
0.16,0.56,-0.0077632,1,0,0
0.18,0.56,-0.018977,1,0,0
0.2,0.56,-0.020468,1,0,0
0.22,0.56,-0.018849,1,0,0
0.24,0.56,-0.0014944,1,0,0
0.26,0.56,-0.0039594,1,0,0
0.28,0.56,0.013478,1,0,0
0.3,0.56,0.0067731,1,0,0
0.32,0.56,0.0068015,1,0,0
0.34,0.56,0.022081,1,0,0
0.36,0.56,0.0042447,1,0,0
0.38,0.56,0.013884,1,0,0
0.4,0.56,0.037313,1,0,0
0.42,0.56,0.021507,1,0,0
0.44,0.56,0.0034904,1,0,0
0.46,0.56,0.019818,1,0,0
0.48,0.56,0.0057349,1,0,0
0.5,0.56,0.012143,1,0,0
0.52,0.56,0.015435,1,0,0
0.54,0.56,0.026786,1,0,0
0.56,0.56,0.019758,1,0,0
0.58,0.56,0.042312,1,0,0
0.6,0.56,0.046749,1,0,0
0.62,0.56,0.043579,1,0,0
0.64,0.56,0.032799,1,0,0
0.66,0.56,0.029885,1,0,0
0.68,0.56,0.014549,1,0,0
0.7,0.56,0.00040156,1,0,0
0.72,0.56,0.010575,1,0,0
0.74,0.56,-0.011202,1,0,0
0.76,0.56,-0.035242,1,0,0
0.78,0.56,-0.049687,1,0,0
0.8,0.56,-0.032023,1,0,0
0.82,0.56,-0.023796,1,0,0
0.84,0.56,-0.015492,1,0,0
0.86,0.56,-0.015956,1,0,0
0.88,0.56,-0.011795,1,0,0
0.9,0.56,-0.0042229,1,0,0
0.92,0.56,0.0063134,1,0,0
0.94,0.56,-0.0012098,1,0,0
0.96,0.56,-0.0075346,1,0,0
0.98,0.56,-0.00021059,1,0,0
0.02,0.58,0.033602,1,0,0
0.04,0.58,0.036442,1,0,0
0.06,0.58,-0.013958,1,0,0
0.08,0.58,-0.032868,1,0,0
0.1,0.58,-0.039719,1,0,0
0.12,0.58,-0.040536,1,0,0
0.14,0.58,-0.053633,1,0,0
0.16,0.58,0.011569,1,0,0
0.18,0.58,-0.021476,1,0,0
0.2,0.58,-0.030612,1,0,0
0.22,0.58,-0.015526,1,0,0
0.24,0.58,-0.004843,1,0,0
0.26,0.58,-0.00025731,1,0,0
0.28,0.58,0.018708,1,0,0
0.3,0.58,0.011239,1,0,0
0.32,0.58,0.01651,1,0,0
0.34,0.58,0.013008,1,0,0
0.36,0.58,0.0038694,1,0,0
0.38,0.58,0.0097039,1,0,0
0.4,0.58,0.038264,1,0,0
0.42,0.58,0.041313,1,0,0
0.44,0.58,0.033883,1,0,0
0.46,0.58,0.04178,1,0,0
0.48,0.58,-0.013656,1,0,0
0.5,0.58,0.0067863,1,0,0
0.52,0.58,0.02162,1,0,0
0.54,0.58,0.04885,1,0,0
0.56,0.58,0.029055,1,0,0
0.58,0.58,0.044969,1,0,0
0.6,0.58,0.052555,1,0,0
0.62,0.58,0.042645,1,0,0
0.64,0.58,0.047656,1,0,0
0.66,0.58,0.026084,1,0,0
0.68,0.58,0.022036,1,0,0
0.7,0.58,0.0099282,1,0,0
0.72,0.58,-0.019135,1,0,0
0.74,0.58,-0.030601,1,0,0
0.76,0.58,-0.043875,1,0,0
0.78,0.58,-0.046805,1,0,0
0.8,0.58,-0.035479,1,0,0
0.82,0.58,-0.015109,1,0,0
0.84,0.58,-0.0017424,1,0,0
0.86,0.58,-0.028073,1,0,0
0.88,0.58,-0.033227,1,0,0
0.9,0.58,0.012604,1,0,0
0.92,0.58,-0.0088506,1,0,0
0.94,0.58,0.0057606,1,0,0
0.96,0.58,0.0054938,1,0,0
0.98,0.58,0.0092528,1,0,0
0.02,0.6,0.0053808,1,0,0
0.04,0.6,0.004643,1,0,0
0.06,0.6,-0.036873,1,0,0
0.08,0.6,-0.031849,1,0,0
0.1,0.6,-0.062689,1,0,0
0.12,0.6,-0.058923,1,0,0
0.14,0.6,-0.043977,1,0,0
0.16,0.6,-0.025427,1,0,0
0.18,0.6,-0.036737,1,0,0
0.2,0.6,-0.022496,1,0,0
0.22,0.6,-0.024029,1,0,0
0.24,0.6,-0.0088521,1,0,0
0.26,0.6,-0.00092849,1,0,0
0.28,0.6,0.0055412,1,0,0
0.3,0.6,-0.013574,1,0,0
0.32,0.6,-0.015462,1,0,0
0.34,0.6,0.0206,1,0,0
0.36,0.6,0.02358,1,0,0
0.38,0.6,0.015123,1,0,0
0.4,0.6,0.048355,1,0,0
0.42,0.6,0.028861,1,0,0
0.44,0.6,0.034962,1,0,0
0.46,0.6,0.032698,1,0,0
0.48,0.6,0.01288,1,0,0
0.5,0.6,0.00065758,1,0,0
0.52,0.6,0.023156,1,0,0
0.54,0.6,0.037676,1,0,0
0.56,0.6,0.038207,1,0,0
0.58,0.6,0.05301,1,0,0
0.6,0.6,0.042142,1,0,0
0.62,0.6,0.045327,1,0,0
0.64,0.6,0.035872,1,0,0
0.66,0.6,0.053114,1,0,0
0.68,0.6,0.016421,1,0,0
0.7,0.6,0.014038,1,0,0
0.72,0.6,-0.015906,1,0,0
0.74,0.6,-0.015166,1,0,0
0.76,0.6,-0.034062,1,0,0
0.78,0.6,-0.0185,1,0,0
0.8,0.6,-0.041476,1,0,0
0.82,0.6,-0.019462,1,0,0
0.84,0.6,-0.029423,1,0,0
0.86,0.6,-0.017179,1,0,0
0.88,0.6,-0.0164,1,0,0
0.9,0.6,-0.02861,1,0,0
0.92,0.6,-0.021015,1,0,0
0.94,0.6,-0.0166,1,0,0
0.96,0.6,-0.0056122,1,0,0
0.98,0.6,0.013765,1,0,0
0.02,0.62,-0.010716,1,0,0
0.04,0.62,-0.0099202,1,0,0
0.06,0.62,-0.018451,1,0,0
0.08,0.62,-0.054494,1,0,0
0.1,0.62,-0.057562,1,0,0
0.12,0.62,-0.055972,1,0,0
0.14,0.62,-0.038989,1,0,0
0.16,0.62,-0.036655,1,0,0
0.18,0.62,-0.055152,1,0,0
0.2,0.62,-0.036582,1,0,0
0.22,0.62,-0.04063,1,0,0
0.24,0.62,-0.032757,1,0,0
0.26,0.62,-0.023382,1,0,0
0.28,0.62,0.0045307,1,0,0
0.3,0.62,-0.016572,1,0,0
0.32,0.62,0.00056505,1,0,0
0.34,0.62,0.016622,1,0,0
0.36,0.62,0.012171,1,0,0
0.38,0.62,0.01859,1,0,0
0.4,0.62,0.031076,1,0,0
0.42,0.62,0.046884,1,0,0
0.44,0.62,0.029273,1,0,0
0.46,0.62,-0.0059689,1,0,0
0.48,0.62,-0.005334,1,0,0
0.5,0.62,-0.010484,1,0,0
0.52,0.62,-0.002941,1,0,0
0.54,0.62,0.02522,1,0,0
0.56,0.62,0.042713,1,0,0
0.58,0.62,0.060275,1,0,0
0.6,0.62,0.021904,1,0,0
0.62,0.62,0.028593,1,0,0
0.64,0.62,0.053405,1,0,0
0.66,0.62,0.041512,1,0,0
0.68,0.62,0.01252,1,0,0
0.7,0.62,0.0080281,1,0,0
0.72,0.62,-0.017141,1,0,0
0.74,0.62,-0.025933,1,0,0
0.76,0.62,-0.035938,1,0,0
0.78,0.62,-0.019566,1,0,0
0.8,0.62,-0.017531,1,0,0
0.82,0.62,-0.019777,1,0,0
0.84,0.62,-0.044757,1,0,0
0.86,0.62,-0.028037,1,0,0
0.88,0.62,-0.052956,1,0,0
0.9,0.62,-0.033949,1,0,0
0.92,0.62,-0.026762,1,0,0
0.94,0.62,-0.021656,1,0,0
0.96,0.62,-0.021752,1,0,0
0.98,0.62,-0.003413,1,0,0
0.02,0.64,0.022198,1,0,0
0.04,0.64,0.011048,1,0,0
0.06,0.64,-0.015383,1,0,0
0.08,0.64,-0.024006,1,0,0
0.1,0.64,-0.0327,1,0,0
0.12,0.64,-0.023813,1,0,0
0.14,0.64,-0.021466,1,0,0
0.16,0.64,-0.032973,1,0,0
0.18,0.64,-0.059926,1,0,0
0.2,0.64,-0.057414,1,0,0
0.22,0.64,-0.039839,1,0,0
0.24,0.64,-0.02063,1,0,0
0.26,0.64,-0.0032894,1,0,0
0.28,0.64,-0.0027517,1,0,0
0.3,0.64,0.022863,1,0,0
0.32,0.64,0.019716,1,0,0
0.34,0.64,0.032482,1,0,0
0.36,0.64,0.032468,1,0,0
0.38,0.64,0.025758,1,0,0
0.4,0.64,0.035767,1,0,0
0.42,0.64,0.050072,1,0,0
0.44,0.64,0.0433,1,0,0
0.46,0.64,0.017829,1,0,0
0.48,0.64,-0.013908,1,0,0
0.5,0.64,-0.0049909,1,0,0
0.52,0.64,-0.0067607,1,0,0
0.54,0.64,0.011757,1,0,0
0.56,0.64,0.048966,1,0,0
0.58,0.64,0.058607,1,0,0
0.6,0.64,0.064588,1,0,0
0.62,0.64,0.070712,1,0,0
0.64,0.64,0.08051,1,0,0
0.66,0.64,0.052913,1,0,0
0.68,0.64,0.026261,1,0,0
0.7,0.64,0.025169,1,0,0
0.72,0.64,-0.00042207,1,0,0
0.74,0.64,-0.0033034,1,0,0
0.76,0.64,-0.0087567,1,0,0
0.78,0.64,-0.021704,1,0,0
0.8,0.64,-0.015931,1,0,0
0.82,0.64,-0.006337,1,0,0
0.84,0.64,-0.012245,1,0,0
0.86,0.64,-0.019001,1,0,0
0.88,0.64,-0.019194,1,0,0
0.9,0.64,-0.030954,1,0,0
0.92,0.64,-0.020765,1,0,0
0.94,0.64,-0.010318,1,0,0
0.96,0.64,-0.020683,1,0,0
0.98,0.64,0.008813,1,0,0
0.02,0.66,0.034687,1,0,0
0.04,0.66,0.0006111,1,0,0
0.06,0.66,-0.0096462,1,0,0
0.08,0.66,-0.031117,1,0,0
0.1,0.66,-0.031651,1,0,0
0.12,0.66,-0.027727,1,0,0
0.14,0.66,-0.0022795,1,0,0
0.16,0.66,-0.00527,1,0,0
0.18,0.66,-0.013895,1,0,0
0.2,0.66,-0.046711,1,0,0
0.22,0.66,-0.052338,1,0,0
0.24,0.66,-0.051657,1,0,0
0.26,0.66,-0.014169,1,0,0
0.28,0.66,-0.010851,1,0,0
0.3,0.66,0.01459,1,0,0
0.32,0.66,0.026811,1,0,0
0.34,0.66,0.012945,1,0,0
0.36,0.66,0.015454,1,0,0
0.38,0.66,0.033029,1,0,0
0.4,0.66,0.048512,1,0,0
0.42,0.66,0.052679,1,0,0
0.44,0.66,0.047223,1,0,0
0.46,0.66,0.014319,1,0,0
0.48,0.66,-0.015428,1,0,0
0.5,0.66,-0.018812,1,0,0
0.52,0.66,2.3118e-05,1,0,0
0.54,0.66,0.032281,1,0,0
0.56,0.66,0.040971,1,0,0
0.58,0.66,0.069624,1,0,0
0.6,0.66,0.085181,1,0,0
0.62,0.66,0.074541,1,0,0
0.64,0.66,0.058485,1,0,0
0.66,0.66,0.039093,1,0,0
0.68,0.66,0.044107,1,0,0
0.7,0.66,0.025465,1,0,0
0.72,0.66,-0.0024376,1,0,0
0.74,0.66,0.016122,1,0,0
0.76,0.66,0.0095534,1,0,0
0.78,0.66,-0.0097778,1,0,0
0.8,0.66,0.010951,1,0,0
0.82,0.66,0.00052558,1,0,0
0.84,0.66,-0.019499,1,0,0
0.86,0.66,-0.021609,1,0,0
0.88,0.66,-0.025563,1,0,0
0.9,0.66,-0.033633,1,0,0
0.92,0.66,-0.0021757,1,0,0
0.94,0.66,-0.0061028,1,0,0
0.96,0.66,-0.021182,1,0,0
0.98,0.66,-0.022249,1,0,0
0.02,0.68,0.010008,1,0,0
0.04,0.68,0.0029676,1,0,0
0.06,0.68,-0.0013807,1,0,0
0.08,0.68,-0.01649,1,0,0
0.1,0.68,-0.00042575,1,0,0
0.12,0.68,-0.011872,1,0,0
0.14,0.68,0.013345,1,0,0
0.16,0.68,0.0061785,1,0,0
0.18,0.68,0.015772,1,0,0
0.2,0.68,-0.029714,1,0,0
0.22,0.68,-0.051752,1,0,0
0.24,0.68,-0.015826,1,0,0
0.26,0.68,-0.021573,1,0,0
0.28,0.68,-0.019735,1,0,0
0.3,0.68,0.0054973,1,0,0
0.32,0.68,0.0090877,1,0,0
0.34,0.68,-0.0079734,1,0,0
0.36,0.68,0.006302,1,0,0
0.38,0.68,0.052234,1,0,0
0.4,0.68,0.035214,1,0,0
0.42,0.68,0.022428,1,0,0
0.44,0.68,0.029425,1,0,0
0.46,0.68,0.019902,1,0,0
0.48,0.68,0.0049191,1,0,0
0.5,0.68,0.021764,1,0,0
0.52,0.68,0.007451,1,0,0
0.54,0.68,0.015468,1,0,0
0.56,0.68,0.047932,1,0,0
0.58,0.68,0.076264,1,0,0
0.6,0.68,0.070868,1,0,0
0.62,0.68,0.068729,1,0,0
0.64,0.68,0.039514,1,0,0
0.66,0.68,0.018821,1,0,0
0.68,0.68,0.038481,1,0,0
0.7,0.68,0.0012739,1,0,0
0.72,0.68,0.004079,1,0,0
0.74,0.68,0.0082282,1,0,0
0.76,0.68,0.029174,1,0,0
0.78,0.68,0.0045806,1,0,0
0.8,0.68,-0.0011428,1,0,0
0.82,0.68,0.0032099,1,0,0
0.84,0.68,-0.019925,1,0,0
0.86,0.68,-0.004705,1,0,0
0.88,0.68,-0.021875,1,0,0
0.9,0.68,-0.027036,1,0,0
0.92,0.68,-0.020039,1,0,0
0.94,0.68,-0.018291,1,0,0
0.96,0.68,-0.020075,1,0,0
0.98,0.68,0.00069596,1,0,0
0.02,0.7,0.0039318,1,0,0
0.04,0.7,0.01484,1,0,0
0.06,0.7,0.024233,1,0,0
0.08,0.7,-0.0024563,1,0,0
0.1,0.7,-0.032192,1,0,0
0.12,0.7,0.0014305,1,0,0
0.14,0.7,0.015549,1,0,0
0.16,0.7,0.0054734,1,0,0
0.18,0.7,0.0012531,1,0,0
0.2,0.7,0.0061761,1,0,0
0.22,0.7,-0.0086892,1,0,0
0.24,0.7,-0.024125,1,0,0
0.26,0.7,-0.0082415,1,0,0
0.28,0.7,-0.0139,1,0,0
0.3,0.7,-0.0077384,1,0,0
0.32,0.7,-0.0079312,1,0,0
0.34,0.7,-0.018432,1,0,0
0.36,0.7,-0.019447,1,0,0
0.38,0.7,0.01511,1,0,0
0.4,0.7,0.042894,1,0,0
0.42,0.7,0.04772,1,0,0
0.44,0.7,0.031134,1,0,0
0.46,0.7,0.0047693,1,0,0
0.48,0.7,0.025701,1,0,0
0.5,0.7,0.033966,1,0,0
0.52,0.7,0.029455,1,0,0
0.54,0.7,0.025046,1,0,0
0.56,0.7,0.056976,1,0,0
0.58,0.7,0.068697,1,0,0
0.6,0.7,0.058439,1,0,0
0.62,0.7,0.055371,1,0,0
0.64,0.7,0.048209,1,0,0
0.66,0.7,0.044287,1,0,0
0.68,0.7,0.024079,1,0,0
0.7,0.7,0.016863,1,0,0
0.72,0.7,-0.014981,1,0,0
0.74,0.7,0.0038685,1,0,0
0.76,0.7,-0.022145,1,0,0
0.78,0.7,-0.0053683,1,0,0
0.8,0.7,0.0318,1,0,0
0.82,0.7,0.025839,1,0,0
0.84,0.7,0.0031054,1,0,0
0.86,0.7,0.011111,1,0,0
0.88,0.7,-0.015942,1,0,0
0.9,0.7,-0.03821,1,0,0
0.92,0.7,-0.010333,1,0,0
0.94,0.7,0.006734,1,0,0
0.96,0.7,-0.029244,1,0,0
0.98,0.7,-0.017613,1,0,0
0.02,0.72,0.019069,1,0,0
0.04,0.72,0.034597,1,0,0
0.06,0.72,0.031946,1,0,0
0.08,0.72,-0.0018678,1,0,0
0.1,0.72,-0.0061477,1,0,0
0.12,0.72,0.026166,1,0,0
0.14,0.72,0.027322,1,0,0
0.16,0.72,0.023079,1,0,0
0.18,0.72,0.019299,1,0,0
0.2,0.72,0.028031,1,0,0
0.22,0.72,0.026376,1,0,0
0.24,0.72,0.0040746,1,0,0
0.26,0.72,-0.017429,1,0,0
0.28,0.72,-0.019791,1,0,0
0.3,0.72,-0.036991,1,0,0
0.32,0.72,-0.015943,1,0,0
0.34,0.72,-0.0013438,1,0,0
0.36,0.72,0.019879,1,0,0
0.38,0.72,0.023309,1,0,0
0.4,0.72,0.059231,1,0,0
0.42,0.72,0.050251,1,0,0
0.44,0.72,0.035993,1,0,0
0.46,0.72,0.010842,1,0,0
0.48,0.72,0.016432,1,0,0
0.5,0.72,0.05171,1,0,0
0.52,0.72,0.035905,1,0,0
0.54,0.72,0.025906,1,0,0
0.56,0.72,0.056463,1,0,0
0.58,0.72,0.058539,1,0,0
0.6,0.72,0.03957,1,0,0
0.62,0.72,0.055651,1,0,0
0.64,0.72,0.046828,1,0,0
0.66,0.72,0.040408,1,0,0
0.68,0.72,0.024693,1,0,0
0.7,0.72,0.027533,1,0,0
0.72,0.72,-0.010984,1,0,0
0.74,0.72,0.0030027,1,0,0
0.76,0.72,-0.022204,1,0,0
0.78,0.72,0.0059355,1,0,0
0.8,0.72,0.0037785,1,0,0
0.82,0.72,0.01886,1,0,0
0.84,0.72,0.020846,1,0,0
0.86,0.72,0.028833,1,0,0
0.88,0.72,-0.0064005,1,0,0
0.9,0.72,-0.018966,1,0,0
0.92,0.72,-0.016677,1,0,0
0.94,0.72,0.017602,1,0,0
0.96,0.72,-0.00055316,1,0,0
0.98,0.72,-0.00061859,1,0,0
0.02,0.74,0.013093,1,0,0
0.04,0.74,0.038746,1,0,0
0.06,0.74,0.0084715,1,0,0
0.08,0.74,0.0097991,1,0,0
0.1,0.74,0.00017174,1,0,0
0.12,0.74,0.01387,1,0,0
0.14,0.74,0.018475,1,0,0
0.16,0.74,0.028691,1,0,0
0.18,0.74,0.0239,1,0,0
0.2,0.74,0.02835,1,0,0
0.22,0.74,0.011885,1,0,0
0.24,0.74,0.0072849,1,0,0
0.26,0.74,-0.029928,1,0,0
0.28,0.74,-0.016477,1,0,0
0.3,0.74,-0.022558,1,0,0
0.32,0.74,-0.01502,1,0,0
0.34,0.74,0.0037701,1,0,0
0.36,0.74,0.0083973,1,0,0
0.38,0.74,0.033445,1,0,0
0.4,0.74,0.048041,1,0,0
0.42,0.74,0.044036,1,0,0
0.44,0.74,0.023005,1,0,0
0.46,0.74,0.010535,1,0,0
0.48,0.74,0.0064813,1,0,0
0.5,0.74,0.029039,1,0,0
0.52,0.74,0.03062,1,0,0
0.54,0.74,0.028959,1,0,0
0.56,0.74,0.03434,1,0,0
0.58,0.74,0.043198,1,0,0
0.6,0.74,0.014128,1,0,0
0.62,0.74,0.023822,1,0,0
0.64,0.74,0.02134,1,0,0
0.66,0.74,0.036069,1,0,0
0.68,0.74,0.046249,1,0,0
0.7,0.74,0.013686,1,0,0
0.72,0.74,-0.019255,1,0,0
0.74,0.74,-0.026567,1,0,0
0.76,0.74,-0.0099039,1,0,0
0.78,0.74,0.0091748,1,0,0
0.8,0.74,-0.011198,1,0,0
0.82,0.74,0.0068608,1,0,0
0.84,0.74,-0.0030075,1,0,0
0.86,0.74,0.017208,1,0,0
0.88,0.74,-0.0040618,1,0,0
0.9,0.74,-0.0056278,1,0,0
0.92,0.74,-0.0077349,1,0,0
0.94,0.74,0.012033,1,0,0
0.96,0.74,0.0057443,1,0,0
0.98,0.74,0.0015249,1,0,0
0.02,0.76,0.0042405,1,0,0
0.04,0.76,0.019798,1,0,0
0.06,0.76,-0.0041558,1,0,0
0.08,0.76,-0.0033562,1,0,0
0.1,0.76,-0.0057576,1,0,0
0.12,0.76,0.00013773,1,0,0
0.14,0.76,-0.0080446,1,0,0
0.16,0.76,0.014107,1,0,0
0.18,0.76,-0.00033569,1,0,0
0.2,0.76,0.0085473,1,0,0
0.22,0.76,0.03373,1,0,0
0.24,0.76,0.018929,1,0,0
0.26,0.76,-0.0084134,1,0,0
0.28,0.76,-0.0082016,1,0,0
0.3,0.76,-0.020577,1,0,0
0.32,0.76,-0.010139,1,0,0
0.34,0.76,0.0095938,1,0,0
0.36,0.76,-0.0073609,1,0,0
0.38,0.76,0.031117,1,0,0
0.4,0.76,0.042715,1,0,0
0.42,0.76,0.019879,1,0,0
0.44,0.76,0.0067151,1,0,0
0.46,0.76,0.02414,1,0,0
0.48,0.76,0.01798,1,0,0
0.5,0.76,0.0099463,1,0,0
0.52,0.76,0.0047402,1,0,0
0.54,0.76,0.00086934,1,0,0
0.56,0.76,0.004992,1,0,0
0.58,0.76,0.027345,1,0,0
0.6,0.76,0.015118,1,0,0
0.62,0.76,0.018655,1,0,0
0.64,0.76,0.012034,1,0,0
0.66,0.76,0.037892,1,0,0
0.68,0.76,0.034518,1,0,0
0.7,0.76,-0.010454,1,0,0
0.72,0.76,-0.035917,1,0,0
0.74,0.76,-0.018744,1,0,0
0.76,0.76,-0.0045987,1,0,0
0.78,0.76,0.0016713,1,0,0
0.8,0.76,-0.0024016,1,0,0
0.82,0.76,-0.0097642,1,0,0
0.84,0.76,0.0082255,1,0,0
0.86,0.76,0.0099004,1,0,0
0.88,0.76,0.012744,1,0,0
0.9,0.76,-0.0018859,1,0,0
0.92,0.76,-0.030256,1,0,0
0.94,0.76,-0.029603,1,0,0
0.96,0.76,7.8168e-05,1,0,0
0.98,0.76,-0.0011762,1,0,0
0.02,0.78,0.0085175,1,0,0
0.04,0.78,0.017724,1,0,0
0.06,0.78,-0.020593,1,0,0
0.08,0.78,-0.046982,1,0,0
0.1,0.78,-0.018563,1,0,0
0.12,0.78,-0.012847,1,0,0
0.14,0.78,0.00083483,1,0,0
0.16,0.78,0.0098821,1,0,0
0.18,0.78,0.0047331,1,0,0
0.2,0.78,-0.00089506,1,0,0
0.22,0.78,0.024559,1,0,0
0.24,0.78,0.016853,1,0,0
0.26,0.78,-0.018552,1,0,0
0.28,0.78,-0.023846,1,0,0
0.3,0.78,-0.016484,1,0,0
0.32,0.78,-0.00038549,1,0,0
0.34,0.78,-0.0071535,1,0,0
0.36,0.78,-0.019145,1,0,0
0.38,0.78,-0.012508,1,0,0
0.4,0.78,0.023361,1,0,0
0.42,0.78,0.019645,1,0,0
0.44,0.78,-0.0054374,1,0,0
0.46,0.78,0.0079338,1,0,0
0.48,0.78,-0.024433,1,0,0
0.5,0.78,-0.0049253,1,0,0
0.52,0.78,-0.0044278,1,0,0
0.54,0.78,-0.0019276,1,0,0
0.56,0.78,-0.011766,1,0,0
0.58,0.78,-0.0048739,1,0,0
0.6,0.78,-0.02576,1,0,0
0.62,0.78,-0.032152,1,0,0
0.64,0.78,-0.0084245,1,0,0
0.66,0.78,-0.00093934,1,0,0
0.68,0.78,-0.012297,1,0,0
0.7,0.78,-0.021606,1,0,0
0.72,0.78,-0.025933,1,0,0
0.74,0.78,-0.028295,1,0,0
0.76,0.78,-0.00032353,1,0,0
0.78,0.78,-0.0053311,1,0,0
0.8,0.78,-0.0061505,1,0,0
0.82,0.78,-0.0092569,1,0,0
0.84,0.78,-0.0032005,1,0,0
0.86,0.78,-0.034929,1,0,0
0.88,0.78,-0.023634,1,0,0
0.9,0.78,-0.020908,1,0,0
0.92,0.78,-0.030738,1,0,0
0.94,0.78,-0.026568,1,0,0
0.96,0.78,-0.027655,1,0,0
0.98,0.78,-0.025694,1,0,0
0.02,0.8,-0.024643,1,0,0
0.04,0.8,-0.00358,1,0,0
0.06,0.8,-0.018153,1,0,0
0.08,0.8,-0.024583,1,0,0
0.1,0.8,-0.013308,1,0,0
0.12,0.8,-0.00091617,1,0,0
0.14,0.8,-0.00087478,1,0,0
0.16,0.8,0.002532,1,0,0
0.18,0.8,-0.0087523,1,0,0
0.2,0.8,-0.003179,1,0,0
0.22,0.8,0.020465,1,0,0
0.24,0.8,-0.0080203,1,0,0
0.26,0.8,-0.0088789,1,0,0
0.28,0.8,-0.0039591,1,0,0
0.3,0.8,-0.026804,1,0,0
0.32,0.8,-0.022027,1,0,0
0.34,0.8,0.017421,1,0,0
0.36,0.8,-0.0059509,1,0,0
0.38,0.8,0.0012629,1,0,0
0.4,0.8,0.0072642,1,0,0
0.42,0.8,0.0039316,1,0,0
0.44,0.8,-0.020804,1,0,0
0.46,0.8,-0.023573,1,0,0
0.48,0.8,-0.016192,1,0,0
0.5,0.8,-0.0055017,1,0,0
0.52,0.8,0.0087887,1,0,0
0.54,0.8,-0.0064192,1,0,0
0.56,0.8,-0.020075,1,0,0
0.58,0.8,-0.0030158,1,0,0
0.6,0.8,-0.022777,1,0,0
0.62,0.8,-0.032661,1,0,0
0.64,0.8,-0.014271,1,0,0
0.66,0.8,-0.011857,1,0,0
0.68,0.8,-0.017391,1,0,0
0.7,0.8,-0.024006,1,0,0
0.72,0.8,-0.001195,1,0,0
0.74,0.8,-0.0041246,1,0,0
0.76,0.8,-0.0032922,1,0,0
0.78,0.8,0.016268,1,0,0
0.8,0.8,0.0091532,1,0,0
0.82,0.8,-0.028405,1,0,0
0.84,0.8,-0.027058,1,0,0
0.86,0.8,-0.024296,1,0,0
0.88,0.8,-0.039779,1,0,0
0.9,0.8,-0.045871,1,0,0
0.92,0.8,-0.0178,1,0,0
0.94,0.8,-0.0096295,1,0,0
0.96,0.8,-0.0072568,1,0,0
0.98,0.8,-0.024636,1,0,0
0.02,0.82,-0.02053,1,0,0
0.04,0.82,0.019949,1,0,0
0.06,0.82,0.021757,1,0,0
0.08,0.82,0.043237,1,0,0
0.1,0.82,0.028916,1,0,0
0.12,0.82,0.0027454,1,0,0
0.14,0.82,0.0056399,1,0,0
0.16,0.82,-0.0019272,1,0,0
0.18,0.82,-0.0028734,1,0,0
0.2,0.82,-0.0058815,1,0,0
0.22,0.82,-0.0037665,1,0,0
0.24,0.82,0.011389,1,0,0
0.26,0.82,0.0023633,1,0,0
0.28,0.82,0.015951,1,0,0
0.3,0.82,0.0022785,1,0,0
0.32,0.82,-0.025723,1,0,0
0.34,0.82,-0.010117,1,0,0
0.36,0.82,0.0034522,1,0,0
0.38,0.82,0.0085656,1,0,0
0.4,0.82,0.0063225,1,0,0
0.42,0.82,-0.003082,1,0,0
0.44,0.82,-0.016962,1,0,0
0.46,0.82,-0.031026,1,0,0
0.48,0.82,-0.011572,1,0,0
0.5,0.82,-0.0036168,1,0,0
0.52,0.82,0.0043059,1,0,0
0.54,0.82,-0.01121,1,0,0
0.56,0.82,-0.010694,1,0,0
0.58,0.82,-0.0027968,1,0,0
0.6,0.82,-0.020578,1,0,0
0.62,0.82,-0.008663,1,0,0
0.64,0.82,-0.00036724,1,0,0
0.66,0.82,0.01271,1,0,0
0.68,0.82,-0.00068792,1,0,0
0.7,0.82,-0.0085877,1,0,0
0.72,0.82,-0.025551,1,0,0
0.74,0.82,-0.034386,1,0,0
0.76,0.82,-0.010151,1,0,0
0.78,0.82,0.023595,1,0,0
0.8,0.82,0.0025737,1,0,0
0.82,0.82,0.0073512,1,0,0
0.84,0.82,-0.020476,1,0,0
0.86,0.82,-0.02062,1,0,0
0.88,0.82,-0.030609,1,0,0
0.9,0.82,-0.036065,1,0,0
0.92,0.82,0.0048411,1,0,0
0.94,0.82,0.0060378,1,0,0
0.96,0.82,0.0073666,1,0,0
0.98,0.82,0.0084137,1,0,0
0.02,0.84,-0.021169,1,0,0
0.04,0.84,0.0013243,1,0,0
0.06,0.84,0.039007,1,0,0
0.08,0.84,0.046679,1,0,0
0.1,0.84,0.035243,1,0,0
0.12,0.84,0.023598,1,0,0
0.14,0.84,0.0090607,1,0,0
0.16,0.84,0.018246,1,0,0
0.18,0.84,-0.015234,1,0,0
0.2,0.84,-0.014864,1,0,0
0.22,0.84,-0.0043077,1,0,0
0.24,0.84,-0.004103,1,0,0
0.26,0.84,-0.0097559,1,0,0
0.28,0.84,0.001447,1,0,0
0.3,0.84,-0.029564,1,0,0
0.32,0.84,-0.014596,1,0,0
0.34,0.84,-0.022231,1,0,0
0.36,0.84,0.0013623,1,0,0
0.38,0.84,0.0071382,1,0,0
0.4,0.84,0.0052083,1,0,0
0.42,0.84,-0.013975,1,0,0
0.44,0.84,-0.041812,1,0,0
0.46,0.84,-0.041968,1,0,0
0.48,0.84,-0.01679,1,0,0
0.5,0.84,-0.0065479,1,0,0
0.52,0.84,-0.008812,1,0,0
0.54,0.84,-0.0034338,1,0,0
0.56,0.84,-0.015778,1,0,0
0.58,0.84,-0.0066837,1,0,0
0.6,0.84,-0.0050162,1,0,0
0.62,0.84,-0.0027688,1,0,0
0.64,0.84,0.0018179,1,0,0
0.66,0.84,-0.0056617,1,0,0
0.68,0.84,-0.012193,1,0,0
0.7,0.84,-0.0062925,1,0,0
0.72,0.84,-0.025938,1,0,0
0.74,0.84,0.0039456,1,0,0
0.76,0.84,-0.010776,1,0,0
0.78,0.84,-0.00062984,1,0,0
0.8,0.84,0.0058995,1,0,0
0.82,0.84,-0.0012683,1,0,0
0.84,0.84,-0.029412,1,0,0
0.86,0.84,-0.039288,1,0,0
0.88,0.84,-0.055874,1,0,0
0.9,0.84,-0.011266,1,0,0
0.92,0.84,0.008204,1,0,0
0.94,0.84,0.026306,1,0,0
0.96,0.84,0.0091294,1,0,0
0.98,0.84,0.029501,1,0,0
0.02,0.86,-0.02399,1,0,0
0.04,0.86,0.021099,1,0,0
0.06,0.86,0.0062731,1,0,0
0.08,0.86,0.037094,1,0,0
0.1,0.86,0.0073457,1,0,0
0.12,0.86,0.029026,1,0,0
0.14,0.86,0.019846,1,0,0
0.16,0.86,0.022335,1,0,0
0.18,0.86,-0.0081606,1,0,0
0.2,0.86,-0.020799,1,0,0
0.22,0.86,-0.032317,1,0,0
0.24,0.86,-0.0065168,1,0,0
0.26,0.86,-0.015243,1,0,0
0.28,0.86,-0.028131,1,0,0
0.3,0.86,-0.026676,1,0,0
0.32,0.86,-0.028972,1,0,0
0.34,0.86,-0.037983,1,0,0
0.36,0.86,-0.03908,1,0,0
0.38,0.86,-0.031663,1,0,0
0.4,0.86,-0.018786,1,0,0
0.42,0.86,-0.014443,1,0,0
0.44,0.86,-0.019523,1,0,0
0.46,0.86,-0.026641,1,0,0
0.48,0.86,-0.024461,1,0,0
0.5,0.86,-0.017972,1,0,0
0.52,0.86,0.0019724,1,0,0
0.54,0.86,0.0029476,1,0,0
0.56,0.86,-0.018201,1,0,0
0.58,0.86,-0.026242,1,0,0
0.6,0.86,-0.023525,1,0,0
0.62,0.86,-0.01106,1,0,0
0.64,0.86,-0.01261,1,0,0
0.66,0.86,-0.010771,1,0,0
0.68,0.86,-0.020139,1,0,0
0.7,0.86,-0.013951,1,0,0
0.72,0.86,-0.0093808,1,0,0
0.74,0.86,0.01248,1,0,0
0.76,0.86,-0.00096915,1,0,0
0.78,0.86,-0.0062016,1,0,0
0.8,0.86,-0.0030951,1,0,0
0.82,0.86,0.0070645,1,0,0
0.84,0.86,-0.042361,1,0,0
0.86,0.86,-0.051887,1,0,0
0.88,0.86,-0.047895,1,0,0
0.9,0.86,-0.015248,1,0,0
0.92,0.86,0.026719,1,0,0
0.94,0.86,0.035656,1,0,0
0.96,0.86,-0.012969,1,0,0
0.98,0.86,0.0076336,1,0,0
0.02,0.88,-0.0095371,1,0,0
0.04,0.88,0.010596,1,0,0
0.06,0.88,0.016768,1,0,0
0.08,0.88,0.013853,1,0,0
0.1,0.88,0.025354,1,0,0
0.12,0.88,0.0222,1,0,0
0.14,0.88,0.009392,1,0,0
0.16,0.88,0.00030455,1,0,0
0.18,0.88,0.0060248,1,0,0
0.2,0.88,-0.013984,1,0,0
0.22,0.88,-0.025494,1,0,0
0.24,0.88,0.001863,1,0,0
0.26,0.88,-0.00011704,1,0,0
0.28,0.88,-0.0035805,1,0,0
0.3,0.88,-0.0418,1,0,0
0.32,0.88,-0.035262,1,0,0
0.34,0.88,-0.04861,1,0,0
0.36,0.88,-0.042327,1,0,0
0.38,0.88,-0.03181,1,0,0
0.4,0.88,-0.031272,1,0,0
0.42,0.88,-0.014504,1,0,0
0.44,0.88,0.0024265,1,0,0
0.46,0.88,-0.015334,1,0,0
0.48,0.88,-0.0095266,1,0,0
0.5,0.88,-0.015994,1,0,0
0.52,0.88,-0.025475,1,0,0
0.54,0.88,-0.0231,1,0,0
0.56,0.88,-0.037508,1,0,0
0.58,0.88,-0.01832,1,0,0
0.6,0.88,-0.022188,1,0,0
0.62,0.88,0.0066793,1,0,0
0.64,0.88,-0.0013029,1,0,0
0.66,0.88,-0.020036,1,0,0
0.68,0.88,-0.01059,1,0,0
0.7,0.88,-0.031465,1,0,0
0.72,0.88,-0.022674,1,0,0
0.74,0.88,-0.0041208,1,0,0
0.76,0.88,0.0023614,1,0,0
0.78,0.88,0.0098413,1,0,0
0.8,0.88,0.0041157,1,0,0
0.82,0.88,0.0030833,1,0,0
0.84,0.88,-0.035228,1,0,0
0.86,0.88,-0.014341,1,0,0
0.88,0.88,-0.02611,1,0,0
0.9,0.88,-0.0029635,1,0,0
0.92,0.88,0.010641,1,0,0
0.94,0.88,0.0020191,1,0,0
0.96,0.88,-0.012354,1,0,0
0.98,0.88,-0.0092335,1,0,0
0.02,0.9,-0.015499,1,0,0
0.04,0.9,-0.021877,1,0,0
0.06,0.9,0.0096777,1,0,0
0.08,0.9,0.0082683,1,0,0
0.1,0.9,-0.0015582,1,0,0
0.12,0.9,-0.00067743,1,0,0
0.14,0.9,0.010568,1,0,0
0.16,0.9,-0.011031,1,0,0
0.18,0.9,-0.012859,1,0,0
0.2,0.9,-0.02893,1,0,0
0.22,0.9,-0.035207,1,0,0
0.24,0.9,-0.03431,1,0,0
0.26,0.9,-0.015074,1,0,0
0.28,0.9,-0.020213,1,0,0
0.3,0.9,-0.042931,1,0,0
0.32,0.9,-0.048042,1,0,0
0.34,0.9,-0.040861,1,0,0
0.36,0.9,-0.037191,1,0,0
0.38,0.9,-0.038387,1,0,0
0.4,0.9,-0.024527,1,0,0
0.42,0.9,-0.017256,1,0,0
0.44,0.9,-0.0068605,1,0,0
0.46,0.9,-0.0092138,1,0,0
0.48,0.9,-0.015693,1,0,0
0.5,0.9,-0.029439,1,0,0
0.52,0.9,-0.035668,1,0,0
0.54,0.9,-0.032318,1,0,0
0.56,0.9,-0.027921,1,0,0
0.58,0.9,-0.036676,1,0,0
0.6,0.9,-0.037851,1,0,0
0.62,0.9,-0.029362,1,0,0
0.64,0.9,-0.016653,1,0,0
0.66,0.9,-0.0058216,1,0,0
0.68,0.9,-0.002981,1,0,0
0.7,0.9,-0.026619,1,0,0
0.72,0.9,-0.02973,1,0,0
0.74,0.9,-0.0083074,1,0,0
0.76,0.9,-0.0052214,1,0,0
0.78,0.9,0.0087405,1,0,0
0.8,0.9,0.0036057,1,0,0
0.82,0.9,-0.018745,1,0,0
0.84,0.9,-0.038485,1,0,0
0.86,0.9,-0.012843,1,0,0
0.88,0.9,-0.001222,1,0,0
0.9,0.9,-0.0078753,1,0,0
0.92,0.9,0.016411,1,0,0
0.94,0.9,0.0068498,1,0,0
0.96,0.9,-0.029431,1,0,0
0.98,0.9,-0.018496,1,0,0
0.02,0.92,-0.013465,1,0,0
0.04,0.92,-0.0082752,1,0,0
0.06,0.92,-0.0011355,1,0,0
0.08,0.92,-0.0037233,1,0,0
0.1,0.92,0.0033666,1,0,0
0.12,0.92,0.011584,1,0,0
0.14,0.92,0.0052488,1,0,0
0.16,0.92,0.0051534,1,0,0
0.18,0.92,-0.027228,1,0,0
0.2,0.92,-0.049426,1,0,0
0.22,0.92,-0.014874,1,0,0
0.24,0.92,-0.030721,1,0,0
0.26,0.92,-0.045168,1,0,0
0.28,0.92,-0.062547,1,0,0
0.3,0.92,-0.042982,1,0,0
0.32,0.92,-0.037179,1,0,0
0.34,0.92,-0.01784,1,0,0
0.36,0.92,-0.018779,1,0,0
0.38,0.92,-0.0080062,1,0,0
0.4,0.92,-0.011091,1,0,0
0.42,0.92,0.00025827,1,0,0
0.44,0.92,0.0033577,1,0,0
0.46,0.92,-0.024118,1,0,0
0.48,0.92,-0.036002,1,0,0
0.5,0.92,-0.031234,1,0,0
0.52,0.92,-0.023995,1,0,0
0.54,0.92,-0.043104,1,0,0
0.56,0.92,-0.030498,1,0,0
0.58,0.92,-0.043825,1,0,0
0.6,0.92,-0.060682,1,0,0
0.62,0.92,-0.044179,1,0,0
0.64,0.92,-0.0089181,1,0,0
0.66,0.92,-0.017371,1,0,0
0.68,0.92,-0.024703,1,0,0
0.7,0.92,-0.015608,1,0,0
0.72,0.92,-0.02205,1,0,0
0.74,0.92,-0.0073861,1,0,0
0.76,0.92,-0.017277,1,0,0
0.78,0.92,-0.014214,1,0,0
0.8,0.92,-0.013161,1,0,0
0.82,0.92,-0.017107,1,0,0
0.84,0.92,-0.0068925,1,0,0
0.86,0.92,-0.025045,1,0,0
0.88,0.92,-0.0089977,1,0,0
0.9,0.92,0.0037858,1,0,0
0.92,0.92,0.023545,1,0,0
0.94,0.92,0.0044771,1,0,0
0.96,0.92,-0.011043,1,0,0
0.98,0.92,-0.0092416,1,0,0
0.02,0.94,-0.020317,1,0,0
0.04,0.94,-0.00058979,1,0,0
0.06,0.94,0.013163,1,0,0
0.08,0.94,-0.00099093,1,0,0
0.1,0.94,-0.00080722,1,0,0
0.12,0.94,-0.011366,1,0,0
0.14,0.94,-0.00072602,1,0,0
0.16,0.94,-0.020612,1,0,0
0.18,0.94,-0.036023,1,0,0
0.2,0.94,-0.04245,1,0,0
0.22,0.94,-0.029592,1,0,0
0.24,0.94,-0.031755,1,0,0
0.26,0.94,-0.046865,1,0,0
0.28,0.94,-0.032087,1,0,0
0.3,0.94,-0.057261,1,0,0
0.32,0.94,-0.040119,1,0,0
0.34,0.94,-0.01658,1,0,0
0.36,0.94,-0.029218,1,0,0
0.38,0.94,-0.017129,1,0,0
0.4,0.94,0.0041593,1,0,0
0.42,0.94,0.0076706,1,0,0
0.44,0.94,0.0017196,1,0,0
0.46,0.94,-0.014255,1,0,0
0.48,0.94,-0.028893,1,0,0
0.5,0.94,-0.028639,1,0,0
0.52,0.94,-0.025755,1,0,0
0.54,0.94,-0.03076,1,0,0
0.56,0.94,-0.045544,1,0,0
0.58,0.94,-0.043334,1,0,0
0.6,0.94,-0.073103,1,0,0
0.62,0.94,-0.043723,1,0,0
0.64,0.94,-0.026208,1,0,0
0.66,0.94,-0.017337,1,0,0
0.68,0.94,-0.012676,1,0,0
0.7,0.94,-0.041451,1,0,0
0.72,0.94,-0.04158,1,0,0
0.74,0.94,-0.052037,1,0,0
0.76,0.94,-0.053656,1,0,0
0.78,0.94,-0.030339,1,0,0
0.8,0.94,-0.019708,1,0,0
0.82,0.94,0.0019327,1,0,0
0.84,0.94,0.00077744,1,0,0
0.86,0.94,0.0085347,1,0,0
0.88,0.94,0.0044579,1,0,0
0.9,0.94,-0.0015237,1,0,0
0.92,0.94,0.011328,1,0,0
0.94,0.94,0.0050269,1,0,0
0.96,0.94,-0.0065899,1,0,0
0.98,0.94,-0.021504,1,0,0
0.02,0.96,-0.040137,1,0,0
0.04,0.96,-0.0075706,1,0,0
0.06,0.96,-0.029535,1,0,0
0.08,0.96,-0.0023587,1,0,0
0.1,0.96,-0.011367,1,0,0
0.12,0.96,-0.0036079,1,0,0
0.14,0.96,-0.027998,1,0,0
0.16,0.96,-0.01388,1,0,0
0.18,0.96,-0.02675,1,0,0
0.2,0.96,-0.043132,1,0,0
0.22,0.96,-0.053572,1,0,0
0.24,0.96,-0.054746,1,0,0
0.26,0.96,-0.061338,1,0,0
0.28,0.96,-0.05016,1,0,0
0.3,0.96,-0.058636,1,0,0
0.32,0.96,-0.050675,1,0,0
0.34,0.96,-0.026981,1,0,0
0.36,0.96,-0.027417,1,0,0
0.38,0.96,-0.0074497,1,0,0
0.4,0.96,0.0032224,1,0,0
0.42,0.96,-0.013377,1,0,0
0.44,0.96,-0.018706,1,0,0
0.46,0.96,-0.013918,1,0,0
0.48,0.96,-0.024257,1,0,0
0.5,0.96,-0.0073782,1,0,0
0.52,0.96,-0.011487,1,0,0
0.54,0.96,-0.029059,1,0,0
0.56,0.96,-0.042602,1,0,0
0.58,0.96,-0.036702,1,0,0
0.6,0.96,-0.069516,1,0,0
0.62,0.96,-0.065569,1,0,0
0.64,0.96,-0.07476,1,0,0
0.66,0.96,-0.059517,1,0,0
0.68,0.96,-0.04567,1,0,0
0.7,0.96,-0.053359,1,0,0
0.72,0.96,-0.059276,1,0,0
0.74,0.96,-0.056683,1,0,0
0.76,0.96,-0.052389,1,0,0
0.78,0.96,-0.030824,1,0,0
0.8,0.96,-0.038989,1,0,0
0.82,0.96,-0.016916,1,0,0
0.84,0.96,-0.012136,1,0,0
0.86,0.96,-0.0028521,1,0,0
0.88,0.96,0.0088564,1,0,0
0.9,0.96,-0.0067587,1,0,0
0.92,0.96,-0.0076187,1,0,0
0.94,0.96,0.0094015,1,0,0
0.96,0.96,0.0072612,1,0,0
0.98,0.96,-0.0049371,1,0,0
0.02,0.98,-0.034499,1,0,0
0.04,0.98,0.0047769,1,0,0
0.06,0.98,-0.0038854,1,0,0
0.08,0.98,-0.00090979,1,0,0
0.1,0.98,-0.013754,1,0,0
0.12,0.98,0.0117,1,0,0
0.14,0.98,-0.010713,1,0,0
0.16,0.98,0.028968,1,0,0
0.18,0.98,-0.0097194,1,0,0
0.2,0.98,-0.035777,1,0,0
0.22,0.98,-0.055189,1,0,0
0.24,0.98,-0.067657,1,0,0
0.26,0.98,-0.064975,1,0,0
0.28,0.98,-0.039223,1,0,0
0.3,0.98,-0.04797,1,0,0
0.32,0.98,-0.027166,1,0,0
0.34,0.98,-0.030669,1,0,0
0.36,0.98,-0.032404,1,0,0
0.38,0.98,-0.0019494,1,0,0
0.4,0.98,0.014014,1,0,0
0.42,0.98,-0.00016238,1,0,0
0.44,0.98,-0.019115,1,0,0
0.46,0.98,0.00033884,1,0,0
0.48,0.98,-0.013479,1,0,0
0.5,0.98,0.0079439,1,0,0
0.52,0.98,-0.0080902,1,0,0
0.54,0.98,-0.02089,1,0,0
0.56,0.98,-0.03322,1,0,0
0.58,0.98,-0.022673,1,0,0
0.6,0.98,-0.065868,1,0,0
0.62,0.98,-0.091574,1,0,0
0.64,0.98,-0.092902,1,0,0
0.66,0.98,-0.082828,1,0,0
0.68,0.98,-0.065556,1,0,0
0.7,0.98,-0.055128,1,0,0
0.72,0.98,-0.065774,1,0,0
0.74,0.98,-0.050509,1,0,0
0.76,0.98,-0.057493,1,0,0
0.78,0.98,-0.042586,1,0,0
0.8,0.98,-0.039298,1,0,0
0.82,0.98,-0.030662,1,0,0
0.84,0.98,-0.012138,1,0,0
0.86,0.98,-0.0055608,1,0,0
0.88,0.98,0.0011631,1,0,0
0.9,0.98,0.014873,1,0,0
0.92,0.98,0.0020756,1,0,0
0.94,0.98,0.030204,1,0,0
0.96,0.98,0.011221,1,0,0
0.98,0.98,0.013019,1,0,0
0,0,-0.067835,-1,0,0
0.02,0,-0.067835,-1,0,0
0.04,0,-0.057803,-1,0,0
0.06,0,-0.064135,-1,0,0
0.08,0,-0.050877,-1,0,0
0.1,0,-0.032053,-1,0,0
0.12,0,-0.028849,-1,0,0
0.14,0,-0.023872,-1,0,0
0.16,0,-0.013361,-1,0,0
0.18,0,-0.043048,-1,0,0
0.2,0,-0.065588,-1,0,0
0.22,0,-0.057944,-1,0,0
0.24,0,-0.057481,-1,0,0
0.26,0,-0.058569,-1,0,0
0.28,0,-0.049978,-1,0,0
0.3,0,-0.03844,-1,0,0
0.32,0,-0.0050766,-1,0,0
0.34,0,0.019709,-1,0,0
0.36,0,0.043577,-1,0,0
0.38,0,0.066486,-1,0,0
0.4,0,0.06998,-1,0,0
0.42,0,0.089051,-1,0,0
0.44,0,0.087704,-1,0,0
0.46,0,0.065106,-1,0,0
0.48,0,0.04332,-1,0,0
0.5,0,0.035184,-1,0,0
0.52,0,0.059812,-1,0,0
0.54,0,0.064475,-1,0,0
0.56,0,0.03809,-1,0,0
0.58,0,0.058168,-1,0,0
0.6,0,0.038851,-1,0,0
0.62,0,0.032524,-1,0,0
0.64,0,0.036781,-1,0,0
0.66,0,0.0079793,-1,0,0
0.68,0,-0.029835,-1,0,0
0.7,0,-0.043409,-1,0,0
0.72,0,-0.065881,-1,0,0
0.74,0,-0.054722,-1,0,0
0.76,0,-0.045452,-1,0,0
0.78,0,-0.029293,-1,0,0
0.8,0,-0.040291,-1,0,0
0.82,0,-0.047555,-1,0,0
0.84,0,-0.068204,-1,0,0
0.86,0,-0.068699,-1,0,0
0.88,0,-0.066595,-1,0,0
0.9,0,-0.038233,-1,0,0
0.92,0,-0.0085805,-1,0,0
0.94,0,-0.01565,-1,0,0
0.96,0,-0.023593,-1,0,0
0.98,0,-0.023497,-1,0,0
1,0,-0.018816,-1,0,0
1,0.02,0.0082296,-1,0,0
1,0.04,0.012211,-1,0,0
1,0.06,0.0035468,-1,0,0
1,0.08,0.015411,-1,0,0
1,0.1,0.024627,-1,0,0
1,0.12,0.050428,-1,0,0
1,0.14,0.060745,-1,0,0
1,0.16,0.065272,-1,0,0
1,0.18,0.05714,-1,0,0
1,0.2,0.028993,-1,0,0
1,0.22,0.0053638,-1,0,0
1,0.24,-0.038235,-1,0,0
1,0.26,-0.047779,-1,0,0
1,0.28,-0.023365,-1,0,0
1,0.3,-0.010813,-1,0,0
1,0.32,0.0016608,-1,0,0
1,0.34,-0.031553,-1,0,0
1,0.36,-0.048903,-1,0,0
1,0.38,-0.057097,-1,0,0
1,0.4,-0.057269,-1,0,0
1,0.42,-0.060566,-1,0,0
1,0.44,-0.054461,-1,0,0
1,0.46,-0.050475,-1,0,0
1,0.48,-0.027515,-1,0,0
1,0.5,-0.024242,-1,0,0
1,0.52,0.0016631,-1,0,0
1,0.54,-0.0083703,-1,0,0
1,0.56,0.0084843,-1,0,0
1,0.58,0.0016765,-1,0,0
1,0.6,0.019348,-1,0,0
1,0.62,0.0060616,-1,0,0
1,0.64,2.4271e-05,-1,0,0
1,0.66,-0.0073497,-1,0,0
1,0.68,-0.016599,-1,0,0
1,0.7,-0.0087221,-1,0,0
1,0.72,0.0036448,-1,0,0
1,0.74,-0.013158,-1,0,0
1,0.76,-0.0037524,-1,0,0
1,0.78,-0.029535,-1,0,0
1,0.8,0.0046837,-1,0,0
1,0.82,-0.00092449,-1,0,0
1,0.84,0.0042069,-1,0,0
1,0.86,-0.034639,-1,0,0
1,0.88,-0.021719,-1,0,0
1,0.9,-0.032894,-1,0,0
1,0.92,-0.023728,-1,0,0
1,0.94,-0.012764,-1,0,0
1,0.96,-0.023088,-1,0,0
1,0.98,-0.0061825,-1,0,0
1,1,0.02472,-1,0,0
0.98,1,0.024436,-1,0,0
0.96,1,0.017403,-1,0,0
0.94,1,0.039781,-1,0,0
0.92,1,0.028246,-1,0,0
0.9,1,0.0055659,-1,0,0
0.88,1,0.0042742,-1,0,0
0.86,1,0.0057212,-1,0,0
0.84,1,-0.0057655,-1,0,0
0.82,1,-0.0052696,-1,0,0
0.8,1,-0.059704,-1,0,0
0.78,1,-0.066941,-1,0,0
0.76,1,-0.068967,-1,0,0
0.74,1,-0.056393,-1,0,0
0.72,1,-0.06125,-1,0,0
0.7,1,-0.065091,-1,0,0
0.68,1,-0.069581,-1,0,0
0.66,1,-0.07084,-1,0,0
0.64,1,-0.073895,-1,0,0
0.62,1,-0.050022,-1,0,0
0.6,1,-0.053291,-1,0,0
0.58,1,-0.026713,-1,0,0
0.56,1,-0.039981,-1,0,0
0.54,1,-0.02262,-1,0,0
0.52,1,-0.013077,-1,0,0
0.5,1,-0.011307,-1,0,0
0.48,1,-0.013098,-1,0,0
0.46,1,-0.0056802,-1,0,0
0.44,1,-0.0036389,-1,0,0
0.42,1,0.020062,-1,0,0
0.4,1,0.02867,-1,0,0
0.38,1,-0.011968,-1,0,0
0.36,1,-0.032732,-1,0,0
0.34,1,-0.012255,-1,0,0
0.32,1,-0.0036326,-1,0,0
0.3,1,-0.030331,-1,0,0
0.28,1,-0.036614,-1,0,0
0.26,1,-0.067048,-1,0,0
0.24,1,-0.050554,-1,0,0
0.22,1,-0.0539,-1,0,0
0.2,1,-0.043396,-1,0,0
0.18,1,-0.035083,-1,0,0
0.16,1,-0.0050827,-1,0,0
0.14,1,0.026561,-1,0,0
0.12,1,0.0034032,-1,0,0
0.1,1,-0.010844,-1,0,0
0.08,1,0.0010759,-1,0,0
0.06,1,0.014958,-1,0,0
0.04,1,0.022252,-1,0,0
0.02,1,-0.0047325,-1,0,0
0,1,-0.025836,-1,0,0
0,0.98,-0.037248,-1,0,0
0,0.96,-0.045135,-1,0,0
0,0.94,-0.032769,-1,0,0
0,0.92,-0.017085,-1,0,0
0,0.9,-0.0055548,-1,0,0
0,0.88,0.011824,-1,0,0
0,0.86,-0.023341,-1,0,0
0,0.84,-0.0098902,-1,0,0
0,0.82,-0.028022,-1,0,0
0,0.8,-0.014348,-1,0,0
0,0.78,-0.028026,-1,0,0
0,0.76,0.018443,-1,0,0
0,0.74,0.0091173,-1,0,0
0,0.72,0.021159,-1,0,0
0,0.7,0.023363,-1,0,0
0,0.68,0.027841,-1,0,0
0,0.66,0.035714,-1,0,0
0,0.64,0.033014,-1,0,0
0,0.62,0.040967,-1,0,0
0,0.6,0.051866,-1,0,0
0,0.58,0.040849,-1,0,0
0,0.56,0.034571,-1,0,0
0,0.54,0.021887,-1,0,0
0,0.52,0.007675,-1,0,0
0,0.5,0.0070429,-1,0,0
0,0.48,0.03344,-1,0,0
0,0.46,0.0041131,-1,0,0
0,0.44,-0.0076114,-1,0,0
0,0.42,-0.021321,-1,0,0
0,0.4,-0.043729,-1,0,0
0,0.38,-0.048035,-1,0,0
0,0.36,-0.020998,-1,0,0
0,0.34,-0.012211,-1,0,0
0,0.32,0.0013366,-1,0,0
0,0.3,-0.015062,-1,0,0
0,0.28,-0.001038,-1,0,0
0,0.26,-0.012634,-1,0,0
0,0.24,0.014922,-1,0,0
0,0.22,0.035513,-1,0,0
0,0.2,0.012113,-1,0,0
0,0.18,0.020286,-1,0,0
0,0.16,0.028416,-1,0,0
0,0.14,0.040656,-1,0,0
0,0.12,0.051357,-1,0,0
0,0.1,0.029632,-1,0,0
0,0.08,0.017411,-1,0,0
0,0.06,-0.012331,-1,0,0
0,0.04,-0.033148,-1,0,0
0,0.02,-0.04656,-1,0,0
