0.025034,0.00018943,-0.010077,-0.0022778,-0.0023418,-0.00072137,0.0053175,0.0031607,-0.00033708,-0.0017231,0.0011473,0.0012279,0.001035,-0.0021681,0.0015534,0.0017087,-8.7076e-05,-0.0015196,0.0023026,-0.00017018,0.0022254
-0.012283,0.0050568,-0.016298,0.0049533,0.021219,-0.0057329,-0.0093124,0.0063769,0.0041192,-0.00050761,-0.0028502,0.0012143,0.00014858,-0.0011116,-0.00050176,0.0012231,-0.0014736,0.00039656,-0.0017914,0.001634,-0.0021768
-0.0063979,0.0015027,-0.011344,0.0038189,0.0026102,-0.0040922,-0.0047255,-0.0012452,0.001136,0.0018977,0.0010487,-0.00051998,-0.00072897,0.00023186,-0.001087,0.00046994,-0.0022572,-6.943e-05,-0.0016868,5.3019e-05,-0.0029825
-0.0042344,0.0072118,0.010506,-0.0030995,-0.0044576,-0.0042253,0.0040753,0.00059414,-0.0028542,0.0053293,0.0010519,-0.00048671,-0.00033583,-0.0016379,0.0011775,0.00056479,-6.5496e-06,-6.3305e-05,0.00039388,0.0013001,0.00055501
0.019462,-0.00057057,0.0081784,-0.0015523,-0.0042221,0.0011496,-0.0047633,0.00078711,0.0036006,-0.0034,0.00034905,0.0006194,0.0019417,0.0015,0.00076026,-0.0014304,0.0021723,0.00012409,0.002597,-0.00032708,0.002971
-0.0078858,0.0011234,-0.0009565,0.0071068,-0.0026158,0.00059919,0.0030858,-0.002077,-0.0022256,0.00095462,0.00099962,0.00082256,-0.00042152,0.0009481,-0.00063565,-0.0012658,-0.00071244,0.0013713,-0.0012255,0.0017454,-0.001326
-0.0074582,-0.00024452,0.0031253,0.0016207,0.0027615,0.00070464,-0.00082522,-0.00068581,0.00038472,0.00099778,-0.00041173,0.00067193,-0.00068003,-0.00070499,0.00030402,-0.0001155,0.00040914,3.5286e-06,-0.00059533,0.0007294,-0.00032654
-0.00043519,-0.00090411,-0.0028376,-0.00098073,0.0019132,0.00081621,-0.0056082,-0.00044855,0.0045522,-0.0020308,-0.0002724,0.00087947,-0.0015243,-0.00031063,0.0005138,0.001096,-0.00035558,-0.00055951,-9.9935e-05,-0.0014877,-0.00080419
-0.0011491,-0.00022817,-0.0063652,0.0025584,0.0013182,-0.00012143,0.0010508,0.0011466,-0.00047351,-4.2997e-05,-0.0014997,-0.00013069,-0.00044357,0.00060417,-0.00025179,-0.00025292,0.00097645,0.00016594,-0.0016802,0.00033359,-0.00063757
-0.00048579,-0.00052529,0.00026696,-0.0020734,-0.0027213,0.0024047,0.0032494,0.0020381,-0.00036441,0.00037197,-0.00097864,-0.0022457,0.00080131,0.0014627,-0.00048806,-0.00056912,-0.00012025,0.00061151,0.00030998,-3.9126e-05,-0.00018552
0.0043226,0.00053546,0.0032303,-0.0016336,-0.00034662,9.5101e-05,0.00095046,-0.00036392,-0.00011835,-0.00016186,0.00078811,0.0011851,0.00036851,-4.5385e-06,0.00077005,0.00029091,0.00095748,-0.00023573,0.00014601,-0.00048479,0.0011802
-0.0015642,6.8365e-05,0.00051677,0.00024363,0.0032181,0.00037925,0.00091236,-0.00032045,-0.0017879,-0.0002614,0.0015866,-0.00023478,-0.00077915,-0.00039912,5.0488e-05,0.00035727,-0.00016369,0.00036049,0.00067763,-0.00027615,0.00013821
0.00026457,-0.00048493,-0.0040343,0.00012698,-0.0017812,-4.2312e-05,-0.00040699,0.00023614,9.8353e-05,-0.00043883,-0.00021017,0.00030988,0.00092041,-0.0002408,-0.00081997,0.00011274,-0.0013494,-0.00026739,0.00085778,-2.3978e-05,-0.0015907
0.00086044,0.0026022,-0.00057137,0.0025546,0.00047571,-0.0027291,-0.0010073,0.00029395,0.0018019,0.00033544,-0.00093251,0.00056579,0.00030951,-0.00094641,-0.00024653,0.00074906,-0.00011459,0.00038396,0.00017762,0.00042924,0.00011499
0.0015952,0.00043761,8.0105e-05,0.00040438,0.0010245,-0.00057917,0.00094206,0.00016185,1.9999e-05,-0.00036063,-0.00013799,-0.00017621,-0.00072592,-0.00018144,0.00023211,0.00019,0.00084642,0.00017482,-0.00022535,-0.00023316,0.00089832
-0.002697,-0.0010315,9.4329e-05,-0.0017237,0.0012474,0.00032558,-0.0010331,-0.00023645,-0.0003514,0.00072868,-0.00020843,0.00073985,3.173e-05,-0.00049945,0.00021726,-3.0394e-05,-0.00025221,-0.0005266,-0.0003779,7.7557e-05,-0.00025731
0.0030258,-8.5766e-05,-0.0008938,0.00010513,-0.0003703,5.6555e-05,-0.0017274,0.00026057,0.00034622,9.9647e-05,0.00013643,-0.00017686,2.2033e-05,0.00031525,0.00014426,0.00016807,-0.00032711,-6.9544e-05,0.00057769,1.0092e-05,6.3402e-06
-0.0026243,0.0021313,-0.0012594,0.0018595,0.0015005,-0.00054399,-0.00026084,0.0012774,0.00035403,-2.9851e-05,-0.00013383,-0.00063374,-0.00027214,0.001158,0.00051522,-0.00062523,-0.0004489,0.00012554,-0.00070921,0.0010161,-0.00034741
0.0033722,-0.0001508,-0.0012167,-6.0586e-06,-4.6625e-05,-0.00068835,-0.0010925,0.00031799,0.00011888,0.00048416,0.00025163,0.00045786,0.00020854,-0.00023896,0.00055569,7.1552e-05,6.5439e-06,-0.00045909,-0.00011833,0.0001786,0.0001403
-0.0035247,0.00098652,-0.0013242,-3.5403e-06,0.0021077,-0.0017495,0.00024765,0.00024692,-7.8028e-05,0.00065994,-2.1516e-05,0.000569,-0.00010676,-0.0011952,-0.00038291,0.00057206,-0.00028677,0.00013801,-5.1157e-05,5.8186e-05,-0.00028655
0.0038811,0.00020143,-0.002661,0.000292,-3.543e-05,-0.00055761,0.0010351,0.00060676,0.00023371,-0.00066867,0.00033703,2.2494e-05,0.00019754,-0.00010731,0.00025057,0.00018104,-9.1299e-05,-1.6571e-05,0.0003331,0.00011097,0.00042045
