-0.011397,-0.011397,-0.014946,-0.020504,-0.036078,-0.045123,-0.049293,-0.037291,-0.022867,-0.02675,-0.028986,-0.012453,0.0040041,0.012623,0.021189,0.025405,0.031875,0.028464,0.019967,0.0018396,0.0030877,0.0056493,0.0016726,-0.010972,-0.025382,-0.037985,-0.031912,-0.043125,-0.04951,-0.038754,-0.026581,-0.027124,-0.012945,-0.010728,0.003918,0.0055527,0.0023935,-0.015855,-0.026091,-0.031492,-0.020481,-0.017276,-0.016445,-0.011033,-0.0070988,-0.0021493,-0.00491,0.0065784,0.013817,0.020304,0.016399
0.00047778,-0.00089319,-0.01007,-0.022683,-0.029721,-0.038967,-0.051499,-0.049589,-0.03246,-0.034338,-0.029661,-0.011559,0.0077603,0.018564,0.027494,0.035976,0.03457,0.039368,0.018499,0.0079087,0.018052,0.016708,0.010049,-0.007705,-0.027637,-0.030288,-0.019252,-0.024907,-0.040434,-0.033912,-0.018781,-0.017957,-0.012486,-0.0050141,0.0012801,0.0084105,0.0022955,-0.012593,-0.021087,-0.016212,-0.017212,-0.0056115,-0.0019836,-0.00097463,0.0087297,0.0046783,0.014594,0.017156,0.022339,0.016821,0.006424
-0.0070886,-0.012218,-0.014471,-0.024128,-0.031179,-0.039692,-0.06052,-0.061088,-0.044404,-0.034209,-0.028009,-0.0028865,0.013915,0.023645,0.030211,0.026648,0.028329,0.026094,0.020493,0.01153,0.017078,0.026449,0.0080544,-0.0019794,-0.019085,-0.027335,-0.018503,-0.021005,-0.030801,-0.023156,-0.023619,-0.018567,-0.007699,-0.0040926,-0.0032633,0.0075075,-0.0074521,-0.020567,-0.013959,-0.016267,-0.0166,-0.0040632,0.0086388,0.011833,0.0065826,0.0083712,0.0046363,0.0161,0.026143,0.014563,-0.005261
-0.021146,-0.031879,-0.026699,-0.02425,-0.029944,-0.042318,-0.048183,-0.046694,-0.042691,-0.033637,-0.020551,-0.0013131,0.012301,0.031301,0.040979,0.026351,0.020651,0.019159,0.0051235,0.00099993,0.019892,0.023758,0.0093949,0.0037806,-0.0052663,-0.0172,-0.01405,-0.017236,-0.023306,-0.027465,-0.026881,-0.024109,-0.010386,0.0052363,0.0062781,0.0098479,-0.00102,-0.018066,-0.017976,-0.016832,-0.014936,-0.0039975,0.0054542,0.014673,0.012272,0.0092055,0.01069,0.018331,0.015588,0.0068743,-0.0090513
-0.034406,-0.034501,-0.033537,-0.034801,-0.039455,-0.038531,-0.0355,-0.040444,-0.032826,-0.031243,-0.013597,0.0019682,0.023416,0.029722,0.030905,0.02708,0.016507,0.0085544,0.0024267,-0.0037288,0.012734,0.020386,0.018096,-0.0021252,-0.0095878,-0.018959,-0.01904,-0.024597,-0.024662,-0.018655,-0.018706,-0.019903,-0.0093405,-0.012447,-0.00071915,0.0068768,-0.0016708,-0.013733,-0.018183,-0.021442,-0.020898,-0.0092195,-0.00060789,-0.00041774,0.0049164,0.00014672,0.013604,0.013792,0.0078991,-0.0027583,-0.019709
-0.034964,-0.029814,-0.036581,-0.037446,-0.040097,-0.038088,-0.034371,-0.030855,-0.022516,-0.017924,-0.014993,-0.0030038,0.02149,0.032197,0.03874,0.024411,0.018901,-0.002196,-0.0023971,-0.0034657,0.0078468,0.0070737,0.0066925,-0.0066986,-0.019132,-0.029721,-0.027267,-0.029223,-0.019001,-0.011131,-0.0065581,-0.019146,-0.022841,-0.020557,-0.0042989,-0.012205,-0.017023,-0.023034,-0.017673,-0.021381,-0.013102,-0.011933,-0.0079108,0.0022942,0.0034015,0.0020759,0.0070156,0.01198,-0.0084102,-0.019721,-0.026065
-0.037171,-0.030415,-0.031825,-0.027265,-0.020328,-0.025096,-0.017644,-0.018777,-0.013543,-0.008689,-0.015372,-0.0031645,0.023778,0.035824,0.042651,0.039518,0.030543,0.0092579,0.0075788,0.0052008,-0.0013476,-0.0089515,-0.00552,-0.0092122,-0.013987,-0.027524,-0.02637,-0.032018,-0.0066365,-0.0029926,-0.005303,-0.019816,-0.028694,-0.021344,-0.012727,-0.018297,-0.029976,-0.027248,-0.020638,-0.022524,-0.01029,-0.0015073,0.0050407,0.018819,0.014032,0.0012768,0.0015912,0.0011408,-0.012536,-0.023936,-0.029138
-0.027176,-0.01897,-0.013884,0.0010222,-0.0084373,-0.0061559,0.0010067,-0.0021844,0.00072336,0.0015891,0.0031831,0.0083106,0.025849,0.035637,0.043785,0.048657,0.042475,0.028031,0.024646,0.021465,0.011799,0.00065811,-0.0055914,-0.018513,-0.019597,-0.016971,-0.022435,-0.017601,-0.0021945,0.0021201,-0.012895,-0.016906,-0.020416,-0.021532,-0.012034,-0.022478,-0.034617,-0.027136,-0.022377,-0.011534,0.0013941,0.012006,0.017568,0.019156,0.013502,0.000515,0.0054149,0.0039244,-0.0059196,-0.01575,-0.023488
-0.020914,-0.015399,-0.010858,0.0048171,0.0013737,0.00054128,0.0091709,0.00452,-0.0057147,0.012244,0.022642,0.022415,0.021081,0.023905,0.02776,0.031079,0.036357,0.041597,0.028961,0.019303,0.017892,0.0059687,-0.012989,-0.024433,-0.028885,-0.021012,-0.026129,-0.021043,-0.015397,-0.014798,-0.017846,-0.016431,-0.026095,-0.029752,-0.024632,-0.03213,-0.037823,-0.032808,-0.02556,-0.014807,-0.0028007,0.013241,0.01658,0.017989,-0.002513,-0.020898,-0.0081107,0.00092134,-0.0090005,-0.0086672,-0.015776
-0.020272,-0.014258,-0.00021485,0.0050119,0.012908,0.01352,0.016865,0.0069074,0.017738,0.029664,0.023365,0.026186,0.02072,0.028458,0.035387,0.042897,0.045773,0.04114,0.029407,0.021153,0.0083858,0.0065442,-0.011929,-0.020265,-0.020414,-0.019321,-0.013313,-0.021261,-0.015102,-0.019585,-0.027614,-0.021983,-0.020957,-0.021268,-0.021123,-0.025089,-0.044214,-0.039533,-0.024312,-0.019584,-0.015036,-0.0044776,0.012503,0.012837,-0.0052233,-0.01666,-0.018824,-0.0097582,-0.0067017,-0.016171,-0.019991
-0.0031918,0.0066091,0.0087601,0.0178,0.022424,0.018552,0.012101,0.014986,0.028517,0.037533,0.037362,0.037244,0.037595,0.032401,0.044202,0.048972,0.054363,0.04955,0.031723,0.017281,0.01502,-0.0013558,-0.0081203,-0.0073994,-0.016049,-0.021357,-0.017515,-0.016382,-0.0142,-0.0069559,-0.0030612,-0.0089271,-0.0097034,-0.01222,-0.016692,-0.030994,-0.03042,-0.035947,-0.026115,-0.03037,-0.025892,-0.013537,0.00097726,0.0087785,0.0023467,-0.016728,-0.01935,-0.0079832,-0.008054,-0.0061579,-0.020027
0.012389,0.026634,0.030653,0.027938,0.019109,0.018935,0.012363,0.022506,0.046878,0.047556,0.0491,0.056018,0.054027,0.045496,0.050152,0.057115,0.057272,0.046414,0.034447,0.017828,0.018327,0.010432,0.0083065,-0.0059043,-0.010145,-0.018993,-0.0021202,-0.0081278,-0.0062564,0.008957,0.016818,0.0056995,0.012631,-0.00542,-0.010426,-0.021586,-0.02444,-0.029417,-0.029025,-0.02774,-0.025909,-0.014965,-0.0099439,-0.007452,-0.00014171,-0.0038642,-0.0089024,-0.0059948,-0.004906,-0.011319,-0.01997
0.009431,0.021721,0.034132,0.033333,0.035173,0.028844,0.028452,0.035778,0.0526,0.059926,0.060119,0.067766,0.065202,0.055913,0.058768,0.048555,0.053956,0.054784,0.04265,0.018585,0.018655,0.018709,0.019777,0.015608,0.013714,0.0050472,0.014578,-0.0036515,0.0018148,0.012258,0.02773,0.018177,0.014722,0.0080505,0.00061347,0.0036691,-0.0030679,-0.022307,-0.021702,-0.023414,-0.023865,-0.016558,-0.01156,-0.0066237,-0.00032348,-0.0031684,-0.004679,-0.0053021,-0.0053958,-0.0099954,-0.010231
0.010328,0.019729,0.037392,0.048432,0.039509,0.030758,0.029517,0.045172,0.063354,0.070323,0.067022,0.062918,0.06345,0.06152,0.05489,0.030993,0.040204,0.046846,0.044849,0.027652,0.031469,0.034867,0.025114,0.028766,0.026666,0.011975,0.013436,0.01105,0.0070345,0.02027,0.024436,0.021011,0.020221,0.014745,0.016298,0.015892,0.0023388,-0.015358,-0.0060301,-0.0044066,-0.0054165,-0.012245,-0.012071,-0.0066208,-0.0057839,-0.0017958,-0.00013807,0.0002958,-0.0056568,-0.0018751,-0.0043106
0.014347,0.016437,0.036867,0.046943,0.042738,0.03397,0.031977,0.039662,0.062793,0.066603,0.062828,0.063483,0.063752,0.052429,0.031082,0.026582,0.027905,0.045368,0.041065,0.03551,0.034939,0.035145,0.034695,0.028991,0.02655,0.014951,0.0073949,0.0097827,0.016159,0.027455,0.030945,0.030256,0.018627,0.0044475,0.0075765,0.016538,0.0084632,0.0029353,0.0062018,0.014285,0.0027854,0.0040211,-0.0037033,-0.0085244,-0.0037165,-0.005096,-0.0013817,-0.0090342,-0.0062773,-0.00078612,-0.013221
0.021122,0.021659,0.027416,0.039264,0.043818,0.033596,0.040832,0.051508,0.059606,0.059979,0.053413,0.052497,0.052471,0.042147,0.032479,0.029295,0.035933,0.035124,0.027016,0.02057,0.025181,0.037188,0.031391,0.025773,0.013476,0.01165,0.017647,0.018758,0.013566,0.027171,0.03617,0.035013,0.017734,0.0087896,0.0075182,0.013,0.018405,0.023341,0.023422,0.023449,0.029295,0.020204,0.0051136,0.0082782,0.010643,0.0043244,0.0043089,-0.007045,-0.022022,-0.023716,-0.027678
0.021459,0.013282,0.014709,0.028145,0.037394,0.03892,0.040198,0.044281,0.058602,0.062789,0.04896,0.048457,0.045071,0.027832,0.024923,0.020603,0.028724,0.01906,0.019878,0.010535,0.0072735,0.02401,0.029611,0.014676,-0.0016331,0.00037233,0.0054899,-6.1581e-05,0.011805,0.029953,0.040961,0.039223,0.021015,0.01004,0.011851,0.017772,0.030611,0.041215,0.046291,0.037802,0.036183,0.025306,0.018357,0.021523,0.016508,0.0045892,-0.011382,-0.014427,-0.020045,-0.029783,-0.038861
0.0078896,0.00075349,-0.00013087,0.017141,0.020532,0.017619,0.029276,0.038381,0.054686,0.062085,0.054856,0.037842,0.03135,0.017763,0.0077536,0.0035887,-0.00015577,0.00023522,-0.0046454,-0.0097304,0.004335,0.006175,0.0099303,-0.01253,-0.018458,-0.028615,-0.016267,-0.013831,0.0053462,0.013066,0.026988,0.027852,0.025475,0.0167,0.023327,0.025619,0.035659,0.053017,0.058101,0.055477,0.039346,0.025518,0.012506,0.012186,0.0033022,-0.019148,-0.015801,-0.02168,-0.026798,-0.030491,-0.045896
-0.0081374,-0.015302,-0.01192,0.0081016,0.0070542,0.018149,0.0264,0.029205,0.043077,0.05226,0.052456,0.040861,0.028729,0.0072925,-0.0022958,-0.016683,-0.0064676,-0.013822,-0.020758,-0.028785,-0.015623,-0.018594,-0.020797,-0.028129,-0.026026,-0.033203,-0.030774,-0.026408,-0.012533,-0.004124,0.0093856,0.022946,0.03137,0.026185,0.045968,0.049084,0.059444,0.060402,0.063807,0.05558,0.044077,0.029539,0.027223,0.014593,-0.0061218,-0.02146,-0.024809,-0.025297,-0.031274,-0.029699,-0.041391
-0.0093088,-0.0024815,0.0029429,-0.0031101,0.00033965,0.0011769,0.013554,0.017551,0.030437,0.0468,0.03931,0.037689,0.025797,0.0037387,-0.0048945,-0.016581,-0.016668,-0.020156,-0.02665,-0.032464,-0.02531,-0.028407,-0.040103,-0.045565,-0.047647,-0.045399,-0.033888,-0.037399,-0.020051,-0.011965,0.0063601,0.023279,0.038737,0.049228,0.061139,0.068212,0.064349,0.054681,0.065901,0.058971,0.052393,0.045737,0.034945,0.015744,-0.0081732,-0.0206,-0.022638,-0.023108,-0.031736,-0.036634,-0.04415
0.0083957,0.0061422,0.0053054,0.0013483,-0.0038818,-0.0088867,-0.008146,-0.00048739,0.020574,0.024055,0.023301,0.023766,0.0057671,-9.962e-05,-0.0090137,-0.019833,-0.026606,-0.018322,-0.023008,-0.027123,-0.036095,-0.046777,-0.055154,-0.054106,-0.057112,-0.063316,-0.051578,-0.048251,-0.032223,0.00039799,0.015019,0.016205,0.03272,0.054764,0.071473,0.07069,0.065901,0.066465,0.063935,0.064016,0.057176,0.048059,0.037045,0.021714,0.0017782,-0.02096,-0.027855,-0.016947,-0.017872,-0.033287,-0.039727
0.0021318,0.01184,0.0047502,-0.0063079,-0.017841,-0.016853,-0.01785,-0.0029984,0.012895,0.0092827,-0.0041771,-0.0080447,-0.0091178,-0.01946,-0.014123,-0.01424,-0.027779,-0.028227,-0.027971,-0.031378,-0.038562,-0.051608,-0.057454,-0.05754,-0.068383,-0.064658,-0.065668,-0.053844,-0.036643,-0.0029076,0.00138,0.007763,0.031329,0.055439,0.070835,0.072232,0.067517,0.060617,0.069771,0.06549,0.054495,0.053645,0.037445,0.017403,0.0039359,-0.01803,-0.026737,-0.022223,-0.022829,-0.028907,-0.041055
-0.0031896,-0.0037604,-0.0081899,-0.02075,-0.024302,-0.023244,-0.014755,-0.01255,-0.010315,-0.014167,-0.023731,-0.026305,-0.03905,-0.037068,-0.033826,-0.033383,-0.026219,-0.028693,-0.037055,-0.038951,-0.039851,-0.048945,-0.068179,-0.067988,-0.068806,-0.083154,-0.073234,-0.067348,-0.044599,-0.020369,-0.0038029,0.0059359,0.022643,0.042308,0.056699,0.07098,0.063503,0.061643,0.060486,0.055302,0.047173,0.042924,0.031698,0.012116,-0.014603,-0.032217,-0.035143,-0.0302,-0.027475,-0.02703,-0.015395
-0.01871,-0.013793,-0.018649,-0.028564,-0.033235,-0.031209,-0.025907,-0.028053,-0.031402,-0.030212,-0.040288,-0.052474,-0.05643,-0.05716,-0.049918,-0.050155,-0.03998,-0.04087,-0.042606,-0.049728,-0.043097,-0.054421,-0.077214,-0.096748,-0.099415,-0.099945,-0.083661,-0.068819,-0.043146,-0.029642,-0.013101,6.548e-05,0.017823,0.027771,0.043916,0.05347,0.046892,0.042333,0.056181,0.049323,0.036571,0.031412,0.017147,-0.0050165,-0.035515,-0.053127,-0.042232,-0.027285,-0.022992,-0.013168,-0.010306
-0.024781,-0.030082,-0.033549,-0.019627,-0.02134,-0.018942,-0.023649,-0.034713,-0.036403,-0.040762,-0.041741,-0.058951,-0.054749,-0.053489,-0.047568,-0.046348,-0.039003,-0.042561,-0.03933,-0.051687,-0.053932,-0.067428,-0.080333,-0.10388,-0.10206,-0.096794,-0.080405,-0.060129,-0.038231,-0.018299,-0.0081374,0.00094332,0.021141,0.026612,0.047721,0.04385,0.039189,0.037973,0.045725,0.037921,0.032405,0.025215,0.016959,-0.00024317,-0.028329,-0.059223,-0.049821,-0.026171,-0.01206,0.0032589,-0.0034867
-0.031682,-0.037189,-0.036813,-0.024795,-0.015647,-0.025763,-0.022467,-0.030655,-0.03648,-0.044833,-0.053752,-0.057637,-0.054201,-0.053243,-0.051728,-0.046442,-0.046377,-0.057382,-0.060233,-0.061859,-0.064825,-0.073378,-0.083941,-0.10821,-0.11242,-0.10519,-0.075827,-0.06277,-0.037119,-0.02424,-0.0070572,0.0011177,0.015074,0.030753,0.037543,0.031493,0.029304,0.034088,0.029647,0.024017,0.030177,0.02195,0.0027963,-0.0063826,-0.026201,-0.052497,-0.045074,-0.023674,-0.01002,0.0016776,0.0055086
-0.041332,-0.037784,-0.036799,-0.028929,-0.020603,-0.018874,-0.019812,-0.026305,-0.033528,-0.039825,-0.059112,-0.055767,-0.047252,-0.059527,-0.062594,-0.060197,-0.057167,-0.074665,-0.074004,-0.075465,-0.075435,-0.069399,-0.079812,-0.099499,-0.11493,-0.10253,-0.086105,-0.071832,-0.048975,-0.028061,-0.01235,0.0020735,0.0035559,0.0082623,0.022055,0.034065,0.035228,0.033043,0.030272,0.016343,0.01747,0.009791,-0.0094268,-0.019394,-0.032959,-0.037472,-0.031998,-0.015671,-0.0046233,0.008394,0.01221
-0.041817,-0.040664,-0.036412,-0.020609,-0.024351,-0.021648,-0.017252,-0.016657,-0.016358,-0.032816,-0.051673,-0.06157,-0.053779,-0.047932,-0.059904,-0.07432,-0.080642,-0.081403,-0.091869,-0.090207,-0.075922,-0.066158,-0.069097,-0.081692,-0.096421,-0.098835,-0.090687,-0.071942,-0.060841,-0.038725,-0.023277,-0.010657,-0.011218,-0.00067381,0.022972,0.033769,0.029298,0.030406,0.021716,0.023548,0.014187,0.00057499,-0.011001,-0.01582,-0.02152,-0.028081,-0.014985,-0.010978,-0.0068205,0.003579,0.016514
-0.042738,-0.04029,-0.0233,-0.0076495,-0.0092466,-0.014513,-0.011818,-0.011978,-0.013291,-0.025344,-0.049045,-0.054934,-0.04786,-0.045933,-0.058237,-0.076192,-0.091906,-0.08248,-0.088947,-0.094057,-0.081291,-0.068791,-0.064221,-0.068645,-0.075191,-0.081593,-0.081996,-0.077916,-0.058485,-0.042902,-0.031265,-0.020507,-0.013835,-0.0021289,0.02023,0.039741,0.031375,0.020901,0.020439,0.024111,0.01324,0.0093653,0.0027827,0.0014225,-0.0022344,-0.0048926,-0.0017733,-0.0037685,0.0029308,0.013348,0.016572
-0.037582,-0.029872,-0.0073197,0.0053697,-0.0040988,-0.012758,-0.015571,-0.013532,-0.012738,-0.02692,-0.042468,-0.03767,-0.043555,-0.052491,-0.05805,-0.086769,-0.085315,-0.083542,-0.08515,-0.090559,-0.074894,-0.064501,-0.070153,-0.068936,-0.074039,-0.076304,-0.065691,-0.066073,-0.057078,-0.044594,-0.031672,-0.02362,-0.012049,-0.0013791,0.016097,0.026789,0.02917,0.011846,0.014406,0.016025,0.024206,0.013941,0.0087582,0.00039765,-0.0016418,0.010994,0.0032036,0.010711,0.014096,0.016586,0.02025
-0.039619,-0.021692,-0.0057398,0.00093414,0.007223,-0.0010405,-0.0092943,-0.011799,-0.0040574,-0.017154,-0.02749,-0.026357,-0.031853,-0.055728,-0.067468,-0.078232,-0.082105,-0.074567,-0.082296,-0.090729,-0.070407,-0.0688,-0.061336,-0.06182,-0.064258,-0.065405,-0.044289,-0.053704,-0.055974,-0.046307,-0.022921,-0.021149,-0.0037169,0.0060141,0.019157,0.028197,0.031182,0.014223,0.012763,0.013612,0.018822,0.022458,0.017253,0.0066865,0.0081095,0.00322,0.0077106,0.01401,0.024122,0.029074,0.026225
-0.044735,-0.032695,-0.016495,-0.0046816,0.00046217,0.010223,-0.0080744,-0.0095713,0.012104,-0.00028542,-0.019246,-0.027361,-0.038584,-0.056001,-0.064887,-0.073165,-0.076157,-0.078469,-0.081909,-0.08904,-0.075513,-0.069303,-0.054236,-0.054723,-0.05236,-0.054553,-0.038683,-0.04766,-0.052302,-0.041247,-0.025883,-0.021361,0.0041752,0.011511,0.029806,0.030845,0.026751,0.014332,0.01608,0.014299,0.0036492,0.0032282,0.01023,0.0055395,0.0010776,-0.001277,-0.0054709,0.010891,0.028755,0.034,0.034291
-0.036992,-0.024263,-0.013759,-0.00082462,0.0088396,0.0046512,0.0021099,0.0075997,0.011579,0.013856,0.0014621,-0.015138,-0.032401,-0.051052,-0.0531,-0.063641,-0.060313,-0.061263,-0.069975,-0.078749,-0.061737,-0.052169,-0.049421,-0.037872,-0.039313,-0.043311,-0.034263,-0.036804,-0.035043,-0.024722,-0.0077199,-0.00024516,0.012631,0.027905,0.029171,0.034887,0.035747,0.027415,0.028383,0.0096438,-0.00094494,-0.0069119,-0.0052508,0.0037021,-0.0011906,-0.0077737,0.00054433,0.02085,0.034979,0.047415,0.051805
-0.02147,-0.013968,0.0048959,0.0093609,0.0055579,0.0064874,0.010798,0.0076232,0.013308,0.014906,0.01146,0.00030783,-0.021947,-0.035149,-0.04203,-0.040882,-0.042077,-0.048098,-0.059728,-0.064221,-0.055163,-0.036862,-0.036021,-0.034108,-0.025445,-0.023553,-0.024697,-0.027927,-0.019202,-0.0080701,0.0017808,0.01887,0.030764,0.032581,0.032894,0.044403,0.034073,0.030172,0.02208,0.010039,-0.003596,-0.0034907,0.00086901,0.0027929,0.0023874,0.0042083,0.013494,0.022117,0.035656,0.042806,0.056078
-0.017294,-0.0033162,0.007866,0.020514,0.014643,0.01006,0.007421,0.0070419,0.0042108,0.011278,0.014165,-0.0011848,-0.0076755,-0.016491,-0.027265,-0.027116,-0.029982,-0.03372,-0.043958,-0.052927,-0.0455,-0.03688,-0.027857,-0.018378,-0.011419,-0.0082874,-0.019295,-0.017081,-0.018963,-0.0053758,0.0054556,0.016689,0.028522,0.035317,0.046247,0.042041,0.029792,0.022348,0.013343,-0.0007073,-0.0091,-0.0054788,-0.0034218,0.011028,0.0079513,4.5457e-05,0.017721,0.027307,0.021914,0.034092,0.038672
-0.022887,-0.0040237,0.0093771,0.020182,0.020627,0.0061541,-0.0031611,-0.010632,0.0027575,0.012212,0.0093899,-0.0012466,-0.0011293,-0.011364,-0.02444,-0.031568,-0.034511,-0.043178,-0.035704,-0.033173,-0.038913,-0.036401,-0.024538,-0.014707,-0.0085577,-0.014396,-0.026746,-0.034614,-0.022777,-0.011336,-0.0029266,0.0033532,0.0096004,0.027527,0.042523,0.034676,0.013956,0.010168,0.0099418,-0.0078456,-0.013183,-0.021164,-0.016511,-0.003345,-0.00076568,-0.0037492,0.0094164,0.02192,0.020218,0.019273,0.020076
-0.024648,-0.0025189,0.013408,0.023589,0.023226,0.011202,0.0090333,0.0048561,0.012002,0.020011,0.018771,0.017191,0.01676,-0.0016662,-0.014457,-0.022036,-0.025378,-0.039058,-0.02859,-0.026428,-0.02475,-0.021697,-0.008187,-0.0056115,-0.0028152,-0.015707,-0.026719,-0.043801,-0.025134,-0.016753,-0.0050986,-0.0011002,0.0093419,0.021504,0.033245,0.029654,0.017587,0.014815,0.011509,-0.0091878,-0.011597,-0.017947,-0.019561,-0.0082806,-0.0038077,-0.0014815,0.0074998,0.015548,0.0092267,0.004505,0.0064924
-0.029301,-0.012524,0.0021439,0.026207,0.022134,0.025613,0.027869,0.027299,0.022607,0.024599,0.032082,0.026094,0.024597,0.012776,0.0092873,-0.00095719,-0.0080025,-0.023665,-0.031344,-0.039794,-0.021794,-0.021231,-0.0061955,-0.0068945,-0.0062056,-0.016408,-0.030117,-0.040917,-0.03138,-0.019323,-0.0045708,-0.0046206,0.0053579,0.0066667,0.021761,0.018345,0.020547,0.015612,0.0036186,-0.011895,-0.017981,-0.021066,-0.021926,-0.0085106,-0.0014092,-0.0032977,0.0042512,0.0026128,-0.016264,-0.019584,-0.016054
-0.025558,-0.010026,0.012974,0.031478,0.0337,0.042382,0.045237,0.036971,0.047153,0.049973,0.049537,0.04254,0.039899,0.037056,0.032261,0.020101,0.0076538,-0.0039478,-0.018523,-0.030346,-0.020674,-0.013056,-0.0091381,-0.01669,-0.019771,-0.029741,-0.03359,-0.035654,-0.014986,-0.001728,0.0047739,0.0086224,0.010322,0.0012545,0.0073582,0.013946,0.007068,0.011319,0.015438,0.0037287,-0.015923,-0.021902,-0.007898,-0.002168,-0.0014824,-0.0042646,-0.0026984,-0.006858,-0.013207,-0.026732,-0.026048
-0.026648,-0.012903,0.0095855,0.034123,0.055852,0.059985,0.058418,0.058148,0.064573,0.075626,0.067609,0.065294,0.057346,0.052996,0.049976,0.033871,0.024119,0.01746,-0.0057886,-0.017552,-0.0097556,-0.011687,-0.020717,-0.014982,-0.028261,-0.03309,-0.026741,-0.022101,-0.0081775,0.0040844,0.015468,0.013848,0.0060229,0.0057739,0.00036409,0.0028316,0.0028468,0.0041062,0.016856,0.0066462,-0.0051634,-0.011165,-0.0037744,0.006368,-0.0049686,-0.013399,-0.021216,-0.014859,-0.022422,-0.028245,-0.028835
-0.033862,-0.018408,0.012588,0.039401,0.059631,0.080331,0.077279,0.077397,0.091109,0.083391,0.075497,0.08245,0.072078,0.057592,0.048561,0.048642,0.039288,0.028861,0.0054638,-0.0061252,-0.0056487,-0.0070102,-0.014619,-0.018547,-0.029818,-0.021899,-0.0093549,-0.0072915,-0.012729,-0.00035992,0.0030099,0.0051938,0.0099171,0.001982,-0.00042696,0.0033569,0.0037991,0.0040087,0.0059634,0.0062918,0.004621,0.0076201,0.008733,-0.0023997,-0.010984,-0.017273,-0.03193,-0.028513,-0.024964,-0.031679,-0.032901
-0.023172,-0.0038086,0.022185,0.049498,0.070514,0.078473,0.081656,0.089458,0.10014,0.091915,0.08682,0.086529,0.07989,0.060671,0.050315,0.050463,0.040618,0.043871,0.027071,0.01016,0.010792,0.0027294,-0.0023699,-0.013199,-0.024758,-0.016393,-0.0023059,-0.0044443,-0.0090771,0.00027143,0.0079482,0.0012467,0.002156,0.00034216,-0.0023138,0.0034896,0.0038502,0.00050177,0.0010459,0.0070124,0.014306,0.020219,0.0091386,-0.0048871,-0.01048,-0.029321,-0.03333,-0.031476,-0.022693,-0.023418,-0.029705
0.0080115,0.020162,0.043008,0.066948,0.070102,0.073069,0.075749,0.092593,0.10559,0.10232,0.087541,0.081144,0.077269,0.076843,0.071524,0.049549,0.053771,0.052333,0.049251,0.027901,0.024246,0.019756,0.0089629,-0.0012535,-0.0070712,-0.011278,0.0021778,0.00034931,0.0065172,0.010521,0.016495,0.0058603,0.0029668,0.00071066,0.0065733,0.0057848,-0.0029291,-0.010568,0.0025728,0.011643,0.024241,0.018154,0.013319,0.0089431,-0.0093831,-0.017138,-0.032406,-0.025053,-0.024686,-0.023805,-0.021712
0.016499,0.032062,0.04998,0.061133,0.060685,0.060052,0.070288,0.080528,0.08964,0.085512,0.0696,0.059332,0.075019,0.075341,0.06845,0.058271,0.057799,0.055598,0.045451,0.018332,0.016789,0.010584,0.0083923,-0.0011399,0.0018525,-0.0052372,-0.0017246,-0.0043774,0.0081881,0.0033356,0.01018,0.0049755,0.0011808,-0.0068533,0.0024737,0.011979,-0.0057376,-0.022885,-0.01066,-0.0040723,0.0041432,0.010664,0.010912,0.0070794,-0.0043835,-0.017244,-0.021864,-0.034785,-0.038798,-0.028074,-0.03062
0.039407,0.047628,0.053893,0.060404,0.044987,0.043075,0.054817,0.069801,0.080723,0.070242,0.068721,0.060838,0.070388,0.070883,0.060236,0.054375,0.057207,0.049857,0.03642,0.021441,0.026953,0.019654,0.011567,-0.0051992,-0.0080355,-0.012439,-0.0066027,0.0014009,0.00070674,0.0034063,0.013821,0.011064,0.0084374,0.00034075,0.011157,0.0082849,-0.0036756,-0.017123,-0.025287,-0.015603,0.0023439,0.0034738,-0.0039102,-0.010664,-0.016946,-0.026839,-0.021205,-0.028317,-0.035923,-0.024947,-0.021681
0.040548,0.045188,0.048317,0.048374,0.046462,0.040942,0.043105,0.054785,0.065876,0.07085,0.061917,0.063431,0.071307,0.060329,0.049286,0.048666,0.045368,0.03697,0.038979,0.026833,0.017577,0.01858,0.0095776,-0.0085045,-0.022233,-0.015222,-0.0092533,-0.0076617,-0.0017009,0.0065741,0.011866,0.012053,0.013744,0.017442,0.021386,0.019351,0.0032425,-0.010929,-0.015066,-0.021715,-0.0086102,-0.0062122,-0.016856,-0.017317,-0.030113,-0.037441,-0.034794,-0.018769,-0.0099173,-0.0032784,-0.0147
0.043237,0.037144,0.036979,0.041481,0.047942,0.040895,0.040673,0.043678,0.059349,0.062571,0.056662,0.056675,0.058363,0.059036,0.054677,0.049235,0.039142,0.033507,0.028018,0.023991,0.014523,0.010556,-0.0021277,-0.016692,-0.03032,-0.02272,-0.0081293,-0.0063909,-0.0028673,0.0051354,0.010485,0.012829,0.016808,0.039409,0.036126,0.026851,0.0054302,-0.0015289,-0.0095569,-0.013286,-0.0076552,-0.013269,-0.017925,-0.016647,-0.028111,-0.042493,-0.035196,-0.011642,0.0048962,0.00035721,-0.0044586
0.047546,0.041448,0.034294,0.037156,0.030287,0.038141,0.034373,0.03319,0.038603,0.0421,0.049157,0.049982,0.053238,0.047699,0.045167,0.043945,0.039485,0.034303,0.021209,0.0091438,0.01527,0.004471,-0.015751,-0.033655,-0.044985,-0.041331,-0.030127,-0.011251,-0.0041577,0.011113,0.016404,0.022401,0.029258,0.025418,0.026312,0.023025,0.011026,0.0041597,-0.00071353,-0.0063977,-0.012084,-0.0085823,-0.0071054,-0.013965,-0.030378,-0.039018,-0.025092,-0.0063599,0.0059111,0.0074868,-0.0043702
0.050939,0.045507,0.039346,0.026774,0.015488,0.023619,0.025986,0.023452,0.027123,0.029353,0.029398,0.032641,0.033561,0.033508,0.041781,0.038161,0.032262,0.023408,0.0063913,-0.0014198,0.014816,-0.0014433,-0.026433,-0.050305,-0.061052,-0.063975,-0.049292,-0.030836,-0.0025616,0.0062527,0.017058,0.018966,0.021961,0.012909,0.014276,0.017904,0.012427,0.0060739,0.012819,0.0098052,-0.0035485,-0.0024494,-0.0015156,-0.013471,-0.026429,-0.020948,-0.0093656,0.0014573,0.0066432,0.0023912,-0.0060495
0.037016,0.025671,0.017457,0.010593,0.010089,0.011885,0.017612,0.014095,0.019137,0.01451,0.012931,0.013932,0.01417,0.022902,0.03482,0.01983,0.015401,0.0086623,-0.0010211,-0.013288,-0.0068798,-0.019143,-0.037044,-0.046335,-0.056983,-0.077158,-0.061394,-0.056141,-0.02598,-0.0064799,0.0045855,-0.0068583,-0.0024926,0.002651,0.0091097,0.012464,0.011654,0.011535,0.020084,0.0086456,0.0028282,-0.0082668,0.00094262,-0.0010806,-0.013711,-0.017271,-0.013889,0.0014322,0.0038035,-0.010888,-0.015085
0.028855,0.026289,0.017545,0.0081327,0.00067248,0.0063584,0.0025395,0.0086352,0.023783,0.020495,0.01242,0.014368,0.020822,0.015092,0.024843,0.014125,-0.0035835,-0.0065912,-0.0018763,-0.0072428,-0.0041576,-0.02369,-0.02926,-0.046492,-0.065097,-0.070614,-0.069086,-0.066047,-0.038612,-0.014515,-0.0076436,-0.019547,-0.0065346,0.003033,0.017112,0.013353,0.016119,0.010821,0.029899,0.025249,0.017104,0.011903,0.0080476,0.00073477,-0.00083849,-0.0025955,-0.0037752,0.012748,0.011388,-0.0021693,-0.018515
