0.02,0.02,0.037329,1,0,0
0.04,0.02,0.055753,1,0,0
0.06,0.02,0.057365,1,0,0
0.08,0.02,0.044241,1,0,0
0.1,0.02,0.03316,1,0,0
0.12,0.02,-0.011808,1,0,0
0.14,0.02,-0.010384,1,0,0
0.16,0.02,0.023873,1,0,0
0.18,0.02,0.045281,1,0,0
0.2,0.02,0.025213,1,0,0
0.22,0.02,0.064684,1,0,0
0.24,0.02,0.040334,1,0,0
0.26,0.02,0.049286,1,0,0
0.28,0.02,0.033808,1,0,0
0.3,0.02,0.033108,1,0,0
0.32,0.02,0.042098,1,0,0
0.34,0.02,0.022339,1,0,0
0.36,0.02,0.039412,1,0,0
0.38,0.02,0.041083,1,0,0
0.4,0.02,0.024458,1,0,0
0.42,0.02,0.050096,1,0,0
0.44,0.02,0.063137,1,0,0
0.46,0.02,0.032808,1,0,0
0.48,0.02,0.058262,1,0,0
0.5,0.02,0.067102,1,0,0
0.52,0.02,0.045231,1,0,0
0.54,0.02,-0.010807,1,0,0
0.56,0.02,-0.018403,1,0,0
0.58,0.02,0.011276,1,0,0
0.6,0.02,0.017119,1,0,0
0.62,0.02,0.036892,1,0,0
0.64,0.02,0.049331,1,0,0
0.66,0.02,0.058604,1,0,0
0.68,0.02,0.07039,1,0,0
0.7,0.02,0.092009,1,0,0
0.72,0.02,0.066274,1,0,0
0.74,0.02,0.03707,1,0,0
0.76,0.02,0.050434,1,0,0
0.78,0.02,0.044556,1,0,0
0.8,0.02,0.047965,1,0,0
0.82,0.02,0.032441,1,0,0
0.84,0.02,0.046326,1,0,0
0.86,0.02,0.013063,1,0,0
0.88,0.02,0.020341,1,0,0
0.9,0.02,0.040941,1,0,0
0.92,0.02,0.013836,1,0,0
0.94,0.02,0.031487,1,0,0
0.96,0.02,-0.0026911,1,0,0
0.98,0.02,-0.025082,1,0,0
0.02,0.04,0.046694,1,0,0
0.04,0.04,0.040344,1,0,0
0.06,0.04,0.051304,1,0,0
0.08,0.04,0.042157,1,0,0
0.1,0.04,0.0062586,1,0,0
0.12,0.04,0.0086598,1,0,0
0.14,0.04,0.035445,1,0,0
0.16,0.04,0.021673,1,0,0
0.18,0.04,0.044034,1,0,0
0.2,0.04,0.049517,1,0,0
0.22,0.04,0.023161,1,0,0
0.24,0.04,0.033516,1,0,0
0.26,0.04,0.045785,1,0,0
0.28,0.04,0.028032,1,0,0
0.3,0.04,0.026957,1,0,0
0.32,0.04,0.010373,1,0,0
0.34,0.04,0.047051,1,0,0
0.36,0.04,0.016555,1,0,0
0.38,0.04,0.012981,1,0,0
0.4,0.04,0.018472,1,0,0
0.42,0.04,-0.0041927,1,0,0
0.44,0.04,0.0023112,1,0,0
0.46,0.04,0.036734,1,0,0
0.48,0.04,0.054418,1,0,0
0.5,0.04,0.031381,1,0,0
0.52,0.04,0.031555,1,0,0
0.54,0.04,0.048759,1,0,0
0.56,0.04,0.0065536,1,0,0
0.58,0.04,0.0052902,1,0,0
0.6,0.04,0.045723,1,0,0
0.62,0.04,0.03297,1,0,0
0.64,0.04,0.055742,1,0,0
0.66,0.04,0.06567,1,0,0
0.68,0.04,0.064881,1,0,0
0.7,0.04,0.063003,1,0,0
0.72,0.04,0.030782,1,0,0
0.74,0.04,0.038455,1,0,0
0.76,0.04,0.062607,1,0,0
0.78,0.04,0.040409,1,0,0
0.8,0.04,5.6642e-05,1,0,0
0.82,0.04,0.05344,1,0,0
0.84,0.04,0.043186,1,0,0
0.86,0.04,0.03944,1,0,0
0.88,0.04,0.059949,1,0,0
0.9,0.04,0.03675,1,0,0
0.92,0.04,0.054234,1,0,0
0.94,0.04,0.052743,1,0,0
0.96,0.04,0.0048237,1,0,0
0.98,0.04,0.0060465,1,0,0
0.02,0.06,-0.018961,1,0,0
0.04,0.06,0.034502,1,0,0
0.06,0.06,0.04823,1,0,0
0.08,0.06,0.044706,1,0,0
0.1,0.06,0.046874,1,0,0
0.12,0.06,0.039229,1,0,0
0.14,0.06,0.024735,1,0,0
0.16,0.06,0.0036491,1,0,0
0.18,0.06,0.013418,1,0,0
0.2,0.06,0.034746,1,0,0
0.22,0.06,0.033625,1,0,0
0.24,0.06,0.026883,1,0,0
0.26,0.06,0.024976,1,0,0
0.28,0.06,0.010921,1,0,0
0.3,0.06,0.0067488,1,0,0
0.32,0.06,0.021009,1,0,0
0.34,0.06,0.0095341,1,0,0
0.36,0.06,-0.0054095,1,0,0
0.38,0.06,-0.00044259,1,0,0
0.4,0.06,-0.0087786,1,0,0
0.42,0.06,-0.002919,1,0,0
0.44,0.06,0.0021315,1,0,0
0.46,0.06,0.055787,1,0,0
0.48,0.06,0.034557,1,0,0
0.5,0.06,0.027909,1,0,0
0.52,0.06,0.011659,1,0,0
0.54,0.06,0.027678,1,0,0
0.56,0.06,-0.0029551,1,0,0
0.58,0.06,0.010271,1,0,0
0.6,0.06,-0.0018525,1,0,0
0.62,0.06,0.0082105,1,0,0
0.64,0.06,0.039946,1,0,0
0.66,0.06,0.048221,1,0,0
0.68,0.06,0.064673,1,0,0
0.7,0.06,0.051403,1,0,0
0.72,0.06,0.046295,1,0,0
0.74,0.06,0.044903,1,0,0
0.76,0.06,0.031001,1,0,0
0.78,0.06,0.013853,1,0,0
0.8,0.06,0.0043506,1,0,0
0.82,0.06,0.011318,1,0,0
0.84,0.06,0.035699,1,0,0
0.86,0.06,0.028594,1,0,0
0.88,0.06,0.036579,1,0,0
0.9,0.06,0.053517,1,0,0
0.92,0.06,0.0040268,1,0,0
0.94,0.06,0.05981,1,0,0
0.96,0.06,0.0016205,1,0,0
0.98,0.06,0.011952,1,0,0
0.02,0.08,0.025027,1,0,0
0.04,0.08,0.018422,1,0,0
0.06,0.08,-0.0072384,1,0,0
0.08,0.08,0.044253,1,0,0
0.1,0.08,0.038214,1,0,0
0.12,0.08,0.064834,1,0,0
0.14,0.08,0.020783,1,0,0
0.16,0.08,0.0029221,1,0,0
0.18,0.08,0.027024,1,0,0
0.2,0.08,0.038753,1,0,0
0.22,0.08,0.020105,1,0,0
0.24,0.08,0.047828,1,0,0
0.26,0.08,0.017347,1,0,0
0.28,0.08,0.013636,1,0,0
0.3,0.08,0.0051562,1,0,0
0.32,0.08,0.0066332,1,0,0
0.34,0.08,-0.015939,1,0,0
0.36,0.08,-0.011561,1,0,0
0.38,0.08,-0.0020163,1,0,0
0.4,0.08,0.0045337,1,0,0
0.42,0.08,0.020652,1,0,0
0.44,0.08,0.0010936,1,0,0
0.46,0.08,0.023026,1,0,0
0.48,0.08,-0.0055088,1,0,0
0.5,0.08,0.0090616,1,0,0
0.52,0.08,0.0065668,1,0,0
0.54,0.08,0.015999,1,0,0
0.56,0.08,0.0024528,1,0,0
0.58,0.08,0.023123,1,0,0
0.6,0.08,0.017279,1,0,0
0.62,0.08,0.015842,1,0,0
0.64,0.08,-0.0026587,1,0,0
0.66,0.08,0.043513,1,0,0
0.68,0.08,0.014674,1,0,0
0.7,0.08,0.043942,1,0,0
0.72,0.08,0.0087475,1,0,0
0.74,0.08,0.045131,1,0,0
0.76,0.08,0.047337,1,0,0
0.78,0.08,0.025572,1,0,0
0.8,0.08,0.027546,1,0,0
0.82,0.08,0.035634,1,0,0
0.84,0.08,0.024922,1,0,0
0.86,0.08,0.04806,1,0,0
0.88,0.08,0.041318,1,0,0
0.9,0.08,0.026041,1,0,0
0.92,0.08,0.021252,1,0,0
0.94,0.08,0.032206,1,0,0
0.96,0.08,0.010517,1,0,0
0.98,0.08,0.038151,1,0,0
0.02,0.1,0.03304,1,0,0
0.04,0.1,0.018786,1,0,0
0.06,0.1,0.026301,1,0,0
0.08,0.1,0.057776,1,0,0
0.1,0.1,0.046835,1,0,0
0.12,0.1,0.059235,1,0,0
0.14,0.1,0.0037518,1,0,0
0.16,0.1,0.040878,1,0,0
0.18,0.1,0.011555,1,0,0
0.2,0.1,0.028064,1,0,0
0.22,0.1,0.013374,1,0,0
0.24,0.1,0.02404,1,0,0
0.26,0.1,0.0084965,1,0,0
0.28,0.1,0.020361,1,0,0
0.3,0.1,0.035535,1,0,0
0.32,0.1,0.009346,1,0,0
0.34,0.1,0.015115,1,0,0
0.36,0.1,0.0030193,1,0,0
0.38,0.1,-0.027682,1,0,0
0.4,0.1,-0.0059518,1,0,0
0.42,0.1,0.012895,1,0,0
0.44,0.1,0.014203,1,0,0
0.46,0.1,0.01528,1,0,0
0.48,0.1,-0.00104,1,0,0
0.5,0.1,-0.0040198,1,0,0
0.52,0.1,-0.016688,1,0,0
0.54,0.1,0.011211,1,0,0
0.56,0.1,0.00096207,1,0,0
0.58,0.1,0.034867,1,0,0
0.6,0.1,-0.0022518,1,0,0
0.62,0.1,0.0088143,1,0,0
0.64,0.1,-0.012853,1,0,0
0.66,0.1,0.027369,1,0,0
0.68,0.1,0.033935,1,0,0
0.7,0.1,0.027403,1,0,0
0.72,0.1,0.028249,1,0,0
0.74,0.1,0.071599,1,0,0
0.76,0.1,0.036404,1,0,0
0.78,0.1,0.03709,1,0,0
0.8,0.1,0.03269,1,0,0
0.82,0.1,0.04728,1,0,0
0.84,0.1,0.079102,1,0,0
0.86,0.1,0.079889,1,0,0
0.88,0.1,0.071388,1,0,0
0.9,0.1,0.03845,1,0,0
0.92,0.1,0.030232,1,0,0
0.94,0.1,0.059518,1,0,0
0.96,0.1,0.046226,1,0,0
0.98,0.1,0.018047,1,0,0
0.02,0.12,0.026631,1,0,0
0.04,0.12,0.028314,1,0,0
0.06,0.12,0.042909,1,0,0
0.08,0.12,0.05631,1,0,0
0.1,0.12,0.042559,1,0,0
0.12,0.12,0.043098,1,0,0
0.14,0.12,0.03134,1,0,0
0.16,0.12,0.040521,1,0,0
0.18,0.12,0.035474,1,0,0
0.2,0.12,-0.0010794,1,0,0
0.22,0.12,-0.0053397,1,0,0
0.24,0.12,0.042915,1,0,0
0.26,0.12,0.015294,1,0,0
0.28,0.12,0.024609,1,0,0
0.3,0.12,0.072568,1,0,0
0.32,0.12,0.012233,1,0,0
0.34,0.12,0.025991,1,0,0
0.36,0.12,0.044853,1,0,0
0.38,0.12,0.0050487,1,0,0
0.4,0.12,-0.015196,1,0,0
0.42,0.12,-0.027159,1,0,0
0.44,0.12,-0.0061696,1,0,0
0.46,0.12,0.020353,1,0,0
0.48,0.12,0.006393,1,0,0
0.5,0.12,-0.010199,1,0,0
0.52,0.12,-0.020735,1,0,0
0.54,0.12,0.010591,1,0,0
0.56,0.12,0.014358,1,0,0
0.58,0.12,0.023605,1,0,0
0.6,0.12,0.0057024,1,0,0
0.62,0.12,0.00058582,1,0,0
0.64,0.12,0.021501,1,0,0
0.66,0.12,0.017081,1,0,0
0.68,0.12,0.019757,1,0,0
0.7,0.12,-0.0055276,1,0,0
0.72,0.12,0.013261,1,0,0
0.74,0.12,0.051541,1,0,0
0.76,0.12,0.078199,1,0,0
0.78,0.12,0.059149,1,0,0
0.8,0.12,0.030763,1,0,0
0.82,0.12,0.043449,1,0,0
0.84,0.12,0.069562,1,0,0
0.86,0.12,0.06943,1,0,0
0.88,0.12,0.07038,1,0,0
0.9,0.12,0.06359,1,0,0
0.92,0.12,0.052488,1,0,0
0.94,0.12,0.053467,1,0,0
0.96,0.12,0.039188,1,0,0
0.98,0.12,0.051201,1,0,0
0.02,0.14,0.063335,1,0,0
0.04,0.14,0.055119,1,0,0
0.06,0.14,0.091807,1,0,0
0.08,0.14,0.069754,1,0,0
0.1,0.14,0.056379,1,0,0
0.12,0.14,0.045014,1,0,0
0.14,0.14,0.024937,1,0,0
0.16,0.14,0.014443,1,0,0
0.18,0.14,0.044133,1,0,0
0.2,0.14,0.039912,1,0,0
0.22,0.14,0.035807,1,0,0
0.24,0.14,0.026072,1,0,0
0.26,0.14,0.0023153,1,0,0
0.28,0.14,0.026848,1,0,0
0.3,0.14,0.051678,1,0,0
0.32,0.14,0.045482,1,0,0
0.34,0.14,0.019308,1,0,0
0.36,0.14,0.0051238,1,0,0
0.38,0.14,-0.010239,1,0,0
0.4,0.14,0.0047706,1,0,0
0.42,0.14,0.013342,1,0,0
0.44,0.14,-0.0040595,1,0,0
0.46,0.14,0.015222,1,0,0
0.48,0.14,0.022132,1,0,0
0.5,0.14,-0.016367,1,0,0
0.52,0.14,-0.021349,1,0,0
0.54,0.14,-0.032135,1,0,0
0.56,0.14,0.008977,1,0,0
0.58,0.14,0.0080474,1,0,0
0.6,0.14,0.055524,1,0,0
0.62,0.14,0.049422,1,0,0
0.64,0.14,0.0261,1,0,0
0.66,0.14,-0.00018725,1,0,0
0.68,0.14,-0.0032515,1,0,0
0.7,0.14,0.014269,1,0,0
0.72,0.14,0.029586,1,0,0
0.74,0.14,0.056246,1,0,0
0.76,0.14,0.04394,1,0,0
0.78,0.14,0.073568,1,0,0
0.8,0.14,0.093813,1,0,0
0.82,0.14,0.091843,1,0,0
0.84,0.14,0.10214,1,0,0
0.86,0.14,0.093997,1,0,0
0.88,0.14,0.0503,1,0,0
0.9,0.14,0.070674,1,0,0
0.92,0.14,0.086805,1,0,0
0.94,0.14,0.058118,1,0,0
0.96,0.14,0.037154,1,0,0
0.98,0.14,0.038356,1,0,0
0.02,0.16,0.048826,1,0,0
0.04,0.16,0.056668,1,0,0
0.06,0.16,0.073081,1,0,0
0.08,0.16,0.029115,1,0,0
0.1,0.16,0.0356,1,0,0
0.12,0.16,0.032089,1,0,0
0.14,0.16,0.028037,1,0,0
0.16,0.16,0.042837,1,0,0
0.18,0.16,0.075168,1,0,0
0.2,0.16,0.037781,1,0,0
0.22,0.16,0.0088354,1,0,0
0.24,0.16,0.025613,1,0,0
0.26,0.16,0.03617,1,0,0
0.28,0.16,0.037718,1,0,0
0.3,0.16,0.037445,1,0,0
0.32,0.16,0.020296,1,0,0
0.34,0.16,-0.0080786,1,0,0
0.36,0.16,0.0042088,1,0,0
0.38,0.16,-0.026441,1,0,0
0.4,0.16,-0.0056638,1,0,0
0.42,0.16,-0.0055977,1,0,0
0.44,0.16,-0.0050313,1,0,0
0.46,0.16,-0.011299,1,0,0
0.48,0.16,0.0098897,1,0,0
0.5,0.16,0.010376,1,0,0
0.52,0.16,-0.0043696,1,0,0
0.54,0.16,-0.016847,1,0,0
0.56,0.16,-0.0020746,1,0,0
0.58,0.16,0.036771,1,0,0
0.6,0.16,0.043473,1,0,0
0.62,0.16,0.021444,1,0,0
0.64,0.16,0.029229,1,0,0
0.66,0.16,0.0097558,1,0,0
0.68,0.16,0.022414,1,0,0
0.7,0.16,0.029138,1,0,0
0.72,0.16,0.043296,1,0,0
0.74,0.16,0.032098,1,0,0
0.76,0.16,0.054437,1,0,0
0.78,0.16,0.05947,1,0,0
0.8,0.16,0.058901,1,0,0
0.82,0.16,0.03784,1,0,0
0.84,0.16,0.061964,1,0,0
0.86,0.16,0.094112,1,0,0
0.88,0.16,0.054306,1,0,0
0.9,0.16,0.079378,1,0,0
0.92,0.16,0.069364,1,0,0
0.94,0.16,0.065669,1,0,0
0.96,0.16,0.031092,1,0,0
0.98,0.16,0.04765,1,0,0
0.02,0.18,0.046451,1,0,0
0.04,0.18,0.066955,1,0,0
0.06,0.18,0.09844,1,0,0
0.08,0.18,0.090127,1,0,0
0.1,0.18,0.079849,1,0,0
0.12,0.18,0.071496,1,0,0
0.14,0.18,0.047785,1,0,0
0.16,0.18,0.077203,1,0,0
0.18,0.18,0.070056,1,0,0
0.2,0.18,0.069926,1,0,0
0.22,0.18,0.02328,1,0,0
0.24,0.18,0.04199,1,0,0
0.26,0.18,0.031467,1,0,0
0.28,0.18,0.023536,1,0,0
0.3,0.18,0.022122,1,0,0
0.32,0.18,0.0095258,1,0,0
0.34,0.18,0.018138,1,0,0
0.36,0.18,-0.0074545,1,0,0
0.38,0.18,-0.033223,1,0,0
0.4,0.18,0.023055,1,0,0
0.42,0.18,0.0089876,1,0,0
0.44,0.18,0.040792,1,0,0
0.46,0.18,0.04258,1,0,0
0.48,0.18,0.045186,1,0,0
0.5,0.18,0.021628,1,0,0
0.52,0.18,0.012686,1,0,0
0.54,0.18,0.030659,1,0,0
0.56,0.18,-0.013251,1,0,0
0.58,0.18,0.026262,1,0,0
0.6,0.18,0.045606,1,0,0
0.62,0.18,0.01856,1,0,0
0.64,0.18,0.021359,1,0,0
0.66,0.18,0.049979,1,0,0
0.68,0.18,0.068037,1,0,0
0.7,0.18,0.077755,1,0,0
0.72,0.18,0.091751,1,0,0
0.74,0.18,0.078702,1,0,0
0.76,0.18,0.057153,1,0,0
0.78,0.18,0.047176,1,0,0
0.8,0.18,0.044271,1,0,0
0.82,0.18,0.0891,1,0,0
0.84,0.18,0.078681,1,0,0
0.86,0.18,0.092288,1,0,0
0.88,0.18,0.074205,1,0,0
0.9,0.18,0.048129,1,0,0
0.92,0.18,0.033112,1,0,0
0.94,0.18,0.068801,1,0,0
0.96,0.18,0.043492,1,0,0
0.98,0.18,0.047251,1,0,0
0.02,0.2,0.066076,1,0,0
0.04,0.2,0.082797,1,0,0
0.06,0.2,0.092159,1,0,0
0.08,0.2,0.082409,1,0,0
0.1,0.2,0.057262,1,0,0
0.12,0.2,0.05477,1,0,0
0.14,0.2,0.054276,1,0,0
0.16,0.2,0.089142,1,0,0
0.18,0.2,0.034015,1,0,0
0.2,0.2,0.064148,1,0,0
0.22,0.2,0.042654,1,0,0
0.24,0.2,0.061887,1,0,0
0.26,0.2,0.016573,1,0,0
0.28,0.2,0.0096538,1,0,0
0.3,0.2,-0.02216,1,0,0
0.32,0.2,0.0074125,1,0,0
0.34,0.2,-0.0079022,1,0,0
0.36,0.2,0.0093069,1,0,0
0.38,0.2,0.015919,1,0,0
0.4,0.2,0.020239,1,0,0
0.42,0.2,0.013354,1,0,0
0.44,0.2,0.019038,1,0,0
0.46,0.2,0.033513,1,0,0
0.48,0.2,0.027439,1,0,0
0.5,0.2,-0.00051114,1,0,0
0.52,0.2,0.024426,1,0,0
0.54,0.2,0.02523,1,0,0
0.56,0.2,0.01927,1,0,0
0.58,0.2,0.045128,1,0,0
0.6,0.2,0.043411,1,0,0
0.62,0.2,0.048587,1,0,0
0.64,0.2,0.050126,1,0,0
0.66,0.2,0.074183,1,0,0
0.68,0.2,0.037004,1,0,0
0.7,0.2,0.084114,1,0,0
0.72,0.2,0.041647,1,0,0
0.74,0.2,0.079041,1,0,0
0.76,0.2,0.065415,1,0,0
0.78,0.2,0.086811,1,0,0
0.8,0.2,0.06217,1,0,0
0.82,0.2,0.094363,1,0,0
0.84,0.2,0.076163,1,0,0
0.86,0.2,0.077207,1,0,0
0.88,0.2,0.085905,1,0,0
0.9,0.2,0.058964,1,0,0
0.92,0.2,-0.0001309,1,0,0
0.94,0.2,0.01718,1,0,0
0.96,0.2,0.062582,1,0,0
0.98,0.2,0.064281,1,0,0
0.02,0.22,0.094255,1,0,0
0.04,0.22,0.09904,1,0,0
0.06,0.22,0.060391,1,0,0
0.08,0.22,0.093327,1,0,0
0.1,0.22,0.060885,1,0,0
0.12,0.22,0.044226,1,0,0
0.14,0.22,0.027476,1,0,0
0.16,0.22,0.043499,1,0,0
0.18,0.22,0.027144,1,0,0
0.2,0.22,0.051892,1,0,0
0.22,0.22,0.047521,1,0,0
0.24,0.22,0.033535,1,0,0
0.26,0.22,-0.0087556,1,0,0
0.28,0.22,0.00035858,1,0,0
0.3,0.22,0.016592,1,0,0
0.32,0.22,0.072425,1,0,0
0.34,0.22,0.032404,1,0,0
0.36,0.22,0.00099738,1,0,0
0.38,0.22,0.005474,1,0,0
0.4,0.22,0.013126,1,0,0
0.42,0.22,0.014773,1,0,0
0.44,0.22,0.029088,1,0,0
0.46,0.22,0.029902,1,0,0
0.48,0.22,0.011278,1,0,0
0.5,0.22,0.030763,1,0,0
0.52,0.22,0.050757,1,0,0
0.54,0.22,0.045509,1,0,0
0.56,0.22,0.01309,1,0,0
0.58,0.22,0.043436,1,0,0
0.6,0.22,0.069538,1,0,0
0.62,0.22,0.060121,1,0,0
0.64,0.22,0.041838,1,0,0
0.66,0.22,0.053283,1,0,0
0.68,0.22,0.045713,1,0,0
0.7,0.22,0.10693,1,0,0
0.72,0.22,0.06188,1,0,0
0.74,0.22,0.034443,1,0,0
0.76,0.22,0.073207,1,0,0
0.78,0.22,0.047812,1,0,0
0.8,0.22,0.051698,1,0,0
0.82,0.22,0.12417,1,0,0
0.84,0.22,0.079822,1,0,0
0.86,0.22,0.071799,1,0,0
0.88,0.22,0.070325,1,0,0
0.9,0.22,0.072446,1,0,0
0.92,0.22,-0.012129,1,0,0
0.94,0.22,0.00082035,1,0,0
0.96,0.22,-0.00037968,1,0,0
0.98,0.22,0.048494,1,0,0
0.02,0.24,0.049905,1,0,0
0.04,0.24,0.065319,1,0,0
0.06,0.24,0.061898,1,0,0
0.08,0.24,0.04755,1,0,0
0.1,0.24,0.02806,1,0,0
0.12,0.24,0.018327,1,0,0
0.14,0.24,0.021167,1,0,0
0.16,0.24,0.055245,1,0,0
0.18,0.24,-0.010927,1,0,0
0.2,0.24,0.020082,1,0,0
0.22,0.24,-0.01906,1,0,0
0.24,0.24,-0.052766,1,0,0
0.26,0.24,-0.011742,1,0,0
0.28,0.24,-0.026741,1,0,0
0.3,0.24,-0.024088,1,0,0
0.32,0.24,0.0093928,1,0,0
0.34,0.24,0.058976,1,0,0
0.36,0.24,0.011358,1,0,0
0.38,0.24,-0.019635,1,0,0
0.4,0.24,-0.00075659,1,0,0
0.42,0.24,-0.0019753,1,0,0
0.44,0.24,-0.0089444,1,0,0
0.46,0.24,-0.010984,1,0,0
0.48,0.24,0.010457,1,0,0
0.5,0.24,0.0088009,1,0,0
0.52,0.24,0.026161,1,0,0
0.54,0.24,0.021461,1,0,0
0.56,0.24,-0.0061446,1,0,0
0.58,0.24,0.031791,1,0,0
0.6,0.24,0.035442,1,0,0
0.62,0.24,0.014131,1,0,0
0.64,0.24,0.044979,1,0,0
0.66,0.24,0.025713,1,0,0
0.68,0.24,0.048954,1,0,0
0.7,0.24,0.053519,1,0,0
0.72,0.24,0.034837,1,0,0
0.74,0.24,0.027713,1,0,0
0.76,0.24,0.061953,1,0,0
0.78,0.24,0.089059,1,0,0
0.8,0.24,0.03811,1,0,0
0.82,0.24,0.06378,1,0,0
0.84,0.24,0.050958,1,0,0
0.86,0.24,0.069266,1,0,0
0.88,0.24,0.049451,1,0,0
0.9,0.24,0.023768,1,0,0
0.92,0.24,-0.038215,1,0,0
0.94,0.24,-0.013151,1,0,0
0.96,0.24,-0.01047,1,0,0
0.98,0.24,0.0031577,1,0,0
0.02,0.26,0.042049,1,0,0
0.04,0.26,0.076731,1,0,0
0.06,0.26,0.070362,1,0,0
0.08,0.26,0.046039,1,0,0
0.1,0.26,0.026992,1,0,0
0.12,0.26,0.014345,1,0,0
0.14,0.26,0.023266,1,0,0
0.16,0.26,0.014317,1,0,0
0.18,0.26,0.02482,1,0,0
0.2,0.26,0.020365,1,0,0
0.22,0.26,0.0035086,1,0,0
0.24,0.26,-0.0024674,1,0,0
0.26,0.26,-0.025257,1,0,0
0.28,0.26,-0.048435,1,0,0
0.3,0.26,-0.019228,1,0,0
0.32,0.26,0.010771,1,0,0
0.34,0.26,0.047331,1,0,0
0.36,0.26,0.041155,1,0,0
0.38,0.26,0.0028989,1,0,0
0.4,0.26,0.026004,1,0,0
0.42,0.26,0.023574,1,0,0
0.44,0.26,0.053668,1,0,0
0.46,0.26,0.03376,1,0,0
0.48,0.26,0.0061486,1,0,0
0.5,0.26,0.012865,1,0,0
0.52,0.26,0.010771,1,0,0
0.54,0.26,0.0085538,1,0,0
0.56,0.26,0.0066666,1,0,0
0.58,0.26,0.04931,1,0,0
0.6,0.26,0.048805,1,0,0
0.62,0.26,0.037463,1,0,0
0.64,0.26,0.063949,1,0,0
0.66,0.26,0.049631,1,0,0
0.68,0.26,0.015323,1,0,0
0.7,0.26,0.05943,1,0,0
0.72,0.26,0.061436,1,0,0
0.74,0.26,0.013724,1,0,0
0.76,0.26,0.085107,1,0,0
0.78,0.26,0.086249,1,0,0
0.8,0.26,0.065239,1,0,0
0.82,0.26,0.086489,1,0,0
0.84,0.26,0.073908,1,0,0
0.86,0.26,0.039246,1,0,0
0.88,0.26,0.014773,1,0,0
0.9,0.26,-0.030337,1,0,0
0.92,0.26,-0.02592,1,0,0
0.94,0.26,-0.020616,1,0,0
0.96,0.26,0.0042937,1,0,0
0.98,0.26,0.035111,1,0,0
0.02,0.28,0.020575,1,0,0
0.04,0.28,0.030957,1,0,0
0.06,0.28,0.037262,1,0,0
0.08,0.28,0.035987,1,0,0
0.1,0.28,0.01891,1,0,0
0.12,0.28,0.0086184,1,0,0
0.14,0.28,0.032332,1,0,0
0.16,0.28,0.02639,1,0,0
0.18,0.28,0.00058185,1,0,0
0.2,0.28,-0.0057629,1,0,0
0.22,0.28,0.015529,1,0,0
0.24,0.28,0.002194,1,0,0
0.26,0.28,-0.0081525,1,0,0
0.28,0.28,-0.0098486,1,0,0
0.3,0.28,-0.0020925,1,0,0
0.32,0.28,0.024356,1,0,0
0.34,0.28,0.0046467,1,0,0
0.36,0.28,0.015914,1,0,0
0.38,0.28,0.034439,1,0,0
0.4,0.28,0.029123,1,0,0
0.42,0.28,0.030357,1,0,0
0.44,0.28,0.0074035,1,0,0
0.46,0.28,0.040853,1,0,0
0.48,0.28,0.0051028,1,0,0
0.5,0.28,0.0208,1,0,0
0.52,0.28,0.043537,1,0,0
0.54,0.28,0.022621,1,0,0
0.56,0.28,0.011942,1,0,0
0.58,0.28,0.038305,1,0,0
0.6,0.28,0.059115,1,0,0
0.62,0.28,0.054911,1,0,0
0.64,0.28,0.038241,1,0,0
0.66,0.28,0.040396,1,0,0
0.68,0.28,0.037647,1,0,0
0.7,0.28,0.033377,1,0,0
0.72,0.28,0.060453,1,0,0
0.74,0.28,0.043729,1,0,0
0.76,0.28,0.054315,1,0,0
0.78,0.28,0.033557,1,0,0
0.8,0.28,0.090163,1,0,0
0.82,0.28,0.044408,1,0,0
0.84,0.28,0.04859,1,0,0
0.86,0.28,0.024782,1,0,0
0.88,0.28,0.041058,1,0,0
0.9,0.28,0.02975,1,0,0
0.92,0.28,-0.024801,1,0,0
0.94,0.28,-0.0067302,1,0,0
0.96,0.28,0.00090858,1,0,0
0.98,0.28,0.022738,1,0,0
0.02,0.3,0.031173,1,0,0
0.04,0.3,0.0096982,1,0,0
0.06,0.3,0.033403,1,0,0
0.08,0.3,0.040852,1,0,0
0.1,0.3,0.0094065,1,0,0
0.12,0.3,0.010635,1,0,0
0.14,0.3,-0.0093317,1,0,0
0.16,0.3,0.020199,1,0,0
0.18,0.3,0.0079849,1,0,0
0.2,0.3,0.013597,1,0,0
0.22,0.3,-0.012449,1,0,0
0.24,0.3,0.025422,1,0,0
0.26,0.3,-0.0057758,1,0,0
0.28,0.3,-0.0085415,1,0,0
0.3,0.3,0.038487,1,0,0
0.32,0.3,0.001921,1,0,0
0.34,0.3,-0.0024622,1,0,0
0.36,0.3,-0.0037989,1,0,0
0.38,0.3,0.010916,1,0,0
0.4,0.3,0.020812,1,0,0
0.42,0.3,0.038496,1,0,0
0.44,0.3,0.028817,1,0,0
0.46,0.3,0.031015,1,0,0
0.48,0.3,0.0037846,1,0,0
0.5,0.3,0.010832,1,0,0
0.52,0.3,0.022683,1,0,0
0.54,0.3,0.016511,1,0,0
0.56,0.3,0.0064111,1,0,0
0.58,0.3,0.044744,1,0,0
0.6,0.3,0.08083,1,0,0
0.62,0.3,0.048676,1,0,0
0.64,0.3,0.014819,1,0,0
0.66,0.3,0.036377,1,0,0
0.68,0.3,0.05897,1,0,0
0.7,0.3,0.078815,1,0,0
0.72,0.3,0.046004,1,0,0
0.74,0.3,0.039927,1,0,0
0.76,0.3,0.030666,1,0,0
0.78,0.3,0.012262,1,0,0
0.8,0.3,0.023233,1,0,0
0.82,0.3,0.059944,1,0,0
0.84,0.3,0.049903,1,0,0
0.86,0.3,0.036485,1,0,0
0.88,0.3,0.043759,1,0,0
0.9,0.3,0.021726,1,0,0
0.92,0.3,0.030662,1,0,0
0.94,0.3,-0.00032563,1,0,0
0.96,0.3,0.031785,1,0,0
0.98,0.3,0.041559,1,0,0
0.02,0.32,0.012479,1,0,0
0.04,0.32,0.012471,1,0,0
0.06,0.32,0.029923,1,0,0
0.08,0.32,-0.0073371,1,0,0
0.1,0.32,-0.0090846,1,0,0
0.12,0.32,-0.013935,1,0,0
0.14,0.32,-0.043969,1,0,0
0.16,0.32,0.011633,1,0,0
0.18,0.32,0.026283,1,0,0
0.2,0.32,0.015243,1,0,0
0.22,0.32,0.0098803,1,0,0
0.24,0.32,0.057657,1,0,0
0.26,0.32,0.040082,1,0,0
0.28,0.32,0.013849,1,0,0
0.3,0.32,0.014773,1,0,0
0.32,0.32,-0.026405,1,0,0
0.34,0.32,-0.02286,1,0,0
0.36,0.32,0.010041,1,0,0
0.38,0.32,-0.005013,1,0,0
0.4,0.32,0.044842,1,0,0
0.42,0.32,0.042346,1,0,0
0.44,0.32,0.032357,1,0,0
0.46,0.32,0.031248,1,0,0
0.48,0.32,0.018342,1,0,0
0.5,0.32,0.012996,1,0,0
0.52,0.32,-0.0019012,1,0,0
0.54,0.32,0.020274,1,0,0
0.56,0.32,0.0061968,1,0,0
0.58,0.32,0.056431,1,0,0
0.6,0.32,0.060701,1,0,0
0.62,0.32,0.088221,1,0,0
0.64,0.32,0.027722,1,0,0
0.66,0.32,0.052823,1,0,0
0.68,0.32,0.047176,1,0,0
0.7,0.32,0.0239,1,0,0
0.72,0.32,0.0052939,1,0,0
0.74,0.32,0.037794,1,0,0
0.76,0.32,0.013604,1,0,0
0.78,0.32,0.026261,1,0,0
0.8,0.32,0.017347,1,0,0
0.82,0.32,0.019231,1,0,0
0.84,0.32,0.036425,1,0,0
0.86,0.32,0.031287,1,0,0
0.88,0.32,0.019238,1,0,0
0.9,0.32,0.033792,1,0,0
0.92,0.32,0.029526,1,0,0
0.94,0.32,0.03346,1,0,0
0.96,0.32,0.035973,1,0,0
0.98,0.32,0.029966,1,0,0
0.02,0.34,-0.013299,1,0,0
0.04,0.34,0.029614,1,0,0
0.06,0.34,0.030302,1,0,0
0.08,0.34,0.013532,1,0,0
0.1,0.34,-0.042476,1,0,0
0.12,0.34,0.01185,1,0,0
0.14,0.34,-0.021252,1,0,0
0.16,0.34,-0.036879,1,0,0
0.18,0.34,0.018987,1,0,0
0.2,0.34,0.022678,1,0,0
0.22,0.34,0.019277,1,0,0
0.24,0.34,0.039831,1,0,0
0.26,0.34,0.027412,1,0,0
0.28,0.34,0.0038951,1,0,0
0.3,0.34,0.014664,1,0,0
0.32,0.34,-0.012913,1,0,0
0.34,0.34,0.003884,1,0,0
0.36,0.34,0.016738,1,0,0
0.38,0.34,-0.027454,1,0,0
0.4,0.34,-0.0074858,1,0,0
0.42,0.34,0.043071,1,0,0
0.44,0.34,0.017387,1,0,0
0.46,0.34,0.050343,1,0,0
0.48,0.34,0.045351,1,0,0
0.5,0.34,0.015804,1,0,0
0.52,0.34,-0.014434,1,0,0
0.54,0.34,-0.0042357,1,0,0
0.56,0.34,0.03353,1,0,0
0.58,0.34,0.020541,1,0,0
0.6,0.34,0.039376,1,0,0
0.62,0.34,0.061091,1,0,0
0.64,0.34,0.046274,1,0,0
0.66,0.34,0.063546,1,0,0
0.68,0.34,0.022713,1,0,0
0.7,0.34,0.025693,1,0,0
0.72,0.34,0.019658,1,0,0
0.74,0.34,0.032521,1,0,0
0.76,0.34,0.010612,1,0,0
0.78,0.34,0.013524,1,0,0
0.8,0.34,0.025359,1,0,0
0.82,0.34,0.017625,1,0,0
0.84,0.34,0.011405,1,0,0
0.86,0.34,0.083916,1,0,0
0.88,0.34,0.025165,1,0,0
0.9,0.34,0.049841,1,0,0
0.92,0.34,0.055865,1,0,0
0.94,0.34,0.092822,1,0,0
0.96,0.34,0.017133,1,0,0
0.98,0.34,0.042754,1,0,0
0.02,0.36,0.0063252,1,0,0
0.04,0.36,-0.0061288,1,0,0
0.06,0.36,-0.0073193,1,0,0
0.08,0.36,-0.053684,1,0,0
0.1,0.36,-0.013167,1,0,0
0.12,0.36,0.021685,1,0,0
0.14,0.36,-0.027554,1,0,0
0.16,0.36,-0.023361,1,0,0
0.18,0.36,0.025461,1,0,0
0.2,0.36,0.018567,1,0,0
0.22,0.36,0.012036,1,0,0
0.24,0.36,0.023044,1,0,0
0.26,0.36,0.0021287,1,0,0
0.28,0.36,-0.0077674,1,0,0
0.3,0.36,0.0099854,1,0,0
0.32,0.36,0.006776,1,0,0
0.34,0.36,-0.016647,1,0,0
0.36,0.36,-0.00057816,1,0,0
0.38,0.36,0.0027952,1,0,0
0.4,0.36,0.025499,1,0,0
0.42,0.36,0.031202,1,0,0
0.44,0.36,0.018637,1,0,0
0.46,0.36,0.031187,1,0,0
0.48,0.36,0.033191,1,0,0
0.5,0.36,0.033681,1,0,0
0.52,0.36,0.0028267,1,0,0
0.54,0.36,-0.0061235,1,0,0
0.56,0.36,0.011599,1,0,0
0.58,0.36,-0.0093171,1,0,0
0.6,0.36,0.017458,1,0,0
0.62,0.36,0.058117,1,0,0
0.64,0.36,0.045577,1,0,0
0.66,0.36,0.050203,1,0,0
0.68,0.36,0.021466,1,0,0
0.7,0.36,0.02661,1,0,0
0.72,0.36,0.00036241,1,0,0
0.74,0.36,0.03508,1,0,0
0.76,0.36,0.016137,1,0,0
0.78,0.36,0.036199,1,0,0
0.8,0.36,0.010752,1,0,0
0.82,0.36,0.003593,1,0,0
0.84,0.36,0.0010243,1,0,0
0.86,0.36,0.03811,1,0,0
0.88,0.36,0.017699,1,0,0
0.9,0.36,0.071342,1,0,0
0.92,0.36,0.060368,1,0,0
0.94,0.36,0.044569,1,0,0
0.96,0.36,0.019535,1,0,0
0.98,0.36,0.032056,1,0,0
0.02,0.38,0.064377,1,0,0
0.04,0.38,-0.013993,1,0,0
0.06,0.38,0.025348,1,0,0
0.08,0.38,0.011588,1,0,0
0.1,0.38,0.031296,1,0,0
0.12,0.38,-0.022967,1,0,0
0.14,0.38,-0.022103,1,0,0
0.16,0.38,-0.0042911,1,0,0
0.18,0.38,0.01186,1,0,0
0.2,0.38,0.02346,1,0,0
0.22,0.38,0.025247,1,0,0
0.24,0.38,0.024517,1,0,0
0.26,0.38,0.0020517,1,0,0
0.28,0.38,-0.01824,1,0,0
0.3,0.38,0.0082255,1,0,0
0.32,0.38,0.0042415,1,0,0
0.34,0.38,-0.010781,1,0,0
0.36,0.38,0.041285,1,0,0
0.38,0.38,0.011319,1,0,0
0.4,0.38,0.049394,1,0,0
0.42,0.38,0.043325,1,0,0
0.44,0.38,0.062754,1,0,0
0.46,0.38,0.06631,1,0,0
0.48,0.38,0.045532,1,0,0
0.5,0.38,0.0075266,1,0,0
0.52,0.38,-0.0087468,1,0,0
0.54,0.38,0.025378,1,0,0
0.56,0.38,-0.014681,1,0,0
0.58,0.38,0.041753,1,0,0
0.6,0.38,0.039442,1,0,0
0.62,0.38,0.020679,1,0,0
0.64,0.38,0.031712,1,0,0
0.66,0.38,0.060694,1,0,0
0.68,0.38,0.058491,1,0,0
0.7,0.38,0.022289,1,0,0
0.72,0.38,0.012614,1,0,0
0.74,0.38,0.043557,1,0,0
0.76,0.38,0.054753,1,0,0
0.78,0.38,0.039211,1,0,0
0.8,0.38,0.04608,1,0,0
0.82,0.38,0.040491,1,0,0
0.84,0.38,0.035384,1,0,0
0.86,0.38,0.055544,1,0,0
0.88,0.38,0.036513,1,0,0
0.9,0.38,0.018576,1,0,0
0.92,0.38,0.031776,1,0,0
0.94,0.38,0.058919,1,0,0
0.96,0.38,0.049027,1,0,0
0.98,0.38,0.053391,1,0,0
0.02,0.4,0.069786,1,0,0
0.04,0.4,0.0065065,1,0,0
0.06,0.4,-0.004016,1,0,0
0.08,0.4,0.016156,1,0,0
0.1,0.4,0.022556,1,0,0
0.12,0.4,-0.0074888,1,0,0
0.14,0.4,-0.061076,1,0,0
0.16,0.4,-0.038299,1,0,0
0.18,0.4,-0.052738,1,0,0
0.2,0.4,-0.054283,1,0,0
0.22,0.4,-0.0064322,1,0,0
0.24,0.4,0.02452,1,0,0
0.26,0.4,0.00051519,1,0,0
0.28,0.4,-0.019922,1,0,0
0.3,0.4,0.0039847,1,0,0
0.32,0.4,-0.013656,1,0,0
0.34,0.4,-0.0059311,1,0,0
0.36,0.4,0.0089812,1,0,0
0.38,0.4,0.025798,1,0,0
0.4,0.4,0.00064702,1,0,0
0.42,0.4,-0.007329,1,0,0
0.44,0.4,0.003196,1,0,0
0.46,0.4,0.0073594,1,0,0
0.48,0.4,-0.014666,1,0,0
0.5,0.4,0.0056345,1,0,0
0.52,0.4,0.017125,1,0,0
0.54,0.4,-0.0018878,1,0,0
0.56,0.4,0.005801,1,0,0
0.58,0.4,-0.0096361,1,0,0
0.6,0.4,0.01987,1,0,0
0.62,0.4,0.0047736,1,0,0
0.64,0.4,0.037313,1,0,0
0.66,0.4,0.057194,1,0,0
0.68,0.4,0.019487,1,0,0
0.7,0.4,0.0038305,1,0,0
0.72,0.4,-0.0094791,1,0,0
0.74,0.4,-0.00035227,1,0,0
0.76,0.4,0.038502,1,0,0
0.78,0.4,0.013754,1,0,0
0.8,0.4,0.002064,1,0,0
0.82,0.4,0.032997,1,0,0
0.84,0.4,0.048611,1,0,0
0.86,0.4,0.047713,1,0,0
0.88,0.4,0.039829,1,0,0
0.9,0.4,0.042157,1,0,0
0.92,0.4,0.029535,1,0,0
0.94,0.4,0.031133,1,0,0
0.96,0.4,0.017744,1,0,0
0.98,0.4,0.0014748,1,0,0
0.02,0.42,0.047202,1,0,0
0.04,0.42,0.02567,1,0,0
0.06,0.42,0.043204,1,0,0
0.08,0.42,0.03552,1,0,0
0.1,0.42,0.027601,1,0,0
0.12,0.42,-0.0012741,1,0,0
0.14,0.42,-0.0087407,1,0,0
0.16,0.42,-0.027083,1,0,0
0.18,0.42,-0.02944,1,0,0
0.2,0.42,0.0063905,1,0,0
0.22,0.42,0.0055402,1,0,0
0.24,0.42,-0.019423,1,0,0
0.26,0.42,0.0016247,1,0,0
0.28,0.42,-0.0072362,1,0,0
0.3,0.42,-0.022344,1,0,0
0.32,0.42,0.019643,1,0,0
0.34,0.42,0.023103,1,0,0
0.36,0.42,0.045339,1,0,0
0.38,0.42,0.034347,1,0,0
0.4,0.42,0.023179,1,0,0
0.42,0.42,0.011146,1,0,0
0.44,0.42,-0.017088,1,0,0
0.46,0.42,0.0083512,1,0,0
0.48,0.42,0.026675,1,0,0
0.5,0.42,0.0080547,1,0,0
0.52,0.42,0.020666,1,0,0
0.54,0.42,0.025632,1,0,0
0.56,0.42,0.036571,1,0,0
0.58,0.42,0.026811,1,0,0
0.6,0.42,0.021134,1,0,0
0.62,0.42,0.017991,1,0,0
0.64,0.42,0.036056,1,0,0
0.66,0.42,0.056914,1,0,0
0.68,0.42,0.012844,1,0,0
0.7,0.42,0.047767,1,0,0
0.72,0.42,0.0086436,1,0,0
0.74,0.42,0.022715,1,0,0
0.76,0.42,0.025653,1,0,0
0.78,0.42,0.012336,1,0,0
0.8,0.42,0.04215,1,0,0
0.82,0.42,0.043238,1,0,0
0.84,0.42,0.046117,1,0,0
0.86,0.42,0.041655,1,0,0
0.88,0.42,0.043761,1,0,0
0.9,0.42,0.011667,1,0,0
0.92,0.42,0.0045443,1,0,0
0.94,0.42,0.036087,1,0,0
0.96,0.42,0.015305,1,0,0
0.98,0.42,0.0026335,1,0,0
0.02,0.44,0.050098,1,0,0
0.04,0.44,0.064261,1,0,0
0.06,0.44,0.062963,1,0,0
0.08,0.44,0.044404,1,0,0
0.1,0.44,0.038853,1,0,0
0.12,0.44,0.020159,1,0,0
0.14,0.44,-0.0014872,1,0,0
0.16,0.44,-0.009996,1,0,0
0.18,0.44,-0.010503,1,0,0
0.2,0.44,0.024903,1,0,0
0.22,0.44,-0.0028328,1,0,0
0.24,0.44,-0.03139,1,0,0
0.26,0.44,-0.010538,1,0,0
0.28,0.44,-0.013399,1,0,0
0.3,0.44,-0.030359,1,0,0
0.32,0.44,-0.021333,1,0,0
0.34,0.44,0.0015938,1,0,0
0.36,0.44,0.0025484,1,0,0
0.38,0.44,0.022735,1,0,0
0.4,0.44,0.045998,1,0,0
0.42,0.44,-0.003049,1,0,0
0.44,0.44,-0.018347,1,0,0
0.46,0.44,-0.0091279,1,0,0
0.48,0.44,0.0094474,1,0,0
0.5,0.44,0.036198,1,0,0
0.52,0.44,0.016317,1,0,0
0.54,0.44,0.019127,1,0,0
0.56,0.44,-0.013608,1,0,0
0.58,0.44,0.014011,1,0,0
0.6,0.44,0.039796,1,0,0
0.62,0.44,0.028637,1,0,0
0.64,0.44,0.052803,1,0,0
0.66,0.44,0.055714,1,0,0
0.68,0.44,0.017024,1,0,0
0.7,0.44,0.044952,1,0,0
0.72,0.44,0.02421,1,0,0
0.74,0.44,0.0023941,1,0,0
0.76,0.44,0.031768,1,0,0
0.78,0.44,0.042943,1,0,0
0.8,0.44,0.038247,1,0,0
0.82,0.44,0.059997,1,0,0
0.84,0.44,0.023823,1,0,0
0.86,0.44,0.020955,1,0,0
0.88,0.44,0.0092774,1,0,0
0.9,0.44,0.0033692,1,0,0
0.92,0.44,-0.00012544,1,0,0
0.94,0.44,0.034405,1,0,0
0.96,0.44,-0.00644,1,0,0
0.98,0.44,0.033818,1,0,0
0.02,0.46,0.035292,1,0,0
0.04,0.46,0.086803,1,0,0
0.06,0.46,0.079087,1,0,0
0.08,0.46,0.08479,1,0,0
0.1,0.46,0.04254,1,0,0
0.12,0.46,0.018274,1,0,0
0.14,0.46,-0.027774,1,0,0
0.16,0.46,0.044932,1,0,0
0.18,0.46,0.023548,1,0,0
0.2,0.46,0.046448,1,0,0
0.22,0.46,0.00028704,1,0,0
0.24,0.46,-0.00042657,1,0,0
0.26,0.46,0.010374,1,0,0
0.28,0.46,-0.029957,1,0,0
0.3,0.46,-0.012089,1,0,0
0.32,0.46,0.0072391,1,0,0
0.34,0.46,0.013646,1,0,0
0.36,0.46,0.0040006,1,0,0
0.38,0.46,0.014652,1,0,0
0.4,0.46,-0.0040732,1,0,0
0.42,0.46,-0.0052769,1,0,0
0.44,0.46,-0.023757,1,0,0
0.46,0.46,0.031692,1,0,0
0.48,0.46,0.032973,1,0,0
0.5,0.46,0.033502,1,0,0
0.52,0.46,0.035769,1,0,0
0.54,0.46,0.020188,1,0,0
0.56,0.46,-0.0070386,1,0,0
0.58,0.46,0.037739,1,0,0
0.6,0.46,0.046832,1,0,0
0.62,0.46,0.021236,1,0,0
0.64,0.46,0.047669,1,0,0
0.66,0.46,0.036383,1,0,0
0.68,0.46,0.046095,1,0,0
0.7,0.46,0.062711,1,0,0
0.72,0.46,0.021126,1,0,0
0.74,0.46,0.007716,1,0,0
0.76,0.46,0.034511,1,0,0
0.78,0.46,0.049553,1,0,0
0.8,0.46,0.0058126,1,0,0
0.82,0.46,0.053862,1,0,0
0.84,0.46,0.026852,1,0,0
0.86,0.46,0.016161,1,0,0
0.88,0.46,-0.029067,1,0,0
0.9,0.46,0.031253,1,0,0
0.92,0.46,-0.0042579,1,0,0
0.94,0.46,0.032368,1,0,0
0.96,0.46,0.026093,1,0,0
0.98,0.46,0.027696,1,0,0
0.02,0.48,0.065914,1,0,0
0.04,0.48,0.063726,1,0,0
0.06,0.48,0.065375,1,0,0
0.08,0.48,0.078695,1,0,0
0.1,0.48,0.0099813,1,0,0
0.12,0.48,0.014382,1,0,0
0.14,0.48,0.028649,1,0,0
0.16,0.48,0.018738,1,0,0
0.18,0.48,0.01245,1,0,0
0.2,0.48,0.014447,1,0,0
0.22,0.48,0.014166,1,0,0
0.24,0.48,0.023423,1,0,0
0.26,0.48,-0.0054623,1,0,0
0.28,0.48,0.0022347,1,0,0
0.3,0.48,-0.031501,1,0,0
0.32,0.48,0.0064367,1,0,0
0.34,0.48,0.0062144,1,0,0
0.36,0.48,0.014167,1,0,0
0.38,0.48,-0.022579,1,0,0
0.4,0.48,-0.004684,1,0,0
0.42,0.48,-0.024779,1,0,0
0.44,0.48,-0.022878,1,0,0
0.46,0.48,0.019157,1,0,0
0.48,0.48,0.0024186,1,0,0
0.5,0.48,0.033687,1,0,0
0.52,0.48,0.032811,1,0,0
0.54,0.48,0.034356,1,0,0
0.56,0.48,-0.026065,1,0,0
0.58,0.48,-0.011503,1,0,0
0.6,0.48,0.023325,1,0,0
0.62,0.48,0.047703,1,0,0
0.64,0.48,0.0052167,1,0,0
0.66,0.48,0.061922,1,0,0
0.68,0.48,0.019497,1,0,0
0.7,0.48,0.020738,1,0,0
0.72,0.48,0.0059402,1,0,0
0.74,0.48,0.0093939,1,0,0
0.76,0.48,0.038136,1,0,0
0.78,0.48,-0.0071033,1,0,0
0.8,0.48,0.0083931,1,0,0
0.82,0.48,0.031791,1,0,0
0.84,0.48,0.0071624,1,0,0
0.86,0.48,0.0074853,1,0,0
0.88,0.48,0.023355,1,0,0
0.9,0.48,0.016684,1,0,0
0.92,0.48,-5.6975e-05,1,0,0
0.94,0.48,0.019099,1,0,0
0.96,0.48,-0.013998,1,0,0
0.98,0.48,-0.017751,1,0,0
0.02,0.5,0.054233,1,0,0
0.04,0.5,0.084591,1,0,0
0.06,0.5,0.088804,1,0,0
0.08,0.5,0.074749,1,0,0
0.1,0.5,0.061882,1,0,0
0.12,0.5,0.031854,1,0,0
0.14,0.5,-0.0027035,1,0,0
0.16,0.5,0.04236,1,0,0
0.18,0.5,0.0087773,1,0,0
0.2,0.5,0.02213,1,0,0
0.22,0.5,0.021329,1,0,0
0.24,0.5,0.047289,1,0,0
0.26,0.5,0.011936,1,0,0
0.28,0.5,0.0073478,1,0,0
0.3,0.5,0.045221,1,0,0
0.32,0.5,0.031071,1,0,0
0.34,0.5,0.010008,1,0,0
0.36,0.5,0.013421,1,0,0
0.38,0.5,-1.9748e-06,1,0,0
0.4,0.5,-0.01255,1,0,0
0.42,0.5,-0.0035604,1,0,0
0.44,0.5,-0.0042891,1,0,0
0.46,0.5,0.0087166,1,0,0
0.48,0.5,-0.0054236,1,0,0
0.5,0.5,0.0079231,1,0,0
0.52,0.5,0.015207,1,0,0
0.54,0.5,0.010468,1,0,0
0.56,0.5,0.0033072,1,0,0
0.58,0.5,0.032314,1,0,0
0.6,0.5,0.026684,1,0,0
0.62,0.5,0.027429,1,0,0
0.64,0.5,0.022389,1,0,0
0.66,0.5,0.018808,1,0,0
0.68,0.5,0.03098,1,0,0
0.7,0.5,0.029556,1,0,0
0.72,0.5,0.014993,1,0,0
0.74,0.5,0.015187,1,0,0
0.76,0.5,0.011291,1,0,0
0.78,0.5,0.01838,1,0,0
0.8,0.5,0.036011,1,0,0
0.82,0.5,0.032396,1,0,0
0.84,0.5,0.042123,1,0,0
0.86,0.5,0.016496,1,0,0
0.88,0.5,0.049803,1,0,0
0.9,0.5,0.034718,1,0,0
0.92,0.5,-0.0083189,1,0,0
0.94,0.5,-0.011094,1,0,0
0.96,0.5,0.032573,1,0,0
0.98,0.5,0.022087,1,0,0
0.02,0.52,0.057534,1,0,0
0.04,0.52,0.057905,1,0,0
0.06,0.52,0.076336,1,0,0
0.08,0.52,0.062239,1,0,0
0.1,0.52,0.040303,1,0,0
0.12,0.52,0.048697,1,0,0
0.14,0.52,0.017037,1,0,0
0.16,0.52,0.014687,1,0,0
0.18,0.52,-0.0096663,1,0,0
0.2,0.52,0.026069,1,0,0
0.22,0.52,0.02883,1,0,0
0.24,0.52,0.061712,1,0,0
0.26,0.52,0.049418,1,0,0
0.28,0.52,0.04507,1,0,0
0.3,0.52,0.076614,1,0,0
0.32,0.52,0.018533,1,0,0
0.34,0.52,0.044845,1,0,0
0.36,0.52,0.0094373,1,0,0
0.38,0.52,-0.039266,1,0,0
0.4,0.52,-0.008502,1,0,0
0.42,0.52,0.016955,1,0,0
0.44,0.52,0.0094222,1,0,0
0.46,0.52,-0.0039115,1,0,0
0.48,0.52,0.00061302,1,0,0
0.5,0.52,-0.0017047,1,0,0
0.52,0.52,0.013924,1,0,0
0.54,0.52,0.0081483,1,0,0
0.56,0.52,0.0062343,1,0,0
0.58,0.52,0.011863,1,0,0
0.6,0.52,0.023609,1,0,0
0.62,0.52,-0.0045859,1,0,0
0.64,0.52,0.015076,1,0,0
0.66,0.52,0.00014851,1,0,0
0.68,0.52,0.0040282,1,0,0
0.7,0.52,0.0083669,1,0,0
0.72,0.52,0.013183,1,0,0
0.74,0.52,-0.014774,1,0,0
0.76,0.52,-0.0028036,1,0,0
0.78,0.52,0.017414,1,0,0
0.8,0.52,0.015756,1,0,0
0.82,0.52,0.013384,1,0,0
0.84,0.52,0.032061,1,0,0
0.86,0.52,0.055621,1,0,0
0.88,0.52,0.052042,1,0,0
0.9,0.52,0.013393,1,0,0
0.92,0.52,0.0056128,1,0,0
0.94,0.52,-0.037222,1,0,0
0.96,0.52,-0.021287,1,0,0
0.98,0.52,-0.0074119,1,0,0
0.02,0.54,0.032754,1,0,0
0.04,0.54,0.028388,1,0,0
0.06,0.54,0.067586,1,0,0
0.08,0.54,0.049649,1,0,0
0.1,0.54,0.048572,1,0,0
0.12,0.54,0.047377,1,0,0
0.14,0.54,0.050612,1,0,0
0.16,0.54,0.03543,1,0,0
0.18,0.54,0.055312,1,0,0
0.2,0.54,0.025533,1,0,0
0.22,0.54,0.039725,1,0,0
0.24,0.54,0.067553,1,0,0
0.26,0.54,0.053567,1,0,0
0.28,0.54,0.043988,1,0,0
0.3,0.54,0.051636,1,0,0
0.32,0.54,0.075506,1,0,0
0.34,0.54,0.059064,1,0,0
0.36,0.54,0.041846,1,0,0
0.38,0.54,-0.038955,1,0,0
0.4,0.54,-0.0033021,1,0,0
0.42,0.54,-0.005305,1,0,0
0.44,0.54,0.010666,1,0,0
0.46,0.54,0.012568,1,0,0
0.48,0.54,-0.0099236,1,0,0
0.5,0.54,-0.011763,1,0,0
0.52,0.54,0.019431,1,0,0
0.54,0.54,0.0054468,1,0,0
0.56,0.54,0.0078427,1,0,0
0.58,0.54,0.02569,1,0,0
0.6,0.54,0.017544,1,0,0
0.62,0.54,0.015785,1,0,0
0.64,0.54,-0.020695,1,0,0
0.66,0.54,-0.0057206,1,0,0
0.68,0.54,0.0087216,1,0,0
0.7,0.54,0.0072625,1,0,0
0.72,0.54,0.016528,1,0,0
0.74,0.54,0.0076646,1,0,0
0.76,0.54,0.028538,1,0,0
0.78,0.54,0.021578,1,0,0
0.8,0.54,0.014327,1,0,0
0.82,0.54,-0.0010178,1,0,0
0.84,0.54,0.043251,1,0,0
0.86,0.54,0.055751,1,0,0
0.88,0.54,0.024936,1,0,0
0.9,0.54,0.045225,1,0,0
0.92,0.54,0.009366,1,0,0
0.94,0.54,-0.00017064,1,0,0
0.96,0.54,0.0099348,1,0,0
0.98,0.54,0.0031559,1,0,0
0.02,0.56,0.029993,1,0,0
0.04,0.56,0.058539,1,0,0
0.06,0.56,0.07567,1,0,0
0.08,0.56,0.074178,1,0,0
0.1,0.56,0.043568,1,0,0
0.12,0.56,0.072661,1,0,0
0.14,0.56,0.07297,1,0,0
0.16,0.56,0.064435,1,0,0
0.18,0.56,0.057793,1,0,0
0.2,0.56,0.051951,1,0,0
0.22,0.56,0.051175,1,0,0
0.24,0.56,0.1063,1,0,0
0.26,0.56,0.084308,1,0,0
0.28,0.56,0.067746,1,0,0
0.3,0.56,0.085229,1,0,0
0.32,0.56,0.078893,1,0,0
0.34,0.56,0.066465,1,0,0
0.36,0.56,0.029298,1,0,0
0.38,0.56,-0.010019,1,0,0
0.4,0.56,-0.011972,1,0,0
0.42,0.56,0.0031755,1,0,0
0.44,0.56,0.02025,1,0,0
0.46,0.56,0.033959,1,0,0
0.48,0.56,0.010248,1,0,0
0.5,0.56,0.0043076,1,0,0
0.52,0.56,0.03573,1,0,0
0.54,0.56,0.0089792,1,0,0
0.56,0.56,0.016011,1,0,0
0.58,0.56,0.015593,1,0,0
0.6,0.56,0.039343,1,0,0
0.62,0.56,0.027621,1,0,0
0.64,0.56,0.029006,1,0,0
0.66,0.56,0.0079412,1,0,0
0.68,0.56,-0.0049584,1,0,0
0.7,0.56,-0.0007107,1,0,0
0.72,0.56,0.0026359,1,0,0
0.74,0.56,0.016365,1,0,0
0.76,0.56,0.026169,1,0,0
0.78,0.56,0.035755,1,0,0
0.8,0.56,-0.0022564,1,0,0
0.82,0.56,0.017052,1,0,0
0.84,0.56,0.012696,1,0,0
0.86,0.56,0.049951,1,0,0
0.88,0.56,0.01951,1,0,0
0.9,0.56,0.03777,1,0,0
0.92,0.56,0.012953,1,0,0
0.94,0.56,0.016551,1,0,0
0.96,0.56,-0.0084376,1,0,0
0.98,0.56,0.027032,1,0,0
0.02,0.58,0.027992,1,0,0
0.04,0.58,0.061967,1,0,0
0.06,0.58,0.086672,1,0,0
0.08,0.58,0.07291,1,0,0
0.1,0.58,0.066497,1,0,0
0.12,0.58,0.058168,1,0,0
0.14,0.58,0.05879,1,0,0
0.16,0.58,0.092974,1,0,0
0.18,0.58,0.076151,1,0,0
0.2,0.58,0.093575,1,0,0
0.22,0.58,0.072787,1,0,0
0.24,0.58,0.090141,1,0,0
0.26,0.58,0.072996,1,0,0
0.28,0.58,0.1115,1,0,0
0.3,0.58,0.10977,1,0,0
0.32,0.58,0.094477,1,0,0
0.34,0.58,0.064651,1,0,0
0.36,0.58,0.034442,1,0,0
0.38,0.58,-0.0079843,1,0,0
0.4,0.58,0.014729,1,0,0
0.42,0.58,-0.018284,1,0,0
0.44,0.58,0.00038011,1,0,0
0.46,0.58,0.016141,1,0,0
0.48,0.58,0.021434,1,0,0
0.5,0.58,0.015809,1,0,0
0.52,0.58,0.016456,1,0,0
0.54,0.58,0.041628,1,0,0
0.56,0.58,0.037082,1,0,0
0.58,0.58,0.088781,1,0,0
0.6,0.58,0.07662,1,0,0
0.62,0.58,0.061296,1,0,0
0.64,0.58,0.016208,1,0,0
0.66,0.58,0.0013877,1,0,0
0.68,0.58,-0.0087326,1,0,0
0.7,0.58,0.0067554,1,0,0
0.72,0.58,-0.00065813,1,0,0
0.74,0.58,0.01354,1,0,0
0.76,0.58,-0.011037,1,0,0
0.78,0.58,0.024361,1,0,0
0.8,0.58,0.016816,1,0,0
0.82,0.58,0.037813,1,0,0
0.84,0.58,0.010327,1,0,0
0.86,0.58,0.027552,1,0,0
0.88,0.58,0.030598,1,0,0
0.9,0.58,0.038203,1,0,0
0.92,0.58,0.0062663,1,0,0
0.94,0.58,0.031573,1,0,0
0.96,0.58,0.027538,1,0,0
0.98,0.58,0.029084,1,0,0
0.02,0.6,0.031224,1,0,0
0.04,0.6,0.039985,1,0,0
0.06,0.6,0.038749,1,0,0
0.08,0.6,0.055782,1,0,0
0.1,0.6,0.05697,1,0,0
0.12,0.6,0.046317,1,0,0
0.14,0.6,0.044418,1,0,0
0.16,0.6,0.079138,1,0,0
0.18,0.6,0.063167,1,0,0
0.2,0.6,0.066892,1,0,0
0.22,0.6,0.054651,1,0,0
0.24,0.6,0.091556,1,0,0
0.26,0.6,0.087378,1,0,0
0.28,0.6,0.097697,1,0,0
0.3,0.6,0.090141,1,0,0
0.32,0.6,0.090498,1,0,0
0.34,0.6,0.021452,1,0,0
0.36,0.6,0.021047,1,0,0
0.38,0.6,-0.036183,1,0,0
0.4,0.6,-0.022171,1,0,0
0.42,0.6,-0.031372,1,0,0
0.44,0.6,-0.031118,1,0,0
0.46,0.6,-0.022493,1,0,0
0.48,0.6,0.005937,1,0,0
0.5,0.6,0.0096627,1,0,0
0.52,0.6,0.025678,1,0,0
0.54,0.6,0.042952,1,0,0
0.56,0.6,0.01936,1,0,0
0.58,0.6,0.08913,1,0,0
0.6,0.6,0.059356,1,0,0
0.62,0.6,0.056926,1,0,0
0.64,0.6,0.0085886,1,0,0
0.66,0.6,0.0093044,1,0,0
0.68,0.6,-0.020076,1,0,0
0.7,0.6,0.022385,1,0,0
0.72,0.6,-0.025113,1,0,0
0.74,0.6,-0.015577,1,0,0
0.76,0.6,-0.018889,1,0,0
0.78,0.6,-0.04155,1,0,0
0.8,0.6,-0.030002,1,0,0
0.82,0.6,0.023353,1,0,0
0.84,0.6,0.005725,1,0,0
0.86,0.6,0.020701,1,0,0
0.88,0.6,0.043528,1,0,0
0.9,0.6,0.045872,1,0,0
0.92,0.6,-0.006868,1,0,0
0.94,0.6,0.023011,1,0,0
0.96,0.6,0.014752,1,0,0
0.98,0.6,-0.029932,1,0,0
0.02,0.62,0.020604,1,0,0
0.04,0.62,0.028954,1,0,0
0.06,0.62,0.057387,1,0,0
0.08,0.62,0.098074,1,0,0
0.1,0.62,0.055188,1,0,0
0.12,0.62,0.074038,1,0,0
0.14,0.62,0.05572,1,0,0
0.16,0.62,0.089836,1,0,0
0.18,0.62,0.074765,1,0,0
0.2,0.62,0.091142,1,0,0
0.22,0.62,0.070937,1,0,0
0.24,0.62,0.086027,1,0,0
0.26,0.62,0.10256,1,0,0
0.28,0.62,0.099363,1,0,0
0.3,0.62,0.067357,1,0,0
0.32,0.62,0.045883,1,0,0
0.34,0.62,0.063755,1,0,0
0.36,0.62,0.0032404,1,0,0
0.38,0.62,0.0035693,1,0,0
0.4,0.62,-0.0019314,1,0,0
0.42,0.62,0.0036551,1,0,0
0.44,0.62,0.0099537,1,0,0
0.46,0.62,0.025146,1,0,0
0.48,0.62,0.027308,1,0,0
0.5,0.62,0.039588,1,0,0
0.52,0.62,0.042676,1,0,0
0.54,0.62,0.042282,1,0,0
0.56,0.62,0.06799,1,0,0
0.58,0.62,0.043954,1,0,0
0.6,0.62,0.0708,1,0,0
0.62,0.62,0.033775,1,0,0
0.64,0.62,0.0089399,1,0,0
0.66,0.62,0.014934,1,0,0
0.68,0.62,0.015893,1,0,0
0.7,0.62,0.028476,1,0,0
0.72,0.62,0.0092084,1,0,0
0.74,0.62,0.0087446,1,0,0
0.76,0.62,0.0044394,1,0,0
0.78,0.62,-0.019306,1,0,0
0.8,0.62,-0.045777,1,0,0
0.82,0.62,0.014076,1,0,0
0.84,0.62,0.0066536,1,0,0
0.86,0.62,0.030994,1,0,0
0.88,0.62,0.012195,1,0,0
0.9,0.62,0.0051661,1,0,0
0.92,0.62,-0.0012088,1,0,0
0.94,0.62,0.03241,1,0,0
0.96,0.62,-0.0063535,1,0,0
0.98,0.62,-0.024824,1,0,0
0.02,0.64,0.029351,1,0,0
0.04,0.64,0.04641,1,0,0
0.06,0.64,0.06186,1,0,0
0.08,0.64,0.034208,1,0,0
0.1,0.64,0.070352,1,0,0
0.12,0.64,0.031679,1,0,0
0.14,0.64,0.041835,1,0,0
0.16,0.64,0.056995,1,0,0
0.18,0.64,0.075424,1,0,0
0.2,0.64,0.08154,1,0,0
0.22,0.64,0.069636,1,0,0
0.24,0.64,0.081329,1,0,0
0.26,0.64,0.093473,1,0,0
0.28,0.64,0.050079,1,0,0
0.3,0.64,0.061852,1,0,0
0.32,0.64,0.042836,1,0,0
0.34,0.64,-0.0071219,1,0,0
0.36,0.64,-0.0056425,1,0,0
0.38,0.64,0.0077743,1,0,0
0.4,0.64,0.0072005,1,0,0
0.42,0.64,-0.0011867,1,0,0
0.44,0.64,0.014236,1,0,0
0.46,0.64,0.024541,1,0,0
0.48,0.64,0.048483,1,0,0
0.5,0.64,0.028096,1,0,0
0.52,0.64,0.024255,1,0,0
0.54,0.64,0.051831,1,0,0
0.56,0.64,0.031385,1,0,0
0.58,0.64,0.050814,1,0,0
0.6,0.64,0.032489,1,0,0
0.62,0.64,0.016986,1,0,0
0.64,0.64,0.050315,1,0,0
0.66,0.64,0.018784,1,0,0
0.68,0.64,0.02167,1,0,0
0.7,0.64,0.03729,1,0,0
0.72,0.64,0.0095391,1,0,0
0.74,0.64,-0.0047376,1,0,0
0.76,0.64,0.0035487,1,0,0
0.78,0.64,-0.018204,1,0,0
0.8,0.64,-0.034181,1,0,0
0.82,0.64,-0.0049122,1,0,0
0.84,0.64,0.031672,1,0,0
0.86,0.64,0.016271,1,0,0
0.88,0.64,0.028167,1,0,0
0.9,0.64,0.0087882,1,0,0
0.92,0.64,0.0063116,1,0,0
0.94,0.64,0.0041225,1,0,0
0.96,0.64,-0.018684,1,0,0
0.98,0.64,0.01615,1,0,0
0.02,0.66,0.034726,1,0,0
0.04,0.66,0.036785,1,0,0
0.06,0.66,0.048723,1,0,0
0.08,0.66,0.032222,1,0,0
0.1,0.66,0.048314,1,0,0
0.12,0.66,0.051728,1,0,0
0.14,0.66,0.04648,1,0,0
0.16,0.66,0.044348,1,0,0
0.18,0.66,0.082691,1,0,0
0.2,0.66,0.085873,1,0,0
0.22,0.66,0.076197,1,0,0
0.24,0.66,0.03188,1,0,0
0.26,0.66,0.032179,1,0,0
0.28,0.66,0.044806,1,0,0
0.3,0.66,0.068355,1,0,0
0.32,0.66,0.051098,1,0,0
0.34,0.66,0.042474,1,0,0
0.36,0.66,0.014927,1,0,0
0.38,0.66,0.0049972,1,0,0
0.4,0.66,0.006921,1,0,0
0.42,0.66,0.0036537,1,0,0
0.44,0.66,0.020807,1,0,0
0.46,0.66,0.038953,1,0,0
0.48,0.66,0.063267,1,0,0
0.5,0.66,0.054434,1,0,0
0.52,0.66,0.032922,1,0,0
0.54,0.66,0.058935,1,0,0
0.56,0.66,0.048303,1,0,0
0.58,0.66,0.042963,1,0,0
0.6,0.66,0.041716,1,0,0
0.62,0.66,0.0021606,1,0,0
0.64,0.66,0.017636,1,0,0
0.66,0.66,0.035761,1,0,0
0.68,0.66,0.027023,1,0,0
0.7,0.66,0.027434,1,0,0
0.72,0.66,0.030723,1,0,0
0.74,0.66,-0.0013335,1,0,0
0.76,0.66,-0.0032967,1,0,0
0.78,0.66,-0.015887,1,0,0
0.8,0.66,-0.0028356,1,0,0
0.82,0.66,0.0024081,1,0,0
0.84,0.66,0.020797,1,0,0
0.86,0.66,0.045377,1,0,0
0.88,0.66,0.045899,1,0,0
0.9,0.66,0.0091057,1,0,0
0.92,0.66,0.008258,1,0,0
0.94,0.66,-0.001333,1,0,0
0.96,0.66,-0.030314,1,0,0
0.98,0.66,-0.021874,1,0,0
0.02,0.68,0.070174,1,0,0
0.04,0.68,0.06841,1,0,0
0.06,0.68,0.039223,1,0,0
0.08,0.68,0.060171,1,0,0
0.1,0.68,0.042244,1,0,0
0.12,0.68,0.048503,1,0,0
0.14,0.68,0.0068369,1,0,0
0.16,0.68,0.032528,1,0,0
0.18,0.68,0.056719,1,0,0
0.2,0.68,0.065348,1,0,0
0.22,0.68,0.05767,1,0,0
0.24,0.68,0.054116,1,0,0
0.26,0.68,0.052975,1,0,0
0.28,0.68,0.030361,1,0,0
0.3,0.68,0.062087,1,0,0
0.32,0.68,0.057446,1,0,0
0.34,0.68,0.039389,1,0,0
0.36,0.68,0.029923,1,0,0
0.38,0.68,0.010705,1,0,0
0.4,0.68,-0.018122,1,0,0
0.42,0.68,0.045218,1,0,0
0.44,0.68,0.024477,1,0,0
0.46,0.68,0.06039,1,0,0
0.48,0.68,0.07289,1,0,0
0.5,0.68,0.068824,1,0,0
0.52,0.68,0.053113,1,0,0
0.54,0.68,0.047461,1,0,0
0.56,0.68,0.016512,1,0,0
0.58,0.68,0.022755,1,0,0
0.6,0.68,0.028117,1,0,0
0.62,0.68,0.021155,1,0,0
0.64,0.68,0.037336,1,0,0
0.66,0.68,0.05488,1,0,0
0.68,0.68,0.049156,1,0,0
0.7,0.68,0.020331,1,0,0
0.72,0.68,0.0159,1,0,0
0.74,0.68,0.017143,1,0,0
0.76,0.68,0.013068,1,0,0
0.78,0.68,-0.020141,1,0,0
0.8,0.68,-0.0062795,1,0,0
0.82,0.68,-0.010907,1,0,0
0.84,0.68,0.018624,1,0,0
0.86,0.68,0.05962,1,0,0
0.88,0.68,0.044893,1,0,0
0.9,0.68,0.046715,1,0,0
0.92,0.68,0.023734,1,0,0
0.94,0.68,0.030326,1,0,0
0.96,0.68,-0.030281,1,0,0
0.98,0.68,-0.028907,1,0,0
0.02,0.7,0.073791,1,0,0
0.04,0.7,0.057145,1,0,0
0.06,0.7,0.054332,1,0,0
0.08,0.7,0.040734,1,0,0
0.1,0.7,0.023967,1,0,0
0.12,0.7,0.016287,1,0,0
0.14,0.7,0.0045229,1,0,0
0.16,0.7,0.032591,1,0,0
0.18,0.7,0.056861,1,0,0
0.2,0.7,0.045948,1,0,0
0.22,0.7,0.051134,1,0,0
0.24,0.7,0.091587,1,0,0
0.26,0.7,0.022391,1,0,0
0.28,0.7,0.03425,1,0,0
0.3,0.7,0.047964,1,0,0
0.32,0.7,0.029344,1,0,0
0.34,0.7,0.022443,1,0,0
0.36,0.7,0.044027,1,0,0
0.38,0.7,0.015385,1,0,0
0.4,0.7,-0.00023022,1,0,0
0.42,0.7,0.012286,1,0,0
0.44,0.7,0.059979,1,0,0
0.46,0.7,0.064635,1,0,0
0.48,0.7,0.035342,1,0,0
0.5,0.7,0.074507,1,0,0
0.52,0.7,0.026613,1,0,0
0.54,0.7,0.054742,1,0,0
0.56,0.7,0.02691,1,0,0
0.58,0.7,0.043921,1,0,0
0.6,0.7,0.027023,1,0,0
0.62,0.7,0.04606,1,0,0
0.64,0.7,0.021226,1,0,0
0.66,0.7,0.073716,1,0,0
0.68,0.7,0.037443,1,0,0
0.7,0.7,0.012586,1,0,0
0.72,0.7,-0.0020772,1,0,0
0.74,0.7,0.028249,1,0,0
0.76,0.7,0.025811,1,0,0
0.78,0.7,0.0052194,1,0,0
0.8,0.7,-0.012434,1,0,0
0.82,0.7,0.0090417,1,0,0
0.84,0.7,0.049009,1,0,0
0.86,0.7,0.048795,1,0,0
0.88,0.7,0.058517,1,0,0
0.9,0.7,0.033211,1,0,0
0.92,0.7,0.035586,1,0,0
0.94,0.7,0.035251,1,0,0
0.96,0.7,0.015561,1,0,0
0.98,0.7,0.027686,1,0,0
0.02,0.72,0.026957,1,0,0
0.04,0.72,0.024114,1,0,0
0.06,0.72,0.049124,1,0,0
0.08,0.72,0.057973,1,0,0
0.1,0.72,0.037846,1,0,0
0.12,0.72,0.057892,1,0,0
0.14,0.72,0.040579,1,0,0
0.16,0.72,0.061661,1,0,0
0.18,0.72,0.043312,1,0,0
0.2,0.72,0.078689,1,0,0
0.22,0.72,0.050934,1,0,0
0.24,0.72,0.063684,1,0,0
0.26,0.72,0.040888,1,0,0
0.28,0.72,0.055017,1,0,0
0.3,0.72,0.079682,1,0,0
0.32,0.72,0.038102,1,0,0
0.34,0.72,0.036608,1,0,0
0.36,0.72,0.036716,1,0,0
0.38,0.72,0.039892,1,0,0
0.4,0.72,0.043207,1,0,0
0.42,0.72,0.057789,1,0,0
0.44,0.72,0.027176,1,0,0
0.46,0.72,0.084615,1,0,0
0.48,0.72,0.10062,1,0,0
0.5,0.72,0.059532,1,0,0
0.52,0.72,0.064001,1,0,0
0.54,0.72,0.088076,1,0,0
0.56,0.72,0.04889,1,0,0
0.58,0.72,0.0536,1,0,0
0.6,0.72,0.058769,1,0,0
0.62,0.72,0.047126,1,0,0
0.64,0.72,0.020763,1,0,0
0.66,0.72,0.048907,1,0,0
0.68,0.72,0.06203,1,0,0
0.7,0.72,0.063272,1,0,0
0.72,0.72,0.012141,1,0,0
0.74,0.72,0.068114,1,0,0
0.76,0.72,-0.0047456,1,0,0
0.78,0.72,0.0071351,1,0,0
0.8,0.72,0.0090808,1,0,0
0.82,0.72,0.036691,1,0,0
0.84,0.72,0.044308,1,0,0
0.86,0.72,0.049541,1,0,0
0.88,0.72,0.065994,1,0,0
0.9,0.72,0.066909,1,0,0
0.92,0.72,0.042659,1,0,0
0.94,0.72,0.033223,1,0,0
0.96,0.72,0.033377,1,0,0
0.98,0.72,0.040082,1,0,0
0.02,0.74,-0.0074303,1,0,0
0.04,0.74,0.038002,1,0,0
0.06,0.74,0.032088,1,0,0
0.08,0.74,0.048567,1,0,0
0.1,0.74,0.035813,1,0,0
0.12,0.74,0.084382,1,0,0
0.14,0.74,0.039409,1,0,0
0.16,0.74,0.023685,1,0,0
0.18,0.74,0.06249,1,0,0
0.2,0.74,0.035923,1,0,0
0.22,0.74,0.044949,1,0,0
0.24,0.74,0.055676,1,0,0
0.26,0.74,0.048427,1,0,0
0.28,0.74,0.039766,1,0,0
0.3,0.74,0.056246,1,0,0
0.32,0.74,0.029327,1,0,0
0.34,0.74,0.032697,1,0,0
0.36,0.74,0.029478,1,0,0
0.38,0.74,0.027586,1,0,0
0.4,0.74,0.052189,1,0,0
0.42,0.74,0.063451,1,0,0
0.44,0.74,0.045318,1,0,0
0.46,0.74,0.065654,1,0,0
0.48,0.74,0.071568,1,0,0
0.5,0.74,0.07238,1,0,0
0.52,0.74,0.070819,1,0,0
0.54,0.74,0.054247,1,0,0
0.56,0.74,0.05211,1,0,0
0.58,0.74,0.057071,1,0,0
0.6,0.74,0.060979,1,0,0
0.62,0.74,0.058916,1,0,0
0.64,0.74,0.031976,1,0,0
0.66,0.74,0.03084,1,0,0
0.68,0.74,0.041284,1,0,0
0.7,0.74,0.071352,1,0,0
0.72,0.74,0.052052,1,0,0
0.74,0.74,0.033061,1,0,0
0.76,0.74,0.02632,1,0,0
0.78,0.74,0.022081,1,0,0
0.8,0.74,0.015891,1,0,0
0.82,0.74,0.028996,1,0,0
0.84,0.74,0.047607,1,0,0
0.86,0.74,0.053778,1,0,0
0.88,0.74,0.019849,1,0,0
0.9,0.74,0.08363,1,0,0
0.92,0.74,0.056747,1,0,0
0.94,0.74,0.066968,1,0,0
0.96,0.74,0.041107,1,0,0
0.98,0.74,0.085172,1,0,0
0.02,0.76,-0.0016637,1,0,0
0.04,0.76,0.00013612,1,0,0
0.06,0.76,0.049897,1,0,0
0.08,0.76,0.037343,1,0,0
0.1,0.76,0.014769,1,0,0
0.12,0.76,0.0083886,1,0,0
0.14,0.76,0.026502,1,0,0
0.16,0.76,-0.0030059,1,0,0
0.18,0.76,0.041974,1,0,0
0.2,0.76,0.02335,1,0,0
0.22,0.76,0.025196,1,0,0
0.24,0.76,0.038287,1,0,0
0.26,0.76,0.051285,1,0,0
0.28,0.76,0.044341,1,0,0
0.3,0.76,0.015005,1,0,0
0.32,0.76,0.018963,1,0,0
0.34,0.76,0.042704,1,0,0
0.36,0.76,0.051179,1,0,0
0.38,0.76,0.01107,1,0,0
0.4,0.76,0.064076,1,0,0
0.42,0.76,0.047819,1,0,0
0.44,0.76,0.054786,1,0,0
0.46,0.76,0.049173,1,0,0
0.48,0.76,0.051511,1,0,0
0.5,0.76,0.061927,1,0,0
0.52,0.76,0.065457,1,0,0
0.54,0.76,0.045005,1,0,0
0.56,0.76,0.039491,1,0,0
0.58,0.76,0.084076,1,0,0
0.6,0.76,0.075821,1,0,0
0.62,0.76,0.069506,1,0,0
0.64,0.76,0.038811,1,0,0
0.66,0.76,0.022431,1,0,0
0.68,0.76,0.014084,1,0,0
0.7,0.76,0.0016106,1,0,0
0.72,0.76,0.0087707,1,0,0
0.74,0.76,0.017659,1,0,0
0.76,0.76,0.014198,1,0,0
0.78,0.76,0.041101,1,0,0
0.8,0.76,0.043748,1,0,0
0.82,0.76,0.029253,1,0,0
0.84,0.76,0.043059,1,0,0
0.86,0.76,0.052015,1,0,0
0.88,0.76,0.031656,1,0,0
0.9,0.76,0.030188,1,0,0
0.92,0.76,0.043684,1,0,0
0.94,0.76,0.081481,1,0,0
0.96,0.76,0.036071,1,0,0
0.98,0.76,0.038511,1,0,0
0.02,0.78,0.02853,1,0,0
0.04,0.78,0.014608,1,0,0
0.06,0.78,0.040772,1,0,0
0.08,0.78,0.023422,1,0,0
0.1,0.78,0.0094467,1,0,0
0.12,0.78,-0.019349,1,0,0
0.14,0.78,0.0045894,1,0,0
0.16,0.78,0.0058616,1,0,0
0.18,0.78,-0.00018562,1,0,0
0.2,0.78,0.0029582,1,0,0
0.22,0.78,0.006747,1,0,0
0.24,0.78,0.050921,1,0,0
0.26,0.78,0.046941,1,0,0
0.28,0.78,0.049638,1,0,0
0.3,0.78,0.056524,1,0,0
0.32,0.78,0.060768,1,0,0
0.34,0.78,0.080849,1,0,0
0.36,0.78,0.048747,1,0,0
0.38,0.78,0.035186,1,0,0
0.4,0.78,0.046987,1,0,0
0.42,0.78,0.026358,1,0,0
0.44,0.78,0.040736,1,0,0
0.46,0.78,0.064665,1,0,0
0.48,0.78,0.05941,1,0,0
0.5,0.78,0.060124,1,0,0
0.52,0.78,0.091786,1,0,0
0.54,0.78,0.075497,1,0,0
0.56,0.78,0.059066,1,0,0
0.58,0.78,0.081609,1,0,0
0.6,0.78,0.093367,1,0,0
0.62,0.78,0.06121,1,0,0
0.64,0.78,0.078138,1,0,0
0.66,0.78,0.027336,1,0,0
0.68,0.78,0.022804,1,0,0
0.7,0.78,0.0089965,1,0,0
0.72,0.78,-0.001996,1,0,0
0.74,0.78,0.013491,1,0,0
0.76,0.78,0.01706,1,0,0
0.78,0.78,0.040921,1,0,0
0.8,0.78,0.021357,1,0,0
0.82,0.78,0.053982,1,0,0
0.84,0.78,0.051992,1,0,0
0.86,0.78,0.043898,1,0,0
0.88,0.78,0.08189,1,0,0
0.9,0.78,0.076612,1,0,0
0.92,0.78,0.060638,1,0,0
0.94,0.78,0.079627,1,0,0
0.96,0.78,0.062822,1,0,0
0.98,0.78,0.029752,1,0,0
0.02,0.8,0.027862,1,0,0
0.04,0.8,0.019158,1,0,0
0.06,0.8,0.0095876,1,0,0
0.08,0.8,0.036348,1,0,0
0.1,0.8,0.011516,1,0,0
0.12,0.8,-0.036304,1,0,0
0.14,0.8,-0.014333,1,0,0
0.16,0.8,-0.010333,1,0,0
0.18,0.8,-0.016702,1,0,0
0.2,0.8,-0.0072949,1,0,0
0.22,0.8,0.033939,1,0,0
0.24,0.8,0.039991,1,0,0
0.26,0.8,0.0015165,1,0,0
0.28,0.8,0.042483,1,0,0
0.3,0.8,0.051804,1,0,0
0.32,0.8,0.076482,1,0,0
0.34,0.8,0.049804,1,0,0
0.36,0.8,0.045974,1,0,0
0.38,0.8,0.040937,1,0,0
0.4,0.8,0.052348,1,0,0
0.42,0.8,0.04555,1,0,0
0.44,0.8,0.067166,1,0,0
0.46,0.8,0.090097,1,0,0
0.48,0.8,0.06804,1,0,0
0.5,0.8,0.072815,1,0,0
0.52,0.8,0.095762,1,0,0
0.54,0.8,0.064314,1,0,0
0.56,0.8,0.042227,1,0,0
0.58,0.8,0.089157,1,0,0
0.6,0.8,0.079719,1,0,0
0.62,0.8,0.059314,1,0,0
0.64,0.8,0.059038,1,0,0
0.66,0.8,0.040422,1,0,0
0.68,0.8,0.025779,1,0,0
0.7,0.8,0.052691,1,0,0
0.72,0.8,0.025395,1,0,0
0.74,0.8,0.0025075,1,0,0
0.76,0.8,0.041909,1,0,0
0.78,0.8,0.044778,1,0,0
0.8,0.8,0.056418,1,0,0
0.82,0.8,0.055564,1,0,0
0.84,0.8,0.05323,1,0,0
0.86,0.8,0.033074,1,0,0
0.88,0.8,0.075797,1,0,0
0.9,0.8,0.10232,1,0,0
0.92,0.8,0.04151,1,0,0
0.94,0.8,0.064695,1,0,0
0.96,0.8,0.064198,1,0,0
0.98,0.8,0.054371,1,0,0
0.02,0.82,0.039467,1,0,0
0.04,0.82,0.0049727,1,0,0
0.06,0.82,-0.023622,1,0,0
0.08,0.82,0.027976,1,0,0
0.1,0.82,-0.006547,1,0,0
0.12,0.82,-0.026765,1,0,0
0.14,0.82,-0.029723,1,0,0
0.16,0.82,-0.021207,1,0,0
0.18,0.82,-0.046517,1,0,0
0.2,0.82,0.0050983,1,0,0
0.22,0.82,0.03767,1,0,0
0.24,0.82,0.057437,1,0,0
0.26,0.82,0.035997,1,0,0
0.28,0.82,0.023756,1,0,0
0.3,0.82,0.015125,1,0,0
0.32,0.82,0.066053,1,0,0
0.34,0.82,0.057401,1,0,0
0.36,0.82,0.043758,1,0,0
0.38,0.82,0.044317,1,0,0
0.4,0.82,0.081878,1,0,0
0.42,0.82,0.091213,1,0,0
0.44,0.82,0.092989,1,0,0
0.46,0.82,0.079088,1,0,0
0.48,0.82,0.079424,1,0,0
0.5,0.82,0.064794,1,0,0
0.52,0.82,0.10715,1,0,0
0.54,0.82,0.087176,1,0,0
0.56,0.82,0.036153,1,0,0
0.58,0.82,0.078099,1,0,0
0.6,0.82,0.081781,1,0,0
0.62,0.82,0.097721,1,0,0
0.64,0.82,0.076283,1,0,0
0.66,0.82,0.06957,1,0,0
0.68,0.82,0.023643,1,0,0
0.7,0.82,0.046293,1,0,0
0.72,0.82,-0.0032536,1,0,0
0.74,0.82,0.015763,1,0,0
0.76,0.82,0.032533,1,0,0
0.78,0.82,0.051362,1,0,0
0.8,0.82,0.040864,1,0,0
0.82,0.82,0.062155,1,0,0
0.84,0.82,0.036588,1,0,0
0.86,0.82,0.03201,1,0,0
0.88,0.82,0.06254,1,0,0
0.9,0.82,0.057089,1,0,0
0.92,0.82,0.016293,1,0,0
0.94,0.82,0.039946,1,0,0
0.96,0.82,0.026761,1,0,0
0.98,0.82,0.029987,1,0,0
0.02,0.84,-0.022658,1,0,0
0.04,0.84,0.014744,1,0,0
0.06,0.84,-0.005776,1,0,0
0.08,0.84,0.001588,1,0,0
0.1,0.84,-0.039232,1,0,0
0.12,0.84,-0.021623,1,0,0
0.14,0.84,-0.053916,1,0,0
0.16,0.84,-0.037706,1,0,0
0.18,0.84,-0.041523,1,0,0
0.2,0.84,-0.0055493,1,0,0
0.22,0.84,-0.015023,1,0,0
0.24,0.84,0.038584,1,0,0
0.26,0.84,0.040524,1,0,0
0.28,0.84,0.028102,1,0,0
0.3,0.84,0.0044676,1,0,0
0.32,0.84,0.022397,1,0,0
0.34,0.84,0.090682,1,0,0
0.36,0.84,0.035761,1,0,0
0.38,0.84,0.031155,1,0,0
0.4,0.84,0.037967,1,0,0
0.42,0.84,0.047546,1,0,0
0.44,0.84,0.07581,1,0,0
0.46,0.84,0.057068,1,0,0
0.48,0.84,0.067092,1,0,0
0.5,0.84,0.088982,1,0,0
0.52,0.84,0.081369,1,0,0
0.54,0.84,0.08983,1,0,0
0.56,0.84,0.091279,1,0,0
0.58,0.84,0.086092,1,0,0
0.6,0.84,0.068766,1,0,0
0.62,0.84,0.059714,1,0,0
0.64,0.84,0.087024,1,0,0
0.66,0.84,0.069027,1,0,0
0.68,0.84,0.050673,1,0,0
0.7,0.84,0.053338,1,0,0
0.72,0.84,0.017098,1,0,0
0.74,0.84,-0.0022329,1,0,0
0.76,0.84,0.018705,1,0,0
0.78,0.84,0.060337,1,0,0
0.8,0.84,-0.026467,1,0,0
0.82,0.84,0.023062,1,0,0
0.84,0.84,0.029018,1,0,0
0.86,0.84,0.055242,1,0,0
0.88,0.84,0.050036,1,0,0
0.9,0.84,0.035147,1,0,0
0.92,0.84,0.0090125,1,0,0
0.94,0.84,0.047997,1,0,0
0.96,0.84,0.016665,1,0,0
0.98,0.84,0.051488,1,0,0
0.02,0.86,-0.012242,1,0,0
0.04,0.86,0.022383,1,0,0
0.06,0.86,-0.0074052,1,0,0
0.08,0.86,-0.0095692,1,0,0
0.1,0.86,-0.025695,1,0,0
0.12,0.86,-0.035407,1,0,0
0.14,0.86,-0.041872,1,0,0
0.16,0.86,-0.055723,1,0,0
0.18,0.86,-0.050747,1,0,0
0.2,0.86,-0.0027026,1,0,0
0.22,0.86,-0.0032831,1,0,0
0.24,0.86,0.022605,1,0,0
0.26,0.86,0.029236,1,0,0
0.28,0.86,0.0241,1,0,0
0.3,0.86,0.0071337,1,0,0
0.32,0.86,0.051501,1,0,0
0.34,0.86,0.042659,1,0,0
0.36,0.86,0.033126,1,0,0
0.38,0.86,0.029092,1,0,0
0.4,0.86,0.048542,1,0,0
0.42,0.86,0.07034,1,0,0
0.44,0.86,0.035858,1,0,0
0.46,0.86,0.061172,1,0,0
0.48,0.86,0.095719,1,0,0
0.5,0.86,0.077695,1,0,0
0.52,0.86,0.092551,1,0,0
0.54,0.86,0.12183,1,0,0
0.56,0.86,0.055036,1,0,0
0.58,0.86,0.09371,1,0,0
0.6,0.86,0.093425,1,0,0
0.62,0.86,0.077874,1,0,0
0.64,0.86,0.096761,1,0,0
0.66,0.86,0.075553,1,0,0
0.68,0.86,0.058289,1,0,0
0.7,0.86,0.04862,1,0,0
0.72,0.86,0.025563,1,0,0
0.74,0.86,0.00059535,1,0,0
0.76,0.86,-0.0095545,1,0,0
0.78,0.86,0.0046765,1,0,0
0.8,0.86,0.012865,1,0,0
0.82,0.86,0.020515,1,0,0
0.84,0.86,0.0068564,1,0,0
0.86,0.86,0.021132,1,0,0
0.88,0.86,0.028505,1,0,0
0.9,0.86,0.024101,1,0,0
0.92,0.86,-0.017836,1,0,0
0.94,0.86,0.032056,1,0,0
0.96,0.86,-0.014306,1,0,0
0.98,0.86,0.017094,1,0,0
0.02,0.88,-0.0068067,1,0,0
0.04,0.88,0.0043962,1,0,0
0.06,0.88,-0.016469,1,0,0
0.08,0.88,-0.018222,1,0,0
0.1,0.88,-0.047992,1,0,0
0.12,0.88,-0.055552,1,0,0
0.14,0.88,-0.083154,1,0,0
0.16,0.88,-0.05485,1,0,0
0.18,0.88,-0.025909,1,0,0
0.2,0.88,-0.026266,1,0,0
0.22,0.88,-0.017021,1,0,0
0.24,0.88,0.013741,1,0,0
0.26,0.88,-0.03351,1,0,0
0.28,0.88,-0.012918,1,0,0
0.3,0.88,0.013042,1,0,0
0.32,0.88,0.037986,1,0,0
0.34,0.88,0.032334,1,0,0
0.36,0.88,0.044501,1,0,0
0.38,0.88,0.071582,1,0,0
0.4,0.88,0.044742,1,0,0
0.42,0.88,0.021856,1,0,0
0.44,0.88,0.027176,1,0,0
0.46,0.88,0.036779,1,0,0
0.48,0.88,0.046566,1,0,0
0.5,0.88,0.059999,1,0,0
0.52,0.88,0.06378,1,0,0
0.54,0.88,0.074462,1,0,0
0.56,0.88,0.059819,1,0,0
0.58,0.88,0.088939,1,0,0
0.6,0.88,0.12752,1,0,0
0.62,0.88,0.10245,1,0,0
0.64,0.88,0.06527,1,0,0
0.66,0.88,0.057002,1,0,0
0.68,0.88,0.031011,1,0,0
0.7,0.88,0.010395,1,0,0
0.72,0.88,-0.01289,1,0,0
0.74,0.88,-0.027538,1,0,0
0.76,0.88,-0.011362,1,0,0
0.78,0.88,0.00098557,1,0,0
0.8,0.88,0.017829,1,0,0
0.82,0.88,0.025387,1,0,0
0.84,0.88,-0.0074654,1,0,0
0.86,0.88,-0.037351,1,0,0
0.88,0.88,-0.033876,1,0,0
0.9,0.88,-0.024287,1,0,0
0.92,0.88,-0.03815,1,0,0
0.94,0.88,-0.045237,1,0,0
0.96,0.88,-0.0017016,1,0,0
0.98,0.88,0.010284,1,0,0
0.02,0.9,-0.014769,1,0,0
0.04,0.9,-0.022128,1,0,0
0.06,0.9,-0.015343,1,0,0
0.08,0.9,-0.018958,1,0,0
0.1,0.9,-0.053723,1,0,0
0.12,0.9,-0.064272,1,0,0
0.14,0.9,-0.080504,1,0,0
0.16,0.9,-0.048338,1,0,0
0.18,0.9,-0.042408,1,0,0
0.2,0.9,-0.032925,1,0,0
0.22,0.9,-0.042242,1,0,0
0.24,0.9,-0.0026135,1,0,0
0.26,0.9,-0.014001,1,0,0
0.28,0.9,-0.025278,1,0,0
0.3,0.9,0.028982,1,0,0
0.32,0.9,0.019385,1,0,0
0.34,0.9,0.030422,1,0,0
0.36,0.9,0.052819,1,0,0
0.38,0.9,0.049165,1,0,0
0.4,0.9,0.027764,1,0,0
0.42,0.9,0.015208,1,0,0
0.44,0.9,0.013583,1,0,0
0.46,0.9,0.012419,1,0,0
0.48,0.9,0.066478,1,0,0
0.5,0.9,0.078932,1,0,0
0.52,0.9,0.067867,1,0,0
0.54,0.9,0.078948,1,0,0
0.56,0.9,0.014248,1,0,0
0.58,0.9,0.055786,1,0,0
0.6,0.9,0.076405,1,0,0
0.62,0.9,0.078847,1,0,0
0.64,0.9,0.069073,1,0,0
0.66,0.9,0.034791,1,0,0
0.68,0.9,0.054785,1,0,0
0.7,0.9,-0.014038,1,0,0
0.72,0.9,-0.0044022,1,0,0
0.74,0.9,-0.0052848,1,0,0
0.76,0.9,0.0028485,1,0,0
0.78,0.9,-0.015463,1,0,0
0.8,0.9,0.0069187,1,0,0
0.82,0.9,-0.0014422,1,0,0
0.84,0.9,0.0012261,1,0,0
0.86,0.9,-0.034829,1,0,0
0.88,0.9,-0.021805,1,0,0
0.9,0.9,-0.039984,1,0,0
0.92,0.9,-0.023346,1,0,0
0.94,0.9,-0.025648,1,0,0
0.96,0.9,-0.053446,1,0,0
0.98,0.9,-0.026122,1,0,0
0.02,0.92,-0.040416,1,0,0
0.04,0.92,-0.031205,1,0,0
0.06,0.92,-0.00027797,1,0,0
0.08,0.92,-0.023238,1,0,0
0.1,0.92,-0.043299,1,0,0
0.12,0.92,-0.046957,1,0,0
0.14,0.92,-0.058704,1,0,0
0.16,0.92,-0.028284,1,0,0
0.18,0.92,0.0025468,1,0,0
0.2,0.92,-0.027793,1,0,0
0.22,0.92,-0.052555,1,0,0
0.24,0.92,-0.007523,1,0,0
0.26,0.92,-0.035295,1,0,0
0.28,0.92,-0.0033192,1,0,0
0.3,0.92,0.013758,1,0,0
0.32,0.92,0.0047703,1,0,0
0.34,0.92,0.071118,1,0,0
0.36,0.92,0.087934,1,0,0
0.38,0.92,0.076634,1,0,0
0.4,0.92,0.06408,1,0,0
0.42,0.92,0.041018,1,0,0
0.44,0.92,0.056078,1,0,0
0.46,0.92,0.053901,1,0,0
0.48,0.92,0.068955,1,0,0
0.5,0.92,0.058819,1,0,0
0.52,0.92,0.035726,1,0,0
0.54,0.92,0.058405,1,0,0
0.56,0.92,0.05078,1,0,0
0.58,0.92,0.057967,1,0,0
0.6,0.92,0.056874,1,0,0
0.62,0.92,0.038802,1,0,0
0.64,0.92,0.026596,1,0,0
0.66,0.92,0.046722,1,0,0
0.68,0.92,0.053424,1,0,0
0.7,0.92,0.0041949,1,0,0
0.72,0.92,0.0092906,1,0,0
0.74,0.92,0.028394,1,0,0
0.76,0.92,0.015079,1,0,0
0.78,0.92,0.018095,1,0,0
0.8,0.92,0.010079,1,0,0
0.82,0.92,-0.0037598,1,0,0
0.84,0.92,0.012259,1,0,0
0.86,0.92,-0.024353,1,0,0
0.88,0.92,-0.04336,1,0,0
0.9,0.92,-0.10053,1,0,0
0.92,0.92,-0.053488,1,0,0
0.94,0.92,-0.040653,1,0,0
0.96,0.92,-0.037635,1,0,0
0.98,0.92,-0.012883,1,0,0
0.02,0.94,-0.033169,1,0,0
0.04,0.94,-0.009729,1,0,0
0.06,0.94,-0.023051,1,0,0
0.08,0.94,-0.041587,1,0,0
0.1,0.94,-0.043596,1,0,0
0.12,0.94,-0.022751,1,0,0
0.14,0.94,-0.073138,1,0,0
0.16,0.94,-0.082752,1,0,0
0.18,0.94,-0.036637,1,0,0
0.2,0.94,-0.020582,1,0,0
0.22,0.94,-0.031074,1,0,0
0.24,0.94,-0.0092365,1,0,0
0.26,0.94,-0.033378,1,0,0
0.28,0.94,-0.0054763,1,0,0
0.3,0.94,0.020316,1,0,0
0.32,0.94,0.0065041,1,0,0
0.34,0.94,0.011479,1,0,0
0.36,0.94,0.059167,1,0,0
0.38,0.94,0.07209,1,0,0
0.4,0.94,0.061632,1,0,0
0.42,0.94,0.094152,1,0,0
0.44,0.94,0.047243,1,0,0
0.46,0.94,0.022423,1,0,0
0.48,0.94,0.047983,1,0,0
0.5,0.94,0.022564,1,0,0
0.52,0.94,0.029539,1,0,0
0.54,0.94,-0.001795,1,0,0
0.56,0.94,0.023154,1,0,0
0.58,0.94,0.045217,1,0,0
0.6,0.94,0.022581,1,0,0
0.62,0.94,0.026196,1,0,0
0.64,0.94,0.051006,1,0,0
0.66,0.94,0.018213,1,0,0
0.68,0.94,-0.0051395,1,0,0
0.7,0.94,0.032633,1,0,0
0.72,0.94,-0.0013403,1,0,0
0.74,0.94,0.0092307,1,0,0
0.76,0.94,-0.017994,1,0,0
0.78,0.94,0.029084,1,0,0
0.8,0.94,0.016427,1,0,0
0.82,0.94,0.008265,1,0,0
0.84,0.94,0.015419,1,0,0
0.86,0.94,-0.0004184,1,0,0
0.88,0.94,-0.068083,1,0,0
0.9,0.94,-0.06475,1,0,0
0.92,0.94,-0.056972,1,0,0
0.94,0.94,-0.065506,1,0,0
0.96,0.94,-0.068066,1,0,0
0.98,0.94,-0.010696,1,0,0
0.02,0.96,-0.0095304,1,0,0
0.04,0.96,-0.01252,1,0,0
0.06,0.96,-0.014068,1,0,0
0.08,0.96,0.00096198,1,0,0
0.1,0.96,-0.026899,1,0,0
0.12,0.96,-0.013325,1,0,0
0.14,0.96,-0.042689,1,0,0
0.16,0.96,-0.065528,1,0,0
0.18,0.96,-0.027837,1,0,0
0.2,0.96,-0.013339,1,0,0
0.22,0.96,-0.0058836,1,0,0
0.24,0.96,0.0068914,1,0,0
0.26,0.96,-0.0076477,1,0,0
0.28,0.96,0.021732,1,0,0
0.3,0.96,0.047223,1,0,0
0.32,0.96,0.051836,1,0,0
0.34,0.96,0.066419,1,0,0
0.36,0.96,0.059599,1,0,0
0.38,0.96,0.064323,1,0,0
0.4,0.96,0.088347,1,0,0
0.42,0.96,0.054237,1,0,0
0.44,0.96,0.068369,1,0,0
0.46,0.96,0.069599,1,0,0
0.48,0.96,0.051112,1,0,0
0.5,0.96,0.034406,1,0,0
0.52,0.96,0.025914,1,0,0
0.54,0.96,0.052808,1,0,0
0.56,0.96,0.033803,1,0,0
0.58,0.96,0.0481,1,0,0
0.6,0.96,0.026887,1,0,0
0.62,0.96,0.035623,1,0,0
0.64,0.96,0.022021,1,0,0
0.66,0.96,0.029056,1,0,0
0.68,0.96,0.051058,1,0,0
0.7,0.96,0.017209,1,0,0
0.72,0.96,0.0105,1,0,0
0.74,0.96,0.036778,1,0,0
0.76,0.96,0.014219,1,0,0
0.78,0.96,0.016466,1,0,0
0.8,0.96,0.00065641,1,0,0
0.82,0.96,0.022998,1,0,0
0.84,0.96,0.013503,1,0,0
0.86,0.96,0.031616,1,0,0
0.88,0.96,-0.01615,1,0,0
0.9,0.96,-0.0024388,1,0,0
0.92,0.96,-0.054287,1,0,0
0.94,0.96,-0.017395,1,0,0
0.96,0.96,-0.063168,1,0,0
0.98,0.96,0.013282,1,0,0
0.02,0.98,0.023144,1,0,0
0.04,0.98,-0.018847,1,0,0
0.06,0.98,-0.024292,1,0,0
0.08,0.98,-0.0080517,1,0,0
0.1,0.98,-0.023963,1,0,0
0.12,0.98,-0.036064,1,0,0
0.14,0.98,-0.035061,1,0,0
0.16,0.98,-0.016972,1,0,0
0.18,0.98,-0.011326,1,0,0
0.2,0.98,-0.011091,1,0,0
0.22,0.98,-0.016742,1,0,0
0.24,0.98,0.036804,1,0,0
0.26,0.98,0.0041221,1,0,0
0.28,0.98,0.016763,1,0,0
0.3,0.98,0.043786,1,0,0
0.32,0.98,0.027193,1,0,0
0.34,0.98,0.037073,1,0,0
0.36,0.98,0.057032,1,0,0
0.38,0.98,0.04511,1,0,0
0.4,0.98,0.063312,1,0,0
0.42,0.98,0.039982,1,0,0
0.44,0.98,0.09918,1,0,0
0.46,0.98,0.079051,1,0,0
0.48,0.98,0.039223,1,0,0
0.5,0.98,0.018923,1,0,0
0.52,0.98,0.016189,1,0,0
0.54,0.98,0.030015,1,0,0
0.56,0.98,-0.0040106,1,0,0
0.58,0.98,0.048189,1,0,0
0.6,0.98,0.017455,1,0,0
0.62,0.98,0.032122,1,0,0
0.64,0.98,0.043303,1,0,0
0.66,0.98,0.058732,1,0,0
0.68,0.98,0.04808,1,0,0
0.7,0.98,0.015567,1,0,0
0.72,0.98,-0.021376,1,0,0
0.74,0.98,0.045504,1,0,0
0.76,0.98,0.026499,1,0,0
0.78,0.98,0.013708,1,0,0
0.8,0.98,-0.05107,1,0,0
0.82,0.98,0.0048182,1,0,0
0.84,0.98,0.010518,1,0,0
0.86,0.98,0.013401,1,0,0
0.88,0.98,0.014291,1,0,0
0.9,0.98,-0.012073,1,0,0
0.92,0.98,-0.048377,1,0,0
0.94,0.98,-0.016211,1,0,0
0.96,0.98,-0.03148,1,0,0
0.98,0.98,-0.0075983,1,0,0
0,0,0.016699,-1,0,0
0.02,0,0.016699,-1,0,0
0.04,0,0.0028128,-1,0,0
0.06,0,0.0215,-1,0,0
0.08,0,0.057881,-1,0,0
0.1,0,0.024723,-1,0,0
0.12,0,0.0025434,-1,0,0
0.14,0,0.0079988,-1,0,0
0.16,0,-0.0019424,-1,0,0
0.18,0,0.0072414,-1,0,0
0.2,0,0.025398,-1,0,0
0.22,0,0.034439,-1,0,0
0.24,0,0.038757,-1,0,0
0.26,0,0.012832,-1,0,0
0.28,0,0.020026,-1,0,0
0.3,0,0.022858,-1,0,0
0.32,0,0.024921,-1,0,0
0.34,0,0.031534,-1,0,0
0.36,0,0.039625,-1,0,0
0.38,0,0.044535,-1,0,0
0.4,0,0.039414,-1,0,0
0.42,0,0.05817,-1,0,0
0.44,0,0.026755,-1,0,0
0.46,0,0.023607,-1,0,0
0.48,0,0.055083,-1,0,0
0.5,0,0.056858,-1,0,0
0.52,0,0.039557,-1,0,0
0.54,0,0.0057278,-1,0,0
0.56,0,-0.058221,-1,0,0
0.58,0,-0.047359,-1,0,0
0.6,0,0.0068007,-1,0,0
0.62,0,-0.0038807,-1,0,0
0.64,0,0.0054696,-1,0,0
0.66,0,0.048257,-1,0,0
0.68,0,0.068747,-1,0,0
0.7,0,0.102,-1,0,0
0.72,0,0.084568,-1,0,0
0.74,0,0.075498,-1,0,0
0.76,0,0.05897,-1,0,0
0.78,0,0.031189,-1,0,0
0.8,0,0.057556,-1,0,0
0.82,0,0.050557,-1,0,0
0.84,0,-7.1184e-05,-1,0,0
0.86,0,0.0078596,-1,0,0
0.88,0,0.04084,-1,0,0
0.9,0,0.021005,-1,0,0
0.92,0,0.014197,-1,0,0
0.94,0,0.020779,-1,0,0
0.96,0,-0.029812,-1,0,0
0.98,0,-0.025345,-1,0,0
1,0,-0.03172,-1,0,0
1,0.02,-0.0044805,-1,0,0
1,0.04,-0.009191,-1,0,0
1,0.06,-0.013363,-1,0,0
1,0.08,0.046693,-1,0,0
1,0.1,0.030377,-1,0,0
1,0.12,-0.022382,-1,0,0
1,0.14,0.054111,-1,0,0
1,0.16,0.046028,-1,0,0
1,0.18,0.041894,-1,0,0
1,0.2,0.085617,-1,0,0
1,0.22,0.040949,-1,0,0
1,0.24,0.056112,-1,0,0
1,0.26,0.053014,-1,0,0
1,0.28,0.056375,-1,0,0
1,0.3,0.041667,-1,0,0
1,0.32,0.026919,-1,0,0
1,0.34,0.011849,-1,0,0
1,0.36,0.032498,-1,0,0
1,0.38,0.047797,-1,0,0
1,0.4,0.014768,-1,0,0
1,0.42,0.04014,-1,0,0
1,0.44,0.053042,-1,0,0
1,0.46,0.032311,-1,0,0
1,0.48,0.00077954,-1,0,0
1,0.5,0.00090145,-1,0,0
1,0.52,-0.0077932,-1,0,0
1,0.54,0.0066828,-1,0,0
1,0.56,0.0011604,-1,0,0
1,0.58,-0.01037,-1,0,0
1,0.6,-0.028278,-1,0,0
1,0.62,0.008329,-1,0,0
1,0.64,9.1006e-05,-1,0,0
1,0.66,-0.0083429,-1,0,0
1,0.68,-0.010754,-1,0,0
1,0.7,-0.020773,-1,0,0
1,0.72,0.015273,-1,0,0
1,0.74,0.059229,-1,0,0
1,0.76,0.068721,-1,0,0
1,0.78,0.016971,-1,0,0
1,0.8,0.026725,-1,0,0
1,0.82,0.06686,-1,0,0
1,0.84,0.021104,-1,0,0
1,0.86,0.015984,-1,0,0
1,0.88,0.024059,-1,0,0
1,0.9,-0.0078514,-1,0,0
1,0.92,-0.0046135,-1,0,0
1,0.94,0.03909,-1,0,0
1,0.96,0.0011512,-1,0,0
1,0.98,-0.0087019,-1,0,0
1,1,0.025409,-1,0,0
0.98,1,0.011046,-1,0,0
0.96,1,0.021411,-1,0,0
0.94,1,0.017723,-1,0,0
0.92,1,-0.045549,-1,0,0
0.9,1,-0.030117,-1,0,0
0.88,1,-0.012893,-1,0,0
0.86,1,-0.019089,-1,0,0
0.84,1,0.0059661,-1,0,0
0.82,1,-0.0031594,-1,0,0
0.8,1,-0.012911,-1,0,0
0.78,1,0.013392,-1,0,0
0.76,1,0.031202,-1,0,0
0.74,1,0.056373,-1,0,0
0.72,1,0.0092779,-1,0,0
0.7,1,0.040954,-1,0,0
0.68,1,0.033197,-1,0,0
0.66,1,0.044581,-1,0,0
0.64,1,0.023452,-1,0,0
0.62,1,0.026301,-1,0,0
0.6,1,0.03258,-1,0,0
0.58,1,0.038104,-1,0,0
0.56,1,-0.0053877,-1,0,0
0.54,1,-0.0043293,-1,0,0
0.52,1,-0.01006,-1,0,0
0.5,1,-0.0065032,-1,0,0
0.48,1,0.057063,-1,0,0
0.46,1,0.10365,-1,0,0
0.44,1,0.094032,-1,0,0
0.42,1,0.076727,-1,0,0
0.4,1,0.04624,-1,0,0
0.38,1,0.007596,-1,0,0
0.36,1,0.013774,-1,0,0
0.34,1,0.019522,-1,0,0
0.32,1,0.016243,-1,0,0
0.3,1,-0.0084437,-1,0,0
0.28,1,0.0042846,-1,0,0
0.26,1,-0.015477,-1,0,0
0.24,1,0.020153,-1,0,0
0.22,1,0.020237,-1,0,0
0.2,1,0.027061,-1,0,0
0.18,1,0.026231,-1,0,0
0.16,1,0.00052724,-1,0,0
0.14,1,-0.020272,-1,0,0
0.12,1,-0.040087,-1,0,0
0.1,1,-0.017378,-1,0,0
0.08,1,-0.0090958,-1,0,0
0.06,1,-0.0071838,-1,0,0
0.04,1,0.011201,-1,0,0
0.02,1,0.029523,-1,0,0
0,1,0.015791,-1,0,0
0,0.98,0.03098,-1,0,0
0,0.96,0.035977,-1,0,0
0,0.94,-0.0046827,-1,0,0
0,0.92,-0.022741,-1,0,0
0,0.9,0.0050629,-1,0,0
0,0.88,0.00065223,-1,0,0
0,0.86,0.055869,-1,0,0
0,0.84,0.027697,-1,0,0
0,0.82,0.019689,-1,0,0
0,0.8,0.015207,-1,0,0
0,0.78,0.0035123,-1,0,0
0,0.76,-0.0041592,-1,0,0
0,0.74,0.01914,-1,0,0
0,0.72,0.07556,-1,0,0
0,0.7,0.070767,-1,0,0
0,0.68,0.073984,-1,0,0
0,0.66,0.061204,-1,0,0
0,0.64,0.034182,-1,0,0
0,0.62,0.0005024,-1,0,0
0,0.6,0.011318,-1,0,0
0,0.58,0.038576,-1,0,0
0,0.56,0.024461,-1,0,0
0,0.54,0.057668,-1,0,0
0,0.52,0.054231,-1,0,0
0,0.5,0.062512,-1,0,0
0,0.48,0.064816,-1,0,0
0,0.46,0.068624,-1,0,0
0,0.44,0.077038,-1,0,0
0,0.42,0.059978,-1,0,0
0,0.4,0.050687,-1,0,0
0,0.38,0.079002,-1,0,0
0,0.36,0.060055,-1,0,0
0,0.34,0.037515,-1,0,0
0,0.32,0.05988,-1,0,0
0,0.3,0.031913,-1,0,0
0,0.28,0.048376,-1,0,0
0,0.26,0.013748,-1,0,0
0,0.24,0.06737,-1,0,0
0,0.22,0.070395,-1,0,0
0,0.2,0.053773,-1,0,0
0,0.18,0.043773,-1,0,0
0,0.16,0.064974,-1,0,0
0,0.14,0.055827,-1,0,0
0,0.12,0.029936,-1,0,0
0,0.1,0.05439,-1,0,0
0,0.08,0.029436,-1,0,0
0,0.06,0.050269,-1,0,0
0,0.04,0.036431,-1,0,0
0,0.02,0.024843,-1,0,0
