0.02,0.02,-0.002099,1,0,0
0.04,0.02,0.00016033,1,0,0
0.06,0.02,-0.019286,1,0,0
0.08,0.02,-0.040209,1,0,0
0.1,0.02,-0.056019,1,0,0
0.12,0.02,-0.068364,1,0,0
0.14,0.02,-0.072867,1,0,0
0.16,0.02,-0.074773,1,0,0
0.18,0.02,-0.072563,1,0,0
0.2,0.02,-0.058364,1,0,0
0.22,0.02,-0.060563,1,0,0
0.24,0.02,-0.061154,1,0,0
0.26,0.02,-0.057696,1,0,0
0.28,0.02,-0.05427,1,0,0
0.3,0.02,-0.045128,1,0,0
0.32,0.02,-0.04842,1,0,0
0.34,0.02,-0.049175,1,0,0
0.36,0.02,-0.050532,1,0,0
0.38,0.02,-0.048454,1,0,0
0.4,0.02,-0.042291,1,0,0
0.42,0.02,-0.035464,1,0,0
0.44,0.02,-0.032225,1,0,0
0.46,0.02,-0.0284,1,0,0
0.48,0.02,-0.035873,1,0,0
0.5,0.02,-0.033636,1,0,0
0.52,0.02,-0.02544,1,0,0
0.54,0.02,-0.021139,1,0,0
0.56,0.02,-0.01898,1,0,0
0.58,0.02,-0.0049895,1,0,0
0.6,0.02,-0.010244,1,0,0
0.62,0.02,0.00091147,1,0,0
0.64,0.02,0.016237,1,0,0
0.66,0.02,0.023203,1,0,0
0.68,0.02,0.010757,1,0,0
0.7,0.02,0.01038,1,0,0
0.72,0.02,0.0068284,1,0,0
0.74,0.02,-0.014357,1,0,0
0.76,0.02,-0.025998,1,0,0
0.78,0.02,-0.02206,1,0,0
0.8,0.02,-0.017372,1,0,0
0.82,0.02,0.0066872,1,0,0
0.84,0.02,0.018218,1,0,0
0.86,0.02,0.01552,1,0,0
0.88,0.02,0.015827,1,0,0
0.9,0.02,0.016186,1,0,0
0.92,0.02,0.010549,1,0,0
0.94,0.02,0.0084475,1,0,0
0.96,0.02,-0.0073303,1,0,0
0.98,0.02,-0.033205,1,0,0
0.02,0.04,0.0098934,1,0,0
0.04,0.04,-0.0047301,1,0,0
0.06,0.04,-0.023605,1,0,0
0.08,0.04,-0.040677,1,0,0
0.1,0.04,-0.061692,1,0,0
0.12,0.04,-0.074639,1,0,0
0.14,0.04,-0.076941,1,0,0
0.16,0.04,-0.077888,1,0,0
0.18,0.04,-0.082473,1,0,0
0.2,0.04,-0.071929,1,0,0
0.22,0.04,-0.060605,1,0,0
0.24,0.04,-0.064192,1,0,0
0.26,0.04,-0.065551,1,0,0
0.28,0.04,-0.050097,1,0,0
0.3,0.04,-0.039731,1,0,0
0.32,0.04,-0.038725,1,0,0
0.34,0.04,-0.038617,1,0,0
0.36,0.04,-0.04013,1,0,0
0.38,0.04,-0.034138,1,0,0
0.4,0.04,-0.029004,1,0,0
0.42,0.04,-0.030397,1,0,0
0.44,0.04,-0.032575,1,0,0
0.46,0.04,-0.032329,1,0,0
0.48,0.04,-0.031231,1,0,0
0.5,0.04,-0.020963,1,0,0
0.52,0.04,-0.01321,1,0,0
0.54,0.04,-0.0071563,1,0,0
0.56,0.04,-0.016383,1,0,0
0.58,0.04,-0.0077124,1,0,0
0.6,0.04,-0.0069265,1,0,0
0.62,0.04,-0.00054885,1,0,0
0.64,0.04,0.014417,1,0,0
0.66,0.04,0.022543,1,0,0
0.68,0.04,0.008935,1,0,0
0.7,0.04,0.014794,1,0,0
0.72,0.04,0.01623,1,0,0
0.74,0.04,0.0026602,1,0,0
0.76,0.04,-0.010032,1,0,0
0.78,0.04,-0.015377,1,0,0
0.8,0.04,-0.0063793,1,0,0
0.82,0.04,0.014327,1,0,0
0.84,0.04,0.016303,1,0,0
0.86,0.04,0.017352,1,0,0
0.88,0.04,0.020227,1,0,0
0.9,0.04,0.016283,1,0,0
0.92,0.04,0.0047794,1,0,0
0.94,0.04,0.0015232,1,0,0
0.96,0.04,-0.0044437,1,0,0
0.98,0.04,-0.029402,1,0,0
0.02,0.06,0.01745,1,0,0
0.04,0.06,0.0089344,1,0,0
0.06,0.06,-0.010216,1,0,0
0.08,0.06,-0.022411,1,0,0
0.1,0.06,-0.052663,1,0,0
0.12,0.06,-0.073413,1,0,0
0.14,0.06,-0.084962,1,0,0
0.16,0.06,-0.077174,1,0,0
0.18,0.06,-0.078029,1,0,0
0.2,0.06,-0.063334,1,0,0
0.22,0.06,-0.054734,1,0,0
0.24,0.06,-0.05172,1,0,0
0.26,0.06,-0.042437,1,0,0
0.28,0.06,-0.034255,1,0,0
0.3,0.06,-0.025745,1,0,0
0.32,0.06,-0.026826,1,0,0
0.34,0.06,-0.035313,1,0,0
0.36,0.06,-0.028609,1,0,0
0.38,0.06,-0.023678,1,0,0
0.4,0.06,-0.01444,1,0,0
0.42,0.06,-0.010044,1,0,0
0.44,0.06,-0.020011,1,0,0
0.46,0.06,-0.014918,1,0,0
0.48,0.06,-0.0173,1,0,0
0.5,0.06,-0.015451,1,0,0
0.52,0.06,-0.00046919,1,0,0
0.54,0.06,0.0036085,1,0,0
0.56,0.06,0.01171,1,0,0
0.58,0.06,0.0085651,1,0,0
0.6,0.06,0.016912,1,0,0
0.62,0.06,0.011617,1,0,0
0.64,0.06,0.02087,1,0,0
0.66,0.06,0.030194,1,0,0
0.68,0.06,0.028991,1,0,0
0.7,0.06,0.032493,1,0,0
0.72,0.06,0.023069,1,0,0
0.74,0.06,0.0078222,1,0,0
0.76,0.06,0.0019358,1,0,0
0.78,0.06,0.0087855,1,0,0
0.8,0.06,0.016257,1,0,0
0.82,0.06,0.034364,1,0,0
0.84,0.06,0.037409,1,0,0
0.86,0.06,0.028854,1,0,0
0.88,0.06,0.021,1,0,0
0.9,0.06,0.013401,1,0,0
0.92,0.06,-0.0088961,1,0,0
0.94,0.06,-0.0019401,1,0,0
0.96,0.06,-0.0035894,1,0,0
0.98,0.06,-0.013163,1,0,0
0.02,0.08,0.014173,1,0,0
0.04,0.08,0.0050696,1,0,0
0.06,0.08,-0.0097363,1,0,0
0.08,0.08,-0.035114,1,0,0
0.1,0.08,-0.045949,1,0,0
0.12,0.08,-0.056994,1,0,0
0.14,0.08,-0.07257,1,0,0
0.16,0.08,-0.083185,1,0,0
0.18,0.08,-0.081048,1,0,0
0.2,0.08,-0.074388,1,0,0
0.22,0.08,-0.066325,1,0,0
0.24,0.08,-0.047315,1,0,0
0.26,0.08,-0.036823,1,0,0
0.28,0.08,-0.030435,1,0,0
0.3,0.08,-0.031945,1,0,0
0.32,0.08,-0.01875,1,0,0
0.34,0.08,-0.024558,1,0,0
0.36,0.08,-0.014762,1,0,0
0.38,0.08,-0.017023,1,0,0
0.4,0.08,-0.0061056,1,0,0
0.42,0.08,-0.013764,1,0,0
0.44,0.08,-0.015999,1,0,0
0.46,0.08,-0.029718,1,0,0
0.48,0.08,-0.019243,1,0,0
0.5,0.08,-0.013058,1,0,0
0.52,0.08,0.0038777,1,0,0
0.54,0.08,0.020231,1,0,0
0.56,0.08,0.024058,1,0,0
0.58,0.08,0.023267,1,0,0
0.6,0.08,0.029373,1,0,0
0.62,0.08,0.029284,1,0,0
0.64,0.08,0.030958,1,0,0
0.66,0.08,0.032587,1,0,0
0.68,0.08,0.033464,1,0,0
0.7,0.08,0.041682,1,0,0
0.72,0.08,0.034755,1,0,0
0.74,0.08,0.013524,1,0,0
0.76,0.08,0.016748,1,0,0
0.78,0.08,0.017199,1,0,0
0.8,0.08,0.021216,1,0,0
0.82,0.08,0.030817,1,0,0
0.84,0.08,0.034789,1,0,0
0.86,0.08,0.025165,1,0,0
0.88,0.08,0.01184,1,0,0
0.9,0.08,0.006242,1,0,0
0.92,0.08,-0.0055111,1,0,0
0.94,0.08,-0.010209,1,0,0
0.96,0.08,-0.0083512,1,0,0
0.98,0.08,-0.0036013,1,0,0
0.02,0.1,0.011245,1,0,0
0.04,0.1,0.0080132,1,0,0
0.06,0.1,-0.0038009,1,0,0
0.08,0.1,-0.035304,1,0,0
0.1,0.1,-0.050129,1,0,0
0.12,0.1,-0.052636,1,0,0
0.14,0.1,-0.058463,1,0,0
0.16,0.1,-0.075112,1,0,0
0.18,0.1,-0.085845,1,0,0
0.2,0.1,-0.072791,1,0,0
0.22,0.1,-0.070684,1,0,0
0.24,0.1,-0.049065,1,0,0
0.26,0.1,-0.039013,1,0,0
0.28,0.1,-0.029269,1,0,0
0.3,0.1,-0.02225,1,0,0
0.32,0.1,-0.010372,1,0,0
0.34,0.1,-0.0082692,1,0,0
0.36,0.1,-0.0074661,1,0,0
0.38,0.1,-0.020803,1,0,0
0.4,0.1,-0.012588,1,0,0
0.42,0.1,-0.011799,1,0,0
0.44,0.1,-0.016156,1,0,0
0.46,0.1,-0.031187,1,0,0
0.48,0.1,-0.017868,1,0,0
0.5,0.1,-0.020235,1,0,0
0.52,0.1,-0.0018296,1,0,0
0.54,0.1,0.0227,1,0,0
0.56,0.1,0.038324,1,0,0
0.58,0.1,0.033266,1,0,0
0.6,0.1,0.038738,1,0,0
0.62,0.1,0.038689,1,0,0
0.64,0.1,0.035084,1,0,0
0.66,0.1,0.036636,1,0,0
0.68,0.1,0.044754,1,0,0
0.7,0.1,0.040844,1,0,0
0.72,0.1,0.037652,1,0,0
0.74,0.1,0.021707,1,0,0
0.76,0.1,0.0093329,1,0,0
0.78,0.1,0.01455,1,0,0
0.8,0.1,0.021927,1,0,0
0.82,0.1,0.031233,1,0,0
0.84,0.1,0.019122,1,0,0
0.86,0.1,0.01084,1,0,0
0.88,0.1,0.0055589,1,0,0
0.9,0.1,-1.7628e-05,1,0,0
0.92,0.1,-0.00083688,1,0,0
0.94,0.1,-0.0038123,1,0,0
0.96,0.1,-0.0074399,1,0,0
0.98,0.1,-0.010831,1,0,0
0.02,0.12,0.011367,1,0,0
0.04,0.12,0.0072795,1,0,0
0.06,0.12,-0.0076953,1,0,0
0.08,0.12,-0.035129,1,0,0
0.1,0.12,-0.056291,1,0,0
0.12,0.12,-0.049204,1,0,0
0.14,0.12,-0.063738,1,0,0
0.16,0.12,-0.073779,1,0,0
0.18,0.12,-0.0772,1,0,0
0.2,0.12,-0.073693,1,0,0
0.22,0.12,-0.062061,1,0,0
0.24,0.12,-0.038831,1,0,0
0.26,0.12,-0.027918,1,0,0
0.28,0.12,-0.02535,1,0,0
0.3,0.12,-0.012764,1,0,0
0.32,0.12,-0.0087392,1,0,0
0.34,0.12,-0.019942,1,0,0
0.36,0.12,-0.010269,1,0,0
0.38,0.12,-0.013198,1,0,0
0.4,0.12,-0.020793,1,0,0
0.42,0.12,-0.015686,1,0,0
0.44,0.12,-0.014726,1,0,0
0.46,0.12,-0.017141,1,0,0
0.48,0.12,-0.0097727,1,0,0
0.5,0.12,-0.0062246,1,0,0
0.52,0.12,-0.0026572,1,0,0
0.54,0.12,0.01053,1,0,0
0.56,0.12,0.035012,1,0,0
0.58,0.12,0.040071,1,0,0
0.6,0.12,0.051965,1,0,0
0.62,0.12,0.044296,1,0,0
0.64,0.12,0.043039,1,0,0
0.66,0.12,0.041812,1,0,0
0.68,0.12,0.031753,1,0,0
0.7,0.12,0.029915,1,0,0
0.72,0.12,0.027694,1,0,0
0.74,0.12,0.020431,1,0,0
0.76,0.12,0.016181,1,0,0
0.78,0.12,0.026215,1,0,0
0.8,0.12,0.03362,1,0,0
0.82,0.12,0.024784,1,0,0
0.84,0.12,0.010443,1,0,0
0.86,0.12,0.0063004,1,0,0
0.88,0.12,0.0018409,1,0,0
0.9,0.12,0.0055283,1,0,0
0.92,0.12,-0.0024807,1,0,0
0.94,0.12,-0.0095701,1,0,0
0.96,0.12,-0.014233,1,0,0
0.98,0.12,-0.0074312,1,0,0
0.02,0.14,0.01522,1,0,0
0.04,0.14,0.0011232,1,0,0
0.06,0.14,-0.010148,1,0,0
0.08,0.14,-0.029507,1,0,0
0.1,0.14,-0.053865,1,0,0
0.12,0.14,-0.059583,1,0,0
0.14,0.14,-0.064409,1,0,0
0.16,0.14,-0.064906,1,0,0
0.18,0.14,-0.06176,1,0,0
0.2,0.14,-0.062983,1,0,0
0.22,0.14,-0.051774,1,0,0
0.24,0.14,-0.036495,1,0,0
0.26,0.14,-0.027814,1,0,0
0.28,0.14,-0.01668,1,0,0
0.3,0.14,-0.0027492,1,0,0
0.32,0.14,-0.0066665,1,0,0
0.34,0.14,-0.01893,1,0,0
0.36,0.14,-0.0097507,1,0,0
0.38,0.14,-0.017482,1,0,0
0.4,0.14,-0.022743,1,0,0
0.42,0.14,-0.012309,1,0,0
0.44,0.14,-0.0037766,1,0,0
0.46,0.14,0.002334,1,0,0
0.48,0.14,0.0024593,1,0,0
0.5,0.14,0.0015699,1,0,0
0.52,0.14,-0.0024169,1,0,0
0.54,0.14,0.015884,1,0,0
0.56,0.14,0.030552,1,0,0
0.58,0.14,0.04119,1,0,0
0.6,0.14,0.044708,1,0,0
0.62,0.14,0.040025,1,0,0
0.64,0.14,0.025031,1,0,0
0.66,0.14,0.033652,1,0,0
0.68,0.14,0.029428,1,0,0
0.7,0.14,0.022712,1,0,0
0.72,0.14,0.02128,1,0,0
0.74,0.14,0.026578,1,0,0
0.76,0.14,0.024862,1,0,0
0.78,0.14,0.029674,1,0,0
0.8,0.14,0.040683,1,0,0
0.82,0.14,0.024112,1,0,0
0.84,0.14,0.0081137,1,0,0
0.86,0.14,0.0042658,1,0,0
0.88,0.14,0.0014964,1,0,0
0.9,0.14,0.0010559,1,0,0
0.92,0.14,-0.0013727,1,0,0
0.94,0.14,0.00048257,1,0,0
0.96,0.14,-0.007051,1,0,0
0.98,0.14,-0.011688,1,0,0
0.02,0.16,0.013742,1,0,0
0.04,0.16,-0.0011453,1,0,0
0.06,0.16,-0.020362,1,0,0
0.08,0.16,-0.037943,1,0,0
0.1,0.16,-0.048705,1,0,0
0.12,0.16,-0.052249,1,0,0
0.14,0.16,-0.062605,1,0,0
0.16,0.16,-0.065856,1,0,0
0.18,0.16,-0.065122,1,0,0
0.2,0.16,-0.055376,1,0,0
0.22,0.16,-0.053244,1,0,0
0.24,0.16,-0.033265,1,0,0
0.26,0.16,-0.027318,1,0,0
0.28,0.16,-0.021501,1,0,0
0.3,0.16,-0.0034216,1,0,0
0.32,0.16,-0.011868,1,0,0
0.34,0.16,-0.01469,1,0,0
0.36,0.16,-0.015551,1,0,0
0.38,0.16,-0.012302,1,0,0
0.4,0.16,-0.018806,1,0,0
0.42,0.16,-0.0065799,1,0,0
0.44,0.16,-0.0024193,1,0,0
0.46,0.16,-0.0010491,1,0,0
0.48,0.16,0.0026042,1,0,0
0.5,0.16,0.0037946,1,0,0
0.52,0.16,0.0048394,1,0,0
0.54,0.16,0.014854,1,0,0
0.56,0.16,0.017775,1,0,0
0.58,0.16,0.021718,1,0,0
0.6,0.16,0.022896,1,0,0
0.62,0.16,0.024219,1,0,0
0.64,0.16,0.015071,1,0,0
0.66,0.16,0.01111,1,0,0
0.68,0.16,0.0085552,1,0,0
0.7,0.16,0.0088219,1,0,0
0.72,0.16,0.018883,1,0,0
0.74,0.16,0.025861,1,0,0
0.76,0.16,0.020426,1,0,0
0.78,0.16,0.023594,1,0,0
0.8,0.16,0.016325,1,0,0
0.82,0.16,0.017833,1,0,0
0.84,0.16,0.007141,1,0,0
0.86,0.16,0.0048019,1,0,0
0.88,0.16,-0.00097406,1,0,0
0.9,0.16,0.00047418,1,0,0
0.92,0.16,0.0050208,1,0,0
0.94,0.16,-0.0024219,1,0,0
0.96,0.16,-0.01049,1,0,0
0.98,0.16,-0.021312,1,0,0
0.02,0.18,0.014917,1,0,0
0.04,0.18,0.010532,1,0,0
0.06,0.18,-0.0010541,1,0,0
0.08,0.18,-0.022848,1,0,0
0.1,0.18,-0.040998,1,0,0
0.12,0.18,-0.044983,1,0,0
0.14,0.18,-0.065822,1,0,0
0.16,0.18,-0.073915,1,0,0
0.18,0.18,-0.058421,1,0,0
0.2,0.18,-0.048546,1,0,0
0.22,0.18,-0.040024,1,0,0
0.24,0.18,-0.03226,1,0,0
0.26,0.18,-0.024753,1,0,0
0.28,0.18,-0.011061,1,0,0
0.3,0.18,-0.00206,1,0,0
0.32,0.18,-0.003367,1,0,0
0.34,0.18,-0.010757,1,0,0
0.36,0.18,-0.012213,1,0,0
0.38,0.18,-0.010857,1,0,0
0.4,0.18,0.00118,1,0,0
0.42,0.18,0.0077554,1,0,0
0.44,0.18,0.0063491,1,0,0
0.46,0.18,0.0053139,1,0,0
0.48,0.18,0.0018099,1,0,0
0.5,0.18,-0.0022581,1,0,0
0.52,0.18,-0.0031536,1,0,0
0.54,0.18,0.010781,1,0,0
0.56,0.18,0.021071,1,0,0
0.58,0.18,0.019719,1,0,0
0.6,0.18,0.016089,1,0,0
0.62,0.18,0.017433,1,0,0
0.64,0.18,0.017681,1,0,0
0.66,0.18,0.010229,1,0,0
0.68,0.18,0.00014961,1,0,0
0.7,0.18,0.0048182,1,0,0
0.72,0.18,0.01371,1,0,0
0.74,0.18,0.015285,1,0,0
0.76,0.18,0.01127,1,0,0
0.78,0.18,0.0072027,1,0,0
0.8,0.18,0.013014,1,0,0
0.82,0.18,0.020547,1,0,0
0.84,0.18,0.024747,1,0,0
0.86,0.18,0.015839,1,0,0
0.88,0.18,-0.00074071,1,0,0
0.9,0.18,0.004184,1,0,0
0.92,0.18,0.0053812,1,0,0
0.94,0.18,0.0035057,1,0,0
0.96,0.18,-0.0027239,1,0,0
0.98,0.18,-0.012652,1,0,0
0.02,0.2,0.01967,1,0,0
0.04,0.2,0.011145,1,0,0
0.06,0.2,0.00042355,1,0,0
0.08,0.2,-0.0084678,1,0,0
0.1,0.2,-0.023944,1,0,0
0.12,0.2,-0.03779,1,0,0
0.14,0.2,-0.055187,1,0,0
0.16,0.2,-0.062629,1,0,0
0.18,0.2,-0.050861,1,0,0
0.2,0.2,-0.035193,1,0,0
0.22,0.2,-0.036807,1,0,0
0.24,0.2,-0.039659,1,0,0
0.26,0.2,-0.026712,1,0,0
0.28,0.2,-0.0076684,1,0,0
0.3,0.2,-0.0043725,1,0,0
0.32,0.2,-0.00043463,1,0,0
0.34,0.2,-0.0073956,1,0,0
0.36,0.2,0.0059817,1,0,0
0.38,0.2,0.0022163,1,0,0
0.4,0.2,0.015474,1,0,0
0.42,0.2,0.0052162,1,0,0
0.44,0.2,-0.0092901,1,0,0
0.46,0.2,-0.0023866,1,0,0
0.48,0.2,0.0021541,1,0,0
0.5,0.2,-0.0093609,1,0,0
0.52,0.2,-0.0075283,1,0,0
0.54,0.2,0.0015646,1,0,0
0.56,0.2,0.016459,1,0,0
0.58,0.2,0.015653,1,0,0
0.6,0.2,0.016844,1,0,0
0.62,0.2,0.014113,1,0,0
0.64,0.2,0.013043,1,0,0
0.66,0.2,0.0065385,1,0,0
0.68,0.2,-0.0072652,1,0,0
0.7,0.2,-0.0063861,1,0,0
0.72,0.2,0.0015211,1,0,0
0.74,0.2,0.0060397,1,0,0
0.76,0.2,0.0059938,1,0,0
0.78,0.2,-0.0019311,1,0,0
0.8,0.2,-0.00096851,1,0,0
0.82,0.2,0.0058925,1,0,0
0.84,0.2,0.017628,1,0,0
0.86,0.2,0.0090869,1,0,0
0.88,0.2,0.0067105,1,0,0
0.9,0.2,0.0048007,1,0,0
0.92,0.2,-0.0036247,1,0,0
0.94,0.2,0.0017667,1,0,0
0.96,0.2,-0.0034767,1,0,0
0.98,0.2,-0.0098004,1,0,0
0.02,0.22,0.033673,1,0,0
0.04,0.22,0.022151,1,0,0
0.06,0.22,0.0096252,1,0,0
0.08,0.22,-0.0015507,1,0,0
0.1,0.22,-0.015488,1,0,0
0.12,0.22,-0.026693,1,0,0
0.14,0.22,-0.0433,1,0,0
0.16,0.22,-0.032805,1,0,0
0.18,0.22,-0.022606,1,0,0
0.2,0.22,-0.014801,1,0,0
0.22,0.22,-0.028497,1,0,0
0.24,0.22,-0.033484,1,0,0
0.26,0.22,-0.034928,1,0,0
0.28,0.22,-0.011688,1,0,0
0.3,0.22,0.0023153,1,0,0
0.32,0.22,0.0083616,1,0,0
0.34,0.22,0.013368,1,0,0
0.36,0.22,0.013229,1,0,0
0.38,0.22,0.016625,1,0,0
0.4,0.22,0.012264,1,0,0
0.42,0.22,-0.0041638,1,0,0
0.44,0.22,-0.00029397,1,0,0
0.46,0.22,-0.0004425,1,0,0
0.48,0.22,-0.00038887,1,0,0
0.5,0.22,-0.012563,1,0,0
0.52,0.22,-0.0017979,1,0,0
0.54,0.22,0.0032895,1,0,0
0.56,0.22,0.018994,1,0,0
0.58,0.22,0.025005,1,0,0
0.6,0.22,0.024008,1,0,0
0.62,0.22,0.010682,1,0,0
0.64,0.22,0.020284,1,0,0
0.66,0.22,0.0087518,1,0,0
0.68,0.22,-0.0010816,1,0,0
0.7,0.22,-0.0020902,1,0,0
0.72,0.22,0.0038375,1,0,0
0.74,0.22,0.00099271,1,0,0
0.76,0.22,0.0043444,1,0,0
0.78,0.22,-0.0016635,1,0,0
0.8,0.22,-0.0096593,1,0,0
0.82,0.22,0.0037316,1,0,0
0.84,0.22,0.011895,1,0,0
0.86,0.22,0.0068477,1,0,0
0.88,0.22,-0.0020761,1,0,0
0.9,0.22,0.0013478,1,0,0
0.92,0.22,0.00077639,1,0,0
0.94,0.22,-0.0011759,1,0,0
0.96,0.22,0.0020069,1,0,0
0.98,0.22,-0.010525,1,0,0
0.02,0.24,0.05192,1,0,0
0.04,0.24,0.037877,1,0,0
0.06,0.24,0.010836,1,0,0
0.08,0.24,0.0037777,1,0,0
0.1,0.24,-0.009046,1,0,0
0.12,0.24,-0.023533,1,0,0
0.14,0.24,-0.016913,1,0,0
0.16,0.24,-0.012383,1,0,0
0.18,0.24,-0.013214,1,0,0
0.2,0.24,-0.00068657,1,0,0
0.22,0.24,-0.0076827,1,0,0
0.24,0.24,-0.022752,1,0,0
0.26,0.24,-0.028657,1,0,0
0.28,0.24,-0.014861,1,0,0
0.3,0.24,-0.00074139,1,0,0
0.32,0.24,0.009185,1,0,0
0.34,0.24,0.016075,1,0,0
0.36,0.24,0.025421,1,0,0
0.38,0.24,0.016355,1,0,0
0.4,0.24,0.0094948,1,0,0
0.42,0.24,-0.0052495,1,0,0
0.44,0.24,-0.0051024,1,0,0
0.46,0.24,0.00045289,1,0,0
0.48,0.24,0.00069724,1,0,0
0.5,0.24,-0.010464,1,0,0
0.52,0.24,-0.0013937,1,0,0
0.54,0.24,0.0078403,1,0,0
0.56,0.24,0.017122,1,0,0
0.58,0.24,0.030715,1,0,0
0.6,0.24,0.033899,1,0,0
0.62,0.24,0.028601,1,0,0
0.64,0.24,0.026499,1,0,0
0.66,0.24,0.014986,1,0,0
0.68,0.24,-0.0031298,1,0,0
0.7,0.24,-0.014061,1,0,0
0.72,0.24,-0.0014901,1,0,0
0.74,0.24,-8.3577e-06,1,0,0
0.76,0.24,0.0037551,1,0,0
0.78,0.24,-0.0043118,1,0,0
0.8,0.24,-0.0059308,1,0,0
0.82,0.24,0.0053475,1,0,0
0.84,0.24,0.0045831,1,0,0
0.86,0.24,-0.007629,1,0,0
0.88,0.24,-0.0049221,1,0,0
0.9,0.24,-0.0072041,1,0,0
0.92,0.24,-0.014382,1,0,0
0.94,0.24,-0.0023736,1,0,0
0.96,0.24,-0.012015,1,0,0
0.98,0.24,-0.013873,1,0,0
0.02,0.26,0.055996,1,0,0
0.04,0.26,0.048966,1,0,0
0.06,0.26,0.031077,1,0,0
0.08,0.26,0.012422,1,0,0
0.1,0.26,-0.0082284,1,0,0
0.12,0.26,-0.0075664,1,0,0
0.14,0.26,-0.012955,1,0,0
0.16,0.26,-0.0060067,1,0,0
0.18,0.26,0.00042415,1,0,0
0.2,0.26,2.7978e-05,1,0,0
0.22,0.26,-0.007494,1,0,0
0.24,0.26,-0.026502,1,0,0
0.26,0.26,-0.034112,1,0,0
0.28,0.26,-0.021573,1,0,0
0.3,0.26,-0.0071309,1,0,0
0.32,0.26,0.012058,1,0,0
0.34,0.26,0.018592,1,0,0
0.36,0.26,0.027242,1,0,0
0.38,0.26,0.023146,1,0,0
0.4,0.26,0.0066287,1,0,0
0.42,0.26,-0.007459,1,0,0
0.44,0.26,-0.0097994,1,0,0
0.46,0.26,-0.0019482,1,0,0
0.48,0.26,-0.0082932,1,0,0
0.5,0.26,-0.014667,1,0,0
0.52,0.26,-0.016091,1,0,0
0.54,0.26,-5.3946e-05,1,0,0
0.56,0.26,0.024947,1,0,0
0.58,0.26,0.038121,1,0,0
0.6,0.26,0.03611,1,0,0
0.62,0.26,0.023556,1,0,0
0.64,0.26,0.025983,1,0,0
0.66,0.26,0.019866,1,0,0
0.68,0.26,-0.0086616,1,0,0
0.7,0.26,-0.0066504,1,0,0
0.72,0.26,-0.011282,1,0,0
0.74,0.26,-0.011647,1,0,0
0.76,0.26,-0.012686,1,0,0
0.78,0.26,-0.013903,1,0,0
0.8,0.26,-0.013019,1,0,0
0.82,0.26,-0.0062975,1,0,0
0.84,0.26,-0.0077403,1,0,0
0.86,0.26,-0.017623,1,0,0
0.88,0.26,-0.021195,1,0,0
0.9,0.26,-0.014359,1,0,0
0.92,0.26,-0.020858,1,0,0
0.94,0.26,-0.018452,1,0,0
0.96,0.26,-0.014873,1,0,0
0.98,0.26,-0.011577,1,0,0
0.02,0.28,0.057279,1,0,0
0.04,0.28,0.05532,1,0,0
0.06,0.28,0.036664,1,0,0
0.08,0.28,0.019328,1,0,0
0.1,0.28,0.0046345,1,0,0
0.12,0.28,-0.0026746,1,0,0
0.14,0.28,-0.0063584,1,0,0
0.16,0.28,-0.012176,1,0,0
0.18,0.28,-0.0099451,1,0,0
0.2,0.28,-0.0061865,1,0,0
0.22,0.28,-0.026678,1,0,0
0.24,0.28,-0.039895,1,0,0
0.26,0.28,-0.036407,1,0,0
0.28,0.28,-0.031651,1,0,0
0.3,0.28,-0.016511,1,0,0
0.32,0.28,0.00040226,1,0,0
0.34,0.28,0.017723,1,0,0
0.36,0.28,0.033335,1,0,0
0.38,0.28,0.031626,1,0,0
0.4,0.28,0.012611,1,0,0
0.42,0.28,-0.0039886,1,0,0
0.44,0.28,-0.018302,1,0,0
0.46,0.28,-0.014058,1,0,0
0.48,0.28,-0.0098046,1,0,0
0.5,0.28,-0.018679,1,0,0
0.52,0.28,-0.024315,1,0,0
0.54,0.28,-0.0035288,1,0,0
0.56,0.28,0.01925,1,0,0
0.58,0.28,0.033359,1,0,0
0.6,0.28,0.028584,1,0,0
0.62,0.28,0.023977,1,0,0
0.64,0.28,0.019161,1,0,0
0.66,0.28,0.015465,1,0,0
0.68,0.28,-0.0001032,1,0,0
0.7,0.28,-0.0059413,1,0,0
0.72,0.28,-0.014334,1,0,0
0.74,0.28,-0.021208,1,0,0
0.76,0.28,-0.027286,1,0,0
0.78,0.28,-0.025859,1,0,0
0.8,0.28,-0.036515,1,0,0
0.82,0.28,-0.025836,1,0,0
0.84,0.28,-0.024342,1,0,0
0.86,0.28,-0.020434,1,0,0
0.88,0.28,-0.015189,1,0,0
0.9,0.28,-0.014232,1,0,0
0.92,0.28,-0.025126,1,0,0
0.94,0.28,-0.024692,1,0,0
0.96,0.28,-0.026309,1,0,0
0.98,0.28,-0.013203,1,0,0
0.02,0.3,0.078792,1,0,0
0.04,0.3,0.072391,1,0,0
0.06,0.3,0.059673,1,0,0
0.08,0.3,0.035684,1,0,0
0.1,0.3,0.019792,1,0,0
0.12,0.3,0.0078674,1,0,0
0.14,0.3,-0.0030286,1,0,0
0.16,0.3,-0.013411,1,0,0
0.18,0.3,-0.0053916,1,0,0
0.2,0.3,-0.0053639,1,0,0
0.22,0.3,-0.022911,1,0,0
0.24,0.3,-0.028759,1,0,0
0.26,0.3,-0.030599,1,0,0
0.28,0.3,-0.024988,1,0,0
0.3,0.3,-0.011982,1,0,0
0.32,0.3,0.0088994,1,0,0
0.34,0.3,0.022873,1,0,0
0.36,0.3,0.031772,1,0,0
0.38,0.3,0.032923,1,0,0
0.4,0.3,0.02748,1,0,0
0.42,0.3,0.015988,1,0,0
0.44,0.3,0.010408,1,0,0
0.46,0.3,-0.0030998,1,0,0
0.48,0.3,-0.0031018,1,0,0
0.5,0.3,-0.013551,1,0,0
0.52,0.3,-0.016404,1,0,0
0.54,0.3,0.0096844,1,0,0
0.56,0.3,0.021109,1,0,0
0.58,0.3,0.031676,1,0,0
0.6,0.3,0.030932,1,0,0
0.62,0.3,0.031663,1,0,0
0.64,0.3,0.017776,1,0,0
0.66,0.3,0.011074,1,0,0
0.68,0.3,0.002955,1,0,0
0.7,0.3,-0.0028707,1,0,0
0.72,0.3,-0.013229,1,0,0
0.74,0.3,-0.023032,1,0,0
0.76,0.3,-0.029277,1,0,0
0.78,0.3,-0.031875,1,0,0
0.8,0.3,-0.03273,1,0,0
0.82,0.3,-0.019254,1,0,0
0.84,0.3,-0.01536,1,0,0
0.86,0.3,-0.011535,1,0,0
0.88,0.3,-0.015906,1,0,0
0.9,0.3,-0.015926,1,0,0
0.92,0.3,-0.014286,1,0,0
0.94,0.3,-0.015959,1,0,0
0.96,0.3,-0.01795,1,0,0
0.98,0.3,-0.006979,1,0,0
0.02,0.32,0.088891,1,0,0
0.04,0.32,0.077003,1,0,0
0.06,0.32,0.06093,1,0,0
0.08,0.32,0.039739,1,0,0
0.1,0.32,0.016708,1,0,0
0.12,0.32,0.011969,1,0,0
0.14,0.32,-0.0041877,1,0,0
0.16,0.32,-0.0094553,1,0,0
0.18,0.32,-0.0091006,1,0,0
0.2,0.32,-0.0077655,1,0,0
0.22,0.32,-0.017773,1,0,0
0.24,0.32,-0.016872,1,0,0
0.26,0.32,-0.026087,1,0,0
0.28,0.32,-0.027912,1,0,0
0.3,0.32,-0.0079577,1,0,0
0.32,0.32,0.012669,1,0,0
0.34,0.32,0.0097658,1,0,0
0.36,0.32,0.025361,1,0,0
0.38,0.32,0.030397,1,0,0
0.4,0.32,0.027412,1,0,0
0.42,0.32,0.028764,1,0,0
0.44,0.32,0.027028,1,0,0
0.46,0.32,0.014759,1,0,0
0.48,0.32,0.0080449,1,0,0
0.5,0.32,0.0020392,1,0,0
0.52,0.32,0.0050865,1,0,0
0.54,0.32,0.0080607,1,0,0
0.56,0.32,0.019139,1,0,0
0.58,0.32,0.01789,1,0,0
0.6,0.32,0.030356,1,0,0
0.62,0.32,0.026999,1,0,0
0.64,0.32,0.018197,1,0,0
0.66,0.32,0.0036994,1,0,0
0.68,0.32,-0.015189,1,0,0
0.7,0.32,-0.016426,1,0,0
0.72,0.32,-0.015402,1,0,0
0.74,0.32,-0.015402,1,0,0
0.76,0.32,-0.02603,1,0,0
0.78,0.32,-0.028135,1,0,0
0.8,0.32,-0.027703,1,0,0
0.82,0.32,-0.018566,1,0,0
0.84,0.32,-0.012164,1,0,0
0.86,0.32,-0.012723,1,0,0
0.88,0.32,-0.014786,1,0,0
0.9,0.32,-0.012715,1,0,0
0.92,0.32,-0.013464,1,0,0
0.94,0.32,-0.012809,1,0,0
0.96,0.32,-0.016234,1,0,0
0.98,0.32,-0.0097328,1,0,0
0.02,0.34,0.085113,1,0,0
0.04,0.34,0.070237,1,0,0
0.06,0.34,0.061211,1,0,0
0.08,0.34,0.046712,1,0,0
0.1,0.34,0.013811,1,0,0
0.12,0.34,0.0060547,1,0,0
0.14,0.34,0.0031697,1,0,0
0.16,0.34,0.0016189,1,0,0
0.18,0.34,0.00090098,1,0,0
0.2,0.34,0.00037699,1,0,0
0.22,0.34,-0.010032,1,0,0
0.24,0.34,-0.022865,1,0,0
0.26,0.34,-0.032733,1,0,0
0.28,0.34,-0.018347,1,0,0
0.3,0.34,0.0020696,1,0,0
0.32,0.34,0.014493,1,0,0
0.34,0.34,0.010712,1,0,0
0.36,0.34,0.023961,1,0,0
0.38,0.34,0.022348,1,0,0
0.4,0.34,0.029093,1,0,0
0.42,0.34,0.035452,1,0,0
0.44,0.34,0.037486,1,0,0
0.46,0.34,0.028036,1,0,0
0.48,0.34,0.02963,1,0,0
0.5,0.34,0.019605,1,0,0
0.52,0.34,0.014008,1,0,0
0.54,0.34,0.012826,1,0,0
0.56,0.34,0.020428,1,0,0
0.58,0.34,0.018325,1,0,0
0.6,0.34,0.02839,1,0,0
0.62,0.34,0.018917,1,0,0
0.64,0.34,0.0092465,1,0,0
0.66,0.34,-0.00528,1,0,0
0.68,0.34,-0.015651,1,0,0
0.7,0.34,-0.025208,1,0,0
0.72,0.34,-0.014254,1,0,0
0.74,0.34,-0.011703,1,0,0
0.76,0.34,-0.021007,1,0,0
0.78,0.34,-0.028456,1,0,0
0.8,0.34,-0.017096,1,0,0
0.82,0.34,-0.019096,1,0,0
0.84,0.34,-0.022851,1,0,0
0.86,0.34,-0.016624,1,0,0
0.88,0.34,-0.0074448,1,0,0
0.9,0.34,-0.0055721,1,0,0
0.92,0.34,-0.011234,1,0,0
0.94,0.34,-0.0012273,1,0,0
0.96,0.34,-0.0087564,1,0,0
0.98,0.34,-0.011405,1,0,0
0.02,0.36,0.070773,1,0,0
0.04,0.36,0.063542,1,0,0
0.06,0.36,0.055344,1,0,0
0.08,0.36,0.03397,1,0,0
0.1,0.36,0.016717,1,0,0
0.12,0.36,0.010581,1,0,0
0.14,0.36,0.0036579,1,0,0
0.16,0.36,-0.00073344,1,0,0
0.18,0.36,0.00014246,1,0,0
0.2,0.36,-0.0018253,1,0,0
0.22,0.36,-0.018908,1,0,0
0.24,0.36,-0.01829,1,0,0
0.26,0.36,-0.026356,1,0,0
0.28,0.36,-0.015553,1,0,0
0.3,0.36,-0.00080203,1,0,0
0.32,0.36,0.0063217,1,0,0
0.34,0.36,0.006926,1,0,0
0.36,0.36,0.01426,1,0,0
0.38,0.36,0.017872,1,0,0
0.4,0.36,0.024626,1,0,0
0.42,0.36,0.030671,1,0,0
0.44,0.36,0.040473,1,0,0
0.46,0.36,0.027263,1,0,0
0.48,0.36,0.030078,1,0,0
0.5,0.36,0.022673,1,0,0
0.52,0.36,0.017013,1,0,0
0.54,0.36,0.011406,1,0,0
0.56,0.36,0.014224,1,0,0
0.58,0.36,0.023476,1,0,0
0.6,0.36,0.024607,1,0,0
0.62,0.36,0.017074,1,0,0
0.64,0.36,0.0068783,1,0,0
0.66,0.36,-0.017991,1,0,0
0.68,0.36,-0.032733,1,0,0
0.7,0.36,-0.040396,1,0,0
0.72,0.36,-0.029756,1,0,0
0.74,0.36,-0.0307,1,0,0
0.76,0.36,-0.028231,1,0,0
0.78,0.36,-0.023451,1,0,0
0.8,0.36,-0.024367,1,0,0
0.82,0.36,-0.025968,1,0,0
0.84,0.36,-0.027417,1,0,0
0.86,0.36,-0.021332,1,0,0
0.88,0.36,-0.013561,1,0,0
0.9,0.36,-0.010061,1,0,0
0.92,0.36,-0.010913,1,0,0
0.94,0.36,-0.011242,1,0,0
0.96,0.36,-0.0077002,1,0,0
0.98,0.36,-0.011841,1,0,0
0.02,0.38,0.058649,1,0,0
0.04,0.38,0.055063,1,0,0
0.06,0.38,0.042651,1,0,0
0.08,0.38,0.028168,1,0,0
0.1,0.38,0.014937,1,0,0
0.12,0.38,0.014874,1,0,0
0.14,0.38,0.0058374,1,0,0
0.16,0.38,-0.0033229,1,0,0
0.18,0.38,-0.009884,1,0,0
0.2,0.38,-0.011133,1,0,0
0.22,0.38,-0.020613,1,0,0
0.24,0.38,-0.020986,1,0,0
0.26,0.38,-0.022371,1,0,0
0.28,0.38,-0.017993,1,0,0
0.3,0.38,-0.010331,1,0,0
0.32,0.38,-0.0009504,1,0,0
0.34,0.38,0.0064083,1,0,0
0.36,0.38,0.0060376,1,0,0
0.38,0.38,0.0053095,1,0,0
0.4,0.38,0.022509,1,0,0
0.42,0.38,0.036677,1,0,0
0.44,0.38,0.032314,1,0,0
0.46,0.38,0.028602,1,0,0
0.48,0.38,0.02235,1,0,0
0.5,0.38,0.013296,1,0,0
0.52,0.38,0.016467,1,0,0
0.54,0.38,0.021884,1,0,0
0.56,0.38,0.024017,1,0,0
0.58,0.38,0.023896,1,0,0
0.6,0.38,0.026437,1,0,0
0.62,0.38,0.018382,1,0,0
0.64,0.38,-0.0049283,1,0,0
0.66,0.38,-0.02832,1,0,0
0.68,0.38,-0.041049,1,0,0
0.7,0.38,-0.042164,1,0,0
0.72,0.38,-0.044606,1,0,0
0.74,0.38,-0.044264,1,0,0
0.76,0.38,-0.042499,1,0,0
0.78,0.38,-0.030669,1,0,0
0.8,0.38,-0.026663,1,0,0
0.82,0.38,-0.020589,1,0,0
0.84,0.38,-0.02139,1,0,0
0.86,0.38,-0.02741,1,0,0
0.88,0.38,-0.025211,1,0,0
0.9,0.38,-0.017033,1,0,0
0.92,0.38,-0.016129,1,0,0
0.94,0.38,-0.012083,1,0,0
0.96,0.38,-0.013015,1,0,0
0.98,0.38,-0.018089,1,0,0
0.02,0.4,0.04457,1,0,0
0.04,0.4,0.044202,1,0,0
0.06,0.4,0.030891,1,0,0
0.08,0.4,0.021431,1,0,0
0.1,0.4,0.01429,1,0,0
0.12,0.4,0.023744,1,0,0
0.14,0.4,0.015452,1,0,0
0.16,0.4,0.00090405,1,0,0
0.18,0.4,-0.0084652,1,0,0
0.2,0.4,-0.024536,1,0,0
0.22,0.4,-0.018909,1,0,0
0.24,0.4,-0.019437,1,0,0
0.26,0.4,-0.021079,1,0,0
0.28,0.4,-0.023211,1,0,0
0.3,0.4,-0.022284,1,0,0
0.32,0.4,-0.010374,1,0,0
0.34,0.4,-0.0007761,1,0,0
0.36,0.4,0.0027034,1,0,0
0.38,0.4,0.0075975,1,0,0
0.4,0.4,0.022873,1,0,0
0.42,0.4,0.028426,1,0,0
0.44,0.4,0.023865,1,0,0
0.46,0.4,0.031071,1,0,0
0.48,0.4,0.024466,1,0,0
0.5,0.4,0.020649,1,0,0
0.52,0.4,0.022089,1,0,0
0.54,0.4,0.036892,1,0,0
0.56,0.4,0.033453,1,0,0
0.58,0.4,0.028243,1,0,0
0.6,0.4,0.016449,1,0,0
0.62,0.4,0.0010379,1,0,0
0.64,0.4,-0.019108,1,0,0
0.66,0.4,-0.035729,1,0,0
0.68,0.4,-0.050427,1,0,0
0.7,0.4,-0.043247,1,0,0
0.72,0.4,-0.048784,1,0,0
0.74,0.4,-0.051404,1,0,0
0.76,0.4,-0.044032,1,0,0
0.78,0.4,-0.036405,1,0,0
0.8,0.4,-0.028767,1,0,0
0.82,0.4,-0.023411,1,0,0
0.84,0.4,-0.018284,1,0,0
0.86,0.4,-0.026799,1,0,0
0.88,0.4,-0.029841,1,0,0
0.9,0.4,-0.01643,1,0,0
0.92,0.4,-0.025193,1,0,0
0.94,0.4,-0.026959,1,0,0
0.96,0.4,-0.025724,1,0,0
0.98,0.4,-0.018097,1,0,0
0.02,0.42,0.040611,1,0,0
0.04,0.42,0.040688,1,0,0
0.06,0.42,0.02878,1,0,0
0.08,0.42,0.022468,1,0,0
0.1,0.42,0.018582,1,0,0
0.12,0.42,0.014982,1,0,0
0.14,0.42,0.014061,1,0,0
0.16,0.42,0.0067516,1,0,0
0.18,0.42,-0.010067,1,0,0
0.2,0.42,-0.014823,1,0,0
0.22,0.42,-0.022142,1,0,0
0.24,0.42,-0.019654,1,0,0
0.26,0.42,-0.026145,1,0,0
0.28,0.42,-0.026073,1,0,0
0.3,0.42,-0.019434,1,0,0
0.32,0.42,-0.023009,1,0,0
0.34,0.42,-0.013342,1,0,0
0.36,0.42,-0.0028938,1,0,0
0.38,0.42,0.011637,1,0,0
0.4,0.42,0.018992,1,0,0
0.42,0.42,0.024165,1,0,0
0.44,0.42,0.026979,1,0,0
0.46,0.42,0.037543,1,0,0
0.48,0.42,0.03822,1,0,0
0.5,0.42,0.033247,1,0,0
0.52,0.42,0.038286,1,0,0
0.54,0.42,0.04472,1,0,0
0.56,0.42,0.044141,1,0,0
0.58,0.42,0.045124,1,0,0
0.6,0.42,0.015212,1,0,0
0.62,0.42,-0.014635,1,0,0
0.64,0.42,-0.032073,1,0,0
0.66,0.42,-0.041334,1,0,0
0.68,0.42,-0.05016,1,0,0
0.7,0.42,-0.049926,1,0,0
0.72,0.42,-0.048249,1,0,0
0.74,0.42,-0.050289,1,0,0
0.76,0.42,-0.046074,1,0,0
0.78,0.42,-0.01985,1,0,0
0.8,0.42,-0.015491,1,0,0
0.82,0.42,-0.0071324,1,0,0
0.84,0.42,-0.015422,1,0,0
0.86,0.42,-0.027496,1,0,0
0.88,0.42,-0.024857,1,0,0
0.9,0.42,-0.026402,1,0,0
0.92,0.42,-0.035471,1,0,0
0.94,0.42,-0.036955,1,0,0
0.96,0.42,-0.025518,1,0,0
0.98,0.42,-0.020269,1,0,0
0.02,0.44,0.055394,1,0,0
0.04,0.44,0.044037,1,0,0
0.06,0.44,0.031449,1,0,0
0.08,0.44,0.022077,1,0,0
0.1,0.44,0.007922,1,0,0
0.12,0.44,0.0056057,1,0,0
0.14,0.44,0.00057986,1,0,0
0.16,0.44,-0.006198,1,0,0
0.18,0.44,-0.020565,1,0,0
0.2,0.44,-0.024014,1,0,0
0.22,0.44,-0.025431,1,0,0
0.24,0.44,-0.030617,1,0,0
0.26,0.44,-0.039648,1,0,0
0.28,0.44,-0.030317,1,0,0
0.3,0.44,-0.034833,1,0,0
0.32,0.44,-0.040495,1,0,0
0.34,0.44,-0.027319,1,0,0
0.36,0.44,-0.014197,1,0,0
0.38,0.44,-0.0035727,1,0,0
0.4,0.44,0.0068464,1,0,0
0.42,0.44,0.017909,1,0,0
0.44,0.44,0.03154,1,0,0
0.46,0.44,0.035903,1,0,0
0.48,0.44,0.04331,1,0,0
0.5,0.44,0.040228,1,0,0
0.52,0.44,0.042046,1,0,0
0.54,0.44,0.044589,1,0,0
0.56,0.44,0.038714,1,0,0
0.58,0.44,0.031607,1,0,0
0.6,0.44,0.010515,1,0,0
0.62,0.44,-0.021502,1,0,0
0.64,0.44,-0.034163,1,0,0
0.66,0.44,-0.042906,1,0,0
0.68,0.44,-0.056106,1,0,0
0.7,0.44,-0.062011,1,0,0
0.72,0.44,-0.05738,1,0,0
0.74,0.44,-0.0541,1,0,0
0.76,0.44,-0.046504,1,0,0
0.78,0.44,-0.029688,1,0,0
0.8,0.44,-0.01154,1,0,0
0.82,0.44,-0.0070195,1,0,0
0.84,0.44,-0.017841,1,0,0
0.86,0.44,-0.023956,1,0,0
0.88,0.44,-0.029466,1,0,0
0.9,0.44,-0.039808,1,0,0
0.92,0.44,-0.047808,1,0,0
0.94,0.44,-0.04031,1,0,0
0.96,0.44,-0.034581,1,0,0
0.98,0.44,-0.036192,1,0,0
0.02,0.46,0.068509,1,0,0
0.04,0.46,0.065814,1,0,0
0.06,0.46,0.042174,1,0,0
0.08,0.46,0.027219,1,0,0
0.1,0.46,0.01438,1,0,0
0.12,0.46,0.010108,1,0,0
0.14,0.46,-0.002836,1,0,0
0.16,0.46,-0.012915,1,0,0
0.18,0.46,-0.018243,1,0,0
0.2,0.46,-0.025129,1,0,0
0.22,0.46,-0.036421,1,0,0
0.24,0.46,-0.044286,1,0,0
0.26,0.46,-0.050411,1,0,0
0.28,0.46,-0.0473,1,0,0
0.3,0.46,-0.037749,1,0,0
0.32,0.46,-0.028275,1,0,0
0.34,0.46,-0.033415,1,0,0
0.36,0.46,-0.01135,1,0,0
0.38,0.46,-0.0087715,1,0,0
0.4,0.46,0.0031494,1,0,0
0.42,0.46,0.016293,1,0,0
0.44,0.46,0.029393,1,0,0
0.46,0.46,0.034321,1,0,0
0.48,0.46,0.041754,1,0,0
0.5,0.46,0.044238,1,0,0
0.52,0.46,0.052301,1,0,0
0.54,0.46,0.047367,1,0,0
0.56,0.46,0.042537,1,0,0
0.58,0.46,0.021285,1,0,0
0.6,0.46,0.004512,1,0,0
0.62,0.46,-0.018749,1,0,0
0.64,0.46,-0.024851,1,0,0
0.66,0.46,-0.035607,1,0,0
0.68,0.46,-0.04893,1,0,0
0.7,0.46,-0.050285,1,0,0
0.72,0.46,-0.042189,1,0,0
0.74,0.46,-0.048431,1,0,0
0.76,0.46,-0.045171,1,0,0
0.78,0.46,-0.038964,1,0,0
0.8,0.46,-0.027734,1,0,0
0.82,0.46,-0.01922,1,0,0
0.84,0.46,-0.012789,1,0,0
0.86,0.46,-0.029794,1,0,0
0.88,0.46,-0.038538,1,0,0
0.9,0.46,-0.034759,1,0,0
0.92,0.46,-0.038701,1,0,0
0.94,0.46,-0.025481,1,0,0
0.96,0.46,-0.037769,1,0,0
0.98,0.46,-0.035803,1,0,0
0.02,0.48,0.077778,1,0,0
0.04,0.48,0.067931,1,0,0
0.06,0.48,0.058903,1,0,0
0.08,0.48,0.039689,1,0,0
0.1,0.48,0.021768,1,0,0
0.12,0.48,0.010945,1,0,0
0.14,0.48,-0.010294,1,0,0
0.16,0.48,-0.021133,1,0,0
0.18,0.48,-0.021445,1,0,0
0.2,0.48,-0.02307,1,0,0
0.22,0.48,-0.040294,1,0,0
0.24,0.48,-0.044578,1,0,0
0.26,0.48,-0.052776,1,0,0
0.28,0.48,-0.042439,1,0,0
0.3,0.48,-0.041963,1,0,0
0.32,0.48,-0.03652,1,0,0
0.34,0.48,-0.038661,1,0,0
0.36,0.48,-0.026221,1,0,0
0.38,0.48,-0.011838,1,0,0
0.4,0.48,0.0063331,1,0,0
0.42,0.48,0.010765,1,0,0
0.44,0.48,0.020395,1,0,0
0.46,0.48,0.027602,1,0,0
0.48,0.48,0.052715,1,0,0
0.5,0.48,0.044339,1,0,0
0.52,0.48,0.045159,1,0,0
0.54,0.48,0.055757,1,0,0
0.56,0.48,0.04989,1,0,0
0.58,0.48,0.017722,1,0,0
0.6,0.48,0.0067309,1,0,0
0.62,0.48,-0.007579,1,0,0
0.64,0.48,-0.012766,1,0,0
0.66,0.48,-0.021441,1,0,0
0.68,0.48,-0.02715,1,0,0
0.7,0.48,-0.035393,1,0,0
0.72,0.48,-0.038348,1,0,0
0.74,0.48,-0.035693,1,0,0
0.76,0.48,-0.041906,1,0,0
0.78,0.48,-0.045355,1,0,0
0.8,0.48,-0.041002,1,0,0
0.82,0.48,-0.022166,1,0,0
0.84,0.48,-0.018258,1,0,0
0.86,0.48,-0.0255,1,0,0
0.88,0.48,-0.038768,1,0,0
0.9,0.48,-0.040461,1,0,0
0.92,0.48,-0.032661,1,0,0
0.94,0.48,-0.031704,1,0,0
0.96,0.48,-0.028904,1,0,0
0.98,0.48,-0.027639,1,0,0
0.02,0.5,0.067172,1,0,0
0.04,0.5,0.067019,1,0,0
0.06,0.5,0.057249,1,0,0
0.08,0.5,0.039549,1,0,0
0.1,0.5,0.027382,1,0,0
0.12,0.5,0.0047189,1,0,0
0.14,0.5,-0.017984,1,0,0
0.16,0.5,-0.03473,1,0,0
0.18,0.5,-0.022143,1,0,0
0.2,0.5,-0.016514,1,0,0
0.22,0.5,-0.038428,1,0,0
0.24,0.5,-0.03991,1,0,0
0.26,0.5,-0.042354,1,0,0
0.28,0.5,-0.044433,1,0,0
0.3,0.5,-0.044286,1,0,0
0.32,0.5,-0.051093,1,0,0
0.34,0.5,-0.066304,1,0,0
0.36,0.5,-0.046372,1,0,0
0.38,0.5,-0.022792,1,0,0
0.4,0.5,-0.0040994,1,0,0
0.42,0.5,0.002155,1,0,0
0.44,0.5,0.012935,1,0,0
0.46,0.5,0.018469,1,0,0
0.48,0.5,0.042854,1,0,0
0.5,0.5,0.039631,1,0,0
0.52,0.5,0.037137,1,0,0
0.54,0.5,0.049088,1,0,0
0.56,0.5,0.043237,1,0,0
0.58,0.5,0.023331,1,0,0
0.6,0.5,0.00067197,1,0,0
0.62,0.5,-0.0071246,1,0,0
0.64,0.5,-0.011392,1,0,0
0.66,0.5,-0.012654,1,0,0
0.68,0.5,-0.016762,1,0,0
0.7,0.5,-0.02763,1,0,0
0.72,0.5,-0.031282,1,0,0
0.74,0.5,-0.041613,1,0,0
0.76,0.5,-0.050485,1,0,0
0.78,0.5,-0.051731,1,0,0
0.8,0.5,-0.051545,1,0,0
0.82,0.5,-0.032173,1,0,0
0.84,0.5,-0.02391,1,0,0
0.86,0.5,-0.033978,1,0,0
0.88,0.5,-0.049241,1,0,0
0.9,0.5,-0.055213,1,0,0
0.92,0.5,-0.048598,1,0,0
0.94,0.5,-0.040458,1,0,0
0.96,0.5,-0.037355,1,0,0
0.98,0.5,-0.019718,1,0,0
0.02,0.52,0.05564,1,0,0
0.04,0.52,0.045858,1,0,0
0.06,0.52,0.036855,1,0,0
0.08,0.52,0.027971,1,0,0
0.1,0.52,0.01008,1,0,0
0.12,0.52,0.0054713,1,0,0
0.14,0.52,-0.020082,1,0,0
0.16,0.52,-0.035177,1,0,0
0.18,0.52,-0.029962,1,0,0
0.2,0.52,-0.030661,1,0,0
0.22,0.52,-0.0392,1,0,0
0.24,0.52,-0.047921,1,0,0
0.26,0.52,-0.051717,1,0,0
0.28,0.52,-0.053655,1,0,0
0.3,0.52,-0.057575,1,0,0
0.32,0.52,-0.069833,1,0,0
0.34,0.52,-0.07669,1,0,0
0.36,0.52,-0.058472,1,0,0
0.38,0.52,-0.039172,1,0,0
0.4,0.52,-0.03047,1,0,0
0.42,0.52,-0.012284,1,0,0
0.44,0.52,-0.0015076,1,0,0
0.46,0.52,0.0054598,1,0,0
0.48,0.52,0.016196,1,0,0
0.5,0.52,0.02616,1,0,0
0.52,0.52,0.02749,1,0,0
0.54,0.52,0.036167,1,0,0
0.56,0.52,0.032864,1,0,0
0.58,0.52,0.011393,1,0,0
0.6,0.52,-0.0069127,1,0,0
0.62,0.52,-0.018538,1,0,0
0.64,0.52,-0.018728,1,0,0
0.66,0.52,-0.0098704,1,0,0
0.68,0.52,-0.019448,1,0,0
0.7,0.52,-0.023673,1,0,0
0.72,0.52,-0.031154,1,0,0
0.74,0.52,-0.037569,1,0,0
0.76,0.52,-0.060059,1,0,0
0.78,0.52,-0.070152,1,0,0
0.8,0.52,-0.062523,1,0,0
0.82,0.52,-0.05103,1,0,0
0.84,0.52,-0.045138,1,0,0
0.86,0.52,-0.047992,1,0,0
0.88,0.52,-0.06427,1,0,0
0.9,0.52,-0.068028,1,0,0
0.92,0.52,-0.062599,1,0,0
0.94,0.52,-0.043473,1,0,0
0.96,0.52,-0.042118,1,0,0
0.98,0.52,-0.034625,1,0,0
0.02,0.54,0.042363,1,0,0
0.04,0.54,0.034467,1,0,0
0.06,0.54,0.022481,1,0,0
0.08,0.54,0.018134,1,0,0
0.1,0.54,0.0032651,1,0,0
0.12,0.54,-0.00092131,1,0,0
0.14,0.54,-0.015225,1,0,0
0.16,0.54,-0.031867,1,0,0
0.18,0.54,-0.041714,1,0,0
0.2,0.54,-0.041029,1,0,0
0.22,0.54,-0.049137,1,0,0
0.24,0.54,-0.056853,1,0,0
0.26,0.54,-0.063486,1,0,0
0.28,0.54,-0.064464,1,0,0
0.3,0.54,-0.063116,1,0,0
0.32,0.54,-0.072471,1,0,0
0.34,0.54,-0.074712,1,0,0
0.36,0.54,-0.059044,1,0,0
0.38,0.54,-0.045506,1,0,0
0.4,0.54,-0.043618,1,0,0
0.42,0.54,-0.024073,1,0,0
0.44,0.54,-0.013489,1,0,0
0.46,0.54,-0.0045328,1,0,0
0.48,0.54,0.001536,1,0,0
0.5,0.54,0.0059139,1,0,0
0.52,0.54,0.0068744,1,0,0
0.54,0.54,0.017711,1,0,0
0.56,0.54,0.017345,1,0,0
0.58,0.54,0.0074679,1,0,0
0.6,0.54,-0.0066264,1,0,0
0.62,0.54,-0.017356,1,0,0
0.64,0.54,-0.017985,1,0,0
0.66,0.54,-0.011843,1,0,0
0.68,0.54,-0.026922,1,0,0
0.7,0.54,-0.033351,1,0,0
0.72,0.54,-0.03808,1,0,0
0.74,0.54,-0.042149,1,0,0
0.76,0.54,-0.065042,1,0,0
0.78,0.54,-0.071894,1,0,0
0.8,0.54,-0.067962,1,0,0
0.82,0.54,-0.056966,1,0,0
0.84,0.54,-0.059741,1,0,0
0.86,0.54,-0.065445,1,0,0
0.88,0.54,-0.068147,1,0,0
0.9,0.54,-0.069985,1,0,0
0.92,0.54,-0.060067,1,0,0
0.94,0.54,-0.041679,1,0,0
0.96,0.54,-0.041394,1,0,0
0.98,0.54,-0.039506,1,0,0
0.02,0.56,0.024032,1,0,0
0.04,0.56,0.030555,1,0,0
0.06,0.56,0.021074,1,0,0
0.08,0.56,0.011087,1,0,0
0.1,0.56,0.00011236,1,0,0
0.12,0.56,-0.011933,1,0,0
0.14,0.56,-0.023211,1,0,0
0.16,0.56,-0.037831,1,0,0
0.18,0.56,-0.044321,1,0,0
0.2,0.56,-0.053207,1,0,0
0.22,0.56,-0.064124,1,0,0
0.24,0.56,-0.063564,1,0,0
0.26,0.56,-0.070389,1,0,0
0.28,0.56,-0.068085,1,0,0
0.3,0.56,-0.063998,1,0,0
0.32,0.56,-0.071308,1,0,0
0.34,0.56,-0.074574,1,0,0
0.36,0.56,-0.062323,1,0,0
0.38,0.56,-0.045139,1,0,0
0.4,0.56,-0.03899,1,0,0
0.42,0.56,-0.036327,1,0,0
0.44,0.56,-0.016628,1,0,0
0.46,0.56,-0.0034291,1,0,0
0.48,0.56,-0.0016918,1,0,0
0.5,0.56,-0.0136,1,0,0
0.52,0.56,-0.021483,1,0,0
0.54,0.56,-0.013943,1,0,0
0.56,0.56,-0.0042678,1,0,0
0.58,0.56,0.0077689,1,0,0
0.6,0.56,-0.0088726,1,0,0
0.62,0.56,-0.015891,1,0,0
0.64,0.56,-0.013241,1,0,0
0.66,0.56,-0.019873,1,0,0
0.68,0.56,-0.0315,1,0,0
0.7,0.56,-0.048534,1,0,0
0.72,0.56,-0.055013,1,0,0
0.74,0.56,-0.066876,1,0,0
0.76,0.56,-0.06938,1,0,0
0.78,0.56,-0.065894,1,0,0
0.8,0.56,-0.066315,1,0,0
0.82,0.56,-0.060615,1,0,0
0.84,0.56,-0.061184,1,0,0
0.86,0.56,-0.068528,1,0,0
0.88,0.56,-0.065875,1,0,0
0.9,0.56,-0.055608,1,0,0
0.92,0.56,-0.052887,1,0,0
0.94,0.56,-0.048982,1,0,0
0.96,0.56,-0.043287,1,0,0
0.98,0.56,-0.030496,1,0,0
0.02,0.58,0.018255,1,0,0
0.04,0.58,0.017492,1,0,0
0.06,0.58,0.0083518,1,0,0
0.08,0.58,0.007301,1,0,0
0.1,0.58,-0.0029037,1,0,0
0.12,0.58,-0.0036357,1,0,0
0.14,0.58,-0.015364,1,0,0
0.16,0.58,-0.029019,1,0,0
0.18,0.58,-0.044712,1,0,0
0.2,0.58,-0.052594,1,0,0
0.22,0.58,-0.068506,1,0,0
0.24,0.58,-0.075662,1,0,0
0.26,0.58,-0.073828,1,0,0
0.28,0.58,-0.064067,1,0,0
0.3,0.58,-0.067136,1,0,0
0.32,0.58,-0.060523,1,0,0
0.34,0.58,-0.053564,1,0,0
0.36,0.58,-0.048133,1,0,0
0.38,0.58,-0.040052,1,0,0
0.4,0.58,-0.025114,1,0,0
0.42,0.58,-0.022886,1,0,0
0.44,0.58,-0.016063,1,0,0
0.46,0.58,-0.0008475,1,0,0
0.48,0.58,0.0052906,1,0,0
0.5,0.58,-0.017348,1,0,0
0.52,0.58,-0.022248,1,0,0
0.54,0.58,-0.015967,1,0,0
0.56,0.58,-0.0037858,1,0,0
0.58,0.58,-0.0050219,1,0,0
0.6,0.58,-0.002909,1,0,0
0.62,0.58,-0.014778,1,0,0
0.64,0.58,-0.015859,1,0,0
0.66,0.58,-0.026883,1,0,0
0.68,0.58,-0.033729,1,0,0
0.7,0.58,-0.040326,1,0,0
0.72,0.58,-0.052632,1,0,0
0.74,0.58,-0.058299,1,0,0
0.76,0.58,-0.052681,1,0,0
0.78,0.58,-0.053332,1,0,0
0.8,0.58,-0.056154,1,0,0
0.82,0.58,-0.051022,1,0,0
0.84,0.58,-0.052596,1,0,0
0.86,0.58,-0.057468,1,0,0
0.88,0.58,-0.048669,1,0,0
0.9,0.58,-0.034274,1,0,0
0.92,0.58,-0.035646,1,0,0
0.94,0.58,-0.032035,1,0,0
0.96,0.58,-0.031519,1,0,0
0.98,0.58,-0.026439,1,0,0
0.02,0.6,-0.00025528,1,0,0
0.04,0.6,0.0082558,1,0,0
0.06,0.6,0.0027843,1,0,0
0.08,0.6,-0.0031726,1,0,0
0.1,0.6,-0.005536,1,0,0
0.12,0.6,-0.0018602,1,0,0
0.14,0.6,-0.014177,1,0,0
0.16,0.6,-0.030596,1,0,0
0.18,0.6,-0.040103,1,0,0
0.2,0.6,-0.048236,1,0,0
0.22,0.6,-0.060824,1,0,0
0.24,0.6,-0.065299,1,0,0
0.26,0.6,-0.067329,1,0,0
0.28,0.6,-0.062621,1,0,0
0.3,0.6,-0.066867,1,0,0
0.32,0.6,-0.0542,1,0,0
0.34,0.6,-0.051711,1,0,0
0.36,0.6,-0.042125,1,0,0
0.38,0.6,-0.042979,1,0,0
0.4,0.6,-0.017628,1,0,0
0.42,0.6,-0.0088402,1,0,0
0.44,0.6,0.0028888,1,0,0
0.46,0.6,0.0085862,1,0,0
0.48,0.6,0.00036342,1,0,0
0.5,0.6,-0.013016,1,0,0
0.52,0.6,-0.0082938,1,0,0
0.54,0.6,-0.015544,1,0,0
0.56,0.6,-0.0087633,1,0,0
0.58,0.6,-0.0075783,1,0,0
0.6,0.6,-0.011783,1,0,0
0.62,0.6,-0.018859,1,0,0
0.64,0.6,-0.018467,1,0,0
0.66,0.6,-0.032373,1,0,0
0.68,0.6,-0.042934,1,0,0
0.7,0.6,-0.037734,1,0,0
0.72,0.6,-0.038707,1,0,0
0.74,0.6,-0.049081,1,0,0
0.76,0.6,-0.045754,1,0,0
0.78,0.6,-0.043024,1,0,0
0.8,0.6,-0.043726,1,0,0
0.82,0.6,-0.039764,1,0,0
0.84,0.6,-0.027956,1,0,0
0.86,0.6,-0.041306,1,0,0
0.88,0.6,-0.03821,1,0,0
0.9,0.6,-0.025149,1,0,0
0.92,0.6,-0.029311,1,0,0
0.94,0.6,-0.023193,1,0,0
0.96,0.6,-0.024271,1,0,0
0.98,0.6,-0.023122,1,0,0
0.02,0.62,-0.016675,1,0,0
0.04,0.62,-0.0084258,1,0,0
0.06,0.62,-0.0057477,1,0,0
0.08,0.62,-0.0046279,1,0,0
0.1,0.62,-0.014433,1,0,0
0.12,0.62,-0.019854,1,0,0
0.14,0.62,-0.025535,1,0,0
0.16,0.62,-0.039276,1,0,0
0.18,0.62,-0.048672,1,0,0
0.2,0.62,-0.045754,1,0,0
0.22,0.62,-0.046975,1,0,0
0.24,0.62,-0.05278,1,0,0
0.26,0.62,-0.062391,1,0,0
0.28,0.62,-0.057501,1,0,0
0.3,0.62,-0.063964,1,0,0
0.32,0.62,-0.064993,1,0,0
0.34,0.62,-0.058467,1,0,0
0.36,0.62,-0.055033,1,0,0
0.38,0.62,-0.041881,1,0,0
0.4,0.62,-0.015653,1,0,0
0.42,0.62,-0.00097185,1,0,0
0.44,0.62,0.012588,1,0,0
0.46,0.62,0.0089063,1,0,0
0.48,0.62,0.0060114,1,0,0
0.5,0.62,-0.0070596,1,0,0
0.52,0.62,-0.0090342,1,0,0
0.54,0.62,-0.012559,1,0,0
0.56,0.62,-0.019165,1,0,0
0.58,0.62,-0.01189,1,0,0
0.6,0.62,-0.011468,1,0,0
0.62,0.62,-0.018232,1,0,0
0.64,0.62,-0.014644,1,0,0
0.66,0.62,-0.028639,1,0,0
0.68,0.62,-0.039719,1,0,0
0.7,0.62,-0.039889,1,0,0
0.72,0.62,-0.032124,1,0,0
0.74,0.62,-0.039526,1,0,0
0.76,0.62,-0.041481,1,0,0
0.78,0.62,-0.042171,1,0,0
0.8,0.62,-0.036476,1,0,0
0.82,0.62,-0.023551,1,0,0
0.84,0.62,-0.022255,1,0,0
0.86,0.62,-0.023109,1,0,0
0.88,0.62,-0.019712,1,0,0
0.9,0.62,-0.022994,1,0,0
0.92,0.62,-0.032617,1,0,0
0.94,0.62,-0.027169,1,0,0
0.96,0.62,-0.021157,1,0,0
0.98,0.62,-0.020044,1,0,0
0.02,0.64,-0.025459,1,0,0
0.04,0.64,-0.016088,1,0,0
0.06,0.64,-0.0095242,1,0,0
0.08,0.64,-0.0013999,1,0,0
0.1,0.64,-0.016784,1,0,0
0.12,0.64,-0.028451,1,0,0
0.14,0.64,-0.032369,1,0,0
0.16,0.64,-0.032154,1,0,0
0.18,0.64,-0.040898,1,0,0
0.2,0.64,-0.036515,1,0,0
0.22,0.64,-0.045347,1,0,0
0.24,0.64,-0.053592,1,0,0
0.26,0.64,-0.064654,1,0,0
0.28,0.64,-0.060767,1,0,0
0.3,0.64,-0.048698,1,0,0
0.32,0.64,-0.054152,1,0,0
0.34,0.64,-0.054395,1,0,0
0.36,0.64,-0.049393,1,0,0
0.38,0.64,-0.030754,1,0,0
0.4,0.64,-0.013775,1,0,0
0.42,0.64,0.0033643,1,0,0
0.44,0.64,0.0083336,1,0,0
0.46,0.64,0.015142,1,0,0
0.48,0.64,0.010894,1,0,0
0.5,0.64,0.0028214,1,0,0
0.52,0.64,-7.0624e-05,1,0,0
0.54,0.64,-0.0092726,1,0,0
0.56,0.64,-0.011517,1,0,0
0.58,0.64,-0.0049368,1,0,0
0.6,0.64,-0.0049952,1,0,0
0.62,0.64,-0.008552,1,0,0
0.64,0.64,-0.0093663,1,0,0
0.66,0.64,-0.013963,1,0,0
0.68,0.64,-0.018482,1,0,0
0.7,0.64,-0.017683,1,0,0
0.72,0.64,-0.016339,1,0,0
0.74,0.64,-0.021621,1,0,0
0.76,0.64,-0.036218,1,0,0
0.78,0.64,-0.032797,1,0,0
0.8,0.64,-0.034313,1,0,0
0.82,0.64,-0.021553,1,0,0
0.84,0.64,-0.019356,1,0,0
0.86,0.64,-0.015556,1,0,0
0.88,0.64,-0.0033702,1,0,0
0.9,0.64,-0.0050228,1,0,0
0.92,0.64,-0.020183,1,0,0
0.94,0.64,-0.017675,1,0,0
0.96,0.64,-0.011315,1,0,0
0.98,0.64,-0.012483,1,0,0
0.02,0.66,-0.0169,1,0,0
0.04,0.66,-0.0088107,1,0,0
0.06,0.66,-0.0052886,1,0,0
0.08,0.66,-0.0096468,1,0,0
0.1,0.66,-0.026121,1,0,0
0.12,0.66,-0.027486,1,0,0
0.14,0.66,-0.034745,1,0,0
0.16,0.66,-0.034507,1,0,0
0.18,0.66,-0.028699,1,0,0
0.2,0.66,-0.037672,1,0,0
0.22,0.66,-0.039446,1,0,0
0.24,0.66,-0.049029,1,0,0
0.26,0.66,-0.059826,1,0,0
0.28,0.66,-0.060069,1,0,0
0.3,0.66,-0.049852,1,0,0
0.32,0.66,-0.038282,1,0,0
0.34,0.66,-0.042204,1,0,0
0.36,0.66,-0.034691,1,0,0
0.38,0.66,-0.025636,1,0,0
0.4,0.66,-0.014403,1,0,0
0.42,0.66,0.0038431,1,0,0
0.44,0.66,0.015195,1,0,0
0.46,0.66,0.019121,1,0,0
0.48,0.66,0.016042,1,0,0
0.5,0.66,0.016606,1,0,0
0.52,0.66,0.0045897,1,0,0
0.54,0.66,0.0023518,1,0,0
0.56,0.66,-0.0084878,1,0,0
0.58,0.66,-0.0034707,1,0,0
0.6,0.66,0.006202,1,0,0
0.62,0.66,0.01267,1,0,0
0.64,0.66,0.0080809,1,0,0
0.66,0.66,0.0069387,1,0,0
0.68,0.66,-0.0074102,1,0,0
0.7,0.66,0.002848,1,0,0
0.72,0.66,-0.0021418,1,0,0
0.74,0.66,-0.0089896,1,0,0
0.76,0.66,-0.017835,1,0,0
0.78,0.66,-0.027018,1,0,0
0.8,0.66,-0.026354,1,0,0
0.82,0.66,-0.023903,1,0,0
0.84,0.66,-0.012887,1,0,0
0.86,0.66,-0.0048196,1,0,0
0.88,0.66,0.00061608,1,0,0
0.9,0.66,0.007003,1,0,0
0.92,0.66,-0.0048532,1,0,0
0.94,0.66,-0.0077829,1,0,0
0.96,0.66,-0.012593,1,0,0
0.98,0.66,-0.0084558,1,0,0
0.02,0.68,-0.015496,1,0,0
0.04,0.68,0.0036749,1,0,0
0.06,0.68,-0.0015462,1,0,0
0.08,0.68,-0.02202,1,0,0
0.1,0.68,-0.040794,1,0,0
0.12,0.68,-0.043852,1,0,0
0.14,0.68,-0.044609,1,0,0
0.16,0.68,-0.045573,1,0,0
0.18,0.68,-0.035532,1,0,0
0.2,0.68,-0.026142,1,0,0
0.22,0.68,-0.038278,1,0,0
0.24,0.68,-0.043394,1,0,0
0.26,0.68,-0.05292,1,0,0
0.28,0.68,-0.061083,1,0,0
0.3,0.68,-0.050814,1,0,0
0.32,0.68,-0.038992,1,0,0
0.34,0.68,-0.032189,1,0,0
0.36,0.68,-0.030738,1,0,0
0.38,0.68,-0.032273,1,0,0
0.4,0.68,-0.017252,1,0,0
0.42,0.68,0.01186,1,0,0
0.44,0.68,0.023528,1,0,0
0.46,0.68,0.026929,1,0,0
0.48,0.68,0.033438,1,0,0
0.5,0.68,0.021515,1,0,0
0.52,0.68,0.0089222,1,0,0
0.54,0.68,0.0099092,1,0,0
0.56,0.68,0.0032497,1,0,0
0.58,0.68,0.0011388,1,0,0
0.6,0.68,0.015961,1,0,0
0.62,0.68,0.028574,1,0,0
0.64,0.68,0.019273,1,0,0
0.66,0.68,0.012428,1,0,0
0.68,0.68,0.010325,1,0,0
0.7,0.68,0.0077836,1,0,0
0.72,0.68,0.0078356,1,0,0
0.74,0.68,0.0026904,1,0,0
0.76,0.68,-0.010569,1,0,0
0.78,0.68,-0.007849,1,0,0
0.8,0.68,-0.010079,1,0,0
0.82,0.68,-0.00065174,1,0,0
0.84,0.68,-0.00027205,1,0,0
0.86,0.68,0.0042071,1,0,0
0.88,0.68,0.0041711,1,0,0
0.9,0.68,0.0029964,1,0,0
0.92,0.68,-0.0027625,1,0,0
0.94,0.68,-0.0073024,1,0,0
0.96,0.68,-0.022077,1,0,0
0.98,0.68,-0.01549,1,0,0
0.02,0.7,-0.014792,1,0,0
0.04,0.7,-0.0017564,1,0,0
0.06,0.7,-0.0014582,1,0,0
0.08,0.7,-0.031554,1,0,0
0.1,0.7,-0.046116,1,0,0
0.12,0.7,-0.042307,1,0,0
0.14,0.7,-0.047185,1,0,0
0.16,0.7,-0.047197,1,0,0
0.18,0.7,-0.03461,1,0,0
0.2,0.7,-0.031498,1,0,0
0.22,0.7,-0.04488,1,0,0
0.24,0.7,-0.040596,1,0,0
0.26,0.7,-0.054159,1,0,0
0.28,0.7,-0.057164,1,0,0
0.3,0.7,-0.048298,1,0,0
0.32,0.7,-0.031643,1,0,0
0.34,0.7,-0.026129,1,0,0
0.36,0.7,-0.01277,1,0,0
0.38,0.7,-0.0074435,1,0,0
0.4,0.7,-0.0053386,1,0,0
0.42,0.7,0.005091,1,0,0
0.44,0.7,0.026394,1,0,0
0.46,0.7,0.027245,1,0,0
0.48,0.7,0.045758,1,0,0
0.5,0.7,0.036089,1,0,0
0.52,0.7,0.019567,1,0,0
0.54,0.7,0.01793,1,0,0
0.56,0.7,0.019604,1,0,0
0.58,0.7,0.016476,1,0,0
0.6,0.7,0.018205,1,0,0
0.62,0.7,0.015889,1,0,0
0.64,0.7,0.017205,1,0,0
0.66,0.7,0.015256,1,0,0
0.68,0.7,0.015351,1,0,0
0.7,0.7,0.018657,1,0,0
0.72,0.7,0.021584,1,0,0
0.74,0.7,0.0167,1,0,0
0.76,0.7,0.0084472,1,0,0
0.78,0.7,0.01375,1,0,0
0.8,0.7,0.0087047,1,0,0
0.82,0.7,0.0087233,1,0,0
0.84,0.7,0.0052895,1,0,0
0.86,0.7,0.013494,1,0,0
0.88,0.7,0.011241,1,0,0
0.9,0.7,0.0062944,1,0,0
0.92,0.7,-0.0027041,1,0,0
0.94,0.7,-0.024623,1,0,0
0.96,0.7,-0.02484,1,0,0
0.98,0.7,-0.0079071,1,0,0
0.02,0.72,-0.0066787,1,0,0
0.04,0.72,-0.0037862,1,0,0
0.06,0.72,-0.0072677,1,0,0
0.08,0.72,-0.022525,1,0,0
0.1,0.72,-0.044257,1,0,0
0.12,0.72,-0.050933,1,0,0
0.14,0.72,-0.051885,1,0,0
0.16,0.72,-0.052884,1,0,0
0.18,0.72,-0.046582,1,0,0
0.2,0.72,-0.042504,1,0,0
0.22,0.72,-0.047228,1,0,0
0.24,0.72,-0.051005,1,0,0
0.26,0.72,-0.057269,1,0,0
0.28,0.72,-0.051486,1,0,0
0.3,0.72,-0.038571,1,0,0
0.32,0.72,-0.019076,1,0,0
0.34,0.72,-0.0197,1,0,0
0.36,0.72,0.0098276,1,0,0
0.38,0.72,0.0073008,1,0,0
0.4,0.72,0.01266,1,0,0
0.42,0.72,0.016425,1,0,0
0.44,0.72,0.0267,1,0,0
0.46,0.72,0.031652,1,0,0
0.48,0.72,0.046293,1,0,0
0.5,0.72,0.032747,1,0,0
0.52,0.72,0.022063,1,0,0
0.54,0.72,0.026349,1,0,0
0.56,0.72,0.034082,1,0,0
0.58,0.72,0.024336,1,0,0
0.6,0.72,0.023175,1,0,0
0.62,0.72,0.010948,1,0,0
0.64,0.72,0.0058409,1,0,0
0.66,0.72,0.018224,1,0,0
0.68,0.72,0.026186,1,0,0
0.7,0.72,0.026894,1,0,0
0.72,0.72,0.030198,1,0,0
0.74,0.72,0.025295,1,0,0
0.76,0.72,0.018524,1,0,0
0.78,0.72,0.016954,1,0,0
0.8,0.72,0.0286,1,0,0
0.82,0.72,0.023699,1,0,0
0.84,0.72,0.020627,1,0,0
0.86,0.72,0.018432,1,0,0
0.88,0.72,0.019043,1,0,0
0.9,0.72,0.0083143,1,0,0
0.92,0.72,-0.01134,1,0,0
0.94,0.72,-0.01566,1,0,0
0.96,0.72,-0.025909,1,0,0
0.98,0.72,-0.0044608,1,0,0
0.02,0.74,0.0045665,1,0,0
0.04,0.74,0.0033777,1,0,0
0.06,0.74,-0.007031,1,0,0
0.08,0.74,-0.020783,1,0,0
0.1,0.74,-0.042919,1,0,0
0.12,0.74,-0.049071,1,0,0
0.14,0.74,-0.066269,1,0,0
0.16,0.74,-0.064073,1,0,0
0.18,0.74,-0.064363,1,0,0
0.2,0.74,-0.058487,1,0,0
0.22,0.74,-0.053337,1,0,0
0.24,0.74,-0.043331,1,0,0
0.26,0.74,-0.049854,1,0,0
0.28,0.74,-0.043477,1,0,0
0.3,0.74,-0.025815,1,0,0
0.32,0.74,-0.014393,1,0,0
0.34,0.74,-0.0028443,1,0,0
0.36,0.74,0.018154,1,0,0
0.38,0.74,0.026253,1,0,0
0.4,0.74,0.020592,1,0,0
0.42,0.74,0.024513,1,0,0
0.44,0.74,0.034736,1,0,0
0.46,0.74,0.033423,1,0,0
0.48,0.74,0.0336,1,0,0
0.5,0.74,0.022752,1,0,0
0.52,0.74,0.023352,1,0,0
0.54,0.74,0.022644,1,0,0
0.56,0.74,0.030071,1,0,0
0.58,0.74,0.023737,1,0,0
0.6,0.74,0.029552,1,0,0
0.62,0.74,0.016899,1,0,0
0.64,0.74,0.019738,1,0,0
0.66,0.74,0.020349,1,0,0
0.68,0.74,0.019255,1,0,0
0.7,0.74,0.017733,1,0,0
0.72,0.74,0.02599,1,0,0
0.74,0.74,0.027751,1,0,0
0.76,0.74,0.022865,1,0,0
0.78,0.74,0.023554,1,0,0
0.8,0.74,0.02835,1,0,0
0.82,0.74,0.034472,1,0,0
0.84,0.74,0.034232,1,0,0
0.86,0.74,0.029941,1,0,0
0.88,0.74,0.016317,1,0,0
0.9,0.74,0.0063409,1,0,0
0.92,0.74,-0.0090813,1,0,0
0.94,0.74,-0.014466,1,0,0
0.96,0.74,-0.016241,1,0,0
0.98,0.74,-0.003823,1,0,0
0.02,0.76,0.004843,1,0,0
0.04,0.76,0.005694,1,0,0
0.06,0.76,-0.0074512,1,0,0
0.08,0.76,-0.022905,1,0,0
0.1,0.76,-0.035902,1,0,0
0.12,0.76,-0.051353,1,0,0
0.14,0.76,-0.061504,1,0,0
0.16,0.76,-0.065313,1,0,0
0.18,0.76,-0.058699,1,0,0
0.2,0.76,-0.047403,1,0,0
0.22,0.76,-0.0525,1,0,0
0.24,0.76,-0.0508,1,0,0
0.26,0.76,-0.048653,1,0,0
0.28,0.76,-0.028091,1,0,0
0.3,0.76,-0.0046752,1,0,0
0.32,0.76,0.0088741,1,0,0
0.34,0.76,0.019974,1,0,0
0.36,0.76,0.028225,1,0,0
0.38,0.76,0.029305,1,0,0
0.4,0.76,0.028254,1,0,0
0.42,0.76,0.029396,1,0,0
0.44,0.76,0.033152,1,0,0
0.46,0.76,0.029747,1,0,0
0.48,0.76,0.030598,1,0,0
0.5,0.76,0.020215,1,0,0
0.52,0.76,0.017201,1,0,0
0.54,0.76,0.027485,1,0,0
0.56,0.76,0.026207,1,0,0
0.58,0.76,0.030893,1,0,0
0.6,0.76,0.024613,1,0,0
0.62,0.76,0.020965,1,0,0
0.64,0.76,0.020294,1,0,0
0.66,0.76,0.017262,1,0,0
0.68,0.76,0.0121,1,0,0
0.7,0.76,0.016054,1,0,0
0.72,0.76,0.030503,1,0,0
0.74,0.76,0.032614,1,0,0
0.76,0.76,0.030765,1,0,0
0.78,0.76,0.028959,1,0,0
0.8,0.76,0.025253,1,0,0
0.82,0.76,0.036115,1,0,0
0.84,0.76,0.033858,1,0,0
0.86,0.76,0.020925,1,0,0
0.88,0.76,0.011508,1,0,0
0.9,0.76,0.0044684,1,0,0
0.92,0.76,0.0040132,1,0,0
0.94,0.76,0.0029796,1,0,0
0.96,0.76,0.0014673,1,0,0
0.98,0.76,0.0012432,1,0,0
0.02,0.78,-0.0019897,1,0,0
0.04,0.78,-0.0065389,1,0,0
0.06,0.78,-0.020367,1,0,0
0.08,0.78,-0.031916,1,0,0
0.1,0.78,-0.046883,1,0,0
0.12,0.78,-0.055892,1,0,0
0.14,0.78,-0.06646,1,0,0
0.16,0.78,-0.068311,1,0,0
0.18,0.78,-0.052993,1,0,0
0.2,0.78,-0.042493,1,0,0
0.22,0.78,-0.045993,1,0,0
0.24,0.78,-0.054182,1,0,0
0.26,0.78,-0.038048,1,0,0
0.28,0.78,-0.010573,1,0,0
0.3,0.78,0.0038217,1,0,0
0.32,0.78,0.0088957,1,0,0
0.34,0.78,0.015951,1,0,0
0.36,0.78,0.020426,1,0,0
0.38,0.78,0.020402,1,0,0
0.4,0.78,0.027582,1,0,0
0.42,0.78,0.022471,1,0,0
0.44,0.78,0.012625,1,0,0
0.46,0.78,0.030537,1,0,0
0.48,0.78,0.032967,1,0,0
0.5,0.78,0.021168,1,0,0
0.52,0.78,0.0074938,1,0,0
0.54,0.78,0.013154,1,0,0
0.56,0.78,0.017185,1,0,0
0.58,0.78,0.020715,1,0,0
0.6,0.78,0.012675,1,0,0
0.62,0.78,0.015563,1,0,0
0.64,0.78,0.015513,1,0,0
0.66,0.78,0.012488,1,0,0
0.68,0.78,0.0012967,1,0,0
0.7,0.78,0.0074674,1,0,0
0.72,0.78,0.019529,1,0,0
0.74,0.78,0.033642,1,0,0
0.76,0.78,0.035583,1,0,0
0.78,0.78,0.029214,1,0,0
0.8,0.78,0.019702,1,0,0
0.82,0.78,0.019016,1,0,0
0.84,0.78,0.019783,1,0,0
0.86,0.78,0.0091755,1,0,0
0.88,0.78,0.0037123,1,0,0
0.9,0.78,0.0056844,1,0,0
0.92,0.78,-0.0016656,1,0,0
0.94,0.78,0.0035973,1,0,0
0.96,0.78,0.0041531,1,0,0
0.98,0.78,0.0027907,1,0,0
0.02,0.8,-0.0044333,1,0,0
0.04,0.8,-0.010422,1,0,0
0.06,0.8,-0.027745,1,0,0
0.08,0.8,-0.038108,1,0,0
0.1,0.8,-0.052918,1,0,0
0.12,0.8,-0.058479,1,0,0
0.14,0.8,-0.077626,1,0,0
0.16,0.8,-0.069446,1,0,0
0.18,0.8,-0.048955,1,0,0
0.2,0.8,-0.035625,1,0,0
0.22,0.8,-0.036644,1,0,0
0.24,0.8,-0.038642,1,0,0
0.26,0.8,-0.024188,1,0,0
0.28,0.8,-0.0037524,1,0,0
0.3,0.8,0.010657,1,0,0
0.32,0.8,0.0093857,1,0,0
0.34,0.8,0.002409,1,0,0
0.36,0.8,-0.0030725,1,0,0
0.38,0.8,0.0070767,1,0,0
0.4,0.8,0.012989,1,0,0
0.42,0.8,0.016125,1,0,0
0.44,0.8,0.014101,1,0,0
0.46,0.8,0.027133,1,0,0
0.48,0.8,0.020132,1,0,0
0.5,0.8,0.0062619,1,0,0
0.52,0.8,-0.00095013,1,0,0
0.54,0.8,0.0013228,1,0,0
0.56,0.8,0.0082292,1,0,0
0.58,0.8,0.0099017,1,0,0
0.6,0.8,0.0065268,1,0,0
0.62,0.8,-0.00055244,1,0,0
0.64,0.8,0.0065588,1,0,0
0.66,0.8,0.00047048,1,0,0
0.68,0.8,-0.018006,1,0,0
0.7,0.8,-0.0035357,1,0,0
0.72,0.8,0.0062689,1,0,0
0.74,0.8,0.016291,1,0,0
0.76,0.8,0.022713,1,0,0
0.78,0.8,0.021086,1,0,0
0.8,0.8,0.0097375,1,0,0
0.82,0.8,0.015418,1,0,0
0.84,0.8,0.014235,1,0,0
0.86,0.8,-0.0041697,1,0,0
0.88,0.8,-0.019837,1,0,0
0.9,0.8,-0.0092328,1,0,0
0.92,0.8,-0.0062546,1,0,0
0.94,0.8,0.0019233,1,0,0
0.96,0.8,0.0056907,1,0,0
0.98,0.8,7.2932e-05,1,0,0
0.02,0.82,0.0057288,1,0,0
0.04,0.82,-0.011838,1,0,0
0.06,0.82,-0.028917,1,0,0
0.08,0.82,-0.034558,1,0,0
0.1,0.82,-0.03754,1,0,0
0.12,0.82,-0.050822,1,0,0
0.14,0.82,-0.054347,1,0,0
0.16,0.82,-0.058911,1,0,0
0.18,0.82,-0.05405,1,0,0
0.2,0.82,-0.038092,1,0,0
0.22,0.82,-0.030559,1,0,0
0.24,0.82,-0.020942,1,0,0
0.26,0.82,-0.014185,1,0,0
0.28,0.82,0.0049862,1,0,0
0.3,0.82,0.0092944,1,0,0
0.32,0.82,0.0034329,1,0,0
0.34,0.82,0.0023138,1,0,0
0.36,0.82,0.0061242,1,0,0
0.38,0.82,0.0033393,1,0,0
0.4,0.82,0.015878,1,0,0
0.42,0.82,0.011314,1,0,0
0.44,0.82,0.014753,1,0,0
0.46,0.82,0.01789,1,0,0
0.48,0.82,0.01257,1,0,0
0.5,0.82,-0.002078,1,0,0
0.52,0.82,0.0017543,1,0,0
0.54,0.82,0.0068792,1,0,0
0.56,0.82,0.0031653,1,0,0
0.58,0.82,0.0066878,1,0,0
0.6,0.82,-0.0015952,1,0,0
0.62,0.82,0.0012938,1,0,0
0.64,0.82,-0.0018422,1,0,0
0.66,0.82,-0.0072445,1,0,0
0.68,0.82,-0.012661,1,0,0
0.7,0.82,-0.014466,1,0,0
0.72,0.82,0.0042237,1,0,0
0.74,0.82,0.014983,1,0,0
0.76,0.82,0.015748,1,0,0
0.78,0.82,0.0072429,1,0,0
0.8,0.82,0.0012521,1,0,0
0.82,0.82,0.0075979,1,0,0
0.84,0.82,0.0092789,1,0,0
0.86,0.82,-0.0060081,1,0,0
0.88,0.82,-0.011127,1,0,0
0.9,0.82,-0.0098167,1,0,0
0.92,0.82,-0.0020222,1,0,0
0.94,0.82,0.010158,1,0,0
0.96,0.82,0.0076614,1,0,0
0.98,0.82,-0.0035872,1,0,0
0.02,0.84,0.017392,1,0,0
0.04,0.84,0.0018226,1,0,0
0.06,0.84,-0.010831,1,0,0
0.08,0.84,-0.013251,1,0,0
0.1,0.84,-0.02261,1,0,0
0.12,0.84,-0.025656,1,0,0
0.14,0.84,-0.037559,1,0,0
0.16,0.84,-0.03935,1,0,0
0.18,0.84,-0.039996,1,0,0
0.2,0.84,-0.031276,1,0,0
0.22,0.84,-0.026027,1,0,0
0.24,0.84,-0.01556,1,0,0
0.26,0.84,-0.011369,1,0,0
0.28,0.84,0.0055399,1,0,0
0.3,0.84,0.013909,1,0,0
0.32,0.84,0.010564,1,0,0
0.34,0.84,0.0020365,1,0,0
0.36,0.84,0.012273,1,0,0
0.38,0.84,0.021043,1,0,0
0.4,0.84,0.019322,1,0,0
0.42,0.84,0.016168,1,0,0
0.44,0.84,0.024723,1,0,0
0.46,0.84,0.016556,1,0,0
0.48,0.84,0.010502,1,0,0
0.5,0.84,-0.00014834,1,0,0
0.52,0.84,0.0040558,1,0,0
0.54,0.84,0.006925,1,0,0
0.56,0.84,0.018307,1,0,0
0.58,0.84,0.016984,1,0,0
0.6,0.84,0.0082194,1,0,0
0.62,0.84,-0.013785,1,0,0
0.64,0.84,-0.0036042,1,0,0
0.66,0.84,-0.003501,1,0,0
0.68,0.84,-0.0062922,1,0,0
0.7,0.84,-0.0022661,1,0,0
0.72,0.84,0.0073696,1,0,0
0.74,0.84,0.0043765,1,0,0
0.76,0.84,0.0045111,1,0,0
0.78,0.84,0.0021398,1,0,0
0.8,0.84,0.0065897,1,0,0
0.82,0.84,0.013662,1,0,0
0.84,0.84,0.0094739,1,0,0
0.86,0.84,0.0021207,1,0,0
0.88,0.84,-0.0012905,1,0,0
0.9,0.84,0.0035559,1,0,0
0.92,0.84,0.0083916,1,0,0
0.94,0.84,0.014852,1,0,0
0.96,0.84,0.013734,1,0,0
0.98,0.84,0.0033292,1,0,0
0.02,0.86,0.026441,1,0,0
0.04,0.86,0.015457,1,0,0
0.06,0.86,0.0044942,1,0,0
0.08,0.86,-0.0027487,1,0,0
0.1,0.86,-0.015778,1,0,0
0.12,0.86,-0.0093411,1,0,0
0.14,0.86,-0.018832,1,0,0
0.16,0.86,-0.027284,1,0,0
0.18,0.86,-0.032093,1,0,0
0.2,0.86,-0.023981,1,0,0
0.22,0.86,-0.02208,1,0,0
0.24,0.86,-0.01288,1,0,0
0.26,0.86,-0.0034279,1,0,0
0.28,0.86,0.0025158,1,0,0
0.3,0.86,0.0016709,1,0,0
0.32,0.86,-0.0025946,1,0,0
0.34,0.86,-0.0083044,1,0,0
0.36,0.86,0.014189,1,0,0
0.38,0.86,0.018232,1,0,0
0.4,0.86,0.021758,1,0,0
0.42,0.86,0.018485,1,0,0
0.44,0.86,0.014464,1,0,0
0.46,0.86,0.017789,1,0,0
0.48,0.86,0.017329,1,0,0
0.5,0.86,0.0046294,1,0,0
0.52,0.86,0.0023994,1,0,0
0.54,0.86,0.0030065,1,0,0
0.56,0.86,0.027304,1,0,0
0.58,0.86,0.018762,1,0,0
0.6,0.86,0.009976,1,0,0
0.62,0.86,-0.0079578,1,0,0
0.64,0.86,-0.0080068,1,0,0
0.66,0.86,-0.0085868,1,0,0
0.68,0.86,-0.011688,1,0,0
0.7,0.86,-0.016476,1,0,0
0.72,0.86,-0.012258,1,0,0
0.74,0.86,-0.0074373,1,0,0
0.76,0.86,-0.0034022,1,0,0
0.78,0.86,0.0064583,1,0,0
0.8,0.86,0.018493,1,0,0
0.82,0.86,0.017105,1,0,0
0.84,0.86,0.01227,1,0,0
0.86,0.86,0.004842,1,0,0
0.88,0.86,0.0038865,1,0,0
0.9,0.86,0.0049889,1,0,0
0.92,0.86,-0.0056781,1,0,0
0.94,0.86,0.0021649,1,0,0
0.96,0.86,-0.0015384,1,0,0
0.98,0.86,0.0003243,1,0,0
0.02,0.88,0.033368,1,0,0
0.04,0.88,0.02417,1,0,0
0.06,0.88,0.016051,1,0,0
0.08,0.88,-0.0051566,1,0,0
0.1,0.88,-0.0095624,1,0,0
0.12,0.88,0.0012078,1,0,0
0.14,0.88,0.003214,1,0,0
0.16,0.88,-0.0076362,1,0,0
0.18,0.88,-0.0052673,1,0,0
0.2,0.88,-0.0075311,1,0,0
0.22,0.88,-0.018611,1,0,0
0.24,0.88,-0.016349,1,0,0
0.26,0.88,-0.015652,1,0,0
0.28,0.88,-0.013666,1,0,0
0.3,0.88,-0.013932,1,0,0
0.32,0.88,-0.0020554,1,0,0
0.34,0.88,-0.0029576,1,0,0
0.36,0.88,0.0072387,1,0,0
0.38,0.88,0.0073552,1,0,0
0.4,0.88,0.013197,1,0,0
0.42,0.88,0.014192,1,0,0
0.44,0.88,0.020065,1,0,0
0.46,0.88,0.011715,1,0,0
0.48,0.88,0.019565,1,0,0
0.5,0.88,0.011501,1,0,0
0.52,0.88,0.0070941,1,0,0
0.54,0.88,0.028946,1,0,0
0.56,0.88,0.034651,1,0,0
0.58,0.88,0.027202,1,0,0
0.6,0.88,0.01401,1,0,0
0.62,0.88,0.0020928,1,0,0
0.64,0.88,-0.011891,1,0,0
0.66,0.88,-0.014464,1,0,0
0.68,0.88,-0.018764,1,0,0
0.7,0.88,-0.015365,1,0,0
0.72,0.88,-0.014327,1,0,0
0.74,0.88,-0.012781,1,0,0
0.76,0.88,0.00052823,1,0,0
0.78,0.88,0.011525,1,0,0
0.8,0.88,0.025516,1,0,0
0.82,0.88,0.030495,1,0,0
0.84,0.88,0.018825,1,0,0
0.86,0.88,0.0055698,1,0,0
0.88,0.88,-0.0052009,1,0,0
0.9,0.88,-0.0058455,1,0,0
0.92,0.88,-0.0028112,1,0,0
0.94,0.88,-0.0050647,1,0,0
0.96,0.88,-0.010967,1,0,0
0.98,0.88,-0.010232,1,0,0
0.02,0.9,0.032559,1,0,0
0.04,0.9,0.026319,1,0,0
0.06,0.9,0.010378,1,0,0
0.08,0.9,-0.0064598,1,0,0
0.1,0.9,-0.0031668,1,0,0
0.12,0.9,0.011887,1,0,0
0.14,0.9,0.013579,1,0,0
0.16,0.9,0.0075939,1,0,0
0.18,0.9,0.0038766,1,0,0
0.2,0.9,-0.00065158,1,0,0
0.22,0.9,-0.021788,1,0,0
0.24,0.9,-0.019562,1,0,0
0.26,0.9,-0.025314,1,0,0
0.28,0.9,-0.039189,1,0,0
0.3,0.9,-0.028074,1,0,0
0.32,0.9,-0.016116,1,0,0
0.34,0.9,-0.0096585,1,0,0
0.36,0.9,-0.0042818,1,0,0
0.38,0.9,0.0021788,1,0,0
0.4,0.9,0.00042232,1,0,0
0.42,0.9,0.0046501,1,0,0
0.44,0.9,0.0027063,1,0,0
0.46,0.9,-2.9096e-05,1,0,0
0.48,0.9,0.0047333,1,0,0
0.5,0.9,0.0091259,1,0,0
0.52,0.9,0.017729,1,0,0
0.54,0.9,0.02996,1,0,0
0.56,0.9,0.030514,1,0,0
0.58,0.9,0.020999,1,0,0
0.6,0.9,0.015046,1,0,0
0.62,0.9,0.012289,1,0,0
0.64,0.9,-0.004752,1,0,0
0.66,0.9,-0.017518,1,0,0
0.68,0.9,-0.022246,1,0,0
0.7,0.9,-0.020965,1,0,0
0.72,0.9,-0.021138,1,0,0
0.74,0.9,-0.016857,1,0,0
0.76,0.9,-0.011933,1,0,0
0.78,0.9,0.0063327,1,0,0
0.8,0.9,0.0045344,1,0,0
0.82,0.9,0.018935,1,0,0
0.84,0.9,0.011834,1,0,0
0.86,0.9,0.0008091,1,0,0
0.88,0.9,-0.013918,1,0,0
0.9,0.9,-0.015103,1,0,0
0.92,0.9,-0.016682,1,0,0
0.94,0.9,-0.024716,1,0,0
0.96,0.9,-0.029776,1,0,0
0.98,0.9,-0.028044,1,0,0
0.02,0.92,0.028365,1,0,0
0.04,0.92,0.018718,1,0,0
0.06,0.92,0.016714,1,0,0
0.08,0.92,0.015888,1,0,0
0.1,0.92,0.0031973,1,0,0
0.12,0.92,0.0094254,1,0,0
0.14,0.92,0.014492,1,0,0
0.16,0.92,0.014326,1,0,0
0.18,0.92,0.011299,1,0,0
0.2,0.92,0.0018895,1,0,0
0.22,0.92,-0.0096033,1,0,0
0.24,0.92,-0.029318,1,0,0
0.26,0.92,-0.036836,1,0,0
0.28,0.92,-0.038732,1,0,0
0.3,0.92,-0.032118,1,0,0
0.32,0.92,-0.022327,1,0,0
0.34,0.92,-0.025227,1,0,0
0.36,0.92,-0.012446,1,0,0
0.38,0.92,-0.0048108,1,0,0
0.4,0.92,-0.0011109,1,0,0
0.42,0.92,0.0020354,1,0,0
0.44,0.92,-0.0085998,1,0,0
0.46,0.92,-0.013151,1,0,0
0.48,0.92,-0.010748,1,0,0
0.5,0.92,0.00064508,1,0,0
0.52,0.92,0.010115,1,0,0
0.54,0.92,0.033384,1,0,0
0.56,0.92,0.039059,1,0,0
0.58,0.92,0.035149,1,0,0
0.6,0.92,0.033503,1,0,0
0.62,0.92,0.01983,1,0,0
0.64,0.92,0.0019103,1,0,0
0.66,0.92,0.00071824,1,0,0
0.68,0.92,-0.013885,1,0,0
0.7,0.92,-0.013814,1,0,0
0.72,0.92,-0.024696,1,0,0
0.74,0.92,-0.026009,1,0,0
0.76,0.92,-0.025796,1,0,0
0.78,0.92,-0.015453,1,0,0
0.8,0.92,0.0059577,1,0,0
0.82,0.92,0.015296,1,0,0
0.84,0.92,0.0050446,1,0,0
0.86,0.92,-0.003401,1,0,0
0.88,0.92,-0.015552,1,0,0
0.9,0.92,-0.026798,1,0,0
0.92,0.92,-0.037883,1,0,0
0.94,0.92,-0.028878,1,0,0
0.96,0.92,-0.028545,1,0,0
0.98,0.92,-0.027965,1,0,0
0.02,0.94,0.021316,1,0,0
0.04,0.94,0.016795,1,0,0
0.06,0.94,0.016135,1,0,0
0.08,0.94,0.014231,1,0,0
0.1,0.94,0.0098198,1,0,0
0.12,0.94,0.01313,1,0,0
0.14,0.94,0.015219,1,0,0
0.16,0.94,0.013451,1,0,0
0.18,0.94,0.0049788,1,0,0
0.2,0.94,0.00073165,1,0,0
0.22,0.94,-0.0086906,1,0,0
0.24,0.94,-0.020088,1,0,0
0.26,0.94,-0.035255,1,0,0
0.28,0.94,-0.040072,1,0,0
0.3,0.94,-0.033343,1,0,0
0.32,0.94,-0.031307,1,0,0
0.34,0.94,-0.035324,1,0,0
0.36,0.94,-0.01515,1,0,0
0.38,0.94,-0.0043611,1,0,0
0.4,0.94,-0.0014596,1,0,0
0.42,0.94,-0.0045339,1,0,0
0.44,0.94,-0.014052,1,0,0
0.46,0.94,-0.026141,1,0,0
0.48,0.94,-0.023516,1,0,0
0.5,0.94,-0.0026137,1,0,0
0.52,0.94,0.018416,1,0,0
0.54,0.94,0.029741,1,0,0
0.56,0.94,0.038411,1,0,0
0.58,0.94,0.044536,1,0,0
0.6,0.94,0.03683,1,0,0
0.62,0.94,0.026382,1,0,0
0.64,0.94,0.021977,1,0,0
0.66,0.94,0.01645,1,0,0
0.68,0.94,-0.0056461,1,0,0
0.7,0.94,-0.0088629,1,0,0
0.72,0.94,-0.011229,1,0,0
0.74,0.94,-0.027378,1,0,0
0.76,0.94,-0.035618,1,0,0
0.78,0.94,-0.026806,1,0,0
0.8,0.94,-0.011315,1,0,0
0.82,0.94,0.00052501,1,0,0
0.84,0.94,0.0021284,1,0,0
0.86,0.94,-0.0049683,1,0,0
0.88,0.94,-0.01197,1,0,0
0.9,0.94,-0.026191,1,0,0
0.92,0.94,-0.04391,1,0,0
0.94,0.94,-0.037009,1,0,0
0.96,0.94,-0.028778,1,0,0
0.98,0.94,-0.028341,1,0,0
0.02,0.96,0.021098,1,0,0
0.04,0.96,0.01655,1,0,0
0.06,0.96,0.0095117,1,0,0
0.08,0.96,0.0050907,1,0,0
0.1,0.96,-7.4649e-05,1,0,0
0.12,0.96,0.0051511,1,0,0
0.14,0.96,0.008506,1,0,0
0.16,0.96,0.012298,1,0,0
0.18,0.96,8.4465e-05,1,0,0
0.2,0.96,0.0047571,1,0,0
0.22,0.96,-0.0095305,1,0,0
0.24,0.96,-0.02134,1,0,0
0.26,0.96,-0.038544,1,0,0
0.28,0.96,-0.039657,1,0,0
0.3,0.96,-0.037261,1,0,0
0.32,0.96,-0.035217,1,0,0
0.34,0.96,-0.02337,1,0,0
0.36,0.96,-0.022317,1,0,0
0.38,0.96,-0.01806,1,0,0
0.4,0.96,-0.0076633,1,0,0
0.42,0.96,-0.0043351,1,0,0
0.44,0.96,-0.011863,1,0,0
0.46,0.96,-0.026734,1,0,0
0.48,0.96,-0.020949,1,0,0
0.5,0.96,-0.012694,1,0,0
0.52,0.96,0.016804,1,0,0
0.54,0.96,0.031578,1,0,0
0.56,0.96,0.038082,1,0,0
0.58,0.96,0.033907,1,0,0
0.6,0.96,0.034933,1,0,0
0.62,0.96,0.023159,1,0,0
0.64,0.96,0.022856,1,0,0
0.66,0.96,0.011679,1,0,0
0.68,0.96,0.0069568,1,0,0
0.7,0.96,0.00083189,1,0,0
0.72,0.96,-0.0020965,1,0,0
0.74,0.96,-0.024518,1,0,0
0.76,0.96,-0.037372,1,0,0
0.78,0.96,-0.035139,1,0,0
0.8,0.96,-0.026142,1,0,0
0.82,0.96,-0.0045768,1,0,0
0.84,0.96,-0.0064511,1,0,0
0.86,0.96,-0.011277,1,0,0
0.88,0.96,-0.019907,1,0,0
0.9,0.96,-0.029654,1,0,0
0.92,0.96,-0.037035,1,0,0
0.94,0.96,-0.031803,1,0,0
0.96,0.96,-0.028992,1,0,0
0.98,0.96,-0.040847,1,0,0
0.02,0.98,0.02446,1,0,0
0.04,0.98,0.016813,1,0,0
0.06,0.98,-0.0015596,1,0,0
0.08,0.98,-0.013201,1,0,0
0.1,0.98,-0.013844,1,0,0
0.12,0.98,-0.0082638,1,0,0
0.14,0.98,-0.0083787,1,0,0
0.16,0.98,-0.0078915,1,0,0
0.18,0.98,-0.0068508,1,0,0
0.2,0.98,-0.0089884,1,0,0
0.22,0.98,-0.013402,1,0,0
0.24,0.98,-0.020441,1,0,0
0.26,0.98,-0.030028,1,0,0
0.28,0.98,-0.035463,1,0,0
0.3,0.98,-0.043331,1,0,0
0.32,0.98,-0.03088,1,0,0
0.34,0.98,-0.032106,1,0,0
0.36,0.98,-0.022066,1,0,0
0.38,0.98,-0.024478,1,0,0
0.4,0.98,-0.006013,1,0,0
0.42,0.98,-0.010038,1,0,0
0.44,0.98,-0.01246,1,0,0
0.46,0.98,-0.013277,1,0,0
0.48,0.98,-0.010463,1,0,0
0.5,0.98,-0.0087165,1,0,0
0.52,0.98,0.0088222,1,0,0
0.54,0.98,0.019609,1,0,0
0.56,0.98,0.025492,1,0,0
0.58,0.98,0.027431,1,0,0
0.6,0.98,0.034408,1,0,0
0.62,0.98,0.029415,1,0,0
0.64,0.98,0.025374,1,0,0
0.66,0.98,0.011777,1,0,0
0.68,0.98,0.00031311,1,0,0
0.7,0.98,0.00043231,1,0,0
0.72,0.98,-0.0073495,1,0,0
0.74,0.98,-0.026789,1,0,0
0.76,0.98,-0.022004,1,0,0
0.78,0.98,-0.02374,1,0,0
0.8,0.98,-0.019209,1,0,0
0.82,0.98,-0.012995,1,0,0
0.84,0.98,-0.0051707,1,0,0
0.86,0.98,-0.017053,1,0,0
0.88,0.98,-0.023428,1,0,0
0.9,0.98,-0.020783,1,0,0
0.92,0.98,-0.031341,1,0,0
0.94,0.98,-0.033805,1,0,0
0.96,0.98,-0.037972,1,0,0
0.98,0.98,-0.038835,1,0,0
0,0,-0.0043318,-1,0,0
0.02,0,-0.0043318,-1,0,0
0.04,0,-0.01542,-1,0,0
0.06,0,-0.025323,-1,0,0
0.08,0,-0.031482,-1,0,0
0.1,0,-0.046647,-1,0,0
0.12,0,-0.043247,-1,0,0
0.14,0,-0.060915,-1,0,0
0.16,0,-0.06081,-1,0,0
0.18,0,-0.055126,-1,0,0
0.2,0,-0.047009,-1,0,0
0.22,0,-0.046422,-1,0,0
0.24,0,-0.049215,-1,0,0
0.26,0,-0.042919,-1,0,0
0.28,0,-0.043086,-1,0,0
0.3,0,-0.056915,-1,0,0
0.32,0,-0.065748,-1,0,0
0.34,0,-0.063996,-1,0,0
0.36,0,-0.059767,-1,0,0
0.38,0,-0.05285,-1,0,0
0.4,0,-0.043404,-1,0,0
0.42,0,-0.04097,-1,0,0
0.44,0,-0.042532,-1,0,0
0.46,0,-0.02549,-1,0,0
0.48,0,-0.022455,-1,0,0
0.5,0,-0.030423,-1,0,0
0.52,0,-0.029529,-1,0,0
0.54,0,-0.019103,-1,0,0
0.56,0,-0.0026038,-1,0,0
0.58,0,-0.0035372,-1,0,0
0.6,0,0.0069991,-1,0,0
0.62,0,0.0076758,-1,0,0
0.64,0,0.016407,-1,0,0
0.66,0,0.022068,-1,0,0
0.68,0,0.016283,-1,0,0
0.7,0,0.012715,-1,0,0
0.72,0,-0.007323,-1,0,0
0.74,0,-0.015881,-1,0,0
0.76,0,-0.018483,-1,0,0
0.78,0,-0.020448,-1,0,0
0.8,0,-0.012447,-1,0,0
0.82,0,0.0034402,-1,0,0
0.84,0,0.01587,-1,0,0
0.86,0,0.022799,-1,0,0
0.88,0,0.01734,-1,0,0
0.9,0,0.019676,-1,0,0
0.92,0,0.0061888,-1,0,0
0.94,0,-0.0033855,-1,0,0
0.96,0,-0.01556,-1,0,0
0.98,0,-0.031116,-1,0,0
1,0,-0.037061,-1,0,0
1,0.02,-0.050091,-1,0,0
1,0.04,-0.047632,-1,0,0
1,0.06,-0.026854,-1,0,0
1,0.08,-0.01981,-1,0,0
1,0.1,-0.021469,-1,0,0
1,0.12,-0.020131,-1,0,0
1,0.14,-0.026859,-1,0,0
1,0.16,-0.032346,-1,0,0
1,0.18,-0.031012,-1,0,0
1,0.2,-0.017434,-1,0,0
1,0.22,-0.018723,-1,0,0
1,0.24,-0.0025757,-1,0,0
1,0.26,0.00089932,-1,0,0
1,0.28,4.1471e-07,-1,0,0
1,0.3,-0.0042714,-1,0,0
1,0.32,-0.0098786,-1,0,0
1,0.34,-0.025029,-1,0,0
1,0.36,-0.031228,-1,0,0
1,0.38,-0.024327,-1,0,0
1,0.4,-0.025195,-1,0,0
1,0.42,-0.01888,-1,0,0
1,0.44,-0.033013,-1,0,0
1,0.46,-0.041132,-1,0,0
1,0.48,-0.031218,-1,0,0
1,0.5,-0.023131,-1,0,0
1,0.52,-0.02714,-1,0,0
1,0.54,-0.022883,-1,0,0
1,0.56,-0.026113,-1,0,0
1,0.58,-0.015943,-1,0,0
1,0.6,-0.01518,-1,0,0
1,0.62,-0.015195,-1,0,0
1,0.64,-0.011368,-1,0,0
1,0.66,-0.013221,-1,0,0
1,0.68,-0.0083223,-1,0,0
1,0.7,-0.0018839,-1,0,0
1,0.72,0.0053826,-1,0,0
1,0.74,0.0072527,-1,0,0
1,0.76,0.0052054,-1,0,0
1,0.78,0.0041291,-1,0,0
1,0.8,-0.0026164,-1,0,0
1,0.82,-0.0043977,-1,0,0
1,0.84,-0.0077506,-1,0,0
1,0.86,-0.0052889,-1,0,0
1,0.88,-0.020844,-1,0,0
1,0.9,-0.032781,-1,0,0
1,0.92,-0.037516,-1,0,0
1,0.94,-0.04221,-1,0,0
1,0.96,-0.052803,-1,0,0
1,0.98,-0.051648,-1,0,0
1,1,-0.045669,-1,0,0
0.98,1,-0.03005,-1,0,0
0.96,1,-0.021824,-1,0,0
0.94,1,-0.018964,-1,0,0
0.92,1,-0.010707,-1,0,0
0.9,1,-0.00053895,-1,0,0
0.88,1,-0.012524,-1,0,0
0.86,1,-0.012496,-1,0,0
0.84,1,-0.0019449,-1,0,0
0.82,1,-0.003562,-1,0,0
0.8,1,-0.004281,-1,0,0
0.78,1,-0.004794,-1,0,0
0.76,1,-0.012979,-1,0,0
0.74,1,-0.016599,-1,0,0
0.72,1,-0.0052581,-1,0,0
0.7,1,0.0089523,-1,0,0
0.68,1,0.013312,-1,0,0
0.66,1,0.023167,-1,0,0
0.64,1,0.029394,-1,0,0
0.62,1,0.033625,-1,0,0
0.6,1,0.041658,-1,0,0
0.58,1,0.040167,-1,0,0
0.56,1,0.033276,-1,0,0
0.54,1,0.010768,-1,0,0
0.52,1,-0.00068283,-1,0,0
0.5,1,-0.0057954,-1,0,0
0.48,1,0.0071603,-1,0,0
0.46,1,0.0096518,-1,0,0
0.44,1,-0.004625,-1,0,0
0.42,1,-0.001712,-1,0,0
0.4,1,0.0020668,-1,0,0
0.38,1,-0.0098885,-1,0,0
0.36,1,-0.0075136,-1,0,0
0.34,1,-0.014886,-1,0,0
0.32,1,-0.013622,-1,0,0
0.3,1,-0.01998,-1,0,0
0.28,1,-0.021244,-1,0,0
0.26,1,-0.023937,-1,0,0
0.24,1,-0.021851,-1,0,0
0.22,1,-0.017917,-1,0,0
0.2,1,-0.0097108,-1,0,0
0.18,1,-0.0068898,-1,0,0
0.16,1,-0.0096073,-1,0,0
0.14,1,-0.017395,-1,0,0
0.12,1,-0.016196,-1,0,0
0.1,1,-0.020211,-1,0,0
0.08,1,-0.0089263,-1,0,0
0.06,1,0.01,-1,0,0
0.04,1,0.02644,-1,0,0
0.02,1,0.031766,-1,0,0
0,1,0.032719,-1,0,0
0,0.98,0.025301,-1,0,0
0,0.96,0.026783,-1,0,0
0,0.94,0.033794,-1,0,0
0,0.92,0.033273,-1,0,0
0,0.9,0.039297,-1,0,0
0,0.88,0.035769,-1,0,0
0,0.86,0.030205,-1,0,0
0,0.84,0.017505,-1,0,0
0,0.82,0.0063033,-1,0,0
0,0.8,-0.0054028,-1,0,0
0,0.78,0.002855,-1,0,0
0,0.76,-0.00031757,-1,0,0
0,0.74,-0.0082864,-1,0,0
0,0.72,-0.014931,-1,0,0
0,0.7,-0.022446,-1,0,0
0,0.68,-0.031325,-1,0,0
0,0.66,-0.029737,-1,0,0
0,0.64,-0.028488,-1,0,0
0,0.62,-0.022838,-1,0,0
0,0.6,-0.015489,-1,0,0
0,0.58,-0.0010308,-1,0,0
0,0.56,0.014846,-1,0,0
0,0.54,0.030751,-1,0,0
0,0.52,0.0519,-1,0,0
0,0.5,0.070693,-1,0,0
0,0.48,0.069416,-1,0,0
0,0.46,0.062249,-1,0,0
0,0.44,0.052586,-1,0,0
0,0.42,0.049136,-1,0,0
0,0.4,0.048016,-1,0,0
0,0.38,0.059458,-1,0,0
0,0.36,0.086015,-1,0,0
0,0.34,0.098439,-1,0,0
0,0.32,0.089372,-1,0,0
0,0.3,0.079812,-1,0,0
0,0.28,0.060221,-1,0,0
0,0.26,0.044123,-1,0,0
0,0.24,0.043887,-1,0,0
0,0.22,0.031624,-1,0,0
0,0.2,0.023664,-1,0,0
0,0.18,0.020054,-1,0,0
0,0.16,0.021707,-1,0,0
0,0.14,0.019377,-1,0,0
0,0.12,0.016686,-1,0,0
0,0.1,0.013415,-1,0,0
0,0.08,0.018893,-1,0,0
0,0.06,0.01855,-1,0,0
0,0.04,0.0097416,-1,0,0
0,0.02,-0.0076476,-1,0,0
