0.02,0.02,-0.076635,1,0,0
0.04,0.02,-0.044445,1,0,0
0.06,0.02,-0.017521,1,0,0
0.08,0.02,-0.044479,1,0,0
0.1,0.02,-0.099378,1,0,0
0.12,0.02,-0.045404,1,0,0
0.14,0.02,-0.040305,1,0,0
0.16,0.02,-0.03326,1,0,0
0.18,0.02,-0.013616,1,0,0
0.2,0.02,-0.020167,1,0,0
0.22,0.02,-0.063527,1,0,0
0.24,0.02,-0.084507,1,0,0
0.26,0.02,-0.10914,1,0,0
0.28,0.02,-0.12636,1,0,0
0.3,0.02,-0.12247,1,0,0
0.32,0.02,-0.09561,1,0,0
0.34,0.02,-0.091243,1,0,0
0.36,0.02,-0.061416,1,0,0
0.38,0.02,-0.060423,1,0,0
0.4,0.02,-0.044837,1,0,0
0.42,0.02,-0.010618,1,0,0
0.44,0.02,-0.011178,1,0,0
0.46,0.02,0.015567,1,0,0
0.48,0.02,0.04346,1,0,0
0.5,0.02,0.047847,1,0,0
0.52,0.02,0.0081882,1,0,0
0.54,0.02,0.014014,1,0,0
0.56,0.02,0.0039074,1,0,0
0.58,0.02,0.0040283,1,0,0
0.6,0.02,-0.019112,1,0,0
0.62,0.02,-0.0066648,1,0,0
0.64,0.02,-0.017253,1,0,0
0.66,0.02,-0.019863,1,0,0
0.68,0.02,-0.033248,1,0,0
0.7,0.02,-0.028961,1,0,0
0.72,0.02,-0.0053872,1,0,0
0.74,0.02,0.021874,1,0,0
0.76,0.02,-0.034519,1,0,0
0.78,0.02,-0.0074524,1,0,0
0.8,0.02,-0.014728,1,0,0
0.82,0.02,-0.035562,1,0,0
0.84,0.02,-0.043198,1,0,0
0.86,0.02,-0.019863,1,0,0
0.88,0.02,-0.080288,1,0,0
0.9,0.02,-0.078857,1,0,0
0.92,0.02,-0.053232,1,0,0
0.94,0.02,-0.044429,1,0,0
0.96,0.02,-0.090641,1,0,0
0.98,0.02,-0.064249,1,0,0
0.02,0.04,-0.075983,1,0,0
0.04,0.04,-0.040388,1,0,0
0.06,0.04,-0.05779,1,0,0
0.08,0.04,-0.02373,1,0,0
0.1,0.04,-0.091882,1,0,0
0.12,0.04,-0.049369,1,0,0
0.14,0.04,-0.054334,1,0,0
0.16,0.04,-0.031631,1,0,0
0.18,0.04,-0.0061147,1,0,0
0.2,0.04,-0.03753,1,0,0
0.22,0.04,-0.038443,1,0,0
0.24,0.04,-0.076534,1,0,0
0.26,0.04,-0.13187,1,0,0
0.28,0.04,-0.13069,1,0,0
0.3,0.04,-0.097266,1,0,0
0.32,0.04,-0.11085,1,0,0
0.34,0.04,-0.07796,1,0,0
0.36,0.04,-0.0372,1,0,0
0.38,0.04,-0.063265,1,0,0
0.4,0.04,-0.056274,1,0,0
0.42,0.04,-0.01559,1,0,0
0.44,0.04,0.012345,1,0,0
0.46,0.04,0.013244,1,0,0
0.48,0.04,0.03453,1,0,0
0.5,0.04,0.059314,1,0,0
0.52,0.04,0.0074429,1,0,0
0.54,0.04,0.0089415,1,0,0
0.56,0.04,0.014666,1,0,0
0.58,0.04,-0.016908,1,0,0
0.6,0.04,-0.032033,1,0,0
0.62,0.04,0.029611,1,0,0
0.64,0.04,-0.0081106,1,0,0
0.66,0.04,-0.025012,1,0,0
0.68,0.04,-0.025529,1,0,0
0.7,0.04,-0.024609,1,0,0
0.72,0.04,-0.020074,1,0,0
0.74,0.04,0.00165,1,0,0
0.76,0.04,-0.03288,1,0,0
0.78,0.04,-0.02203,1,0,0
0.8,0.04,-0.010974,1,0,0
0.82,0.04,-0.0014752,1,0,0
0.84,0.04,0.0031331,1,0,0
0.86,0.04,-0.025296,1,0,0
0.88,0.04,-0.084361,1,0,0
0.9,0.04,-0.070971,1,0,0
0.92,0.04,-0.04035,1,0,0
0.94,0.04,-0.035371,1,0,0
0.96,0.04,-0.038334,1,0,0
0.98,0.04,-0.036162,1,0,0
0.02,0.06,-0.045269,1,0,0
0.04,0.06,-0.022405,1,0,0
0.06,0.06,-0.026943,1,0,0
0.08,0.06,-0.01377,1,0,0
0.1,0.06,-0.050411,1,0,0
0.12,0.06,-0.051984,1,0,0
0.14,0.06,-0.045324,1,0,0
0.16,0.06,-0.021274,1,0,0
0.18,0.06,0.0036249,1,0,0
0.2,0.06,0.012493,1,0,0
0.22,0.06,-0.053949,1,0,0
0.24,0.06,-0.053847,1,0,0
0.26,0.06,-0.092308,1,0,0
0.28,0.06,-0.094956,1,0,0
0.3,0.06,-0.074998,1,0,0
0.32,0.06,-0.063861,1,0,0
0.34,0.06,-0.04891,1,0,0
0.36,0.06,-0.031125,1,0,0
0.38,0.06,0.015735,1,0,0
0.4,0.06,-0.040385,1,0,0
0.42,0.06,-0.0028957,1,0,0
0.44,0.06,0.0035008,1,0,0
0.46,0.06,0.037268,1,0,0
0.48,0.06,0.052111,1,0,0
0.5,0.06,0.026945,1,0,0
0.52,0.06,0.021276,1,0,0
0.54,0.06,0.040933,1,0,0
0.56,0.06,-0.0049185,1,0,0
0.58,0.06,-0.0075537,1,0,0
0.6,0.06,0.0090578,1,0,0
0.62,0.06,0.01673,1,0,0
0.64,0.06,-0.0043184,1,0,0
0.66,0.06,-0.012783,1,0,0
0.68,0.06,0.031057,1,0,0
0.7,0.06,-0.044087,1,0,0
0.72,0.06,-0.019446,1,0,0
0.74,0.06,-0.018846,1,0,0
0.76,0.06,0.0062184,1,0,0
0.78,0.06,-0.0049606,1,0,0
0.8,0.06,0.0024887,1,0,0
0.82,0.06,0.0090782,1,0,0
0.84,0.06,-0.0039867,1,0,0
0.86,0.06,0.0034746,1,0,0
0.88,0.06,-0.031729,1,0,0
0.9,0.06,0.0023974,1,0,0
0.92,0.06,-0.0073304,1,0,0
0.94,0.06,-0.0068052,1,0,0
0.96,0.06,-0.025232,1,0,0
0.98,0.06,0.0057394,1,0,0
0.02,0.08,-0.053081,1,0,0
0.04,0.08,-0.047835,1,0,0
0.06,0.08,-0.03974,1,0,0
0.08,0.08,-0.026184,1,0,0
0.1,0.08,-0.022804,1,0,0
0.12,0.08,-0.028881,1,0,0
0.14,0.08,-0.042071,1,0,0
0.16,0.08,-0.031778,1,0,0
0.18,0.08,-0.0039205,1,0,0
0.2,0.08,-0.017759,1,0,0
0.22,0.08,-0.030596,1,0,0
0.24,0.08,-0.05566,1,0,0
0.26,0.08,-0.084965,1,0,0
0.28,0.08,-0.07864,1,0,0
0.3,0.08,-0.067855,1,0,0
0.32,0.08,-0.037139,1,0,0
0.34,0.08,-0.015664,1,0,0
0.36,0.08,-0.012994,1,0,0
0.38,0.08,0.011832,1,0,0
0.4,0.08,0.017922,1,0,0
0.42,0.08,0.0017454,1,0,0
0.44,0.08,0.027362,1,0,0
0.46,0.08,0.0372,1,0,0
0.48,0.08,0.070329,1,0,0
0.5,0.08,0.036398,1,0,0
0.52,0.08,0.021941,1,0,0
0.54,0.08,0.0063156,1,0,0
0.56,0.08,0.032844,1,0,0
0.58,0.08,0.0086244,1,0,0
0.6,0.08,0.0028121,1,0,0
0.62,0.08,0.022143,1,0,0
0.64,0.08,0.00072033,1,0,0
0.66,0.08,0.0062919,1,0,0
0.68,0.08,-0.0027436,1,0,0
0.7,0.08,-0.0024095,1,0,0
0.72,0.08,0.0036041,1,0,0
0.74,0.08,0.023061,1,0,0
0.76,0.08,0.031153,1,0,0
0.78,0.08,0.016742,1,0,0
0.8,0.08,0.0065049,1,0,0
0.82,0.08,0.0037474,1,0,0
0.84,0.08,0.016864,1,0,0
0.86,0.08,-0.0081187,1,0,0
0.88,0.08,0.011314,1,0,0
0.9,0.08,0.010441,1,0,0
0.92,0.08,0.011079,1,0,0
0.94,0.08,-0.011335,1,0,0
0.96,0.08,-7.9063e-05,1,0,0
0.98,0.08,0.00074643,1,0,0
0.02,0.1,-0.056654,1,0,0
0.04,0.1,-0.040655,1,0,0
0.06,0.1,-0.064179,1,0,0
0.08,0.1,-0.047239,1,0,0
0.1,0.1,-0.041897,1,0,0
0.12,0.1,-0.027996,1,0,0
0.14,0.1,-0.019657,1,0,0
0.16,0.1,-0.020233,1,0,0
0.18,0.1,-0.030171,1,0,0
0.2,0.1,-0.03354,1,0,0
0.22,0.1,-0.037264,1,0,0
0.24,0.1,-0.045832,1,0,0
0.26,0.1,-0.023382,1,0,0
0.28,0.1,-0.067655,1,0,0
0.3,0.1,-0.072409,1,0,0
0.32,0.1,-0.017679,1,0,0
0.34,0.1,-0.029133,1,0,0
0.36,0.1,-0.015525,1,0,0
0.38,0.1,-0.0035523,1,0,0
0.4,0.1,0.013403,1,0,0
0.42,0.1,0.010868,1,0,0
0.44,0.1,0.046057,1,0,0
0.46,0.1,0.048721,1,0,0
0.48,0.1,0.039145,1,0,0
0.5,0.1,-0.0064346,1,0,0
0.52,0.1,0.016002,1,0,0
0.54,0.1,0.014253,1,0,0
0.56,0.1,0.029003,1,0,0
0.58,0.1,0.014706,1,0,0
0.6,0.1,0.0029327,1,0,0
0.62,0.1,-0.027487,1,0,0
0.64,0.1,-0.00012553,1,0,0
0.66,0.1,0.0044417,1,0,0
0.68,0.1,-0.053219,1,0,0
0.7,0.1,-0.028674,1,0,0
0.72,0.1,-0.0064537,1,0,0
0.74,0.1,0.01449,1,0,0
0.76,0.1,0.022264,1,0,0
0.78,0.1,0.028794,1,0,0
0.8,0.1,0.010615,1,0,0
0.82,0.1,0.0099971,1,0,0
0.84,0.1,0.029925,1,0,0
0.86,0.1,0.0088847,1,0,0
0.88,0.1,0.0041845,1,0,0
0.9,0.1,-0.018973,1,0,0
0.92,0.1,-0.0082382,1,0,0
0.94,0.1,-0.014318,1,0,0
0.96,0.1,-0.023014,1,0,0
0.98,0.1,-0.02232,1,0,0
0.02,0.12,-0.057116,1,0,0
0.04,0.12,-0.038662,1,0,0
0.06,0.12,-0.049532,1,0,0
0.08,0.12,-0.047417,1,0,0
0.1,0.12,-0.039732,1,0,0
0.12,0.12,-0.044388,1,0,0
0.14,0.12,-0.037234,1,0,0
0.16,0.12,-0.036189,1,0,0
0.18,0.12,-0.055587,1,0,0
0.2,0.12,-0.0017584,1,0,0
0.22,0.12,-0.032214,1,0,0
0.24,0.12,-0.025,1,0,0
0.26,0.12,-0.028223,1,0,0
0.28,0.12,-0.015488,1,0,0
0.3,0.12,-0.050428,1,0,0
0.32,0.12,-0.0070315,1,0,0
0.34,0.12,-0.0027121,1,0,0
0.36,0.12,-0.014174,1,0,0
0.38,0.12,-0.0039371,1,0,0
0.4,0.12,-0.0030053,1,0,0
0.42,0.12,0.030971,1,0,0
0.44,0.12,0.040931,1,0,0
0.46,0.12,0.037276,1,0,0
0.48,0.12,0.024072,1,0,0
0.5,0.12,0.010627,1,0,0
0.52,0.12,0.026812,1,0,0
0.54,0.12,0.036553,1,0,0
0.56,0.12,0.043425,1,0,0
0.58,0.12,0.045905,1,0,0
0.6,0.12,0.0065282,1,0,0
0.62,0.12,-0.0098144,1,0,0
0.64,0.12,0.00062333,1,0,0
0.66,0.12,-0.028029,1,0,0
0.68,0.12,-0.032494,1,0,0
0.7,0.12,-0.034458,1,0,0
0.72,0.12,0.020139,1,0,0
0.74,0.12,0.011813,1,0,0
0.76,0.12,0.014232,1,0,0
0.78,0.12,0.045013,1,0,0
0.8,0.12,0.023161,1,0,0
0.82,0.12,0.0068192,1,0,0
0.84,0.12,0.013552,1,0,0
0.86,0.12,0.033706,1,0,0
0.88,0.12,-0.016871,1,0,0
0.9,0.12,0.0051126,1,0,0
0.92,0.12,-0.014398,1,0,0
0.94,0.12,0.010796,1,0,0
0.96,0.12,-0.002573,1,0,0
0.98,0.12,-0.025053,1,0,0
0.02,0.14,-0.081009,1,0,0
0.04,0.14,-0.04179,1,0,0
0.06,0.14,-0.070272,1,0,0
0.08,0.14,-0.014035,1,0,0
0.1,0.14,-0.029449,1,0,0
0.12,0.14,-0.062672,1,0,0
0.14,0.14,-0.052109,1,0,0
0.16,0.14,-0.044782,1,0,0
0.18,0.14,-0.053476,1,0,0
0.2,0.14,-0.017029,1,0,0
0.22,0.14,-0.044586,1,0,0
0.24,0.14,-0.044194,1,0,0
0.26,0.14,-0.051773,1,0,0
0.28,0.14,-0.024774,1,0,0
0.3,0.14,-0.034515,1,0,0
0.32,0.14,-0.0058576,1,0,0
0.34,0.14,-0.017925,1,0,0
0.36,0.14,0.0032224,1,0,0
0.38,0.14,0.016487,1,0,0
0.4,0.14,0.007011,1,0,0
0.42,0.14,-0.017508,1,0,0
0.44,0.14,0.0065233,1,0,0
0.46,0.14,-0.010365,1,0,0
0.48,0.14,0.024822,1,0,0
0.5,0.14,0.015902,1,0,0
0.52,0.14,0.014089,1,0,0
0.54,0.14,0.034879,1,0,0
0.56,0.14,0.030539,1,0,0
0.58,0.14,0.056121,1,0,0
0.6,0.14,0.033815,1,0,0
0.62,0.14,0.015163,1,0,0
0.64,0.14,-0.039732,1,0,0
0.66,0.14,-0.0086693,1,0,0
0.68,0.14,-0.049775,1,0,0
0.7,0.14,-0.008063,1,0,0
0.72,0.14,-0.015846,1,0,0
0.74,0.14,-0.014541,1,0,0
0.76,0.14,0.023995,1,0,0
0.78,0.14,0.034658,1,0,0
0.8,0.14,-0.001541,1,0,0
0.82,0.14,0.0042037,1,0,0
0.84,0.14,-0.035683,1,0,0
0.86,0.14,-0.031928,1,0,0
0.88,0.14,-0.0086591,1,0,0
0.9,0.14,-0.010933,1,0,0
0.92,0.14,-0.026287,1,0,0
0.94,0.14,0.010989,1,0,0
0.96,0.14,0.0062502,1,0,0
0.98,0.14,0.010947,1,0,0
0.02,0.16,-0.08208,1,0,0
0.04,0.16,-0.031287,1,0,0
0.06,0.16,-0.034965,1,0,0
0.08,0.16,-0.0031273,1,0,0
0.1,0.16,-0.039581,1,0,0
0.12,0.16,-0.035745,1,0,0
0.14,0.16,-0.064546,1,0,0
0.16,0.16,-0.025596,1,0,0
0.18,0.16,-0.066481,1,0,0
0.2,0.16,-0.054709,1,0,0
0.22,0.16,-0.059233,1,0,0
0.24,0.16,-0.038515,1,0,0
0.26,0.16,-0.037857,1,0,0
0.28,0.16,-0.037377,1,0,0
0.3,0.16,-0.046977,1,0,0
0.32,0.16,0.01204,1,0,0
0.34,0.16,-0.026809,1,0,0
0.36,0.16,-0.028479,1,0,0
0.38,0.16,-0.012325,1,0,0
0.4,0.16,0.0066381,1,0,0
0.42,0.16,-0.018096,1,0,0
0.44,0.16,-0.031789,1,0,0
0.46,0.16,0.0085839,1,0,0
0.48,0.16,-0.00975,1,0,0
0.5,0.16,0.0074104,1,0,0
0.52,0.16,0.0077249,1,0,0
0.54,0.16,0.020731,1,0,0
0.56,0.16,0.020181,1,0,0
0.58,0.16,0.045512,1,0,0
0.6,0.16,0.038757,1,0,0
0.62,0.16,0.019203,1,0,0
0.64,0.16,-0.0074467,1,0,0
0.66,0.16,-0.015426,1,0,0
0.68,0.16,-0.040049,1,0,0
0.7,0.16,-0.035816,1,0,0
0.72,0.16,-0.041834,1,0,0
0.74,0.16,-0.016948,1,0,0
0.76,0.16,-0.030794,1,0,0
0.78,0.16,-0.014264,1,0,0
0.8,0.16,-0.019774,1,0,0
0.82,0.16,-0.012711,1,0,0
0.84,0.16,-0.023023,1,0,0
0.86,0.16,-0.041675,1,0,0
0.88,0.16,-0.0692,1,0,0
0.9,0.16,-0.011764,1,0,0
0.92,0.16,-0.059067,1,0,0
0.94,0.16,0.0010871,1,0,0
0.96,0.16,-0.00018096,1,0,0
0.98,0.16,0.016366,1,0,0
0.02,0.18,-0.067362,1,0,0
0.04,0.18,-0.030914,1,0,0
0.06,0.18,-0.063417,1,0,0
0.08,0.18,-0.053248,1,0,0
0.1,0.18,-0.098125,1,0,0
0.12,0.18,-0.072454,1,0,0
0.14,0.18,-0.076496,1,0,0
0.16,0.18,-0.062143,1,0,0
0.18,0.18,-0.073248,1,0,0
0.2,0.18,-0.050689,1,0,0
0.22,0.18,-0.072998,1,0,0
0.24,0.18,-0.031351,1,0,0
0.26,0.18,-0.035811,1,0,0
0.28,0.18,-0.037535,1,0,0
0.3,0.18,-0.033938,1,0,0
0.32,0.18,-0.021617,1,0,0
0.34,0.18,-0.037224,1,0,0
0.36,0.18,-0.059559,1,0,0
0.38,0.18,-0.07029,1,0,0
0.4,0.18,-0.035472,1,0,0
0.42,0.18,-0.010986,1,0,0
0.44,0.18,-0.028055,1,0,0
0.46,0.18,-0.037515,1,0,0
0.48,0.18,-0.012865,1,0,0
0.5,0.18,0.010457,1,0,0
0.52,0.18,-0.016278,1,0,0
0.54,0.18,0.017518,1,0,0
0.56,0.18,0.050349,1,0,0
0.58,0.18,0.04134,1,0,0
0.6,0.18,0.038113,1,0,0
0.62,0.18,0.029736,1,0,0
0.64,0.18,-0.0025974,1,0,0
0.66,0.18,-0.027236,1,0,0
0.68,0.18,-0.03759,1,0,0
0.7,0.18,-0.017309,1,0,0
0.72,0.18,-0.026543,1,0,0
0.74,0.18,-0.052814,1,0,0
0.76,0.18,-0.062902,1,0,0
0.78,0.18,-0.048261,1,0,0
0.8,0.18,-0.072291,1,0,0
0.82,0.18,-0.028233,1,0,0
0.84,0.18,-0.044231,1,0,0
0.86,0.18,-0.042217,1,0,0
0.88,0.18,-0.073955,1,0,0
0.9,0.18,-0.047388,1,0,0
0.92,0.18,-0.036167,1,0,0
0.94,0.18,-0.01931,1,0,0
0.96,0.18,-0.0039362,1,0,0
0.98,0.18,-0.010571,1,0,0
0.02,0.2,-0.051435,1,0,0
0.04,0.2,-0.039603,1,0,0
0.06,0.2,-0.034134,1,0,0
0.08,0.2,-0.089048,1,0,0
0.1,0.2,-0.078362,1,0,0
0.12,0.2,-0.056253,1,0,0
0.14,0.2,-0.041278,1,0,0
0.16,0.2,-0.05507,1,0,0
0.18,0.2,-0.032576,1,0,0
0.2,0.2,-0.028724,1,0,0
0.22,0.2,-0.060249,1,0,0
0.24,0.2,-0.042845,1,0,0
0.26,0.2,-0.022372,1,0,0
0.28,0.2,-0.043126,1,0,0
0.3,0.2,-0.033933,1,0,0
0.32,0.2,-0.023511,1,0,0
0.34,0.2,-0.049507,1,0,0
0.36,0.2,-0.065136,1,0,0
0.38,0.2,-0.056445,1,0,0
0.4,0.2,-0.015999,1,0,0
0.42,0.2,-0.018689,1,0,0
0.44,0.2,0.0078699,1,0,0
0.46,0.2,-0.014846,1,0,0
0.48,0.2,0.012153,1,0,0
0.5,0.2,-0.025389,1,0,0
0.52,0.2,0.021245,1,0,0
0.54,0.2,0.0079462,1,0,0
0.56,0.2,0.0092429,1,0,0
0.58,0.2,0.032605,1,0,0
0.6,0.2,0.019707,1,0,0
0.62,0.2,0.015481,1,0,0
0.64,0.2,-0.043002,1,0,0
0.66,0.2,-0.018325,1,0,0
0.68,0.2,-0.017503,1,0,0
0.7,0.2,-0.0050796,1,0,0
0.72,0.2,-0.019354,1,0,0
0.74,0.2,-0.014378,1,0,0
0.76,0.2,-0.068601,1,0,0
0.78,0.2,-0.028374,1,0,0
0.8,0.2,-0.032404,1,0,0
0.82,0.2,-0.078339,1,0,0
0.84,0.2,-0.048448,1,0,0
0.86,0.2,-0.029184,1,0,0
0.88,0.2,-0.053083,1,0,0
0.9,0.2,-0.067537,1,0,0
0.92,0.2,-0.039665,1,0,0
0.94,0.2,-0.063742,1,0,0
0.96,0.2,-0.005188,1,0,0
0.98,0.2,-0.03167,1,0,0
0.02,0.22,-0.036577,1,0,0
0.04,0.22,-0.074036,1,0,0
0.06,0.22,-0.049856,1,0,0
0.08,0.22,-0.061381,1,0,0
0.1,0.22,-0.088024,1,0,0
0.12,0.22,-0.070218,1,0,0
0.14,0.22,-0.045498,1,0,0
0.16,0.22,-0.064367,1,0,0
0.18,0.22,-0.056349,1,0,0
0.2,0.22,-0.045342,1,0,0
0.22,0.22,-0.034203,1,0,0
0.24,0.22,-0.034426,1,0,0
0.26,0.22,-0.057835,1,0,0
0.28,0.22,-0.031938,1,0,0
0.3,0.22,-0.012575,1,0,0
0.32,0.22,-0.032842,1,0,0
0.34,0.22,-0.037459,1,0,0
0.36,0.22,-0.049257,1,0,0
0.38,0.22,-0.053314,1,0,0
0.4,0.22,-0.028265,1,0,0
0.42,0.22,-0.0059535,1,0,0
0.44,0.22,-0.006733,1,0,0
0.46,0.22,-0.0029741,1,0,0
0.48,0.22,-0.014869,1,0,0
0.5,0.22,0.022658,1,0,0
0.52,0.22,-0.016295,1,0,0
0.54,0.22,-0.026578,1,0,0
0.56,0.22,0.014409,1,0,0
0.58,0.22,0.0042842,1,0,0
0.6,0.22,0.029046,1,0,0
0.62,0.22,-0.0046378,1,0,0
0.64,0.22,-0.014985,1,0,0
0.66,0.22,-0.02095,1,0,0
0.68,0.22,-0.007362,1,0,0
0.7,0.22,-0.0014995,1,0,0
0.72,0.22,0.006918,1,0,0
0.74,0.22,-0.05386,1,0,0
0.76,0.22,-0.036229,1,0,0
0.78,0.22,-0.046717,1,0,0
0.8,0.22,-0.034759,1,0,0
0.82,0.22,-0.06149,1,0,0
0.84,0.22,-0.044895,1,0,0
0.86,0.22,-0.026339,1,0,0
0.88,0.22,-0.042374,1,0,0
0.9,0.22,-0.063107,1,0,0
0.92,0.22,-0.079568,1,0,0
0.94,0.22,-0.056627,1,0,0
0.96,0.22,-0.042412,1,0,0
0.98,0.22,0.013109,1,0,0
0.02,0.24,-0.01645,1,0,0
0.04,0.24,-0.0053951,1,0,0
0.06,0.24,-0.023699,1,0,0
0.08,0.24,-0.051934,1,0,0
0.1,0.24,-0.1057,1,0,0
0.12,0.24,-0.076402,1,0,0
0.14,0.24,-0.049406,1,0,0
0.16,0.24,-0.053165,1,0,0
0.18,0.24,-0.073172,1,0,0
0.2,0.24,-0.074464,1,0,0
0.22,0.24,-0.022003,1,0,0
0.24,0.24,-0.01881,1,0,0
0.26,0.24,-0.02401,1,0,0
0.28,0.24,-0.044012,1,0,0
0.3,0.24,-0.0028094,1,0,0
0.32,0.24,-0.0067745,1,0,0
0.34,0.24,-0.015258,1,0,0
0.36,0.24,-0.030971,1,0,0
0.38,0.24,-0.050769,1,0,0
0.4,0.24,-0.025074,1,0,0
0.42,0.24,0.0046036,1,0,0
0.44,0.24,0.004201,1,0,0
0.46,0.24,0.010173,1,0,0
0.48,0.24,-0.010604,1,0,0
0.5,0.24,0.0030895,1,0,0
0.52,0.24,-0.0074809,1,0,0
0.54,0.24,-0.0042058,1,0,0
0.56,0.24,0.0014778,1,0,0
0.58,0.24,-0.0057599,1,0,0
0.6,0.24,-0.022434,1,0,0
0.62,0.24,-0.016206,1,0,0
0.64,0.24,0.0051947,1,0,0
0.66,0.24,0.010801,1,0,0
0.68,0.24,0.042921,1,0,0
0.7,0.24,-0.0025621,1,0,0
0.72,0.24,-0.02091,1,0,0
0.74,0.24,-0.032616,1,0,0
0.76,0.24,-0.041618,1,0,0
0.78,0.24,-0.060019,1,0,0
0.8,0.24,-0.029886,1,0,0
0.82,0.24,-0.041748,1,0,0
0.84,0.24,0.0037603,1,0,0
0.86,0.24,-0.0074886,1,0,0
0.88,0.24,-0.031856,1,0,0
0.9,0.24,-0.032808,1,0,0
0.92,0.24,-0.062316,1,0,0
0.94,0.24,-0.044205,1,0,0
0.96,0.24,-0.030795,1,0,0
0.98,0.24,-0.021862,1,0,0
0.02,0.26,-0.036609,1,0,0
0.04,0.26,-0.018025,1,0,0
0.06,0.26,-0.059693,1,0,0
0.08,0.26,-0.083035,1,0,0
0.1,0.26,-0.090929,1,0,0
0.12,0.26,-0.068067,1,0,0
0.14,0.26,-0.058051,1,0,0
0.16,0.26,-0.06482,1,0,0
0.18,0.26,-0.039033,1,0,0
0.2,0.26,-0.033574,1,0,0
0.22,0.26,-0.058354,1,0,0
0.24,0.26,-0.046177,1,0,0
0.26,0.26,-0.073342,1,0,0
0.28,0.26,-0.099633,1,0,0
0.3,0.26,-0.050092,1,0,0
0.32,0.26,-0.0063151,1,0,0
0.34,0.26,0.0052134,1,0,0
0.36,0.26,-0.041701,1,0,0
0.38,0.26,-0.030582,1,0,0
0.4,0.26,-0.013142,1,0,0
0.42,0.26,-0.030645,1,0,0
0.44,0.26,-0.024698,1,0,0
0.46,0.26,-0.028927,1,0,0
0.48,0.26,-0.046504,1,0,0
0.5,0.26,-0.041696,1,0,0
0.52,0.26,-0.032612,1,0,0
0.54,0.26,-0.011032,1,0,0
0.56,0.26,-0.038859,1,0,0
0.58,0.26,-0.027444,1,0,0
0.6,0.26,-0.036063,1,0,0
0.62,0.26,-0.030216,1,0,0
0.64,0.26,-0.04618,1,0,0
0.66,0.26,-0.017274,1,0,0
0.68,0.26,-0.0083925,1,0,0
0.7,0.26,-0.030305,1,0,0
0.72,0.26,-0.025249,1,0,0
0.74,0.26,-0.0472,1,0,0
0.76,0.26,-0.070033,1,0,0
0.78,0.26,-0.042749,1,0,0
0.8,0.26,-0.03606,1,0,0
0.82,0.26,-0.031786,1,0,0
0.84,0.26,-0.041908,1,0,0
0.86,0.26,-0.027792,1,0,0
0.88,0.26,-0.066497,1,0,0
0.9,0.26,-0.082803,1,0,0
0.92,0.26,-0.062257,1,0,0
0.94,0.26,-0.050416,1,0,0
0.96,0.26,-0.019453,1,0,0
0.98,0.26,-0.022362,1,0,0
0.02,0.28,-0.052493,1,0,0
0.04,0.28,-0.025261,1,0,0
0.06,0.28,-0.068938,1,0,0
0.08,0.28,-0.072367,1,0,0
0.1,0.28,-0.068678,1,0,0
0.12,0.28,-0.06725,1,0,0
0.14,0.28,-0.081931,1,0,0
0.16,0.28,-0.044629,1,0,0
0.18,0.28,-0.068645,1,0,0
0.2,0.28,-0.043902,1,0,0
0.22,0.28,-0.070358,1,0,0
0.24,0.28,-0.060871,1,0,0
0.26,0.28,-0.068043,1,0,0
0.28,0.28,-0.070165,1,0,0
0.3,0.28,-0.056136,1,0,0
0.32,0.28,-0.05267,1,0,0
0.34,0.28,-0.048503,1,0,0
0.36,0.28,-0.057394,1,0,0
0.38,0.28,-0.036075,1,0,0
0.4,0.28,-0.051136,1,0,0
0.42,0.28,-0.024209,1,0,0
0.44,0.28,-0.026412,1,0,0
0.46,0.28,-0.00021898,1,0,0
0.48,0.28,-0.024401,1,0,0
0.5,0.28,-0.019354,1,0,0
0.52,0.28,-0.038363,1,0,0
0.54,0.28,-0.033823,1,0,0
0.56,0.28,-0.049924,1,0,0
0.58,0.28,-0.056836,1,0,0
0.6,0.28,-0.054195,1,0,0
0.62,0.28,-0.038725,1,0,0
0.64,0.28,-0.031959,1,0,0
0.66,0.28,-0.02521,1,0,0
0.68,0.28,-0.016457,1,0,0
0.7,0.28,-0.0061057,1,0,0
0.72,0.28,-0.055462,1,0,0
0.74,0.28,-0.06823,1,0,0
0.76,0.28,-0.046467,1,0,0
0.78,0.28,-0.021528,1,0,0
0.8,0.28,-0.045382,1,0,0
0.82,0.28,-0.030347,1,0,0
0.84,0.28,-0.035849,1,0,0
0.86,0.28,-0.035752,1,0,0
0.88,0.28,-0.074467,1,0,0
0.9,0.28,-0.068359,1,0,0
0.92,0.28,-0.1088,1,0,0
0.94,0.28,-0.060485,1,0,0
0.96,0.28,-0.053498,1,0,0
0.98,0.28,-0.033851,1,0,0
0.02,0.3,-0.053735,1,0,0
0.04,0.3,-0.05544,1,0,0
0.06,0.3,-0.051068,1,0,0
0.08,0.3,-0.031549,1,0,0
0.1,0.3,-0.057587,1,0,0
0.12,0.3,-0.045994,1,0,0
0.14,0.3,-0.052776,1,0,0
0.16,0.3,-0.027175,1,0,0
0.18,0.3,-0.040115,1,0,0
0.2,0.3,-0.034509,1,0,0
0.22,0.3,-0.035383,1,0,0
0.24,0.3,-0.061381,1,0,0
0.26,0.3,-0.039115,1,0,0
0.28,0.3,-0.053597,1,0,0
0.3,0.3,-0.045647,1,0,0
0.32,0.3,-0.03735,1,0,0
0.34,0.3,-0.059133,1,0,0
0.36,0.3,-0.072981,1,0,0
0.38,0.3,-0.055015,1,0,0
0.4,0.3,-0.013584,1,0,0
0.42,0.3,-0.048245,1,0,0
0.44,0.3,-0.018542,1,0,0
0.46,0.3,0.0004919,1,0,0
0.48,0.3,-0.010503,1,0,0
0.5,0.3,-0.010459,1,0,0
0.52,0.3,-0.017352,1,0,0
0.54,0.3,-0.031015,1,0,0
0.56,0.3,-0.029205,1,0,0
0.58,0.3,-0.018053,1,0,0
0.6,0.3,-0.024155,1,0,0
0.62,0.3,-0.037017,1,0,0
0.64,0.3,-0.073685,1,0,0
0.66,0.3,-0.028047,1,0,0
0.68,0.3,-0.069073,1,0,0
0.7,0.3,-0.014554,1,0,0
0.72,0.3,-0.03994,1,0,0
0.74,0.3,-0.023602,1,0,0
0.76,0.3,-0.05625,1,0,0
0.78,0.3,-0.029991,1,0,0
0.8,0.3,-0.041413,1,0,0
0.82,0.3,-0.018104,1,0,0
0.84,0.3,-0.015538,1,0,0
0.86,0.3,-0.04651,1,0,0
0.88,0.3,-0.062835,1,0,0
0.9,0.3,-0.067296,1,0,0
0.92,0.3,-0.072087,1,0,0
0.94,0.3,-0.05821,1,0,0
0.96,0.3,-0.052851,1,0,0
0.98,0.3,-0.032849,1,0,0
0.02,0.32,-0.046695,1,0,0
0.04,0.32,-0.038286,1,0,0
0.06,0.32,-0.028902,1,0,0
0.08,0.32,-0.042646,1,0,0
0.1,0.32,-0.049902,1,0,0
0.12,0.32,-0.059881,1,0,0
0.14,0.32,0.00047979,1,0,0
0.16,0.32,-0.0076809,1,0,0
0.18,0.32,-0.038812,1,0,0
0.2,0.32,-0.04085,1,0,0
0.22,0.32,-0.063642,1,0,0
0.24,0.32,-0.061092,1,0,0
0.26,0.32,-0.052407,1,0,0
0.28,0.32,-0.045046,1,0,0
0.3,0.32,-0.041266,1,0,0
0.32,0.32,-0.045823,1,0,0
0.34,0.32,-0.071492,1,0,0
0.36,0.32,-0.046494,1,0,0
0.38,0.32,-0.043223,1,0,0
0.4,0.32,-0.016109,1,0,0
0.42,0.32,0.0041557,1,0,0
0.44,0.32,0.014355,1,0,0
0.46,0.32,-0.023665,1,0,0
0.48,0.32,-0.015541,1,0,0
0.5,0.32,-0.019823,1,0,0
0.52,0.32,-0.045201,1,0,0
0.54,0.32,-0.0057084,1,0,0
0.56,0.32,-0.0045495,1,0,0
0.58,0.32,-0.0048752,1,0,0
0.6,0.32,-0.033883,1,0,0
0.62,0.32,-0.035068,1,0,0
0.64,0.32,-0.04348,1,0,0
0.66,0.32,-0.03155,1,0,0
0.68,0.32,-0.034258,1,0,0
0.7,0.32,-0.025635,1,0,0
0.72,0.32,-0.011914,1,0,0
0.74,0.32,-0.01556,1,0,0
0.76,0.32,-0.036512,1,0,0
0.78,0.32,-0.043099,1,0,0
0.8,0.32,-0.062894,1,0,0
0.82,0.32,-0.011299,1,0,0
0.84,0.32,-0.039281,1,0,0
0.86,0.32,-0.046982,1,0,0
0.88,0.32,-0.064084,1,0,0
0.9,0.32,-0.051525,1,0,0
0.92,0.32,-0.024711,1,0,0
0.94,0.32,-0.027395,1,0,0
0.96,0.32,-0.02896,1,0,0
0.98,0.32,-0.060311,1,0,0
0.02,0.34,-0.044372,1,0,0
0.04,0.34,-0.027575,1,0,0
0.06,0.34,-0.012801,1,0,0
0.08,0.34,-0.019824,1,0,0
0.1,0.34,-0.011153,1,0,0
0.12,0.34,-0.035384,1,0,0
0.14,0.34,-0.047689,1,0,0
0.16,0.34,-0.046517,1,0,0
0.18,0.34,-0.063031,1,0,0
0.2,0.34,-0.02999,1,0,0
0.22,0.34,-0.061296,1,0,0
0.24,0.34,-0.073858,1,0,0
0.26,0.34,-0.049069,1,0,0
0.28,0.34,-0.04138,1,0,0
0.3,0.34,-0.051355,1,0,0
0.32,0.34,-0.063379,1,0,0
0.34,0.34,-0.061157,1,0,0
0.36,0.34,-0.04626,1,0,0
0.38,0.34,-0.023307,1,0,0
0.4,0.34,-0.020615,1,0,0
0.42,0.34,0.022495,1,0,0
0.44,0.34,0.014804,1,0,0
0.46,0.34,0.0042834,1,0,0
0.48,0.34,0.015424,1,0,0
0.5,0.34,-0.009593,1,0,0
0.52,0.34,-0.062474,1,0,0
0.54,0.34,-0.044418,1,0,0
0.56,0.34,-0.031595,1,0,0
0.58,0.34,-0.036726,1,0,0
0.6,0.34,-0.025129,1,0,0
0.62,0.34,-0.016592,1,0,0
0.64,0.34,-0.018885,1,0,0
0.66,0.34,-0.041935,1,0,0
0.68,0.34,-0.0087687,1,0,0
0.7,0.34,-0.017902,1,0,0
0.72,0.34,0.0076008,1,0,0
0.74,0.34,-0.028887,1,0,0
0.76,0.34,-0.053671,1,0,0
0.78,0.34,-0.058897,1,0,0
0.8,0.34,-0.050746,1,0,0
0.82,0.34,-0.0518,1,0,0
0.84,0.34,-0.04136,1,0,0
0.86,0.34,-0.032031,1,0,0
0.88,0.34,-0.058471,1,0,0
0.9,0.34,-0.034045,1,0,0
0.92,0.34,-0.03211,1,0,0
0.94,0.34,-0.020953,1,0,0
0.96,0.34,-0.033778,1,0,0
0.98,0.34,-0.057557,1,0,0
0.02,0.36,0.0088348,1,0,0
0.04,0.36,0.01952,1,0,0
0.06,0.36,0.0034067,1,0,0
0.08,0.36,-0.0016823,1,0,0
0.1,0.36,-0.020737,1,0,0
0.12,0.36,-0.03941,1,0,0
0.14,0.36,-0.069228,1,0,0
0.16,0.36,-0.070115,1,0,0
0.18,0.36,-0.043003,1,0,0
0.2,0.36,-0.030524,1,0,0
0.22,0.36,-0.059797,1,0,0
0.24,0.36,-0.046435,1,0,0
0.26,0.36,-0.013872,1,0,0
0.28,0.36,-0.036503,1,0,0
0.3,0.36,-0.047735,1,0,0
0.32,0.36,-0.053709,1,0,0
0.34,0.36,-0.057333,1,0,0
0.36,0.36,-0.032771,1,0,0
0.38,0.36,-0.021238,1,0,0
0.4,0.36,0.0037957,1,0,0
0.42,0.36,0.013483,1,0,0
0.44,0.36,0.027022,1,0,0
0.46,0.36,0.022488,1,0,0
0.48,0.36,0.022751,1,0,0
0.5,0.36,-0.009682,1,0,0
0.52,0.36,-0.051936,1,0,0
0.54,0.36,-0.042465,1,0,0
0.56,0.36,-0.033028,1,0,0
0.58,0.36,-0.065544,1,0,0
0.6,0.36,-0.024226,1,0,0
0.62,0.36,-0.013942,1,0,0
0.64,0.36,-0.014057,1,0,0
0.66,0.36,0.023568,1,0,0
0.68,0.36,-0.022903,1,0,0
0.7,0.36,-0.0070414,1,0,0
0.72,0.36,-0.02588,1,0,0
0.74,0.36,-0.048811,1,0,0
0.76,0.36,-0.053333,1,0,0
0.78,0.36,-0.063616,1,0,0
0.8,0.36,-0.049886,1,0,0
0.82,0.36,-0.065299,1,0,0
0.84,0.36,-0.040696,1,0,0
0.86,0.36,-0.026636,1,0,0
0.88,0.36,-0.011085,1,0,0
0.9,0.36,-0.026048,1,0,0
0.92,0.36,-0.0063231,1,0,0
0.94,0.36,-0.0096634,1,0,0
0.96,0.36,-0.059646,1,0,0
0.98,0.36,-0.055803,1,0,0
0.02,0.38,-0.0045314,1,0,0
0.04,0.38,-0.011655,1,0,0
0.06,0.38,-0.016682,1,0,0
0.08,0.38,-0.048072,1,0,0
0.1,0.38,-0.028702,1,0,0
0.12,0.38,-0.058206,1,0,0
0.14,0.38,-0.094557,1,0,0
0.16,0.38,-0.056497,1,0,0
0.18,0.38,-0.037684,1,0,0
0.2,0.38,-0.043954,1,0,0
0.22,0.38,-0.065506,1,0,0
0.24,0.38,-0.026166,1,0,0
0.26,0.38,-0.066558,1,0,0
0.28,0.38,-0.090489,1,0,0
0.3,0.38,-0.064889,1,0,0
0.32,0.38,-0.028923,1,0,0
0.34,0.38,-0.053715,1,0,0
0.36,0.38,-0.021531,1,0,0
0.38,0.38,0.00061435,1,0,0
0.4,0.38,0.0066226,1,0,0
0.42,0.38,0.0024147,1,0,0
0.44,0.38,0.013144,1,0,0
0.46,0.38,0.0254,1,0,0
0.48,0.38,0.012971,1,0,0
0.5,0.38,-0.016768,1,0,0
0.52,0.38,-0.045968,1,0,0
0.54,0.38,-0.02825,1,0,0
0.56,0.38,-0.024531,1,0,0
0.58,0.38,-0.029115,1,0,0
0.6,0.38,-0.030075,1,0,0
0.62,0.38,-0.020782,1,0,0
0.64,0.38,-0.047596,1,0,0
0.66,0.38,-0.016076,1,0,0
0.68,0.38,-0.00073737,1,0,0
0.7,0.38,-0.04173,1,0,0
0.72,0.38,-0.034364,1,0,0
0.74,0.38,0.0044337,1,0,0
0.76,0.38,-0.043777,1,0,0
0.78,0.38,-0.048811,1,0,0
0.8,0.38,-0.048193,1,0,0
0.82,0.38,-0.05197,1,0,0
0.84,0.38,-0.06066,1,0,0
0.86,0.38,-0.042609,1,0,0
0.88,0.38,-0.065707,1,0,0
0.9,0.38,-0.011278,1,0,0
0.92,0.38,-0.030709,1,0,0
0.94,0.38,-0.037459,1,0,0
0.96,0.38,-0.027637,1,0,0
0.98,0.38,-0.045648,1,0,0
0.02,0.4,0.006061,1,0,0
0.04,0.4,0.034751,1,0,0
0.06,0.4,-0.0017216,1,0,0
0.08,0.4,-0.0017223,1,0,0
0.1,0.4,-0.057805,1,0,0
0.12,0.4,-0.033278,1,0,0
0.14,0.4,-0.057271,1,0,0
0.16,0.4,-0.073638,1,0,0
0.18,0.4,-0.070297,1,0,0
0.2,0.4,-0.047302,1,0,0
0.22,0.4,-0.071899,1,0,0
0.24,0.4,-0.021434,1,0,0
0.26,0.4,-0.045718,1,0,0
0.28,0.4,-0.080172,1,0,0
0.3,0.4,-0.036517,1,0,0
0.32,0.4,-0.038206,1,0,0
0.34,0.4,-0.054051,1,0,0
0.36,0.4,-0.049437,1,0,0
0.38,0.4,-0.030917,1,0,0
0.4,0.4,-0.010625,1,0,0
0.42,0.4,0.023058,1,0,0
0.44,0.4,0.05439,1,0,0
0.46,0.4,0.025888,1,0,0
0.48,0.4,0.01892,1,0,0
0.5,0.4,-0.020846,1,0,0
0.52,0.4,-0.050276,1,0,0
0.54,0.4,-0.038979,1,0,0
0.56,0.4,-0.051504,1,0,0
0.58,0.4,-0.069072,1,0,0
0.6,0.4,-0.069752,1,0,0
0.62,0.4,-0.044043,1,0,0
0.64,0.4,-0.043262,1,0,0
0.66,0.4,0.0084863,1,0,0
0.68,0.4,-0.032875,1,0,0
0.7,0.4,-0.04486,1,0,0
0.72,0.4,-0.033578,1,0,0
0.74,0.4,-0.024691,1,0,0
0.76,0.4,-0.066814,1,0,0
0.78,0.4,-0.051403,1,0,0
0.8,0.4,-0.063612,1,0,0
0.82,0.4,-0.058385,1,0,0
0.84,0.4,-0.074647,1,0,0
0.86,0.4,-0.022149,1,0,0
0.88,0.4,-0.062623,1,0,0
0.9,0.4,-0.050609,1,0,0
0.92,0.4,-0.015415,1,0,0
0.94,0.4,-0.056599,1,0,0
0.96,0.4,-0.070484,1,0,0
0.98,0.4,-0.047311,1,0,0
0.02,0.42,0.0095115,1,0,0
0.04,0.42,0.016057,1,0,0
0.06,0.42,0.00087875,1,0,0
0.08,0.42,-0.011964,1,0,0
0.1,0.42,-0.030101,1,0,0
0.12,0.42,-0.03493,1,0,0
0.14,0.42,-0.087158,1,0,0
0.16,0.42,-0.068496,1,0,0
0.18,0.42,-0.078756,1,0,0
0.2,0.42,-0.062273,1,0,0
0.22,0.42,-0.052636,1,0,0
0.24,0.42,-0.049281,1,0,0
0.26,0.42,-0.062627,1,0,0
0.28,0.42,-0.055655,1,0,0
0.3,0.42,-0.044455,1,0,0
0.32,0.42,-0.03807,1,0,0
0.34,0.42,-0.03751,1,0,0
0.36,0.42,0.0024466,1,0,0
0.38,0.42,-0.031403,1,0,0
0.4,0.42,-0.032015,1,0,0
0.42,0.42,-0.0034664,1,0,0
0.44,0.42,0.012459,1,0,0
0.46,0.42,0.0068119,1,0,0
0.48,0.42,-0.0045398,1,0,0
0.5,0.42,-0.023439,1,0,0
0.52,0.42,-0.05429,1,0,0
0.54,0.42,-0.070757,1,0,0
0.56,0.42,-0.033929,1,0,0
0.58,0.42,-0.030203,1,0,0
0.6,0.42,-0.042097,1,0,0
0.62,0.42,-0.0065809,1,0,0
0.64,0.42,-0.038553,1,0,0
0.66,0.42,-0.047045,1,0,0
0.68,0.42,-0.062774,1,0,0
0.7,0.42,-0.033976,1,0,0
0.72,0.42,-0.071558,1,0,0
0.74,0.42,-0.037674,1,0,0
0.76,0.42,-0.08013,1,0,0
0.78,0.42,-0.062455,1,0,0
0.8,0.42,-0.073515,1,0,0
0.82,0.42,-0.10306,1,0,0
0.84,0.42,-0.061032,1,0,0
0.86,0.42,-0.020129,1,0,0
0.88,0.42,-0.041829,1,0,0
0.9,0.42,-0.022219,1,0,0
0.92,0.42,-0.057977,1,0,0
0.94,0.42,-0.045195,1,0,0
0.96,0.42,-0.0318,1,0,0
0.98,0.42,-0.048423,1,0,0
0.02,0.44,0.017674,1,0,0
0.04,0.44,0.019265,1,0,0
0.06,0.44,0.012909,1,0,0
0.08,0.44,0.015098,1,0,0
0.1,0.44,-0.045842,1,0,0
0.12,0.44,-0.030377,1,0,0
0.14,0.44,-0.039913,1,0,0
0.16,0.44,-0.066676,1,0,0
0.18,0.44,-0.056192,1,0,0
0.2,0.44,-0.039129,1,0,0
0.22,0.44,-0.079647,1,0,0
0.24,0.44,-0.075751,1,0,0
0.26,0.44,-0.07535,1,0,0
0.28,0.44,-0.049428,1,0,0
0.3,0.44,-0.045065,1,0,0
0.32,0.44,-0.018147,1,0,0
0.34,0.44,0.0079548,1,0,0
0.36,0.44,-0.01832,1,0,0
0.38,0.44,-0.025685,1,0,0
0.4,0.44,0.00089399,1,0,0
0.42,0.44,-0.0061082,1,0,0
0.44,0.44,-0.039223,1,0,0
0.46,0.44,-0.018153,1,0,0
0.48,0.44,-0.034642,1,0,0
0.5,0.44,-0.011841,1,0,0
0.52,0.44,-0.036734,1,0,0
0.54,0.44,-0.036467,1,0,0
0.56,0.44,-0.017418,1,0,0
0.58,0.44,-0.030774,1,0,0
0.6,0.44,-0.023873,1,0,0
0.62,0.44,-0.045654,1,0,0
0.64,0.44,-0.050313,1,0,0
0.66,0.44,-0.063398,1,0,0
0.68,0.44,-0.078243,1,0,0
0.7,0.44,-0.066663,1,0,0
0.72,0.44,-0.041484,1,0,0
0.74,0.44,-0.077549,1,0,0
0.76,0.44,-0.052274,1,0,0
0.78,0.44,-0.056592,1,0,0
0.8,0.44,-0.061223,1,0,0
0.82,0.44,-0.084116,1,0,0
0.84,0.44,-0.0786,1,0,0
0.86,0.44,-0.0421,1,0,0
0.88,0.44,-0.050787,1,0,0
0.9,0.44,-0.035918,1,0,0
0.92,0.44,-0.038611,1,0,0
0.94,0.44,-0.0087532,1,0,0
0.96,0.44,-0.041521,1,0,0
0.98,0.44,-0.023039,1,0,0
0.02,0.46,-0.011723,1,0,0
0.04,0.46,0.056312,1,0,0
0.06,0.46,0.056865,1,0,0
0.08,0.46,0.062543,1,0,0
0.1,0.46,-0.0092481,1,0,0
0.12,0.46,-0.02177,1,0,0
0.14,0.46,-0.020517,1,0,0
0.16,0.46,-0.025934,1,0,0
0.18,0.46,-0.033907,1,0,0
0.2,0.46,-0.023609,1,0,0
0.22,0.46,-0.021839,1,0,0
0.24,0.46,-0.047572,1,0,0
0.26,0.46,-0.053433,1,0,0
0.28,0.46,-0.058737,1,0,0
0.3,0.46,-0.019843,1,0,0
0.32,0.46,0.0010894,1,0,0
0.34,0.46,0.026139,1,0,0
0.36,0.46,-0.009298,1,0,0
0.38,0.46,-0.01059,1,0,0
0.4,0.46,0.0037993,1,0,0
0.42,0.46,-0.01485,1,0,0
0.44,0.46,-0.018909,1,0,0
0.46,0.46,-0.0048191,1,0,0
0.48,0.46,0.0054971,1,0,0
0.5,0.46,-0.011014,1,0,0
0.52,0.46,-0.022494,1,0,0
0.54,0.46,-0.051914,1,0,0
0.56,0.46,-0.046746,1,0,0
0.58,0.46,-0.028271,1,0,0
0.6,0.46,-0.041901,1,0,0
0.62,0.46,-0.035905,1,0,0
0.64,0.46,-0.047316,1,0,0
0.66,0.46,-0.081127,1,0,0
0.68,0.46,-0.038864,1,0,0
0.7,0.46,-0.063984,1,0,0
0.72,0.46,-0.0422,1,0,0
0.74,0.46,-0.073665,1,0,0
0.76,0.46,-0.048897,1,0,0
0.78,0.46,-0.061919,1,0,0
0.8,0.46,-0.045554,1,0,0
0.82,0.46,-0.049023,1,0,0
0.84,0.46,-0.011523,1,0,0
0.86,0.46,-0.043017,1,0,0
0.88,0.46,-0.068199,1,0,0
0.9,0.46,-0.032488,1,0,0
0.92,0.46,-0.044546,1,0,0
0.94,0.46,-0.045282,1,0,0
0.96,0.46,0.01425,1,0,0
0.98,0.46,0.014799,1,0,0
0.02,0.48,0.032096,1,0,0
0.04,0.48,0.053665,1,0,0
0.06,0.48,0.042693,1,0,0
0.08,0.48,0.030748,1,0,0
0.1,0.48,0.0075562,1,0,0
0.12,0.48,-0.037264,1,0,0
0.14,0.48,-0.0053745,1,0,0
0.16,0.48,0.0011433,1,0,0
0.18,0.48,-0.012616,1,0,0
0.2,0.48,-0.011585,1,0,0
0.22,0.48,-0.0097967,1,0,0
0.24,0.48,-0.016893,1,0,0
0.26,0.48,-0.044124,1,0,0
0.28,0.48,-0.05388,1,0,0
0.3,0.48,-0.017713,1,0,0
0.32,0.48,0.04112,1,0,0
0.34,0.48,0.011226,1,0,0
0.36,0.48,0.0016184,1,0,0
0.38,0.48,0.013601,1,0,0
0.4,0.48,0.025766,1,0,0
0.42,0.48,-0.01793,1,0,0
0.44,0.48,-0.0097064,1,0,0
0.46,0.48,0.0056003,1,0,0
0.48,0.48,-0.0067381,1,0,0
0.5,0.48,0.0019535,1,0,0
0.52,0.48,0.018884,1,0,0
0.54,0.48,-0.01866,1,0,0
0.56,0.48,-0.05305,1,0,0
0.58,0.48,-0.052902,1,0,0
0.6,0.48,-0.016991,1,0,0
0.62,0.48,-0.036632,1,0,0
0.64,0.48,-0.042606,1,0,0
0.66,0.48,-0.049009,1,0,0
0.68,0.48,-0.054322,1,0,0
0.7,0.48,-0.044203,1,0,0
0.72,0.48,-0.051024,1,0,0
0.74,0.48,-0.059014,1,0,0
0.76,0.48,-0.012699,1,0,0
0.78,0.48,-0.025563,1,0,0
0.8,0.48,-0.011229,1,0,0
0.82,0.48,0.020316,1,0,0
0.84,0.48,0.012581,1,0,0
0.86,0.48,-0.042214,1,0,0
0.88,0.48,-0.038378,1,0,0
0.9,0.48,-0.018029,1,0,0
0.92,0.48,-0.035456,1,0,0
0.94,0.48,-0.026704,1,0,0
0.96,0.48,0.016693,1,0,0
0.98,0.48,0.0052501,1,0,0
0.02,0.5,0.018516,1,0,0
0.04,0.5,0.044056,1,0,0
0.06,0.5,0.053456,1,0,0
0.08,0.5,0.034782,1,0,0
0.1,0.5,-0.011086,1,0,0
0.12,0.5,-0.0061613,1,0,0
0.14,0.5,-0.0054887,1,0,0
0.16,0.5,-0.0032836,1,0,0
0.18,0.5,-0.015064,1,0,0
0.2,0.5,0.029709,1,0,0
0.22,0.5,0.00041104,1,0,0
0.24,0.5,-0.038301,1,0,0
0.26,0.5,-0.036739,1,0,0
0.28,0.5,-0.031654,1,0,0
0.3,0.5,-0.035874,1,0,0
0.32,0.5,0.025899,1,0,0
0.34,0.5,0.061113,1,0,0
0.36,0.5,0.030178,1,0,0
0.38,0.5,0.016576,1,0,0
0.4,0.5,0.015215,1,0,0
0.42,0.5,-0.024757,1,0,0
0.44,0.5,-0.016232,1,0,0
0.46,0.5,0.0091877,1,0,0
0.48,0.5,-0.0088343,1,0,0
0.5,0.5,-0.013776,1,0,0
0.52,0.5,-0.00025225,1,0,0
0.54,0.5,-0.063506,1,0,0
0.56,0.5,-0.057686,1,0,0
0.58,0.5,-0.046928,1,0,0
0.6,0.5,-0.027505,1,0,0
0.62,0.5,-0.057333,1,0,0
0.64,0.5,-0.072923,1,0,0
0.66,0.5,-0.063202,1,0,0
0.68,0.5,-0.085118,1,0,0
0.7,0.5,-0.024278,1,0,0
0.72,0.5,-0.033925,1,0,0
0.74,0.5,-0.036921,1,0,0
0.76,0.5,-0.018706,1,0,0
0.78,0.5,0.0061336,1,0,0
0.8,0.5,-0.0083046,1,0,0
0.82,0.5,-0.026319,1,0,0
0.84,0.5,0.0052982,1,0,0
0.86,0.5,-0.00050923,1,0,0
0.88,0.5,-0.011784,1,0,0
0.9,0.5,-0.024758,1,0,0
0.92,0.5,-0.042672,1,0,0
0.94,0.5,0.0048508,1,0,0
0.96,0.5,0.0025913,1,0,0
0.98,0.5,-0.00043623,1,0,0
0.02,0.52,0.019714,1,0,0
0.04,0.52,0.059711,1,0,0
0.06,0.52,0.014573,1,0,0
0.08,0.52,0.033826,1,0,0
0.1,0.52,0.0034303,1,0,0
0.12,0.52,-0.017125,1,0,0
0.14,0.52,-0.011136,1,0,0
0.16,0.52,-0.0018871,1,0,0
0.18,0.52,-0.044216,1,0,0
0.2,0.52,-0.017059,1,0,0
0.22,0.52,-0.037528,1,0,0
0.24,0.52,-0.042878,1,0,0
0.26,0.52,-0.055481,1,0,0
0.28,0.52,-0.017934,1,0,0
0.3,0.52,-0.004373,1,0,0
0.32,0.52,0.015738,1,0,0
0.34,0.52,0.016129,1,0,0
0.36,0.52,-0.0039262,1,0,0
0.38,0.52,0.00095991,1,0,0
0.4,0.52,0.016491,1,0,0
0.42,0.52,0.019498,1,0,0
0.44,0.52,0.014901,1,0,0
0.46,0.52,-0.034667,1,0,0
0.48,0.52,-0.018595,1,0,0
0.5,0.52,-0.031625,1,0,0
0.52,0.52,-0.06641,1,0,0
0.54,0.52,-0.088399,1,0,0
0.56,0.52,-0.075705,1,0,0
0.58,0.52,-0.058715,1,0,0
0.6,0.52,-0.076286,1,0,0
0.62,0.52,-0.056417,1,0,0
0.64,0.52,-0.069373,1,0,0
0.66,0.52,-0.037165,1,0,0
0.68,0.52,-0.056324,1,0,0
0.7,0.52,-0.014339,1,0,0
0.72,0.52,-0.036841,1,0,0
0.74,0.52,-0.050799,1,0,0
0.76,0.52,-0.030437,1,0,0
0.78,0.52,0.018018,1,0,0
0.8,0.52,-0.021998,1,0,0
0.82,0.52,-0.0052248,1,0,0
0.84,0.52,-0.028558,1,0,0
0.86,0.52,-0.012352,1,0,0
0.88,0.52,0.0047733,1,0,0
0.9,0.52,-0.0028749,1,0,0
0.92,0.52,-0.042182,1,0,0
0.94,0.52,-0.022594,1,0,0
0.96,0.52,-0.01638,1,0,0
0.98,0.52,-0.02492,1,0,0
0.02,0.54,-0.00213,1,0,0
0.04,0.54,0.035789,1,0,0
0.06,0.54,0.021893,1,0,0
0.08,0.54,0.021045,1,0,0
0.1,0.54,-0.0041133,1,0,0
0.12,0.54,0.0015049,1,0,0
0.14,0.54,0.0102,1,0,0
0.16,0.54,-0.027859,1,0,0
0.18,0.54,-0.072055,1,0,0
0.2,0.54,-0.034993,1,0,0
0.22,0.54,-0.043082,1,0,0
0.24,0.54,-0.021738,1,0,0
0.26,0.54,-0.047129,1,0,0
0.28,0.54,-0.03996,1,0,0
0.3,0.54,-0.037462,1,0,0
0.32,0.54,0.033842,1,0,0
0.34,0.54,0.0046794,1,0,0
0.36,0.54,-0.0024503,1,0,0
0.38,0.54,-0.029496,1,0,0
0.4,0.54,-0.0089353,1,0,0
0.42,0.54,0.0021306,1,0,0
0.44,0.54,0.006851,1,0,0
0.46,0.54,-0.010616,1,0,0
0.48,0.54,-0.037867,1,0,0
0.5,0.54,-0.046194,1,0,0
0.52,0.54,-0.1003,1,0,0
0.54,0.54,-0.065101,1,0,0
0.56,0.54,-0.076552,1,0,0
0.58,0.54,-0.046255,1,0,0
0.6,0.54,-0.064736,1,0,0
0.62,0.54,-0.0627,1,0,0
0.64,0.54,-0.070376,1,0,0
0.66,0.54,-0.043769,1,0,0
0.68,0.54,-0.06043,1,0,0
0.7,0.54,-0.04488,1,0,0
0.72,0.54,-0.0088399,1,0,0
0.74,0.54,-0.0098729,1,0,0
0.76,0.54,-0.016661,1,0,0
0.78,0.54,0.0077504,1,0,0
0.8,0.54,-0.026967,1,0,0
0.82,0.54,-0.0025587,1,0,0
0.84,0.54,-0.017662,1,0,0
0.86,0.54,0.030479,1,0,0
0.88,0.54,-0.025244,1,0,0
0.9,0.54,-0.021175,1,0,0
0.92,0.54,-0.04674,1,0,0
0.94,0.54,-0.029911,1,0,0
0.96,0.54,-0.031677,1,0,0
0.98,0.54,-0.011745,1,0,0
0.02,0.56,-0.012781,1,0,0
0.04,0.56,0.020222,1,0,0
0.06,0.56,-0.016312,1,0,0
0.08,0.56,-0.0062923,1,0,0
0.1,0.56,-0.022697,1,0,0
0.12,0.56,-0.0068296,1,0,0
0.14,0.56,-0.027698,1,0,0
0.16,0.56,0.0011198,1,0,0
0.18,0.56,-0.042865,1,0,0
0.2,0.56,-0.038425,1,0,0
0.22,0.56,-0.038586,1,0,0
0.24,0.56,-0.041492,1,0,0
0.26,0.56,-0.032782,1,0,0
0.28,0.56,-0.062774,1,0,0
0.3,0.56,-0.048008,1,0,0
0.32,0.56,-0.011377,1,0,0
0.34,0.56,-0.043561,1,0,0
0.36,0.56,-0.029069,1,0,0
0.38,0.56,-0.031757,1,0,0
0.4,0.56,-0.041623,1,0,0
0.42,0.56,-0.035045,1,0,0
0.44,0.56,-0.050149,1,0,0
0.46,0.56,-0.053354,1,0,0
0.48,0.56,-0.068483,1,0,0
0.5,0.56,-0.069685,1,0,0
0.52,0.56,-0.078384,1,0,0
0.54,0.56,-0.044451,1,0,0
0.56,0.56,-0.057522,1,0,0
0.58,0.56,-0.07231,1,0,0
0.6,0.56,-0.059074,1,0,0
0.62,0.56,-0.063708,1,0,0
0.64,0.56,-0.094416,1,0,0
0.66,0.56,-0.073281,1,0,0
0.68,0.56,-0.062312,1,0,0
0.7,0.56,-0.05318,1,0,0
0.72,0.56,-0.058737,1,0,0
0.74,0.56,-0.010582,1,0,0
0.76,0.56,0.004554,1,0,0
0.78,0.56,-0.0054227,1,0,0
0.8,0.56,-0.023338,1,0,0
0.82,0.56,-0.042028,1,0,0
0.84,0.56,-0.050843,1,0,0
0.86,0.56,-0.05297,1,0,0
0.88,0.56,-0.044582,1,0,0
0.9,0.56,-0.010202,1,0,0
0.92,0.56,-0.056028,1,0,0
0.94,0.56,-0.025326,1,0,0
0.96,0.56,-0.036916,1,0,0
0.98,0.56,-0.019961,1,0,0
0.02,0.58,-0.021638,1,0,0
0.04,0.58,-0.014107,1,0,0
0.06,0.58,-0.0025739,1,0,0
0.08,0.58,0.0037126,1,0,0
0.1,0.58,0.0033159,1,0,0
0.12,0.58,-0.0077065,1,0,0
0.14,0.58,-0.034864,1,0,0
0.16,0.58,-0.038982,1,0,0
0.18,0.58,-0.010065,1,0,0
0.2,0.58,-0.011609,1,0,0
0.22,0.58,-0.049785,1,0,0
0.24,0.58,-0.014547,1,0,0
0.26,0.58,-0.054485,1,0,0
0.28,0.58,-0.086171,1,0,0
0.3,0.58,-0.065298,1,0,0
0.32,0.58,-0.057699,1,0,0
0.34,0.58,-0.05692,1,0,0
0.36,0.58,-0.057632,1,0,0
0.38,0.58,-0.036237,1,0,0
0.4,0.58,-0.047027,1,0,0
0.42,0.58,-0.052612,1,0,0
0.44,0.58,-0.028472,1,0,0
0.46,0.58,-0.029572,1,0,0
0.48,0.58,-0.036331,1,0,0
0.5,0.58,-0.06041,1,0,0
0.52,0.58,-0.0751,1,0,0
0.54,0.58,-0.059,1,0,0
0.56,0.58,-0.054025,1,0,0
0.58,0.58,-0.066313,1,0,0
0.6,0.58,-0.031665,1,0,0
0.62,0.58,-0.03078,1,0,0
0.64,0.58,-0.068239,1,0,0
0.66,0.58,-0.038065,1,0,0
0.68,0.58,-0.033767,1,0,0
0.7,0.58,-0.03905,1,0,0
0.72,0.58,-0.023678,1,0,0
0.74,0.58,-0.01095,1,0,0
0.76,0.58,0.00088175,1,0,0
0.78,0.58,0.0023582,1,0,0
0.8,0.58,-0.013592,1,0,0
0.82,0.58,-0.018589,1,0,0
0.84,0.58,-0.035024,1,0,0
0.86,0.58,-0.033413,1,0,0
0.88,0.58,-0.051515,1,0,0
0.9,0.58,-0.066099,1,0,0
0.92,0.58,-0.052654,1,0,0
0.94,0.58,-0.054362,1,0,0
0.96,0.58,-0.029442,1,0,0
0.98,0.58,-0.0090513,1,0,0
0.02,0.6,-0.034054,1,0,0
0.04,0.6,-0.019001,1,0,0
0.06,0.6,0.049787,1,0,0
0.08,0.6,-0.0054851,1,0,0
0.1,0.6,0.013329,1,0,0
0.12,0.6,0.0045149,1,0,0
0.14,0.6,0.0097762,1,0,0
0.16,0.6,-0.0088876,1,0,0
0.18,0.6,0.016217,1,0,0
0.2,0.6,0.0013058,1,0,0
0.22,0.6,-0.053768,1,0,0
0.24,0.6,-0.049582,1,0,0
0.26,0.6,-0.036103,1,0,0
0.28,0.6,-0.033263,1,0,0
0.3,0.6,-0.031027,1,0,0
0.32,0.6,-0.036861,1,0,0
0.34,0.6,-0.054725,1,0,0
0.36,0.6,-0.041049,1,0,0
0.38,0.6,-0.02921,1,0,0
0.4,0.6,-0.03084,1,0,0
0.42,0.6,-0.033014,1,0,0
0.44,0.6,-0.057849,1,0,0
0.46,0.6,-0.09148,1,0,0
0.48,0.6,-0.041351,1,0,0
0.5,0.6,-0.058703,1,0,0
0.52,0.6,-0.071462,1,0,0
0.54,0.6,-0.044726,1,0,0
0.56,0.6,-0.010074,1,0,0
0.58,0.6,-0.0054793,1,0,0
0.6,0.6,-0.025693,1,0,0
0.62,0.6,-0.015468,1,0,0
0.64,0.6,-0.024416,1,0,0
0.66,0.6,-0.030426,1,0,0
0.68,0.6,-0.013213,1,0,0
0.7,0.6,-0.035891,1,0,0
0.72,0.6,-0.012018,1,0,0
0.74,0.6,-0.0019401,1,0,0
0.76,0.6,-0.032289,1,0,0
0.78,0.6,0.033813,1,0,0
0.8,0.6,0.028692,1,0,0
0.82,0.6,-0.024639,1,0,0
0.84,0.6,-0.034334,1,0,0
0.86,0.6,-0.036017,1,0,0
0.88,0.6,-0.082888,1,0,0
0.9,0.6,-0.062931,1,0,0
0.92,0.6,-0.0030756,1,0,0
0.94,0.6,-0.0299,1,0,0
0.96,0.6,0.0054735,1,0,0
0.98,0.6,-0.0016526,1,0,0
0.02,0.62,-0.031919,1,0,0
0.04,0.62,-0.014186,1,0,0
0.06,0.62,-0.01362,1,0,0
0.08,0.62,0.011337,1,0,0
0.1,0.62,-0.030625,1,0,0
0.12,0.62,-0.0018936,1,0,0
0.14,0.62,0.0015902,1,0,0
0.16,0.62,-0.01415,1,0,0
0.18,0.62,-0.018673,1,0,0
0.2,0.62,-0.042159,1,0,0
0.22,0.62,-0.035782,1,0,0
0.24,0.62,-0.047543,1,0,0
0.26,0.62,-0.031147,1,0,0
0.28,0.62,-0.061371,1,0,0
0.3,0.62,-0.0262,1,0,0
0.32,0.62,-0.04251,1,0,0
0.34,0.62,-0.020736,1,0,0
0.36,0.62,-0.016203,1,0,0
0.38,0.62,-0.056242,1,0,0
0.4,0.62,-0.057444,1,0,0
0.42,0.62,-0.042693,1,0,0
0.44,0.62,-0.070656,1,0,0
0.46,0.62,-0.10037,1,0,0
0.48,0.62,-0.072739,1,0,0
0.5,0.62,-0.07276,1,0,0
0.52,0.62,-0.094475,1,0,0
0.54,0.62,-0.047079,1,0,0
0.56,0.62,0.00060046,1,0,0
0.58,0.62,-0.016398,1,0,0
0.6,0.62,-0.01495,1,0,0
0.62,0.62,0.001562,1,0,0
0.64,0.62,-0.0031178,1,0,0
0.66,0.62,-0.027518,1,0,0
0.68,0.62,-0.046602,1,0,0
0.7,0.62,-0.024603,1,0,0
0.72,0.62,0.0084756,1,0,0
0.74,0.62,0.027614,1,0,0
0.76,0.62,-0.011435,1,0,0
0.78,0.62,-0.044668,1,0,0
0.8,0.62,-0.020827,1,0,0
0.82,0.62,-0.022086,1,0,0
0.84,0.62,-0.015121,1,0,0
0.86,0.62,-0.037515,1,0,0
0.88,0.62,-0.064378,1,0,0
0.9,0.62,-0.06706,1,0,0
0.92,0.62,-0.0097201,1,0,0
0.94,0.62,0.012897,1,0,0
0.96,0.62,5.867e-05,1,0,0
0.98,0.62,-0.012421,1,0,0
0.02,0.64,-0.039534,1,0,0
0.04,0.64,-0.048959,1,0,0
0.06,0.64,-0.029398,1,0,0
0.08,0.64,-0.035984,1,0,0
0.1,0.64,-0.035941,1,0,0
0.12,0.64,-0.027113,1,0,0
0.14,0.64,-0.023613,1,0,0
0.16,0.64,0.0033429,1,0,0
0.18,0.64,-0.0031409,1,0,0
0.2,0.64,-0.024917,1,0,0
0.22,0.64,-0.05904,1,0,0
0.24,0.64,-0.065468,1,0,0
0.26,0.64,-0.054917,1,0,0
0.28,0.64,-0.021819,1,0,0
0.3,0.64,-0.031184,1,0,0
0.32,0.64,-0.050244,1,0,0
0.34,0.64,-0.049695,1,0,0
0.36,0.64,-0.035394,1,0,0
0.38,0.64,-0.023966,1,0,0
0.4,0.64,-0.043495,1,0,0
0.42,0.64,-0.041614,1,0,0
0.44,0.64,-0.071487,1,0,0
0.46,0.64,-0.057347,1,0,0
0.48,0.64,-0.095737,1,0,0
0.5,0.64,-0.093309,1,0,0
0.52,0.64,-0.092296,1,0,0
0.54,0.64,-0.066128,1,0,0
0.56,0.64,-0.044298,1,0,0
0.58,0.64,-0.0087263,1,0,0
0.6,0.64,-0.021872,1,0,0
0.62,0.64,-0.0091286,1,0,0
0.64,0.64,-0.018831,1,0,0
0.66,0.64,-0.026104,1,0,0
0.68,0.64,0.0023593,1,0,0
0.7,0.64,-0.012627,1,0,0
0.72,0.64,0.0029378,1,0,0
0.74,0.64,0.015825,1,0,0
0.76,0.64,-0.019193,1,0,0
0.78,0.64,-0.01117,1,0,0
0.8,0.64,-0.00075485,1,0,0
0.82,0.64,-0.037465,1,0,0
0.84,0.64,-0.031722,1,0,0
0.86,0.64,-0.032062,1,0,0
0.88,0.64,-0.074945,1,0,0
0.9,0.64,-0.036003,1,0,0
0.92,0.64,-0.038736,1,0,0
0.94,0.64,-0.0032719,1,0,0
0.96,0.64,-0.030334,1,0,0
0.98,0.64,-0.025421,1,0,0
0.02,0.66,-0.010446,1,0,0
0.04,0.66,-0.023589,1,0,0
0.06,0.66,-0.072842,1,0,0
0.08,0.66,-0.018448,1,0,0
0.1,0.66,-0.017834,1,0,0
0.12,0.66,-0.024989,1,0,0
0.14,0.66,-0.026895,1,0,0
0.16,0.66,-0.0022737,1,0,0
0.18,0.66,0.017309,1,0,0
0.2,0.66,-0.0038145,1,0,0
0.22,0.66,-0.028267,1,0,0
0.24,0.66,-0.003122,1,0,0
0.26,0.66,-0.039321,1,0,0
0.28,0.66,-0.021586,1,0,0
0.3,0.66,0.015307,1,0,0
0.32,0.66,-0.021204,1,0,0
0.34,0.66,-0.025292,1,0,0
0.36,0.66,-0.041698,1,0,0
0.38,0.66,-0.027042,1,0,0
0.4,0.66,-0.050994,1,0,0
0.42,0.66,-0.047438,1,0,0
0.44,0.66,-0.037783,1,0,0
0.46,0.66,-0.044599,1,0,0
0.48,0.66,-0.064559,1,0,0
0.5,0.66,-0.08165,1,0,0
0.52,0.66,-0.098345,1,0,0
0.54,0.66,-0.05584,1,0,0
0.56,0.66,-0.049307,1,0,0
0.58,0.66,-0.02879,1,0,0
0.6,0.66,-0.03804,1,0,0
0.62,0.66,-0.0027019,1,0,0
0.64,0.66,-0.030247,1,0,0
0.66,0.66,-0.0094501,1,0,0
0.68,0.66,0.014477,1,0,0
0.7,0.66,0.016011,1,0,0
0.72,0.66,0.015173,1,0,0
0.74,0.66,0.0039133,1,0,0
0.76,0.66,-0.0034991,1,0,0
0.78,0.66,-0.017818,1,0,0
0.8,0.66,-0.033683,1,0,0
0.82,0.66,0.012149,1,0,0
0.84,0.66,-0.020067,1,0,0
0.86,0.66,-0.022998,1,0,0
0.88,0.66,-0.042307,1,0,0
0.9,0.66,-0.045798,1,0,0
0.92,0.66,-0.046714,1,0,0
0.94,0.66,-0.025078,1,0,0
0.96,0.66,0.00026556,1,0,0
0.98,0.66,0.020968,1,0,0
0.02,0.68,-0.031801,1,0,0
0.04,0.68,-0.016145,1,0,0
0.06,0.68,-0.068968,1,0,0
0.08,0.68,-0.075106,1,0,0
0.1,0.68,-0.097088,1,0,0
0.12,0.68,-0.033048,1,0,0
0.14,0.68,-0.043592,1,0,0
0.16,0.68,0.0041104,1,0,0
0.18,0.68,0.014172,1,0,0
0.2,0.68,0.006286,1,0,0
0.22,0.68,-0.011914,1,0,0
0.24,0.68,-0.027033,1,0,0
0.26,0.68,-0.011194,1,0,0
0.28,0.68,-0.044373,1,0,0
0.3,0.68,-0.031094,1,0,0
0.32,0.68,-0.0057625,1,0,0
0.34,0.68,-0.012674,1,0,0
0.36,0.68,-0.048878,1,0,0
0.38,0.68,-0.03093,1,0,0
0.4,0.68,-0.02711,1,0,0
0.42,0.68,-0.051476,1,0,0
0.44,0.68,-0.06684,1,0,0
0.46,0.68,-0.050467,1,0,0
0.48,0.68,-0.081825,1,0,0
0.5,0.68,-0.092602,1,0,0
0.52,0.68,-0.074278,1,0,0
0.54,0.68,-0.039779,1,0,0
0.56,0.68,-0.035613,1,0,0
0.58,0.68,-0.023768,1,0,0
0.6,0.68,-0.046489,1,0,0
0.62,0.68,-0.041634,1,0,0
0.64,0.68,-0.022284,1,0,0
0.66,0.68,0.0030839,1,0,0
0.68,0.68,0.013891,1,0,0
0.7,0.68,-0.0048642,1,0,0
0.72,0.68,-0.0040359,1,0,0
0.74,0.68,0.011696,1,0,0
0.76,0.68,-0.031002,1,0,0
0.78,0.68,-0.0079539,1,0,0
0.8,0.68,-0.012163,1,0,0
0.82,0.68,-0.016569,1,0,0
0.84,0.68,-0.010248,1,0,0
0.86,0.68,-0.023459,1,0,0
0.88,0.68,-0.060618,1,0,0
0.9,0.68,-0.042496,1,0,0
0.92,0.68,-0.03168,1,0,0
0.94,0.68,-0.015599,1,0,0
0.96,0.68,-0.014304,1,0,0
0.98,0.68,-0.00082247,1,0,0
0.02,0.7,0.00063922,1,0,0
0.04,0.7,-0.01438,1,0,0
0.06,0.7,-0.035377,1,0,0
0.08,0.7,-0.044541,1,0,0
0.1,0.7,-0.043301,1,0,0
0.12,0.7,-0.030701,1,0,0
0.14,0.7,-0.00087717,1,0,0
0.16,0.7,0.00073151,1,0,0
0.18,0.7,0.0033072,1,0,0
0.2,0.7,0.020485,1,0,0
0.22,0.7,0.022868,1,0,0
0.24,0.7,0.013215,1,0,0
0.26,0.7,-0.0051449,1,0,0
0.28,0.7,-0.042336,1,0,0
0.3,0.7,-0.046117,1,0,0
0.32,0.7,0.019506,1,0,0
0.34,0.7,0.0079243,1,0,0
0.36,0.7,-0.0092899,1,0,0
0.38,0.7,-0.039469,1,0,0
0.4,0.7,-0.03393,1,0,0
0.42,0.7,-0.045894,1,0,0
0.44,0.7,-0.033954,1,0,0
0.46,0.7,-0.036326,1,0,0
0.48,0.7,-0.05966,1,0,0
0.5,0.7,-0.072484,1,0,0
0.52,0.7,-0.066199,1,0,0
0.54,0.7,-0.046137,1,0,0
0.56,0.7,-0.047624,1,0,0
0.58,0.7,-0.038763,1,0,0
0.6,0.7,-0.040183,1,0,0
0.62,0.7,-0.032356,1,0,0
0.64,0.7,0.014791,1,0,0
0.66,0.7,0.029798,1,0,0
0.68,0.7,-0.0083257,1,0,0
0.7,0.7,0.010014,1,0,0
0.72,0.7,0.0043628,1,0,0
0.74,0.7,-0.0062208,1,0,0
0.76,0.7,-0.03327,1,0,0
0.78,0.7,-0.035045,1,0,0
0.8,0.7,-0.055381,1,0,0
0.82,0.7,-0.018993,1,0,0
0.84,0.7,-5.6499e-05,1,0,0
0.86,0.7,-0.012597,1,0,0
0.88,0.7,-0.033844,1,0,0
0.9,0.7,-0.049124,1,0,0
0.92,0.7,-0.027205,1,0,0
0.94,0.7,0.0082362,1,0,0
0.96,0.7,0.0040986,1,0,0
0.98,0.7,0.013917,1,0,0
0.02,0.72,-0.023445,1,0,0
0.04,0.72,-0.036706,1,0,0
0.06,0.72,-0.036011,1,0,0
0.08,0.72,-0.039608,1,0,0
0.1,0.72,-0.047619,1,0,0
0.12,0.72,-0.03885,1,0,0
0.14,0.72,0.0090411,1,0,0
0.16,0.72,0.0024907,1,0,0
0.18,0.72,0.011237,1,0,0
0.2,0.72,0.020869,1,0,0
0.22,0.72,0.0093025,1,0,0
0.24,0.72,-0.024832,1,0,0
0.26,0.72,-0.040081,1,0,0
0.28,0.72,-0.0013772,1,0,0
0.3,0.72,-0.0080887,1,0,0
0.32,0.72,-0.03082,1,0,0
0.34,0.72,-0.0089862,1,0,0
0.36,0.72,-0.024653,1,0,0
0.38,0.72,-0.026823,1,0,0
0.4,0.72,-0.027754,1,0,0
0.42,0.72,-0.037794,1,0,0
0.44,0.72,-0.0098742,1,0,0
0.46,0.72,-0.067079,1,0,0
0.48,0.72,-0.045503,1,0,0
0.5,0.72,-0.063759,1,0,0
0.52,0.72,-0.055042,1,0,0
0.54,0.72,-0.060986,1,0,0
0.56,0.72,-0.025639,1,0,0
0.58,0.72,-0.029353,1,0,0
0.6,0.72,-0.040891,1,0,0
0.62,0.72,-0.0077678,1,0,0
0.64,0.72,-0.025106,1,0,0
0.66,0.72,-0.0012117,1,0,0
0.68,0.72,0.0072799,1,0,0
0.7,0.72,0.011701,1,0,0
0.72,0.72,-0.021402,1,0,0
0.74,0.72,-0.053667,1,0,0
0.76,0.72,-0.04202,1,0,0
0.78,0.72,-0.0098914,1,0,0
0.8,0.72,-0.041862,1,0,0
0.82,0.72,-0.047565,1,0,0
0.84,0.72,-0.026411,1,0,0
0.86,0.72,-0.047159,1,0,0
0.88,0.72,-0.025405,1,0,0
0.9,0.72,-0.049144,1,0,0
0.92,0.72,-0.032177,1,0,0
0.94,0.72,-0.028352,1,0,0
0.96,0.72,0.015027,1,0,0
0.98,0.72,0.013711,1,0,0
0.02,0.74,-0.027143,1,0,0
0.04,0.74,-0.029604,1,0,0
0.06,0.74,-0.029961,1,0,0
0.08,0.74,-0.025387,1,0,0
0.1,0.74,-0.052933,1,0,0
0.12,0.74,-0.018064,1,0,0
0.14,0.74,0.017457,1,0,0
0.16,0.74,0.016704,1,0,0
0.18,0.74,0.012593,1,0,0
0.2,0.74,0.048954,1,0,0
0.22,0.74,0.010953,1,0,0
0.24,0.74,0.0035954,1,0,0
0.26,0.74,6.7685e-06,1,0,0
0.28,0.74,-0.0016715,1,0,0
0.3,0.74,-0.0052599,1,0,0
0.32,0.74,0.010503,1,0,0
0.34,0.74,-0.027194,1,0,0
0.36,0.74,-0.039021,1,0,0
0.38,0.74,-0.012002,1,0,0
0.4,0.74,-0.017614,1,0,0
0.42,0.74,-0.0011569,1,0,0
0.44,0.74,-0.0026915,1,0,0
0.46,0.74,-0.02276,1,0,0
0.48,0.74,-0.0084438,1,0,0
0.5,0.74,-0.026653,1,0,0
0.52,0.74,-0.038988,1,0,0
0.54,0.74,-0.012313,1,0,0
0.56,0.74,-0.011787,1,0,0
0.58,0.74,0.0012458,1,0,0
0.6,0.74,0.025913,1,0,0
0.62,0.74,-0.01245,1,0,0
0.64,0.74,-0.037566,1,0,0
0.66,0.74,-0.019244,1,0,0
0.68,0.74,0.010967,1,0,0
0.7,0.74,0.00073813,1,0,0
0.72,0.74,0.015218,1,0,0
0.74,0.74,-0.024141,1,0,0
0.76,0.74,-0.02728,1,0,0
0.78,0.74,-0.026423,1,0,0
0.8,0.74,-0.035061,1,0,0
0.82,0.74,-0.017198,1,0,0
0.84,0.74,-0.015638,1,0,0
0.86,0.74,-0.0056423,1,0,0
0.88,0.74,-0.010342,1,0,0
0.9,0.74,-0.029857,1,0,0
0.92,0.74,-0.038664,1,0,0
0.94,0.74,-0.015191,1,0,0
0.96,0.74,-0.0081366,1,0,0
0.98,0.74,0.018329,1,0,0
0.02,0.76,-0.041606,1,0,0
0.04,0.76,-0.012719,1,0,0
0.06,0.76,-0.044342,1,0,0
0.08,0.76,-0.036813,1,0,0
0.1,0.76,-0.046261,1,0,0
0.12,0.76,-0.0014301,1,0,0
0.14,0.76,0.024441,1,0,0
0.16,0.76,0.051815,1,0,0
0.18,0.76,0.019026,1,0,0
0.2,0.76,-0.0078092,1,0,0
0.22,0.76,-0.0054164,1,0,0
0.24,0.76,0.014851,1,0,0
0.26,0.76,-0.014177,1,0,0
0.28,0.76,-0.022753,1,0,0
0.3,0.76,-0.029629,1,0,0
0.32,0.76,0.016224,1,0,0
0.34,0.76,-0.034355,1,0,0
0.36,0.76,-0.026537,1,0,0
0.38,0.76,-0.02477,1,0,0
0.4,0.76,0.006338,1,0,0
0.42,0.76,0.015,1,0,0
0.44,0.76,-0.0033623,1,0,0
0.46,0.76,-0.024498,1,0,0
0.48,0.76,-0.030821,1,0,0
0.5,0.76,0.00037331,1,0,0
0.52,0.76,-0.025093,1,0,0
0.54,0.76,0.00063342,1,0,0
0.56,0.76,0.0066926,1,0,0
0.58,0.76,-0.0078759,1,0,0
0.6,0.76,-0.0049868,1,0,0
0.62,0.76,-0.012291,1,0,0
0.64,0.76,-0.042312,1,0,0
0.66,0.76,-0.045639,1,0,0
0.68,0.76,-0.040833,1,0,0
0.7,0.76,-0.02166,1,0,0
0.72,0.76,-0.010019,1,0,0
0.74,0.76,0.0031186,1,0,0
0.76,0.76,-0.0081229,1,0,0
0.78,0.76,-0.021133,1,0,0
0.8,0.76,-0.039983,1,0,0
0.82,0.76,-0.012193,1,0,0
0.84,0.76,-0.022338,1,0,0
0.86,0.76,-0.047797,1,0,0
0.88,0.76,-0.069289,1,0,0
0.9,0.76,-0.04095,1,0,0
0.92,0.76,-0.056981,1,0,0
0.94,0.76,-0.028541,1,0,0
0.96,0.76,-0.021014,1,0,0
0.98,0.76,-0.010992,1,0,0
0.02,0.78,-0.099438,1,0,0
0.04,0.78,-0.0095252,1,0,0
0.06,0.78,-0.024032,1,0,0
0.08,0.78,-0.0014904,1,0,0
0.1,0.78,-0.02886,1,0,0
0.12,0.78,0.00049983,1,0,0
0.14,0.78,-0.0147,1,0,0
0.16,0.78,-0.014282,1,0,0
0.18,0.78,-0.024831,1,0,0
0.2,0.78,-0.0053749,1,0,0
0.22,0.78,-0.042531,1,0,0
0.24,0.78,-0.030788,1,0,0
0.26,0.78,-0.023667,1,0,0
0.28,0.78,-0.038812,1,0,0
0.3,0.78,-0.045173,1,0,0
0.32,0.78,0.0035143,1,0,0
0.34,0.78,-0.018683,1,0,0
0.36,0.78,-0.027626,1,0,0
0.38,0.78,-0.001566,1,0,0
0.4,0.78,0.007981,1,0,0
0.42,0.78,0.010025,1,0,0
0.44,0.78,0.0089814,1,0,0
0.46,0.78,-0.0077928,1,0,0
0.48,0.78,0.030078,1,0,0
0.5,0.78,-0.0033163,1,0,0
0.52,0.78,-0.0012545,1,0,0
0.54,0.78,-0.01243,1,0,0
0.56,0.78,-0.026535,1,0,0
0.58,0.78,0.01637,1,0,0
0.6,0.78,-0.0020875,1,0,0
0.62,0.78,-0.003711,1,0,0
0.64,0.78,-0.051619,1,0,0
0.66,0.78,-0.034552,1,0,0
0.68,0.78,-0.048848,1,0,0
0.7,0.78,-0.0097498,1,0,0
0.72,0.78,-0.0079913,1,0,0
0.74,0.78,-0.012424,1,0,0
0.76,0.78,-0.033613,1,0,0
0.78,0.78,0.018079,1,0,0
0.8,0.78,-0.0053051,1,0,0
0.82,0.78,-0.022175,1,0,0
0.84,0.78,-0.025988,1,0,0
0.86,0.78,-0.031668,1,0,0
0.88,0.78,-0.073327,1,0,0
0.9,0.78,-0.078997,1,0,0
0.92,0.78,-0.082715,1,0,0
0.94,0.78,-0.056607,1,0,0
0.96,0.78,-0.064456,1,0,0
0.98,0.78,-0.0331,1,0,0
0.02,0.8,-0.04794,1,0,0
0.04,0.8,-0.024307,1,0,0
0.06,0.8,-0.042543,1,0,0
0.08,0.8,-0.025446,1,0,0
0.1,0.8,-0.05113,1,0,0
0.12,0.8,-0.039095,1,0,0
0.14,0.8,-0.062174,1,0,0
0.16,0.8,-0.056086,1,0,0
0.18,0.8,-0.037239,1,0,0
0.2,0.8,-0.031529,1,0,0
0.22,0.8,-0.077525,1,0,0
0.24,0.8,-0.027272,1,0,0
0.26,0.8,-0.08449,1,0,0
0.28,0.8,-0.049679,1,0,0
0.3,0.8,-0.040363,1,0,0
0.32,0.8,-0.01815,1,0,0
0.34,0.8,-0.029161,1,0,0
0.36,0.8,-0.041544,1,0,0
0.38,0.8,0.01155,1,0,0
0.4,0.8,0.0042464,1,0,0
0.42,0.8,-0.011968,1,0,0
0.44,0.8,-0.016887,1,0,0
0.46,0.8,-0.032895,1,0,0
0.48,0.8,-0.031664,1,0,0
0.5,0.8,-0.024641,1,0,0
0.52,0.8,-0.013346,1,0,0
0.54,0.8,-0.019865,1,0,0
0.56,0.8,-0.027205,1,0,0
0.58,0.8,-0.0066178,1,0,0
0.6,0.8,-0.00045408,1,0,0
0.62,0.8,-0.013038,1,0,0
0.64,0.8,-0.071069,1,0,0
0.66,0.8,-0.043046,1,0,0
0.68,0.8,-0.036529,1,0,0
0.7,0.8,-0.050884,1,0,0
0.72,0.8,-0.052671,1,0,0
0.74,0.8,-0.062927,1,0,0
0.76,0.8,-0.068528,1,0,0
0.78,0.8,-0.0080868,1,0,0
0.8,0.8,-0.026619,1,0,0
0.82,0.8,-0.0338,1,0,0
0.84,0.8,-0.082991,1,0,0
0.86,0.8,-0.049544,1,0,0
0.88,0.8,-0.070239,1,0,0
0.9,0.8,-0.071983,1,0,0
0.92,0.8,-0.089955,1,0,0
0.94,0.8,-0.071494,1,0,0
0.96,0.8,-0.067781,1,0,0
0.98,0.8,-0.06563,1,0,0
0.02,0.82,-0.064558,1,0,0
0.04,0.82,-0.03194,1,0,0
0.06,0.82,-0.014733,1,0,0
0.08,0.82,-0.00064045,1,0,0
0.1,0.82,-0.042911,1,0,0
0.12,0.82,-0.033268,1,0,0
0.14,0.82,-0.04216,1,0,0
0.16,0.82,-0.047842,1,0,0
0.18,0.82,-0.074455,1,0,0
0.2,0.82,-0.060011,1,0,0
0.22,0.82,-0.038173,1,0,0
0.24,0.82,-0.065563,1,0,0
0.26,0.82,-0.059665,1,0,0
0.28,0.82,-0.063626,1,0,0
0.3,0.82,-0.054357,1,0,0
0.32,0.82,-0.0092784,1,0,0
0.34,0.82,-0.026315,1,0,0
0.36,0.82,-0.000879,1,0,0
0.38,0.82,-0.01199,1,0,0
0.4,0.82,-0.0086978,1,0,0
0.42,0.82,0.0082725,1,0,0
0.44,0.82,0.0056801,1,0,0
0.46,0.82,-0.011508,1,0,0
0.48,0.82,0.016093,1,0,0
0.5,0.82,0.002259,1,0,0
0.52,0.82,0.0076198,1,0,0
0.54,0.82,-0.015531,1,0,0
0.56,0.82,-0.0050981,1,0,0
0.58,0.82,0.018103,1,0,0
0.6,0.82,-0.01238,1,0,0
0.62,0.82,-0.033535,1,0,0
0.64,0.82,-0.040554,1,0,0
0.66,0.82,-0.046713,1,0,0
0.68,0.82,-0.044647,1,0,0
0.7,0.82,-0.022868,1,0,0
0.72,0.82,-0.039534,1,0,0
0.74,0.82,-0.016489,1,0,0
0.76,0.82,-0.039767,1,0,0
0.78,0.82,0.0041036,1,0,0
0.8,0.82,-0.013005,1,0,0
0.82,0.82,-0.054767,1,0,0
0.84,0.82,-0.047141,1,0,0
0.86,0.82,-0.055105,1,0,0
0.88,0.82,-0.071859,1,0,0
0.9,0.82,-0.076374,1,0,0
0.92,0.82,-0.082869,1,0,0
0.94,0.82,-0.080218,1,0,0
0.96,0.82,-0.068831,1,0,0
0.98,0.82,-0.077669,1,0,0
0.02,0.84,-0.053975,1,0,0
0.04,0.84,-0.026132,1,0,0
0.06,0.84,-0.05026,1,0,0
0.08,0.84,-0.011913,1,0,0
0.1,0.84,-0.059634,1,0,0
0.12,0.84,-0.036137,1,0,0
0.14,0.84,-0.02605,1,0,0
0.16,0.84,-0.06511,1,0,0
0.18,0.84,-0.084632,1,0,0
0.2,0.84,-0.074485,1,0,0
0.22,0.84,-0.031411,1,0,0
0.24,0.84,-0.029711,1,0,0
0.26,0.84,-0.046021,1,0,0
0.28,0.84,-0.06904,1,0,0
0.3,0.84,-0.064108,1,0,0
0.32,0.84,-0.029693,1,0,0
0.34,0.84,-0.0052219,1,0,0
0.36,0.84,-0.055513,1,0,0
0.38,0.84,-0.057559,1,0,0
0.4,0.84,-0.016358,1,0,0
0.42,0.84,0.012254,1,0,0
0.44,0.84,0.015357,1,0,0
0.46,0.84,0.031132,1,0,0
0.48,0.84,0.021619,1,0,0
0.5,0.84,0.0052126,1,0,0
0.52,0.84,0.020153,1,0,0
0.54,0.84,0.0094606,1,0,0
0.56,0.84,0.017924,1,0,0
0.58,0.84,0.010884,1,0,0
0.6,0.84,-0.018496,1,0,0
0.62,0.84,-0.021952,1,0,0
0.64,0.84,0.0083972,1,0,0
0.66,0.84,-0.036317,1,0,0
0.68,0.84,-0.044912,1,0,0
0.7,0.84,-0.060143,1,0,0
0.72,0.84,-0.020279,1,0,0
0.74,0.84,-0.020567,1,0,0
0.76,0.84,0.00056819,1,0,0
0.78,0.84,-0.017952,1,0,0
0.8,0.84,-0.024049,1,0,0
0.82,0.84,-0.04477,1,0,0
0.84,0.84,-0.036249,1,0,0
0.86,0.84,-0.059842,1,0,0
0.88,0.84,-0.072179,1,0,0
0.9,0.84,-0.077123,1,0,0
0.92,0.84,-0.080842,1,0,0
0.94,0.84,-0.082337,1,0,0
0.96,0.84,-0.07806,1,0,0
0.98,0.84,-0.078866,1,0,0
0.02,0.86,-0.031188,1,0,0
0.04,0.86,-0.015109,1,0,0
0.06,0.86,-0.036362,1,0,0
0.08,0.86,-0.033193,1,0,0
0.1,0.86,-0.015003,1,0,0
0.12,0.86,-0.045968,1,0,0
0.14,0.86,-0.057901,1,0,0
0.16,0.86,-0.064667,1,0,0
0.18,0.86,-0.037012,1,0,0
0.2,0.86,-0.022929,1,0,0
0.22,0.86,-0.0389,1,0,0
0.24,0.86,-0.029196,1,0,0
0.26,0.86,-0.045737,1,0,0
0.28,0.86,-0.021794,1,0,0
0.3,0.86,-0.048915,1,0,0
0.32,0.86,-0.036764,1,0,0
0.34,0.86,-0.029743,1,0,0
0.36,0.86,-0.070921,1,0,0
0.38,0.86,-0.032423,1,0,0
0.4,0.86,-0.029775,1,0,0
0.42,0.86,0.0074313,1,0,0
0.44,0.86,0.0071873,1,0,0
0.46,0.86,0.044656,1,0,0
0.48,0.86,0.053846,1,0,0
0.5,0.86,0.019967,1,0,0
0.52,0.86,0.01743,1,0,0
0.54,0.86,0.014916,1,0,0
0.56,0.86,0.018149,1,0,0
0.58,0.86,0.042976,1,0,0
0.6,0.86,0.0030819,1,0,0
0.62,0.86,-3.7431e-05,1,0,0
0.64,0.86,-0.0067311,1,0,0
0.66,0.86,-0.062892,1,0,0
0.68,0.86,0.0050701,1,0,0
0.7,0.86,-0.037229,1,0,0
0.72,0.86,-0.0060232,1,0,0
0.74,0.86,-0.047226,1,0,0
0.76,0.86,-0.00052874,1,0,0
0.78,0.86,-0.0046139,1,0,0
0.8,0.86,-0.020893,1,0,0
0.82,0.86,-0.057239,1,0,0
0.84,0.86,-0.041065,1,0,0
0.86,0.86,-0.036128,1,0,0
0.88,0.86,-0.030873,1,0,0
0.9,0.86,-0.015676,1,0,0
0.92,0.86,-0.081864,1,0,0
0.94,0.86,-0.080276,1,0,0
0.96,0.86,-0.068622,1,0,0
0.98,0.86,-0.065572,1,0,0
0.02,0.88,-0.025302,1,0,0
0.04,0.88,-0.025782,1,0,0
0.06,0.88,-0.055901,1,0,0
0.08,0.88,-0.033738,1,0,0
0.1,0.88,-0.066832,1,0,0
0.12,0.88,-0.049572,1,0,0
0.14,0.88,-0.050088,1,0,0
0.16,0.88,-0.069009,1,0,0
0.18,0.88,-0.014245,1,0,0
0.2,0.88,-0.02501,1,0,0
0.22,0.88,-0.04089,1,0,0
0.24,0.88,-0.049368,1,0,0
0.26,0.88,-0.041609,1,0,0
0.28,0.88,-0.048081,1,0,0
0.3,0.88,-0.053049,1,0,0
0.32,0.88,-0.026242,1,0,0
0.34,0.88,-0.028732,1,0,0
0.36,0.88,-0.051826,1,0,0
0.38,0.88,-0.032845,1,0,0
0.4,0.88,-0.0092068,1,0,0
0.42,0.88,-0.014383,1,0,0
0.44,0.88,0.016854,1,0,0
0.46,0.88,0.031168,1,0,0
0.48,0.88,0.043698,1,0,0
0.5,0.88,0.014425,1,0,0
0.52,0.88,0.034357,1,0,0
0.54,0.88,0.033678,1,0,0
0.56,0.88,0.029705,1,0,0
0.58,0.88,0.041464,1,0,0
0.6,0.88,0.026312,1,0,0
0.62,0.88,0.023098,1,0,0
0.64,0.88,-0.0050971,1,0,0
0.66,0.88,0.00097138,1,0,0
0.68,0.88,-0.024271,1,0,0
0.7,0.88,-0.0083097,1,0,0
0.72,0.88,-0.0038649,1,0,0
0.74,0.88,-0.010318,1,0,0
0.76,0.88,-0.011094,1,0,0
0.78,0.88,-0.0036885,1,0,0
0.8,0.88,-0.024649,1,0,0
0.82,0.88,-0.040274,1,0,0
0.84,0.88,-0.014714,1,0,0
0.86,0.88,-0.021871,1,0,0
0.88,0.88,-0.021661,1,0,0
0.9,0.88,-0.038167,1,0,0
0.92,0.88,-0.026051,1,0,0
0.94,0.88,-0.045898,1,0,0
0.96,0.88,-0.054531,1,0,0
0.98,0.88,-0.03428,1,0,0
0.02,0.9,-0.044825,1,0,0
0.04,0.9,-0.011414,1,0,0
0.06,0.9,-0.02482,1,0,0
0.08,0.9,-0.0033638,1,0,0
0.1,0.9,-0.054745,1,0,0
0.12,0.9,-0.066769,1,0,0
0.14,0.9,-0.080421,1,0,0
0.16,0.9,-0.028455,1,0,0
0.18,0.9,-0.044289,1,0,0
0.2,0.9,-0.045714,1,0,0
0.22,0.9,-0.024278,1,0,0
0.24,0.9,-0.036349,1,0,0
0.26,0.9,-0.066845,1,0,0
0.28,0.9,-0.057744,1,0,0
0.3,0.9,-0.049685,1,0,0
0.32,0.9,-0.025095,1,0,0
0.34,0.9,-0.035723,1,0,0
0.36,0.9,-0.018924,1,0,0
0.38,0.9,-0.0050453,1,0,0
0.4,0.9,-0.027012,1,0,0
0.42,0.9,-0.0070643,1,0,0
0.44,0.9,0.010664,1,0,0
0.46,0.9,0.031238,1,0,0
0.48,0.9,0.036372,1,0,0
0.5,0.9,0.033084,1,0,0
0.52,0.9,0.01346,1,0,0
0.54,0.9,0.0017071,1,0,0
0.56,0.9,-0.0048844,1,0,0
0.58,0.9,0.0089444,1,0,0
0.6,0.9,0.0082044,1,0,0
0.62,0.9,0.041027,1,0,0
0.64,0.9,0.033371,1,0,0
0.66,0.9,0.012279,1,0,0
0.68,0.9,-0.0016182,1,0,0
0.7,0.9,-0.014741,1,0,0
0.72,0.9,-0.028965,1,0,0
0.74,0.9,0.0099968,1,0,0
0.76,0.9,-0.025816,1,0,0
0.78,0.9,-0.022859,1,0,0
0.8,0.9,-0.039427,1,0,0
0.82,0.9,0.017975,1,0,0
0.84,0.9,0.014312,1,0,0
0.86,0.9,-0.017144,1,0,0
0.88,0.9,-0.035534,1,0,0
0.9,0.9,-0.0082957,1,0,0
0.92,0.9,-0.037101,1,0,0
0.94,0.9,-0.035173,1,0,0
0.96,0.9,-0.047482,1,0,0
0.98,0.9,-0.05204,1,0,0
0.02,0.92,-0.077617,1,0,0
0.04,0.92,-0.03231,1,0,0
0.06,0.92,-0.023996,1,0,0
0.08,0.92,-0.038417,1,0,0
0.1,0.92,-0.099503,1,0,0
0.12,0.92,-0.10823,1,0,0
0.14,0.92,-0.091006,1,0,0
0.16,0.92,-0.087042,1,0,0
0.18,0.92,-0.064618,1,0,0
0.2,0.92,-0.028739,1,0,0
0.22,0.92,-0.065059,1,0,0
0.24,0.92,-0.049631,1,0,0
0.26,0.92,-0.086139,1,0,0
0.28,0.92,-0.065729,1,0,0
0.3,0.92,-0.063702,1,0,0
0.32,0.92,-0.033523,1,0,0
0.34,0.92,-0.028167,1,0,0
0.36,0.92,-0.025812,1,0,0
0.38,0.92,-0.024561,1,0,0
0.4,0.92,-0.05374,1,0,0
0.42,0.92,-0.032448,1,0,0
0.44,0.92,-0.0085979,1,0,0
0.46,0.92,-0.0090673,1,0,0
0.48,0.92,0.039601,1,0,0
0.5,0.92,0.025525,1,0,0
0.52,0.92,0.0071362,1,0,0
0.54,0.92,0.011679,1,0,0
0.56,0.92,-0.015282,1,0,0
0.58,0.92,0.00092025,1,0,0
0.6,0.92,-0.023806,1,0,0
0.62,0.92,0.016434,1,0,0
0.64,0.92,0.0035482,1,0,0
0.66,0.92,0.014951,1,0,0
0.68,0.92,-0.03359,1,0,0
0.7,0.92,-0.034432,1,0,0
0.72,0.92,-0.0065332,1,0,0
0.74,0.92,0.0095984,1,0,0
0.76,0.92,-0.043238,1,0,0
0.78,0.92,-0.004555,1,0,0
0.8,0.92,-0.023195,1,0,0
0.82,0.92,0.026869,1,0,0
0.84,0.92,-0.0054362,1,0,0
0.86,0.92,0.010544,1,0,0
0.88,0.92,-0.034085,1,0,0
0.9,0.92,-0.05636,1,0,0
0.92,0.92,-0.023344,1,0,0
0.94,0.92,-0.024647,1,0,0
0.96,0.92,-0.080595,1,0,0
0.98,0.92,-0.08038,1,0,0
0.02,0.94,-0.063461,1,0,0
0.04,0.94,-0.051286,1,0,0
0.06,0.94,-0.052229,1,0,0
0.08,0.94,-0.053028,1,0,0
0.1,0.94,-0.077656,1,0,0
0.12,0.94,-0.071645,1,0,0
0.14,0.94,-0.091428,1,0,0
0.16,0.94,-0.073634,1,0,0
0.18,0.94,-0.0016106,1,0,0
0.2,0.94,-0.015792,1,0,0
0.22,0.94,-0.062521,1,0,0
0.24,0.94,-0.078988,1,0,0
0.26,0.94,-0.084002,1,0,0
0.28,0.94,-0.048696,1,0,0
0.3,0.94,-0.038467,1,0,0
0.32,0.94,-0.03425,1,0,0
0.34,0.94,-0.031839,1,0,0
0.36,0.94,-0.016173,1,0,0
0.38,0.94,0.0014152,1,0,0
0.4,0.94,-0.013438,1,0,0
0.42,0.94,-0.023586,1,0,0
0.44,0.94,0.0085568,1,0,0
0.46,0.94,-0.0047756,1,0,0
0.48,0.94,0.056475,1,0,0
0.5,0.94,0.055161,1,0,0
0.52,0.94,0.010545,1,0,0
0.54,0.94,0.025831,1,0,0
0.56,0.94,0.019662,1,0,0
0.58,0.94,0.015062,1,0,0
0.6,0.94,0.0091992,1,0,0
0.62,0.94,0.029964,1,0,0
0.64,0.94,-0.044873,1,0,0
0.66,0.94,0.0041558,1,0,0
0.68,0.94,-0.0011148,1,0,0
0.7,0.94,0.0036704,1,0,0
0.72,0.94,0.025573,1,0,0
0.74,0.94,0.032045,1,0,0
0.76,0.94,-0.0014073,1,0,0
0.78,0.94,0.051376,1,0,0
0.8,0.94,0.043038,1,0,0
0.82,0.94,0.025963,1,0,0
0.84,0.94,0.0090502,1,0,0
0.86,0.94,0.0092346,1,0,0
0.88,0.94,-0.013583,1,0,0
0.9,0.94,-0.051629,1,0,0
0.92,0.94,-0.023356,1,0,0
0.94,0.94,-0.030588,1,0,0
0.96,0.94,-0.066457,1,0,0
0.98,0.94,-0.035579,1,0,0
0.02,0.96,-0.057385,1,0,0
0.04,0.96,-0.03878,1,0,0
0.06,0.96,-0.051317,1,0,0
0.08,0.96,-0.048915,1,0,0
0.1,0.96,-0.062718,1,0,0
0.12,0.96,-0.060405,1,0,0
0.14,0.96,-0.079041,1,0,0
0.16,0.96,-0.059014,1,0,0
0.18,0.96,-0.043286,1,0,0
0.2,0.96,-0.055978,1,0,0
0.22,0.96,-0.07564,1,0,0
0.24,0.96,-0.063822,1,0,0
0.26,0.96,-0.064704,1,0,0
0.28,0.96,-0.078103,1,0,0
0.3,0.96,-0.063922,1,0,0
0.32,0.96,-0.032738,1,0,0
0.34,0.96,-0.073009,1,0,0
0.36,0.96,-0.038082,1,0,0
0.38,0.96,-0.034598,1,0,0
0.4,0.96,-0.064025,1,0,0
0.42,0.96,0.0019306,1,0,0
0.44,0.96,0.022512,1,0,0
0.46,0.96,0.03924,1,0,0
0.48,0.96,0.046298,1,0,0
0.5,0.96,0.035574,1,0,0
0.52,0.96,-0.029873,1,0,0
0.54,0.96,0.018776,1,0,0
0.56,0.96,-0.0079414,1,0,0
0.58,0.96,-0.026694,1,0,0
0.6,0.96,0.0032359,1,0,0
0.62,0.96,-2.5462e-05,1,0,0
0.64,0.96,0.0030318,1,0,0
0.66,0.96,-0.0096492,1,0,0
0.68,0.96,0.019247,1,0,0
0.7,0.96,-0.013426,1,0,0
0.72,0.96,0.013371,1,0,0
0.74,0.96,0.011894,1,0,0
0.76,0.96,0.009657,1,0,0
0.78,0.96,0.0016815,1,0,0
0.8,0.96,9.821e-05,1,0,0
0.82,0.96,0.016237,1,0,0
0.84,0.96,0.02099,1,0,0
0.86,0.96,0.015796,1,0,0
0.88,0.96,-0.019501,1,0,0
0.9,0.96,-0.040638,1,0,0
0.92,0.96,-0.059172,1,0,0
0.94,0.96,-0.046445,1,0,0
0.96,0.96,-0.095944,1,0,0
0.98,0.96,-0.039541,1,0,0
0.02,0.98,-0.062104,1,0,0
0.04,0.98,-0.047341,1,0,0
0.06,0.98,-0.035995,1,0,0
0.08,0.98,-0.054492,1,0,0
0.1,0.98,-0.06783,1,0,0
0.12,0.98,-0.051484,1,0,0
0.14,0.98,-0.055771,1,0,0
0.16,0.98,-0.077472,1,0,0
0.18,0.98,-0.052722,1,0,0
0.2,0.98,-0.077701,1,0,0
0.22,0.98,-0.072603,1,0,0
0.24,0.98,-0.055046,1,0,0
0.26,0.98,-0.084802,1,0,0
0.28,0.98,-0.11297,1,0,0
0.3,0.98,-0.077825,1,0,0
0.32,0.98,-0.033605,1,0,0
0.34,0.98,-0.044841,1,0,0
0.36,0.98,-0.072602,1,0,0
0.38,0.98,-0.040339,1,0,0
0.4,0.98,-0.025473,1,0,0
0.42,0.98,-0.02544,1,0,0
0.44,0.98,0.033336,1,0,0
0.46,0.98,0.041,1,0,0
0.48,0.98,0.041762,1,0,0
0.5,0.98,0.012172,1,0,0
0.52,0.98,0.010984,1,0,0
0.54,0.98,0.035976,1,0,0
0.56,0.98,0.012172,1,0,0
0.58,0.98,0.0023913,1,0,0
0.6,0.98,0.012292,1,0,0
0.62,0.98,0.021524,1,0,0
0.64,0.98,0.0021578,1,0,0
0.66,0.98,0.018843,1,0,0
0.68,0.98,0.02593,1,0,0
0.7,0.98,-0.026023,1,0,0
0.72,0.98,0.015308,1,0,0
0.74,0.98,0.040365,1,0,0
0.76,0.98,0.005313,1,0,0
0.78,0.98,0.0083323,1,0,0
0.8,0.98,-0.0066157,1,0,0
0.82,0.98,0.0089142,1,0,0
0.84,0.98,0.0067685,1,0,0
0.86,0.98,-0.0074354,1,0,0
0.88,0.98,-0.014377,1,0,0
0.9,0.98,-0.030876,1,0,0
0.92,0.98,-0.004555,1,0,0
0.94,0.98,-0.062607,1,0,0
0.96,0.98,-0.069442,1,0,0
0.98,0.98,-0.052844,1,0,0
0,0,-0.045817,-1,0,0
0.02,0,-0.045817,-1,0,0
0.04,0,-0.046126,-1,0,0
0.06,0,-0.030935,-1,0,0
0.08,0,-0.029397,-1,0,0
0.1,0,-0.035854,-1,0,0
0.12,0,-0.017335,-1,0,0
0.14,0,-0.033422,-1,0,0
0.16,0,-0.034003,-1,0,0
0.18,0,0.019834,-1,0,0
0.2,0,-0.013893,-1,0,0
0.22,0,-0.079519,-1,0,0
0.24,0,-0.060992,-1,0,0
0.26,0,-0.12659,-1,0,0
0.28,0,-0.11519,-1,0,0
0.3,0,-0.069809,-1,0,0
0.32,0,-0.065312,-1,0,0
0.34,0,-0.044111,-1,0,0
0.36,0,-0.064588,-1,0,0
0.38,0,-0.011106,-1,0,0
0.4,0,-0.016427,-1,0,0
0.42,0,-0.018487,-1,0,0
0.44,0,-0.001813,-1,0,0
0.46,0,-0.0061911,-1,0,0
0.48,0,0.027462,-1,0,0
0.5,0,0.032276,-1,0,0
0.52,0,0.0080802,-1,0,0
0.54,0,0.0094152,-1,0,0
0.56,0,0.037421,-1,0,0
0.58,0,0.049051,-1,0,0
0.6,0,0.045204,-1,0,0
0.62,0,0.024467,-1,0,0
0.64,0,-0.047422,-1,0,0
0.66,0,-0.031633,-1,0,0
0.68,0,-0.0228,-1,0,0
0.7,0,-0.030203,-1,0,0
0.72,0,0.0092049,-1,0,0
0.74,0,0.0078103,-1,0,0
0.76,0,-0.010395,-1,0,0
0.78,0,0.017017,-1,0,0
0.8,0,-0.0002499,-1,0,0
0.82,0,-0.023693,-1,0,0
0.84,0,-0.053059,-1,0,0
0.86,0,-0.022218,-1,0,0
0.88,0,-0.044351,-1,0,0
0.9,0,-0.068253,-1,0,0
0.92,0,-0.048974,-1,0,0
0.94,0,-0.077673,-1,0,0
0.96,0,-0.083041,-1,0,0
0.98,0,-0.031827,-1,0,0
1,0,-0.058055,-1,0,0
1,0.02,-0.047438,-1,0,0
1,0.04,-0.061442,-1,0,0
1,0.06,-0.040898,-1,0,0
1,0.08,0.0063199,-1,0,0
1,0.1,0.032381,-1,0,0
1,0.12,0.013428,-1,0,0
1,0.14,0.006638,-1,0,0
1,0.16,0.0019368,-1,0,0
1,0.18,-0.029678,-1,0,0
1,0.2,-0.020066,-1,0,0
1,0.22,-0.0059445,-1,0,0
1,0.24,-0.034353,-1,0,0
1,0.26,-0.0434,-1,0,0
1,0.28,-0.057919,-1,0,0
1,0.3,-0.023151,-1,0,0
1,0.32,-0.02979,-1,0,0
1,0.34,-0.044312,-1,0,0
1,0.36,-0.061156,-1,0,0
1,0.38,-0.052109,-1,0,0
1,0.4,-0.059731,-1,0,0
1,0.42,-0.035851,-1,0,0
1,0.44,-0.028883,-1,0,0
1,0.46,0.0078295,-1,0,0
1,0.48,0.0064725,-1,0,0
1,0.5,0.022917,-1,0,0
1,0.52,0.00082594,-1,0,0
1,0.54,-0.0038212,-1,0,0
1,0.56,-0.033639,-1,0,0
1,0.58,-0.038165,-1,0,0
1,0.6,0.021851,-1,0,0
1,0.62,-0.035817,-1,0,0
1,0.64,-0.018336,-1,0,0
1,0.66,-0.021133,-1,0,0
1,0.68,-0.0088448,-1,0,0
1,0.7,0.016021,-1,0,0
1,0.72,0.0069791,-1,0,0
1,0.74,-0.0075102,-1,0,0
1,0.76,-0.029313,-1,0,0
1,0.78,-0.040475,-1,0,0
1,0.8,-0.11208,-1,0,0
1,0.82,-0.060254,-1,0,0
1,0.84,-0.075701,-1,0,0
1,0.86,-0.063102,-1,0,0
1,0.88,-0.064712,-1,0,0
1,0.9,-0.050646,-1,0,0
1,0.92,-0.064666,-1,0,0
1,0.94,-0.04198,-1,0,0
1,0.96,-0.053181,-1,0,0
1,0.98,-0.053272,-1,0,0
1,1,-0.046992,-1,0,0
0.98,1,-0.027977,-1,0,0
0.96,1,-0.026266,-1,0,0
0.94,1,-0.042466,-1,0,0
0.92,1,-0.018494,-1,0,0
0.9,1,-0.017715,-1,0,0
0.88,1,-0.00016757,-1,0,0
0.86,1,-0.022901,-1,0,0
0.84,1,-0.013299,-1,0,0
0.82,1,-0.018695,-1,0,0
0.8,1,-0.019225,-1,0,0
0.78,1,0.018614,-1,0,0
0.76,1,-0.0018475,-1,0,0
0.74,1,0.0048928,-1,0,0
0.72,1,-0.017175,-1,0,0
0.7,1,0.014915,-1,0,0
0.68,1,0.026408,-1,0,0
0.66,1,0.009807,-1,0,0
0.64,1,0.00060343,-1,0,0
0.62,1,0.022758,-1,0,0
0.6,1,0.002281,-1,0,0
0.58,1,0.031824,-1,0,0
0.56,1,0.031302,-1,0,0
0.54,1,0.018855,-1,0,0
0.52,1,0.0043039,-1,0,0
0.5,1,0.014207,-1,0,0
0.48,1,0.064999,-1,0,0
0.46,1,0.0018561,-1,0,0
0.44,1,0.032928,-1,0,0
0.42,1,0.0088157,-1,0,0
0.4,1,-0.046255,-1,0,0
0.38,1,-0.031903,-1,0,0
0.36,1,-0.046324,-1,0,0
0.34,1,-0.064164,-1,0,0
0.32,1,-0.067125,-1,0,0
0.3,1,-0.074605,-1,0,0
0.28,1,-0.099916,-1,0,0
0.26,1,-0.088417,-1,0,0
0.24,1,-0.059948,-1,0,0
0.22,1,-0.048897,-1,0,0
0.2,1,-0.040825,-1,0,0
0.18,1,-0.050614,-1,0,0
0.16,1,-0.049931,-1,0,0
0.14,1,-0.03749,-1,0,0
0.12,1,-0.054896,-1,0,0
0.1,1,-0.040759,-1,0,0
0.08,1,-0.036046,-1,0,0
0.06,1,-0.031151,-1,0,0
0.04,1,-0.043964,-1,0,0
0.02,1,-0.04695,-1,0,0
0,1,-0.048211,-1,0,0
0,0.98,-0.055624,-1,0,0
0,0.96,-0.086058,-1,0,0
0,0.94,-0.034242,-1,0,0
0,0.92,-0.073517,-1,0,0
0,0.9,-0.067268,-1,0,0
0,0.88,-0.035837,-1,0,0
0,0.86,-0.032263,-1,0,0
0,0.84,-0.072518,-1,0,0
0,0.82,-0.052438,-1,0,0
0,0.8,-0.058518,-1,0,0
0,0.78,-0.064745,-1,0,0
0,0.76,-0.056362,-1,0,0
0,0.74,-0.0019175,-1,0,0
0,0.72,-0.021389,-1,0,0
0,0.7,-0.044668,-1,0,0
0,0.68,0.0061966,-1,0,0
0,0.66,0.00025121,-1,0,0
0,0.64,-0.00063839,-1,0,0
0,0.62,-0.021736,-1,0,0
0,0.6,-0.01023,-1,0,0
0,0.58,-0.043828,-1,0,0
0,0.56,0.0044642,-1,0,0
0,0.54,0.0022042,-1,0,0
0,0.52,0.005104,-1,0,0
0,0.5,0.0056274,-1,0,0
0,0.48,-0.028176,-1,0,0
0,0.46,0.009385,-1,0,0
0,0.44,0.012569,-1,0,0
0,0.42,0.028995,-1,0,0
0,0.4,0.050114,-1,0,0
0,0.38,0.034634,-1,0,0
0,0.36,-0.0016899,-1,0,0
0,0.34,-0.010941,-1,0,0
0,0.32,-0.03525,-1,0,0
0,0.3,-0.039777,-1,0,0
0,0.28,-0.095722,-1,0,0
0,0.26,-0.032799,-1,0,0
0,0.24,-0.020277,-1,0,0
0,0.22,-0.040447,-1,0,0
0,0.2,-0.031138,-1,0,0
0,0.18,-0.083635,-1,0,0
0,0.16,-0.077483,-1,0,0
0,0.14,-0.054529,-1,0,0
0,0.12,-0.028403,-1,0,0
0,0.1,-0.071431,-1,0,0
0,0.08,-0.033983,-1,0,0
0,0.06,-0.0098789,-1,0,0
0,0.04,-0.056344,-1,0,0
0,0.02,-0.046496,-1,0,0
