0.02,0.02,0.05221,1,0,0
0.04,0.02,0.039346,1,0,0
0.06,0.02,0.032172,1,0,0
0.08,0.02,0.029042,1,0,0
0.1,0.02,0.01647,1,0,0
0.12,0.02,0.00014999,1,0,0
0.14,0.02,-0.0032577,1,0,0
0.16,0.02,0.0035744,1,0,0
0.18,0.02,0.012434,1,0,0
0.2,0.02,0.036528,1,0,0
0.22,0.02,0.049452,1,0,0
0.24,0.02,0.059881,1,0,0
0.26,0.02,0.056588,1,0,0
0.28,0.02,0.065089,1,0,0
0.3,0.02,0.047981,1,0,0
0.32,0.02,0.051802,1,0,0
0.34,0.02,0.060423,1,0,0
0.36,0.02,0.06537,1,0,0
0.38,0.02,0.068423,1,0,0
0.4,0.02,0.070034,1,0,0
0.42,0.02,0.06376,1,0,0
0.44,0.02,0.06976,1,0,0
0.46,0.02,0.062569,1,0,0
0.48,0.02,0.061633,1,0,0
0.5,0.02,0.052243,1,0,0
0.52,0.02,0.054599,1,0,0
0.54,0.02,0.039495,1,0,0
0.56,0.02,0.029704,1,0,0
0.58,0.02,0.02875,1,0,0
0.6,0.02,0.036966,1,0,0
0.62,0.02,0.041421,1,0,0
0.64,0.02,0.040654,1,0,0
0.66,0.02,0.031075,1,0,0
0.68,0.02,0.015228,1,0,0
0.7,0.02,-0.0011903,1,0,0
0.72,0.02,-0.005825,1,0,0
0.74,0.02,-0.0054121,1,0,0
0.76,0.02,-0.0028594,1,0,0
0.78,0.02,0.0078107,1,0,0
0.8,0.02,0.023114,1,0,0
0.82,0.02,0.029028,1,0,0
0.84,0.02,0.023133,1,0,0
0.86,0.02,0.033936,1,0,0
0.88,0.02,0.027001,1,0,0
0.9,0.02,0.018819,1,0,0
0.92,0.02,0.021741,1,0,0
0.94,0.02,0.022983,1,0,0
0.96,0.02,0.022601,1,0,0
0.98,0.02,0.016172,1,0,0
0.02,0.04,0.069418,1,0,0
0.04,0.04,0.061215,1,0,0
0.06,0.04,0.048798,1,0,0
0.08,0.04,0.048045,1,0,0
0.1,0.04,0.04106,1,0,0
0.12,0.04,0.027258,1,0,0
0.14,0.04,0.0078602,1,0,0
0.16,0.04,0.021976,1,0,0
0.18,0.04,0.028385,1,0,0
0.2,0.04,0.044018,1,0,0
0.22,0.04,0.048244,1,0,0
0.24,0.04,0.06486,1,0,0
0.26,0.04,0.071341,1,0,0
0.28,0.04,0.079468,1,0,0
0.3,0.04,0.076457,1,0,0
0.32,0.04,0.073297,1,0,0
0.34,0.04,0.062794,1,0,0
0.36,0.04,0.075957,1,0,0
0.38,0.04,0.080123,1,0,0
0.4,0.04,0.085367,1,0,0
0.42,0.04,0.076203,1,0,0
0.44,0.04,0.072859,1,0,0
0.46,0.04,0.076083,1,0,0
0.48,0.04,0.080826,1,0,0
0.5,0.04,0.081258,1,0,0
0.52,0.04,0.067416,1,0,0
0.54,0.04,0.043246,1,0,0
0.56,0.04,0.038317,1,0,0
0.58,0.04,0.029727,1,0,0
0.6,0.04,0.035499,1,0,0
0.62,0.04,0.046732,1,0,0
0.64,0.04,0.052265,1,0,0
0.66,0.04,0.037984,1,0,0
0.68,0.04,0.027366,1,0,0
0.7,0.04,0.0098837,1,0,0
0.72,0.04,-0.00033415,1,0,0
0.74,0.04,0.0020874,1,0,0
0.76,0.04,0.0093841,1,0,0
0.78,0.04,0.019676,1,0,0
0.8,0.04,0.02641,1,0,0
0.82,0.04,0.029154,1,0,0
0.84,0.04,0.035472,1,0,0
0.86,0.04,0.034677,1,0,0
0.88,0.04,0.029094,1,0,0
0.9,0.04,0.030539,1,0,0
0.92,0.04,0.024583,1,0,0
0.94,0.04,0.021644,1,0,0
0.96,0.04,0.014371,1,0,0
0.98,0.04,0.021051,1,0,0
0.02,0.06,0.075755,1,0,0
0.04,0.06,0.064941,1,0,0
0.06,0.06,0.059408,1,0,0
0.08,0.06,0.051805,1,0,0
0.1,0.06,0.040745,1,0,0
0.12,0.06,0.033192,1,0,0
0.14,0.06,0.018185,1,0,0
0.16,0.06,0.023734,1,0,0
0.18,0.06,0.044767,1,0,0
0.2,0.06,0.056705,1,0,0
0.22,0.06,0.060272,1,0,0
0.24,0.06,0.063695,1,0,0
0.26,0.06,0.075009,1,0,0
0.28,0.06,0.082804,1,0,0
0.3,0.06,0.07732,1,0,0
0.32,0.06,0.076028,1,0,0
0.34,0.06,0.066288,1,0,0
0.36,0.06,0.070492,1,0,0
0.38,0.06,0.067678,1,0,0
0.4,0.06,0.079616,1,0,0
0.42,0.06,0.077813,1,0,0
0.44,0.06,0.084161,1,0,0
0.46,0.06,0.091697,1,0,0
0.48,0.06,0.099928,1,0,0
0.5,0.06,0.090046,1,0,0
0.52,0.06,0.066836,1,0,0
0.54,0.06,0.053206,1,0,0
0.56,0.06,0.038984,1,0,0
0.58,0.06,0.029685,1,0,0
0.6,0.06,0.037057,1,0,0
0.62,0.06,0.042817,1,0,0
0.64,0.06,0.040655,1,0,0
0.66,0.06,0.031247,1,0,0
0.68,0.06,0.02107,1,0,0
0.7,0.06,0.010933,1,0,0
0.72,0.06,0.0015721,1,0,0
0.74,0.06,0.0093878,1,0,0
0.76,0.06,0.016919,1,0,0
0.78,0.06,0.01559,1,0,0
0.8,0.06,0.028826,1,0,0
0.82,0.06,0.023769,1,0,0
0.84,0.06,0.025415,1,0,0
0.86,0.06,0.02647,1,0,0
0.88,0.06,0.014986,1,0,0
0.9,0.06,0.011884,1,0,0
0.92,0.06,0.02199,1,0,0
0.94,0.06,0.018138,1,0,0
0.96,0.06,0.01031,1,0,0
0.98,0.06,0.016063,1,0,0
0.02,0.08,0.074556,1,0,0
0.04,0.08,0.070758,1,0,0
0.06,0.08,0.054687,1,0,0
0.08,0.08,0.037048,1,0,0
0.1,0.08,0.042253,1,0,0
0.12,0.08,0.036418,1,0,0
0.14,0.08,0.032854,1,0,0
0.16,0.08,0.031946,1,0,0
0.18,0.08,0.04676,1,0,0
0.2,0.08,0.059076,1,0,0
0.22,0.08,0.061847,1,0,0
0.24,0.08,0.072793,1,0,0
0.26,0.08,0.078839,1,0,0
0.28,0.08,0.078104,1,0,0
0.3,0.08,0.075449,1,0,0
0.32,0.08,0.064994,1,0,0
0.34,0.08,0.065601,1,0,0
0.36,0.08,0.066977,1,0,0
0.38,0.08,0.069665,1,0,0
0.4,0.08,0.066933,1,0,0
0.42,0.08,0.079341,1,0,0
0.44,0.08,0.087374,1,0,0
0.46,0.08,0.092274,1,0,0
0.48,0.08,0.096027,1,0,0
0.5,0.08,0.087863,1,0,0
0.52,0.08,0.079311,1,0,0
0.54,0.08,0.058629,1,0,0
0.56,0.08,0.047575,1,0,0
0.58,0.08,0.031974,1,0,0
0.6,0.08,0.029107,1,0,0
0.62,0.08,0.040454,1,0,0
0.64,0.08,0.035376,1,0,0
0.66,0.08,0.02134,1,0,0
0.68,0.08,0.011476,1,0,0
0.7,0.08,-0.005276,1,0,0
0.72,0.08,-0.0021881,1,0,0
0.74,0.08,0.010214,1,0,0
0.76,0.08,0.016035,1,0,0
0.78,0.08,0.020501,1,0,0
0.8,0.08,0.015228,1,0,0
0.82,0.08,0.0087371,1,0,0
0.84,0.08,0.005409,1,0,0
0.86,0.08,0.0078431,1,0,0
0.88,0.08,0.0001448,1,0,0
0.9,0.08,0.0014872,1,0,0
0.92,0.08,0.018322,1,0,0
0.94,0.08,0.011527,1,0,0
0.96,0.08,0.011641,1,0,0
0.98,0.08,0.0027962,1,0,0
0.02,0.1,0.062506,1,0,0
0.04,0.1,0.054698,1,0,0
0.06,0.1,0.051257,1,0,0
0.08,0.1,0.047616,1,0,0
0.1,0.1,0.047013,1,0,0
0.12,0.1,0.037251,1,0,0
0.14,0.1,0.029548,1,0,0
0.16,0.1,0.027629,1,0,0
0.18,0.1,0.042277,1,0,0
0.2,0.1,0.049032,1,0,0
0.22,0.1,0.065773,1,0,0
0.24,0.1,0.07314,1,0,0
0.26,0.1,0.0825,1,0,0
0.28,0.1,0.083293,1,0,0
0.3,0.1,0.082309,1,0,0
0.32,0.1,0.070535,1,0,0
0.34,0.1,0.067895,1,0,0
0.36,0.1,0.068366,1,0,0
0.38,0.1,0.071055,1,0,0
0.4,0.1,0.065143,1,0,0
0.42,0.1,0.072721,1,0,0
0.44,0.1,0.084522,1,0,0
0.46,0.1,0.093945,1,0,0
0.48,0.1,0.096145,1,0,0
0.5,0.1,0.088285,1,0,0
0.52,0.1,0.074299,1,0,0
0.54,0.1,0.064077,1,0,0
0.56,0.1,0.056085,1,0,0
0.58,0.1,0.04764,1,0,0
0.6,0.1,0.038878,1,0,0
0.62,0.1,0.030102,1,0,0
0.64,0.1,0.030293,1,0,0
0.66,0.1,0.026888,1,0,0
0.68,0.1,0.018525,1,0,0
0.7,0.1,0.0039574,1,0,0
0.72,0.1,-0.0056789,1,0,0
0.74,0.1,-0.0068527,1,0,0
0.76,0.1,-0.0017865,1,0,0
0.78,0.1,-0.0051736,1,0,0
0.8,0.1,0.005274,1,0,0
0.82,0.1,-0.003197,1,0,0
0.84,0.1,-0.0010129,1,0,0
0.86,0.1,0.010748,1,0,0
0.88,0.1,0.0098617,1,0,0
0.9,0.1,0.0045357,1,0,0
0.92,0.1,0.011662,1,0,0
0.94,0.1,0.0023982,1,0,0
0.96,0.1,0.0011955,1,0,0
0.98,0.1,0.0013826,1,0,0
0.02,0.12,0.057868,1,0,0
0.04,0.12,0.047055,1,0,0
0.06,0.12,0.043466,1,0,0
0.08,0.12,0.043572,1,0,0
0.1,0.12,0.045008,1,0,0
0.12,0.12,0.035629,1,0,0
0.14,0.12,0.030675,1,0,0
0.16,0.12,0.032792,1,0,0
0.18,0.12,0.034283,1,0,0
0.2,0.12,0.047878,1,0,0
0.22,0.12,0.072583,1,0,0
0.24,0.12,0.080304,1,0,0
0.26,0.12,0.0952,1,0,0
0.28,0.12,0.092476,1,0,0
0.3,0.12,0.082548,1,0,0
0.32,0.12,0.072946,1,0,0
0.34,0.12,0.070368,1,0,0
0.36,0.12,0.078438,1,0,0
0.38,0.12,0.079574,1,0,0
0.4,0.12,0.086592,1,0,0
0.42,0.12,0.078344,1,0,0
0.44,0.12,0.076677,1,0,0
0.46,0.12,0.085174,1,0,0
0.48,0.12,0.080481,1,0,0
0.5,0.12,0.078305,1,0,0
0.52,0.12,0.075018,1,0,0
0.54,0.12,0.0695,1,0,0
0.56,0.12,0.069955,1,0,0
0.58,0.12,0.059133,1,0,0
0.6,0.12,0.046892,1,0,0
0.62,0.12,0.032549,1,0,0
0.64,0.12,0.02915,1,0,0
0.66,0.12,0.028733,1,0,0
0.68,0.12,0.019608,1,0,0
0.7,0.12,-0.00086088,1,0,0
0.72,0.12,-0.013133,1,0,0
0.74,0.12,-0.01572,1,0,0
0.76,0.12,-0.017708,1,0,0
0.78,0.12,-0.0099809,1,0,0
0.8,0.12,0.00093224,1,0,0
0.82,0.12,-0.0056565,1,0,0
0.84,0.12,0.0048952,1,0,0
0.86,0.12,0.015271,1,0,0
0.88,0.12,0.023756,1,0,0
0.9,0.12,0.015518,1,0,0
0.92,0.12,0.0060435,1,0,0
0.94,0.12,-0.0012479,1,0,0
0.96,0.12,-0.009769,1,0,0
0.98,0.12,-0.0048382,1,0,0
0.02,0.14,0.044795,1,0,0
0.04,0.14,0.043884,1,0,0
0.06,0.14,0.034006,1,0,0
0.08,0.14,0.033388,1,0,0
0.1,0.14,0.037987,1,0,0
0.12,0.14,0.032668,1,0,0
0.14,0.14,0.026584,1,0,0
0.16,0.14,0.036683,1,0,0
0.18,0.14,0.041255,1,0,0
0.2,0.14,0.058292,1,0,0
0.22,0.14,0.077524,1,0,0
0.24,0.14,0.094209,1,0,0
0.26,0.14,0.094736,1,0,0
0.28,0.14,0.097253,1,0,0
0.3,0.14,0.082975,1,0,0
0.32,0.14,0.080825,1,0,0
0.34,0.14,0.085789,1,0,0
0.36,0.14,0.089898,1,0,0
0.38,0.14,0.093231,1,0,0
0.4,0.14,0.092572,1,0,0
0.42,0.14,0.088337,1,0,0
0.44,0.14,0.088331,1,0,0
0.46,0.14,0.077207,1,0,0
0.48,0.14,0.067173,1,0,0
0.5,0.14,0.062487,1,0,0
0.52,0.14,0.072416,1,0,0
0.54,0.14,0.071617,1,0,0
0.56,0.14,0.076663,1,0,0
0.58,0.14,0.069064,1,0,0
0.6,0.14,0.054563,1,0,0
0.62,0.14,0.038475,1,0,0
0.64,0.14,0.034249,1,0,0
0.66,0.14,0.019402,1,0,0
0.68,0.14,0.012503,1,0,0
0.7,0.14,0.0054772,1,0,0
0.72,0.14,-0.0050652,1,0,0
0.74,0.14,-0.018409,1,0,0
0.76,0.14,-0.013427,1,0,0
0.78,0.14,-0.0083202,1,0,0
0.8,0.14,-0.0024498,1,0,0
0.82,0.14,0.011742,1,0,0
0.84,0.14,0.017912,1,0,0
0.86,0.14,0.02759,1,0,0
0.88,0.14,0.023902,1,0,0
0.9,0.14,0.020398,1,0,0
0.92,0.14,0.0090593,1,0,0
0.94,0.14,-0.0032984,1,0,0
0.96,0.14,-0.0016585,1,0,0
0.98,0.14,-0.006234,1,0,0
0.02,0.16,0.033071,1,0,0
0.04,0.16,0.037432,1,0,0
0.06,0.16,0.025787,1,0,0
0.08,0.16,0.02355,1,0,0
0.1,0.16,0.030968,1,0,0
0.12,0.16,0.033836,1,0,0
0.14,0.16,0.04021,1,0,0
0.16,0.16,0.04819,1,0,0
0.18,0.16,0.050301,1,0,0
0.2,0.16,0.067461,1,0,0
0.22,0.16,0.081361,1,0,0
0.24,0.16,0.09216,1,0,0
0.26,0.16,0.10576,1,0,0
0.28,0.16,0.11389,1,0,0
0.3,0.16,0.087623,1,0,0
0.32,0.16,0.091595,1,0,0
0.34,0.16,0.10016,1,0,0
0.36,0.16,0.096866,1,0,0
0.38,0.16,0.092528,1,0,0
0.4,0.16,0.10437,1,0,0
0.42,0.16,0.094392,1,0,0
0.44,0.16,0.088994,1,0,0
0.46,0.16,0.07628,1,0,0
0.48,0.16,0.065285,1,0,0
0.5,0.16,0.057552,1,0,0
0.52,0.16,0.071103,1,0,0
0.54,0.16,0.070286,1,0,0
0.56,0.16,0.065653,1,0,0
0.58,0.16,0.056033,1,0,0
0.6,0.16,0.052839,1,0,0
0.62,0.16,0.052977,1,0,0
0.64,0.16,0.041214,1,0,0
0.66,0.16,0.025359,1,0,0
0.68,0.16,0.019389,1,0,0
0.7,0.16,0.0069618,1,0,0
0.72,0.16,0.0038613,1,0,0
0.74,0.16,-0.0086399,1,0,0
0.76,0.16,-0.0040918,1,0,0
0.78,0.16,-0.0013657,1,0,0
0.8,0.16,0.0077796,1,0,0
0.82,0.16,0.020901,1,0,0
0.84,0.16,0.034099,1,0,0
0.86,0.16,0.041649,1,0,0
0.88,0.16,0.03977,1,0,0
0.9,0.16,0.034633,1,0,0
0.92,0.16,0.013372,1,0,0
0.94,0.16,0.0030618,1,0,0
0.96,0.16,-0.01004,1,0,0
0.98,0.16,-0.014825,1,0,0
0.02,0.18,0.024795,1,0,0
0.04,0.18,0.02082,1,0,0
0.06,0.18,0.019008,1,0,0
0.08,0.18,0.020627,1,0,0
0.1,0.18,0.026295,1,0,0
0.12,0.18,0.027167,1,0,0
0.14,0.18,0.031261,1,0,0
0.16,0.18,0.057634,1,0,0
0.18,0.18,0.06573,1,0,0
0.2,0.18,0.073697,1,0,0
0.22,0.18,0.081934,1,0,0
0.24,0.18,0.086427,1,0,0
0.26,0.18,0.10237,1,0,0
0.28,0.18,0.10978,1,0,0
0.3,0.18,0.10121,1,0,0
0.32,0.18,0.10083,1,0,0
0.34,0.18,0.095028,1,0,0
0.36,0.18,0.090918,1,0,0
0.38,0.18,0.086107,1,0,0
0.4,0.18,0.09439,1,0,0
0.42,0.18,0.082232,1,0,0
0.44,0.18,0.073168,1,0,0
0.46,0.18,0.061612,1,0,0
0.48,0.18,0.049578,1,0,0
0.5,0.18,0.047704,1,0,0
0.52,0.18,0.053274,1,0,0
0.54,0.18,0.04457,1,0,0
0.56,0.18,0.053337,1,0,0
0.58,0.18,0.05079,1,0,0
0.6,0.18,0.05495,1,0,0
0.62,0.18,0.046041,1,0,0
0.64,0.18,0.037998,1,0,0
0.66,0.18,0.016252,1,0,0
0.68,0.18,0.0090785,1,0,0
0.7,0.18,0.014339,1,0,0
0.72,0.18,0.0019477,1,0,0
0.74,0.18,-0.0065488,1,0,0
0.76,0.18,-0.0046459,1,0,0
0.78,0.18,0.0055811,1,0,0
0.8,0.18,0.013798,1,0,0
0.82,0.18,0.028982,1,0,0
0.84,0.18,0.040565,1,0,0
0.86,0.18,0.041888,1,0,0
0.88,0.18,0.043569,1,0,0
0.9,0.18,0.039364,1,0,0
0.92,0.18,0.016391,1,0,0
0.94,0.18,0.00048199,1,0,0
0.96,0.18,-0.0087508,1,0,0
0.98,0.18,-0.013872,1,0,0
0.02,0.2,0.025281,1,0,0
0.04,0.2,0.017649,1,0,0
0.06,0.2,0.019286,1,0,0
0.08,0.2,0.019957,1,0,0
0.1,0.2,0.023902,1,0,0
0.12,0.2,0.025389,1,0,0
0.14,0.2,0.040014,1,0,0
0.16,0.2,0.063139,1,0,0
0.18,0.2,0.06844,1,0,0
0.2,0.2,0.068836,1,0,0
0.22,0.2,0.082149,1,0,0
0.24,0.2,0.088282,1,0,0
0.26,0.2,0.10457,1,0,0
0.28,0.2,0.11075,1,0,0
0.3,0.2,0.1036,1,0,0
0.32,0.2,0.099241,1,0,0
0.34,0.2,0.094943,1,0,0
0.36,0.2,0.081286,1,0,0
0.38,0.2,0.081127,1,0,0
0.4,0.2,0.080577,1,0,0
0.42,0.2,0.065186,1,0,0
0.44,0.2,0.052087,1,0,0
0.46,0.2,0.035147,1,0,0
0.48,0.2,0.022577,1,0,0
0.5,0.2,0.028564,1,0,0
0.52,0.2,0.039854,1,0,0
0.54,0.2,0.037945,1,0,0
0.56,0.2,0.043591,1,0,0
0.58,0.2,0.045886,1,0,0
0.6,0.2,0.052717,1,0,0
0.62,0.2,0.050433,1,0,0
0.64,0.2,0.037369,1,0,0
0.66,0.2,0.018014,1,0,0
0.68,0.2,0.0083914,1,0,0
0.7,0.2,0.0052844,1,0,0
0.72,0.2,0.0050704,1,0,0
0.74,0.2,-0.0014976,1,0,0
0.76,0.2,-0.00072847,1,0,0
0.78,0.2,0.0094706,1,0,0
0.8,0.2,0.02481,1,0,0
0.82,0.2,0.033277,1,0,0
0.84,0.2,0.038518,1,0,0
0.86,0.2,0.045444,1,0,0
0.88,0.2,0.048366,1,0,0
0.9,0.2,0.040362,1,0,0
0.92,0.2,0.026754,1,0,0
0.94,0.2,0.01089,1,0,0
0.96,0.2,0.0013753,1,0,0
0.98,0.2,-0.011892,1,0,0
0.02,0.22,0.021676,1,0,0
0.04,0.22,0.022253,1,0,0
0.06,0.22,0.028723,1,0,0
0.08,0.22,0.033022,1,0,0
0.1,0.22,0.039784,1,0,0
0.12,0.22,0.038737,1,0,0
0.14,0.22,0.057318,1,0,0
0.16,0.22,0.061811,1,0,0
0.18,0.22,0.065198,1,0,0
0.2,0.22,0.067102,1,0,0
0.22,0.22,0.08096,1,0,0
0.24,0.22,0.096102,1,0,0
0.26,0.22,0.11051,1,0,0
0.28,0.22,0.11217,1,0,0
0.3,0.22,0.10848,1,0,0
0.32,0.22,0.10081,1,0,0
0.34,0.22,0.094076,1,0,0
0.36,0.22,0.077582,1,0,0
0.38,0.22,0.062797,1,0,0
0.4,0.22,0.047177,1,0,0
0.42,0.22,0.043882,1,0,0
0.44,0.22,0.036063,1,0,0
0.46,0.22,0.016951,1,0,0
0.48,0.22,0.0016554,1,0,0
0.5,0.22,0.010166,1,0,0
0.52,0.22,0.028713,1,0,0
0.54,0.22,0.031115,1,0,0
0.56,0.22,0.029756,1,0,0
0.58,0.22,0.036324,1,0,0
0.6,0.22,0.038538,1,0,0
0.62,0.22,0.048779,1,0,0
0.64,0.22,0.036274,1,0,0
0.66,0.22,0.024313,1,0,0
0.68,0.22,0.02186,1,0,0
0.7,0.22,0.012849,1,0,0
0.72,0.22,0.015595,1,0,0
0.74,0.22,0.00027474,1,0,0
0.76,0.22,-0.0049125,1,0,0
0.78,0.22,0.00042617,1,0,0
0.8,0.22,0.027475,1,0,0
0.82,0.22,0.038004,1,0,0
0.84,0.22,0.044353,1,0,0
0.86,0.22,0.054785,1,0,0
0.88,0.22,0.056024,1,0,0
0.9,0.22,0.039165,1,0,0
0.92,0.22,0.034884,1,0,0
0.94,0.22,0.024243,1,0,0
0.96,0.22,0.015303,1,0,0
0.98,0.22,-0.00091491,1,0,0
0.02,0.24,0.01851,1,0,0
0.04,0.24,0.01399,1,0,0
0.06,0.24,0.027906,1,0,0
0.08,0.24,0.029646,1,0,0
0.1,0.24,0.04155,1,0,0
0.12,0.24,0.057581,1,0,0
0.14,0.24,0.061339,1,0,0
0.16,0.24,0.06784,1,0,0
0.18,0.24,0.065284,1,0,0
0.2,0.24,0.062881,1,0,0
0.22,0.24,0.076281,1,0,0
0.24,0.24,0.096203,1,0,0
0.26,0.24,0.109,1,0,0
0.28,0.24,0.10717,1,0,0
0.3,0.24,0.09792,1,0,0
0.32,0.24,0.088257,1,0,0
0.34,0.24,0.074768,1,0,0
0.36,0.24,0.062858,1,0,0
0.38,0.24,0.044409,1,0,0
0.4,0.24,0.020986,1,0,0
0.42,0.24,0.018111,1,0,0
0.44,0.24,0.014782,1,0,0
0.46,0.24,-0.002638,1,0,0
0.48,0.24,-0.014021,1,0,0
0.5,0.24,0.0038735,1,0,0
0.52,0.24,0.013749,1,0,0
0.54,0.24,0.016014,1,0,0
0.56,0.24,0.020868,1,0,0
0.58,0.24,0.014648,1,0,0
0.6,0.24,0.020814,1,0,0
0.62,0.24,0.02591,1,0,0
0.64,0.24,0.025831,1,0,0
0.66,0.24,0.019898,1,0,0
0.68,0.24,0.02166,1,0,0
0.7,0.24,0.022244,1,0,0
0.72,0.24,0.010839,1,0,0
0.74,0.24,0.0064929,1,0,0
0.76,0.24,0.0039569,1,0,0
0.78,0.24,0.013144,1,0,0
0.8,0.24,0.033846,1,0,0
0.82,0.24,0.035895,1,0,0
0.84,0.24,0.036933,1,0,0
0.86,0.24,0.046825,1,0,0
0.88,0.24,0.049366,1,0,0
0.9,0.24,0.038897,1,0,0
0.92,0.24,0.034043,1,0,0
0.94,0.24,0.018854,1,0,0
0.96,0.24,0.021689,1,0,0
0.98,0.24,0.015117,1,0,0
0.02,0.26,0.01238,1,0,0
0.04,0.26,0.012163,1,0,0
0.06,0.26,0.02019,1,0,0
0.08,0.26,0.025598,1,0,0
0.1,0.26,0.033165,1,0,0
0.12,0.26,0.051903,1,0,0
0.14,0.26,0.059174,1,0,0
0.16,0.26,0.063752,1,0,0
0.18,0.26,0.066641,1,0,0
0.2,0.26,0.07122,1,0,0
0.22,0.26,0.069688,1,0,0
0.24,0.26,0.083827,1,0,0
0.26,0.26,0.098149,1,0,0
0.28,0.26,0.090248,1,0,0
0.3,0.26,0.079227,1,0,0
0.32,0.26,0.076849,1,0,0
0.34,0.26,0.058996,1,0,0
0.36,0.26,0.048055,1,0,0
0.38,0.26,0.019566,1,0,0
0.4,0.26,0.0111,1,0,0
0.42,0.26,2.1481e-05,1,0,0
0.44,0.26,-0.010193,1,0,0
0.46,0.26,-0.014487,1,0,0
0.48,0.26,-0.016124,1,0,0
0.5,0.26,-0.016015,1,0,0
0.52,0.26,-0.013808,1,0,0
0.54,0.26,-0.0063336,1,0,0
0.56,0.26,0.0045981,1,0,0
0.58,0.26,0.00071343,1,0,0
0.6,0.26,0.0039166,1,0,0
0.62,0.26,0.011038,1,0,0
0.64,0.26,0.0035862,1,0,0
0.66,0.26,0.0044777,1,0,0
0.68,0.26,0.020226,1,0,0
0.7,0.26,0.016252,1,0,0
0.72,0.26,0.0087553,1,0,0
0.74,0.26,0.011431,1,0,0
0.76,0.26,0.017438,1,0,0
0.78,0.26,0.027763,1,0,0
0.8,0.26,0.044987,1,0,0
0.82,0.26,0.03509,1,0,0
0.84,0.26,0.027728,1,0,0
0.86,0.26,0.031616,1,0,0
0.88,0.26,0.035241,1,0,0
0.9,0.26,0.03129,1,0,0
0.92,0.26,0.028351,1,0,0
0.94,0.26,0.021943,1,0,0
0.96,0.26,0.017864,1,0,0
0.98,0.26,0.034062,1,0,0
0.02,0.28,0.023569,1,0,0
0.04,0.28,0.02571,1,0,0
0.06,0.28,0.02216,1,0,0
0.08,0.28,0.023863,1,0,0
0.1,0.28,0.035251,1,0,0
0.12,0.28,0.055607,1,0,0
0.14,0.28,0.057313,1,0,0
0.16,0.28,0.062465,1,0,0
0.18,0.28,0.062936,1,0,0
0.2,0.28,0.05722,1,0,0
0.22,0.28,0.055484,1,0,0
0.24,0.28,0.080517,1,0,0
0.26,0.28,0.084331,1,0,0
0.28,0.28,0.084964,1,0,0
0.3,0.28,0.076567,1,0,0
0.32,0.28,0.077675,1,0,0
0.34,0.28,0.0601,1,0,0
0.36,0.28,0.041348,1,0,0
0.38,0.28,0.017172,1,0,0
0.4,0.28,-0.0026701,1,0,0
0.42,0.28,-0.013846,1,0,0
0.44,0.28,-0.011,1,0,0
0.46,0.28,-0.02464,1,0,0
0.48,0.28,-0.019444,1,0,0
0.5,0.28,-0.026654,1,0,0
0.52,0.28,-0.026357,1,0,0
0.54,0.28,-0.025165,1,0,0
0.56,0.28,-0.015362,1,0,0
0.58,0.28,-0.019319,1,0,0
0.6,0.28,-0.012767,1,0,0
0.62,0.28,0.0056552,1,0,0
0.64,0.28,0.010399,1,0,0
0.66,0.28,0.0068252,1,0,0
0.68,0.28,0.016449,1,0,0
0.7,0.28,0.015691,1,0,0
0.72,0.28,0.010319,1,0,0
0.74,0.28,0.013103,1,0,0
0.76,0.28,0.030093,1,0,0
0.78,0.28,0.036511,1,0,0
0.8,0.28,0.041706,1,0,0
0.82,0.28,0.040172,1,0,0
0.84,0.28,0.028281,1,0,0
0.86,0.28,0.039943,1,0,0
0.88,0.28,0.034311,1,0,0
0.9,0.28,0.040072,1,0,0
0.92,0.28,0.041621,1,0,0
0.94,0.28,0.023769,1,0,0
0.96,0.28,0.023424,1,0,0
0.98,0.28,0.031094,1,0,0
0.02,0.3,0.031421,1,0,0
0.04,0.3,0.02604,1,0,0
0.06,0.3,0.023321,1,0,0
0.08,0.3,0.027248,1,0,0
0.1,0.3,0.035229,1,0,0
0.12,0.3,0.045791,1,0,0
0.14,0.3,0.050489,1,0,0
0.16,0.3,0.053447,1,0,0
0.18,0.3,0.047123,1,0,0
0.2,0.3,0.052431,1,0,0
0.22,0.3,0.049712,1,0,0
0.24,0.3,0.061615,1,0,0
0.26,0.3,0.0719,1,0,0
0.28,0.3,0.076306,1,0,0
0.3,0.3,0.073091,1,0,0
0.32,0.3,0.074339,1,0,0
0.34,0.3,0.062039,1,0,0
0.36,0.3,0.048045,1,0,0
0.38,0.3,0.015169,1,0,0
0.4,0.3,-0.0040605,1,0,0
0.42,0.3,-0.017067,1,0,0
0.44,0.3,-0.019878,1,0,0
0.46,0.3,-0.026696,1,0,0
0.48,0.3,-0.031657,1,0,0
0.5,0.3,-0.039502,1,0,0
0.52,0.3,-0.027731,1,0,0
0.54,0.3,-0.033133,1,0,0
0.56,0.3,-0.024696,1,0,0
0.58,0.3,-0.025933,1,0,0
0.6,0.3,-0.010332,1,0,0
0.62,0.3,0.0050652,1,0,0
0.64,0.3,0.010015,1,0,0
0.66,0.3,0.0089351,1,0,0
0.68,0.3,0.012708,1,0,0
0.7,0.3,0.010107,1,0,0
0.72,0.3,0.01386,1,0,0
0.74,0.3,0.027019,1,0,0
0.76,0.3,0.029674,1,0,0
0.78,0.3,0.040788,1,0,0
0.8,0.3,0.046378,1,0,0
0.82,0.3,0.043117,1,0,0
0.84,0.3,0.035614,1,0,0
0.86,0.3,0.045424,1,0,0
0.88,0.3,0.042406,1,0,0
0.9,0.3,0.038832,1,0,0
0.92,0.3,0.044629,1,0,0
0.94,0.3,0.043666,1,0,0
0.96,0.3,0.032104,1,0,0
0.98,0.3,0.025547,1,0,0
0.02,0.32,0.034028,1,0,0
0.04,0.32,0.021318,1,0,0
0.06,0.32,0.022845,1,0,0
0.08,0.32,0.031537,1,0,0
0.1,0.32,0.034019,1,0,0
0.12,0.32,0.033468,1,0,0
0.14,0.32,0.031775,1,0,0
0.16,0.32,0.040415,1,0,0
0.18,0.32,0.043745,1,0,0
0.2,0.32,0.046138,1,0,0
0.22,0.32,0.056695,1,0,0
0.24,0.32,0.050594,1,0,0
0.26,0.32,0.060439,1,0,0
0.28,0.32,0.068726,1,0,0
0.3,0.32,0.063249,1,0,0
0.32,0.32,0.052854,1,0,0
0.34,0.32,0.039951,1,0,0
0.36,0.32,0.03882,1,0,0
0.38,0.32,0.022843,1,0,0
0.4,0.32,0.0054113,1,0,0
0.42,0.32,-0.017412,1,0,0
0.44,0.32,-0.027891,1,0,0
0.46,0.32,-0.037283,1,0,0
0.48,0.32,-0.045654,1,0,0
0.5,0.32,-0.03705,1,0,0
0.52,0.32,-0.032425,1,0,0
0.54,0.32,-0.036737,1,0,0
0.56,0.32,-0.031345,1,0,0
0.58,0.32,-0.019425,1,0,0
0.6,0.32,-0.0074653,1,0,0
0.62,0.32,-0.0057421,1,0,0
0.64,0.32,0.0065357,1,0,0
0.66,0.32,0.008321,1,0,0
0.68,0.32,0.0046695,1,0,0
0.7,0.32,0.0089118,1,0,0
0.72,0.32,0.015995,1,0,0
0.74,0.32,0.025537,1,0,0
0.76,0.32,0.036752,1,0,0
0.78,0.32,0.037073,1,0,0
0.8,0.32,0.050928,1,0,0
0.82,0.32,0.04001,1,0,0
0.84,0.32,0.03708,1,0,0
0.86,0.32,0.040774,1,0,0
0.88,0.32,0.044242,1,0,0
0.9,0.32,0.039779,1,0,0
0.92,0.32,0.040908,1,0,0
0.94,0.32,0.046319,1,0,0
0.96,0.32,0.041775,1,0,0
0.98,0.32,0.03885,1,0,0
0.02,0.34,0.017132,1,0,0
0.04,0.34,0.014558,1,0,0
0.06,0.34,0.018811,1,0,0
0.08,0.34,0.028794,1,0,0
0.1,0.34,0.039283,1,0,0
0.12,0.34,0.023225,1,0,0
0.14,0.34,0.019758,1,0,0
0.16,0.34,0.027311,1,0,0
0.18,0.34,0.033083,1,0,0
0.2,0.34,0.043252,1,0,0
0.22,0.34,0.051326,1,0,0
0.24,0.34,0.04579,1,0,0
0.26,0.34,0.051323,1,0,0
0.28,0.34,0.056699,1,0,0
0.3,0.34,0.047079,1,0,0
0.32,0.34,0.029213,1,0,0
0.34,0.34,0.024419,1,0,0
0.36,0.34,0.015362,1,0,0
0.38,0.34,0.015938,1,0,0
0.4,0.34,0.001858,1,0,0
0.42,0.34,-0.019711,1,0,0
0.44,0.34,-0.040543,1,0,0
0.46,0.34,-0.041382,1,0,0
0.48,0.34,-0.042748,1,0,0
0.5,0.34,-0.035099,1,0,0
0.52,0.34,-0.027687,1,0,0
0.54,0.34,-0.034824,1,0,0
0.56,0.34,-0.025806,1,0,0
0.58,0.34,-0.016454,1,0,0
0.6,0.34,-0.015744,1,0,0
0.62,0.34,-0.0084338,1,0,0
0.64,0.34,0.004168,1,0,0
0.66,0.34,0.0077243,1,0,0
0.68,0.34,0.012756,1,0,0
0.7,0.34,0.012662,1,0,0
0.72,0.34,0.025224,1,0,0
0.74,0.34,0.024622,1,0,0
0.76,0.34,0.032082,1,0,0
0.78,0.34,0.032321,1,0,0
0.8,0.34,0.031283,1,0,0
0.82,0.34,0.035226,1,0,0
0.84,0.34,0.037573,1,0,0
0.86,0.34,0.036029,1,0,0
0.88,0.34,0.037393,1,0,0
0.9,0.34,0.036721,1,0,0
0.92,0.34,0.039559,1,0,0
0.94,0.34,0.041112,1,0,0
0.96,0.34,0.052552,1,0,0
0.98,0.34,0.045424,1,0,0
0.02,0.36,0.0067374,1,0,0
0.04,0.36,0.0061041,1,0,0
0.06,0.36,0.0080726,1,0,0
0.08,0.36,0.016013,1,0,0
0.1,0.36,0.031007,1,0,0
0.12,0.36,0.016443,1,0,0
0.14,0.36,0.0084891,1,0,0
0.16,0.36,0.0075724,1,0,0
0.18,0.36,0.018326,1,0,0
0.2,0.36,0.028146,1,0,0
0.22,0.36,0.039606,1,0,0
0.24,0.36,0.03482,1,0,0
0.26,0.36,0.043021,1,0,0
0.28,0.36,0.040444,1,0,0
0.3,0.36,0.018279,1,0,0
0.32,0.36,0.0080616,1,0,0
0.34,0.36,0.0075029,1,0,0
0.36,0.36,-0.009677,1,0,0
0.38,0.36,-0.013282,1,0,0
0.4,0.36,-0.017357,1,0,0
0.42,0.36,-0.039822,1,0,0
0.44,0.36,-0.057275,1,0,0
0.46,0.36,-0.05051,1,0,0
0.48,0.36,-0.042576,1,0,0
0.5,0.36,-0.038687,1,0,0
0.52,0.36,-0.02484,1,0,0
0.54,0.36,-0.019852,1,0,0
0.56,0.36,-0.022495,1,0,0
0.58,0.36,-0.024591,1,0,0
0.6,0.36,-0.0209,1,0,0
0.62,0.36,-0.0084908,1,0,0
0.64,0.36,0.0013426,1,0,0
0.66,0.36,0.00348,1,0,0
0.68,0.36,0.0076727,1,0,0
0.7,0.36,0.013817,1,0,0
0.72,0.36,0.022499,1,0,0
0.74,0.36,0.021914,1,0,0
0.76,0.36,0.030538,1,0,0
0.78,0.36,0.0202,1,0,0
0.8,0.36,0.011858,1,0,0
0.82,0.36,0.014736,1,0,0
0.84,0.36,0.022785,1,0,0
0.86,0.36,0.023326,1,0,0
0.88,0.36,0.02181,1,0,0
0.9,0.36,0.027575,1,0,0
0.92,0.36,0.04317,1,0,0
0.94,0.36,0.04311,1,0,0
0.96,0.36,0.049824,1,0,0
0.98,0.36,0.045654,1,0,0
0.02,0.38,0.018248,1,0,0
0.04,0.38,0.021627,1,0,0
0.06,0.38,0.010986,1,0,0
0.08,0.38,0.010283,1,0,0
0.1,0.38,0.022425,1,0,0
0.12,0.38,0.010644,1,0,0
0.14,0.38,-0.0093009,1,0,0
0.16,0.38,0.0022314,1,0,0
0.18,0.38,0.01239,1,0,0
0.2,0.38,0.022619,1,0,0
0.22,0.38,0.040273,1,0,0
0.24,0.38,0.034662,1,0,0
0.26,0.38,0.038425,1,0,0
0.28,0.38,0.028581,1,0,0
0.3,0.38,0.007058,1,0,0
0.32,0.38,-0.0013551,1,0,0
0.34,0.38,-0.0083591,1,0,0
0.36,0.38,-0.016078,1,0,0
0.38,0.38,-0.028911,1,0,0
0.4,0.38,-0.035969,1,0,0
0.42,0.38,-0.05684,1,0,0
0.44,0.38,-0.060638,1,0,0
0.46,0.38,-0.051782,1,0,0
0.48,0.38,-0.049182,1,0,0
0.5,0.38,-0.035178,1,0,0
0.52,0.38,-0.020954,1,0,0
0.54,0.38,-0.016021,1,0,0
0.56,0.38,-0.0055491,1,0,0
0.58,0.38,-0.0096634,1,0,0
0.6,0.38,-0.0035312,1,0,0
0.62,0.38,0.0042817,1,0,0
0.64,0.38,0.012574,1,0,0
0.66,0.38,0.0065768,1,0,0
0.68,0.38,0.0068445,1,0,0
0.7,0.38,0.015077,1,0,0
0.72,0.38,0.019244,1,0,0
0.74,0.38,0.021822,1,0,0
0.76,0.38,0.03411,1,0,0
0.78,0.38,0.028304,1,0,0
0.8,0.38,0.011463,1,0,0
0.82,0.38,0.00095627,1,0,0
0.84,0.38,0.014353,1,0,0
0.86,0.38,0.0108,1,0,0
0.88,0.38,0.018066,1,0,0
0.9,0.38,0.038324,1,0,0
0.92,0.38,0.047331,1,0,0
0.94,0.38,0.057329,1,0,0
0.96,0.38,0.057139,1,0,0
0.98,0.38,0.058536,1,0,0
0.02,0.4,0.024474,1,0,0
0.04,0.4,0.018947,1,0,0
0.06,0.4,0.018086,1,0,0
0.08,0.4,0.021312,1,0,0
0.1,0.4,0.014759,1,0,0
0.12,0.4,0.0019518,1,0,0
0.14,0.4,-0.011373,1,0,0
0.16,0.4,-0.0068958,1,0,0
0.18,0.4,-0.0068931,1,0,0
0.2,0.4,0.015674,1,0,0
0.22,0.4,0.026029,1,0,0
0.24,0.4,0.026016,1,0,0
0.26,0.4,0.028103,1,0,0
0.28,0.4,0.031924,1,0,0
0.3,0.4,0.010295,1,0,0
0.32,0.4,-0.0031234,1,0,0
0.34,0.4,-0.012071,1,0,0
0.36,0.4,-0.022348,1,0,0
0.38,0.4,-0.040207,1,0,0
0.4,0.4,-0.052552,1,0,0
0.42,0.4,-0.07018,1,0,0
0.44,0.4,-0.068233,1,0,0
0.46,0.4,-0.052869,1,0,0
0.48,0.4,-0.035778,1,0,0
0.5,0.4,-0.029872,1,0,0
0.52,0.4,-0.013383,1,0,0
0.54,0.4,-0.014906,1,0,0
0.56,0.4,7.9375e-05,1,0,0
0.58,0.4,0.0050633,1,0,0
0.6,0.4,0.015501,1,0,0
0.62,0.4,0.012775,1,0,0
0.64,0.4,0.020676,1,0,0
0.66,0.4,0.02796,1,0,0
0.68,0.4,0.028076,1,0,0
0.7,0.4,0.020825,1,0,0
0.72,0.4,0.023398,1,0,0
0.74,0.4,0.030652,1,0,0
0.76,0.4,0.030319,1,0,0
0.78,0.4,0.031139,1,0,0
0.8,0.4,0.018319,1,0,0
0.82,0.4,0.0040832,1,0,0
0.84,0.4,-0.0058521,1,0,0
0.86,0.4,0.015018,1,0,0
0.88,0.4,0.034324,1,0,0
0.9,0.4,0.049296,1,0,0
0.92,0.4,0.055706,1,0,0
0.94,0.4,0.059807,1,0,0
0.96,0.4,0.05763,1,0,0
0.98,0.4,0.055998,1,0,0
0.02,0.42,0.013819,1,0,0
0.04,0.42,0.013154,1,0,0
0.06,0.42,0.012056,1,0,0
0.08,0.42,0.0096148,1,0,0
0.1,0.42,0.0057719,1,0,0
0.12,0.42,-0.0041259,1,0,0
0.14,0.42,-0.013601,1,0,0
0.16,0.42,-0.014073,1,0,0
0.18,0.42,-0.015974,1,0,0
0.2,0.42,-0.0058894,1,0,0
0.22,0.42,0.013074,1,0,0
0.24,0.42,0.022965,1,0,0
0.26,0.42,0.014466,1,0,0
0.28,0.42,0.017196,1,0,0
0.3,0.42,-0.0014815,1,0,0
0.32,0.42,-0.010053,1,0,0
0.34,0.42,-0.023308,1,0,0
0.36,0.42,-0.029503,1,0,0
0.38,0.42,-0.050062,1,0,0
0.4,0.42,-0.069332,1,0,0
0.42,0.42,-0.083181,1,0,0
0.44,0.42,-0.064448,1,0,0
0.46,0.42,-0.060217,1,0,0
0.48,0.42,-0.040742,1,0,0
0.5,0.42,-0.026232,1,0,0
0.52,0.42,-0.013738,1,0,0
0.54,0.42,-0.013748,1,0,0
0.56,0.42,-0.0014286,1,0,0
0.58,0.42,0.0060904,1,0,0
0.6,0.42,0.0062264,1,0,0
0.62,0.42,0.015255,1,0,0
0.64,0.42,0.022978,1,0,0
0.66,0.42,0.0353,1,0,0
0.68,0.42,0.033332,1,0,0
0.7,0.42,0.022372,1,0,0
0.72,0.42,0.030551,1,0,0
0.74,0.42,0.033589,1,0,0
0.76,0.42,0.035021,1,0,0
0.78,0.42,0.031007,1,0,0
0.8,0.42,0.02349,1,0,0
0.82,0.42,0.0063763,1,0,0
0.84,0.42,-0.0056338,1,0,0
0.86,0.42,0.011986,1,0,0
0.88,0.42,0.028352,1,0,0
0.9,0.42,0.044446,1,0,0
0.92,0.42,0.049124,1,0,0
0.94,0.42,0.046556,1,0,0
0.96,0.42,0.049926,1,0,0
0.98,0.42,0.048758,1,0,0
0.02,0.44,0.0069796,1,0,0
0.04,0.44,0.0021081,1,0,0
0.06,0.44,-0.0022173,1,0,0
0.08,0.44,-0.0066041,1,0,0
0.1,0.44,-0.010705,1,0,0
0.12,0.44,-0.012511,1,0,0
0.14,0.44,-0.025925,1,0,0
0.16,0.44,-0.024287,1,0,0
0.18,0.44,-0.022206,1,0,0
0.2,0.44,-0.0077883,1,0,0
0.22,0.44,0.0029137,1,0,0
0.24,0.44,0.014201,1,0,0
0.26,0.44,0.010437,1,0,0
0.28,0.44,-0.0096929,1,0,0
0.3,0.44,-0.02637,1,0,0
0.32,0.44,-0.032087,1,0,0
0.34,0.44,-0.040068,1,0,0
0.36,0.44,-0.040723,1,0,0
0.38,0.44,-0.061065,1,0,0
0.4,0.44,-0.07216,1,0,0
0.42,0.44,-0.07128,1,0,0
0.44,0.44,-0.067438,1,0,0
0.46,0.44,-0.056711,1,0,0
0.48,0.44,-0.048447,1,0,0
0.5,0.44,-0.032149,1,0,0
0.52,0.44,-0.018443,1,0,0
0.54,0.44,-0.011289,1,0,0
0.56,0.44,-0.004272,1,0,0
0.58,0.44,-0.0078378,1,0,0
0.6,0.44,0.0039833,1,0,0
0.62,0.44,0.019478,1,0,0
0.64,0.44,0.026489,1,0,0
0.66,0.44,0.026446,1,0,0
0.68,0.44,0.032021,1,0,0
0.7,0.44,0.028325,1,0,0
0.72,0.44,0.0297,1,0,0
0.74,0.44,0.03488,1,0,0
0.76,0.44,0.036171,1,0,0
0.78,0.44,0.034952,1,0,0
0.8,0.44,0.032939,1,0,0
0.82,0.44,0.013173,1,0,0
0.84,0.44,0.0061339,1,0,0
0.86,0.44,0.009861,1,0,0
0.88,0.44,0.014124,1,0,0
0.9,0.44,0.021239,1,0,0
0.92,0.44,0.031494,1,0,0
0.94,0.44,0.03166,1,0,0
0.96,0.44,0.026423,1,0,0
0.98,0.44,0.036436,1,0,0
0.02,0.46,0.00015179,1,0,0
0.04,0.46,-0.012145,1,0,0
0.06,0.46,-0.0083316,1,0,0
0.08,0.46,-0.015111,1,0,0
0.1,0.46,-0.01208,1,0,0
0.12,0.46,-0.013358,1,0,0
0.14,0.46,-0.028035,1,0,0
0.16,0.46,-0.027002,1,0,0
0.18,0.46,-0.018029,1,0,0
0.2,0.46,-0.017019,1,0,0
0.22,0.46,-0.011757,1,0,0
0.24,0.46,-0.0059372,1,0,0
0.26,0.46,-0.0026893,1,0,0
0.28,0.46,-0.019235,1,0,0
0.3,0.46,-0.037808,1,0,0
0.32,0.46,-0.040516,1,0,0
0.34,0.46,-0.042491,1,0,0
0.36,0.46,-0.050294,1,0,0
0.38,0.46,-0.057374,1,0,0
0.4,0.46,-0.063482,1,0,0
0.42,0.46,-0.064615,1,0,0
0.44,0.46,-0.066184,1,0,0
0.46,0.46,-0.059103,1,0,0
0.48,0.46,-0.048082,1,0,0
0.5,0.46,-0.030659,1,0,0
0.52,0.46,-0.021388,1,0,0
0.54,0.46,-0.010171,1,0,0
0.56,0.46,-0.0072333,1,0,0
0.58,0.46,-0.012728,1,0,0
0.6,0.46,0.010983,1,0,0
0.62,0.46,0.033216,1,0,0
0.64,0.46,0.035348,1,0,0
0.66,0.46,0.031588,1,0,0
0.68,0.46,0.03709,1,0,0
0.7,0.46,0.037491,1,0,0
0.72,0.46,0.026639,1,0,0
0.74,0.46,0.028328,1,0,0
0.76,0.46,0.031535,1,0,0
0.78,0.46,0.033248,1,0,0
0.8,0.46,0.035945,1,0,0
0.82,0.46,0.0199,1,0,0
0.84,0.46,0.013463,1,0,0
0.86,0.46,0.01514,1,0,0
0.88,0.46,0.010969,1,0,0
0.9,0.46,0.010193,1,0,0
0.92,0.46,0.020864,1,0,0
0.94,0.46,0.0094039,1,0,0
0.96,0.46,0.013882,1,0,0
0.98,0.46,0.021777,1,0,0
0.02,0.48,-0.018572,1,0,0
0.04,0.48,-0.018796,1,0,0
0.06,0.48,-0.013832,1,0,0
0.08,0.48,-0.013879,1,0,0
0.1,0.48,-0.0092157,1,0,0
0.12,0.48,-0.02396,1,0,0
0.14,0.48,-0.022725,1,0,0
0.16,0.48,-0.027064,1,0,0
0.18,0.48,-0.016588,1,0,0
0.2,0.48,-0.0269,1,0,0
0.22,0.48,-0.033651,1,0,0
0.24,0.48,-0.029248,1,0,0
0.26,0.48,-0.025057,1,0,0
0.28,0.48,-0.035229,1,0,0
0.3,0.48,-0.036062,1,0,0
0.32,0.48,-0.043182,1,0,0
0.34,0.48,-0.050453,1,0,0
0.36,0.48,-0.052801,1,0,0
0.38,0.48,-0.059258,1,0,0
0.4,0.48,-0.065756,1,0,0
0.42,0.48,-0.065095,1,0,0
0.44,0.48,-0.065645,1,0,0
0.46,0.48,-0.061533,1,0,0
0.48,0.48,-0.045363,1,0,0
0.5,0.48,-0.031075,1,0,0
0.52,0.48,-0.021995,1,0,0
0.54,0.48,-0.023467,1,0,0
0.56,0.48,-0.017146,1,0,0
0.58,0.48,-0.00076584,1,0,0
0.6,0.48,0.012057,1,0,0
0.62,0.48,0.042991,1,0,0
0.64,0.48,0.042364,1,0,0
0.66,0.48,0.034621,1,0,0
0.68,0.48,0.036538,1,0,0
0.7,0.48,0.028241,1,0,0
0.72,0.48,0.020871,1,0,0
0.74,0.48,0.0098586,1,0,0
0.76,0.48,0.015992,1,0,0
0.78,0.48,0.018995,1,0,0
0.8,0.48,0.026409,1,0,0
0.82,0.48,0.01957,1,0,0
0.84,0.48,0.011753,1,0,0
0.86,0.48,0.010188,1,0,0
0.88,0.48,0.010137,1,0,0
0.9,0.48,0.0054966,1,0,0
0.92,0.48,0.0069281,1,0,0
0.94,0.48,-0.0089559,1,0,0
0.96,0.48,-0.0030239,1,0,0
0.98,0.48,0.0048092,1,0,0
0.02,0.5,-0.006789,1,0,0
0.04,0.5,-0.020268,1,0,0
0.06,0.5,-0.012502,1,0,0
0.08,0.5,-0.013934,1,0,0
0.1,0.5,-0.026083,1,0,0
0.12,0.5,-0.023191,1,0,0
0.14,0.5,-0.016202,1,0,0
0.16,0.5,-0.010668,1,0,0
0.18,0.5,-0.019252,1,0,0
0.2,0.5,-0.025328,1,0,0
0.22,0.5,-0.028262,1,0,0
0.24,0.5,-0.036091,1,0,0
0.26,0.5,-0.037954,1,0,0
0.28,0.5,-0.042553,1,0,0
0.3,0.5,-0.049556,1,0,0
0.32,0.5,-0.051071,1,0,0
0.34,0.5,-0.046112,1,0,0
0.36,0.5,-0.052831,1,0,0
0.38,0.5,-0.054264,1,0,0
0.4,0.5,-0.056188,1,0,0
0.42,0.5,-0.050075,1,0,0
0.44,0.5,-0.04573,1,0,0
0.46,0.5,-0.046807,1,0,0
0.48,0.5,-0.043357,1,0,0
0.5,0.5,-0.028068,1,0,0
0.52,0.5,-0.013764,1,0,0
0.54,0.5,-0.016942,1,0,0
0.56,0.5,-0.012137,1,0,0
0.58,0.5,0.0022839,1,0,0
0.6,0.5,0.035864,1,0,0
0.62,0.5,0.052419,1,0,0
0.64,0.5,0.058463,1,0,0
0.66,0.5,0.043036,1,0,0
0.68,0.5,0.025985,1,0,0
0.7,0.5,0.012592,1,0,0
0.72,0.5,0.012494,1,0,0
0.74,0.5,0.014799,1,0,0
0.76,0.5,0.010711,1,0,0
0.78,0.5,0.01406,1,0,0
0.8,0.5,0.030723,1,0,0
0.82,0.5,0.02357,1,0,0
0.84,0.5,0.0035603,1,0,0
0.86,0.5,0.007926,1,0,0
0.88,0.5,0.0039907,1,0,0
0.9,0.5,-0.004121,1,0,0
0.92,0.5,-0.0032004,1,0,0
0.94,0.5,-0.0094168,1,0,0
0.96,0.5,-0.011704,1,0,0
0.98,0.5,-0.015187,1,0,0
0.02,0.52,-0.0094612,1,0,0
0.04,0.52,-0.014106,1,0,0
0.06,0.52,-0.016522,1,0,0
0.08,0.52,-0.013738,1,0,0
0.1,0.52,-0.013979,1,0,0
0.12,0.52,-0.016139,1,0,0
0.14,0.52,-0.01075,1,0,0
0.16,0.52,-0.0023008,1,0,0
0.18,0.52,-0.016259,1,0,0
0.2,0.52,-0.025293,1,0,0
0.22,0.52,-0.031262,1,0,0
0.24,0.52,-0.038058,1,0,0
0.26,0.52,-0.04249,1,0,0
0.28,0.52,-0.050206,1,0,0
0.3,0.52,-0.054193,1,0,0
0.32,0.52,-0.049324,1,0,0
0.34,0.52,-0.051725,1,0,0
0.36,0.52,-0.042082,1,0,0
0.38,0.52,-0.054764,1,0,0
0.4,0.52,-0.048031,1,0,0
0.42,0.52,-0.039579,1,0,0
0.44,0.52,-0.024148,1,0,0
0.46,0.52,-0.024542,1,0,0
0.48,0.52,-0.030807,1,0,0
0.5,0.52,-0.019091,1,0,0
0.52,0.52,-0.0019629,1,0,0
0.54,0.52,-0.013597,1,0,0
0.56,0.52,-0.0071093,1,0,0
0.58,0.52,0.0070097,1,0,0
0.6,0.52,0.030278,1,0,0
0.62,0.52,0.048111,1,0,0
0.64,0.52,0.054487,1,0,0
0.66,0.52,0.035953,1,0,0
0.68,0.52,0.02237,1,0,0
0.7,0.52,0.021121,1,0,0
0.72,0.52,0.012664,1,0,0
0.74,0.52,0.0088374,1,0,0
0.76,0.52,0.007301,1,0,0
0.78,0.52,0.013972,1,0,0
0.8,0.52,0.021779,1,0,0
0.82,0.52,0.014779,1,0,0
0.84,0.52,0.0040245,1,0,0
0.86,0.52,-0.0039101,1,0,0
0.88,0.52,-0.0030962,1,0,0
0.9,0.52,-0.010401,1,0,0
0.92,0.52,-0.019778,1,0,0
0.94,0.52,-0.016968,1,0,0
0.96,0.52,-0.021616,1,0,0
0.98,0.52,-0.019593,1,0,0
0.02,0.54,-0.0084761,1,0,0
0.04,0.54,-0.0094097,1,0,0
0.06,0.54,-0.012767,1,0,0
0.08,0.54,-0.0041406,1,0,0
0.1,0.54,0.0015302,1,0,0
0.12,0.54,-0.0003649,1,0,0
0.14,0.54,-0.0015581,1,0,0
0.16,0.54,-0.0015734,1,0,0
0.18,0.54,-0.01548,1,0,0
0.2,0.54,-0.024285,1,0,0
0.22,0.54,-0.031875,1,0,0
0.24,0.54,-0.032401,1,0,0
0.26,0.54,-0.033937,1,0,0
0.28,0.54,-0.032744,1,0,0
0.3,0.54,-0.055326,1,0,0
0.32,0.54,-0.047116,1,0,0
0.34,0.54,-0.040048,1,0,0
0.36,0.54,-0.040104,1,0,0
0.38,0.54,-0.036844,1,0,0
0.4,0.54,-0.021525,1,0,0
0.42,0.54,-0.020743,1,0,0
0.44,0.54,-0.0077721,1,0,0
0.46,0.54,-0.0054732,1,0,0
0.48,0.54,-0.0018997,1,0,0
0.5,0.54,-0.0026005,1,0,0
0.52,0.54,0.0086102,1,0,0
0.54,0.54,0.0051434,1,0,0
0.56,0.54,0.0048232,1,0,0
0.58,0.54,0.010467,1,0,0
0.6,0.54,0.023636,1,0,0
0.62,0.54,0.037957,1,0,0
0.64,0.54,0.042778,1,0,0
0.66,0.54,0.035509,1,0,0
0.68,0.54,0.037079,1,0,0
0.7,0.54,0.033118,1,0,0
0.72,0.54,0.021474,1,0,0
0.74,0.54,0.005993,1,0,0
0.76,0.54,0.015412,1,0,0
0.78,0.54,0.017773,1,0,0
0.8,0.54,0.020223,1,0,0
0.82,0.54,0.01348,1,0,0
0.84,0.54,0.00076356,1,0,0
0.86,0.54,0.002446,1,0,0
0.88,0.54,-0.0015929,1,0,0
0.9,0.54,-0.0091056,1,0,0
0.92,0.54,-0.024753,1,0,0
0.94,0.54,-0.032424,1,0,0
0.96,0.54,-0.030282,1,0,0
0.98,0.54,-0.017209,1,0,0
0.02,0.56,0.0053757,1,0,0
0.04,0.56,0.011611,1,0,0
0.06,0.56,0.0093117,1,0,0
0.08,0.56,0.011659,1,0,0
0.1,0.56,0.013771,1,0,0
0.12,0.56,0.0068499,1,0,0
0.14,0.56,-0.0021194,1,0,0
0.16,0.56,-0.0024942,1,0,0
0.18,0.56,-0.015281,1,0,0
0.2,0.56,-0.014012,1,0,0
0.22,0.56,-0.017229,1,0,0
0.24,0.56,-0.012332,1,0,0
0.26,0.56,-0.014114,1,0,0
0.28,0.56,-0.023785,1,0,0
0.3,0.56,-0.043842,1,0,0
0.32,0.56,-0.03936,1,0,0
0.34,0.56,-0.026278,1,0,0
0.36,0.56,-0.023238,1,0,0
0.38,0.56,-0.010769,1,0,0
0.4,0.56,0.0045774,1,0,0
0.42,0.56,0.0087822,1,0,0
0.44,0.56,0.01314,1,0,0
0.46,0.56,0.017901,1,0,0
0.48,0.56,0.014873,1,0,0
0.5,0.56,0.0090203,1,0,0
0.52,0.56,0.016725,1,0,0
0.54,0.56,0.016451,1,0,0
0.56,0.56,0.029472,1,0,0
0.58,0.56,0.027838,1,0,0
0.6,0.56,0.027963,1,0,0
0.62,0.56,0.031739,1,0,0
0.64,0.56,0.038582,1,0,0
0.66,0.56,0.034832,1,0,0
0.68,0.56,0.046391,1,0,0
0.7,0.56,0.041099,1,0,0
0.72,0.56,0.030304,1,0,0
0.74,0.56,0.015615,1,0,0
0.76,0.56,0.021961,1,0,0
0.78,0.56,0.02755,1,0,0
0.8,0.56,0.023598,1,0,0
0.82,0.56,0.024977,1,0,0
0.84,0.56,0.01537,1,0,0
0.86,0.56,0.010971,1,0,0
0.88,0.56,0.0042327,1,0,0
0.9,0.56,-0.0029953,1,0,0
0.92,0.56,-0.023782,1,0,0
0.94,0.56,-0.035058,1,0,0
0.96,0.56,-0.026633,1,0,0
0.98,0.56,-0.010993,1,0,0
0.02,0.58,0.034525,1,0,0
0.04,0.58,0.036152,1,0,0
0.06,0.58,0.034374,1,0,0
0.08,0.58,0.02466,1,0,0
0.1,0.58,0.029837,1,0,0
0.12,0.58,0.025994,1,0,0
0.14,0.58,0.015597,1,0,0
0.16,0.58,0.0029643,1,0,0
0.18,0.58,-0.0067523,1,0,0
0.2,0.58,-0.013067,1,0,0
0.22,0.58,0.0022087,1,0,0
0.24,0.58,0.00040566,1,0,0
0.26,0.58,0.0077435,1,0,0
0.28,0.58,-0.005868,1,0,0
0.3,0.58,-0.021373,1,0,0
0.32,0.58,-0.017297,1,0,0
0.34,0.58,-0.007676,1,0,0
0.36,0.58,0.0042164,1,0,0
0.38,0.58,0.010053,1,0,0
0.4,0.58,0.027037,1,0,0
0.42,0.58,0.029482,1,0,0
0.44,0.58,0.036874,1,0,0
0.46,0.58,0.031469,1,0,0
0.48,0.58,0.020815,1,0,0
0.5,0.58,0.025707,1,0,0
0.52,0.58,0.0318,1,0,0
0.54,0.58,0.036358,1,0,0
0.56,0.58,0.043147,1,0,0
0.58,0.58,0.037098,1,0,0
0.6,0.58,0.035338,1,0,0
0.62,0.58,0.040452,1,0,0
0.64,0.58,0.047626,1,0,0
0.66,0.58,0.046989,1,0,0
0.68,0.58,0.047011,1,0,0
0.7,0.58,0.04825,1,0,0
0.72,0.58,0.038022,1,0,0
0.74,0.58,0.032326,1,0,0
0.76,0.58,0.032883,1,0,0
0.78,0.58,0.029205,1,0,0
0.8,0.58,0.03282,1,0,0
0.82,0.58,0.028875,1,0,0
0.84,0.58,0.032267,1,0,0
0.86,0.58,0.022542,1,0,0
0.88,0.58,0.020386,1,0,0
0.9,0.58,0.0098266,1,0,0
0.92,0.58,-0.007648,1,0,0
0.94,0.58,-0.019756,1,0,0
0.96,0.58,-0.020765,1,0,0
0.98,0.58,-0.011384,1,0,0
0.02,0.6,0.040423,1,0,0
0.04,0.6,0.036167,1,0,0
0.06,0.6,0.03813,1,0,0
0.08,0.6,0.034716,1,0,0
0.1,0.6,0.035784,1,0,0
0.12,0.6,0.025715,1,0,0
0.14,0.6,0.01816,1,0,0
0.16,0.6,0.0090581,1,0,0
0.18,0.6,0.0024784,1,0,0
0.2,0.6,0.0002421,1,0,0
0.22,0.6,0.0054641,1,0,0
0.24,0.6,-0.0014012,1,0,0
0.26,0.6,0.0053172,1,0,0
0.28,0.6,0.0041885,1,0,0
0.3,0.6,-0.0052798,1,0,0
0.32,0.6,-0.011912,1,0,0
0.34,0.6,-0.001798,1,0,0
0.36,0.6,0.0012441,1,0,0
0.38,0.6,0.015979,1,0,0
0.4,0.6,0.022858,1,0,0
0.42,0.6,0.03389,1,0,0
0.44,0.6,0.043948,1,0,0
0.46,0.6,0.043389,1,0,0
0.48,0.6,0.03216,1,0,0
0.5,0.6,0.031083,1,0,0
0.52,0.6,0.036005,1,0,0
0.54,0.6,0.035909,1,0,0
0.56,0.6,0.041043,1,0,0
0.58,0.6,0.03928,1,0,0
0.6,0.6,0.043439,1,0,0
0.62,0.6,0.04281,1,0,0
0.64,0.6,0.043442,1,0,0
0.66,0.6,0.047935,1,0,0
0.68,0.6,0.052384,1,0,0
0.7,0.6,0.044204,1,0,0
0.72,0.6,0.04255,1,0,0
0.74,0.6,0.03577,1,0,0
0.76,0.6,0.025272,1,0,0
0.78,0.6,0.022511,1,0,0
0.8,0.6,0.031227,1,0,0
0.82,0.6,0.027105,1,0,0
0.84,0.6,0.028222,1,0,0
0.86,0.6,0.033544,1,0,0
0.88,0.6,0.026565,1,0,0
0.9,0.6,0.0033671,1,0,0
0.92,0.6,-0.0073729,1,0,0
0.94,0.6,-0.016,1,0,0
0.96,0.6,-0.021033,1,0,0
0.98,0.6,-0.025037,1,0,0
0.02,0.62,0.049091,1,0,0
0.04,0.62,0.043354,1,0,0
0.06,0.62,0.037183,1,0,0
0.08,0.62,0.035591,1,0,0
0.1,0.62,0.041016,1,0,0
0.12,0.62,0.029306,1,0,0
0.14,0.62,0.023974,1,0,0
0.16,0.62,0.03015,1,0,0
0.18,0.62,0.035037,1,0,0
0.2,0.62,0.028067,1,0,0
0.22,0.62,0.018594,1,0,0
0.24,0.62,0.017057,1,0,0
0.26,0.62,0.011322,1,0,0
0.28,0.62,0.0091082,1,0,0
0.3,0.62,0.0026129,1,0,0
0.32,0.62,-0.016497,1,0,0
0.34,0.62,-0.02127,1,0,0
0.36,0.62,-0.0060544,1,0,0
0.38,0.62,0.02283,1,0,0
0.4,0.62,0.030231,1,0,0
0.42,0.62,0.041314,1,0,0
0.44,0.62,0.049342,1,0,0
0.46,0.62,0.045248,1,0,0
0.48,0.62,0.044294,1,0,0
0.5,0.62,0.045293,1,0,0
0.52,0.62,0.042988,1,0,0
0.54,0.62,0.036254,1,0,0
0.56,0.62,0.047813,1,0,0
0.58,0.62,0.052027,1,0,0
0.6,0.62,0.049573,1,0,0
0.62,0.62,0.053352,1,0,0
0.64,0.62,0.051499,1,0,0
0.66,0.62,0.047938,1,0,0
0.68,0.62,0.049349,1,0,0
0.7,0.62,0.039134,1,0,0
0.72,0.62,0.039831,1,0,0
0.74,0.62,0.035215,1,0,0
0.76,0.62,0.033457,1,0,0
0.78,0.62,0.033546,1,0,0
0.8,0.62,0.032527,1,0,0
0.82,0.62,0.028308,1,0,0
0.84,0.62,0.028233,1,0,0
0.86,0.62,0.03344,1,0,0
0.88,0.62,0.021635,1,0,0
0.9,0.62,0.0034406,1,0,0
0.92,0.62,-0.0035211,1,0,0
0.94,0.62,-0.018248,1,0,0
0.96,0.62,-0.017764,1,0,0
0.98,0.62,-0.017346,1,0,0
0.02,0.64,0.048616,1,0,0
0.04,0.64,0.040207,1,0,0
0.06,0.64,0.043444,1,0,0
0.08,0.64,0.042589,1,0,0
0.1,0.64,0.041649,1,0,0
0.12,0.64,0.042628,1,0,0
0.14,0.64,0.035828,1,0,0
0.16,0.64,0.042721,1,0,0
0.18,0.64,0.049967,1,0,0
0.2,0.64,0.045957,1,0,0
0.22,0.64,0.036881,1,0,0
0.24,0.64,0.023682,1,0,0
0.26,0.64,0.016948,1,0,0
0.28,0.64,0.012806,1,0,0
0.3,0.64,-0.0042533,1,0,0
0.32,0.64,-0.010938,1,0,0
0.34,0.64,-0.022586,1,0,0
0.36,0.64,-0.006892,1,0,0
0.38,0.64,0.0087034,1,0,0
0.4,0.64,0.036307,1,0,0
0.42,0.64,0.039851,1,0,0
0.44,0.64,0.049016,1,0,0
0.46,0.64,0.047405,1,0,0
0.48,0.64,0.051006,1,0,0
0.5,0.64,0.051572,1,0,0
0.52,0.64,0.044989,1,0,0
0.54,0.64,0.053655,1,0,0
0.56,0.64,0.062095,1,0,0
0.58,0.64,0.059873,1,0,0
0.6,0.64,0.064104,1,0,0
0.62,0.64,0.065779,1,0,0
0.64,0.64,0.057549,1,0,0
0.66,0.64,0.055563,1,0,0
0.68,0.64,0.050987,1,0,0
0.7,0.64,0.041596,1,0,0
0.72,0.64,0.038363,1,0,0
0.74,0.64,0.040982,1,0,0
0.76,0.64,0.030017,1,0,0
0.78,0.64,0.020627,1,0,0
0.8,0.64,0.032738,1,0,0
0.82,0.64,0.030187,1,0,0
0.84,0.64,0.036957,1,0,0
0.86,0.64,0.033809,1,0,0
0.88,0.64,0.013808,1,0,0
0.9,0.64,-0.0027295,1,0,0
0.92,0.64,-0.0028705,1,0,0
0.94,0.64,-0.0063,1,0,0
0.96,0.64,-0.012013,1,0,0
0.98,0.64,-0.0029921,1,0,0
0.02,0.66,0.056006,1,0,0
0.04,0.66,0.055954,1,0,0
0.06,0.66,0.046763,1,0,0
0.08,0.66,0.047094,1,0,0
0.1,0.66,0.052476,1,0,0
0.12,0.66,0.061058,1,0,0
0.14,0.66,0.046748,1,0,0
0.16,0.66,0.049824,1,0,0
0.18,0.66,0.045276,1,0,0
0.2,0.66,0.050753,1,0,0
0.22,0.66,0.034745,1,0,0
0.24,0.66,0.037721,1,0,0
0.26,0.66,0.03191,1,0,0
0.28,0.66,0.024893,1,0,0
0.3,0.66,0.0070907,1,0,0
0.32,0.66,-0.0062253,1,0,0
0.34,0.66,-0.017529,1,0,0
0.36,0.66,-0.0012708,1,0,0
0.38,0.66,0.01029,1,0,0
0.4,0.66,0.031491,1,0,0
0.42,0.66,0.045005,1,0,0
0.44,0.66,0.048022,1,0,0
0.46,0.66,0.049787,1,0,0
0.48,0.66,0.054995,1,0,0
0.5,0.66,0.060063,1,0,0
0.52,0.66,0.06713,1,0,0
0.54,0.66,0.067747,1,0,0
0.56,0.66,0.076231,1,0,0
0.58,0.66,0.067028,1,0,0
0.6,0.66,0.073456,1,0,0
0.62,0.66,0.080486,1,0,0
0.64,0.66,0.084311,1,0,0
0.66,0.66,0.071181,1,0,0
0.68,0.66,0.066708,1,0,0
0.7,0.66,0.052264,1,0,0
0.72,0.66,0.038555,1,0,0
0.74,0.66,0.033645,1,0,0
0.76,0.66,0.022403,1,0,0
0.78,0.66,0.017779,1,0,0
0.8,0.66,0.022744,1,0,0
0.82,0.66,0.034589,1,0,0
0.84,0.66,0.04465,1,0,0
0.86,0.66,0.042349,1,0,0
0.88,0.66,0.020896,1,0,0
0.9,0.66,0.010207,1,0,0
0.92,0.66,0.003955,1,0,0
0.94,0.66,-0.0001652,1,0,0
0.96,0.66,-0.0055348,1,0,0
0.98,0.66,0.0068347,1,0,0
0.02,0.68,0.067472,1,0,0
0.04,0.68,0.064596,1,0,0
0.06,0.68,0.053645,1,0,0
0.08,0.68,0.050873,1,0,0
0.1,0.68,0.056627,1,0,0
0.12,0.68,0.054101,1,0,0
0.14,0.68,0.044281,1,0,0
0.16,0.68,0.043908,1,0,0
0.18,0.68,0.050984,1,0,0
0.2,0.68,0.053378,1,0,0
0.22,0.68,0.044282,1,0,0
0.24,0.68,0.042282,1,0,0
0.26,0.68,0.034144,1,0,0
0.28,0.68,0.035072,1,0,0
0.3,0.68,0.0088318,1,0,0
0.32,0.68,-0.0020419,1,0,0
0.34,0.68,-0.0051004,1,0,0
0.36,0.68,0.0017303,1,0,0
0.38,0.68,0.01517,1,0,0
0.4,0.68,0.03317,1,0,0
0.42,0.68,0.041815,1,0,0
0.44,0.68,0.058409,1,0,0
0.46,0.68,0.058429,1,0,0
0.48,0.68,0.068394,1,0,0
0.5,0.68,0.064462,1,0,0
0.52,0.68,0.072505,1,0,0
0.54,0.68,0.078666,1,0,0
0.56,0.68,0.086326,1,0,0
0.58,0.68,0.086803,1,0,0
0.6,0.68,0.087204,1,0,0
0.62,0.68,0.08822,1,0,0
0.64,0.68,0.083964,1,0,0
0.66,0.68,0.077721,1,0,0
0.68,0.68,0.072746,1,0,0
0.7,0.68,0.058124,1,0,0
0.72,0.68,0.040556,1,0,0
0.74,0.68,0.026992,1,0,0
0.76,0.68,0.025249,1,0,0
0.78,0.68,0.024766,1,0,0
0.8,0.68,0.032013,1,0,0
0.82,0.68,0.039054,1,0,0
0.84,0.68,0.040931,1,0,0
0.86,0.68,0.043698,1,0,0
0.88,0.68,0.020946,1,0,0
0.9,0.68,0.0088678,1,0,0
0.92,0.68,0.0067454,1,0,0
0.94,0.68,0.0033486,1,0,0
0.96,0.68,0.013692,1,0,0
0.98,0.68,0.021456,1,0,0
0.02,0.7,0.077647,1,0,0
0.04,0.7,0.062383,1,0,0
0.06,0.7,0.046403,1,0,0
0.08,0.7,0.046033,1,0,0
0.1,0.7,0.047092,1,0,0
0.12,0.7,0.038301,1,0,0
0.14,0.7,0.04395,1,0,0
0.16,0.7,0.042499,1,0,0
0.18,0.7,0.039585,1,0,0
0.2,0.7,0.039422,1,0,0
0.22,0.7,0.038691,1,0,0
0.24,0.7,0.035657,1,0,0
0.26,0.7,0.039829,1,0,0
0.28,0.7,0.032192,1,0,0
0.3,0.7,0.017137,1,0,0
0.32,0.7,0.0024335,1,0,0
0.34,0.7,-0.00052801,1,0,0
0.36,0.7,0.010455,1,0,0
0.38,0.7,0.016066,1,0,0
0.4,0.7,0.036873,1,0,0
0.42,0.7,0.04449,1,0,0
0.44,0.7,0.058389,1,0,0
0.46,0.7,0.078527,1,0,0
0.48,0.7,0.087041,1,0,0
0.5,0.7,0.082203,1,0,0
0.52,0.7,0.08865,1,0,0
0.54,0.7,0.084863,1,0,0
0.56,0.7,0.086337,1,0,0
0.58,0.7,0.090334,1,0,0
0.6,0.7,0.087549,1,0,0
0.62,0.7,0.084213,1,0,0
0.64,0.7,0.086001,1,0,0
0.66,0.7,0.084889,1,0,0
0.68,0.7,0.07632,1,0,0
0.7,0.7,0.058063,1,0,0
0.72,0.7,0.042177,1,0,0
0.74,0.7,0.037453,1,0,0
0.76,0.7,0.038506,1,0,0
0.78,0.7,0.043032,1,0,0
0.8,0.7,0.044714,1,0,0
0.82,0.7,0.031801,1,0,0
0.84,0.7,0.024695,1,0,0
0.86,0.7,0.023681,1,0,0
0.88,0.7,0.022449,1,0,0
0.9,0.7,0.011567,1,0,0
0.92,0.7,0.0072429,1,0,0
0.94,0.7,0.0081896,1,0,0
0.96,0.7,0.01328,1,0,0
0.98,0.7,0.025943,1,0,0
0.02,0.72,0.072931,1,0,0
0.04,0.72,0.058536,1,0,0
0.06,0.72,0.042456,1,0,0
0.08,0.72,0.034014,1,0,0
0.1,0.72,0.032644,1,0,0
0.12,0.72,0.029386,1,0,0
0.14,0.72,0.026726,1,0,0
0.16,0.72,0.033657,1,0,0
0.18,0.72,0.020748,1,0,0
0.2,0.72,0.015736,1,0,0
0.22,0.72,0.031249,1,0,0
0.24,0.72,0.027235,1,0,0
0.26,0.72,0.026013,1,0,0
0.28,0.72,0.020054,1,0,0
0.3,0.72,0.015402,1,0,0
0.32,0.72,0.0091661,1,0,0
0.34,0.72,0.014105,1,0,0
0.36,0.72,0.0056442,1,0,0
0.38,0.72,0.0098699,1,0,0
0.4,0.72,0.020153,1,0,0
0.42,0.72,0.044692,1,0,0
0.44,0.72,0.073852,1,0,0
0.46,0.72,0.097782,1,0,0
0.48,0.72,0.094601,1,0,0
0.5,0.72,0.098606,1,0,0
0.52,0.72,0.09382,1,0,0
0.54,0.72,0.0816,1,0,0
0.56,0.72,0.079025,1,0,0
0.58,0.72,0.075347,1,0,0
0.6,0.72,0.078074,1,0,0
0.62,0.72,0.071996,1,0,0
0.64,0.72,0.088706,1,0,0
0.66,0.72,0.079462,1,0,0
0.68,0.72,0.067088,1,0,0
0.7,0.72,0.061518,1,0,0
0.72,0.72,0.049489,1,0,0
0.74,0.72,0.040794,1,0,0
0.76,0.72,0.04051,1,0,0
0.78,0.72,0.039109,1,0,0
0.8,0.72,0.037938,1,0,0
0.82,0.72,0.025306,1,0,0
0.84,0.72,0.017185,1,0,0
0.86,0.72,0.0065911,1,0,0
0.88,0.72,0.0047747,1,0,0
0.9,0.72,0.0053926,1,0,0
0.92,0.72,0.0035502,1,0,0
0.94,0.72,0.0033819,1,0,0
0.96,0.72,0.014023,1,0,0
0.98,0.72,0.018154,1,0,0
0.02,0.74,0.070551,1,0,0
0.04,0.74,0.064449,1,0,0
0.06,0.74,0.044136,1,0,0
0.08,0.74,0.032165,1,0,0
0.1,0.74,0.031464,1,0,0
0.12,0.74,0.015607,1,0,0
0.14,0.74,0.028584,1,0,0
0.16,0.74,0.020179,1,0,0
0.18,0.74,0.013139,1,0,0
0.2,0.74,0.013401,1,0,0
0.22,0.74,0.022795,1,0,0
0.24,0.74,0.023245,1,0,0
0.26,0.74,0.030496,1,0,0
0.28,0.74,0.02787,1,0,0
0.3,0.74,0.013123,1,0,0
0.32,0.74,0.009552,1,0,0
0.34,0.74,0.021248,1,0,0
0.36,0.74,0.019138,1,0,0
0.38,0.74,0.019559,1,0,0
0.4,0.74,0.037888,1,0,0
0.42,0.74,0.05878,1,0,0
0.44,0.74,0.082372,1,0,0
0.46,0.74,0.10486,1,0,0
0.48,0.74,0.10821,1,0,0
0.5,0.74,0.10653,1,0,0
0.52,0.74,0.11383,1,0,0
0.54,0.74,0.09983,1,0,0
0.56,0.74,0.080263,1,0,0
0.58,0.74,0.082543,1,0,0
0.6,0.74,0.081086,1,0,0
0.62,0.74,0.088395,1,0,0
0.64,0.74,0.090549,1,0,0
0.66,0.74,0.082969,1,0,0
0.68,0.74,0.073101,1,0,0
0.7,0.74,0.061425,1,0,0
0.72,0.74,0.057433,1,0,0
0.74,0.74,0.047558,1,0,0
0.76,0.74,0.051927,1,0,0
0.78,0.74,0.048201,1,0,0
0.8,0.74,0.044368,1,0,0
0.82,0.74,0.022854,1,0,0
0.84,0.74,0.0079644,1,0,0
0.86,0.74,0.0004387,1,0,0
0.88,0.74,0.0089132,1,0,0
0.9,0.74,0.0061412,1,0,0
0.92,0.74,0.0077564,1,0,0
0.94,0.74,0.010478,1,0,0
0.96,0.74,0.018429,1,0,0
0.98,0.74,0.023892,1,0,0
0.02,0.76,0.049138,1,0,0
0.04,0.76,0.052621,1,0,0
0.06,0.76,0.045347,1,0,0
0.08,0.76,0.03605,1,0,0
0.1,0.76,0.032861,1,0,0
0.12,0.76,0.013498,1,0,0
0.14,0.76,0.0011128,1,0,0
0.16,0.76,0.0050212,1,0,0
0.18,0.76,0.0073811,1,0,0
0.2,0.76,0.0075846,1,0,0
0.22,0.76,0.011604,1,0,0
0.24,0.76,0.015051,1,0,0
0.26,0.76,0.017986,1,0,0
0.28,0.76,0.020684,1,0,0
0.3,0.76,0.0059367,1,0,0
0.32,0.76,0.0091402,1,0,0
0.34,0.76,0.022339,1,0,0
0.36,0.76,0.022972,1,0,0
0.38,0.76,0.032769,1,0,0
0.4,0.76,0.047514,1,0,0
0.42,0.76,0.060936,1,0,0
0.44,0.76,0.082403,1,0,0
0.46,0.76,0.092492,1,0,0
0.48,0.76,0.10001,1,0,0
0.5,0.76,0.10786,1,0,0
0.52,0.76,0.11165,1,0,0
0.54,0.76,0.10085,1,0,0
0.56,0.76,0.095354,1,0,0
0.58,0.76,0.089929,1,0,0
0.6,0.76,0.092036,1,0,0
0.62,0.76,0.093904,1,0,0
0.64,0.76,0.090761,1,0,0
0.66,0.76,0.073364,1,0,0
0.68,0.76,0.07112,1,0,0
0.7,0.76,0.069683,1,0,0
0.72,0.76,0.056895,1,0,0
0.74,0.76,0.039496,1,0,0
0.76,0.76,0.042418,1,0,0
0.78,0.76,0.04154,1,0,0
0.8,0.76,0.031055,1,0,0
0.82,0.76,0.01816,1,0,0
0.84,0.76,0.0070104,1,0,0
0.86,0.76,-0.0016356,1,0,0
0.88,0.76,-0.0025496,1,0,0
0.9,0.76,0.0044604,1,0,0
0.92,0.76,0.0027705,1,0,0
0.94,0.76,0.005195,1,0,0
0.96,0.76,0.025239,1,0,0
0.98,0.76,0.034014,1,0,0
0.02,0.78,0.030174,1,0,0
0.04,0.78,0.034341,1,0,0
0.06,0.78,0.040338,1,0,0
0.08,0.78,0.043566,1,0,0
0.1,0.78,0.030504,1,0,0
0.12,0.78,0.017026,1,0,0
0.14,0.78,-0.0016595,1,0,0
0.16,0.78,0.0011071,1,0,0
0.18,0.78,-0.0067234,1,0,0
0.2,0.78,-0.0033192,1,0,0
0.22,0.78,0.00020262,1,0,0
0.24,0.78,0.009898,1,0,0
0.26,0.78,0.019213,1,0,0
0.28,0.78,0.012997,1,0,0
0.3,0.78,-0.00042707,1,0,0
0.32,0.78,0.0051443,1,0,0
0.34,0.78,0.012711,1,0,0
0.36,0.78,0.023968,1,0,0
0.38,0.78,0.034303,1,0,0
0.4,0.78,0.058676,1,0,0
0.42,0.78,0.061974,1,0,0
0.44,0.78,0.068474,1,0,0
0.46,0.78,0.078719,1,0,0
0.48,0.78,0.090745,1,0,0
0.5,0.78,0.10442,1,0,0
0.52,0.78,0.11102,1,0,0
0.54,0.78,0.099743,1,0,0
0.56,0.78,0.092009,1,0,0
0.58,0.78,0.077136,1,0,0
0.6,0.78,0.09118,1,0,0
0.62,0.78,0.095682,1,0,0
0.64,0.78,0.097039,1,0,0
0.66,0.78,0.079356,1,0,0
0.68,0.78,0.075722,1,0,0
0.7,0.78,0.066794,1,0,0
0.72,0.78,0.050185,1,0,0
0.74,0.78,0.037042,1,0,0
0.76,0.78,0.025432,1,0,0
0.78,0.78,0.022508,1,0,0
0.8,0.78,0.018928,1,0,0
0.82,0.78,0.0075177,1,0,0
0.84,0.78,0.0010397,1,0,0
0.86,0.78,0.00026183,1,0,0
0.88,0.78,0.0021389,1,0,0
0.9,0.78,0.0071523,1,0,0
0.92,0.78,-0.0013922,1,0,0
0.94,0.78,0.0023652,1,0,0
0.96,0.78,0.0026691,1,0,0
0.98,0.78,0.027181,1,0,0
0.02,0.8,0.010811,1,0,0
0.04,0.8,0.019774,1,0,0
0.06,0.8,0.031187,1,0,0
0.08,0.8,0.031825,1,0,0
0.1,0.8,0.024224,1,0,0
0.12,0.8,0.009325,1,0,0
0.14,0.8,0.0019951,1,0,0
0.16,0.8,0.001689,1,0,0
0.18,0.8,0.0011603,1,0,0
0.2,0.8,0.0021197,1,0,0
0.22,0.8,0.010192,1,0,0
0.24,0.8,0.014864,1,0,0
0.26,0.8,0.0057766,1,0,0
0.28,0.8,-0.0031148,1,0,0
0.3,0.8,-0.013078,1,0,0
0.32,0.8,0.003089,1,0,0
0.34,0.8,0.013054,1,0,0
0.36,0.8,0.027307,1,0,0
0.38,0.8,0.036126,1,0,0
0.4,0.8,0.05645,1,0,0
0.42,0.8,0.061152,1,0,0
0.44,0.8,0.078804,1,0,0
0.46,0.8,0.069306,1,0,0
0.48,0.8,0.076992,1,0,0
0.5,0.8,0.090122,1,0,0
0.52,0.8,0.10281,1,0,0
0.54,0.8,0.09551,1,0,0
0.56,0.8,0.08875,1,0,0
0.58,0.8,0.080277,1,0,0
0.6,0.8,0.089969,1,0,0
0.62,0.8,0.10193,1,0,0
0.64,0.8,0.091789,1,0,0
0.66,0.8,0.075314,1,0,0
0.68,0.8,0.066389,1,0,0
0.7,0.8,0.059577,1,0,0
0.72,0.8,0.056465,1,0,0
0.74,0.8,0.046682,1,0,0
0.76,0.8,0.026652,1,0,0
0.78,0.8,0.018707,1,0,0
0.8,0.8,0.021652,1,0,0
0.82,0.8,0.011718,1,0,0
0.84,0.8,0.0015661,1,0,0
0.86,0.8,-0.001183,1,0,0
0.88,0.8,-0.0060166,1,0,0
0.9,0.8,-0.005656,1,0,0
0.92,0.8,-0.0040609,1,0,0
0.94,0.8,0.0021536,1,0,0
0.96,0.8,0.0023627,1,0,0
0.98,0.8,0.017069,1,0,0
0.02,0.82,0.012439,1,0,0
0.04,0.82,0.014554,1,0,0
0.06,0.82,0.025022,1,0,0
0.08,0.82,0.024552,1,0,0
0.1,0.82,0.019772,1,0,0
0.12,0.82,0.012819,1,0,0
0.14,0.82,0.0091605,1,0,0
0.16,0.82,0.012153,1,0,0
0.18,0.82,0.013153,1,0,0
0.2,0.82,0.014352,1,0,0
0.22,0.82,0.012582,1,0,0
0.24,0.82,0.020406,1,0,0
0.26,0.82,0.0091156,1,0,0
0.28,0.82,0.0032179,1,0,0
0.3,0.82,-0.003886,1,0,0
0.32,0.82,-0.00048888,1,0,0
0.34,0.82,0.016964,1,0,0
0.36,0.82,0.036362,1,0,0
0.38,0.82,0.054104,1,0,0
0.4,0.82,0.051141,1,0,0
0.42,0.82,0.06187,1,0,0
0.44,0.82,0.074759,1,0,0
0.46,0.82,0.061945,1,0,0
0.48,0.82,0.066872,1,0,0
0.5,0.82,0.082522,1,0,0
0.52,0.82,0.091476,1,0,0
0.54,0.82,0.081157,1,0,0
0.56,0.82,0.080766,1,0,0
0.58,0.82,0.078012,1,0,0
0.6,0.82,0.089664,1,0,0
0.62,0.82,0.099112,1,0,0
0.64,0.82,0.092148,1,0,0
0.66,0.82,0.074249,1,0,0
0.68,0.82,0.067001,1,0,0
0.7,0.82,0.055555,1,0,0
0.72,0.82,0.052621,1,0,0
0.74,0.82,0.050408,1,0,0
0.76,0.82,0.041094,1,0,0
0.78,0.82,0.038405,1,0,0
0.8,0.82,0.033647,1,0,0
0.82,0.82,0.013824,1,0,0
0.84,0.82,-0.0067451,1,0,0
0.86,0.82,0.0030903,1,0,0
0.88,0.82,0.0064374,1,0,0
0.9,0.82,0.0034787,1,0,0
0.92,0.82,0.0028266,1,0,0
0.94,0.82,-0.0033775,1,0,0
0.96,0.82,0.0018327,1,0,0
0.98,0.82,0.0086673,1,0,0
0.02,0.84,0.0079491,1,0,0
0.04,0.84,0.0064754,1,0,0
0.06,0.84,0.022352,1,0,0
0.08,0.84,0.02424,1,0,0
0.1,0.84,0.01822,1,0,0
0.12,0.84,0.01239,1,0,0
0.14,0.84,0.0053189,1,0,0
0.16,0.84,0.0020522,1,0,0
0.18,0.84,0.0080426,1,0,0
0.2,0.84,0.012937,1,0,0
0.22,0.84,0.013413,1,0,0
0.24,0.84,0.011644,1,0,0
0.26,0.84,0.016653,1,0,0
0.28,0.84,0.0089276,1,0,0
0.3,0.84,0.0093581,1,0,0
0.32,0.84,0.017542,1,0,0
0.34,0.84,0.032868,1,0,0
0.36,0.84,0.047189,1,0,0
0.38,0.84,0.0476,1,0,0
0.4,0.84,0.045211,1,0,0
0.42,0.84,0.047891,1,0,0
0.44,0.84,0.052836,1,0,0
0.46,0.84,0.05569,1,0,0
0.48,0.84,0.054072,1,0,0
0.5,0.84,0.064366,1,0,0
0.52,0.84,0.058584,1,0,0
0.54,0.84,0.0605,1,0,0
0.56,0.84,0.065342,1,0,0
0.58,0.84,0.068568,1,0,0
0.6,0.84,0.082548,1,0,0
0.62,0.84,0.091109,1,0,0
0.64,0.84,0.081953,1,0,0
0.66,0.84,0.074252,1,0,0
0.68,0.84,0.074032,1,0,0
0.7,0.84,0.056229,1,0,0
0.72,0.84,0.045734,1,0,0
0.74,0.84,0.045045,1,0,0
0.76,0.84,0.036741,1,0,0
0.78,0.84,0.032788,1,0,0
0.8,0.84,0.038096,1,0,0
0.82,0.84,0.010333,1,0,0
0.84,0.84,0.002152,1,0,0
0.86,0.84,0.0082377,1,0,0
0.88,0.84,0.020786,1,0,0
0.9,0.84,0.012807,1,0,0
0.92,0.84,0.0058921,1,0,0
0.94,0.84,-0.0029325,1,0,0
0.96,0.84,-0.010798,1,0,0
0.98,0.84,0.00095984,1,0,0
0.02,0.86,0.009144,1,0,0
0.04,0.86,0.010734,1,0,0
0.06,0.86,0.015125,1,0,0
0.08,0.86,0.0088776,1,0,0
0.1,0.86,0.017403,1,0,0
0.12,0.86,0.015687,1,0,0
0.14,0.86,0.0036249,1,0,0
0.16,0.86,-0.0042482,1,0,0
0.18,0.86,0.0032455,1,0,0
0.2,0.86,6.888e-05,1,0,0
0.22,0.86,0.012692,1,0,0
0.24,0.86,0.026645,1,0,0
0.26,0.86,0.03107,1,0,0
0.28,0.86,0.019582,1,0,0
0.3,0.86,0.019476,1,0,0
0.32,0.86,0.032459,1,0,0
0.34,0.86,0.04388,1,0,0
0.36,0.86,0.050632,1,0,0
0.38,0.86,0.050627,1,0,0
0.4,0.86,0.042843,1,0,0
0.42,0.86,0.033573,1,0,0
0.44,0.86,0.03287,1,0,0
0.46,0.86,0.029409,1,0,0
0.48,0.86,0.033651,1,0,0
0.5,0.86,0.045246,1,0,0
0.52,0.86,0.040336,1,0,0
0.54,0.86,0.050248,1,0,0
0.56,0.86,0.057837,1,0,0
0.58,0.86,0.057182,1,0,0
0.6,0.86,0.061955,1,0,0
0.62,0.86,0.078505,1,0,0
0.64,0.86,0.081034,1,0,0
0.66,0.86,0.068356,1,0,0
0.68,0.86,0.061992,1,0,0
0.7,0.86,0.054269,1,0,0
0.72,0.86,0.03656,1,0,0
0.74,0.86,0.036406,1,0,0
0.76,0.86,0.043716,1,0,0
0.78,0.86,0.036912,1,0,0
0.8,0.86,0.03128,1,0,0
0.82,0.86,0.011893,1,0,0
0.84,0.86,0.0092489,1,0,0
0.86,0.86,0.0098982,1,0,0
0.88,0.86,0.018291,1,0,0
0.9,0.86,0.02293,1,0,0
0.92,0.86,0.020606,1,0,0
0.94,0.86,-0.0075181,1,0,0
0.96,0.86,-0.012966,1,0,0
0.98,0.86,-0.0031829,1,0,0
0.02,0.88,-0.0030906,1,0,0
0.04,0.88,0.0011487,1,0,0
0.06,0.88,-0.0014875,1,0,0
0.08,0.88,0.0028596,1,0,0
0.1,0.88,0.010923,1,0,0
0.12,0.88,0.0033048,1,0,0
0.14,0.88,-0.0001823,1,0,0
0.16,0.88,-0.0083049,1,0,0
0.18,0.88,-0.0053107,1,0,0
0.2,0.88,0.011953,1,0,0
0.22,0.88,0.018042,1,0,0
0.24,0.88,0.034585,1,0,0
0.26,0.88,0.035295,1,0,0
0.28,0.88,0.027811,1,0,0
0.3,0.88,0.022938,1,0,0
0.32,0.88,0.032514,1,0,0
0.34,0.88,0.0485,1,0,0
0.36,0.88,0.043352,1,0,0
0.38,0.88,0.03886,1,0,0
0.4,0.88,0.028036,1,0,0
0.42,0.88,0.019101,1,0,0
0.44,0.88,0.011637,1,0,0
0.46,0.88,0.013315,1,0,0
0.48,0.88,0.01508,1,0,0
0.5,0.88,0.011464,1,0,0
0.52,0.88,0.026463,1,0,0
0.54,0.88,0.03523,1,0,0
0.56,0.88,0.04341,1,0,0
0.58,0.88,0.042813,1,0,0
0.6,0.88,0.044859,1,0,0
0.62,0.88,0.055155,1,0,0
0.64,0.88,0.057445,1,0,0
0.66,0.88,0.048468,1,0,0
0.68,0.88,0.050267,1,0,0
0.7,0.88,0.037053,1,0,0
0.72,0.88,0.030562,1,0,0
0.74,0.88,0.029841,1,0,0
0.76,0.88,0.029825,1,0,0
0.78,0.88,0.027522,1,0,0
0.8,0.88,0.020932,1,0,0
0.82,0.88,0.013954,1,0,0
0.84,0.88,0.0049257,1,0,0
0.86,0.88,0.0081783,1,0,0
0.88,0.88,0.005064,1,0,0
0.9,0.88,0.0035022,1,0,0
0.92,0.88,0.0091776,1,0,0
0.94,0.88,0.00044526,1,0,0
0.96,0.88,-0.0065154,1,0,0
0.98,0.88,-0.007374,1,0,0
0.02,0.9,-0.011697,1,0,0
0.04,0.9,-0.016693,1,0,0
0.06,0.9,-0.01698,1,0,0
0.08,0.9,0.00030963,1,0,0
0.1,0.9,0.010888,1,0,0
0.12,0.9,0.0082466,1,0,0
0.14,0.9,0.00064989,1,0,0
0.16,0.9,0.00083816,1,0,0
0.18,0.9,0.0045699,1,0,0
0.2,0.9,0.01412,1,0,0
0.22,0.9,0.026483,1,0,0
0.24,0.9,0.034443,1,0,0
0.26,0.9,0.043528,1,0,0
0.28,0.9,0.055158,1,0,0
0.3,0.9,0.043645,1,0,0
0.32,0.9,0.038935,1,0,0
0.34,0.9,0.03729,1,0,0
0.36,0.9,0.041848,1,0,0
0.38,0.9,0.032936,1,0,0
0.4,0.9,0.022586,1,0,0
0.42,0.9,0.00024247,1,0,0
0.44,0.9,0.0053796,1,0,0
0.46,0.9,0.003499,1,0,0
0.48,0.9,0.010292,1,0,0
0.5,0.9,0.018376,1,0,0
0.52,0.9,0.027523,1,0,0
0.54,0.9,0.023904,1,0,0
0.56,0.9,0.024467,1,0,0
0.58,0.9,0.02926,1,0,0
0.6,0.9,0.034079,1,0,0
0.62,0.9,0.036691,1,0,0
0.64,0.9,0.051211,1,0,0
0.66,0.9,0.050875,1,0,0
0.68,0.9,0.043702,1,0,0
0.7,0.9,0.036362,1,0,0
0.72,0.9,0.022678,1,0,0
0.74,0.9,0.019519,1,0,0
0.76,0.9,0.023261,1,0,0
0.78,0.9,0.018317,1,0,0
0.8,0.9,0.01665,1,0,0
0.82,0.9,0.0027437,1,0,0
0.84,0.9,-0.0014094,1,0,0
0.86,0.9,0.0058248,1,0,0
0.88,0.9,0.0073243,1,0,0
0.9,0.9,0.0055926,1,0,0
0.92,0.9,0.001269,1,0,0
0.94,0.9,0.0034421,1,0,0
0.96,0.9,-0.0023479,1,0,0
0.98,0.9,-0.0026861,1,0,0
0.02,0.92,-0.011907,1,0,0
0.04,0.92,-0.018997,1,0,0
0.06,0.92,-0.018141,1,0,0
0.08,0.92,0.0047262,1,0,0
0.1,0.92,0.013071,1,0,0
0.12,0.92,0.0090328,1,0,0
0.14,0.92,0.0097485,1,0,0
0.16,0.92,0.022148,1,0,0
0.18,0.92,0.021871,1,0,0
0.2,0.92,0.039204,1,0,0
0.22,0.92,0.041537,1,0,0
0.24,0.92,0.0411,1,0,0
0.26,0.92,0.049964,1,0,0
0.28,0.92,0.068043,1,0,0
0.3,0.92,0.068546,1,0,0
0.32,0.92,0.058796,1,0,0
0.34,0.92,0.047168,1,0,0
0.36,0.92,0.049864,1,0,0
0.38,0.92,0.030804,1,0,0
0.4,0.92,0.022247,1,0,0
0.42,0.92,-3.2801e-05,1,0,0
0.44,0.92,0.001072,1,0,0
0.46,0.92,0.0077284,1,0,0
0.48,0.92,0.013442,1,0,0
0.5,0.92,0.019968,1,0,0
0.52,0.92,0.030734,1,0,0
0.54,0.92,0.015889,1,0,0
0.56,0.92,0.024025,1,0,0
0.58,0.92,0.035488,1,0,0
0.6,0.92,0.040697,1,0,0
0.62,0.92,0.035361,1,0,0
0.64,0.92,0.049473,1,0,0
0.66,0.92,0.044226,1,0,0
0.68,0.92,0.032931,1,0,0
0.7,0.92,0.02568,1,0,0
0.72,0.92,0.018157,1,0,0
0.74,0.92,0.02141,1,0,0
0.76,0.92,0.016663,1,0,0
0.78,0.92,0.017651,1,0,0
0.8,0.92,0.01342,1,0,0
0.82,0.92,0.0068116,1,0,0
0.84,0.92,0.00097248,1,0,0
0.86,0.92,0.00010002,1,0,0
0.88,0.92,0.0050475,1,0,0
0.9,0.92,0.0062927,1,0,0
0.92,0.92,0.0054648,1,0,0
0.94,0.92,0.021023,1,0,0
0.96,0.92,0.016487,1,0,0
0.98,0.92,0.0084381,1,0,0
0.02,0.94,-0.0011715,1,0,0
0.04,0.94,-0.0071603,1,0,0
0.06,0.94,-0.016704,1,0,0
0.08,0.94,-0.0072982,1,0,0
0.1,0.94,0.0040635,1,0,0
0.12,0.94,0.0089613,1,0,0
0.14,0.94,0.01844,1,0,0
0.16,0.94,0.03077,1,0,0
0.18,0.94,0.033171,1,0,0
0.2,0.94,0.044797,1,0,0
0.22,0.94,0.048597,1,0,0
0.24,0.94,0.051287,1,0,0
0.26,0.94,0.059321,1,0,0
0.28,0.94,0.082485,1,0,0
0.3,0.94,0.075218,1,0,0
0.32,0.94,0.072225,1,0,0
0.34,0.94,0.06964,1,0,0
0.36,0.94,0.047099,1,0,0
0.38,0.94,0.038517,1,0,0
0.4,0.94,0.031638,1,0,0
0.42,0.94,0.009997,1,0,0
0.44,0.94,0.002633,1,0,0
0.46,0.94,0.0043604,1,0,0
0.48,0.94,0.013662,1,0,0
0.5,0.94,0.015583,1,0,0
0.52,0.94,0.024626,1,0,0
0.54,0.94,0.02278,1,0,0
0.56,0.94,0.023206,1,0,0
0.58,0.94,0.030659,1,0,0
0.6,0.94,0.042275,1,0,0
0.62,0.94,0.048802,1,0,0
0.64,0.94,0.056615,1,0,0
0.66,0.94,0.038384,1,0,0
0.68,0.94,0.019609,1,0,0
0.7,0.94,0.0051292,1,0,0
0.72,0.94,0.0084711,1,0,0
0.74,0.94,0.011886,1,0,0
0.76,0.94,0.018934,1,0,0
0.78,0.94,0.011234,1,0,0
0.8,0.94,0.0085663,1,0,0
0.82,0.94,0.0092941,1,0,0
0.84,0.94,0.0045376,1,0,0
0.86,0.94,0.0027809,1,0,0
0.88,0.94,-0.0011152,1,0,0
0.9,0.94,0.009491,1,0,0
0.92,0.94,0.020698,1,0,0
0.94,0.94,0.026037,1,0,0
0.96,0.94,0.021015,1,0,0
0.98,0.94,0.0056495,1,0,0
0.02,0.96,-0.0072667,1,0,0
0.04,0.96,-0.0057819,1,0,0
0.06,0.96,-0.01937,1,0,0
0.08,0.96,-0.015562,1,0,0
0.1,0.96,0.0090627,1,0,0
0.12,0.96,0.0063644,1,0,0
0.14,0.96,0.012937,1,0,0
0.16,0.96,0.022217,1,0,0
0.18,0.96,0.03837,1,0,0
0.2,0.96,0.039854,1,0,0
0.22,0.96,0.040233,1,0,0
0.24,0.96,0.048036,1,0,0
0.26,0.96,0.066785,1,0,0
0.28,0.96,0.08097,1,0,0
0.3,0.96,0.084764,1,0,0
0.32,0.96,0.083602,1,0,0
0.34,0.96,0.076669,1,0,0
0.36,0.96,0.05846,1,0,0
0.38,0.96,0.042162,1,0,0
0.4,0.96,0.032966,1,0,0
0.42,0.96,0.015768,1,0,0
0.44,0.96,0.0068826,1,0,0
0.46,0.96,0.010711,1,0,0
0.48,0.96,0.013156,1,0,0
0.5,0.96,0.010223,1,0,0
0.52,0.96,0.012356,1,0,0
0.54,0.96,0.015603,1,0,0
0.56,0.96,0.020024,1,0,0
0.58,0.96,0.025564,1,0,0
0.6,0.96,0.029589,1,0,0
0.62,0.96,0.044684,1,0,0
0.64,0.96,0.045587,1,0,0
0.66,0.96,0.025418,1,0,0
0.68,0.96,0.017751,1,0,0
0.7,0.96,0.0096197,1,0,0
0.72,0.96,0.0008266,1,0,0
0.74,0.96,-0.0066606,1,0,0
0.76,0.96,0.0062975,1,0,0
0.78,0.96,0.0027113,1,0,0
0.8,0.96,-0.00059275,1,0,0
0.82,0.96,0.0027338,1,0,0
0.84,0.96,0.017417,1,0,0
0.86,0.96,0.0063282,1,0,0
0.88,0.96,0.00079561,1,0,0
0.9,0.96,0.0072118,1,0,0
0.92,0.96,0.014881,1,0,0
0.94,0.96,0.014626,1,0,0
0.96,0.96,0.011656,1,0,0
0.98,0.96,0.0042961,1,0,0
0.02,0.98,0.00071298,1,0,0
0.04,0.98,-0.018171,1,0,0
0.06,0.98,-0.018447,1,0,0
0.08,0.98,-0.014182,1,0,0
0.1,0.98,0.0056161,1,0,0
0.12,0.98,0.013898,1,0,0
0.14,0.98,0.01505,1,0,0
0.16,0.98,0.024547,1,0,0
0.18,0.98,0.034683,1,0,0
0.2,0.98,0.039022,1,0,0
0.22,0.98,0.048011,1,0,0
0.24,0.98,0.050103,1,0,0
0.26,0.98,0.076253,1,0,0
0.28,0.98,0.088174,1,0,0
0.3,0.98,0.083615,1,0,0
0.32,0.98,0.076162,1,0,0
0.34,0.98,0.078259,1,0,0
0.36,0.98,0.065962,1,0,0
0.38,0.98,0.059441,1,0,0
0.4,0.98,0.049744,1,0,0
0.42,0.98,0.029266,1,0,0
0.44,0.98,0.015708,1,0,0
0.46,0.98,0.015947,1,0,0
0.48,0.98,0.01175,1,0,0
0.5,0.98,0.014353,1,0,0
0.52,0.98,0.01341,1,0,0
0.54,0.98,0.017165,1,0,0
0.56,0.98,0.020483,1,0,0
0.58,0.98,0.012394,1,0,0
0.6,0.98,0.02509,1,0,0
0.62,0.98,0.021862,1,0,0
0.64,0.98,0.022075,1,0,0
0.66,0.98,0.018804,1,0,0
0.68,0.98,0.018523,1,0,0
0.7,0.98,0.009644,1,0,0
0.72,0.98,-0.0008267,1,0,0
0.74,0.98,0.0027793,1,0,0
0.76,0.98,0.0035392,1,0,0
0.78,0.98,0.011825,1,0,0
0.8,0.98,0.01513,1,0,0
0.82,0.98,0.0040278,1,0,0
0.84,0.98,0.0094223,1,0,0
0.86,0.98,0.010168,1,0,0
0.88,0.98,0.0078725,1,0,0
0.9,0.98,0.0021145,1,0,0
0.92,0.98,0.0023626,1,0,0
0.94,0.98,0.00043236,1,0,0
0.96,0.98,0.0015402,1,0,0
0.98,0.98,-0.0006284,1,0,0
0,0,0.037574,-1,0,0
0.02,0,0.037574,-1,0,0
0.04,0,0.028599,-1,0,0
0.06,0,0.010585,-1,0,0
0.08,0,0.00029769,-1,0,0
0.1,0,-0.0012686,-1,0,0
0.12,0,-0.010583,-1,0,0
0.14,0,-0.0073352,-1,0,0
0.16,0,0.00017778,-1,0,0
0.18,0,0.0070428,-1,0,0
0.2,0,0.023891,-1,0,0
0.22,0,0.049867,-1,0,0
0.24,0,0.056138,-1,0,0
0.26,0,0.05937,-1,0,0
0.28,0,0.053282,-1,0,0
0.3,0,0.039387,-1,0,0
0.32,0,0.040006,-1,0,0
0.34,0,0.050563,-1,0,0
0.36,0,0.059533,-1,0,0
0.38,0,0.056588,-1,0,0
0.4,0,0.059716,-1,0,0
0.42,0,0.05718,-1,0,0
0.44,0,0.068055,-1,0,0
0.46,0,0.062491,-1,0,0
0.48,0,0.051023,-1,0,0
0.5,0,0.053619,-1,0,0
0.52,0,0.056185,-1,0,0
0.54,0,0.036889,-1,0,0
0.56,0,0.027628,-1,0,0
0.58,0,0.028255,-1,0,0
0.6,0,0.033606,-1,0,0
0.62,0,0.044376,-1,0,0
0.64,0,0.047823,-1,0,0
0.66,0,0.033097,-1,0,0
0.68,0,0.014956,-1,0,0
0.7,0,0.0002816,-1,0,0
0.72,0,-0.0064002,-1,0,0
0.74,0,-0.009529,-1,0,0
0.76,0,0.00062769,-1,0,0
0.78,0,0.01168,-1,0,0
0.8,0,0.021626,-1,0,0
0.82,0,0.02008,-1,0,0
0.84,0,0.022868,-1,0,0
0.86,0,0.024128,-1,0,0
0.88,0,0.036524,-1,0,0
0.9,0,0.037299,-1,0,0
0.92,0,0.025229,-1,0,0
0.94,0,0.023627,-1,0,0
0.96,0,0.020122,-1,0,0
0.98,0,0.020638,-1,0,0
1,0,0.030824,-1,0,0
1,0.02,0.022319,-1,0,0
1,0.04,0.017605,-1,0,0
1,0.06,0.0076514,-1,0,0
1,0.08,0.0058825,-1,0,0
1,0.1,-0.0021433,-1,0,0
1,0.12,0.0020118,-1,0,0
1,0.14,-0.010906,-1,0,0
1,0.16,-0.019209,-1,0,0
1,0.18,-0.023488,-1,0,0
1,0.2,-0.018387,-1,0,0
1,0.22,-0.010533,-1,0,0
1,0.24,0.0027317,-1,0,0
1,0.26,0.017015,-1,0,0
1,0.28,0.015364,-1,0,0
1,0.3,0.021178,-1,0,0
1,0.32,0.029443,-1,0,0
1,0.34,0.051916,-1,0,0
1,0.36,0.056894,-1,0,0
1,0.38,0.057638,-1,0,0
1,0.4,0.061542,-1,0,0
1,0.42,0.047036,-1,0,0
1,0.44,0.034413,-1,0,0
1,0.46,0.023354,-1,0,0
1,0.48,0.000385,-1,0,0
1,0.5,-0.011982,-1,0,0
1,0.52,-0.018545,-1,0,0
1,0.54,-0.0088609,-1,0,0
1,0.56,0.00019305,-1,0,0
1,0.58,-0.0013173,-1,0,0
1,0.6,-0.0081831,-1,0,0
1,0.62,-0.0031899,-1,0,0
1,0.64,0.002219,-1,0,0
1,0.66,0.0098034,-1,0,0
1,0.68,0.0199,-1,0,0
1,0.7,0.033564,-1,0,0
1,0.72,0.027007,-1,0,0
1,0.74,0.036138,-1,0,0
1,0.76,0.034743,-1,0,0
1,0.78,0.036213,-1,0,0
1,0.8,0.029494,-1,0,0
1,0.82,0.025625,-1,0,0
1,0.84,0.014107,-1,0,0
1,0.86,0.0059856,-1,0,0
1,0.88,0.0016542,-1,0,0
1,0.9,-0.0072194,-1,0,0
1,0.92,0.0003129,-1,0,0
1,0.94,-0.0011732,-1,0,0
1,0.96,-0.0089139,-1,0,0
1,0.98,0.0017291,-1,0,0
1,1,-0.0072472,-1,0,0
0.98,1,-0.0039095,-1,0,0
0.96,1,-0.011029,-1,0,0
0.94,1,-0.016935,-1,0,0
0.92,1,-0.014956,-1,0,0
0.9,1,-0.0085849,-1,0,0
0.88,1,0.00041204,-1,0,0
0.86,1,0.0046496,-1,0,0
0.84,1,0.0060397,-1,0,0
0.82,1,0.012138,-1,0,0
0.8,1,0.023221,-1,0,0
0.78,1,0.013403,-1,0,0
0.76,1,0.0085124,-1,0,0
0.74,1,0.0084975,-1,0,0
0.72,1,0.010471,-1,0,0
0.7,1,0.0064192,-1,0,0
0.68,1,0.011466,-1,0,0
0.66,1,0.0048795,-1,0,0
0.64,1,0.00088259,-1,0,0
0.62,1,-0.00050436,-1,0,0
0.6,1,0.0068352,-1,0,0
0.58,1,0.016045,-1,0,0
0.56,1,0.017776,-1,0,0
0.54,1,0.011506,-1,0,0
0.52,1,0.011802,-1,0,0
0.5,1,0.011219,-1,0,0
0.48,1,0.0099337,-1,0,0
0.46,1,0.018899,-1,0,0
0.44,1,0.035563,-1,0,0
0.42,1,0.038866,-1,0,0
0.4,1,0.048214,-1,0,0
0.38,1,0.062225,-1,0,0
0.36,1,0.067186,-1,0,0
0.34,1,0.065725,-1,0,0
0.32,1,0.06487,-1,0,0
0.3,1,0.07425,-1,0,0
0.28,1,0.074626,-1,0,0
0.26,1,0.072894,-1,0,0
0.24,1,0.066073,-1,0,0
0.22,1,0.053969,-1,0,0
0.2,1,0.034396,-1,0,0
0.18,1,0.026904,-1,0,0
0.16,1,0.01743,-1,0,0
0.14,1,0.010561,-1,0,0
0.12,1,0.0011362,-1,0,0
0.1,1,-0.0037248,-1,0,0
0.08,1,-0.015076,-1,0,0
0.06,1,-0.017534,-1,0,0
0.04,1,-0.014366,-1,0,0
0.02,1,-0.0070244,-1,0,0
0,1,0.008446,-1,0,0
0,0.98,0.0067859,-1,0,0
0,0.96,-0.0017447,-1,0,0
0,0.94,0.0044219,-1,0,0
0,0.92,-0.0060886,-1,0,0
0,0.9,-0.0079253,-1,0,0
0,0.88,-0.0032942,-1,0,0
0,0.86,0.0059091,-1,0,0
0,0.84,0.016142,-1,0,0
0,0.82,0.022313,-1,0,0
0,0.8,0.021839,-1,0,0
0,0.78,0.034589,-1,0,0
0,0.76,0.050773,-1,0,0
0,0.74,0.066557,-1,0,0
0,0.72,0.060689,-1,0,0
0,0.7,0.076343,-1,0,0
0,0.68,0.071311,-1,0,0
0,0.66,0.055494,-1,0,0
0,0.64,0.050943,-1,0,0
0,0.62,0.048525,-1,0,0
0,0.6,0.033865,-1,0,0
0,0.58,0.024754,-1,0,0
0,0.56,0.0054396,-1,0,0
0,0.54,-0.0044008,-1,0,0
0,0.52,-0.0085154,-1,0,0
0,0.5,0.0030297,-1,0,0
0,0.48,0.0019152,-1,0,0
0,0.46,0.0047489,-1,0,0
0,0.44,0.0091653,-1,0,0
0,0.42,0.022029,-1,0,0
0,0.4,0.022151,-1,0,0
0,0.38,0.009562,-1,0,0
0,0.36,0.0047664,-1,0,0
0,0.34,0.024189,-1,0,0
0,0.32,0.033745,-1,0,0
0,0.3,0.02782,-1,0,0
0,0.28,0.022537,-1,0,0
0,0.26,0.017313,-1,0,0
0,0.24,0.014917,-1,0,0
0,0.22,0.027005,-1,0,0
0,0.2,0.030364,-1,0,0
0,0.18,0.028769,-1,0,0
0,0.16,0.039532,-1,0,0
0,0.14,0.0371,-1,0,0
0,0.12,0.0491,-1,0,0
0,0.1,0.052931,-1,0,0
0,0.08,0.068209,-1,0,0
0,0.06,0.075506,-1,0,0
0,0.04,0.079359,-1,0,0
0,0.02,0.063837,-1,0,0
