0.02,0.02,-0.026177,1,0,0
0.04,0.02,-0.019736,1,0,0
0.06,0.02,-0.0059972,1,0,0
0.08,0.02,-0.017003,1,0,0
0.1,0.02,-0.033379,1,0,0
0.12,0.02,-0.036618,1,0,0
0.14,0.02,-0.045827,1,0,0
0.16,0.02,-0.06577,1,0,0
0.18,0.02,-0.053776,1,0,0
0.2,0.02,-0.051374,1,0,0
0.22,0.02,-0.046266,1,0,0
0.24,0.02,-0.044446,1,0,0
0.26,0.02,-0.04478,1,0,0
0.28,0.02,-0.049867,1,0,0
0.3,0.02,-0.029042,1,0,0
0.32,0.02,-0.03109,1,0,0
0.34,0.02,-0.031068,1,0,0
0.36,0.02,-0.041946,1,0,0
0.38,0.02,-0.036542,1,0,0
0.4,0.02,-0.025021,1,0,0
0.42,0.02,-0.032031,1,0,0
0.44,0.02,-0.028257,1,0,0
0.46,0.02,-0.016823,1,0,0
0.48,0.02,0.0015069,1,0,0
0.5,0.02,-0.0058204,1,0,0
0.52,0.02,-0.017536,1,0,0
0.54,0.02,-0.03873,1,0,0
0.56,0.02,-0.034414,1,0,0
0.58,0.02,-0.0031857,1,0,0
0.6,0.02,0.00070828,1,0,0
0.62,0.02,-0.014304,1,0,0
0.64,0.02,-0.014491,1,0,0
0.66,0.02,-0.016268,1,0,0
0.68,0.02,-0.025167,1,0,0
0.7,0.02,-0.020995,1,0,0
0.72,0.02,-0.033062,1,0,0
0.74,0.02,-0.042827,1,0,0
0.76,0.02,-0.023301,1,0,0
0.78,0.02,-0.023919,1,0,0
0.8,0.02,-0.033057,1,0,0
0.82,0.02,-0.030847,1,0,0
0.84,0.02,-0.022533,1,0,0
0.86,0.02,0.00032387,1,0,0
0.88,0.02,0.013784,1,0,0
0.9,0.02,-0.0026821,1,0,0
0.92,0.02,0.0082581,1,0,0
0.94,0.02,-0.010178,1,0,0
0.96,0.02,-0.010996,1,0,0
0.98,0.02,-0.010184,1,0,0
0.02,0.04,-0.032489,1,0,0
0.04,0.04,-0.023284,1,0,0
0.06,0.04,-0.024254,1,0,0
0.08,0.04,-0.025884,1,0,0
0.1,0.04,-0.029843,1,0,0
0.12,0.04,-0.046167,1,0,0
0.14,0.04,-0.04501,1,0,0
0.16,0.04,-0.037233,1,0,0
0.18,0.04,-0.055857,1,0,0
0.2,0.04,-0.05398,1,0,0
0.22,0.04,-0.039883,1,0,0
0.24,0.04,-0.034553,1,0,0
0.26,0.04,-0.035112,1,0,0
0.28,0.04,-0.0333,1,0,0
0.3,0.04,-0.019137,1,0,0
0.32,0.04,-0.019217,1,0,0
0.34,0.04,-0.019846,1,0,0
0.36,0.04,-0.02394,1,0,0
0.38,0.04,-0.028491,1,0,0
0.4,0.04,-0.033531,1,0,0
0.42,0.04,-0.021734,1,0,0
0.44,0.04,-0.024677,1,0,0
0.46,0.04,0.0034702,1,0,0
0.48,0.04,0.002537,1,0,0
0.5,0.04,-0.0026647,1,0,0
0.52,0.04,-0.01525,1,0,0
0.54,0.04,-0.021199,1,0,0
0.56,0.04,-0.02611,1,0,0
0.58,0.04,0.012568,1,0,0
0.6,0.04,0.017578,1,0,0
0.62,0.04,0.0029633,1,0,0
0.64,0.04,-0.019309,1,0,0
0.66,0.04,-0.015981,1,0,0
0.68,0.04,-0.0095516,1,0,0
0.7,0.04,-0.012067,1,0,0
0.72,0.04,-0.013548,1,0,0
0.74,0.04,-0.0021798,1,0,0
0.76,0.04,0.010991,1,0,0
0.78,0.04,-0.0022877,1,0,0
0.8,0.04,-0.022732,1,0,0
0.82,0.04,-0.017871,1,0,0
0.84,0.04,-0.017733,1,0,0
0.86,0.04,-0.0094192,1,0,0
0.88,0.04,0.019164,1,0,0
0.9,0.04,0.019369,1,0,0
0.92,0.04,0.0032529,1,0,0
0.94,0.04,0.0090386,1,0,0
0.96,0.04,0.0077281,1,0,0
0.98,0.04,-0.020673,1,0,0
0.02,0.06,-0.034624,1,0,0
0.04,0.06,-0.030669,1,0,0
0.06,0.06,-0.032426,1,0,0
0.08,0.06,-0.03172,1,0,0
0.1,0.06,-0.043823,1,0,0
0.12,0.06,-0.042691,1,0,0
0.14,0.06,-0.051754,1,0,0
0.16,0.06,-0.047552,1,0,0
0.18,0.06,-0.046157,1,0,0
0.2,0.06,-0.056936,1,0,0
0.22,0.06,-0.034859,1,0,0
0.24,0.06,-0.025626,1,0,0
0.26,0.06,-0.032693,1,0,0
0.28,0.06,-0.038526,1,0,0
0.3,0.06,-0.034075,1,0,0
0.32,0.06,-0.02426,1,0,0
0.34,0.06,-0.017286,1,0,0
0.36,0.06,-0.021046,1,0,0
0.38,0.06,-0.027189,1,0,0
0.4,0.06,-0.026434,1,0,0
0.42,0.06,-0.011205,1,0,0
0.44,0.06,-0.014696,1,0,0
0.46,0.06,0.013695,1,0,0
0.48,0.06,-0.0039866,1,0,0
0.5,0.06,0.000316,1,0,0
0.52,0.06,-0.004494,1,0,0
0.54,0.06,-0.013395,1,0,0
0.56,0.06,-0.020264,1,0,0
0.58,0.06,0.011008,1,0,0
0.6,0.06,0.023684,1,0,0
0.62,0.06,0.013403,1,0,0
0.64,0.06,-0.0045937,1,0,0
0.66,0.06,0.0020459,1,0,0
0.68,0.06,-0.011965,1,0,0
0.7,0.06,0.0089623,1,0,0
0.72,0.06,0.0072921,1,0,0
0.74,0.06,0.018408,1,0,0
0.76,0.06,0.031448,1,0,0
0.78,0.06,0.014337,1,0,0
0.8,0.06,-0.01275,1,0,0
0.82,0.06,-0.016164,1,0,0
0.84,0.06,-0.015434,1,0,0
0.86,0.06,-0.002675,1,0,0
0.88,0.06,0.0029793,1,0,0
0.9,0.06,0.014893,1,0,0
0.92,0.06,0.012728,1,0,0
0.94,0.06,0.0121,1,0,0
0.96,0.06,0.0061754,1,0,0
0.98,0.06,-0.019708,1,0,0
0.02,0.08,-0.049246,1,0,0
0.04,0.08,-0.028845,1,0,0
0.06,0.08,-0.020594,1,0,0
0.08,0.08,-0.020765,1,0,0
0.1,0.08,-0.029282,1,0,0
0.12,0.08,-0.05333,1,0,0
0.14,0.08,-0.072634,1,0,0
0.16,0.08,-0.064312,1,0,0
0.18,0.08,-0.057677,1,0,0
0.2,0.08,-0.051284,1,0,0
0.22,0.08,-0.027839,1,0,0
0.24,0.08,-0.0284,1,0,0
0.26,0.08,-0.024684,1,0,0
0.28,0.08,-0.032761,1,0,0
0.3,0.08,-0.029492,1,0,0
0.32,0.08,-0.031171,1,0,0
0.34,0.08,-0.022968,1,0,0
0.36,0.08,-0.034309,1,0,0
0.38,0.08,-0.031461,1,0,0
0.4,0.08,-0.024039,1,0,0
0.42,0.08,-0.018014,1,0,0
0.44,0.08,-0.014761,1,0,0
0.46,0.08,0.0035925,1,0,0
0.48,0.08,0.014543,1,0,0
0.5,0.08,0.0084742,1,0,0
0.52,0.08,-0.0024955,1,0,0
0.54,0.08,-0.01073,1,0,0
0.56,0.08,-0.0072122,1,0,0
0.58,0.08,0.020245,1,0,0
0.6,0.08,0.027341,1,0,0
0.62,0.08,0.028711,1,0,0
0.64,0.08,0.013709,1,0,0
0.66,0.08,0.017752,1,0,0
0.68,0.08,0.0034601,1,0,0
0.7,0.08,0.015809,1,0,0
0.72,0.08,0.0075123,1,0,0
0.74,0.08,0.0044548,1,0,0
0.76,0.08,0.010004,1,0,0
0.78,0.08,0.017819,1,0,0
0.8,0.08,-0.007657,1,0,0
0.82,0.08,-0.010465,1,0,0
0.84,0.08,0.0029314,1,0,0
0.86,0.08,0.0078127,1,0,0
0.88,0.08,0.0213,1,0,0
0.9,0.08,0.014242,1,0,0
0.92,0.08,0.011779,1,0,0
0.94,0.08,0.0033698,1,0,0
0.96,0.08,0.0037326,1,0,0
0.98,0.08,-0.010455,1,0,0
0.02,0.1,-0.034995,1,0,0
0.04,0.1,-0.029804,1,0,0
0.06,0.1,-0.0060504,1,0,0
0.08,0.1,-0.01767,1,0,0
0.1,0.1,-0.032686,1,0,0
0.12,0.1,-0.055884,1,0,0
0.14,0.1,-0.074925,1,0,0
0.16,0.1,-0.074933,1,0,0
0.18,0.1,-0.068373,1,0,0
0.2,0.1,-0.049499,1,0,0
0.22,0.1,-0.039138,1,0,0
0.24,0.1,-0.028856,1,0,0
0.26,0.1,-0.03931,1,0,0
0.28,0.1,-0.032393,1,0,0
0.3,0.1,-0.03402,1,0,0
0.32,0.1,-0.035857,1,0,0
0.34,0.1,-0.024505,1,0,0
0.36,0.1,-0.03525,1,0,0
0.38,0.1,-0.038696,1,0,0
0.4,0.1,-0.0286,1,0,0
0.42,0.1,-0.01152,1,0,0
0.44,0.1,-0.017835,1,0,0
0.46,0.1,-0.00045054,1,0,0
0.48,0.1,0.010314,1,0,0
0.5,0.1,0.022033,1,0,0
0.52,0.1,0.01516,1,0,0
0.54,0.1,0.019198,1,0,0
0.56,0.1,0.019896,1,0,0
0.58,0.1,0.032121,1,0,0
0.6,0.1,0.0347,1,0,0
0.62,0.1,0.036573,1,0,0
0.64,0.1,0.040212,1,0,0
0.66,0.1,0.019045,1,0,0
0.68,0.1,0.01401,1,0,0
0.7,0.1,0.0028606,1,0,0
0.72,0.1,0.011659,1,0,0
0.74,0.1,-0.00049274,1,0,0
0.76,0.1,0.012755,1,0,0
0.78,0.1,0.0078437,1,0,0
0.8,0.1,-0.0012557,1,0,0
0.82,0.1,-0.0035546,1,0,0
0.84,0.1,0.0098772,1,0,0
0.86,0.1,0.024196,1,0,0
0.88,0.1,0.030308,1,0,0
0.9,0.1,0.023703,1,0,0
0.92,0.1,0.023555,1,0,0
0.94,0.1,0.016272,1,0,0
0.96,0.1,0.006845,1,0,0
0.98,0.1,0.00082039,1,0,0
0.02,0.12,-0.038074,1,0,0
0.04,0.12,-0.034267,1,0,0
0.06,0.12,-0.012745,1,0,0
0.08,0.12,-0.020024,1,0,0
0.1,0.12,-0.045889,1,0,0
0.12,0.12,-0.058005,1,0,0
0.14,0.12,-0.075998,1,0,0
0.16,0.12,-0.077398,1,0,0
0.18,0.12,-0.059369,1,0,0
0.2,0.12,-0.063006,1,0,0
0.22,0.12,-0.048377,1,0,0
0.24,0.12,-0.054465,1,0,0
0.26,0.12,-0.055834,1,0,0
0.28,0.12,-0.065617,1,0,0
0.3,0.12,-0.062924,1,0,0
0.32,0.12,-0.046217,1,0,0
0.34,0.12,-0.039914,1,0,0
0.36,0.12,-0.038066,1,0,0
0.38,0.12,-0.048969,1,0,0
0.4,0.12,-0.045861,1,0,0
0.42,0.12,-0.026819,1,0,0
0.44,0.12,-0.0058599,1,0,0
0.46,0.12,-0.0018598,1,0,0
0.48,0.12,-0.0027357,1,0,0
0.5,0.12,0.0092071,1,0,0
0.52,0.12,0.023804,1,0,0
0.54,0.12,0.017194,1,0,0
0.56,0.12,0.023318,1,0,0
0.58,0.12,0.020786,1,0,0
0.6,0.12,0.037549,1,0,0
0.62,0.12,0.031611,1,0,0
0.64,0.12,0.022247,1,0,0
0.66,0.12,0.011581,1,0,0
0.68,0.12,-0.0085025,1,0,0
0.7,0.12,-0.014765,1,0,0
0.72,0.12,0.0020897,1,0,0
0.74,0.12,0.00050394,1,0,0
0.76,0.12,0.0056059,1,0,0
0.78,0.12,-0.0099195,1,0,0
0.8,0.12,-0.013496,1,0,0
0.82,0.12,-0.019459,1,0,0
0.84,0.12,0.0057368,1,0,0
0.86,0.12,0.015541,1,0,0
0.88,0.12,0.017161,1,0,0
0.9,0.12,0.015901,1,0,0
0.92,0.12,0.016345,1,0,0
0.94,0.12,0.017976,1,0,0
0.96,0.12,0.012671,1,0,0
0.98,0.12,0.0020491,1,0,0
0.02,0.14,-0.027356,1,0,0
0.04,0.14,-0.035662,1,0,0
0.06,0.14,-0.023423,1,0,0
0.08,0.14,-0.021716,1,0,0
0.1,0.14,-0.033783,1,0,0
0.12,0.14,-0.052364,1,0,0
0.14,0.14,-0.059035,1,0,0
0.16,0.14,-0.056926,1,0,0
0.18,0.14,-0.051323,1,0,0
0.2,0.14,-0.068384,1,0,0
0.22,0.14,-0.056715,1,0,0
0.24,0.14,-0.057263,1,0,0
0.26,0.14,-0.061426,1,0,0
0.28,0.14,-0.072716,1,0,0
0.3,0.14,-0.06185,1,0,0
0.32,0.14,-0.055567,1,0,0
0.34,0.14,-0.050285,1,0,0
0.36,0.14,-0.043098,1,0,0
0.38,0.14,-0.057088,1,0,0
0.4,0.14,-0.046567,1,0,0
0.42,0.14,-0.016289,1,0,0
0.44,0.14,0.0046261,1,0,0
0.46,0.14,0.008699,1,0,0
0.48,0.14,0.015406,1,0,0
0.5,0.14,0.013987,1,0,0
0.52,0.14,0.029363,1,0,0
0.54,0.14,0.024498,1,0,0
0.56,0.14,0.0164,1,0,0
0.58,0.14,0.0086502,1,0,0
0.6,0.14,0.029664,1,0,0
0.62,0.14,0.03812,1,0,0
0.64,0.14,0.017895,1,0,0
0.66,0.14,0.0018851,1,0,0
0.68,0.14,-0.0037242,1,0,0
0.7,0.14,-0.017036,1,0,0
0.72,0.14,-0.016104,1,0,0
0.74,0.14,0.0053258,1,0,0
0.76,0.14,0.0072435,1,0,0
0.78,0.14,-0.013805,1,0,0
0.8,0.14,-0.008584,1,0,0
0.82,0.14,-0.00015317,1,0,0
0.84,0.14,0.0068438,1,0,0
0.86,0.14,0.011407,1,0,0
0.88,0.14,0.021375,1,0,0
0.9,0.14,0.015675,1,0,0
0.92,0.14,0.0084225,1,0,0
0.94,0.14,0.0077952,1,0,0
0.96,0.14,0.011203,1,0,0
0.98,0.14,0.0048147,1,0,0
0.02,0.16,-0.051594,1,0,0
0.04,0.16,-0.053973,1,0,0
0.06,0.16,-0.025498,1,0,0
0.08,0.16,-0.033155,1,0,0
0.1,0.16,-0.03417,1,0,0
0.12,0.16,-0.053674,1,0,0
0.14,0.16,-0.060314,1,0,0
0.16,0.16,-0.053759,1,0,0
0.18,0.16,-0.044054,1,0,0
0.2,0.16,-0.062438,1,0,0
0.22,0.16,-0.07982,1,0,0
0.24,0.16,-0.064129,1,0,0
0.26,0.16,-0.073964,1,0,0
0.28,0.16,-0.077928,1,0,0
0.3,0.16,-0.067783,1,0,0
0.32,0.16,-0.057116,1,0,0
0.34,0.16,-0.049445,1,0,0
0.36,0.16,-0.054205,1,0,0
0.38,0.16,-0.041902,1,0,0
0.4,0.16,-0.045489,1,0,0
0.42,0.16,-0.036052,1,0,0
0.44,0.16,-0.017042,1,0,0
0.46,0.16,0.0054259,1,0,0
0.48,0.16,0.013853,1,0,0
0.5,0.16,0.020767,1,0,0
0.52,0.16,0.012587,1,0,0
0.54,0.16,0.020159,1,0,0
0.56,0.16,0.0097906,1,0,0
0.58,0.16,0.014969,1,0,0
0.6,0.16,0.019853,1,0,0
0.62,0.16,0.0081531,1,0,0
0.64,0.16,-0.0079112,1,0,0
0.66,0.16,-0.018475,1,0,0
0.68,0.16,-0.01762,1,0,0
0.7,0.16,-0.018736,1,0,0
0.72,0.16,-0.013029,1,0,0
0.74,0.16,-0.014519,1,0,0
0.76,0.16,-0.0085073,1,0,0
0.78,0.16,-0.0042288,1,0,0
0.8,0.16,-0.007133,1,0,0
0.82,0.16,0.0041028,1,0,0
0.84,0.16,-0.0034234,1,0,0
0.86,0.16,0.0050257,1,0,0
0.88,0.16,0.0052075,1,0,0
0.9,0.16,0.0033652,1,0,0
0.92,0.16,0.0059176,1,0,0
0.94,0.16,-0.0061091,1,0,0
0.96,0.16,0.001241,1,0,0
0.98,0.16,0.02544,1,0,0
0.02,0.18,-0.050124,1,0,0
0.04,0.18,-0.037124,1,0,0
0.06,0.18,-0.02708,1,0,0
0.08,0.18,-0.026631,1,0,0
0.1,0.18,-0.042067,1,0,0
0.12,0.18,-0.048897,1,0,0
0.14,0.18,-0.040578,1,0,0
0.16,0.18,-0.037615,1,0,0
0.18,0.18,-0.038716,1,0,0
0.2,0.18,-0.063722,1,0,0
0.22,0.18,-0.0641,1,0,0
0.24,0.18,-0.067611,1,0,0
0.26,0.18,-0.061915,1,0,0
0.28,0.18,-0.081073,1,0,0
0.3,0.18,-0.068512,1,0,0
0.32,0.18,-0.063507,1,0,0
0.34,0.18,-0.041143,1,0,0
0.36,0.18,-0.022289,1,0,0
0.38,0.18,-0.028285,1,0,0
0.4,0.18,-0.035548,1,0,0
0.42,0.18,-0.022901,1,0,0
0.44,0.18,-0.030453,1,0,0
0.46,0.18,-0.014903,1,0,0
0.48,0.18,0.0018269,1,0,0
0.5,0.18,0.004261,1,0,0
0.52,0.18,0.014045,1,0,0
0.54,0.18,0.015502,1,0,0
0.56,0.18,0.010057,1,0,0
0.58,0.18,0.0077221,1,0,0
0.6,0.18,-0.0052639,1,0,0
0.62,0.18,-0.0043229,1,0,0
0.64,0.18,-0.021435,1,0,0
0.66,0.18,-0.022496,1,0,0
0.68,0.18,-0.032165,1,0,0
0.7,0.18,-0.019126,1,0,0
0.72,0.18,-0.03176,1,0,0
0.74,0.18,-0.016425,1,0,0
0.76,0.18,-0.017931,1,0,0
0.78,0.18,-0.0027318,1,0,0
0.8,0.18,0.0035466,1,0,0
0.82,0.18,0.0075117,1,0,0
0.84,0.18,0.0016215,1,0,0
0.86,0.18,-0.0031749,1,0,0
0.88,0.18,-0.006829,1,0,0
0.9,0.18,-0.0046795,1,0,0
0.92,0.18,0.0021755,1,0,0
0.94,0.18,0.0066756,1,0,0
0.96,0.18,0.0099107,1,0,0
0.98,0.18,0.021962,1,0,0
0.02,0.2,-0.05582,1,0,0
0.04,0.2,-0.037862,1,0,0
0.06,0.2,-0.017384,1,0,0
0.08,0.2,-0.013062,1,0,0
0.1,0.2,-0.035683,1,0,0
0.12,0.2,-0.031652,1,0,0
0.14,0.2,-0.032365,1,0,0
0.16,0.2,-0.041106,1,0,0
0.18,0.2,-0.039932,1,0,0
0.2,0.2,-0.056089,1,0,0
0.22,0.2,-0.051506,1,0,0
0.24,0.2,-0.053189,1,0,0
0.26,0.2,-0.056617,1,0,0
0.28,0.2,-0.06777,1,0,0
0.3,0.2,-0.072314,1,0,0
0.32,0.2,-0.063057,1,0,0
0.34,0.2,-0.026348,1,0,0
0.36,0.2,-0.01155,1,0,0
0.38,0.2,-0.023946,1,0,0
0.4,0.2,-0.035599,1,0,0
0.42,0.2,-0.016376,1,0,0
0.44,0.2,-0.021169,1,0,0
0.46,0.2,-0.0072235,1,0,0
0.48,0.2,-0.0080078,1,0,0
0.5,0.2,0.0096109,1,0,0
0.52,0.2,0.0073236,1,0,0
0.54,0.2,0.0073446,1,0,0
0.56,0.2,-0.0058895,1,0,0
0.58,0.2,-0.003599,1,0,0
0.6,0.2,-0.005567,1,0,0
0.62,0.2,-0.017022,1,0,0
0.64,0.2,-0.022807,1,0,0
0.66,0.2,-0.021948,1,0,0
0.68,0.2,-0.036572,1,0,0
0.7,0.2,-0.022987,1,0,0
0.72,0.2,-0.028171,1,0,0
0.74,0.2,-0.038703,1,0,0
0.76,0.2,-0.026009,1,0,0
0.78,0.2,-0.012142,1,0,0
0.8,0.2,0.0059414,1,0,0
0.82,0.2,0.019591,1,0,0
0.84,0.2,0.018111,1,0,0
0.86,0.2,0.016358,1,0,0
0.88,0.2,-0.010257,1,0,0
0.9,0.2,-0.014553,1,0,0
0.92,0.2,-0.0033005,1,0,0
0.94,0.2,0.01157,1,0,0
0.96,0.2,0.011684,1,0,0
0.98,0.2,0.026445,1,0,0
0.02,0.22,-0.054516,1,0,0
0.04,0.22,-0.038163,1,0,0
0.06,0.22,-0.023215,1,0,0
0.08,0.22,-0.022395,1,0,0
0.1,0.22,-0.014076,1,0,0
0.12,0.22,-0.020727,1,0,0
0.14,0.22,-0.015004,1,0,0
0.16,0.22,-0.015187,1,0,0
0.18,0.22,-0.029673,1,0,0
0.2,0.22,-0.039176,1,0,0
0.22,0.22,-0.049994,1,0,0
0.24,0.22,-0.048587,1,0,0
0.26,0.22,-0.055878,1,0,0
0.28,0.22,-0.068709,1,0,0
0.3,0.22,-0.06667,1,0,0
0.32,0.22,-0.066558,1,0,0
0.34,0.22,-0.044869,1,0,0
0.36,0.22,-0.029262,1,0,0
0.38,0.22,-0.020597,1,0,0
0.4,0.22,-0.018992,1,0,0
0.42,0.22,-0.0095133,1,0,0
0.44,0.22,-0.016837,1,0,0
0.46,0.22,-0.0057486,1,0,0
0.48,0.22,-0.0066695,1,0,0
0.5,0.22,-0.001436,1,0,0
0.52,0.22,0.0087638,1,0,0
0.54,0.22,-0.00078144,1,0,0
0.56,0.22,-0.030294,1,0,0
0.58,0.22,-0.010592,1,0,0
0.6,0.22,-0.023307,1,0,0
0.62,0.22,-0.042986,1,0,0
0.64,0.22,-0.036407,1,0,0
0.66,0.22,-0.040182,1,0,0
0.68,0.22,-0.037155,1,0,0
0.7,0.22,-0.042144,1,0,0
0.72,0.22,-0.037462,1,0,0
0.74,0.22,-0.047434,1,0,0
0.76,0.22,-0.029068,1,0,0
0.78,0.22,-0.00972,1,0,0
0.8,0.22,-0.0013053,1,0,0
0.82,0.22,0.0044567,1,0,0
0.84,0.22,0.0083074,1,0,0
0.86,0.22,-0.00092383,1,0,0
0.88,0.22,-0.0035493,1,0,0
0.9,0.22,-0.0081655,1,0,0
0.92,0.22,-0.002366,1,0,0
0.94,0.22,0.0092466,1,0,0
0.96,0.22,0.018947,1,0,0
0.98,0.22,0.029221,1,0,0
0.02,0.24,-0.045059,1,0,0
0.04,0.24,-0.04885,1,0,0
0.06,0.24,-0.045509,1,0,0
0.08,0.24,-0.023648,1,0,0
0.1,0.24,-0.012591,1,0,0
0.12,0.24,-0.020865,1,0,0
0.14,0.24,-0.0095868,1,0,0
0.16,0.24,-0.0050755,1,0,0
0.18,0.24,-0.0072934,1,0,0
0.2,0.24,-0.033738,1,0,0
0.22,0.24,-0.033841,1,0,0
0.24,0.24,-0.056165,1,0,0
0.26,0.24,-0.082712,1,0,0
0.28,0.24,-0.09286,1,0,0
0.3,0.24,-0.086691,1,0,0
0.32,0.24,-0.089704,1,0,0
0.34,0.24,-0.069415,1,0,0
0.36,0.24,-0.057248,1,0,0
0.38,0.24,-0.03891,1,0,0
0.4,0.24,-0.0046538,1,0,0
0.42,0.24,-0.002714,1,0,0
0.44,0.24,-0.0052562,1,0,0
0.46,0.24,-0.0057023,1,0,0
0.48,0.24,4.9912e-05,1,0,0
0.5,0.24,-0.025307,1,0,0
0.52,0.24,-0.026613,1,0,0
0.54,0.24,-0.033087,1,0,0
0.56,0.24,-0.039372,1,0,0
0.58,0.24,-0.03592,1,0,0
0.6,0.24,-0.034455,1,0,0
0.62,0.24,-0.05654,1,0,0
0.64,0.24,-0.065533,1,0,0
0.66,0.24,-0.06294,1,0,0
0.68,0.24,-0.061656,1,0,0
0.7,0.24,-0.051027,1,0,0
0.72,0.24,-0.05874,1,0,0
0.74,0.24,-0.052662,1,0,0
0.76,0.24,-0.027673,1,0,0
0.78,0.24,-0.032861,1,0,0
0.8,0.24,-0.031722,1,0,0
0.82,0.24,-0.017531,1,0,0
0.84,0.24,-0.015047,1,0,0
0.86,0.24,-0.025183,1,0,0
0.88,0.24,-0.0080492,1,0,0
0.9,0.24,-0.020335,1,0,0
0.92,0.24,-0.014514,1,0,0
0.94,0.24,-0.0037836,1,0,0
0.96,0.24,0.02806,1,0,0
0.98,0.24,0.025793,1,0,0
0.02,0.26,-0.033427,1,0,0
0.04,0.26,-0.036639,1,0,0
0.06,0.26,-0.03058,1,0,0
0.08,0.26,-0.023425,1,0,0
0.1,0.26,0.00072537,1,0,0
0.12,0.26,0.0084464,1,0,0
0.14,0.26,0.0090881,1,0,0
0.16,0.26,0.0058414,1,0,0
0.18,0.26,-0.0045452,1,0,0
0.2,0.26,-0.027976,1,0,0
0.22,0.26,-0.038394,1,0,0
0.24,0.26,-0.049102,1,0,0
0.26,0.26,-0.070053,1,0,0
0.28,0.26,-0.088949,1,0,0
0.3,0.26,-0.093813,1,0,0
0.32,0.26,-0.079211,1,0,0
0.34,0.26,-0.085286,1,0,0
0.36,0.26,-0.072865,1,0,0
0.38,0.26,-0.045183,1,0,0
0.4,0.26,-0.0069253,1,0,0
0.42,0.26,0.015236,1,0,0
0.44,0.26,0.0031215,1,0,0
0.46,0.26,0.01095,1,0,0
0.48,0.26,-0.012831,1,0,0
0.5,0.26,-0.026964,1,0,0
0.52,0.26,-0.024324,1,0,0
0.54,0.26,-0.037523,1,0,0
0.56,0.26,-0.048876,1,0,0
0.58,0.26,-0.04611,1,0,0
0.6,0.26,-0.040555,1,0,0
0.62,0.26,-0.054054,1,0,0
0.64,0.26,-0.051336,1,0,0
0.66,0.26,-0.057647,1,0,0
0.68,0.26,-0.062058,1,0,0
0.7,0.26,-0.065894,1,0,0
0.72,0.26,-0.062706,1,0,0
0.74,0.26,-0.058089,1,0,0
0.76,0.26,-0.032523,1,0,0
0.78,0.26,-0.036232,1,0,0
0.8,0.26,-0.045643,1,0,0
0.82,0.26,-0.043175,1,0,0
0.84,0.26,-0.015954,1,0,0
0.86,0.26,-0.017274,1,0,0
0.88,0.26,-0.014808,1,0,0
0.9,0.26,-0.0091593,1,0,0
0.92,0.26,-0.013333,1,0,0
0.94,0.26,0.0058081,1,0,0
0.96,0.26,0.019963,1,0,0
0.98,0.26,0.011064,1,0,0
0.02,0.28,-0.023458,1,0,0
0.04,0.28,-0.029724,1,0,0
0.06,0.28,-0.019956,1,0,0
0.08,0.28,-0.0053283,1,0,0
0.1,0.28,0.0052614,1,0,0
0.12,0.28,0.015517,1,0,0
0.14,0.28,0.009696,1,0,0
0.16,0.28,-0.0050623,1,0,0
0.18,0.28,-0.015071,1,0,0
0.2,0.28,-0.018755,1,0,0
0.22,0.28,-0.019204,1,0,0
0.24,0.28,-0.038004,1,0,0
0.26,0.28,-0.067841,1,0,0
0.28,0.28,-0.082887,1,0,0
0.3,0.28,-0.083711,1,0,0
0.32,0.28,-0.08995,1,0,0
0.34,0.28,-0.070973,1,0,0
0.36,0.28,-0.072255,1,0,0
0.38,0.28,-0.057616,1,0,0
0.4,0.28,-0.024342,1,0,0
0.42,0.28,0.0056214,1,0,0
0.44,0.28,0.0029964,1,0,0
0.46,0.28,-0.014503,1,0,0
0.48,0.28,-0.030192,1,0,0
0.5,0.28,-0.033073,1,0,0
0.52,0.28,-0.041772,1,0,0
0.54,0.28,-0.045115,1,0,0
0.56,0.28,-0.054546,1,0,0
0.58,0.28,-0.040389,1,0,0
0.6,0.28,-0.039034,1,0,0
0.62,0.28,-0.042809,1,0,0
0.64,0.28,-0.053472,1,0,0
0.66,0.28,-0.062075,1,0,0
0.68,0.28,-0.066999,1,0,0
0.7,0.28,-0.069653,1,0,0
0.72,0.28,-0.076079,1,0,0
0.74,0.28,-0.068862,1,0,0
0.76,0.28,-0.053892,1,0,0
0.78,0.28,-0.059276,1,0,0
0.8,0.28,-0.064669,1,0,0
0.82,0.28,-0.04705,1,0,0
0.84,0.28,-0.025569,1,0,0
0.86,0.28,-0.016186,1,0,0
0.88,0.28,-0.013207,1,0,0
0.9,0.28,-0.03425,1,0,0
0.92,0.28,-0.018281,1,0,0
0.94,0.28,0.0043785,1,0,0
0.96,0.28,0.018332,1,0,0
0.98,0.28,-0.0024373,1,0,0
0.02,0.3,-0.03197,1,0,0
0.04,0.3,-0.027612,1,0,0
0.06,0.3,-0.010182,1,0,0
0.08,0.3,-0.010689,1,0,0
0.1,0.3,-0.003237,1,0,0
0.12,0.3,0.012009,1,0,0
0.14,0.3,0.014295,1,0,0
0.16,0.3,-0.00062015,1,0,0
0.18,0.3,-0.00413,1,0,0
0.2,0.3,-0.0070239,1,0,0
0.22,0.3,-0.01842,1,0,0
0.24,0.3,-0.042601,1,0,0
0.26,0.3,-0.057518,1,0,0
0.28,0.3,-0.076039,1,0,0
0.3,0.3,-0.080707,1,0,0
0.32,0.3,-0.092567,1,0,0
0.34,0.3,-0.075837,1,0,0
0.36,0.3,-0.066924,1,0,0
0.38,0.3,-0.02846,1,0,0
0.4,0.3,-0.010298,1,0,0
0.42,0.3,-0.0029597,1,0,0
0.44,0.3,-0.01906,1,0,0
0.46,0.3,-0.042053,1,0,0
0.48,0.3,-0.047732,1,0,0
0.5,0.3,-0.036848,1,0,0
0.52,0.3,-0.051866,1,0,0
0.54,0.3,-0.052776,1,0,0
0.56,0.3,-0.048598,1,0,0
0.58,0.3,-0.025404,1,0,0
0.6,0.3,-0.039617,1,0,0
0.62,0.3,-0.046177,1,0,0
0.64,0.3,-0.055418,1,0,0
0.66,0.3,-0.049905,1,0,0
0.68,0.3,-0.054831,1,0,0
0.7,0.3,-0.060118,1,0,0
0.72,0.3,-0.074971,1,0,0
0.74,0.3,-0.071883,1,0,0
0.76,0.3,-0.061091,1,0,0
0.78,0.3,-0.041082,1,0,0
0.8,0.3,-0.056665,1,0,0
0.82,0.3,-0.058524,1,0,0
0.84,0.3,-0.050709,1,0,0
0.86,0.3,-0.038814,1,0,0
0.88,0.3,-0.033266,1,0,0
0.9,0.3,-0.046373,1,0,0
0.92,0.3,-0.03125,1,0,0
0.94,0.3,-0.0092253,1,0,0
0.96,0.3,0.00030742,1,0,0
0.98,0.3,-0.0035153,1,0,0
0.02,0.32,-0.038235,1,0,0
0.04,0.32,-0.036158,1,0,0
0.06,0.32,-0.015551,1,0,0
0.08,0.32,-0.0068317,1,0,0
0.1,0.32,-0.0072722,1,0,0
0.12,0.32,0.013865,1,0,0
0.14,0.32,0.0077132,1,0,0
0.16,0.32,-0.0047274,1,0,0
0.18,0.32,-0.001796,1,0,0
0.2,0.32,-0.013361,1,0,0
0.22,0.32,-0.018212,1,0,0
0.24,0.32,-0.024424,1,0,0
0.26,0.32,-0.050873,1,0,0
0.28,0.32,-0.076677,1,0,0
0.3,0.32,-0.077979,1,0,0
0.32,0.32,-0.073188,1,0,0
0.34,0.32,-0.073836,1,0,0
0.36,0.32,-0.062711,1,0,0
0.38,0.32,-0.032706,1,0,0
0.4,0.32,-0.029449,1,0,0
0.42,0.32,-0.01853,1,0,0
0.44,0.32,-0.043305,1,0,0
0.46,0.32,-0.038415,1,0,0
0.48,0.32,-0.057404,1,0,0
0.5,0.32,-0.048126,1,0,0
0.52,0.32,-0.073912,1,0,0
0.54,0.32,-0.07157,1,0,0
0.56,0.32,-0.058531,1,0,0
0.58,0.32,-0.038768,1,0,0
0.6,0.32,-0.044245,1,0,0
0.62,0.32,-0.048547,1,0,0
0.64,0.32,-0.059738,1,0,0
0.66,0.32,-0.054465,1,0,0
0.68,0.32,-0.047544,1,0,0
0.7,0.32,-0.051909,1,0,0
0.72,0.32,-0.068459,1,0,0
0.74,0.32,-0.06775,1,0,0
0.76,0.32,-0.062116,1,0,0
0.78,0.32,-0.064719,1,0,0
0.8,0.32,-0.059839,1,0,0
0.82,0.32,-0.066222,1,0,0
0.84,0.32,-0.065063,1,0,0
0.86,0.32,-0.060035,1,0,0
0.88,0.32,-0.073099,1,0,0
0.9,0.32,-0.07536,1,0,0
0.92,0.32,-0.067696,1,0,0
0.94,0.32,-0.030651,1,0,0
0.96,0.32,-0.022225,1,0,0
0.98,0.32,-0.0071051,1,0,0
0.02,0.34,-0.030654,1,0,0
0.04,0.34,-0.030749,1,0,0
0.06,0.34,-0.029905,1,0,0
0.08,0.34,-0.022213,1,0,0
0.1,0.34,-0.014754,1,0,0
0.12,0.34,0.0048833,1,0,0
0.14,0.34,0.010571,1,0,0
0.16,0.34,0.0077956,1,0,0
0.18,0.34,0.0042574,1,0,0
0.2,0.34,-0.026735,1,0,0
0.22,0.34,-0.023635,1,0,0
0.24,0.34,-0.02193,1,0,0
0.26,0.34,-0.032879,1,0,0
0.28,0.34,-0.063981,1,0,0
0.3,0.34,-0.061621,1,0,0
0.32,0.34,-0.062453,1,0,0
0.34,0.34,-0.060604,1,0,0
0.36,0.34,-0.055193,1,0,0
0.38,0.34,-0.037143,1,0,0
0.4,0.34,-0.036412,1,0,0
0.42,0.34,-0.040623,1,0,0
0.44,0.34,-0.042107,1,0,0
0.46,0.34,-0.057948,1,0,0
0.48,0.34,-0.058896,1,0,0
0.5,0.34,-0.057517,1,0,0
0.52,0.34,-0.071786,1,0,0
0.54,0.34,-0.069125,1,0,0
0.56,0.34,-0.060874,1,0,0
0.58,0.34,-0.054621,1,0,0
0.6,0.34,-0.044865,1,0,0
0.62,0.34,-0.041682,1,0,0
0.64,0.34,-0.065039,1,0,0
0.66,0.34,-0.058105,1,0,0
0.68,0.34,-0.048465,1,0,0
0.7,0.34,-0.053259,1,0,0
0.72,0.34,-0.071662,1,0,0
0.74,0.34,-0.061258,1,0,0
0.76,0.34,-0.053812,1,0,0
0.78,0.34,-0.059725,1,0,0
0.8,0.34,-0.065965,1,0,0
0.82,0.34,-0.073488,1,0,0
0.84,0.34,-0.082846,1,0,0
0.86,0.34,-0.088732,1,0,0
0.88,0.34,-0.085895,1,0,0
0.9,0.34,-0.093437,1,0,0
0.92,0.34,-0.076044,1,0,0
0.94,0.34,-0.051236,1,0,0
0.96,0.34,-0.042685,1,0,0
0.98,0.34,-0.034404,1,0,0
0.02,0.36,-0.022675,1,0,0
0.04,0.36,-0.037736,1,0,0
0.06,0.36,-0.025249,1,0,0
0.08,0.36,-0.041481,1,0,0
0.1,0.36,-0.023147,1,0,0
0.12,0.36,-0.018564,1,0,0
0.14,0.36,-0.0020863,1,0,0
0.16,0.36,-0.0043729,1,0,0
0.18,0.36,0.0048629,1,0,0
0.2,0.36,-0.012244,1,0,0
0.22,0.36,-0.027633,1,0,0
0.24,0.36,-0.021409,1,0,0
0.26,0.36,-0.040534,1,0,0
0.28,0.36,-0.06773,1,0,0
0.3,0.36,-0.056923,1,0,0
0.32,0.36,-0.04766,1,0,0
0.34,0.36,-0.044471,1,0,0
0.36,0.36,-0.040017,1,0,0
0.38,0.36,-0.037758,1,0,0
0.4,0.36,-0.042999,1,0,0
0.42,0.36,-0.051567,1,0,0
0.44,0.36,-0.045173,1,0,0
0.46,0.36,-0.062367,1,0,0
0.48,0.36,-0.069006,1,0,0
0.5,0.36,-0.079667,1,0,0
0.52,0.36,-0.072056,1,0,0
0.54,0.36,-0.076493,1,0,0
0.56,0.36,-0.069203,1,0,0
0.58,0.36,-0.040023,1,0,0
0.6,0.36,-0.029501,1,0,0
0.62,0.36,-0.046541,1,0,0
0.64,0.36,-0.059659,1,0,0
0.66,0.36,-0.076604,1,0,0
0.68,0.36,-0.058139,1,0,0
0.7,0.36,-0.066737,1,0,0
0.72,0.36,-0.071074,1,0,0
0.74,0.36,-0.063906,1,0,0
0.76,0.36,-0.065401,1,0,0
0.78,0.36,-0.068821,1,0,0
0.8,0.36,-0.08125,1,0,0
0.82,0.36,-0.081687,1,0,0
0.84,0.36,-0.092597,1,0,0
0.86,0.36,-0.095206,1,0,0
0.88,0.36,-0.10028,1,0,0
0.9,0.36,-0.10696,1,0,0
0.92,0.36,-0.086015,1,0,0
0.94,0.36,-0.06845,1,0,0
0.96,0.36,-0.050119,1,0,0
0.98,0.36,-0.037417,1,0,0
0.02,0.38,-0.014436,1,0,0
0.04,0.38,-0.029343,1,0,0
0.06,0.38,-0.01167,1,0,0
0.08,0.38,-0.010905,1,0,0
0.1,0.38,-0.019838,1,0,0
0.12,0.38,-0.017005,1,0,0
0.14,0.38,0.0018505,1,0,0
0.16,0.38,0.0036966,1,0,0
0.18,0.38,0.0040405,1,0,0
0.2,0.38,-0.011161,1,0,0
0.22,0.38,-0.018061,1,0,0
0.24,0.38,-0.028935,1,0,0
0.26,0.38,-0.039134,1,0,0
0.28,0.38,-0.028879,1,0,0
0.3,0.38,-0.034339,1,0,0
0.32,0.38,-0.038249,1,0,0
0.34,0.38,-0.030221,1,0,0
0.36,0.38,-0.02323,1,0,0
0.38,0.38,-0.027671,1,0,0
0.4,0.38,-0.03566,1,0,0
0.42,0.38,-0.039815,1,0,0
0.44,0.38,-0.052948,1,0,0
0.46,0.38,-0.064058,1,0,0
0.48,0.38,-0.056082,1,0,0
0.5,0.38,-0.055827,1,0,0
0.52,0.38,-0.065975,1,0,0
0.54,0.38,-0.067712,1,0,0
0.56,0.38,-0.052625,1,0,0
0.58,0.38,-0.049931,1,0,0
0.6,0.38,-0.034527,1,0,0
0.62,0.38,-0.052285,1,0,0
0.64,0.38,-0.054784,1,0,0
0.66,0.38,-0.059752,1,0,0
0.68,0.38,-0.060118,1,0,0
0.7,0.38,-0.068991,1,0,0
0.72,0.38,-0.078395,1,0,0
0.74,0.38,-0.081768,1,0,0
0.76,0.38,-0.064603,1,0,0
0.78,0.38,-0.075877,1,0,0
0.8,0.38,-0.076301,1,0,0
0.82,0.38,-0.08712,1,0,0
0.84,0.38,-0.097019,1,0,0
0.86,0.38,-0.097317,1,0,0
0.88,0.38,-0.083979,1,0,0
0.9,0.38,-0.091816,1,0,0
0.92,0.38,-0.089683,1,0,0
0.94,0.38,-0.070417,1,0,0
0.96,0.38,-0.05325,1,0,0
0.98,0.38,-0.031914,1,0,0
0.02,0.4,-0.036173,1,0,0
0.04,0.4,-0.025245,1,0,0
0.06,0.4,-0.012521,1,0,0
0.08,0.4,-0.0104,1,0,0
0.1,0.4,-0.026217,1,0,0
0.12,0.4,-0.024764,1,0,0
0.14,0.4,-0.021545,1,0,0
0.16,0.4,-0.023574,1,0,0
0.18,0.4,-0.0054768,1,0,0
0.2,0.4,-0.0037149,1,0,0
0.22,0.4,-0.0031018,1,0,0
0.24,0.4,-0.020455,1,0,0
0.26,0.4,-0.03109,1,0,0
0.28,0.4,-0.053129,1,0,0
0.3,0.4,-0.044306,1,0,0
0.32,0.4,-0.034797,1,0,0
0.34,0.4,-0.023194,1,0,0
0.36,0.4,-0.021737,1,0,0
0.38,0.4,-0.041368,1,0,0
0.4,0.4,-0.041749,1,0,0
0.42,0.4,-0.034962,1,0,0
0.44,0.4,-0.048511,1,0,0
0.46,0.4,-0.046553,1,0,0
0.48,0.4,-0.04723,1,0,0
0.5,0.4,-0.060405,1,0,0
0.52,0.4,-0.049171,1,0,0
0.54,0.4,-0.063716,1,0,0
0.56,0.4,-0.068782,1,0,0
0.58,0.4,-0.057504,1,0,0
0.6,0.4,-0.056716,1,0,0
0.62,0.4,-0.057284,1,0,0
0.64,0.4,-0.046612,1,0,0
0.66,0.4,-0.060458,1,0,0
0.68,0.4,-0.082057,1,0,0
0.7,0.4,-0.077405,1,0,0
0.72,0.4,-0.081688,1,0,0
0.74,0.4,-0.08872,1,0,0
0.76,0.4,-0.092042,1,0,0
0.78,0.4,-0.092242,1,0,0
0.8,0.4,-0.089207,1,0,0
0.82,0.4,-0.094664,1,0,0
0.84,0.4,-0.075518,1,0,0
0.86,0.4,-0.085486,1,0,0
0.88,0.4,-0.10071,1,0,0
0.9,0.4,-0.10862,1,0,0
0.92,0.4,-0.10009,1,0,0
0.94,0.4,-0.081651,1,0,0
0.96,0.4,-0.063278,1,0,0
0.98,0.4,-0.034963,1,0,0
0.02,0.42,-0.022464,1,0,0
0.04,0.42,-0.021158,1,0,0
0.06,0.42,-0.021927,1,0,0
0.08,0.42,-0.018789,1,0,0
0.1,0.42,-0.018399,1,0,0
0.12,0.42,-0.032247,1,0,0
0.14,0.42,-0.02242,1,0,0
0.16,0.42,-0.0049717,1,0,0
0.18,0.42,0.0091126,1,0,0
0.2,0.42,0.007241,1,0,0
0.22,0.42,0.0017653,1,0,0
0.24,0.42,-0.0072275,1,0,0
0.26,0.42,-0.035797,1,0,0
0.28,0.42,-0.051239,1,0,0
0.3,0.42,-0.05645,1,0,0
0.32,0.42,-0.048762,1,0,0
0.34,0.42,-0.0098151,1,0,0
0.36,0.42,-0.018377,1,0,0
0.38,0.42,-0.026259,1,0,0
0.4,0.42,-0.022828,1,0,0
0.42,0.42,-0.019112,1,0,0
0.44,0.42,-0.034019,1,0,0
0.46,0.42,-0.039845,1,0,0
0.48,0.42,-0.049048,1,0,0
0.5,0.42,-0.047112,1,0,0
0.52,0.42,-0.047018,1,0,0
0.54,0.42,-0.036308,1,0,0
0.56,0.42,-0.07793,1,0,0
0.58,0.42,-0.077852,1,0,0
0.6,0.42,-0.070904,1,0,0
0.62,0.42,-0.063795,1,0,0
0.64,0.42,-0.053425,1,0,0
0.66,0.42,-0.066716,1,0,0
0.68,0.42,-0.081072,1,0,0
0.7,0.42,-0.081217,1,0,0
0.72,0.42,-0.079116,1,0,0
0.74,0.42,-0.087184,1,0,0
0.76,0.42,-0.074244,1,0,0
0.78,0.42,-0.077901,1,0,0
0.8,0.42,-0.10209,1,0,0
0.82,0.42,-0.088015,1,0,0
0.84,0.42,-0.092203,1,0,0
0.86,0.42,-0.097487,1,0,0
0.88,0.42,-0.11021,1,0,0
0.9,0.42,-0.11129,1,0,0
0.92,0.42,-0.10081,1,0,0
0.94,0.42,-0.082514,1,0,0
0.96,0.42,-0.061382,1,0,0
0.98,0.42,-0.039945,1,0,0
0.02,0.44,-0.027217,1,0,0
0.04,0.44,-0.016721,1,0,0
0.06,0.44,-0.018881,1,0,0
0.08,0.44,0.0044287,1,0,0
0.1,0.44,0.001175,1,0,0
0.12,0.44,-0.024854,1,0,0
0.14,0.44,-0.025825,1,0,0
0.16,0.44,0.0037802,1,0,0
0.18,0.44,0.01325,1,0,0
0.2,0.44,0.0098712,1,0,0
0.22,0.44,0.0091255,1,0,0
0.24,0.44,-0.0034362,1,0,0
0.26,0.44,-0.02567,1,0,0
0.28,0.44,-0.040905,1,0,0
0.3,0.44,-0.034051,1,0,0
0.32,0.44,-0.03148,1,0,0
0.34,0.44,-0.0055479,1,0,0
0.36,0.44,-0.0062157,1,0,0
0.38,0.44,-0.017257,1,0,0
0.4,0.44,-0.020886,1,0,0
0.42,0.44,-0.0076751,1,0,0
0.44,0.44,-0.021267,1,0,0
0.46,0.44,-0.0077566,1,0,0
0.48,0.44,-0.02459,1,0,0
0.5,0.44,-0.041159,1,0,0
0.52,0.44,-0.03951,1,0,0
0.54,0.44,-0.04389,1,0,0
0.56,0.44,-0.08385,1,0,0
0.58,0.44,-0.063122,1,0,0
0.6,0.44,-0.062012,1,0,0
0.62,0.44,-0.057662,1,0,0
0.64,0.44,-0.061784,1,0,0
0.66,0.44,-0.062922,1,0,0
0.68,0.44,-0.072523,1,0,0
0.7,0.44,-0.062254,1,0,0
0.72,0.44,-0.069331,1,0,0
0.74,0.44,-0.064764,1,0,0
0.76,0.44,-0.065235,1,0,0
0.78,0.44,-0.074784,1,0,0
0.8,0.44,-0.089988,1,0,0
0.82,0.44,-0.08629,1,0,0
0.84,0.44,-0.083194,1,0,0
0.86,0.44,-0.10251,1,0,0
0.88,0.44,-0.10168,1,0,0
0.9,0.44,-0.10501,1,0,0
0.92,0.44,-0.10933,1,0,0
0.94,0.44,-0.089336,1,0,0
0.96,0.44,-0.05771,1,0,0
0.98,0.44,-0.038442,1,0,0
0.02,0.46,-0.019998,1,0,0
0.04,0.46,-0.011417,1,0,0
0.06,0.46,-0.0055989,1,0,0
0.08,0.46,0.0058691,1,0,0
0.1,0.46,-0.0087273,1,0,0
0.12,0.46,-0.020591,1,0,0
0.14,0.46,-0.017104,1,0,0
0.16,0.46,-0.00049857,1,0,0
0.18,0.46,0.010235,1,0,0
0.2,0.46,-0.014364,1,0,0
0.22,0.46,-0.0043092,1,0,0
0.24,0.46,-0.004272,1,0,0
0.26,0.46,-0.013896,1,0,0
0.28,0.46,-0.015207,1,0,0
0.3,0.46,-0.014657,1,0,0
0.32,0.46,-0.015473,1,0,0
0.34,0.46,-0.010601,1,0,0
0.36,0.46,-0.0096539,1,0,0
0.38,0.46,-0.0093382,1,0,0
0.4,0.46,-0.016374,1,0,0
0.42,0.46,-0.017086,1,0,0
0.44,0.46,-0.017166,1,0,0
0.46,0.46,-0.0020081,1,0,0
0.48,0.46,-0.020741,1,0,0
0.5,0.46,-0.033309,1,0,0
0.52,0.46,-0.038589,1,0,0
0.54,0.46,-0.053036,1,0,0
0.56,0.46,-0.070255,1,0,0
0.58,0.46,-0.053761,1,0,0
0.6,0.46,-0.039755,1,0,0
0.62,0.46,-0.052898,1,0,0
0.64,0.46,-0.059192,1,0,0
0.66,0.46,-0.047955,1,0,0
0.68,0.46,-0.080072,1,0,0
0.7,0.46,-0.068823,1,0,0
0.72,0.46,-0.069052,1,0,0
0.74,0.46,-0.060425,1,0,0
0.76,0.46,-0.05841,1,0,0
0.78,0.46,-0.062655,1,0,0
0.8,0.46,-0.073933,1,0,0
0.82,0.46,-0.084189,1,0,0
0.84,0.46,-0.09217,1,0,0
0.86,0.46,-0.10248,1,0,0
0.88,0.46,-0.092884,1,0,0
0.9,0.46,-0.087996,1,0,0
0.92,0.46,-0.10304,1,0,0
0.94,0.46,-0.10578,1,0,0
0.96,0.46,-0.081599,1,0,0
0.98,0.46,-0.057842,1,0,0
0.02,0.48,-0.017668,1,0,0
0.04,0.48,-0.0089026,1,0,0
0.06,0.48,0.0078818,1,0,0
0.08,0.48,0.00064875,1,0,0
0.1,0.48,-0.006871,1,0,0
0.12,0.48,-0.022034,1,0,0
0.14,0.48,-0.011435,1,0,0
0.16,0.48,-0.0061387,1,0,0
0.18,0.48,-0.012353,1,0,0
0.2,0.48,-0.015218,1,0,0
0.22,0.48,-0.012717,1,0,0
0.24,0.48,-0.010254,1,0,0
0.26,0.48,-0.025171,1,0,0
0.28,0.48,-0.025916,1,0,0
0.3,0.48,-0.025164,1,0,0
0.32,0.48,-0.021453,1,0,0
0.34,0.48,0.00065724,1,0,0
0.36,0.48,-0.00076051,1,0,0
0.38,0.48,-0.024696,1,0,0
0.4,0.48,-0.031103,1,0,0
0.42,0.48,-0.018416,1,0,0
0.44,0.48,-0.021302,1,0,0
0.46,0.48,-0.017192,1,0,0
0.48,0.48,-0.020938,1,0,0
0.5,0.48,-0.03907,1,0,0
0.52,0.48,-0.054635,1,0,0
0.54,0.48,-0.056837,1,0,0
0.56,0.48,-0.059635,1,0,0
0.58,0.48,-0.043181,1,0,0
0.6,0.48,-0.037326,1,0,0
0.62,0.48,-0.045985,1,0,0
0.64,0.48,-0.062048,1,0,0
0.66,0.48,-0.09067,1,0,0
0.68,0.48,-0.088794,1,0,0
0.7,0.48,-0.082342,1,0,0
0.72,0.48,-0.060868,1,0,0
0.74,0.48,-0.053847,1,0,0
0.76,0.48,-0.056621,1,0,0
0.78,0.48,-0.064265,1,0,0
0.8,0.48,-0.080708,1,0,0
0.82,0.48,-0.092229,1,0,0
0.84,0.48,-0.10138,1,0,0
0.86,0.48,-0.11303,1,0,0
0.88,0.48,-0.108,1,0,0
0.9,0.48,-0.10481,1,0,0
0.92,0.48,-0.10148,1,0,0
0.94,0.48,-0.097523,1,0,0
0.96,0.48,-0.089988,1,0,0
0.98,0.48,-0.077806,1,0,0
0.02,0.5,-0.02865,1,0,0
0.04,0.5,-0.006535,1,0,0
0.06,0.5,0.014419,1,0,0
0.08,0.5,0.0092132,1,0,0
0.1,0.5,0.001074,1,0,0
0.12,0.5,0.0048643,1,0,0
0.14,0.5,-0.0049095,1,0,0
0.16,0.5,-0.011255,1,0,0
0.18,0.5,-0.013254,1,0,0
0.2,0.5,-0.030039,1,0,0
0.22,0.5,-0.038267,1,0,0
0.24,0.5,-0.025578,1,0,0
0.26,0.5,-0.023522,1,0,0
0.28,0.5,-0.037094,1,0,0
0.3,0.5,-0.039456,1,0,0
0.32,0.5,-0.033573,1,0,0
0.34,0.5,-0.0094942,1,0,0
0.36,0.5,-0.016865,1,0,0
0.38,0.5,-0.022353,1,0,0
0.4,0.5,-0.024767,1,0,0
0.42,0.5,-0.02334,1,0,0
0.44,0.5,-0.011073,1,0,0
0.46,0.5,-0.018011,1,0,0
0.48,0.5,-0.016883,1,0,0
0.5,0.5,-0.024119,1,0,0
0.52,0.5,-0.035187,1,0,0
0.54,0.5,-0.046808,1,0,0
0.56,0.5,-0.053166,1,0,0
0.58,0.5,-0.045582,1,0,0
0.6,0.5,-0.044639,1,0,0
0.62,0.5,-0.056278,1,0,0
0.64,0.5,-0.066435,1,0,0
0.66,0.5,-0.085624,1,0,0
0.68,0.5,-0.084997,1,0,0
0.7,0.5,-0.07633,1,0,0
0.72,0.5,-0.055523,1,0,0
0.74,0.5,-0.059162,1,0,0
0.76,0.5,-0.046852,1,0,0
0.78,0.5,-0.050421,1,0,0
0.8,0.5,-0.073862,1,0,0
0.82,0.5,-0.11025,1,0,0
0.84,0.5,-0.10865,1,0,0
0.86,0.5,-0.11872,1,0,0
0.88,0.5,-0.11726,1,0,0
0.9,0.5,-0.12212,1,0,0
0.92,0.5,-0.089669,1,0,0
0.94,0.5,-0.091143,1,0,0
0.96,0.5,-0.091389,1,0,0
0.98,0.5,-0.06848,1,0,0
0.02,0.52,-0.035374,1,0,0
0.04,0.52,-0.020793,1,0,0
0.06,0.52,0.015666,1,0,0
0.08,0.52,0.026226,1,0,0
0.1,0.52,0.016135,1,0,0
0.12,0.52,0.00059087,1,0,0
0.14,0.52,-0.016742,1,0,0
0.16,0.52,-0.028609,1,0,0
0.18,0.52,-0.018062,1,0,0
0.2,0.52,-0.033987,1,0,0
0.22,0.52,-0.031887,1,0,0
0.24,0.52,-0.035781,1,0,0
0.26,0.52,-0.043693,1,0,0
0.28,0.52,-0.050832,1,0,0
0.3,0.52,-0.0567,1,0,0
0.32,0.52,-0.047837,1,0,0
0.34,0.52,-0.041776,1,0,0
0.36,0.52,-0.033649,1,0,0
0.38,0.52,-0.0321,1,0,0
0.4,0.52,-0.033431,1,0,0
0.42,0.52,-0.021534,1,0,0
0.44,0.52,-0.021099,1,0,0
0.46,0.52,-0.010558,1,0,0
0.48,0.52,-0.0048831,1,0,0
0.5,0.52,-0.011673,1,0,0
0.52,0.52,-0.040852,1,0,0
0.54,0.52,-0.056551,1,0,0
0.56,0.52,-0.047986,1,0,0
0.58,0.52,-0.05273,1,0,0
0.6,0.52,-0.043554,1,0,0
0.62,0.52,-0.059006,1,0,0
0.64,0.52,-0.082041,1,0,0
0.66,0.52,-0.091063,1,0,0
0.68,0.52,-0.078613,1,0,0
0.7,0.52,-0.077947,1,0,0
0.72,0.52,-0.080803,1,0,0
0.74,0.52,-0.075981,1,0,0
0.76,0.52,-0.063495,1,0,0
0.78,0.52,-0.074054,1,0,0
0.8,0.52,-0.081913,1,0,0
0.82,0.52,-0.1069,1,0,0
0.84,0.52,-0.11145,1,0,0
0.86,0.52,-0.11318,1,0,0
0.88,0.52,-0.11628,1,0,0
0.9,0.52,-0.11897,1,0,0
0.92,0.52,-0.1161,1,0,0
0.94,0.52,-0.090034,1,0,0
0.96,0.52,-0.078633,1,0,0
0.98,0.52,-0.052759,1,0,0
0.02,0.54,-0.015743,1,0,0
0.04,0.54,-0.0069377,1,0,0
0.06,0.54,0.018471,1,0,0
0.08,0.54,0.022162,1,0,0
0.1,0.54,0.012787,1,0,0
0.12,0.54,0.0046631,1,0,0
0.14,0.54,-0.0065799,1,0,0
0.16,0.54,-0.022811,1,0,0
0.18,0.54,-0.019643,1,0,0
0.2,0.54,-0.03077,1,0,0
0.22,0.54,-0.027466,1,0,0
0.24,0.54,-0.031149,1,0,0
0.26,0.54,-0.052541,1,0,0
0.28,0.54,-0.069365,1,0,0
0.3,0.54,-0.052135,1,0,0
0.32,0.54,-0.045321,1,0,0
0.34,0.54,-0.046436,1,0,0
0.36,0.54,-0.039402,1,0,0
0.38,0.54,-0.021564,1,0,0
0.4,0.54,-0.020033,1,0,0
0.42,0.54,-0.012581,1,0,0
0.44,0.54,-0.012807,1,0,0
0.46,0.54,-0.0084481,1,0,0
0.48,0.54,-0.0086079,1,0,0
0.5,0.54,-0.0043515,1,0,0
0.52,0.54,-0.018884,1,0,0
0.54,0.54,-0.031803,1,0,0
0.56,0.54,-0.042406,1,0,0
0.58,0.54,-0.039486,1,0,0
0.6,0.54,-0.043147,1,0,0
0.62,0.54,-0.051365,1,0,0
0.64,0.54,-0.073337,1,0,0
0.66,0.54,-0.077428,1,0,0
0.68,0.54,-0.077174,1,0,0
0.7,0.54,-0.088835,1,0,0
0.72,0.54,-0.089508,1,0,0
0.74,0.54,-0.064567,1,0,0
0.76,0.54,-0.062732,1,0,0
0.78,0.54,-0.078722,1,0,0
0.8,0.54,-0.091738,1,0,0
0.82,0.54,-0.10469,1,0,0
0.84,0.54,-0.11217,1,0,0
0.86,0.54,-0.10802,1,0,0
0.88,0.54,-0.094585,1,0,0
0.9,0.54,-0.089878,1,0,0
0.92,0.54,-0.089952,1,0,0
0.94,0.54,-0.068514,1,0,0
0.96,0.54,-0.049266,1,0,0
0.98,0.54,-0.033717,1,0,0
0.02,0.56,-0.0052734,1,0,0
0.04,0.56,0.0011627,1,0,0
0.06,0.56,0.015892,1,0,0
0.08,0.56,0.017581,1,0,0
0.1,0.56,0.012242,1,0,0
0.12,0.56,0.002888,1,0,0
0.14,0.56,-0.010621,1,0,0
0.16,0.56,-0.026462,1,0,0
0.18,0.56,-0.023765,1,0,0
0.2,0.56,-0.026461,1,0,0
0.22,0.56,-0.021715,1,0,0
0.24,0.56,-0.027981,1,0,0
0.26,0.56,-0.050337,1,0,0
0.28,0.56,-0.066105,1,0,0
0.3,0.56,-0.038841,1,0,0
0.32,0.56,-0.031927,1,0,0
0.34,0.56,-0.022471,1,0,0
0.36,0.56,-0.038014,1,0,0
0.38,0.56,-0.024931,1,0,0
0.4,0.56,-0.018111,1,0,0
0.42,0.56,-0.0059348,1,0,0
0.44,0.56,0.011284,1,0,0
0.46,0.56,0.0035797,1,0,0
0.48,0.56,-0.00049608,1,0,0
0.5,0.56,0.0014232,1,0,0
0.52,0.56,-0.016,1,0,0
0.54,0.56,-0.022702,1,0,0
0.56,0.56,-0.042864,1,0,0
0.58,0.56,-0.028155,1,0,0
0.6,0.56,-0.030769,1,0,0
0.62,0.56,-0.032976,1,0,0
0.64,0.56,-0.056176,1,0,0
0.66,0.56,-0.060702,1,0,0
0.68,0.56,-0.0708,1,0,0
0.7,0.56,-0.07581,1,0,0
0.72,0.56,-0.080465,1,0,0
0.74,0.56,-0.062723,1,0,0
0.76,0.56,-0.068512,1,0,0
0.78,0.56,-0.085777,1,0,0
0.8,0.56,-0.11372,1,0,0
0.82,0.56,-0.10246,1,0,0
0.84,0.56,-0.096569,1,0,0
0.86,0.56,-0.079667,1,0,0
0.88,0.56,-0.065314,1,0,0
0.9,0.56,-0.072547,1,0,0
0.92,0.56,-0.057786,1,0,0
0.94,0.56,-0.039113,1,0,0
0.96,0.56,-0.021035,1,0,0
0.98,0.56,-0.021086,1,0,0
0.02,0.58,0.007148,1,0,0
0.04,0.58,-0.0010652,1,0,0
0.06,0.58,0.0017312,1,0,0
0.08,0.58,-0.0053297,1,0,0
0.1,0.58,-0.0019352,1,0,0
0.12,0.58,-0.010805,1,0,0
0.14,0.58,-0.014519,1,0,0
0.16,0.58,-0.026935,1,0,0
0.18,0.58,-0.017328,1,0,0
0.2,0.58,-0.019798,1,0,0
0.22,0.58,-0.017685,1,0,0
0.24,0.58,-0.025929,1,0,0
0.26,0.58,-0.032286,1,0,0
0.28,0.58,-0.037355,1,0,0
0.3,0.58,-0.030435,1,0,0
0.32,0.58,-0.026235,1,0,0
0.34,0.58,-0.027721,1,0,0
0.36,0.58,-0.033069,1,0,0
0.38,0.58,-0.030182,1,0,0
0.4,0.58,-0.010756,1,0,0
0.42,0.58,0.022206,1,0,0
0.44,0.58,0.010858,1,0,0
0.46,0.58,0.015617,1,0,0
0.48,0.58,0.0098647,1,0,0
0.5,0.58,0.002857,1,0,0
0.52,0.58,-0.016244,1,0,0
0.54,0.58,-0.034695,1,0,0
0.56,0.58,-0.046638,1,0,0
0.58,0.58,-0.037373,1,0,0
0.6,0.58,-0.034022,1,0,0
0.62,0.58,-0.030945,1,0,0
0.64,0.58,-0.035062,1,0,0
0.66,0.58,-0.047435,1,0,0
0.68,0.58,-0.0556,1,0,0
0.7,0.58,-0.06169,1,0,0
0.72,0.58,-0.089509,1,0,0
0.74,0.58,-0.081644,1,0,0
0.76,0.58,-0.076247,1,0,0
0.78,0.58,-0.084023,1,0,0
0.8,0.58,-0.11067,1,0,0
0.82,0.58,-0.10437,1,0,0
0.84,0.58,-0.082965,1,0,0
0.86,0.58,-0.047482,1,0,0
0.88,0.58,-0.047015,1,0,0
0.9,0.58,-0.049825,1,0,0
0.92,0.58,-0.047861,1,0,0
0.94,0.58,-0.020415,1,0,0
0.96,0.58,-0.022163,1,0,0
0.98,0.58,-0.024197,1,0,0
0.02,0.6,-0.019943,1,0,0
0.04,0.6,-0.022438,1,0,0
0.06,0.6,-0.020734,1,0,0
0.08,0.6,-0.021784,1,0,0
0.1,0.6,-0.031582,1,0,0
0.12,0.6,-0.023253,1,0,0
0.14,0.6,-0.025636,1,0,0
0.16,0.6,-0.027918,1,0,0
0.18,0.6,-0.0039714,1,0,0
0.2,0.6,-0.0050423,1,0,0
0.22,0.6,-0.0056625,1,0,0
0.24,0.6,-0.020541,1,0,0
0.26,0.6,-0.029253,1,0,0
0.28,0.6,-0.035268,1,0,0
0.3,0.6,-0.02774,1,0,0
0.32,0.6,-0.020797,1,0,0
0.34,0.6,-0.015624,1,0,0
0.36,0.6,-0.0209,1,0,0
0.38,0.6,-0.0038554,1,0,0
0.4,0.6,0.0091917,1,0,0
0.42,0.6,0.016149,1,0,0
0.44,0.6,0.013546,1,0,0
0.46,0.6,0.021905,1,0,0
0.48,0.6,0.022699,1,0,0
0.5,0.6,0.014538,1,0,0
0.52,0.6,-0.010759,1,0,0
0.54,0.6,-0.038983,1,0,0
0.56,0.6,-0.041722,1,0,0
0.58,0.6,-0.028833,1,0,0
0.6,0.6,-0.026429,1,0,0
0.62,0.6,-0.047077,1,0,0
0.64,0.6,-0.041823,1,0,0
0.66,0.6,-0.033439,1,0,0
0.68,0.6,-0.046527,1,0,0
0.7,0.6,-0.037721,1,0,0
0.72,0.6,-0.056698,1,0,0
0.74,0.6,-0.080084,1,0,0
0.76,0.6,-0.069676,1,0,0
0.78,0.6,-0.076621,1,0,0
0.8,0.6,-0.093662,1,0,0
0.82,0.6,-0.10297,1,0,0
0.84,0.6,-0.072419,1,0,0
0.86,0.6,-0.046427,1,0,0
0.88,0.6,-0.036041,1,0,0
0.9,0.6,-0.04196,1,0,0
0.92,0.6,-0.026853,1,0,0
0.94,0.6,-0.010003,1,0,0
0.96,0.6,-0.0037281,1,0,0
0.98,0.6,0.0086309,1,0,0
0.02,0.62,-0.025547,1,0,0
0.04,0.62,-0.024481,1,0,0
0.06,0.62,-0.0244,1,0,0
0.08,0.62,-0.032221,1,0,0
0.1,0.62,-0.031552,1,0,0
0.12,0.62,-0.033941,1,0,0
0.14,0.62,-0.010623,1,0,0
0.16,0.62,-0.010412,1,0,0
0.18,0.62,-0.016893,1,0,0
0.2,0.62,-0.0037949,1,0,0
0.22,0.62,0.0047001,1,0,0
0.24,0.62,-0.0010805,1,0,0
0.26,0.62,-0.020421,1,0,0
0.28,0.62,-0.030254,1,0,0
0.3,0.62,-0.01807,1,0,0
0.32,0.62,-0.021798,1,0,0
0.34,0.62,-0.0028727,1,0,0
0.36,0.62,0.0093725,1,0,0
0.38,0.62,0.011723,1,0,0
0.4,0.62,0.028622,1,0,0
0.42,0.62,0.036043,1,0,0
0.44,0.62,0.022795,1,0,0
0.46,0.62,0.025462,1,0,0
0.48,0.62,0.036446,1,0,0
0.5,0.62,0.019974,1,0,0
0.52,0.62,0.0087352,1,0,0
0.54,0.62,-0.017698,1,0,0
0.56,0.62,-0.043851,1,0,0
0.58,0.62,-0.031486,1,0,0
0.6,0.62,-0.039673,1,0,0
0.62,0.62,-0.045754,1,0,0
0.64,0.62,-0.025275,1,0,0
0.66,0.62,-0.03031,1,0,0
0.68,0.62,-0.013926,1,0,0
0.7,0.62,-0.029811,1,0,0
0.72,0.62,-0.044375,1,0,0
0.74,0.62,-0.06276,1,0,0
0.76,0.62,-0.060726,1,0,0
0.78,0.62,-0.074506,1,0,0
0.8,0.62,-0.075987,1,0,0
0.82,0.62,-0.065909,1,0,0
0.84,0.62,-0.054061,1,0,0
0.86,0.62,-0.050258,1,0,0
0.88,0.62,-0.026243,1,0,0
0.9,0.62,-0.026925,1,0,0
0.92,0.62,-0.015716,1,0,0
0.94,0.62,0.0054788,1,0,0
0.96,0.62,0.019687,1,0,0
0.98,0.62,0.018624,1,0,0
0.02,0.64,-0.036391,1,0,0
0.04,0.64,-0.032024,1,0,0
0.06,0.64,-0.025662,1,0,0
0.08,0.64,-0.029597,1,0,0
0.1,0.64,-0.029393,1,0,0
0.12,0.64,-0.036158,1,0,0
0.14,0.64,-0.025621,1,0,0
0.16,0.64,-0.022805,1,0,0
0.18,0.64,-0.017286,1,0,0
0.2,0.64,-0.024442,1,0,0
0.22,0.64,-0.0063206,1,0,0
0.24,0.64,0.0047264,1,0,0
0.26,0.64,-0.0071944,1,0,0
0.28,0.64,-0.019163,1,0,0
0.3,0.64,-0.019069,1,0,0
0.32,0.64,-0.0081913,1,0,0
0.34,0.64,0.0073566,1,0,0
0.36,0.64,0.015575,1,0,0
0.38,0.64,0.024117,1,0,0
0.4,0.64,0.029032,1,0,0
0.42,0.64,0.023099,1,0,0
0.44,0.64,0.034998,1,0,0
0.46,0.64,0.041901,1,0,0
0.48,0.64,0.03472,1,0,0
0.5,0.64,0.02724,1,0,0
0.52,0.64,0.021005,1,0,0
0.54,0.64,-0.0027101,1,0,0
0.56,0.64,-0.032753,1,0,0
0.58,0.64,-0.026002,1,0,0
0.6,0.64,-0.018267,1,0,0
0.62,0.64,-0.04183,1,0,0
0.64,0.64,-0.028938,1,0,0
0.66,0.64,-0.014657,1,0,0
0.68,0.64,-0.011545,1,0,0
0.7,0.64,-0.02412,1,0,0
0.72,0.64,-0.044349,1,0,0
0.74,0.64,-0.072135,1,0,0
0.76,0.64,-0.064244,1,0,0
0.78,0.64,-0.07234,1,0,0
0.8,0.64,-0.064782,1,0,0
0.82,0.64,-0.035086,1,0,0
0.84,0.64,-0.025591,1,0,0
0.86,0.64,-0.024858,1,0,0
0.88,0.64,-0.016618,1,0,0
0.9,0.64,-0.018267,1,0,0
0.92,0.64,-0.010188,1,0,0
0.94,0.64,0.0091665,1,0,0
0.96,0.64,0.03036,1,0,0
0.98,0.64,0.027276,1,0,0
0.02,0.66,-0.043449,1,0,0
0.04,0.66,-0.042437,1,0,0
0.06,0.66,-0.044086,1,0,0
0.08,0.66,-0.031338,1,0,0
0.1,0.66,-0.0366,1,0,0
0.12,0.66,-0.035489,1,0,0
0.14,0.66,-0.034388,1,0,0
0.16,0.66,-0.025779,1,0,0
0.18,0.66,-0.022825,1,0,0
0.2,0.66,-0.037466,1,0,0
0.22,0.66,-0.029116,1,0,0
0.24,0.66,-0.020015,1,0,0
0.26,0.66,-0.0097237,1,0,0
0.28,0.66,-0.018311,1,0,0
0.3,0.66,-0.013026,1,0,0
0.32,0.66,-0.0091143,1,0,0
0.34,0.66,0.002481,1,0,0
0.36,0.66,0.021258,1,0,0
0.38,0.66,0.025628,1,0,0
0.4,0.66,0.029489,1,0,0
0.42,0.66,0.037403,1,0,0
0.44,0.66,0.022761,1,0,0
0.46,0.66,0.038038,1,0,0
0.48,0.66,0.038819,1,0,0
0.5,0.66,0.032322,1,0,0
0.52,0.66,0.033354,1,0,0
0.54,0.66,0.014609,1,0,0
0.56,0.66,-0.0056866,1,0,0
0.58,0.66,-0.0050469,1,0,0
0.6,0.66,-0.014095,1,0,0
0.62,0.66,-0.024783,1,0,0
0.64,0.66,-0.036433,1,0,0
0.66,0.66,-0.026587,1,0,0
0.68,0.66,-0.021989,1,0,0
0.7,0.66,-0.017127,1,0,0
0.72,0.66,-0.053668,1,0,0
0.74,0.66,-0.060068,1,0,0
0.76,0.66,-0.052153,1,0,0
0.78,0.66,-0.053547,1,0,0
0.8,0.66,-0.042845,1,0,0
0.82,0.66,-0.03781,1,0,0
0.84,0.66,-0.019389,1,0,0
0.86,0.66,-0.022131,1,0,0
0.88,0.66,-0.0061443,1,0,0
0.9,0.66,-0.003493,1,0,0
0.92,0.66,0.0044719,1,0,0
0.94,0.66,0.017839,1,0,0
0.96,0.66,0.027606,1,0,0
0.98,0.66,0.022479,1,0,0
0.02,0.68,-0.063855,1,0,0
0.04,0.68,-0.06523,1,0,0
0.06,0.68,-0.043287,1,0,0
0.08,0.68,-0.03568,1,0,0
0.1,0.68,-0.030199,1,0,0
0.12,0.68,-0.027883,1,0,0
0.14,0.68,-0.024376,1,0,0
0.16,0.68,-0.025551,1,0,0
0.18,0.68,-0.028328,1,0,0
0.2,0.68,-0.036881,1,0,0
0.22,0.68,-0.043969,1,0,0
0.24,0.68,-0.03155,1,0,0
0.26,0.68,-0.030652,1,0,0
0.28,0.68,-0.025444,1,0,0
0.3,0.68,-0.020156,1,0,0
0.32,0.68,-0.015621,1,0,0
0.34,0.68,0.0059688,1,0,0
0.36,0.68,0.0067849,1,0,0
0.38,0.68,0.022332,1,0,0
0.4,0.68,0.029094,1,0,0
0.42,0.68,0.045706,1,0,0
0.44,0.68,0.039548,1,0,0
0.46,0.68,0.046375,1,0,0
0.48,0.68,0.044883,1,0,0
0.5,0.68,0.046917,1,0,0
0.52,0.68,0.018039,1,0,0
0.54,0.68,0.02226,1,0,0
0.56,0.68,0.0074203,1,0,0
0.58,0.68,0.0023562,1,0,0
0.6,0.68,-0.011808,1,0,0
0.62,0.68,-0.017978,1,0,0
0.64,0.68,-0.033932,1,0,0
0.66,0.68,-0.035339,1,0,0
0.68,0.68,-0.031288,1,0,0
0.7,0.68,-0.023363,1,0,0
0.72,0.68,-0.032052,1,0,0
0.74,0.68,-0.037106,1,0,0
0.76,0.68,-0.036817,1,0,0
0.78,0.68,-0.031251,1,0,0
0.8,0.68,-0.041403,1,0,0
0.82,0.68,-0.028911,1,0,0
0.84,0.68,-0.027244,1,0,0
0.86,0.68,-0.016595,1,0,0
0.88,0.68,-0.0080027,1,0,0
0.9,0.68,-0.005793,1,0,0
0.92,0.68,0.006087,1,0,0
0.94,0.68,0.011276,1,0,0
0.96,0.68,0.017917,1,0,0
0.98,0.68,0.023058,1,0,0
0.02,0.7,-0.092821,1,0,0
0.04,0.7,-0.08215,1,0,0
0.06,0.7,-0.053572,1,0,0
0.08,0.7,-0.049876,1,0,0
0.1,0.7,-0.047368,1,0,0
0.12,0.7,-0.029027,1,0,0
0.14,0.7,-0.029805,1,0,0
0.16,0.7,-0.043301,1,0,0
0.18,0.7,-0.046822,1,0,0
0.2,0.7,-0.05137,1,0,0
0.22,0.7,-0.051141,1,0,0
0.24,0.7,-0.036062,1,0,0
0.26,0.7,-0.028102,1,0,0
0.28,0.7,-0.04022,1,0,0
0.3,0.7,-0.028194,1,0,0
0.32,0.7,-0.029328,1,0,0
0.34,0.7,-0.014631,1,0,0
0.36,0.7,-0.014153,1,0,0
0.38,0.7,0.0002575,1,0,0
0.4,0.7,0.019361,1,0,0
0.42,0.7,0.054106,1,0,0
0.44,0.7,0.062715,1,0,0
0.46,0.7,0.056909,1,0,0
0.48,0.7,0.038655,1,0,0
0.5,0.7,0.038698,1,0,0
0.52,0.7,0.029028,1,0,0
0.54,0.7,0.02137,1,0,0
0.56,0.7,-0.0030642,1,0,0
0.58,0.7,-0.0026098,1,0,0
0.6,0.7,-0.022147,1,0,0
0.62,0.7,-0.011455,1,0,0
0.64,0.7,-0.011878,1,0,0
0.66,0.7,-0.021086,1,0,0
0.68,0.7,-0.033369,1,0,0
0.7,0.7,-0.028289,1,0,0
0.72,0.7,-0.019502,1,0,0
0.74,0.7,-0.015508,1,0,0
0.76,0.7,-0.030447,1,0,0
0.78,0.7,-0.023958,1,0,0
0.8,0.7,-0.029526,1,0,0
0.82,0.7,-0.023768,1,0,0
0.84,0.7,-0.017397,1,0,0
0.86,0.7,-0.011028,1,0,0
0.88,0.7,-0.020581,1,0,0
0.9,0.7,-0.024705,1,0,0
0.92,0.7,-0.0067263,1,0,0
0.94,0.7,-0.0078029,1,0,0
0.96,0.7,-0.010837,1,0,0
0.98,0.7,-0.0024291,1,0,0
0.02,0.72,-0.091809,1,0,0
0.04,0.72,-0.094065,1,0,0
0.06,0.72,-0.072904,1,0,0
0.08,0.72,-0.043677,1,0,0
0.1,0.72,-0.048967,1,0,0
0.12,0.72,-0.042043,1,0,0
0.14,0.72,-0.050682,1,0,0
0.16,0.72,-0.045384,1,0,0
0.18,0.72,-0.046261,1,0,0
0.2,0.72,-0.057557,1,0,0
0.22,0.72,-0.039443,1,0,0
0.24,0.72,-0.035021,1,0,0
0.26,0.72,-0.027224,1,0,0
0.28,0.72,-0.029314,1,0,0
0.3,0.72,-0.03008,1,0,0
0.32,0.72,-0.029447,1,0,0
0.34,0.72,-0.014832,1,0,0
0.36,0.72,-0.0022631,1,0,0
0.38,0.72,0.0024415,1,0,0
0.4,0.72,0.011283,1,0,0
0.42,0.72,0.049798,1,0,0
0.44,0.72,0.056577,1,0,0
0.46,0.72,0.046394,1,0,0
0.48,0.72,0.028129,1,0,0
0.5,0.72,0.036335,1,0,0
0.52,0.72,0.031564,1,0,0
0.54,0.72,0.030692,1,0,0
0.56,0.72,0.016934,1,0,0
0.58,0.72,-0.005364,1,0,0
0.6,0.72,-0.0076204,1,0,0
0.62,0.72,-0.0045809,1,0,0
0.64,0.72,-0.019326,1,0,0
0.66,0.72,-0.013276,1,0,0
0.68,0.72,-0.014842,1,0,0
0.7,0.72,-0.012867,1,0,0
0.72,0.72,-0.0066205,1,0,0
0.74,0.72,0.0014009,1,0,0
0.76,0.72,0.00037226,1,0,0
0.78,0.72,-0.020628,1,0,0
0.8,0.72,-0.015605,1,0,0
0.82,0.72,-0.02079,1,0,0
0.84,0.72,-0.014173,1,0,0
0.86,0.72,-0.018252,1,0,0
0.88,0.72,-0.018556,1,0,0
0.9,0.72,-0.02807,1,0,0
0.92,0.72,-0.025828,1,0,0
0.94,0.72,-0.0047525,1,0,0
0.96,0.72,-0.0064095,1,0,0
0.98,0.72,-0.013624,1,0,0
0.02,0.74,-0.089612,1,0,0
0.04,0.74,-0.1032,1,0,0
0.06,0.74,-0.074158,1,0,0
0.08,0.74,-0.064323,1,0,0
0.1,0.74,-0.052627,1,0,0
0.12,0.74,-0.067845,1,0,0
0.14,0.74,-0.079534,1,0,0
0.16,0.74,-0.07321,1,0,0
0.18,0.74,-0.050007,1,0,0
0.2,0.74,-0.061098,1,0,0
0.22,0.74,-0.051261,1,0,0
0.24,0.74,-0.023423,1,0,0
0.26,0.74,-0.024772,1,0,0
0.28,0.74,-0.032442,1,0,0
0.3,0.74,-0.03329,1,0,0
0.32,0.74,-0.027082,1,0,0
0.34,0.74,-0.02688,1,0,0
0.36,0.74,-0.010951,1,0,0
0.38,0.74,0.0092205,1,0,0
0.4,0.74,0.02232,1,0,0
0.42,0.74,0.031004,1,0,0
0.44,0.74,0.03524,1,0,0
0.46,0.74,0.030617,1,0,0
0.48,0.74,0.014931,1,0,0
0.5,0.74,0.014863,1,0,0
0.52,0.74,0.023359,1,0,0
0.54,0.74,0.016558,1,0,0
0.56,0.74,0.0039018,1,0,0
0.58,0.74,-0.0051165,1,0,0
0.6,0.74,0.0059694,1,0,0
0.62,0.74,-0.0042792,1,0,0
0.64,0.74,-0.0077585,1,0,0
0.66,0.74,-0.0083661,1,0,0
0.68,0.74,0.0019511,1,0,0
0.7,0.74,-0.0071597,1,0,0
0.72,0.74,-0.0029297,1,0,0
0.74,0.74,-0.0076995,1,0,0
0.76,0.74,-0.0054067,1,0,0
0.78,0.74,-0.011866,1,0,0
0.8,0.74,-0.011393,1,0,0
0.82,0.74,-0.016486,1,0,0
0.84,0.74,-0.019054,1,0,0
0.86,0.74,-0.021759,1,0,0
0.88,0.74,-0.030513,1,0,0
0.9,0.74,-0.031995,1,0,0
0.92,0.74,-0.034605,1,0,0
0.94,0.74,-0.034504,1,0,0
0.96,0.74,-0.030646,1,0,0
0.98,0.74,-0.025334,1,0,0
0.02,0.76,-0.1127,1,0,0
0.04,0.76,-0.10919,1,0,0
0.06,0.76,-0.090787,1,0,0
0.08,0.76,-0.08741,1,0,0
0.1,0.76,-0.075524,1,0,0
0.12,0.76,-0.099379,1,0,0
0.14,0.76,-0.098895,1,0,0
0.16,0.76,-0.090224,1,0,0
0.18,0.76,-0.083802,1,0,0
0.2,0.76,-0.085827,1,0,0
0.22,0.76,-0.057544,1,0,0
0.24,0.76,-0.032245,1,0,0
0.26,0.76,-0.02528,1,0,0
0.28,0.76,-0.036611,1,0,0
0.3,0.76,-0.03269,1,0,0
0.32,0.76,-0.037144,1,0,0
0.34,0.76,-0.028683,1,0,0
0.36,0.76,-0.023064,1,0,0
0.38,0.76,-0.018887,1,0,0
0.4,0.76,0.0012101,1,0,0
0.42,0.76,0.0029501,1,0,0
0.44,0.76,0.012712,1,0,0
0.46,0.76,0.0054128,1,0,0
0.48,0.76,0.015283,1,0,0
0.5,0.76,-0.0075668,1,0,0
0.52,0.76,-0.0015696,1,0,0
0.54,0.76,-0.0055734,1,0,0
0.56,0.76,-0.0091728,1,0,0
0.58,0.76,-0.012468,1,0,0
0.6,0.76,-0.0051376,1,0,0
0.62,0.76,-0.0034364,1,0,0
0.64,0.76,-0.0066112,1,0,0
0.66,0.76,-0.011611,1,0,0
0.68,0.76,-0.0052664,1,0,0
0.7,0.76,-0.01264,1,0,0
0.72,0.76,-0.013512,1,0,0
0.74,0.76,-0.018483,1,0,0
0.76,0.76,-0.024534,1,0,0
0.78,0.76,-0.023723,1,0,0
0.8,0.76,-0.027681,1,0,0
0.82,0.76,-0.021848,1,0,0
0.84,0.76,-0.023816,1,0,0
0.86,0.76,-0.040288,1,0,0
0.88,0.76,-0.037201,1,0,0
0.9,0.76,-0.049097,1,0,0
0.92,0.76,-0.050162,1,0,0
0.94,0.76,-0.059869,1,0,0
0.96,0.76,-0.053912,1,0,0
0.98,0.76,-0.057268,1,0,0
0.02,0.78,-0.1092,1,0,0
0.04,0.78,-0.10877,1,0,0
0.06,0.78,-0.098057,1,0,0
0.08,0.78,-0.1024,1,0,0
0.1,0.78,-0.109,1,0,0
0.12,0.78,-0.10117,1,0,0
0.14,0.78,-0.092326,1,0,0
0.16,0.78,-0.084537,1,0,0
0.18,0.78,-0.082705,1,0,0
0.2,0.78,-0.087348,1,0,0
0.22,0.78,-0.057842,1,0,0
0.24,0.78,-0.038384,1,0,0
0.26,0.78,-0.031803,1,0,0
0.28,0.78,-0.030304,1,0,0
0.3,0.78,-0.039604,1,0,0
0.32,0.78,-0.038667,1,0,0
0.34,0.78,-0.02463,1,0,0
0.36,0.78,-0.023342,1,0,0
0.38,0.78,-0.031086,1,0,0
0.4,0.78,-0.020125,1,0,0
0.42,0.78,-0.0051897,1,0,0
0.44,0.78,-0.004904,1,0,0
0.46,0.78,0.0032978,1,0,0
0.48,0.78,-0.0049518,1,0,0
0.5,0.78,-0.011484,1,0,0
0.52,0.78,-0.0099961,1,0,0
0.54,0.78,-0.012355,1,0,0
0.56,0.78,-0.014329,1,0,0
0.58,0.78,-0.010784,1,0,0
0.6,0.78,-0.0032693,1,0,0
0.62,0.78,-0.017395,1,0,0
0.64,0.78,-0.0178,1,0,0
0.66,0.78,-0.02117,1,0,0
0.68,0.78,-0.032291,1,0,0
0.7,0.78,-0.019975,1,0,0
0.72,0.78,-0.013163,1,0,0
0.74,0.78,-0.025118,1,0,0
0.76,0.78,-0.018688,1,0,0
0.78,0.78,-0.028054,1,0,0
0.8,0.78,-0.033483,1,0,0
0.82,0.78,-0.035283,1,0,0
0.84,0.78,-0.03901,1,0,0
0.86,0.78,-0.047578,1,0,0
0.88,0.78,-0.056852,1,0,0
0.9,0.78,-0.0546,1,0,0
0.92,0.78,-0.051683,1,0,0
0.94,0.78,-0.053428,1,0,0
0.96,0.78,-0.059057,1,0,0
0.98,0.78,-0.063026,1,0,0
0.02,0.8,-0.10895,1,0,0
0.04,0.8,-0.10501,1,0,0
0.06,0.8,-0.098221,1,0,0
0.08,0.8,-0.10639,1,0,0
0.1,0.8,-0.10858,1,0,0
0.12,0.8,-0.099977,1,0,0
0.14,0.8,-0.08376,1,0,0
0.16,0.8,-0.074497,1,0,0
0.18,0.8,-0.068748,1,0,0
0.2,0.8,-0.067222,1,0,0
0.22,0.8,-0.054066,1,0,0
0.24,0.8,-0.051988,1,0,0
0.26,0.8,-0.032589,1,0,0
0.28,0.8,-0.026282,1,0,0
0.3,0.8,-0.032236,1,0,0
0.32,0.8,-0.033242,1,0,0
0.34,0.8,-0.017178,1,0,0
0.36,0.8,-0.0093423,1,0,0
0.38,0.8,-0.021126,1,0,0
0.4,0.8,-0.02156,1,0,0
0.42,0.8,-0.0012018,1,0,0
0.44,0.8,-0.016783,1,0,0
0.46,0.8,0.00097135,1,0,0
0.48,0.8,-0.0028765,1,0,0
0.5,0.8,-0.0057446,1,0,0
0.52,0.8,-0.0047956,1,0,0
0.54,0.8,-0.013909,1,0,0
0.56,0.8,-0.013489,1,0,0
0.58,0.8,0.012728,1,0,0
0.6,0.8,0.010471,1,0,0
0.62,0.8,-0.013029,1,0,0
0.64,0.8,-0.022373,1,0,0
0.66,0.8,-0.0236,1,0,0
0.68,0.8,-0.031266,1,0,0
0.7,0.8,-0.013624,1,0,0
0.72,0.8,-0.017072,1,0,0
0.74,0.8,-0.024917,1,0,0
0.76,0.8,-0.016916,1,0,0
0.78,0.8,-0.010173,1,0,0
0.8,0.8,-0.032055,1,0,0
0.82,0.8,-0.045847,1,0,0
0.84,0.8,-0.046726,1,0,0
0.86,0.8,-0.046486,1,0,0
0.88,0.8,-0.056815,1,0,0
0.9,0.8,-0.048308,1,0,0
0.92,0.8,-0.051884,1,0,0
0.94,0.8,-0.041774,1,0,0
0.96,0.8,-0.041405,1,0,0
0.98,0.8,-0.039878,1,0,0
0.02,0.82,-0.10203,1,0,0
0.04,0.82,-0.095418,1,0,0
0.06,0.82,-0.099447,1,0,0
0.08,0.82,-0.088614,1,0,0
0.1,0.82,-0.095016,1,0,0
0.12,0.82,-0.10165,1,0,0
0.14,0.82,-0.095855,1,0,0
0.16,0.82,-0.083797,1,0,0
0.18,0.82,-0.076728,1,0,0
0.2,0.82,-0.070629,1,0,0
0.22,0.82,-0.049801,1,0,0
0.24,0.82,-0.045169,1,0,0
0.26,0.82,-0.04108,1,0,0
0.28,0.82,-0.030464,1,0,0
0.3,0.82,-0.014159,1,0,0
0.32,0.82,-0.026871,1,0,0
0.34,0.82,-0.0056108,1,0,0
0.36,0.82,-0.019489,1,0,0
0.38,0.82,-0.024233,1,0,0
0.4,0.82,-0.02505,1,0,0
0.42,0.82,-0.024402,1,0,0
0.44,0.82,-0.034177,1,0,0
0.46,0.82,-0.020448,1,0,0
0.48,0.82,-0.0053148,1,0,0
0.5,0.82,-0.0055071,1,0,0
0.52,0.82,-0.015228,1,0,0
0.54,0.82,-0.012459,1,0,0
0.56,0.82,-0.022157,1,0,0
0.58,0.82,0.0076991,1,0,0
0.6,0.82,0.0089285,1,0,0
0.62,0.82,-0.0058991,1,0,0
0.64,0.82,-0.025414,1,0,0
0.66,0.82,-0.020977,1,0,0
0.68,0.82,-0.033107,1,0,0
0.7,0.82,-0.02641,1,0,0
0.72,0.82,-0.043864,1,0,0
0.74,0.82,-0.048445,1,0,0
0.76,0.82,-0.031883,1,0,0
0.78,0.82,-0.029615,1,0,0
0.8,0.82,-0.045506,1,0,0
0.82,0.82,-0.038768,1,0,0
0.84,0.82,-0.047513,1,0,0
0.86,0.82,-0.048738,1,0,0
0.88,0.82,-0.042575,1,0,0
0.9,0.82,-0.058368,1,0,0
0.92,0.82,-0.057698,1,0,0
0.94,0.82,-0.054315,1,0,0
0.96,0.82,-0.032154,1,0,0
0.98,0.82,-0.022623,1,0,0
0.02,0.84,-0.090681,1,0,0
0.04,0.84,-0.083404,1,0,0
0.06,0.84,-0.087531,1,0,0
0.08,0.84,-0.094656,1,0,0
0.1,0.84,-0.094036,1,0,0
0.12,0.84,-0.1007,1,0,0
0.14,0.84,-0.10211,1,0,0
0.16,0.84,-0.088679,1,0,0
0.18,0.84,-0.076795,1,0,0
0.2,0.84,-0.061978,1,0,0
0.22,0.84,-0.045263,1,0,0
0.24,0.84,-0.029317,1,0,0
0.26,0.84,-0.035335,1,0,0
0.28,0.84,-0.042048,1,0,0
0.3,0.84,-0.014352,1,0,0
0.32,0.84,0.0086704,1,0,0
0.34,0.84,0.002897,1,0,0
0.36,0.84,-0.0090192,1,0,0
0.38,0.84,-0.017771,1,0,0
0.4,0.84,-0.029642,1,0,0
0.42,0.84,-0.038154,1,0,0
0.44,0.84,-0.06654,1,0,0
0.46,0.84,-0.035871,1,0,0
0.48,0.84,-0.033608,1,0,0
0.5,0.84,-0.020271,1,0,0
0.52,0.84,-0.0027232,1,0,0
0.54,0.84,0.003937,1,0,0
0.56,0.84,-0.010693,1,0,0
0.58,0.84,0.014267,1,0,0
0.6,0.84,0.0076657,1,0,0
0.62,0.84,-0.0026104,1,0,0
0.64,0.84,-0.0070162,1,0,0
0.66,0.84,-0.018915,1,0,0
0.68,0.84,-0.031807,1,0,0
0.7,0.84,-0.042865,1,0,0
0.72,0.84,-0.051164,1,0,0
0.74,0.84,-0.053849,1,0,0
0.76,0.84,-0.036675,1,0,0
0.78,0.84,-0.042941,1,0,0
0.8,0.84,-0.05368,1,0,0
0.82,0.84,-0.047028,1,0,0
0.84,0.84,-0.038919,1,0,0
0.86,0.84,-0.042754,1,0,0
0.88,0.84,-0.053116,1,0,0
0.9,0.84,-0.053978,1,0,0
0.92,0.84,-0.056971,1,0,0
0.94,0.84,-0.038982,1,0,0
0.96,0.84,-0.019041,1,0,0
0.98,0.84,-0.009401,1,0,0
0.02,0.86,-0.075978,1,0,0
0.04,0.86,-0.089299,1,0,0
0.06,0.86,-0.096095,1,0,0
0.08,0.86,-0.095752,1,0,0
0.1,0.86,-0.10833,1,0,0
0.12,0.86,-0.11106,1,0,0
0.14,0.86,-0.10813,1,0,0
0.16,0.86,-0.096218,1,0,0
0.18,0.86,-0.067197,1,0,0
0.2,0.86,-0.057997,1,0,0
0.22,0.86,-0.026051,1,0,0
0.24,0.86,-0.033989,1,0,0
0.26,0.86,-0.047633,1,0,0
0.28,0.86,-0.050979,1,0,0
0.3,0.86,-0.029203,1,0,0
0.32,0.86,-0.0048324,1,0,0
0.34,0.86,-0.0018776,1,0,0
0.36,0.86,-0.0062347,1,0,0
0.38,0.86,-0.025094,1,0,0
0.4,0.86,-0.033786,1,0,0
0.42,0.86,-0.042768,1,0,0
0.44,0.86,-0.058624,1,0,0
0.46,0.86,-0.060254,1,0,0
0.48,0.86,-0.049347,1,0,0
0.5,0.86,-0.033603,1,0,0
0.52,0.86,-0.018179,1,0,0
0.54,0.86,-0.013551,1,0,0
0.56,0.86,-0.0069788,1,0,0
0.58,0.86,-0.0063505,1,0,0
0.6,0.86,0.010966,1,0,0
0.62,0.86,0.005942,1,0,0
0.64,0.86,-0.0080707,1,0,0
0.66,0.86,-0.0071869,1,0,0
0.68,0.86,-0.027393,1,0,0
0.7,0.86,-0.036913,1,0,0
0.72,0.86,-0.058462,1,0,0
0.74,0.86,-0.05169,1,0,0
0.76,0.86,-0.032037,1,0,0
0.78,0.86,-0.056976,1,0,0
0.8,0.86,-0.063714,1,0,0
0.82,0.86,-0.055851,1,0,0
0.84,0.86,-0.052115,1,0,0
0.86,0.86,-0.051206,1,0,0
0.88,0.86,-0.058769,1,0,0
0.9,0.86,-0.081366,1,0,0
0.92,0.86,-0.073974,1,0,0
0.94,0.86,-0.043909,1,0,0
0.96,0.86,-0.013874,1,0,0
0.98,0.86,-0.017555,1,0,0
0.02,0.88,-0.082214,1,0,0
0.04,0.88,-0.099401,1,0,0
0.06,0.88,-0.08565,1,0,0
0.08,0.88,-0.098008,1,0,0
0.1,0.88,-0.10247,1,0,0
0.12,0.88,-0.099685,1,0,0
0.14,0.88,-0.098162,1,0,0
0.16,0.88,-0.093082,1,0,0
0.18,0.88,-0.061336,1,0,0
0.2,0.88,-0.03599,1,0,0
0.22,0.88,-0.036209,1,0,0
0.24,0.88,-0.038112,1,0,0
0.26,0.88,-0.044353,1,0,0
0.28,0.88,-0.049399,1,0,0
0.3,0.88,-0.023636,1,0,0
0.32,0.88,-0.01658,1,0,0
0.34,0.88,-0.023542,1,0,0
0.36,0.88,-0.024514,1,0,0
0.38,0.88,-0.032973,1,0,0
0.4,0.88,-0.043848,1,0,0
0.42,0.88,-0.045064,1,0,0
0.44,0.88,-0.051266,1,0,0
0.46,0.88,-0.058183,1,0,0
0.48,0.88,-0.04527,1,0,0
0.5,0.88,-0.031796,1,0,0
0.52,0.88,-0.022487,1,0,0
0.54,0.88,-0.042457,1,0,0
0.56,0.88,-0.033953,1,0,0
0.58,0.88,-0.0038007,1,0,0
0.6,0.88,0.0078239,1,0,0
0.62,0.88,0.0058655,1,0,0
0.64,0.88,0.0037525,1,0,0
0.66,0.88,-0.0021679,1,0,0
0.68,0.88,-0.0058858,1,0,0
0.7,0.88,-0.028475,1,0,0
0.72,0.88,-0.043836,1,0,0
0.74,0.88,-0.046052,1,0,0
0.76,0.88,-0.039399,1,0,0
0.78,0.88,-0.048969,1,0,0
0.8,0.88,-0.062547,1,0,0
0.82,0.88,-0.083018,1,0,0
0.84,0.88,-0.073058,1,0,0
0.86,0.88,-0.060715,1,0,0
0.88,0.88,-0.060222,1,0,0
0.9,0.88,-0.092356,1,0,0
0.92,0.88,-0.074528,1,0,0
0.94,0.88,-0.060746,1,0,0
0.96,0.88,-0.03669,1,0,0
0.98,0.88,-0.024418,1,0,0
0.02,0.9,-0.074965,1,0,0
0.04,0.9,-0.095721,1,0,0
0.06,0.9,-0.079624,1,0,0
0.08,0.9,-0.10435,1,0,0
0.1,0.9,-0.11354,1,0,0
0.12,0.9,-0.10159,1,0,0
0.14,0.9,-0.092002,1,0,0
0.16,0.9,-0.084946,1,0,0
0.18,0.9,-0.05927,1,0,0
0.2,0.9,-0.033929,1,0,0
0.22,0.9,-0.038023,1,0,0
0.24,0.9,-0.040184,1,0,0
0.26,0.9,-0.054544,1,0,0
0.28,0.9,-0.055977,1,0,0
0.3,0.9,-0.045223,1,0,0
0.32,0.9,-0.033636,1,0,0
0.34,0.9,-0.033784,1,0,0
0.36,0.9,-0.043526,1,0,0
0.38,0.9,-0.044039,1,0,0
0.4,0.9,-0.054284,1,0,0
0.42,0.9,-0.045993,1,0,0
0.44,0.9,-0.049588,1,0,0
0.46,0.9,-0.048459,1,0,0
0.48,0.9,-0.042613,1,0,0
0.5,0.9,-0.025915,1,0,0
0.52,0.9,-0.049161,1,0,0
0.54,0.9,-0.050393,1,0,0
0.56,0.9,-0.02349,1,0,0
0.58,0.9,0.0032988,1,0,0
0.6,0.9,0.020847,1,0,0
0.62,0.9,0.023092,1,0,0
0.64,0.9,0.016789,1,0,0
0.66,0.9,0.00024241,1,0,0
0.68,0.9,-0.0026102,1,0,0
0.7,0.9,-0.024657,1,0,0
0.72,0.9,-0.027207,1,0,0
0.74,0.9,-0.039495,1,0,0
0.76,0.9,-0.032198,1,0,0
0.78,0.9,-0.050283,1,0,0
0.8,0.9,-0.072537,1,0,0
0.82,0.9,-0.088792,1,0,0
0.84,0.9,-0.087701,1,0,0
0.86,0.9,-0.068061,1,0,0
0.88,0.9,-0.06668,1,0,0
0.9,0.9,-0.086083,1,0,0
0.92,0.9,-0.07534,1,0,0
0.94,0.9,-0.065245,1,0,0
0.96,0.9,-0.059519,1,0,0
0.98,0.9,-0.044651,1,0,0
0.02,0.92,-0.050185,1,0,0
0.04,0.92,-0.064574,1,0,0
0.06,0.92,-0.076415,1,0,0
0.08,0.92,-0.093065,1,0,0
0.1,0.92,-0.1176,1,0,0
0.12,0.92,-0.095851,1,0,0
0.14,0.92,-0.083303,1,0,0
0.16,0.92,-0.070601,1,0,0
0.18,0.92,-0.050333,1,0,0
0.2,0.92,-0.056631,1,0,0
0.22,0.92,-0.03923,1,0,0
0.24,0.92,-0.048254,1,0,0
0.26,0.92,-0.053711,1,0,0
0.28,0.92,-0.082139,1,0,0
0.3,0.92,-0.067078,1,0,0
0.32,0.92,-0.055837,1,0,0
0.34,0.92,-0.053047,1,0,0
0.36,0.92,-0.049305,1,0,0
0.38,0.92,-0.050986,1,0,0
0.4,0.92,-0.051588,1,0,0
0.42,0.92,-0.041789,1,0,0
0.44,0.92,-0.050462,1,0,0
0.46,0.92,-0.044212,1,0,0
0.48,0.92,-0.044913,1,0,0
0.5,0.92,-0.042968,1,0,0
0.52,0.92,-0.048918,1,0,0
0.54,0.92,-0.043307,1,0,0
0.56,0.92,-0.011405,1,0,0
0.58,0.92,0.010105,1,0,0
0.6,0.92,0.027681,1,0,0
0.62,0.92,0.04792,1,0,0
0.64,0.92,0.023099,1,0,0
0.66,0.92,0.0091042,1,0,0
0.68,0.92,-0.0080703,1,0,0
0.7,0.92,-0.015942,1,0,0
0.72,0.92,-0.038018,1,0,0
0.74,0.92,-0.0303,1,0,0
0.76,0.92,-0.033753,1,0,0
0.78,0.92,-0.06193,1,0,0
0.8,0.92,-0.075934,1,0,0
0.82,0.92,-0.088651,1,0,0
0.84,0.92,-0.091253,1,0,0
0.86,0.92,-0.082857,1,0,0
0.88,0.92,-0.076291,1,0,0
0.9,0.92,-0.076047,1,0,0
0.92,0.92,-0.069112,1,0,0
0.94,0.92,-0.062387,1,0,0
0.96,0.92,-0.068677,1,0,0
0.98,0.92,-0.069913,1,0,0
0.02,0.94,-0.059636,1,0,0
0.04,0.94,-0.064794,1,0,0
0.06,0.94,-0.05994,1,0,0
0.08,0.94,-0.075744,1,0,0
0.1,0.94,-0.085132,1,0,0
0.12,0.94,-0.087057,1,0,0
0.14,0.94,-0.093198,1,0,0
0.16,0.94,-0.078003,1,0,0
0.18,0.94,-0.062205,1,0,0
0.2,0.94,-0.070083,1,0,0
0.22,0.94,-0.066668,1,0,0
0.24,0.94,-0.06031,1,0,0
0.26,0.94,-0.065635,1,0,0
0.28,0.94,-0.095169,1,0,0
0.3,0.94,-0.093031,1,0,0
0.32,0.94,-0.07889,1,0,0
0.34,0.94,-0.071369,1,0,0
0.36,0.94,-0.06935,1,0,0
0.38,0.94,-0.054674,1,0,0
0.4,0.94,-0.064829,1,0,0
0.42,0.94,-0.057381,1,0,0
0.44,0.94,-0.050667,1,0,0
0.46,0.94,-0.033983,1,0,0
0.48,0.94,-0.045751,1,0,0
0.5,0.94,-0.035419,1,0,0
0.52,0.94,-0.047347,1,0,0
0.54,0.94,-0.03672,1,0,0
0.56,0.94,-0.021086,1,0,0
0.58,0.94,0.017264,1,0,0
0.6,0.94,0.038872,1,0,0
0.62,0.94,0.04695,1,0,0
0.64,0.94,0.018281,1,0,0
0.66,0.94,0.012711,1,0,0
0.68,0.94,0.0014224,1,0,0
0.7,0.94,-0.015518,1,0,0
0.72,0.94,-0.035731,1,0,0
0.74,0.94,-0.048266,1,0,0
0.76,0.94,-0.05274,1,0,0
0.78,0.94,-0.064772,1,0,0
0.8,0.94,-0.085159,1,0,0
0.82,0.94,-0.088736,1,0,0
0.84,0.94,-0.09168,1,0,0
0.86,0.94,-0.086476,1,0,0
0.88,0.94,-0.085164,1,0,0
0.9,0.94,-0.080299,1,0,0
0.92,0.94,-0.081152,1,0,0
0.94,0.94,-0.076321,1,0,0
0.96,0.94,-0.078058,1,0,0
0.98,0.94,-0.073338,1,0,0
0.02,0.96,-0.048446,1,0,0
0.04,0.96,-0.067692,1,0,0
0.06,0.96,-0.051725,1,0,0
0.08,0.96,-0.055357,1,0,0
0.1,0.96,-0.059094,1,0,0
0.12,0.96,-0.080367,1,0,0
0.14,0.96,-0.075629,1,0,0
0.16,0.96,-0.0636,1,0,0
0.18,0.96,-0.055339,1,0,0
0.2,0.96,-0.061033,1,0,0
0.22,0.96,-0.057943,1,0,0
0.24,0.96,-0.059651,1,0,0
0.26,0.96,-0.076952,1,0,0
0.28,0.96,-0.089468,1,0,0
0.3,0.96,-0.092675,1,0,0
0.32,0.96,-0.10058,1,0,0
0.34,0.96,-0.075154,1,0,0
0.36,0.96,-0.0604,1,0,0
0.38,0.96,-0.050646,1,0,0
0.4,0.96,-0.047274,1,0,0
0.42,0.96,-0.040107,1,0,0
0.44,0.96,-0.040271,1,0,0
0.46,0.96,-0.028973,1,0,0
0.48,0.96,-0.025662,1,0,0
0.5,0.96,-0.017599,1,0,0
0.52,0.96,-0.018319,1,0,0
0.54,0.96,-0.0090532,1,0,0
0.56,0.96,-0.0022004,1,0,0
0.58,0.96,0.03441,1,0,0
0.6,0.96,0.055133,1,0,0
0.62,0.96,0.057925,1,0,0
0.64,0.96,0.032498,1,0,0
0.66,0.96,0.022255,1,0,0
0.68,0.96,0.01642,1,0,0
0.7,0.96,-0.0026073,1,0,0
0.72,0.96,-0.028251,1,0,0
0.74,0.96,-0.032511,1,0,0
0.76,0.96,-0.034676,1,0,0
0.78,0.96,-0.045813,1,0,0
0.8,0.96,-0.065246,1,0,0
0.82,0.96,-0.063534,1,0,0
0.84,0.96,-0.091083,1,0,0
0.86,0.96,-0.088106,1,0,0
0.88,0.96,-0.073137,1,0,0
0.9,0.96,-0.073053,1,0,0
0.92,0.96,-0.077843,1,0,0
0.94,0.96,-0.077835,1,0,0
0.96,0.96,-0.067071,1,0,0
0.98,0.96,-0.067648,1,0,0
0.02,0.98,-0.065231,1,0,0
0.04,0.98,-0.06481,1,0,0
0.06,0.98,-0.047075,1,0,0
0.08,0.98,-0.052204,1,0,0
0.1,0.98,-0.059119,1,0,0
0.12,0.98,-0.066142,1,0,0
0.14,0.98,-0.059173,1,0,0
0.16,0.98,-0.049956,1,0,0
0.18,0.98,-0.042694,1,0,0
0.2,0.98,-0.051985,1,0,0
0.22,0.98,-0.042676,1,0,0
0.24,0.98,-0.070157,1,0,0
0.26,0.98,-0.075722,1,0,0
0.28,0.98,-0.10167,1,0,0
0.3,0.98,-0.10414,1,0,0
0.32,0.98,-0.090911,1,0,0
0.34,0.98,-0.06779,1,0,0
0.36,0.98,-0.049116,1,0,0
0.38,0.98,-0.048632,1,0,0
0.4,0.98,-0.037546,1,0,0
0.42,0.98,-0.029673,1,0,0
0.44,0.98,-0.025037,1,0,0
0.46,0.98,-0.017221,1,0,0
0.48,0.98,-0.019145,1,0,0
0.5,0.98,-0.026253,1,0,0
0.52,0.98,-0.003858,1,0,0
0.54,0.98,-0.0059704,1,0,0
0.56,0.98,0.018487,1,0,0
0.58,0.98,0.044637,1,0,0
0.6,0.98,0.057232,1,0,0
0.62,0.98,0.051027,1,0,0
0.64,0.98,0.042767,1,0,0
0.66,0.98,0.032056,1,0,0
0.68,0.98,-0.0035018,1,0,0
0.7,0.98,0.0023467,1,0,0
0.72,0.98,0.0023019,1,0,0
0.74,0.98,-0.0076127,1,0,0
0.76,0.98,-0.018773,1,0,0
0.78,0.98,-0.02677,1,0,0
0.8,0.98,-0.053437,1,0,0
0.82,0.98,-0.070002,1,0,0
0.84,0.98,-0.074533,1,0,0
0.86,0.98,-0.087989,1,0,0
0.88,0.98,-0.087402,1,0,0
0.9,0.98,-0.083831,1,0,0
0.92,0.98,-0.08087,1,0,0
0.94,0.98,-0.073647,1,0,0
0.96,0.98,-0.060687,1,0,0
0.98,0.98,-0.059281,1,0,0
0,0,-0.019374,-1,0,0
0.02,0,-0.019374,-1,0,0
0.04,0,-0.026556,-1,0,0
0.06,0,-0.012296,-1,0,0
0.08,0,-0.023063,-1,0,0
0.1,0,-0.035427,-1,0,0
0.12,0,-0.04443,-1,0,0
0.14,0,-0.052131,-1,0,0
0.16,0,-0.064172,-1,0,0
0.18,0,-0.058438,-1,0,0
0.2,0,-0.047051,-1,0,0
0.22,0,-0.046872,-1,0,0
0.24,0,-0.060422,-1,0,0
0.26,0,-0.066641,-1,0,0
0.28,0,-0.077067,-1,0,0
0.3,0,-0.069345,-1,0,0
0.32,0,-0.046434,-1,0,0
0.34,0,-0.045868,-1,0,0
0.36,0,-0.034556,-1,0,0
0.38,0,-0.046558,-1,0,0
0.4,0,-0.044111,-1,0,0
0.42,0,-0.025094,-1,0,0
0.44,0,-0.046754,-1,0,0
0.46,0,-0.035043,-1,0,0
0.48,0,-0.016741,-1,0,0
0.5,0,-0.0098877,-1,0,0
0.52,0,-0.020098,-1,0,0
0.54,0,-0.03408,-1,0,0
0.56,0,-0.027132,-1,0,0
0.58,0,-0.032987,-1,0,0
0.6,0,-0.026291,-1,0,0
0.62,0,-0.025427,-1,0,0
0.64,0,-0.021474,-1,0,0
0.66,0,-0.033268,-1,0,0
0.68,0,-0.020064,-1,0,0
0.7,0,-0.030948,-1,0,0
0.72,0,-0.042081,-1,0,0
0.74,0,-0.052054,-1,0,0
0.76,0,-0.030881,-1,0,0
0.78,0,-0.05045,-1,0,0
0.8,0,-0.05627,-1,0,0
0.82,0,-0.060089,-1,0,0
0.84,0,-0.037368,-1,0,0
0.86,0,-0.014627,-1,0,0
0.88,0,-0.013559,-1,0,0
0.9,0,-0.020394,-1,0,0
0.92,0,-0.017864,-1,0,0
0.94,0,0.0042231,-1,0,0
0.96,0,-0.0082652,-1,0,0
0.98,0,-0.018567,-1,0,0
1,0,-0.016551,-1,0,0
1,0.02,-0.014769,-1,0,0
1,0.04,-0.014689,-1,0,0
1,0.06,-0.011859,-1,0,0
1,0.08,0.004041,-1,0,0
1,0.1,-0.00043294,-1,0,0
1,0.12,9.8691e-05,-1,0,0
1,0.14,0.014321,-1,0,0
1,0.16,0.02677,-1,0,0
1,0.18,0.041638,-1,0,0
1,0.2,0.043176,-1,0,0
1,0.22,0.037805,-1,0,0
1,0.24,0.023903,-1,0,0
1,0.26,0.020383,-1,0,0
1,0.28,-0.0010444,-1,0,0
1,0.3,0.00078993,-1,0,0
1,0.32,-0.0012035,-1,0,0
1,0.34,-0.0081608,-1,0,0
1,0.36,-0.019913,-1,0,0
1,0.38,-0.012181,-1,0,0
1,0.4,-0.013687,-1,0,0
1,0.42,-0.02033,-1,0,0
1,0.44,-0.019699,-1,0,0
1,0.46,-0.026908,-1,0,0
1,0.48,-0.031497,-1,0,0
1,0.5,-0.026619,-1,0,0
1,0.52,-0.015925,-1,0,0
1,0.54,-0.02098,-1,0,0
1,0.56,-0.017594,-1,0,0
1,0.58,0.0014128,-1,0,0
1,0.6,0.015286,-1,0,0
1,0.62,0.029969,-1,0,0
1,0.64,0.032696,-1,0,0
1,0.66,0.031179,-1,0,0
1,0.68,0.031835,-1,0,0
1,0.7,0.014359,-1,0,0
1,0.72,-0.011424,-1,0,0
1,0.74,-0.0307,-1,0,0
1,0.76,-0.045437,-1,0,0
1,0.78,-0.049059,-1,0,0
1,0.8,-0.021123,-1,0,0
1,0.82,-0.013582,-1,0,0
1,0.84,-0.0043609,-1,0,0
1,0.86,-0.0068886,-1,0,0
1,0.88,-0.0053354,-1,0,0
1,0.9,-0.02073,-1,0,0
1,0.92,-0.041028,-1,0,0
1,0.94,-0.057478,-1,0,0
1,0.96,-0.054029,-1,0,0
1,0.98,-0.035234,-1,0,0
1,1,-0.041466,-1,0,0
0.98,1,-0.063725,-1,0,0
0.96,1,-0.072493,-1,0,0
0.94,1,-0.074598,-1,0,0
0.92,1,-0.078434,-1,0,0
0.9,1,-0.088544,-1,0,0
0.88,1,-0.089457,-1,0,0
0.86,1,-0.07416,-1,0,0
0.84,1,-0.068758,-1,0,0
0.82,1,-0.061468,-1,0,0
0.8,1,-0.046996,-1,0,0
0.78,1,-0.024942,-1,0,0
0.76,1,0.0055759,-1,0,0
0.74,1,-0.0029696,-1,0,0
0.72,1,0.018892,-1,0,0
0.7,1,0.004478,-1,0,0
0.68,1,0.0054367,-1,0,0
0.66,1,0.036129,-1,0,0
0.64,1,0.068856,-1,0,0
0.62,1,0.05726,-1,0,0
0.6,1,0.057288,-1,0,0
0.58,1,0.032874,-1,0,0
0.56,1,0.023067,-1,0,0
0.54,1,0.011361,-1,0,0
0.52,1,-0.0046625,-1,0,0
0.5,1,-0.023775,-1,0,0
0.48,1,-0.024927,-1,0,0
0.46,1,-0.014296,-1,0,0
0.44,1,-0.022327,-1,0,0
0.42,1,-0.013569,-1,0,0
0.4,1,-0.038793,-1,0,0
0.38,1,-0.060536,-1,0,0
0.36,1,-0.048284,-1,0,0
0.34,1,-0.050182,-1,0,0
0.32,1,-0.072207,-1,0,0
0.3,1,-0.084387,-1,0,0
0.28,1,-0.078035,-1,0,0
0.26,1,-0.076726,-1,0,0
0.24,1,-0.064149,-1,0,0
0.22,1,-0.060392,-1,0,0
0.2,1,-0.065278,-1,0,0
0.18,1,-0.05263,-1,0,0
0.16,1,-0.049323,-1,0,0
0.14,1,-0.055325,-1,0,0
0.12,1,-0.058592,-1,0,0
0.1,1,-0.061504,-1,0,0
0.08,1,-0.061157,-1,0,0
0.06,1,-0.060173,-1,0,0
0.04,1,-0.073744,-1,0,0
0.02,1,-0.055771,-1,0,0
0,1,-0.053137,-1,0,0
0,0.98,-0.035098,-1,0,0
0,0.96,-0.038253,-1,0,0
0,0.94,-0.045514,-1,0,0
0,0.92,-0.038399,-1,0,0
0,0.9,-0.053014,-1,0,0
0,0.88,-0.06398,-1,0,0
0,0.86,-0.090017,-1,0,0
0,0.84,-0.096823,-1,0,0
0,0.82,-0.10023,-1,0,0
0,0.8,-0.096839,-1,0,0
0,0.78,-0.11471,-1,0,0
0,0.76,-0.10734,-1,0,0
0,0.74,-0.0807,-1,0,0
0,0.72,-0.073337,-1,0,0
0,0.7,-0.066314,-1,0,0
0,0.68,-0.054107,-1,0,0
0,0.66,-0.050154,-1,0,0
0,0.64,-0.053794,-1,0,0
0,0.62,-0.030856,-1,0,0
0,0.6,-0.011406,-1,0,0
0,0.58,-0.0014532,-1,0,0
0,0.56,-0.0043894,-1,0,0
0,0.54,-0.014952,-1,0,0
0,0.52,-0.037383,-1,0,0
0,0.5,-0.028493,-1,0,0
0,0.48,-0.019058,-1,0,0
0,0.46,-0.01721,-1,0,0
0,0.44,-0.019436,-1,0,0
0,0.42,-0.023189,-1,0,0
0,0.4,-0.019401,-1,0,0
0,0.38,-0.012424,-1,0,0
0,0.36,-0.021902,-1,0,0
0,0.34,-0.036594,-1,0,0
0,0.32,-0.030324,-1,0,0
0,0.3,-0.0047828,-1,0,0
0,0.28,-0.027086,-1,0,0
0,0.26,-0.046986,-1,0,0
0,0.24,-0.056804,-1,0,0
0,0.22,-0.057854,-1,0,0
0,0.2,-0.069227,-1,0,0
0,0.18,-0.052904,-1,0,0
0,0.16,-0.051651,-1,0,0
0,0.14,-0.034974,-1,0,0
0,0.12,-0.027316,-1,0,0
0,0.1,-0.029234,-1,0,0
0,0.08,-0.041052,-1,0,0
0,0.06,-0.054971,-1,0,0
0,0.04,-0.041656,-1,0,0
0,0.02,-0.025133,-1,0,0
