0.02,0.02,0.046369,1,0,0
0.04,0.02,0.038303,1,0,0
0.06,0.02,0.039093,1,0,0
0.08,0.02,0.041005,1,0,0
0.1,0.02,0.03488,1,0,0
0.12,0.02,0.027356,1,0,0
0.14,0.02,0.034802,1,0,0
0.16,0.02,0.048502,1,0,0
0.18,0.02,0.042807,1,0,0
0.2,0.02,0.03919,1,0,0
0.22,0.02,0.020763,1,0,0
0.24,0.02,0.0082812,1,0,0
0.26,0.02,0.0092421,1,0,0
0.28,0.02,0.0017749,1,0,0
0.3,0.02,-0.0041907,1,0,0
0.32,0.02,-0.0011699,1,0,0
0.34,0.02,0.012767,1,0,0
0.36,0.02,0.010746,1,0,0
0.38,0.02,0.0067231,1,0,0
0.4,0.02,0.0080034,1,0,0
0.42,0.02,0.0054244,1,0,0
0.44,0.02,0.016154,1,0,0
0.46,0.02,0.0087222,1,0,0
0.48,0.02,-0.0099677,1,0,0
0.5,0.02,-0.022166,1,0,0
0.52,0.02,-0.020404,1,0,0
0.54,0.02,-0.024501,1,0,0
0.56,0.02,-0.021375,1,0,0
0.58,0.02,-0.021947,1,0,0
0.6,0.02,-0.0079717,1,0,0
0.62,0.02,0.012399,1,0,0
0.64,0.02,0.015026,1,0,0
0.66,0.02,-0.00054023,1,0,0
0.68,0.02,0.0083004,1,0,0
0.7,0.02,0.016852,1,0,0
0.72,0.02,0.016215,1,0,0
0.74,0.02,0.027506,1,0,0
0.76,0.02,0.025573,1,0,0
0.78,0.02,0.032461,1,0,0
0.8,0.02,0.042877,1,0,0
0.82,0.02,0.050657,1,0,0
0.84,0.02,0.033398,1,0,0
0.86,0.02,0.018641,1,0,0
0.88,0.02,0.0079043,1,0,0
0.9,0.02,-0.0093272,1,0,0
0.92,0.02,-0.015518,1,0,0
0.94,0.02,-0.023729,1,0,0
0.96,0.02,-0.025459,1,0,0
0.98,0.02,-0.015754,1,0,0
0.02,0.04,0.0352,1,0,0
0.04,0.04,0.033263,1,0,0
0.06,0.04,0.033183,1,0,0
0.08,0.04,0.027536,1,0,0
0.1,0.04,0.019879,1,0,0
0.12,0.04,0.021406,1,0,0
0.14,0.04,0.03233,1,0,0
0.16,0.04,0.038725,1,0,0
0.18,0.04,0.042974,1,0,0
0.2,0.04,0.034778,1,0,0
0.22,0.04,0.021383,1,0,0
0.24,0.04,0.014135,1,0,0
0.26,0.04,0.0076299,1,0,0
0.28,0.04,0.0063209,1,0,0
0.3,0.04,-0.0057726,1,0,0
0.32,0.04,0.002665,1,0,0
0.34,0.04,0.0044144,1,0,0
0.36,0.04,0.017334,1,0,0
0.38,0.04,0.0098932,1,0,0
0.4,0.04,0.0025267,1,0,0
0.42,0.04,-0.0040174,1,0,0
0.44,0.04,0.0002059,1,0,0
0.46,0.04,-0.0076663,1,0,0
0.48,0.04,-0.017614,1,0,0
0.5,0.04,-0.019283,1,0,0
0.52,0.04,-0.014081,1,0,0
0.54,0.04,-0.026131,1,0,0
0.56,0.04,-0.017318,1,0,0
0.58,0.04,-0.014991,1,0,0
0.6,0.04,-0.0093343,1,0,0
0.62,0.04,0.0083669,1,0,0
0.64,0.04,0.021311,1,0,0
0.66,0.04,0.0087146,1,0,0
0.68,0.04,0.012599,1,0,0
0.7,0.04,0.03285,1,0,0
0.72,0.04,0.049149,1,0,0
0.74,0.04,0.03904,1,0,0
0.76,0.04,0.037525,1,0,0
0.78,0.04,0.031019,1,0,0
0.8,0.04,0.045959,1,0,0
0.82,0.04,0.040487,1,0,0
0.84,0.04,0.028166,1,0,0
0.86,0.04,0.0175,1,0,0
0.88,0.04,-0.0065588,1,0,0
0.9,0.04,-0.012774,1,0,0
0.92,0.04,-0.020138,1,0,0
0.94,0.04,-0.023593,1,0,0
0.96,0.04,-0.02516,1,0,0
0.98,0.04,-0.0053533,1,0,0
0.02,0.06,0.029343,1,0,0
0.04,0.06,0.031639,1,0,0
0.06,0.06,0.035712,1,0,0
0.08,0.06,0.030917,1,0,0
0.1,0.06,0.023248,1,0,0
0.12,0.06,0.017231,1,0,0
0.14,0.06,0.019813,1,0,0
0.16,0.06,0.031443,1,0,0
0.18,0.06,0.036165,1,0,0
0.2,0.06,0.032612,1,0,0
0.22,0.06,0.02271,1,0,0
0.24,0.06,0.011799,1,0,0
0.26,0.06,0.012714,1,0,0
0.28,0.06,0.021395,1,0,0
0.3,0.06,0.0054662,1,0,0
0.32,0.06,-0.0015434,1,0,0
0.34,0.06,-0.0027373,1,0,0
0.36,0.06,0.0055213,1,0,0
0.38,0.06,0.00091714,1,0,0
0.4,0.06,0.002715,1,0,0
0.42,0.06,-0.0065476,1,0,0
0.44,0.06,-0.0055158,1,0,0
0.46,0.06,-0.016653,1,0,0
0.48,0.06,-0.014537,1,0,0
0.5,0.06,-0.019164,1,0,0
0.52,0.06,-0.015348,1,0,0
0.54,0.06,-0.020006,1,0,0
0.56,0.06,-0.0061266,1,0,0
0.58,0.06,-0.010365,1,0,0
0.6,0.06,0.00029971,1,0,0
0.62,0.06,0.0088141,1,0,0
0.64,0.06,0.021946,1,0,0
0.66,0.06,0.02892,1,0,0
0.68,0.06,0.045191,1,0,0
0.7,0.06,0.059914,1,0,0
0.72,0.06,0.066082,1,0,0
0.74,0.06,0.049244,1,0,0
0.76,0.06,0.034651,1,0,0
0.78,0.06,0.033467,1,0,0
0.8,0.06,0.04612,1,0,0
0.82,0.06,0.040771,1,0,0
0.84,0.06,0.023791,1,0,0
0.86,0.06,0.011643,1,0,0
0.88,0.06,-0.0059113,1,0,0
0.9,0.06,-0.018774,1,0,0
0.92,0.06,-0.027742,1,0,0
0.94,0.06,-0.027524,1,0,0
0.96,0.06,-0.015528,1,0,0
0.98,0.06,0.0018675,1,0,0
0.02,0.08,0.025412,1,0,0
0.04,0.08,0.027209,1,0,0
0.06,0.08,0.024566,1,0,0
0.08,0.08,0.020937,1,0,0
0.1,0.08,0.02727,1,0,0
0.12,0.08,0.018845,1,0,0
0.14,0.08,0.0063486,1,0,0
0.16,0.08,0.018581,1,0,0
0.18,0.08,0.015769,1,0,0
0.2,0.08,0.018766,1,0,0
0.22,0.08,0.012086,1,0,0
0.24,0.08,0.01748,1,0,0
0.26,0.08,0.019198,1,0,0
0.28,0.08,0.01395,1,0,0
0.3,0.08,0.0039496,1,0,0
0.32,0.08,-0.0085506,1,0,0
0.34,0.08,-0.0091303,1,0,0
0.36,0.08,-0.0079141,1,0,0
0.38,0.08,-0.014532,1,0,0
0.4,0.08,-0.013144,1,0,0
0.42,0.08,-0.018707,1,0,0
0.44,0.08,-0.014651,1,0,0
0.46,0.08,-0.013893,1,0,0
0.48,0.08,-0.013896,1,0,0
0.5,0.08,-0.018162,1,0,0
0.52,0.08,-0.011171,1,0,0
0.54,0.08,-0.0060378,1,0,0
0.56,0.08,-0.0070565,1,0,0
0.58,0.08,-0.0083986,1,0,0
0.6,0.08,0.0054443,1,0,0
0.62,0.08,0.01369,1,0,0
0.64,0.08,0.026697,1,0,0
0.66,0.08,0.038084,1,0,0
0.68,0.08,0.063476,1,0,0
0.7,0.08,0.072574,1,0,0
0.72,0.08,0.076141,1,0,0
0.74,0.08,0.06733,1,0,0
0.76,0.08,0.049535,1,0,0
0.78,0.08,0.04309,1,0,0
0.8,0.08,0.039024,1,0,0
0.82,0.08,0.035302,1,0,0
0.84,0.08,0.028434,1,0,0
0.86,0.08,0.010925,1,0,0
0.88,0.08,-0.0036148,1,0,0
0.9,0.08,-0.026148,1,0,0
0.92,0.08,-0.034205,1,0,0
0.94,0.08,-0.034813,1,0,0
0.96,0.08,-0.012552,1,0,0
0.98,0.08,0.0095002,1,0,0
0.02,0.1,0.036242,1,0,0
0.04,0.1,0.035086,1,0,0
0.06,0.1,0.01657,1,0,0
0.08,0.1,0.0038591,1,0,0
0.1,0.1,0.011921,1,0,0
0.12,0.1,0.0090063,1,0,0
0.14,0.1,-0.00080877,1,0,0
0.16,0.1,0.0093864,1,0,0
0.18,0.1,0.014867,1,0,0
0.2,0.1,0.0089905,1,0,0
0.22,0.1,0.014306,1,0,0
0.24,0.1,0.018613,1,0,0
0.26,0.1,0.011907,1,0,0
0.28,0.1,0.0088879,1,0,0
0.3,0.1,0.0013346,1,0,0
0.32,0.1,0.00096522,1,0,0
0.34,0.1,-0.010819,1,0,0
0.36,0.1,-0.023162,1,0,0
0.38,0.1,-0.025546,1,0,0
0.4,0.1,-0.026014,1,0,0
0.42,0.1,-0.022452,1,0,0
0.44,0.1,-0.013702,1,0,0
0.46,0.1,-0.0076873,1,0,0
0.48,0.1,-0.01759,1,0,0
0.5,0.1,-0.015055,1,0,0
0.52,0.1,-0.0054973,1,0,0
0.54,0.1,0.012466,1,0,0
0.56,0.1,0.0060235,1,0,0
0.58,0.1,-5.3202e-05,1,0,0
0.6,0.1,0.0069416,1,0,0
0.62,0.1,0.016122,1,0,0
0.64,0.1,0.022494,1,0,0
0.66,0.1,0.045796,1,0,0
0.68,0.1,0.06483,1,0,0
0.7,0.1,0.077174,1,0,0
0.72,0.1,0.08519,1,0,0
0.74,0.1,0.077608,1,0,0
0.76,0.1,0.073886,1,0,0
0.78,0.1,0.057586,1,0,0
0.8,0.1,0.052613,1,0,0
0.82,0.1,0.041352,1,0,0
0.84,0.1,0.031517,1,0,0
0.86,0.1,0.012037,1,0,0
0.88,0.1,-0.010189,1,0,0
0.9,0.1,-0.018494,1,0,0
0.92,0.1,-0.026566,1,0,0
0.94,0.1,-0.028637,1,0,0
0.96,0.1,-0.013114,1,0,0
0.98,0.1,0.00028552,1,0,0
0.02,0.12,0.040129,1,0,0
0.04,0.12,0.031806,1,0,0
0.06,0.12,0.0058931,1,0,0
0.08,0.12,-0.0033656,1,0,0
0.1,0.12,-0.0021515,1,0,0
0.12,0.12,-0.0041934,1,0,0
0.14,0.12,-0.0075933,1,0,0
0.16,0.12,-0.0063234,1,0,0
0.18,0.12,-0.0065358,1,0,0
0.2,0.12,0.0034485,1,0,0
0.22,0.12,0.017018,1,0,0
0.24,0.12,0.011121,1,0,0
0.26,0.12,0.011208,1,0,0
0.28,0.12,0.0073785,1,0,0
0.3,0.12,0.0030795,1,0,0
0.32,0.12,-0.0087077,1,0,0
0.34,0.12,-0.017083,1,0,0
0.36,0.12,-0.030138,1,0,0
0.38,0.12,-0.03587,1,0,0
0.4,0.12,-0.035902,1,0,0
0.42,0.12,-0.023432,1,0,0
0.44,0.12,-0.019821,1,0,0
0.46,0.12,-0.0042811,1,0,0
0.48,0.12,-0.0007444,1,0,0
0.5,0.12,-0.0083577,1,0,0
0.52,0.12,-0.0041854,1,0,0
0.54,0.12,0.002155,1,0,0
0.56,0.12,0.010723,1,0,0
0.58,0.12,0.0067973,1,0,0
0.6,0.12,0.011839,1,0,0
0.62,0.12,0.026359,1,0,0
0.64,0.12,0.031393,1,0,0
0.66,0.12,0.051266,1,0,0
0.68,0.12,0.062682,1,0,0
0.7,0.12,0.073519,1,0,0
0.72,0.12,0.080137,1,0,0
0.74,0.12,0.089111,1,0,0
0.76,0.12,0.08385,1,0,0
0.78,0.12,0.077866,1,0,0
0.8,0.12,0.066379,1,0,0
0.82,0.12,0.051476,1,0,0
0.84,0.12,0.037873,1,0,0
0.86,0.12,0.029353,1,0,0
0.88,0.12,0.011822,1,0,0
0.9,0.12,-0.0063274,1,0,0
0.92,0.12,-0.023797,1,0,0
0.94,0.12,-0.028396,1,0,0
0.96,0.12,-0.018202,1,0,0
0.98,0.12,-0.014438,1,0,0
0.02,0.14,0.028327,1,0,0
0.04,0.14,0.018755,1,0,0
0.06,0.14,0.0074385,1,0,0
0.08,0.14,-0.008687,1,0,0
0.1,0.14,-0.0071566,1,0,0
0.12,0.14,-0.0085163,1,0,0
0.14,0.14,-0.018176,1,0,0
0.16,0.14,-0.019179,1,0,0
0.18,0.14,-0.015173,1,0,0
0.2,0.14,-0.004665,1,0,0
0.22,0.14,-0.0020771,1,0,0
0.24,0.14,-0.0078011,1,0,0
0.26,0.14,-0.0041223,1,0,0
0.28,0.14,0.0056718,1,0,0
0.3,0.14,0.0019466,1,0,0
0.32,0.14,-0.016662,1,0,0
0.34,0.14,-0.0295,1,0,0
0.36,0.14,-0.040775,1,0,0
0.38,0.14,-0.041256,1,0,0
0.4,0.14,-0.034513,1,0,0
0.42,0.14,-0.02589,1,0,0
0.44,0.14,-0.0076692,1,0,0
0.46,0.14,-0.0063432,1,0,0
0.48,0.14,-0.0087252,1,0,0
0.5,0.14,-0.0039277,1,0,0
0.52,0.14,-0.016961,1,0,0
0.54,0.14,-0.013891,1,0,0
0.56,0.14,0.00096236,1,0,0
0.58,0.14,0.013939,1,0,0
0.6,0.14,0.012623,1,0,0
0.62,0.14,0.016557,1,0,0
0.64,0.14,0.040051,1,0,0
0.66,0.14,0.05369,1,0,0
0.68,0.14,0.065449,1,0,0
0.7,0.14,0.078813,1,0,0
0.72,0.14,0.084504,1,0,0
0.74,0.14,0.078693,1,0,0
0.76,0.14,0.0815,1,0,0
0.78,0.14,0.086836,1,0,0
0.8,0.14,0.074879,1,0,0
0.82,0.14,0.054907,1,0,0
0.84,0.14,0.042253,1,0,0
0.86,0.14,0.038567,1,0,0
0.88,0.14,0.020686,1,0,0
0.9,0.14,-0.0023083,1,0,0
0.92,0.14,-0.01278,1,0,0
0.94,0.14,-0.022882,1,0,0
0.96,0.14,-0.022364,1,0,0
0.98,0.14,-0.017165,1,0,0
0.02,0.16,0.025995,1,0,0
0.04,0.16,0.012262,1,0,0
0.06,0.16,-0.0032438,1,0,0
0.08,0.16,-0.010143,1,0,0
0.1,0.16,-0.0038641,1,0,0
0.12,0.16,-0.0091481,1,0,0
0.14,0.16,-0.011795,1,0,0
0.16,0.16,-0.018887,1,0,0
0.18,0.16,-0.023608,1,0,0
0.2,0.16,-0.0084869,1,0,0
0.22,0.16,-0.0059686,1,0,0
0.24,0.16,-0.0096901,1,0,0
0.26,0.16,-0.0048918,1,0,0
0.28,0.16,-0.0015884,1,0,0
0.3,0.16,-0.016145,1,0,0
0.32,0.16,-0.025418,1,0,0
0.34,0.16,-0.033234,1,0,0
0.36,0.16,-0.030966,1,0,0
0.38,0.16,-0.035628,1,0,0
0.4,0.16,-0.021652,1,0,0
0.42,0.16,-0.016812,1,0,0
0.44,0.16,-0.0088858,1,0,0
0.46,0.16,-0.0095099,1,0,0
0.48,0.16,-0.012589,1,0,0
0.5,0.16,-0.015429,1,0,0
0.52,0.16,-0.016189,1,0,0
0.54,0.16,-0.018482,1,0,0
0.56,0.16,-0.0018426,1,0,0
0.58,0.16,0.010468,1,0,0
0.6,0.16,0.018647,1,0,0
0.62,0.16,0.031008,1,0,0
0.64,0.16,0.044356,1,0,0
0.66,0.16,0.0502,1,0,0
0.68,0.16,0.072022,1,0,0
0.7,0.16,0.080357,1,0,0
0.72,0.16,0.089331,1,0,0
0.74,0.16,0.090577,1,0,0
0.76,0.16,0.087263,1,0,0
0.78,0.16,0.077877,1,0,0
0.8,0.16,0.068819,1,0,0
0.82,0.16,0.055745,1,0,0
0.84,0.16,0.049899,1,0,0
0.86,0.16,0.047468,1,0,0
0.88,0.16,0.032103,1,0,0
0.9,0.16,0.006884,1,0,0
0.92,0.16,-0.0062872,1,0,0
0.94,0.16,-0.0044419,1,0,0
0.96,0.16,-0.015354,1,0,0
0.98,0.16,-0.02097,1,0,0
0.02,0.18,0.016132,1,0,0
0.04,0.18,0.0045001,1,0,0
0.06,0.18,-0.011718,1,0,0
0.08,0.18,-0.011489,1,0,0
0.1,0.18,-0.015066,1,0,0
0.12,0.18,-0.016341,1,0,0
0.14,0.18,-0.026389,1,0,0
0.16,0.18,-0.02785,1,0,0
0.18,0.18,-0.026323,1,0,0
0.2,0.18,-0.022662,1,0,0
0.22,0.18,-0.01747,1,0,0
0.24,0.18,-0.01052,1,0,0
0.26,0.18,-0.0090333,1,0,0
0.28,0.18,-0.0067923,1,0,0
0.3,0.18,-0.019771,1,0,0
0.32,0.18,-0.025895,1,0,0
0.34,0.18,-0.045981,1,0,0
0.36,0.18,-0.050771,1,0,0
0.38,0.18,-0.038088,1,0,0
0.4,0.18,-0.023731,1,0,0
0.42,0.18,-0.026844,1,0,0
0.44,0.18,-0.016275,1,0,0
0.46,0.18,-0.018845,1,0,0
0.48,0.18,-0.022362,1,0,0
0.5,0.18,-0.030208,1,0,0
0.52,0.18,-0.014482,1,0,0
0.54,0.18,-0.020007,1,0,0
0.56,0.18,0.0015136,1,0,0
0.58,0.18,0.0055907,1,0,0
0.6,0.18,0.022061,1,0,0
0.62,0.18,0.030744,1,0,0
0.64,0.18,0.040696,1,0,0
0.66,0.18,0.049256,1,0,0
0.68,0.18,0.067552,1,0,0
0.7,0.18,0.084438,1,0,0
0.72,0.18,0.081118,1,0,0
0.74,0.18,0.080006,1,0,0
0.76,0.18,0.078118,1,0,0
0.78,0.18,0.060532,1,0,0
0.8,0.18,0.063228,1,0,0
0.82,0.18,0.06481,1,0,0
0.84,0.18,0.054732,1,0,0
0.86,0.18,0.04789,1,0,0
0.88,0.18,0.027483,1,0,0
0.9,0.18,0.014369,1,0,0
0.92,0.18,0.0059235,1,0,0
0.94,0.18,-0.0064177,1,0,0
0.96,0.18,-0.012292,1,0,0
0.98,0.18,-0.024796,1,0,0
0.02,0.2,0.0056857,1,0,0
0.04,0.2,-0.0038471,1,0,0
0.06,0.2,-0.0091397,1,0,0
0.08,0.2,-0.011355,1,0,0
0.1,0.2,-0.0087431,1,0,0
0.12,0.2,-0.024198,1,0,0
0.14,0.2,-0.034943,1,0,0
0.16,0.2,-0.034699,1,0,0
0.18,0.2,-0.035807,1,0,0
0.2,0.2,-0.024442,1,0,0
0.22,0.2,-0.02238,1,0,0
0.24,0.2,-0.0098579,1,0,0
0.26,0.2,-0.0039275,1,0,0
0.28,0.2,-0.0021047,1,0,0
0.3,0.2,-0.015325,1,0,0
0.32,0.2,-0.026366,1,0,0
0.34,0.2,-0.049458,1,0,0
0.36,0.2,-0.049556,1,0,0
0.38,0.2,-0.041828,1,0,0
0.4,0.2,-0.027764,1,0,0
0.42,0.2,-0.041758,1,0,0
0.44,0.2,-0.032437,1,0,0
0.46,0.2,-0.017848,1,0,0
0.48,0.2,-0.014816,1,0,0
0.5,0.2,-0.018807,1,0,0
0.52,0.2,-0.017266,1,0,0
0.54,0.2,-0.018758,1,0,0
0.56,0.2,-0.0059206,1,0,0
0.58,0.2,0.010044,1,0,0
0.6,0.2,0.024109,1,0,0
0.62,0.2,0.037463,1,0,0
0.64,0.2,0.043262,1,0,0
0.66,0.2,0.042515,1,0,0
0.68,0.2,0.066299,1,0,0
0.7,0.2,0.070279,1,0,0
0.72,0.2,0.072079,1,0,0
0.74,0.2,0.071358,1,0,0
0.76,0.2,0.069217,1,0,0
0.78,0.2,0.055662,1,0,0
0.8,0.2,0.058958,1,0,0
0.82,0.2,0.058638,1,0,0
0.84,0.2,0.054496,1,0,0
0.86,0.2,0.044525,1,0,0
0.88,0.2,0.035238,1,0,0
0.9,0.2,0.019322,1,0,0
0.92,0.2,-0.0012296,1,0,0
0.94,0.2,-0.012875,1,0,0
0.96,0.2,-0.018897,1,0,0
0.98,0.2,-0.01624,1,0,0
0.02,0.22,0.015412,1,0,0
0.04,0.22,0.0078474,1,0,0
0.06,0.22,0.0051891,1,0,0
0.08,0.22,-0.0026001,1,0,0
0.1,0.22,-0.012511,1,0,0
0.12,0.22,-0.026541,1,0,0
0.14,0.22,-0.034934,1,0,0
0.16,0.22,-0.033136,1,0,0
0.18,0.22,-0.027976,1,0,0
0.2,0.22,-0.018834,1,0,0
0.22,0.22,-0.021177,1,0,0
0.24,0.22,-0.022114,1,0,0
0.26,0.22,-0.011988,1,0,0
0.28,0.22,-0.00099247,1,0,0
0.3,0.22,-0.0050605,1,0,0
0.32,0.22,-0.020001,1,0,0
0.34,0.22,-0.025026,1,0,0
0.36,0.22,-0.032337,1,0,0
0.38,0.22,-0.038229,1,0,0
0.4,0.22,-0.030314,1,0,0
0.42,0.22,-0.033086,1,0,0
0.44,0.22,-0.023492,1,0,0
0.46,0.22,-0.014367,1,0,0
0.48,0.22,-0.0077366,1,0,0
0.5,0.22,-0.0076054,1,0,0
0.52,0.22,-0.0077089,1,0,0
0.54,0.22,-0.0071601,1,0,0
0.56,0.22,0.0026541,1,0,0
0.58,0.22,0.016005,1,0,0
0.6,0.22,0.028789,1,0,0
0.62,0.22,0.037872,1,0,0
0.64,0.22,0.048034,1,0,0
0.66,0.22,0.050332,1,0,0
0.68,0.22,0.065595,1,0,0
0.7,0.22,0.075276,1,0,0
0.72,0.22,0.073069,1,0,0
0.74,0.22,0.074522,1,0,0
0.76,0.22,0.065634,1,0,0
0.78,0.22,0.062255,1,0,0
0.8,0.22,0.061739,1,0,0
0.82,0.22,0.055409,1,0,0
0.84,0.22,0.040788,1,0,0
0.86,0.22,0.042131,1,0,0
0.88,0.22,0.037324,1,0,0
0.9,0.22,0.022066,1,0,0
0.92,0.22,0.016301,1,0,0
0.94,0.22,0.0029875,1,0,0
0.96,0.22,-0.006776,1,0,0
0.98,0.22,-0.014578,1,0,0
0.02,0.24,0.025819,1,0,0
0.04,0.24,0.031337,1,0,0
0.06,0.24,0.021623,1,0,0
0.08,0.24,0.0076425,1,0,0
0.1,0.24,-0.0016554,1,0,0
0.12,0.24,-0.012099,1,0,0
0.14,0.24,-0.02692,1,0,0
0.16,0.24,-0.034868,1,0,0
0.18,0.24,-0.029206,1,0,0
0.2,0.24,-0.026999,1,0,0
0.22,0.24,-0.017194,1,0,0
0.24,0.24,-0.017705,1,0,0
0.26,0.24,-0.0098221,1,0,0
0.28,0.24,-0.0033686,1,0,0
0.3,0.24,-0.0041953,1,0,0
0.32,0.24,-0.0027808,1,0,0
0.34,0.24,0.0047765,1,0,0
0.36,0.24,0.00031753,1,0,0
0.38,0.24,-0.015598,1,0,0
0.4,0.24,-0.02723,1,0,0
0.42,0.24,-0.016352,1,0,0
0.44,0.24,-0.0044701,1,0,0
0.46,0.24,0.0029533,1,0,0
0.48,0.24,0.003331,1,0,0
0.5,0.24,0.0091071,1,0,0
0.52,0.24,0.012514,1,0,0
0.54,0.24,0.0025979,1,0,0
0.56,0.24,0.011924,1,0,0
0.58,0.24,0.019921,1,0,0
0.6,0.24,0.030433,1,0,0
0.62,0.24,0.052117,1,0,0
0.64,0.24,0.065058,1,0,0
0.66,0.24,0.067801,1,0,0
0.68,0.24,0.061575,1,0,0
0.7,0.24,0.074996,1,0,0
0.72,0.24,0.081603,1,0,0
0.74,0.24,0.077565,1,0,0
0.76,0.24,0.067547,1,0,0
0.78,0.24,0.066028,1,0,0
0.8,0.24,0.057261,1,0,0
0.82,0.24,0.044252,1,0,0
0.84,0.24,0.042709,1,0,0
0.86,0.24,0.051026,1,0,0
0.88,0.24,0.037767,1,0,0
0.9,0.24,0.034799,1,0,0
0.92,0.24,0.026731,1,0,0
0.94,0.24,0.012184,1,0,0
0.96,0.24,0.0036231,1,0,0
0.98,0.24,-0.0055443,1,0,0
0.02,0.26,0.034903,1,0,0
0.04,0.26,0.039285,1,0,0
0.06,0.26,0.036312,1,0,0
0.08,0.26,0.026164,1,0,0
0.1,0.26,0.013866,1,0,0
0.12,0.26,-0.010141,1,0,0
0.14,0.26,-0.026659,1,0,0
0.16,0.26,-0.035025,1,0,0
0.18,0.26,-0.038128,1,0,0
0.2,0.26,-0.034691,1,0,0
0.22,0.26,-0.023929,1,0,0
0.24,0.26,-0.019584,1,0,0
0.26,0.26,-0.014995,1,0,0
0.28,0.26,-0.0010753,1,0,0
0.3,0.26,0.0053119,1,0,0
0.32,0.26,0.012197,1,0,0
0.34,0.26,0.021167,1,0,0
0.36,0.26,0.017653,1,0,0
0.38,0.26,-0.0035065,1,0,0
0.4,0.26,-0.0074716,1,0,0
0.42,0.26,0.0037881,1,0,0
0.44,0.26,0.0099334,1,0,0
0.46,0.26,0.022757,1,0,0
0.48,0.26,0.021631,1,0,0
0.5,0.26,0.017688,1,0,0
0.52,0.26,0.017382,1,0,0
0.54,0.26,0.026554,1,0,0
0.56,0.26,0.020293,1,0,0
0.58,0.26,0.01901,1,0,0
0.6,0.26,0.028023,1,0,0
0.62,0.26,0.052238,1,0,0
0.64,0.26,0.065599,1,0,0
0.66,0.26,0.072545,1,0,0
0.68,0.26,0.075513,1,0,0
0.7,0.26,0.073594,1,0,0
0.72,0.26,0.075324,1,0,0
0.74,0.26,0.066647,1,0,0
0.76,0.26,0.058513,1,0,0
0.78,0.26,0.050337,1,0,0
0.8,0.26,0.05452,1,0,0
0.82,0.26,0.044571,1,0,0
0.84,0.26,0.040993,1,0,0
0.86,0.26,0.045128,1,0,0
0.88,0.26,0.039133,1,0,0
0.9,0.26,0.035696,1,0,0
0.92,0.26,0.022225,1,0,0
0.94,0.26,0.0063159,1,0,0
0.96,0.26,-0.00311,1,0,0
0.98,0.26,0.00046087,1,0,0
0.02,0.28,0.040666,1,0,0
0.04,0.28,0.041528,1,0,0
0.06,0.28,0.037772,1,0,0
0.08,0.28,0.027571,1,0,0
0.1,0.28,0.022398,1,0,0
0.12,0.28,-0.0055319,1,0,0
0.14,0.28,-0.038917,1,0,0
0.16,0.28,-0.031745,1,0,0
0.18,0.28,-0.03307,1,0,0
0.2,0.28,-0.030914,1,0,0
0.22,0.28,-0.021827,1,0,0
0.24,0.28,-0.0093293,1,0,0
0.26,0.28,-0.009146,1,0,0
0.28,0.28,-0.0067423,1,0,0
0.3,0.28,0.0047177,1,0,0
0.32,0.28,0.013471,1,0,0
0.34,0.28,0.027253,1,0,0
0.36,0.28,0.029231,1,0,0
0.38,0.28,0.026322,1,0,0
0.4,0.28,0.018941,1,0,0
0.42,0.28,0.0086778,1,0,0
0.44,0.28,0.026706,1,0,0
0.46,0.28,0.036779,1,0,0
0.48,0.28,0.040093,1,0,0
0.5,0.28,0.034121,1,0,0
0.52,0.28,0.037318,1,0,0
0.54,0.28,0.041412,1,0,0
0.56,0.28,0.036104,1,0,0
0.58,0.28,0.0294,1,0,0
0.6,0.28,0.044617,1,0,0
0.62,0.28,0.053322,1,0,0
0.64,0.28,0.065319,1,0,0
0.66,0.28,0.069643,1,0,0
0.68,0.28,0.072859,1,0,0
0.7,0.28,0.070494,1,0,0
0.72,0.28,0.069251,1,0,0
0.74,0.28,0.06157,1,0,0
0.76,0.28,0.048772,1,0,0
0.78,0.28,0.049986,1,0,0
0.8,0.28,0.0436,1,0,0
0.82,0.28,0.041828,1,0,0
0.84,0.28,0.044825,1,0,0
0.86,0.28,0.044601,1,0,0
0.88,0.28,0.047563,1,0,0
0.9,0.28,0.037271,1,0,0
0.92,0.28,0.015063,1,0,0
0.94,0.28,-0.019678,1,0,0
0.96,0.28,-0.011369,1,0,0
0.98,0.28,0.0031271,1,0,0
0.02,0.3,0.03538,1,0,0
0.04,0.3,0.038207,1,0,0
0.06,0.3,0.030025,1,0,0
0.08,0.3,0.022871,1,0,0
0.1,0.3,0.011789,1,0,0
0.12,0.3,-0.016522,1,0,0
0.14,0.3,-0.036954,1,0,0
0.16,0.3,-0.031902,1,0,0
0.18,0.3,-0.027272,1,0,0
0.2,0.3,-0.024451,1,0,0
0.22,0.3,-0.02135,1,0,0
0.24,0.3,-0.012608,1,0,0
0.26,0.3,-0.009591,1,0,0
0.28,0.3,-0.0020737,1,0,0
0.3,0.3,-0.0014461,1,0,0
0.32,0.3,0.016185,1,0,0
0.34,0.3,0.026284,1,0,0
0.36,0.3,0.035873,1,0,0
0.38,0.3,0.022448,1,0,0
0.4,0.3,0.020452,1,0,0
0.42,0.3,0.021857,1,0,0
0.44,0.3,0.032656,1,0,0
0.46,0.3,0.041293,1,0,0
0.48,0.3,0.044499,1,0,0
0.5,0.3,0.039016,1,0,0
0.52,0.3,0.053635,1,0,0
0.54,0.3,0.054736,1,0,0
0.56,0.3,0.048947,1,0,0
0.58,0.3,0.035873,1,0,0
0.6,0.3,0.047089,1,0,0
0.62,0.3,0.055563,1,0,0
0.64,0.3,0.057558,1,0,0
0.66,0.3,0.055238,1,0,0
0.68,0.3,0.059488,1,0,0
0.7,0.3,0.052956,1,0,0
0.72,0.3,0.051719,1,0,0
0.74,0.3,0.038078,1,0,0
0.76,0.3,0.029686,1,0,0
0.78,0.3,0.023137,1,0,0
0.8,0.3,0.032717,1,0,0
0.82,0.3,0.03226,1,0,0
0.84,0.3,0.034379,1,0,0
0.86,0.3,0.031815,1,0,0
0.88,0.3,0.031075,1,0,0
0.9,0.3,0.021963,1,0,0
0.92,0.3,-0.0010252,1,0,0
0.94,0.3,-0.024462,1,0,0
0.96,0.3,-0.03161,1,0,0
0.98,0.3,-0.026261,1,0,0
0.02,0.32,0.022118,1,0,0
0.04,0.32,0.026158,1,0,0
0.06,0.32,0.026159,1,0,0
0.08,0.32,0.02012,1,0,0
0.1,0.32,0.0043149,1,0,0
0.12,0.32,-0.013255,1,0,0
0.14,0.32,-0.028188,1,0,0
0.16,0.32,-0.026384,1,0,0
0.18,0.32,-0.024213,1,0,0
0.2,0.32,-0.019573,1,0,0
0.22,0.32,-0.012964,1,0,0
0.24,0.32,-0.0089664,1,0,0
0.26,0.32,-0.0055961,1,0,0
0.28,0.32,0.0047231,1,0,0
0.3,0.32,-0.0073486,1,0,0
0.32,0.32,0.010272,1,0,0
0.34,0.32,0.025889,1,0,0
0.36,0.32,0.033263,1,0,0
0.38,0.32,0.024587,1,0,0
0.4,0.32,0.019017,1,0,0
0.42,0.32,0.025129,1,0,0
0.44,0.32,0.045954,1,0,0
0.46,0.32,0.049859,1,0,0
0.48,0.32,0.054429,1,0,0
0.5,0.32,0.05789,1,0,0
0.52,0.32,0.058896,1,0,0
0.54,0.32,0.049117,1,0,0
0.56,0.32,0.046699,1,0,0
0.58,0.32,0.038065,1,0,0
0.6,0.32,0.055935,1,0,0
0.62,0.32,0.069685,1,0,0
0.64,0.32,0.070544,1,0,0
0.66,0.32,0.053805,1,0,0
0.68,0.32,0.039793,1,0,0
0.7,0.32,0.033203,1,0,0
0.72,0.32,0.036243,1,0,0
0.74,0.32,0.017485,1,0,0
0.76,0.32,0.010213,1,0,0
0.78,0.32,-6.4404e-05,1,0,0
0.8,0.32,0.016229,1,0,0
0.82,0.32,0.01823,1,0,0
0.84,0.32,0.020321,1,0,0
0.86,0.32,0.023132,1,0,0
0.88,0.32,0.017517,1,0,0
0.9,0.32,0.0074049,1,0,0
0.92,0.32,-0.011717,1,0,0
0.94,0.32,-0.030689,1,0,0
0.96,0.32,-0.046839,1,0,0
0.98,0.32,-0.047592,1,0,0
0.02,0.34,0.0052046,1,0,0
0.04,0.34,0.015455,1,0,0
0.06,0.34,0.024424,1,0,0
0.08,0.34,0.016086,1,0,0
0.1,0.34,0.0013034,1,0,0
0.12,0.34,-0.015857,1,0,0
0.14,0.34,-0.018308,1,0,0
0.16,0.34,-0.0090509,1,0,0
0.18,0.34,-0.0067068,1,0,0
0.2,0.34,0.0013574,1,0,0
0.22,0.34,-0.0098308,1,0,0
0.24,0.34,-0.014298,1,0,0
0.26,0.34,-0.0029006,1,0,0
0.28,0.34,-0.0016584,1,0,0
0.3,0.34,0.0054187,1,0,0
0.32,0.34,0.010084,1,0,0
0.34,0.34,0.02177,1,0,0
0.36,0.34,0.029948,1,0,0
0.38,0.34,0.031007,1,0,0
0.4,0.34,0.030038,1,0,0
0.42,0.34,0.03117,1,0,0
0.44,0.34,0.052995,1,0,0
0.46,0.34,0.05969,1,0,0
0.48,0.34,0.064693,1,0,0
0.5,0.34,0.063116,1,0,0
0.52,0.34,0.059718,1,0,0
0.54,0.34,0.042594,1,0,0
0.56,0.34,0.0478,1,0,0
0.58,0.34,0.051487,1,0,0
0.6,0.34,0.056033,1,0,0
0.62,0.34,0.067814,1,0,0
0.64,0.34,0.072832,1,0,0
0.66,0.34,0.043904,1,0,0
0.68,0.34,0.031194,1,0,0
0.7,0.34,0.027787,1,0,0
0.72,0.34,0.020215,1,0,0
0.74,0.34,0.0072499,1,0,0
0.76,0.34,-0.0092003,1,0,0
0.78,0.34,-0.0036379,1,0,0
0.8,0.34,-0.0024261,1,0,0
0.82,0.34,0.0007747,1,0,0
0.84,0.34,-0.0030683,1,0,0
0.86,0.34,-0.0022314,1,0,0
0.88,0.34,0.0033859,1,0,0
0.9,0.34,-0.0018468,1,0,0
0.92,0.34,-0.0080919,1,0,0
0.94,0.34,-0.02912,1,0,0
0.96,0.34,-0.050325,1,0,0
0.98,0.34,-0.05433,1,0,0
0.02,0.36,-0.00011542,1,0,0
0.04,0.36,-0.0041778,1,0,0
0.06,0.36,0.0056943,1,0,0
0.08,0.36,0.012234,1,0,0
0.1,0.36,0.002594,1,0,0
0.12,0.36,-0.013752,1,0,0
0.14,0.36,-0.011706,1,0,0
0.16,0.36,-0.0081344,1,0,0
0.18,0.36,0.0015027,1,0,0
0.2,0.36,0.0067999,1,0,0
0.22,0.36,0.0056111,1,0,0
0.24,0.36,-0.0032194,1,0,0
0.26,0.36,0.0045418,1,0,0
0.28,0.36,0.014075,1,0,0
0.3,0.36,0.0073988,1,0,0
0.32,0.36,0.015055,1,0,0
0.34,0.36,0.023325,1,0,0
0.36,0.36,0.02574,1,0,0
0.38,0.36,0.034596,1,0,0
0.4,0.36,0.03603,1,0,0
0.42,0.36,0.031338,1,0,0
0.44,0.36,0.048504,1,0,0
0.46,0.36,0.065082,1,0,0
0.48,0.36,0.069303,1,0,0
0.5,0.36,0.074163,1,0,0
0.52,0.36,0.05725,1,0,0
0.54,0.36,0.049939,1,0,0
0.56,0.36,0.04797,1,0,0
0.58,0.36,0.052386,1,0,0
0.6,0.36,0.058234,1,0,0
0.62,0.36,0.066479,1,0,0
0.64,0.36,0.051209,1,0,0
0.66,0.36,0.024654,1,0,0
0.68,0.36,0.015347,1,0,0
0.7,0.36,0.012405,1,0,0
0.72,0.36,0.0032351,1,0,0
0.74,0.36,-0.002716,1,0,0
0.76,0.36,-0.0059441,1,0,0
0.78,0.36,-0.016731,1,0,0
0.8,0.36,-0.012115,1,0,0
0.82,0.36,-0.010921,1,0,0
0.84,0.36,-0.021646,1,0,0
0.86,0.36,-0.01296,1,0,0
0.88,0.36,-0.0022038,1,0,0
0.9,0.36,-0.0059931,1,0,0
0.92,0.36,-0.018008,1,0,0
0.94,0.36,-0.033296,1,0,0
0.96,0.36,-0.05392,1,0,0
0.98,0.36,-0.057413,1,0,0
0.02,0.38,-0.015474,1,0,0
0.04,0.38,-0.0088638,1,0,0
0.06,0.38,-0.011669,1,0,0
0.08,0.38,-0.002123,1,0,0
0.1,0.38,-0.0055496,1,0,0
0.12,0.38,-0.014559,1,0,0
0.14,0.38,-0.023128,1,0,0
0.16,0.38,-0.024113,1,0,0
0.18,0.38,-0.012299,1,0,0
0.2,0.38,-0.001876,1,0,0
0.22,0.38,0.0024,1,0,0
0.24,0.38,0.013534,1,0,0
0.26,0.38,0.0252,1,0,0
0.28,0.38,0.020212,1,0,0
0.3,0.38,0.015147,1,0,0
0.32,0.38,0.021338,1,0,0
0.34,0.38,0.013898,1,0,0
0.36,0.38,0.0097455,1,0,0
0.38,0.38,0.019695,1,0,0
0.4,0.38,0.019976,1,0,0
0.42,0.38,0.032472,1,0,0
0.44,0.38,0.051758,1,0,0
0.46,0.38,0.071309,1,0,0
0.48,0.38,0.061028,1,0,0
0.5,0.38,0.062568,1,0,0
0.52,0.38,0.066659,1,0,0
0.54,0.38,0.049606,1,0,0
0.56,0.38,0.046836,1,0,0
0.58,0.38,0.044922,1,0,0
0.6,0.38,0.035512,1,0,0
0.62,0.38,0.041282,1,0,0
0.64,0.38,0.026604,1,0,0
0.66,0.38,0.0063112,1,0,0
0.68,0.38,-0.002251,1,0,0
0.7,0.38,-0.0039083,1,0,0
0.72,0.38,-0.016565,1,0,0
0.74,0.38,-0.015319,1,0,0
0.76,0.38,-0.014141,1,0,0
0.78,0.38,-0.022461,1,0,0
0.8,0.38,-0.018331,1,0,0
0.82,0.38,-0.014059,1,0,0
0.84,0.38,-0.016026,1,0,0
0.86,0.38,-0.014081,1,0,0
0.88,0.38,-0.01359,1,0,0
0.9,0.38,-0.018197,1,0,0
0.92,0.38,-0.03186,1,0,0
0.94,0.38,-0.044635,1,0,0
0.96,0.38,-0.058973,1,0,0
0.98,0.38,-0.069819,1,0,0
0.02,0.4,-0.0085942,1,0,0
0.04,0.4,-0.015988,1,0,0
0.06,0.4,-0.016128,1,0,0
0.08,0.4,-0.0098061,1,0,0
0.1,0.4,-0.0051242,1,0,0
0.12,0.4,-0.0089969,1,0,0
0.14,0.4,-0.020745,1,0,0
0.16,0.4,-0.027821,1,0,0
0.18,0.4,-0.021424,1,0,0
0.2,0.4,0.0012626,1,0,0
0.22,0.4,0.017751,1,0,0
0.24,0.4,0.029059,1,0,0
0.26,0.4,0.035778,1,0,0
0.28,0.4,0.033453,1,0,0
0.3,0.4,0.02376,1,0,0
0.32,0.4,0.022897,1,0,0
0.34,0.4,0.024078,1,0,0
0.36,0.4,0.016088,1,0,0
0.38,0.4,0.01985,1,0,0
0.4,0.4,0.031988,1,0,0
0.42,0.4,0.036684,1,0,0
0.44,0.4,0.060171,1,0,0
0.46,0.4,0.068313,1,0,0
0.48,0.4,0.068562,1,0,0
0.5,0.4,0.06459,1,0,0
0.52,0.4,0.063987,1,0,0
0.54,0.4,0.055447,1,0,0
0.56,0.4,0.048185,1,0,0
0.58,0.4,0.035658,1,0,0
0.6,0.4,0.02573,1,0,0
0.62,0.4,0.020187,1,0,0
0.64,0.4,0.0088047,1,0,0
0.66,0.4,-0.0080262,1,0,0
0.68,0.4,-0.010523,1,0,0
0.7,0.4,-0.012558,1,0,0
0.72,0.4,-0.01828,1,0,0
0.74,0.4,-0.0051901,1,0,0
0.76,0.4,-0.0067294,1,0,0
0.78,0.4,-0.016491,1,0,0
0.8,0.4,-0.016006,1,0,0
0.82,0.4,-0.012749,1,0,0
0.84,0.4,-0.019054,1,0,0
0.86,0.4,-0.010321,1,0,0
0.88,0.4,-0.0077564,1,0,0
0.9,0.4,-0.024315,1,0,0
0.92,0.4,-0.035898,1,0,0
0.94,0.4,-0.047306,1,0,0
0.96,0.4,-0.054631,1,0,0
0.98,0.4,-0.063437,1,0,0
0.02,0.42,-0.016093,1,0,0
0.04,0.42,-0.019939,1,0,0
0.06,0.42,-0.019077,1,0,0
0.08,0.42,-0.020345,1,0,0
0.1,0.42,-0.012175,1,0,0
0.12,0.42,-0.018256,1,0,0
0.14,0.42,-0.025758,1,0,0
0.16,0.42,-0.029503,1,0,0
0.18,0.42,-0.02288,1,0,0
0.2,0.42,-0.00059437,1,0,0
0.22,0.42,0.0099382,1,0,0
0.24,0.42,0.019152,1,0,0
0.26,0.42,0.020447,1,0,0
0.28,0.42,0.030507,1,0,0
0.3,0.42,0.030489,1,0,0
0.32,0.42,0.028089,1,0,0
0.34,0.42,0.018955,1,0,0
0.36,0.42,0.022068,1,0,0
0.38,0.42,0.018539,1,0,0
0.4,0.42,0.032581,1,0,0
0.42,0.42,0.033302,1,0,0
0.44,0.42,0.051988,1,0,0
0.46,0.42,0.060168,1,0,0
0.48,0.42,0.062981,1,0,0
0.5,0.42,0.055552,1,0,0
0.52,0.42,0.050763,1,0,0
0.54,0.42,0.042009,1,0,0
0.56,0.42,0.042087,1,0,0
0.58,0.42,0.033384,1,0,0
0.6,0.42,0.010056,1,0,0
0.62,0.42,-0.0050604,1,0,0
0.64,0.42,-0.0052908,1,0,0
0.66,0.42,-0.018051,1,0,0
0.68,0.42,-0.011473,1,0,0
0.7,0.42,-0.017077,1,0,0
0.72,0.42,-0.013726,1,0,0
0.74,0.42,-0.010193,1,0,0
0.76,0.42,-0.0057487,1,0,0
0.78,0.42,-0.0074417,1,0,0
0.8,0.42,-0.013806,1,0,0
0.82,0.42,-0.027802,1,0,0
0.84,0.42,-0.028921,1,0,0
0.86,0.42,-0.0201,1,0,0
0.88,0.42,-0.016482,1,0,0
0.9,0.42,-0.025422,1,0,0
0.92,0.42,-0.03733,1,0,0
0.94,0.42,-0.044451,1,0,0
0.96,0.42,-0.051143,1,0,0
0.98,0.42,-0.049375,1,0,0
0.02,0.44,-0.012417,1,0,0
0.04,0.44,-0.013914,1,0,0
0.06,0.44,-0.024091,1,0,0
0.08,0.44,-0.021853,1,0,0
0.1,0.44,-0.020398,1,0,0
0.12,0.44,-0.01944,1,0,0
0.14,0.44,-0.032931,1,0,0
0.16,0.44,-0.034735,1,0,0
0.18,0.44,-0.023665,1,0,0
0.2,0.44,-0.0082894,1,0,0
0.22,0.44,0.0085167,1,0,0
0.24,0.44,0.013955,1,0,0
0.26,0.44,0.011609,1,0,0
0.28,0.44,0.028353,1,0,0
0.3,0.44,0.027971,1,0,0
0.32,0.44,0.024818,1,0,0
0.34,0.44,0.017046,1,0,0
0.36,0.44,0.017308,1,0,0
0.38,0.44,0.0142,1,0,0
0.4,0.44,0.023021,1,0,0
0.42,0.44,0.032349,1,0,0
0.44,0.44,0.045903,1,0,0
0.46,0.44,0.05318,1,0,0
0.48,0.44,0.062064,1,0,0
0.5,0.44,0.047893,1,0,0
0.52,0.44,0.042463,1,0,0
0.54,0.44,0.020638,1,0,0
0.56,0.44,0.026896,1,0,0
0.58,0.44,0.014932,1,0,0
0.6,0.44,0.011479,1,0,0
0.62,0.44,0.00080809,1,0,0
0.64,0.44,0.00010211,1,0,0
0.66,0.44,-0.0087159,1,0,0
0.68,0.44,-0.011549,1,0,0
0.7,0.44,-0.012502,1,0,0
0.72,0.44,-0.012935,1,0,0
0.74,0.44,-0.015058,1,0,0
0.76,0.44,-0.010261,1,0,0
0.78,0.44,-0.0093147,1,0,0
0.8,0.44,-0.017045,1,0,0
0.82,0.44,-0.031786,1,0,0
0.84,0.44,-0.029139,1,0,0
0.86,0.44,-0.017859,1,0,0
0.88,0.44,-0.027695,1,0,0
0.9,0.44,-0.031815,1,0,0
0.92,0.44,-0.038199,1,0,0
0.94,0.44,-0.04947,1,0,0
0.96,0.44,-0.049947,1,0,0
0.98,0.44,-0.048898,1,0,0
0.02,0.46,-0.0062775,1,0,0
0.04,0.46,-0.007135,1,0,0
0.06,0.46,-0.02283,1,0,0
0.08,0.46,-0.036281,1,0,0
0.1,0.46,-0.032964,1,0,0
0.12,0.46,-0.035348,1,0,0
0.14,0.46,-0.034702,1,0,0
0.16,0.46,-0.027775,1,0,0
0.18,0.46,-0.017196,1,0,0
0.2,0.46,-0.0094582,1,0,0
0.22,0.46,0.0036356,1,0,0
0.24,0.46,0.0042711,1,0,0
0.26,0.46,0.0030759,1,0,0
0.28,0.46,0.017208,1,0,0
0.3,0.46,0.014954,1,0,0
0.32,0.46,0.011926,1,0,0
0.34,0.46,0.012,1,0,0
0.36,0.46,0.013668,1,0,0
0.38,0.46,0.0034239,1,0,0
0.4,0.46,0.015303,1,0,0
0.42,0.46,0.025508,1,0,0
0.44,0.46,0.036753,1,0,0
0.46,0.46,0.040567,1,0,0
0.48,0.46,0.046989,1,0,0
0.5,0.46,0.035288,1,0,0
0.52,0.46,0.030974,1,0,0
0.54,0.46,0.02478,1,0,0
0.56,0.46,0.019053,1,0,0
0.58,0.46,0.010687,1,0,0
0.6,0.46,0.011732,1,0,0
0.62,0.46,0.006539,1,0,0
0.64,0.46,0.0015142,1,0,0
0.66,0.46,-0.0021665,1,0,0
0.68,0.46,-0.0025569,1,0,0
0.7,0.46,-0.011101,1,0,0
0.72,0.46,-0.0095022,1,0,0
0.74,0.46,-0.01155,1,0,0
0.76,0.46,-0.015405,1,0,0
0.78,0.46,-0.016787,1,0,0
0.8,0.46,-0.020652,1,0,0
0.82,0.46,-0.030887,1,0,0
0.84,0.46,-0.029048,1,0,0
0.86,0.46,-0.026378,1,0,0
0.88,0.46,-0.042006,1,0,0
0.9,0.46,-0.0479,1,0,0
0.92,0.46,-0.047535,1,0,0
0.94,0.46,-0.04666,1,0,0
0.96,0.46,-0.049328,1,0,0
0.98,0.46,-0.053275,1,0,0
0.02,0.48,-0.0034103,1,0,0
0.04,0.48,-0.0048954,1,0,0
0.06,0.48,-0.024855,1,0,0
0.08,0.48,-0.046947,1,0,0
0.1,0.48,-0.038383,1,0,0
0.12,0.48,-0.039259,1,0,0
0.14,0.48,-0.044999,1,0,0
0.16,0.48,-0.02596,1,0,0
0.18,0.48,-0.01389,1,0,0
0.2,0.48,-0.0063156,1,0,0
0.22,0.48,-0.0061969,1,0,0
0.24,0.48,-0.0017245,1,0,0
0.26,0.48,-0.0034623,1,0,0
0.28,0.48,0.00068255,1,0,0
0.3,0.48,0.0065416,1,0,0
0.32,0.48,-0.0012317,1,0,0
0.34,0.48,-0.00019355,1,0,0
0.36,0.48,0.0029297,1,0,0
0.38,0.48,0.0084279,1,0,0
0.4,0.48,0.01451,1,0,0
0.42,0.48,0.013242,1,0,0
0.44,0.48,0.015883,1,0,0
0.46,0.48,0.025591,1,0,0
0.48,0.48,0.031513,1,0,0
0.5,0.48,0.032803,1,0,0
0.52,0.48,0.029344,1,0,0
0.54,0.48,0.032573,1,0,0
0.56,0.48,0.021285,1,0,0
0.58,0.48,0.026091,1,0,0
0.6,0.48,0.0228,1,0,0
0.62,0.48,0.014666,1,0,0
0.64,0.48,0.0082387,1,0,0
0.66,0.48,0.0030847,1,0,0
0.68,0.48,0.0055372,1,0,0
0.7,0.48,0.0017083,1,0,0
0.72,0.48,0.0047493,1,0,0
0.74,0.48,-0.0041393,1,0,0
0.76,0.48,-0.017728,1,0,0
0.78,0.48,-0.017102,1,0,0
0.8,0.48,-0.020127,1,0,0
0.82,0.48,-0.023946,1,0,0
0.84,0.48,-0.020231,1,0,0
0.86,0.48,-0.031141,1,0,0
0.88,0.48,-0.042852,1,0,0
0.9,0.48,-0.051608,1,0,0
0.92,0.48,-0.053754,1,0,0
0.94,0.48,-0.058059,1,0,0
0.96,0.48,-0.048463,1,0,0
0.98,0.48,-0.040278,1,0,0
0.02,0.5,0.0088496,1,0,0
0.04,0.5,0.0035658,1,0,0
0.06,0.5,-0.017309,1,0,0
0.08,0.5,-0.026659,1,0,0
0.1,0.5,-0.035116,1,0,0
0.12,0.5,-0.041802,1,0,0
0.14,0.5,-0.047319,1,0,0
0.16,0.5,-0.028477,1,0,0
0.18,0.5,-0.017829,1,0,0
0.2,0.5,-0.015199,1,0,0
0.22,0.5,-0.0086326,1,0,0
0.24,0.5,-0.012169,1,0,0
0.26,0.5,-0.0084606,1,0,0
0.28,0.5,0.0040149,1,0,0
0.3,0.5,-0.0012993,1,0,0
0.32,0.5,-0.012295,1,0,0
0.34,0.5,-0.0079432,1,0,0
0.36,0.5,-0.0076112,1,0,0
0.38,0.5,0.011835,1,0,0
0.4,0.5,0.018157,1,0,0
0.42,0.5,0.018308,1,0,0
0.44,0.5,0.011746,1,0,0
0.46,0.5,0.023127,1,0,0
0.48,0.5,0.030295,1,0,0
0.5,0.5,0.026141,1,0,0
0.52,0.5,0.022629,1,0,0
0.54,0.5,0.030894,1,0,0
0.56,0.5,0.030831,1,0,0
0.58,0.5,0.028346,1,0,0
0.6,0.5,0.034646,1,0,0
0.62,0.5,0.029846,1,0,0
0.64,0.5,0.016308,1,0,0
0.66,0.5,0.025135,1,0,0
0.68,0.5,0.027223,1,0,0
0.7,0.5,0.022801,1,0,0
0.72,0.5,0.0096584,1,0,0
0.74,0.5,-0.0040074,1,0,0
0.76,0.5,-0.02231,1,0,0
0.78,0.5,-0.024022,1,0,0
0.8,0.5,-0.013359,1,0,0
0.82,0.5,-0.0073287,1,0,0
0.84,0.5,-0.012405,1,0,0
0.86,0.5,-0.02234,1,0,0
0.88,0.5,-0.034545,1,0,0
0.9,0.5,-0.05266,1,0,0
0.92,0.5,-0.064736,1,0,0
0.94,0.5,-0.06783,1,0,0
0.96,0.5,-0.046053,1,0,0
0.98,0.5,-0.03446,1,0,0
0.02,0.52,0.025271,1,0,0
0.04,0.52,0.017781,1,0,0
0.06,0.52,-0.0052394,1,0,0
0.08,0.52,-0.017566,1,0,0
0.1,0.52,-0.020319,1,0,0
0.12,0.52,-0.03221,1,0,0
0.14,0.52,-0.033057,1,0,0
0.16,0.52,-0.029162,1,0,0
0.18,0.52,-0.020993,1,0,0
0.2,0.52,-0.023882,1,0,0
0.22,0.52,-0.021782,1,0,0
0.24,0.52,-0.021739,1,0,0
0.26,0.52,-0.017059,1,0,0
0.28,0.52,-0.012318,1,0,0
0.3,0.52,-0.015213,1,0,0
0.32,0.52,-0.0087883,1,0,0
0.34,0.52,-0.0060263,1,0,0
0.36,0.52,0.0078838,1,0,0
0.38,0.52,0.019351,1,0,0
0.4,0.52,0.024151,1,0,0
0.42,0.52,0.026628,1,0,0
0.44,0.52,0.02628,1,0,0
0.46,0.52,0.027028,1,0,0
0.48,0.52,0.021448,1,0,0
0.5,0.52,0.022794,1,0,0
0.52,0.52,0.030371,1,0,0
0.54,0.52,0.032884,1,0,0
0.56,0.52,0.034182,1,0,0
0.58,0.52,0.037015,1,0,0
0.6,0.52,0.036259,1,0,0
0.62,0.52,0.042867,1,0,0
0.64,0.52,0.039944,1,0,0
0.66,0.52,0.037888,1,0,0
0.68,0.52,0.041176,1,0,0
0.7,0.52,0.041674,1,0,0
0.72,0.52,0.033037,1,0,0
0.74,0.52,0.0096498,1,0,0
0.76,0.52,-0.0065101,1,0,0
0.78,0.52,-0.011441,1,0,0
0.8,0.52,-0.0061037,1,0,0
0.82,0.52,-0.0034845,1,0,0
0.84,0.52,-0.00099509,1,0,0
0.86,0.52,-0.012824,1,0,0
0.88,0.52,-0.03328,1,0,0
0.9,0.52,-0.045585,1,0,0
0.92,0.52,-0.053334,1,0,0
0.94,0.52,-0.049634,1,0,0
0.96,0.52,-0.038668,1,0,0
0.98,0.52,-0.016424,1,0,0
0.02,0.54,0.038359,1,0,0
0.04,0.54,0.018298,1,0,0
0.06,0.54,-0.0013137,1,0,0
0.08,0.54,-0.018571,1,0,0
0.1,0.54,-0.029561,1,0,0
0.12,0.54,-0.035093,1,0,0
0.14,0.54,-0.036957,1,0,0
0.16,0.54,-0.030153,1,0,0
0.18,0.54,-0.039204,1,0,0
0.2,0.54,-0.037158,1,0,0
0.22,0.54,-0.041836,1,0,0
0.24,0.54,-0.044473,1,0,0
0.26,0.54,-0.039024,1,0,0
0.28,0.54,-0.02954,1,0,0
0.3,0.54,-0.030999,1,0,0
0.32,0.54,-0.018661,1,0,0
0.34,0.54,0.0038079,1,0,0
0.36,0.54,0.0082034,1,0,0
0.38,0.54,0.011508,1,0,0
0.4,0.54,0.014884,1,0,0
0.42,0.54,0.016088,1,0,0
0.44,0.54,0.033599,1,0,0
0.46,0.54,0.018285,1,0,0
0.48,0.54,0.010885,1,0,0
0.5,0.54,0.013644,1,0,0
0.52,0.54,0.021582,1,0,0
0.54,0.54,0.030885,1,0,0
0.56,0.54,0.037349,1,0,0
0.58,0.54,0.030729,1,0,0
0.6,0.54,0.031965,1,0,0
0.62,0.54,0.034912,1,0,0
0.64,0.54,0.044361,1,0,0
0.66,0.54,0.031649,1,0,0
0.68,0.54,0.035637,1,0,0
0.7,0.54,0.036574,1,0,0
0.72,0.54,0.03355,1,0,0
0.74,0.54,0.018435,1,0,0
0.76,0.54,0.0053416,1,0,0
0.78,0.54,6.8278e-05,1,0,0
0.8,0.54,-0.0027886,1,0,0
0.82,0.54,-0.0044527,1,0,0
0.84,0.54,-0.010421,1,0,0
0.86,0.54,-0.019443,1,0,0
0.88,0.54,-0.032117,1,0,0
0.9,0.54,-0.049315,1,0,0
0.92,0.54,-0.044473,1,0,0
0.94,0.54,-0.039086,1,0,0
0.96,0.54,-0.032725,1,0,0
0.98,0.54,-0.015526,1,0,0
0.02,0.56,0.04211,1,0,0
0.04,0.56,0.021507,1,0,0
0.06,0.56,0.0013995,1,0,0
0.08,0.56,-0.010792,1,0,0
0.1,0.56,-0.025378,1,0,0
0.12,0.56,-0.03994,1,0,0
0.14,0.56,-0.039951,1,0,0
0.16,0.56,-0.043586,1,0,0
0.18,0.56,-0.049763,1,0,0
0.2,0.56,-0.042639,1,0,0
0.22,0.56,-0.048039,1,0,0
0.24,0.56,-0.049236,1,0,0
0.26,0.56,-0.038945,1,0,0
0.28,0.56,-0.026924,1,0,0
0.3,0.56,-0.026816,1,0,0
0.32,0.56,-0.014211,1,0,0
0.34,0.56,-0.0060635,1,0,0
0.36,0.56,0.0016255,1,0,0
0.38,0.56,-0.0034762,1,0,0
0.4,0.56,0.0038117,1,0,0
0.42,0.56,0.0093221,1,0,0
0.44,0.56,0.028798,1,0,0
0.46,0.56,0.024875,1,0,0
0.48,0.56,0.021251,1,0,0
0.5,0.56,0.013213,1,0,0
0.52,0.56,0.024682,1,0,0
0.54,0.56,0.022401,1,0,0
0.56,0.56,0.037278,1,0,0
0.58,0.56,0.035067,1,0,0
0.6,0.56,0.031266,1,0,0
0.62,0.56,0.036941,1,0,0
0.64,0.56,0.045611,1,0,0
0.66,0.56,0.027556,1,0,0
0.68,0.56,0.030038,1,0,0
0.7,0.56,0.026464,1,0,0
0.72,0.56,0.024168,1,0,0
0.74,0.56,0.016795,1,0,0
0.76,0.56,0.0094414,1,0,0
0.78,0.56,0.0081438,1,0,0
0.8,0.56,0.012226,1,0,0
0.82,0.56,0.0059146,1,0,0
0.84,0.56,-0.0090729,1,0,0
0.86,0.56,-0.015433,1,0,0
0.88,0.56,-0.018,1,0,0
0.9,0.56,-0.034871,1,0,0
0.92,0.56,-0.046325,1,0,0
0.94,0.56,-0.041539,1,0,0
0.96,0.56,-0.035458,1,0,0
0.98,0.56,-0.013822,1,0,0
0.02,0.58,0.037134,1,0,0
0.04,0.58,0.017726,1,0,0
0.06,0.58,-0.0011646,1,0,0
0.08,0.58,-0.0090557,1,0,0
0.1,0.58,-0.019051,1,0,0
0.12,0.58,-0.030504,1,0,0
0.14,0.58,-0.039217,1,0,0
0.16,0.58,-0.045828,1,0,0
0.18,0.58,-0.04036,1,0,0
0.2,0.58,-0.048762,1,0,0
0.22,0.58,-0.049938,1,0,0
0.24,0.58,-0.044257,1,0,0
0.26,0.58,-0.038029,1,0,0
0.28,0.58,-0.025118,1,0,0
0.3,0.58,-0.032771,1,0,0
0.32,0.58,-0.011507,1,0,0
0.34,0.58,-0.012749,1,0,0
0.36,0.58,-0.010292,1,0,0
0.38,0.58,-0.0034922,1,0,0
0.4,0.58,0.001753,1,0,0
0.42,0.58,0.002434,1,0,0
0.44,0.58,0.027058,1,0,0
0.46,0.58,0.02782,1,0,0
0.48,0.58,0.017053,1,0,0
0.5,0.58,0.014464,1,0,0
0.52,0.58,0.025836,1,0,0
0.54,0.58,0.029086,1,0,0
0.56,0.58,0.042963,1,0,0
0.58,0.58,0.039708,1,0,0
0.6,0.58,0.037911,1,0,0
0.62,0.58,0.040569,1,0,0
0.64,0.58,0.03912,1,0,0
0.66,0.58,0.02527,1,0,0
0.68,0.58,0.02258,1,0,0
0.7,0.58,0.024609,1,0,0
0.72,0.58,0.023707,1,0,0
0.74,0.58,0.017503,1,0,0
0.76,0.58,0.021374,1,0,0
0.78,0.58,0.013781,1,0,0
0.8,0.58,0.021857,1,0,0
0.82,0.58,0.014392,1,0,0
0.84,0.58,-0.0036168,1,0,0
0.86,0.58,-0.010849,1,0,0
0.88,0.58,-0.015311,1,0,0
0.9,0.58,-0.02145,1,0,0
0.92,0.58,-0.037312,1,0,0
0.94,0.58,-0.040165,1,0,0
0.96,0.58,-0.02697,1,0,0
0.98,0.58,-0.0027627,1,0,0
0.02,0.6,0.031244,1,0,0
0.04,0.6,0.0098631,1,0,0
0.06,0.6,-0.0044808,1,0,0
0.08,0.6,-0.0010526,1,0,0
0.1,0.6,-0.0062276,1,0,0
0.12,0.6,-0.016239,1,0,0
0.14,0.6,-0.022197,1,0,0
0.16,0.6,-0.021881,1,0,0
0.18,0.6,-0.034806,1,0,0
0.2,0.6,-0.037692,1,0,0
0.22,0.6,-0.046092,1,0,0
0.24,0.6,-0.035695,1,0,0
0.26,0.6,-0.027545,1,0,0
0.28,0.6,-0.029871,1,0,0
0.3,0.6,-0.029992,1,0,0
0.32,0.6,-0.022167,1,0,0
0.34,0.6,-0.0069761,1,0,0
0.36,0.6,-0.0037788,1,0,0
0.38,0.6,9.419e-05,1,0,0
0.4,0.6,0.0068647,1,0,0
0.42,0.6,0.01348,1,0,0
0.44,0.6,0.024293,1,0,0
0.46,0.6,0.025897,1,0,0
0.48,0.6,0.012266,1,0,0
0.5,0.6,0.0060406,1,0,0
0.52,0.6,0.029506,1,0,0
0.54,0.6,0.045456,1,0,0
0.56,0.6,0.047778,1,0,0
0.58,0.6,0.044906,1,0,0
0.6,0.6,0.045087,1,0,0
0.62,0.6,0.049789,1,0,0
0.64,0.6,0.039065,1,0,0
0.66,0.6,0.019126,1,0,0
0.68,0.6,0.027201,1,0,0
0.7,0.6,0.026872,1,0,0
0.72,0.6,0.022971,1,0,0
0.74,0.6,0.032781,1,0,0
0.76,0.6,0.021022,1,0,0
0.78,0.6,0.012358,1,0,0
0.8,0.6,0.01494,1,0,0
0.82,0.6,0.016108,1,0,0
0.84,0.6,0.0011611,1,0,0
0.86,0.6,-0.01098,1,0,0
0.88,0.6,-0.0093941,1,0,0
0.9,0.6,-0.020258,1,0,0
0.92,0.6,-0.020745,1,0,0
0.94,0.6,-0.020019,1,0,0
0.96,0.6,-0.011309,1,0,0
0.98,0.6,0.0025596,1,0,0
0.02,0.62,0.014725,1,0,0
0.04,0.62,0.0054511,1,0,0
0.06,0.62,0.0063437,1,0,0
0.08,0.62,0.0033413,1,0,0
0.1,0.62,0.0063964,1,0,0
0.12,0.62,-0.0027828,1,0,0
0.14,0.62,-0.012517,1,0,0
0.16,0.62,-0.017016,1,0,0
0.18,0.62,-0.018771,1,0,0
0.2,0.62,-0.031556,1,0,0
0.22,0.62,-0.034312,1,0,0
0.24,0.62,-0.02699,1,0,0
0.26,0.62,-0.021308,1,0,0
0.28,0.62,-0.022175,1,0,0
0.3,0.62,-0.027866,1,0,0
0.32,0.62,-0.028083,1,0,0
0.34,0.62,-0.015305,1,0,0
0.36,0.62,-0.0066458,1,0,0
0.38,0.62,0.0053064,1,0,0
0.4,0.62,0.014886,1,0,0
0.42,0.62,0.019444,1,0,0
0.44,0.62,0.033436,1,0,0
0.46,0.62,0.026233,1,0,0
0.48,0.62,0.012336,1,0,0
0.5,0.62,0.01378,1,0,0
0.52,0.62,0.022743,1,0,0
0.54,0.62,0.036603,1,0,0
0.56,0.62,0.041458,1,0,0
0.58,0.62,0.05243,1,0,0
0.6,0.62,0.054262,1,0,0
0.62,0.62,0.062038,1,0,0
0.64,0.62,0.054248,1,0,0
0.66,0.62,0.032247,1,0,0
0.68,0.62,0.026351,1,0,0
0.7,0.62,0.031457,1,0,0
0.72,0.62,0.028217,1,0,0
0.74,0.62,0.021096,1,0,0
0.76,0.62,0.0092826,1,0,0
0.78,0.62,0.010467,1,0,0
0.8,0.62,0.013271,1,0,0
0.82,0.62,0.017216,1,0,0
0.84,0.62,0.013818,1,0,0
0.86,0.62,0.0047443,1,0,0
0.88,0.62,-0.0074172,1,0,0
0.9,0.62,-0.010978,1,0,0
0.92,0.62,-0.010847,1,0,0
0.94,0.62,-0.016892,1,0,0
0.96,0.62,-0.0089811,1,0,0
0.98,0.62,0.010672,1,0,0
0.02,0.64,0.012033,1,0,0
0.04,0.64,0.0098239,1,0,0
0.06,0.64,0.012623,1,0,0
0.08,0.64,0.017105,1,0,0
0.1,0.64,0.0099118,1,0,0
0.12,0.64,0.0047349,1,0,0
0.14,0.64,0.0041129,1,0,0
0.16,0.64,-0.0020994,1,0,0
0.18,0.64,0.00075867,1,0,0
0.2,0.64,-0.0107,1,0,0
0.22,0.64,-0.017549,1,0,0
0.24,0.64,-0.026288,1,0,0
0.26,0.64,-0.022805,1,0,0
0.28,0.64,-0.0097813,1,0,0
0.3,0.64,-0.016696,1,0,0
0.32,0.64,-0.023183,1,0,0
0.34,0.64,-0.012155,1,0,0
0.36,0.64,0.005846,1,0,0
0.38,0.64,0.014533,1,0,0
0.4,0.64,0.02301,1,0,0
0.42,0.64,0.033939,1,0,0
0.44,0.64,0.030012,1,0,0
0.46,0.64,0.031928,1,0,0
0.48,0.64,0.0323,1,0,0
0.5,0.64,0.026352,1,0,0
0.52,0.64,0.028351,1,0,0
0.54,0.64,0.030971,1,0,0
0.56,0.64,0.048084,1,0,0
0.58,0.64,0.062399,1,0,0
0.6,0.64,0.065988,1,0,0
0.62,0.64,0.070549,1,0,0
0.64,0.64,0.059881,1,0,0
0.66,0.64,0.043085,1,0,0
0.68,0.64,0.032806,1,0,0
0.7,0.64,0.034653,1,0,0
0.72,0.64,0.034287,1,0,0
0.74,0.64,0.02564,1,0,0
0.76,0.64,0.013706,1,0,0
0.78,0.64,0.018608,1,0,0
0.8,0.64,0.031082,1,0,0
0.82,0.64,0.024181,1,0,0
0.84,0.64,0.013703,1,0,0
0.86,0.64,0.014424,1,0,0
0.88,0.64,0.0048366,1,0,0
0.9,0.64,0.0011946,1,0,0
0.92,0.64,-0.0047635,1,0,0
0.94,0.64,-0.0064824,1,0,0
0.96,0.64,-0.0024195,1,0,0
0.98,0.64,0.012161,1,0,0
0.02,0.66,0.026726,1,0,0
0.04,0.66,0.021132,1,0,0
0.06,0.66,0.012856,1,0,0
0.08,0.66,0.0068026,1,0,0
0.1,0.66,0.0038479,1,0,0
0.12,0.66,0.0052973,1,0,0
0.14,0.66,0.00068689,1,0,0
0.16,0.66,0.0071518,1,0,0
0.18,0.66,0.010499,1,0,0
0.2,0.66,0.0045251,1,0,0
0.22,0.66,-0.0073353,1,0,0
0.24,0.66,-0.018418,1,0,0
0.26,0.66,-0.025648,1,0,0
0.28,0.66,-0.016619,1,0,0
0.3,0.66,-0.01801,1,0,0
0.32,0.66,-0.016898,1,0,0
0.34,0.66,-0.0024505,1,0,0
0.36,0.66,0.012014,1,0,0
0.38,0.66,0.020356,1,0,0
0.4,0.66,0.02612,1,0,0
0.42,0.66,0.030095,1,0,0
0.44,0.66,0.033836,1,0,0
0.46,0.66,0.033349,1,0,0
0.48,0.66,0.038111,1,0,0
0.5,0.66,0.034413,1,0,0
0.52,0.66,0.034561,1,0,0
0.54,0.66,0.033234,1,0,0
0.56,0.66,0.04706,1,0,0
0.58,0.66,0.057602,1,0,0
0.6,0.66,0.070024,1,0,0
0.62,0.66,0.069537,1,0,0
0.64,0.66,0.061338,1,0,0
0.66,0.66,0.038815,1,0,0
0.68,0.66,0.028503,1,0,0
0.7,0.66,0.025179,1,0,0
0.72,0.66,0.0325,1,0,0
0.74,0.66,0.030609,1,0,0
0.76,0.66,0.023367,1,0,0
0.78,0.66,0.030957,1,0,0
0.8,0.66,0.035331,1,0,0
0.82,0.66,0.026063,1,0,0
0.84,0.66,0.018286,1,0,0
0.86,0.66,0.012768,1,0,0
0.88,0.66,0.0054064,1,0,0
0.9,0.66,0.00035851,1,0,0
0.92,0.66,-0.0020609,1,0,0
0.94,0.66,-0.009124,1,0,0
0.96,0.66,-0.0063197,1,0,0
0.98,0.66,0.0031829,1,0,0
0.02,0.68,0.04651,1,0,0
0.04,0.68,0.038559,1,0,0
0.06,0.68,0.023936,1,0,0
0.08,0.68,0.0079314,1,0,0
0.1,0.68,0.01217,1,0,0
0.12,0.68,0.0029141,1,0,0
0.14,0.68,-0.0033945,1,0,0
0.16,0.68,0.0038522,1,0,0
0.18,0.68,0.0083684,1,0,0
0.2,0.68,0.0028421,1,0,0
0.22,0.68,-0.0060095,1,0,0
0.24,0.68,-0.0071437,1,0,0
0.26,0.68,-0.019236,1,0,0
0.28,0.68,-0.018416,1,0,0
0.3,0.68,-0.01663,1,0,0
0.32,0.68,-0.0036648,1,0,0
0.34,0.68,0.0049444,1,0,0
0.36,0.68,0.016059,1,0,0
0.38,0.68,0.015449,1,0,0
0.4,0.68,0.026966,1,0,0
0.42,0.68,0.024971,1,0,0
0.44,0.68,0.044961,1,0,0
0.46,0.68,0.045207,1,0,0
0.48,0.68,0.046276,1,0,0
0.5,0.68,0.036271,1,0,0
0.52,0.68,0.038749,1,0,0
0.54,0.68,0.043178,1,0,0
0.56,0.68,0.041817,1,0,0
0.58,0.68,0.049516,1,0,0
0.6,0.68,0.06447,1,0,0
0.62,0.68,0.067896,1,0,0
0.64,0.68,0.06679,1,0,0
0.66,0.68,0.046827,1,0,0
0.68,0.68,0.044463,1,0,0
0.7,0.68,0.029595,1,0,0
0.72,0.68,0.030889,1,0,0
0.74,0.68,0.032877,1,0,0
0.76,0.68,0.037921,1,0,0
0.78,0.68,0.037708,1,0,0
0.8,0.68,0.036099,1,0,0
0.82,0.68,0.031943,1,0,0
0.84,0.68,0.031064,1,0,0
0.86,0.68,0.01919,1,0,0
0.88,0.68,0.0084186,1,0,0
0.9,0.68,-0.00145,1,0,0
0.92,0.68,-0.0059958,1,0,0
0.94,0.68,-0.013003,1,0,0
0.96,0.68,-0.01155,1,0,0
0.98,0.68,0.0027803,1,0,0
0.02,0.7,0.052804,1,0,0
0.04,0.7,0.04479,1,0,0
0.06,0.7,0.024036,1,0,0
0.08,0.7,0.025904,1,0,0
0.1,0.7,0.024689,1,0,0
0.12,0.7,0.012602,1,0,0
0.14,0.7,-0.0041893,1,0,0
0.16,0.7,-0.0023507,1,0,0
0.18,0.7,-0.0040706,1,0,0
0.2,0.7,0.0012591,1,0,0
0.22,0.7,-0.00078168,1,0,0
0.24,0.7,-0.0096899,1,0,0
0.26,0.7,-0.024258,1,0,0
0.28,0.7,-0.021023,1,0,0
0.3,0.7,-0.018131,1,0,0
0.32,0.7,-0.00051567,1,0,0
0.34,0.7,0.0077912,1,0,0
0.36,0.7,0.014202,1,0,0
0.38,0.7,0.022846,1,0,0
0.4,0.7,0.027893,1,0,0
0.42,0.7,0.026373,1,0,0
0.44,0.7,0.034917,1,0,0
0.46,0.7,0.044316,1,0,0
0.48,0.7,0.049531,1,0,0
0.5,0.7,0.035385,1,0,0
0.52,0.7,0.039517,1,0,0
0.54,0.7,0.034597,1,0,0
0.56,0.7,0.038609,1,0,0
0.58,0.7,0.03722,1,0,0
0.6,0.7,0.053128,1,0,0
0.62,0.7,0.059701,1,0,0
0.64,0.7,0.056238,1,0,0
0.66,0.7,0.05285,1,0,0
0.68,0.7,0.057265,1,0,0
0.7,0.7,0.043255,1,0,0
0.72,0.7,0.038445,1,0,0
0.74,0.7,0.041303,1,0,0
0.76,0.7,0.044315,1,0,0
0.78,0.7,0.035371,1,0,0
0.8,0.7,0.030934,1,0,0
0.82,0.7,0.0214,1,0,0
0.84,0.7,0.016889,1,0,0
0.86,0.7,0.0089499,1,0,0
0.88,0.7,0.0052495,1,0,0
0.9,0.7,-0.0097426,1,0,0
0.92,0.7,-0.023805,1,0,0
0.94,0.7,-0.024133,1,0,0
0.96,0.7,-0.012003,1,0,0
0.98,0.7,0.0054682,1,0,0
0.02,0.72,0.043095,1,0,0
0.04,0.72,0.042964,1,0,0
0.06,0.72,0.030594,1,0,0
0.08,0.72,0.027233,1,0,0
0.1,0.72,0.020872,1,0,0
0.12,0.72,0.014087,1,0,0
0.14,0.72,-0.004636,1,0,0
0.16,0.72,-0.013657,1,0,0
0.18,0.72,-0.0072254,1,0,0
0.2,0.72,-0.00099143,1,0,0
0.22,0.72,-0.0031834,1,0,0
0.24,0.72,-0.01827,1,0,0
0.26,0.72,-0.032109,1,0,0
0.28,0.72,-0.027098,1,0,0
0.3,0.72,-0.02505,1,0,0
0.32,0.72,-0.0077441,1,0,0
0.34,0.72,-0.00023113,1,0,0
0.36,0.72,0.0054084,1,0,0
0.38,0.72,0.020515,1,0,0
0.4,0.72,0.016398,1,0,0
0.42,0.72,0.012163,1,0,0
0.44,0.72,0.022118,1,0,0
0.46,0.72,0.027854,1,0,0
0.48,0.72,0.031773,1,0,0
0.5,0.72,0.035165,1,0,0
0.52,0.72,0.03034,1,0,0
0.54,0.72,0.025054,1,0,0
0.56,0.72,0.035997,1,0,0
0.58,0.72,0.036226,1,0,0
0.6,0.72,0.030305,1,0,0
0.62,0.72,0.033024,1,0,0
0.64,0.72,0.047326,1,0,0
0.66,0.72,0.054314,1,0,0
0.68,0.72,0.05759,1,0,0
0.7,0.72,0.058554,1,0,0
0.72,0.72,0.05275,1,0,0
0.74,0.72,0.042863,1,0,0
0.76,0.72,0.04484,1,0,0
0.78,0.72,0.034954,1,0,0
0.8,0.72,0.020236,1,0,0
0.82,0.72,-0.00013055,1,0,0
0.84,0.72,-0.0078322,1,0,0
0.86,0.72,-0.0072376,1,0,0
0.88,0.72,-0.012049,1,0,0
0.9,0.72,-0.025684,1,0,0
0.92,0.72,-0.034129,1,0,0
0.94,0.72,-0.032389,1,0,0
0.96,0.72,-0.014842,1,0,0
0.98,0.72,0.010877,1,0,0
0.02,0.74,0.041859,1,0,0
0.04,0.74,0.040952,1,0,0
0.06,0.74,0.034981,1,0,0
0.08,0.74,0.027099,1,0,0
0.1,0.74,0.023027,1,0,0
0.12,0.74,0.0060266,1,0,0
0.14,0.74,6.8795e-05,1,0,0
0.16,0.74,-0.016961,1,0,0
0.18,0.74,-0.018068,1,0,0
0.2,0.74,0.0049191,1,0,0
0.22,0.74,0.0091769,1,0,0
0.24,0.74,-0.011282,1,0,0
0.26,0.74,-0.015557,1,0,0
0.28,0.74,-0.018626,1,0,0
0.3,0.74,-0.022041,1,0,0
0.32,0.74,-0.017761,1,0,0
0.34,0.74,-0.0044182,1,0,0
0.36,0.74,-0.0026236,1,0,0
0.38,0.74,-0.0060808,1,0,0
0.4,0.74,-0.0054962,1,0,0
0.42,0.74,-0.0030006,1,0,0
0.44,0.74,0.0093376,1,0,0
0.46,0.74,0.016069,1,0,0
0.48,0.74,0.026275,1,0,0
0.5,0.74,0.0363,1,0,0
0.52,0.74,0.027657,1,0,0
0.54,0.74,0.022993,1,0,0
0.56,0.74,0.022834,1,0,0
0.58,0.74,0.027329,1,0,0
0.6,0.74,0.019681,1,0,0
0.62,0.74,0.034745,1,0,0
0.64,0.74,0.050501,1,0,0
0.66,0.74,0.050135,1,0,0
0.68,0.74,0.058641,1,0,0
0.7,0.74,0.056516,1,0,0
0.72,0.74,0.054015,1,0,0
0.74,0.74,0.053538,1,0,0
0.76,0.74,0.040421,1,0,0
0.78,0.74,0.033194,1,0,0
0.8,0.74,0.014452,1,0,0
0.82,0.74,-0.00093209,1,0,0
0.84,0.74,-0.012488,1,0,0
0.86,0.74,-0.013261,1,0,0
0.88,0.74,-0.017181,1,0,0
0.9,0.74,-0.042496,1,0,0
0.92,0.74,-0.046771,1,0,0
0.94,0.74,-0.030276,1,0,0
0.96,0.74,-0.023886,1,0,0
0.98,0.74,-0.0029531,1,0,0
0.02,0.76,0.038953,1,0,0
0.04,0.76,0.046163,1,0,0
0.06,0.76,0.038375,1,0,0
0.08,0.76,0.032619,1,0,0
0.1,0.76,0.021198,1,0,0
0.12,0.76,0.01267,1,0,0
0.14,0.76,-3.4705e-06,1,0,0
0.16,0.76,-0.00036844,1,0,0
0.18,0.76,0.0069818,1,0,0
0.2,0.76,0.016238,1,0,0
0.22,0.76,0.016074,1,0,0
0.24,0.76,0.0041807,1,0,0
0.26,0.76,-0.00070128,1,0,0
0.28,0.76,-0.004433,1,0,0
0.3,0.76,-0.010288,1,0,0
0.32,0.76,-0.0075357,1,0,0
0.34,0.76,-0.0025246,1,0,0
0.36,0.76,-0.018228,1,0,0
0.38,0.76,-0.014401,1,0,0
0.4,0.76,-0.022427,1,0,0
0.42,0.76,-0.018941,1,0,0
0.44,0.76,0.0033033,1,0,0
0.46,0.76,0.016994,1,0,0
0.48,0.76,0.024522,1,0,0
0.5,0.76,0.034085,1,0,0
0.52,0.76,0.030302,1,0,0
0.54,0.76,0.020048,1,0,0
0.56,0.76,0.01717,1,0,0
0.58,0.76,0.018283,1,0,0
0.6,0.76,0.02131,1,0,0
0.62,0.76,0.034326,1,0,0
0.64,0.76,0.046993,1,0,0
0.66,0.76,0.049564,1,0,0
0.68,0.76,0.05414,1,0,0
0.7,0.76,0.062832,1,0,0
0.72,0.76,0.057549,1,0,0
0.74,0.76,0.057556,1,0,0
0.76,0.76,0.052597,1,0,0
0.78,0.76,0.039914,1,0,0
0.8,0.76,0.019634,1,0,0
0.82,0.76,0.0057046,1,0,0
0.84,0.76,-0.0098105,1,0,0
0.86,0.76,-0.015935,1,0,0
0.88,0.76,-0.027803,1,0,0
0.9,0.76,-0.040734,1,0,0
0.92,0.76,-0.036123,1,0,0
0.94,0.76,-0.028557,1,0,0
0.96,0.76,-0.019562,1,0,0
0.98,0.76,-0.0071281,1,0,0
0.02,0.78,0.03,1,0,0
0.04,0.78,0.035755,1,0,0
0.06,0.78,0.027276,1,0,0
0.08,0.78,0.030608,1,0,0
0.1,0.78,0.026172,1,0,0
0.12,0.78,0.0088783,1,0,0
0.14,0.78,0.0062598,1,0,0
0.16,0.78,0.013036,1,0,0
0.18,0.78,0.028266,1,0,0
0.2,0.78,0.030689,1,0,0
0.22,0.78,0.023519,1,0,0
0.24,0.78,0.011746,1,0,0
0.26,0.78,0.00046189,1,0,0
0.28,0.78,-0.0021404,1,0,0
0.3,0.78,-0.0108,1,0,0
0.32,0.78,-0.005433,1,0,0
0.34,0.78,-0.017333,1,0,0
0.36,0.78,-0.018077,1,0,0
0.38,0.78,-0.014696,1,0,0
0.4,0.78,-0.016702,1,0,0
0.42,0.78,-0.024034,1,0,0
0.44,0.78,-0.014667,1,0,0
0.46,0.78,0.013233,1,0,0
0.48,0.78,0.025295,1,0,0
0.5,0.78,0.021532,1,0,0
0.52,0.78,0.017751,1,0,0
0.54,0.78,0.0014515,1,0,0
0.56,0.78,-0.0025443,1,0,0
0.58,0.78,0.0071329,1,0,0
0.6,0.78,0.019961,1,0,0
0.62,0.78,0.037765,1,0,0
0.64,0.78,0.036166,1,0,0
0.66,0.78,0.036954,1,0,0
0.68,0.78,0.053439,1,0,0
0.7,0.78,0.05999,1,0,0
0.72,0.78,0.062939,1,0,0
0.74,0.78,0.065421,1,0,0
0.76,0.78,0.063068,1,0,0
0.78,0.78,0.042531,1,0,0
0.8,0.78,0.029139,1,0,0
0.82,0.78,0.0091434,1,0,0
0.84,0.78,-0.0093918,1,0,0
0.86,0.78,-0.020023,1,0,0
0.88,0.78,-0.022229,1,0,0
0.9,0.78,-0.020438,1,0,0
0.92,0.78,-0.0287,1,0,0
0.94,0.78,-0.02438,1,0,0
0.96,0.78,-0.020232,1,0,0
0.98,0.78,-0.0033604,1,0,0
0.02,0.8,0.014444,1,0,0
0.04,0.8,0.022445,1,0,0
0.06,0.8,0.03094,1,0,0
0.08,0.8,0.034116,1,0,0
0.1,0.8,0.031948,1,0,0
0.12,0.8,0.020639,1,0,0
0.14,0.8,0.016699,1,0,0
0.16,0.8,0.029875,1,0,0
0.18,0.8,0.038224,1,0,0
0.2,0.8,0.037372,1,0,0
0.22,0.8,0.030171,1,0,0
0.24,0.8,0.022358,1,0,0
0.26,0.8,0.01031,1,0,0
0.28,0.8,0.012478,1,0,0
0.3,0.8,-0.0013984,1,0,0
0.32,0.8,-0.0092953,1,0,0
0.34,0.8,-0.015881,1,0,0
0.36,0.8,-0.018997,1,0,0
0.38,0.8,-0.017772,1,0,0
0.4,0.8,-0.0084265,1,0,0
0.42,0.8,-0.018993,1,0,0
0.44,0.8,-0.0013839,1,0,0
0.46,0.8,0.0083949,1,0,0
0.48,0.8,0.019661,1,0,0
0.5,0.8,0.0062405,1,0,0
0.52,0.8,-0.0025943,1,0,0
0.54,0.8,-0.011062,1,0,0
0.56,0.8,-0.013195,1,0,0
0.58,0.8,-0.010282,1,0,0
0.6,0.8,0.011557,1,0,0
0.62,0.8,0.023265,1,0,0
0.64,0.8,0.032561,1,0,0
0.66,0.8,0.033885,1,0,0
0.68,0.8,0.051369,1,0,0
0.7,0.8,0.057517,1,0,0
0.72,0.8,0.062084,1,0,0
0.74,0.8,0.065799,1,0,0
0.76,0.8,0.055048,1,0,0
0.78,0.8,0.044506,1,0,0
0.8,0.8,0.036803,1,0,0
0.82,0.8,0.024306,1,0,0
0.84,0.8,0.0039167,1,0,0
0.86,0.8,-0.0069452,1,0,0
0.88,0.8,-0.0069796,1,0,0
0.9,0.8,-0.010063,1,0,0
0.92,0.8,-0.011321,1,0,0
0.94,0.8,-0.019571,1,0,0
0.96,0.8,-0.015018,1,0,0
0.98,0.8,-0.0044271,1,0,0
0.02,0.82,-0.0098459,1,0,0
0.04,0.82,0.0068477,1,0,0
0.06,0.82,0.02009,1,0,0
0.08,0.82,0.027027,1,0,0
0.1,0.82,0.03689,1,0,0
0.12,0.82,0.037128,1,0,0
0.14,0.82,0.02688,1,0,0
0.16,0.82,0.032856,1,0,0
0.18,0.82,0.033297,1,0,0
0.2,0.82,0.03845,1,0,0
0.22,0.82,0.033772,1,0,0
0.24,0.82,0.03864,1,0,0
0.26,0.82,0.026412,1,0,0
0.28,0.82,0.016386,1,0,0
0.3,0.82,-0.001864,1,0,0
0.32,0.82,-0.018172,1,0,0
0.34,0.82,-0.01864,1,0,0
0.36,0.82,-0.013028,1,0,0
0.38,0.82,-0.023759,1,0,0
0.4,0.82,-0.017368,1,0,0
0.42,0.82,-0.0095019,1,0,0
0.44,0.82,0.0060419,1,0,0
0.46,0.82,0.0045641,1,0,0
0.48,0.82,0.0051684,1,0,0
0.5,0.82,-0.0086231,1,0,0
0.52,0.82,-0.0080655,1,0,0
0.54,0.82,-0.024958,1,0,0
0.56,0.82,-0.027165,1,0,0
0.58,0.82,-0.021637,1,0,0
0.6,0.82,-0.0076349,1,0,0
0.62,0.82,0.006355,1,0,0
0.64,0.82,0.027505,1,0,0
0.66,0.82,0.021204,1,0,0
0.68,0.82,0.032586,1,0,0
0.7,0.82,0.045664,1,0,0
0.72,0.82,0.064268,1,0,0
0.74,0.82,0.063683,1,0,0
0.76,0.82,0.049064,1,0,0
0.78,0.82,0.049052,1,0,0
0.8,0.82,0.042387,1,0,0
0.82,0.82,0.029186,1,0,0
0.84,0.82,0.026276,1,0,0
0.86,0.82,0.018172,1,0,0
0.88,0.82,0.0063729,1,0,0
0.9,0.82,-0.002224,1,0,0
0.92,0.82,-0.0047818,1,0,0
0.94,0.82,-0.018222,1,0,0
0.96,0.82,-0.02039,1,0,0
0.98,0.82,-0.008378,1,0,0
0.02,0.84,-0.019664,1,0,0
0.04,0.84,-0.0086064,1,0,0
0.06,0.84,0.0059759,1,0,0
0.08,0.84,0.021277,1,0,0
0.1,0.84,0.031896,1,0,0
0.12,0.84,0.032737,1,0,0
0.14,0.84,0.035131,1,0,0
0.16,0.84,0.037951,1,0,0
0.18,0.84,0.04626,1,0,0
0.2,0.84,0.043081,1,0,0
0.22,0.84,0.05111,1,0,0
0.24,0.84,0.043017,1,0,0
0.26,0.84,0.028127,1,0,0
0.28,0.84,0.028644,1,0,0
0.3,0.84,-0.0033246,1,0,0
0.32,0.84,-0.019811,1,0,0
0.34,0.84,-0.020048,1,0,0
0.36,0.84,-0.01781,1,0,0
0.38,0.84,-0.033924,1,0,0
0.4,0.84,-0.024493,1,0,0
0.42,0.84,-0.0053531,1,0,0
0.44,0.84,0.0051967,1,0,0
0.46,0.84,-0.00019741,1,0,0
0.48,0.84,-0.0044282,1,0,0
0.5,0.84,-0.018058,1,0,0
0.52,0.84,-0.018247,1,0,0
0.54,0.84,-0.020427,1,0,0
0.56,0.84,-0.022028,1,0,0
0.58,0.84,-0.028291,1,0,0
0.6,0.84,-0.021273,1,0,0
0.62,0.84,-0.0092883,1,0,0
0.64,0.84,-0.00039914,1,0,0
0.66,0.84,0.0072704,1,0,0
0.68,0.84,0.018911,1,0,0
0.7,0.84,0.035047,1,0,0
0.72,0.84,0.057302,1,0,0
0.74,0.84,0.055592,1,0,0
0.76,0.84,0.051359,1,0,0
0.78,0.84,0.050449,1,0,0
0.8,0.84,0.054987,1,0,0
0.82,0.84,0.037612,1,0,0
0.84,0.84,0.030687,1,0,0
0.86,0.84,0.032164,1,0,0
0.88,0.84,0.015043,1,0,0
0.9,0.84,0.010521,1,0,0
0.92,0.84,-0.0024355,1,0,0
0.94,0.84,-0.013499,1,0,0
0.96,0.84,-0.022713,1,0,0
0.98,0.84,-0.016235,1,0,0
0.02,0.86,-0.025601,1,0,0
0.04,0.86,-0.012608,1,0,0
0.06,0.86,0.0022691,1,0,0
0.08,0.86,0.024027,1,0,0
0.1,0.86,0.043386,1,0,0
0.12,0.86,0.047529,1,0,0
0.14,0.86,0.042559,1,0,0
0.16,0.86,0.049809,1,0,0
0.18,0.86,0.059487,1,0,0
0.2,0.86,0.055982,1,0,0
0.22,0.86,0.060267,1,0,0
0.24,0.86,0.061845,1,0,0
0.26,0.86,0.049852,1,0,0
0.28,0.86,0.033297,1,0,0
0.3,0.86,0.016595,1,0,0
0.32,0.86,-0.0082055,1,0,0
0.34,0.86,-0.016107,1,0,0
0.36,0.86,-0.022577,1,0,0
0.38,0.86,-0.029393,1,0,0
0.4,0.86,-0.028826,1,0,0
0.42,0.86,-0.016248,1,0,0
0.44,0.86,-0.00019982,1,0,0
0.46,0.86,0.0097649,1,0,0
0.48,0.86,0.0063672,1,0,0
0.5,0.86,-0.0090837,1,0,0
0.52,0.86,-0.010589,1,0,0
0.54,0.86,-0.014369,1,0,0
0.56,0.86,-0.018725,1,0,0
0.58,0.86,-0.021323,1,0,0
0.6,0.86,-0.018811,1,0,0
0.62,0.86,-0.0098412,1,0,0
0.64,0.86,-0.00056476,1,0,0
0.66,0.86,0.0018581,1,0,0
0.68,0.86,0.011621,1,0,0
0.7,0.86,0.030676,1,0,0
0.72,0.86,0.045446,1,0,0
0.74,0.86,0.054732,1,0,0
0.76,0.86,0.051868,1,0,0
0.78,0.86,0.062174,1,0,0
0.8,0.86,0.055718,1,0,0
0.82,0.86,0.044443,1,0,0
0.84,0.86,0.03841,1,0,0
0.86,0.86,0.038169,1,0,0
0.88,0.86,0.031714,1,0,0
0.9,0.86,0.026618,1,0,0
0.92,0.86,0.0091042,1,0,0
0.94,0.86,-0.021471,1,0,0
0.96,0.86,-0.017871,1,0,0
0.98,0.86,-0.0001909,1,0,0
0.02,0.88,-0.029345,1,0,0
0.04,0.88,-0.0093447,1,0,0
0.06,0.88,0.0091743,1,0,0
0.08,0.88,0.028885,1,0,0
0.1,0.88,0.050693,1,0,0
0.12,0.88,0.053475,1,0,0
0.14,0.88,0.054531,1,0,0
0.16,0.88,0.067552,1,0,0
0.18,0.88,0.065803,1,0,0
0.2,0.88,0.062528,1,0,0
0.22,0.88,0.060778,1,0,0
0.24,0.88,0.061029,1,0,0
0.26,0.88,0.053036,1,0,0
0.28,0.88,0.039434,1,0,0
0.3,0.88,0.02279,1,0,0
0.32,0.88,0.0038109,1,0,0
0.34,0.88,-0.0063406,1,0,0
0.36,0.88,-0.027838,1,0,0
0.38,0.88,-0.036779,1,0,0
0.4,0.88,-0.033213,1,0,0
0.42,0.88,-0.01887,1,0,0
0.44,0.88,0.0036277,1,0,0
0.46,0.88,0.018314,1,0,0
0.48,0.88,0.0062445,1,0,0
0.5,0.88,-0.0045496,1,0,0
0.52,0.88,-0.010017,1,0,0
0.54,0.88,0.00073222,1,0,0
0.56,0.88,-0.015532,1,0,0
0.58,0.88,-0.02176,1,0,0
0.6,0.88,-0.01784,1,0,0
0.62,0.88,-0.0030767,1,0,0
0.64,0.88,0.0033676,1,0,0
0.66,0.88,0.0074533,1,0,0
0.68,0.88,0.022333,1,0,0
0.7,0.88,0.027155,1,0,0
0.72,0.88,0.040547,1,0,0
0.74,0.88,0.052372,1,0,0
0.76,0.88,0.047876,1,0,0
0.78,0.88,0.051518,1,0,0
0.8,0.88,0.053196,1,0,0
0.82,0.88,0.048742,1,0,0
0.84,0.88,0.038766,1,0,0
0.86,0.88,0.028422,1,0,0
0.88,0.88,0.03378,1,0,0
0.9,0.88,0.027805,1,0,0
0.92,0.88,0.01487,1,0,0
0.94,0.88,-0.0031084,1,0,0
0.96,0.88,-0.0037386,1,0,0
0.98,0.88,0.0046684,1,0,0
0.02,0.9,-0.033436,1,0,0
0.04,0.9,-0.010657,1,0,0
0.06,0.9,0.0053432,1,0,0
0.08,0.9,0.029367,1,0,0
0.1,0.9,0.049302,1,0,0
0.12,0.9,0.060934,1,0,0
0.14,0.9,0.066954,1,0,0
0.16,0.9,0.070721,1,0,0
0.18,0.9,0.07413,1,0,0
0.2,0.9,0.065125,1,0,0
0.22,0.9,0.059083,1,0,0
0.24,0.9,0.05587,1,0,0
0.26,0.9,0.049454,1,0,0
0.28,0.9,0.035688,1,0,0
0.3,0.9,0.0097745,1,0,0
0.32,0.9,0.0043395,1,0,0
0.34,0.9,-0.0025029,1,0,0
0.36,0.9,-0.017369,1,0,0
0.38,0.9,-0.028543,1,0,0
0.4,0.9,-0.031913,1,0,0
0.42,0.9,-0.019156,1,0,0
0.44,0.9,0.0013781,1,0,0
0.46,0.9,0.011059,1,0,0
0.48,0.9,0.0027145,1,0,0
0.5,0.9,-0.0023721,1,0,0
0.52,0.9,0.00042118,1,0,0
0.54,0.9,-0.0020343,1,0,0
0.56,0.9,-0.014599,1,0,0
0.58,0.9,-0.021097,1,0,0
0.6,0.9,-0.016676,1,0,0
0.62,0.9,-0.00069538,1,0,0
0.64,0.9,0.0034909,1,0,0
0.66,0.9,0.0049005,1,0,0
0.68,0.9,0.01423,1,0,0
0.7,0.9,0.029616,1,0,0
0.72,0.9,0.041462,1,0,0
0.74,0.9,0.045792,1,0,0
0.76,0.9,0.043483,1,0,0
0.78,0.9,0.029572,1,0,0
0.8,0.9,0.034463,1,0,0
0.82,0.9,0.032449,1,0,0
0.84,0.9,0.025074,1,0,0
0.86,0.9,0.023112,1,0,0
0.88,0.9,0.023867,1,0,0
0.9,0.9,0.019376,1,0,0
0.92,0.9,0.011095,1,0,0
0.94,0.9,0.0045066,1,0,0
0.96,0.9,0.0028662,1,0,0
0.98,0.9,0.0061577,1,0,0
0.02,0.92,-0.04146,1,0,0
0.04,0.92,-0.013907,1,0,0
0.06,0.92,0.0074567,1,0,0
0.08,0.92,0.03326,1,0,0
0.1,0.92,0.045258,1,0,0
0.12,0.92,0.05403,1,0,0
0.14,0.92,0.059634,1,0,0
0.16,0.92,0.069657,1,0,0
0.18,0.92,0.069139,1,0,0
0.2,0.92,0.06813,1,0,0
0.22,0.92,0.052887,1,0,0
0.24,0.92,0.043178,1,0,0
0.26,0.92,0.046672,1,0,0
0.28,0.92,0.041233,1,0,0
0.3,0.92,0.018797,1,0,0
0.32,0.92,0.0067137,1,0,0
0.34,0.92,-0.0079651,1,0,0
0.36,0.92,-0.018804,1,0,0
0.38,0.92,-0.01833,1,0,0
0.4,0.92,-0.021591,1,0,0
0.42,0.92,-0.01685,1,0,0
0.44,0.92,0.0020742,1,0,0
0.46,0.92,0.0017986,1,0,0
0.48,0.92,0.0012273,1,0,0
0.5,0.92,0.0029713,1,0,0
0.52,0.92,0.010084,1,0,0
0.54,0.92,-0.0066513,1,0,0
0.56,0.92,-0.00057336,1,0,0
0.58,0.92,-0.011281,1,0,0
0.6,0.92,-0.015688,1,0,0
0.62,0.92,-0.0091629,1,0,0
0.64,0.92,-0.0011633,1,0,0
0.66,0.92,-0.0002001,1,0,0
0.68,0.92,0.017523,1,0,0
0.7,0.92,0.034889,1,0,0
0.72,0.92,0.038381,1,0,0
0.74,0.92,0.028162,1,0,0
0.76,0.92,0.018989,1,0,0
0.78,0.92,0.019716,1,0,0
0.8,0.92,0.028026,1,0,0
0.82,0.92,0.031512,1,0,0
0.84,0.92,0.027835,1,0,0
0.86,0.92,0.021055,1,0,0
0.88,0.92,0.020003,1,0,0
0.9,0.92,0.0095061,1,0,0
0.92,0.92,0.0027421,1,0,0
0.94,0.92,0.001929,1,0,0
0.96,0.92,0.0012452,1,0,0
0.98,0.92,0.0050893,1,0,0
0.02,0.94,-0.037111,1,0,0
0.04,0.94,-0.025213,1,0,0
0.06,0.94,0.0059446,1,0,0
0.08,0.94,0.03156,1,0,0
0.1,0.94,0.040659,1,0,0
0.12,0.94,0.044119,1,0,0
0.14,0.94,0.055239,1,0,0
0.16,0.94,0.057171,1,0,0
0.18,0.94,0.052419,1,0,0
0.2,0.94,0.059597,1,0,0
0.22,0.94,0.050273,1,0,0
0.24,0.94,0.04429,1,0,0
0.26,0.94,0.046562,1,0,0
0.28,0.94,0.048467,1,0,0
0.3,0.94,0.020928,1,0,0
0.32,0.94,0.005204,1,0,0
0.34,0.94,-0.008187,1,0,0
0.36,0.94,-0.01082,1,0,0
0.38,0.94,-0.0085025,1,0,0
0.4,0.94,-0.0033841,1,0,0
0.42,0.94,-0.015831,1,0,0
0.44,0.94,0.00067483,1,0,0
0.46,0.94,8.842e-05,1,0,0
0.48,0.94,0.0092989,1,0,0
0.5,0.94,0.014269,1,0,0
0.52,0.94,0.0046706,1,0,0
0.54,0.94,-0.0029133,1,0,0
0.56,0.94,-0.0026272,1,0,0
0.58,0.94,-0.010674,1,0,0
0.6,0.94,-0.014829,1,0,0
0.62,0.94,-0.01294,1,0,0
0.64,0.94,0.00074604,1,0,0
0.66,0.94,-0.0071334,1,0,0
0.68,0.94,0.017277,1,0,0
0.7,0.94,0.027817,1,0,0
0.72,0.94,0.028262,1,0,0
0.74,0.94,0.013427,1,0,0
0.76,0.94,0.0079689,1,0,0
0.78,0.94,0.0031883,1,0,0
0.8,0.94,0.021526,1,0,0
0.82,0.94,0.034956,1,0,0
0.84,0.94,0.033619,1,0,0
0.86,0.94,0.032665,1,0,0
0.88,0.94,0.027757,1,0,0
0.9,0.94,-0.00021845,1,0,0
0.92,0.94,-0.010039,1,0,0
0.94,0.94,-0.010075,1,0,0
0.96,0.94,-0.013293,1,0,0
0.98,0.94,0.009873,1,0,0
0.02,0.96,-0.038282,1,0,0
0.04,0.96,-0.016357,1,0,0
0.06,0.96,-0.0047197,1,0,0
0.08,0.96,0.0077436,1,0,0
0.1,0.96,0.022198,1,0,0
0.12,0.96,0.028973,1,0,0
0.14,0.96,0.041306,1,0,0
0.16,0.96,0.048384,1,0,0
0.18,0.96,0.049713,1,0,0
0.2,0.96,0.049624,1,0,0
0.22,0.96,0.038638,1,0,0
0.24,0.96,0.030432,1,0,0
0.26,0.96,0.031611,1,0,0
0.28,0.96,0.025444,1,0,0
0.3,0.96,0.013381,1,0,0
0.32,0.96,0.011741,1,0,0
0.34,0.96,-0.0041564,1,0,0
0.36,0.96,-0.0053136,1,0,0
0.38,0.96,0.0021291,1,0,0
0.4,0.96,0.0046001,1,0,0
0.42,0.96,-0.0038791,1,0,0
0.44,0.96,0.007648,1,0,0
0.46,0.96,0.00018148,1,0,0
0.48,0.96,-0.00616,1,0,0
0.5,0.96,-0.0068431,1,0,0
0.52,0.96,-0.00058299,1,0,0
0.54,0.96,-0.0166,1,0,0
0.56,0.96,-0.011063,1,0,0
0.58,0.96,-0.019638,1,0,0
0.6,0.96,-0.028494,1,0,0
0.62,0.96,-0.022728,1,0,0
0.64,0.96,-0.010304,1,0,0
0.66,0.96,-0.012552,1,0,0
0.68,0.96,0.0059157,1,0,0
0.7,0.96,0.016765,1,0,0
0.72,0.96,0.013059,1,0,0
0.74,0.96,-0.00092118,1,0,0
0.76,0.96,-0.0095119,1,0,0
0.78,0.96,-0.0065205,1,0,0
0.8,0.96,0.0052908,1,0,0
0.82,0.96,0.023552,1,0,0
0.84,0.96,0.030001,1,0,0
0.86,0.96,0.021524,1,0,0
0.88,0.96,0.0080499,1,0,0
0.9,0.96,-0.0075675,1,0,0
0.92,0.96,-0.01596,1,0,0
0.94,0.96,-0.013337,1,0,0
0.96,0.96,-0.014441,1,0,0
0.98,0.96,-0.0032211,1,0,0
0.02,0.98,-0.033134,1,0,0
0.04,0.98,-0.023968,1,0,0
0.06,0.98,-0.021453,1,0,0
0.08,0.98,-0.0012643,1,0,0
0.1,0.98,0.01274,1,0,0
0.12,0.98,0.028223,1,0,0
0.14,0.98,0.034578,1,0,0
0.16,0.98,0.037102,1,0,0
0.18,0.98,0.039858,1,0,0
0.2,0.98,0.036037,1,0,0
0.22,0.98,0.030903,1,0,0
0.24,0.98,0.019659,1,0,0
0.26,0.98,0.015177,1,0,0
0.28,0.98,0.017614,1,0,0
0.3,0.98,0.0074707,1,0,0
0.32,0.98,0.012605,1,0,0
0.34,0.98,0.013805,1,0,0
0.36,0.98,0.0063997,1,0,0
0.38,0.98,0.0096397,1,0,0
0.4,0.98,0.0059701,1,0,0
0.42,0.98,0.0023394,1,0,0
0.44,0.98,0.004046,1,0,0
0.46,0.98,0.0012639,1,0,0
0.48,0.98,-0.0068728,1,0,0
0.5,0.98,-0.015853,1,0,0
0.52,0.98,-0.018638,1,0,0
0.54,0.98,-0.028132,1,0,0
0.56,0.98,-0.029469,1,0,0
0.58,0.98,-0.034156,1,0,0
0.6,0.98,-0.027324,1,0,0
0.62,0.98,-0.018636,1,0,0
0.64,0.98,-0.016792,1,0,0
0.66,0.98,-0.0091784,1,0,0
0.68,0.98,0.00037839,1,0,0
0.7,0.98,0.006023,1,0,0
0.72,0.98,-0.0033282,1,0,0
0.74,0.98,-0.0044111,1,0,0
0.76,0.98,-0.0063802,1,0,0
0.78,0.98,-0.01872,1,0,0
0.8,0.98,-0.0061509,1,0,0
0.82,0.98,0.0075752,1,0,0
0.84,0.98,0.0094271,1,0,0
0.86,0.98,0.018102,1,0,0
0.88,0.98,0.0093845,1,0,0
0.9,0.98,-0.008106,1,0,0
0.92,0.98,-0.017191,1,0,0
0.94,0.98,-0.012283,1,0,0
0.96,0.98,-0.003152,1,0,0
0.98,0.98,0.0013644,1,0,0
0,0,0.048928,-1,0,0
0.02,0,0.048928,-1,0,0
0.04,0,0.039321,-1,0,0
0.06,0,0.043737,-1,0,0
0.08,0,0.054777,-1,0,0
0.1,0,0.060829,-1,0,0
0.12,0,0.053865,-1,0,0
0.14,0,0.050707,-1,0,0
0.16,0,0.049684,-1,0,0
0.18,0,0.053955,-1,0,0
0.2,0,0.041108,-1,0,0
0.22,0,0.022252,-1,0,0
0.24,0,0.013769,-1,0,0
0.26,0,0.0075722,-1,0,0
0.28,0,-0.0064727,-1,0,0
0.3,0,-0.012755,-1,0,0
0.32,0,-0.0031963,-1,0,0
0.34,0,0.0058974,-1,0,0
0.36,0,0.01296,-1,0,0
0.38,0,0.020281,-1,0,0
0.4,0,0.018151,-1,0,0
0.42,0,0.0094252,-1,0,0
0.44,0,0.0208,-1,0,0
0.46,0,0.020111,-1,0,0
0.48,0,-0.005595,-1,0,0
0.5,0,-0.013689,-1,0,0
0.52,0,-0.015983,-1,0,0
0.54,0,-0.018516,-1,0,0
0.56,0,-0.016749,-1,0,0
0.58,0,-0.0046457,-1,0,0
0.6,0,-0.00084094,-1,0,0
0.62,0,0.012818,-1,0,0
0.64,0,0.012989,-1,0,0
0.66,0,-0.0002206,-1,0,0
0.68,0,0.00042159,-1,0,0
0.7,0,0.010063,-1,0,0
0.72,0,0.0066188,-1,0,0
0.74,0,0.018408,-1,0,0
0.76,0,0.028559,-1,0,0
0.78,0,0.028897,-1,0,0
0.8,0,0.036957,-1,0,0
0.82,0,0.038785,-1,0,0
0.84,0,0.023882,-1,0,0
0.86,0,0.022354,-1,0,0
0.88,0,0.019803,-1,0,0
0.9,0,0.0063152,-1,0,0
0.92,0,-0.010072,-1,0,0
0.94,0,-0.024795,-1,0,0
0.96,0,-0.016859,-1,0,0
0.98,0,0.0026979,-1,0,0
1,0,0.0067796,-1,0,0
1,0.02,0.0016278,-1,0,0
1,0.04,0.0043406,-1,0,0
1,0.06,0.011816,-1,0,0
1,0.08,0.010228,-1,0,0
1,0.1,-0.007568,-1,0,0
1,0.12,-0.011793,-1,0,0
1,0.14,-0.029837,-1,0,0
1,0.16,-0.026772,-1,0,0
1,0.18,-0.0341,-1,0,0
1,0.2,-0.029421,-1,0,0
1,0.22,-0.024705,-1,0,0
1,0.24,-0.0078998,-1,0,0
1,0.26,-0.0071547,-1,0,0
1,0.28,-0.0067938,-1,0,0
1,0.3,-0.028834,-1,0,0
1,0.32,-0.041019,-1,0,0
1,0.34,-0.050851,-1,0,0
1,0.36,-0.057233,-1,0,0
1,0.38,-0.071445,-1,0,0
1,0.4,-0.070571,-1,0,0
1,0.42,-0.071839,-1,0,0
1,0.44,-0.06151,-1,0,0
1,0.46,-0.064804,-1,0,0
1,0.48,-0.056365,-1,0,0
1,0.5,-0.031269,-1,0,0
1,0.52,-0.0097068,-1,0,0
1,0.54,-0.011598,-1,0,0
1,0.56,-0.0050931,-1,0,0
1,0.58,-0.00012476,-1,0,0
1,0.6,0.0065734,-1,0,0
1,0.62,0.013898,-1,0,0
1,0.64,0.023663,-1,0,0
1,0.66,0.0096518,-1,0,0
1,0.68,0.0010375,-1,0,0
1,0.7,0.019009,-1,0,0
1,0.72,0.018908,-1,0,0
1,0.74,0.017935,-1,0,0
1,0.76,0.0089963,-1,0,0
1,0.78,0.0057413,-1,0,0
1,0.8,-0.0066163,-1,0,0
1,0.82,-0.0092652,-1,0,0
1,0.84,-0.013656,-1,0,0
1,0.86,-0.0054872,-1,0,0
1,0.88,-0.0032814,-1,0,0
1,0.9,0.0053625,-1,0,0
1,0.92,0.015185,-1,0,0
1,0.94,0.017987,-1,0,0
1,0.96,0.0095339,-1,0,0
1,0.98,0.01202,-1,0,0
1,1,0.015455,-1,0,0
0.98,1,0.016445,-1,0,0
0.96,1,-0.0016944,-1,0,0
0.94,1,-0.014233,-1,0,0
0.92,1,-0.016798,-1,0,0
0.9,1,-0.0065214,-1,0,0
0.88,1,0.0046763,-1,0,0
0.86,1,0.0043443,-1,0,0
0.84,1,0.00012495,-1,0,0
0.82,1,-0.0082874,-1,0,0
0.8,1,-0.010764,-1,0,0
0.78,1,-0.016585,-1,0,0
0.76,1,-0.023174,-1,0,0
0.74,1,-0.021963,-1,0,0
0.72,1,-0.016802,-1,0,0
0.7,1,-0.0046832,-1,0,0
0.68,1,0.0052388,-1,0,0
0.66,1,-0.0075486,-1,0,0
0.64,1,-0.016622,-1,0,0
0.62,1,-0.024123,-1,0,0
0.6,1,-0.034566,-1,0,0
0.58,1,-0.031207,-1,0,0
0.56,1,-0.04299,-1,0,0
0.54,1,-0.04073,-1,0,0
0.52,1,-0.039085,-1,0,0
0.5,1,-0.023398,-1,0,0
0.48,1,-0.010587,-1,0,0
0.46,1,0.0053942,-1,0,0
0.44,1,0.0037768,-1,0,0
0.42,1,0.0043002,-1,0,0
0.4,1,0.0077826,-1,0,0
0.38,1,0.003706,-1,0,0
0.36,1,0.0033992,-1,0,0
0.34,1,0.0090595,-1,0,0
0.32,1,0.019413,-1,0,0
0.3,1,0.022621,-1,0,0
0.28,1,0.018111,-1,0,0
0.26,1,0.014676,-1,0,0
0.24,1,0.0177,-1,0,0
0.22,1,0.025268,-1,0,0
0.2,1,0.036876,-1,0,0
0.18,1,0.034159,-1,0,0
0.16,1,0.027495,-1,0,0
0.14,1,0.021943,-1,0,0
0.12,1,0.020208,-1,0,0
0.1,1,0.013394,-1,0,0
0.08,1,-0.012829,-1,0,0
0.06,1,-0.020322,-1,0,0
0.04,1,-0.02727,-1,0,0
0.02,1,-0.043772,-1,0,0
0,1,-0.063762,-1,0,0
0,0.98,-0.059615,-1,0,0
0,0.96,-0.054375,-1,0,0
0,0.94,-0.051444,-1,0,0
0,0.92,-0.055906,-1,0,0
0,0.9,-0.052425,-1,0,0
0,0.88,-0.039529,-1,0,0
0,0.86,-0.0198,-1,0,0
0,0.84,-0.016315,-1,0,0
0,0.82,-0.010176,-1,0,0
0,0.8,0.0040746,-1,0,0
0,0.78,0.021761,-1,0,0
0,0.76,0.027466,-1,0,0
0,0.74,0.043147,-1,0,0
0,0.72,0.047148,-1,0,0
0,0.7,0.054343,-1,0,0
0,0.68,0.0524,-1,0,0
0,0.66,0.049299,-1,0,0
0,0.64,0.037361,-1,0,0
0,0.62,0.032839,-1,0,0
0,0.6,0.040709,-1,0,0
0,0.58,0.050074,-1,0,0
0,0.56,0.05518,-1,0,0
0,0.54,0.048275,-1,0,0
0,0.52,0.040733,-1,0,0
0,0.5,0.020059,-1,0,0
0,0.48,0.0059045,-1,0,0
0,0.46,-0.0091571,-1,0,0
0,0.44,-0.013249,-1,0,0
0,0.42,-0.015151,-1,0,0
0,0.4,-0.014706,-1,0,0
0,0.38,-0.019005,-1,0,0
0,0.36,0.0039623,-1,0,0
0,0.34,0.013255,-1,0,0
0,0.32,0.027642,-1,0,0
0,0.3,0.04135,-1,0,0
0,0.28,0.048314,-1,0,0
0,0.26,0.033456,-1,0,0
0,0.24,0.032078,-1,0,0
0,0.22,0.016962,-1,0,0
0,0.2,0.010452,-1,0,0
0,0.18,0.013064,-1,0,0
0,0.16,0.034393,-1,0,0
0,0.14,0.039088,-1,0,0
0,0.12,0.048323,-1,0,0
0,0.1,0.034408,-1,0,0
0,0.08,0.028778,-1,0,0
0,0.06,0.036772,-1,0,0
0,0.04,0.042005,-1,0,0
0,0.02,0.043664,-1,0,0
