0.02,0.02,0.024338,1,0,0
0.04,0.02,0.018967,1,0,0
0.06,0.02,0.00011689,1,0,0
0.08,0.02,-0.013178,1,0,0
0.1,0.02,0.02365,1,0,0
0.12,0.02,0.021259,1,0,0
0.14,0.02,0.026671,1,0,0
0.16,0.02,0.033979,1,0,0
0.18,0.02,0.032547,1,0,0
0.2,0.02,0.021535,1,0,0
0.22,0.02,0.01097,1,0,0
0.24,0.02,0.025177,1,0,0
0.26,0.02,0.02502,1,0,0
0.28,0.02,0.019702,1,0,0
0.3,0.02,0.030835,1,0,0
0.32,0.02,0.05926,1,0,0
0.34,0.02,0.051378,1,0,0
0.36,0.02,0.054124,1,0,0
0.38,0.02,0.065153,1,0,0
0.4,0.02,0.04957,1,0,0
0.42,0.02,0.014288,1,0,0
0.44,0.02,0.01632,1,0,0
0.46,0.02,0.037421,1,0,0
0.48,0.02,0.028982,1,0,0
0.5,0.02,0.04225,1,0,0
0.52,0.02,0.033781,1,0,0
0.54,0.02,0.0429,1,0,0
0.56,0.02,0.021959,1,0,0
0.58,0.02,0.032004,1,0,0
0.6,0.02,0.025411,1,0,0
0.62,0.02,0.034267,1,0,0
0.64,0.02,0.043437,1,0,0
0.66,0.02,0.054453,1,0,0
0.68,0.02,0.033284,1,0,0
0.7,0.02,0.042917,1,0,0
0.72,0.02,0.040736,1,0,0
0.74,0.02,0.035168,1,0,0
0.76,0.02,0.062484,1,0,0
0.78,0.02,0.063772,1,0,0
0.8,0.02,0.048707,1,0,0
0.82,0.02,0.046038,1,0,0
0.84,0.02,0.022939,1,0,0
0.86,0.02,-0.0066184,1,0,0
0.88,0.02,0.016787,1,0,0
0.9,0.02,0.038998,1,0,0
0.92,0.02,0.034122,1,0,0
0.94,0.02,0.033257,1,0,0
0.96,0.02,0.022959,1,0,0
0.98,0.02,0.027328,1,0,0
0.02,0.04,0.035164,1,0,0
0.04,0.04,0.038612,1,0,0
0.06,0.04,0.021682,1,0,0
0.08,0.04,0.019813,1,0,0
0.1,0.04,0.0122,1,0,0
0.12,0.04,0.024383,1,0,0
0.14,0.04,0.030984,1,0,0
0.16,0.04,0.0048003,1,0,0
0.18,0.04,0.0060187,1,0,0
0.2,0.04,-0.0017747,1,0,0
0.22,0.04,0.024295,1,0,0
0.24,0.04,0.032768,1,0,0
0.26,0.04,0.032848,1,0,0
0.28,0.04,0.011619,1,0,0
0.3,0.04,0.029714,1,0,0
0.32,0.04,0.045831,1,0,0
0.34,0.04,0.066957,1,0,0
0.36,0.04,0.057531,1,0,0
0.38,0.04,0.06968,1,0,0
0.4,0.04,0.04489,1,0,0
0.42,0.04,0.04243,1,0,0
0.44,0.04,0.031549,1,0,0
0.46,0.04,0.064387,1,0,0
0.48,0.04,0.062986,1,0,0
0.5,0.04,0.04547,1,0,0
0.52,0.04,0.04281,1,0,0
0.54,0.04,0.043521,1,0,0
0.56,0.04,0.017791,1,0,0
0.58,0.04,0.0077147,1,0,0
0.6,0.04,0.007118,1,0,0
0.62,0.04,0.032874,1,0,0
0.64,0.04,0.037779,1,0,0
0.66,0.04,0.05945,1,0,0
0.68,0.04,0.047719,1,0,0
0.7,0.04,0.065715,1,0,0
0.72,0.04,0.053289,1,0,0
0.74,0.04,0.05879,1,0,0
0.76,0.04,0.058569,1,0,0
0.78,0.04,0.029222,1,0,0
0.8,0.04,0.049651,1,0,0
0.82,0.04,0.050956,1,0,0
0.84,0.04,0.0099697,1,0,0
0.86,0.04,0.0054862,1,0,0
0.88,0.04,0.026029,1,0,0
0.9,0.04,0.03979,1,0,0
0.92,0.04,0.04481,1,0,0
0.94,0.04,0.049592,1,0,0
0.96,0.04,0.054772,1,0,0
0.98,0.04,0.048139,1,0,0
0.02,0.06,0.03509,1,0,0
0.04,0.06,0.034787,1,0,0
0.06,0.06,0.042782,1,0,0
0.08,0.06,0.018841,1,0,0
0.1,0.06,0.0058874,1,0,0
0.12,0.06,0.0078991,1,0,0
0.14,0.06,0.0067036,1,0,0
0.16,0.06,-0.011001,1,0,0
0.18,0.06,0.0017897,1,0,0
0.2,0.06,0.0096543,1,0,0
0.22,0.06,0.013164,1,0,0
0.24,0.06,0.018768,1,0,0
0.26,0.06,0.029889,1,0,0
0.28,0.06,0.012716,1,0,0
0.3,0.06,0.038162,1,0,0
0.32,0.06,0.035756,1,0,0
0.34,0.06,0.056633,1,0,0
0.36,0.06,0.067679,1,0,0
0.38,0.06,0.085579,1,0,0
0.4,0.06,0.072833,1,0,0
0.42,0.06,0.062672,1,0,0
0.44,0.06,0.04808,1,0,0
0.46,0.06,0.047711,1,0,0
0.48,0.06,0.046822,1,0,0
0.5,0.06,0.07046,1,0,0
0.52,0.06,0.046476,1,0,0
0.54,0.06,0.047633,1,0,0
0.56,0.06,0.020255,1,0,0
0.58,0.06,0.0033537,1,0,0
0.6,0.06,0.00045076,1,0,0
0.62,0.06,0.020832,1,0,0
0.64,0.06,0.02408,1,0,0
0.66,0.06,0.055766,1,0,0
0.68,0.06,0.053117,1,0,0
0.7,0.06,0.066519,1,0,0
0.72,0.06,0.056088,1,0,0
0.74,0.06,0.061597,1,0,0
0.76,0.06,0.049866,1,0,0
0.78,0.06,0.051524,1,0,0
0.8,0.06,0.048623,1,0,0
0.82,0.06,0.026436,1,0,0
0.84,0.06,0.0035948,1,0,0
0.86,0.06,-0.011016,1,0,0
0.88,0.06,0.038199,1,0,0
0.9,0.06,0.040613,1,0,0
0.92,0.06,0.070775,1,0,0
0.94,0.06,0.065069,1,0,0
0.96,0.06,0.068262,1,0,0
0.98,0.06,0.068353,1,0,0
0.02,0.08,0.040796,1,0,0
0.04,0.08,0.025665,1,0,0
0.06,0.08,0.064985,1,0,0
0.08,0.08,0.037843,1,0,0
0.1,0.08,0.018206,1,0,0
0.12,0.08,0.014126,1,0,0
0.14,0.08,-0.0038292,1,0,0
0.16,0.08,-0.017257,1,0,0
0.18,0.08,0.0057709,1,0,0
0.2,0.08,0.0087913,1,0,0
0.22,0.08,0.0044691,1,0,0
0.24,0.08,0.028796,1,0,0
0.26,0.08,0.029495,1,0,0
0.28,0.08,0.022972,1,0,0
0.3,0.08,0.030419,1,0,0
0.32,0.08,0.034168,1,0,0
0.34,0.08,0.053274,1,0,0
0.36,0.08,0.08034,1,0,0
0.38,0.08,0.079179,1,0,0
0.4,0.08,0.065083,1,0,0
0.42,0.08,0.074879,1,0,0
0.44,0.08,0.059914,1,0,0
0.46,0.08,0.054001,1,0,0
0.48,0.08,0.048533,1,0,0
0.5,0.08,0.063287,1,0,0
0.52,0.08,0.025199,1,0,0
0.54,0.08,0.027641,1,0,0
0.56,0.08,0.0046622,1,0,0
0.58,0.08,0.0089779,1,0,0
0.6,0.08,0.0044439,1,0,0
0.62,0.08,0.0099092,1,0,0
0.64,0.08,0.035405,1,0,0
0.66,0.08,0.030097,1,0,0
0.68,0.08,0.048065,1,0,0
0.7,0.08,0.054666,1,0,0
0.72,0.08,0.045577,1,0,0
0.74,0.08,0.0537,1,0,0
0.76,0.08,0.058118,1,0,0
0.78,0.08,0.048345,1,0,0
0.8,0.08,0.050103,1,0,0
0.82,0.08,0.023318,1,0,0
0.84,0.08,0.017233,1,0,0
0.86,0.08,0.038749,1,0,0
0.88,0.08,0.033657,1,0,0
0.9,0.08,0.04428,1,0,0
0.92,0.08,0.06065,1,0,0
0.94,0.08,0.067026,1,0,0
0.96,0.08,0.075544,1,0,0
0.98,0.08,0.095543,1,0,0
0.02,0.1,0.041665,1,0,0
0.04,0.1,0.042712,1,0,0
0.06,0.1,0.012942,1,0,0
0.08,0.1,0.019562,1,0,0
0.1,0.1,0.00028802,1,0,0
0.12,0.1,0.012134,1,0,0
0.14,0.1,-0.0014382,1,0,0
0.16,0.1,-0.023454,1,0,0
0.18,0.1,-0.013204,1,0,0
0.2,0.1,-0.014074,1,0,0
0.22,0.1,0.0001594,1,0,0
0.24,0.1,0.027321,1,0,0
0.26,0.1,0.025254,1,0,0
0.28,0.1,0.031529,1,0,0
0.3,0.1,0.052624,1,0,0
0.32,0.1,0.044041,1,0,0
0.34,0.1,0.043971,1,0,0
0.36,0.1,0.034798,1,0,0
0.38,0.1,0.037588,1,0,0
0.4,0.1,0.066563,1,0,0
0.42,0.1,0.074203,1,0,0
0.44,0.1,0.053023,1,0,0
0.46,0.1,0.031163,1,0,0
0.48,0.1,0.026218,1,0,0
0.5,0.1,0.027022,1,0,0
0.52,0.1,0.033101,1,0,0
0.54,0.1,0.0098003,1,0,0
0.56,0.1,0.0097627,1,0,0
0.58,0.1,-0.028457,1,0,0
0.6,0.1,-0.010687,1,0,0
0.62,0.1,0.036152,1,0,0
0.64,0.1,0.024232,1,0,0
0.66,0.1,0.018927,1,0,0
0.68,0.1,0.01372,1,0,0
0.7,0.1,0.023049,1,0,0
0.72,0.1,0.036045,1,0,0
0.74,0.1,0.031076,1,0,0
0.76,0.1,0.028383,1,0,0
0.78,0.1,0.02166,1,0,0
0.8,0.1,0.026134,1,0,0
0.82,0.1,0.027058,1,0,0
0.84,0.1,0.012512,1,0,0
0.86,0.1,0.018839,1,0,0
0.88,0.1,0.024238,1,0,0
0.9,0.1,0.060395,1,0,0
0.92,0.1,0.069371,1,0,0
0.94,0.1,0.071198,1,0,0
0.96,0.1,0.045079,1,0,0
0.98,0.1,0.045329,1,0,0
0.02,0.12,0.043248,1,0,0
0.04,0.12,0.021367,1,0,0
0.06,0.12,0.027002,1,0,0
0.08,0.12,0.0037332,1,0,0
0.1,0.12,0.014039,1,0,0
0.12,0.12,0.032044,1,0,0
0.14,0.12,0.02309,1,0,0
0.16,0.12,0.023749,1,0,0
0.18,0.12,0.031067,1,0,0
0.2,0.12,0.018189,1,0,0
0.22,0.12,0.023518,1,0,0
0.24,0.12,0.05006,1,0,0
0.26,0.12,0.020276,1,0,0
0.28,0.12,0.028416,1,0,0
0.3,0.12,0.044392,1,0,0
0.32,0.12,0.061726,1,0,0
0.34,0.12,0.043822,1,0,0
0.36,0.12,0.06126,1,0,0
0.38,0.12,0.06401,1,0,0
0.4,0.12,0.074919,1,0,0
0.42,0.12,0.063655,1,0,0
0.44,0.12,0.061956,1,0,0
0.46,0.12,0.04549,1,0,0
0.48,0.12,0.024585,1,0,0
0.5,0.12,0.0061386,1,0,0
0.52,0.12,0.008308,1,0,0
0.54,0.12,0.011807,1,0,0
0.56,0.12,0.0038781,1,0,0
0.58,0.12,0.015483,1,0,0
0.6,0.12,0.014332,1,0,0
0.62,0.12,0.02581,1,0,0
0.64,0.12,0.031288,1,0,0
0.66,0.12,0.0073307,1,0,0
0.68,0.12,-0.0063926,1,0,0
0.7,0.12,0.023566,1,0,0
0.72,0.12,0.036192,1,0,0
0.74,0.12,0.057264,1,0,0
0.76,0.12,0.049418,1,0,0
0.78,0.12,0.027444,1,0,0
0.8,0.12,0.034328,1,0,0
0.82,0.12,0.016956,1,0,0
0.84,0.12,0.017694,1,0,0
0.86,0.12,0.027216,1,0,0
0.88,0.12,0.034026,1,0,0
0.9,0.12,0.069464,1,0,0
0.92,0.12,0.074343,1,0,0
0.94,0.12,0.060703,1,0,0
0.96,0.12,0.076998,1,0,0
0.98,0.12,0.073531,1,0,0
0.02,0.14,0.028151,1,0,0
0.04,0.14,0.0010128,1,0,0
0.06,0.14,0.0055858,1,0,0
0.08,0.14,0.0082539,1,0,0
0.1,0.14,0.027911,1,0,0
0.12,0.14,0.02629,1,0,0
0.14,0.14,0.045586,1,0,0
0.16,0.14,0.051919,1,0,0
0.18,0.14,0.048873,1,0,0
0.2,0.14,0.042636,1,0,0
0.22,0.14,0.03282,1,0,0
0.24,0.14,0.034201,1,0,0
0.26,0.14,0.030865,1,0,0
0.28,0.14,0.035534,1,0,0
0.3,0.14,0.044606,1,0,0
0.32,0.14,0.016208,1,0,0
0.34,0.14,0.031351,1,0,0
0.36,0.14,0.048494,1,0,0
0.38,0.14,0.057143,1,0,0
0.4,0.14,0.092384,1,0,0
0.42,0.14,0.073524,1,0,0
0.44,0.14,0.050142,1,0,0
0.46,0.14,0.047606,1,0,0
0.48,0.14,0.01638,1,0,0
0.5,0.14,-0.0032826,1,0,0
0.52,0.14,-0.01181,1,0,0
0.54,0.14,-0.0033911,1,0,0
0.56,0.14,-0.016013,1,0,0
0.58,0.14,-0.0099807,1,0,0
0.6,0.14,0.015421,1,0,0
0.62,0.14,0.0072539,1,0,0
0.64,0.14,0.0025132,1,0,0
0.66,0.14,0.0099731,1,0,0
0.68,0.14,0.021591,1,0,0
0.7,0.14,0.0062596,1,0,0
0.72,0.14,0.0064278,1,0,0
0.74,0.14,0.036766,1,0,0
0.76,0.14,0.035339,1,0,0
0.78,0.14,0.031093,1,0,0
0.8,0.14,0.0286,1,0,0
0.82,0.14,0.025417,1,0,0
0.84,0.14,0.0098657,1,0,0
0.86,0.14,0.00055616,1,0,0
0.88,0.14,0.044496,1,0,0
0.9,0.14,0.058302,1,0,0
0.92,0.14,0.049146,1,0,0
0.94,0.14,0.050265,1,0,0
0.96,0.14,0.053338,1,0,0
0.98,0.14,0.063166,1,0,0
0.02,0.16,-0.0028545,1,0,0
0.04,0.16,0.0046177,1,0,0
0.06,0.16,0.00024183,1,0,0
0.08,0.16,0.010717,1,0,0
0.1,0.16,0.021164,1,0,0
0.12,0.16,0.03675,1,0,0
0.14,0.16,0.037751,1,0,0
0.16,0.16,0.031216,1,0,0
0.18,0.16,0.034788,1,0,0
0.2,0.16,0.017053,1,0,0
0.22,0.16,0.047532,1,0,0
0.24,0.16,0.030461,1,0,0
0.26,0.16,0.048397,1,0,0
0.28,0.16,0.03216,1,0,0
0.3,0.16,0.036336,1,0,0
0.32,0.16,0.0053654,1,0,0
0.34,0.16,0.046879,1,0,0
0.36,0.16,0.047545,1,0,0
0.38,0.16,0.065889,1,0,0
0.4,0.16,0.054139,1,0,0
0.42,0.16,0.055304,1,0,0
0.44,0.16,0.040194,1,0,0
0.46,0.16,0.038084,1,0,0
0.48,0.16,0.015797,1,0,0
0.5,0.16,-0.012555,1,0,0
0.52,0.16,-0.0078965,1,0,0
0.54,0.16,-0.023792,1,0,0
0.56,0.16,-0.020572,1,0,0
0.58,0.16,0.00038157,1,0,0
0.6,0.16,-0.0091788,1,0,0
0.62,0.16,-0.02802,1,0,0
0.64,0.16,-0.0068566,1,0,0
0.66,0.16,0.0040967,1,0,0
0.68,0.16,-0.010405,1,0,0
0.7,0.16,0.010381,1,0,0
0.72,0.16,-0.0014377,1,0,0
0.74,0.16,-0.0030675,1,0,0
0.76,0.16,0.0068815,1,0,0
0.78,0.16,0.005839,1,0,0
0.8,0.16,0.015407,1,0,0
0.82,0.16,0.014499,1,0,0
0.84,0.16,0.028118,1,0,0
0.86,0.16,0.02099,1,0,0
0.88,0.16,0.017579,1,0,0
0.9,0.16,0.033922,1,0,0
0.92,0.16,0.02833,1,0,0
0.94,0.16,0.022443,1,0,0
0.96,0.16,0.041729,1,0,0
0.98,0.16,0.036179,1,0,0
0.02,0.18,0.039282,1,0,0
0.04,0.18,0.037853,1,0,0
0.06,0.18,0.0034494,1,0,0
0.08,0.18,-0.026892,1,0,0
0.1,0.18,0.0044791,1,0,0
0.12,0.18,0.01445,1,0,0
0.14,0.18,0.041108,1,0,0
0.16,0.18,0.016428,1,0,0
0.18,0.18,0.023602,1,0,0
0.2,0.18,0.02423,1,0,0
0.22,0.18,0.041671,1,0,0
0.24,0.18,0.032433,1,0,0
0.26,0.18,0.038454,1,0,0
0.28,0.18,0.037364,1,0,0
0.3,0.18,0.028556,1,0,0
0.32,0.18,0.01143,1,0,0
0.34,0.18,0.04246,1,0,0
0.36,0.18,0.041519,1,0,0
0.38,0.18,0.054485,1,0,0
0.4,0.18,0.066797,1,0,0
0.42,0.18,0.05484,1,0,0
0.44,0.18,0.0012362,1,0,0
0.46,0.18,0.018379,1,0,0
0.48,0.18,-0.017541,1,0,0
0.5,0.18,-0.021045,1,0,0
0.52,0.18,-0.022969,1,0,0
0.54,0.18,0.0014752,1,0,0
0.56,0.18,-0.0082491,1,0,0
0.58,0.18,-0.0080256,1,0,0
0.6,0.18,-0.035174,1,0,0
0.62,0.18,-0.035396,1,0,0
0.64,0.18,-0.018986,1,0,0
0.66,0.18,-0.017798,1,0,0
0.68,0.18,-0.035699,1,0,0
0.7,0.18,-0.029142,1,0,0
0.72,0.18,-0.014146,1,0,0
0.74,0.18,-0.042245,1,0,0
0.76,0.18,-0.013902,1,0,0
0.78,0.18,-0.0045918,1,0,0
0.8,0.18,0.015825,1,0,0
0.82,0.18,0.029931,1,0,0
0.84,0.18,0.03093,1,0,0
0.86,0.18,0.00693,1,0,0
0.88,0.18,0.0038941,1,0,0
0.9,0.18,0.03069,1,0,0
0.92,0.18,0.026621,1,0,0
0.94,0.18,0.026622,1,0,0
0.96,0.18,0.0095,1,0,0
0.98,0.18,0.0086537,1,0,0
0.02,0.2,0.03982,1,0,0
0.04,0.2,0.038065,1,0,0
0.06,0.2,0.011017,1,0,0
0.08,0.2,-0.010414,1,0,0
0.1,0.2,0.02013,1,0,0
0.12,0.2,0.014526,1,0,0
0.14,0.2,0.013212,1,0,0
0.16,0.2,0.021882,1,0,0
0.18,0.2,0.020811,1,0,0
0.2,0.2,0.027014,1,0,0
0.22,0.2,0.038059,1,0,0
0.24,0.2,0.020134,1,0,0
0.26,0.2,0.036306,1,0,0
0.28,0.2,0.028404,1,0,0
0.3,0.2,0.041492,1,0,0
0.32,0.2,0.025076,1,0,0
0.34,0.2,0.047151,1,0,0
0.36,0.2,0.047893,1,0,0
0.38,0.2,0.061179,1,0,0
0.4,0.2,0.062968,1,0,0
0.42,0.2,0.039985,1,0,0
0.44,0.2,0.016369,1,0,0
0.46,0.2,0.037824,1,0,0
0.48,0.2,0.028004,1,0,0
0.5,0.2,-0.0046268,1,0,0
0.52,0.2,-0.031429,1,0,0
0.54,0.2,0.0029926,1,0,0
0.56,0.2,-0.011533,1,0,0
0.58,0.2,-0.015741,1,0,0
0.6,0.2,-0.024398,1,0,0
0.62,0.2,-0.053825,1,0,0
0.64,0.2,-0.025524,1,0,0
0.66,0.2,-0.031002,1,0,0
0.68,0.2,-0.03922,1,0,0
0.7,0.2,-0.025624,1,0,0
0.72,0.2,-0.024412,1,0,0
0.74,0.2,-0.019202,1,0,0
0.76,0.2,-0.014722,1,0,0
0.78,0.2,-0.003886,1,0,0
0.8,0.2,-0.0037214,1,0,0
0.82,0.2,0.01755,1,0,0
0.84,0.2,0.026207,1,0,0
0.86,0.2,0.005318,1,0,0
0.88,0.2,0.0028336,1,0,0
0.9,0.2,0.0053219,1,0,0
0.92,0.2,-0.0012513,1,0,0
0.94,0.2,-0.00062346,1,0,0
0.96,0.2,0.0063727,1,0,0
0.98,0.2,0.016325,1,0,0
0.02,0.22,0.052627,1,0,0
0.04,0.22,0.043382,1,0,0
0.06,0.22,0.0072742,1,0,0
0.08,0.22,0.0033954,1,0,0
0.1,0.22,0.014625,1,0,0
0.12,0.22,0.0030787,1,0,0
0.14,0.22,-0.004399,1,0,0
0.16,0.22,0.017786,1,0,0
0.18,0.22,0.02128,1,0,0
0.2,0.22,0.0096506,1,0,0
0.22,0.22,0.0038722,1,0,0
0.24,0.22,0.014447,1,0,0
0.26,0.22,0.028363,1,0,0
0.28,0.22,0.048706,1,0,0
0.3,0.22,0.061247,1,0,0
0.32,0.22,0.033127,1,0,0
0.34,0.22,0.010933,1,0,0
0.36,0.22,0.032684,1,0,0
0.38,0.22,0.044924,1,0,0
0.4,0.22,0.044784,1,0,0
0.42,0.22,0.031971,1,0,0
0.44,0.22,0.036316,1,0,0
0.46,0.22,0.037742,1,0,0
0.48,0.22,0.024695,1,0,0
0.5,0.22,0.0013445,1,0,0
0.52,0.22,-0.0095349,1,0,0
0.54,0.22,-0.01747,1,0,0
0.56,0.22,-0.033984,1,0,0
0.58,0.22,-0.028702,1,0,0
0.6,0.22,-0.039341,1,0,0
0.62,0.22,-0.062626,1,0,0
0.64,0.22,-0.035203,1,0,0
0.66,0.22,-0.0052982,1,0,0
0.68,0.22,-0.030881,1,0,0
0.7,0.22,-0.027367,1,0,0
0.72,0.22,-0.043094,1,0,0
0.74,0.22,-0.029697,1,0,0
0.76,0.22,-0.020085,1,0,0
0.78,0.22,-0.018274,1,0,0
0.8,0.22,-0.026516,1,0,0
0.82,0.22,-0.0084775,1,0,0
0.84,0.22,0.0011909,1,0,0
0.86,0.22,-0.01334,1,0,0
0.88,0.22,-0.014821,1,0,0
0.9,0.22,-0.012352,1,0,0
0.92,0.22,-0.014335,1,0,0
0.94,0.22,-0.018505,1,0,0
0.96,0.22,-0.0093772,1,0,0
0.98,0.22,-0.00026945,1,0,0
0.02,0.24,0.071332,1,0,0
0.04,0.24,0.033722,1,0,0
0.06,0.24,0.00024483,1,0,0
0.08,0.24,0.003473,1,0,0
0.1,0.24,0.011042,1,0,0
0.12,0.24,0.0084964,1,0,0
0.14,0.24,0.016265,1,0,0
0.16,0.24,0.02522,1,0,0
0.18,0.24,0.025249,1,0,0
0.2,0.24,0.040033,1,0,0
0.22,0.24,0.025969,1,0,0
0.24,0.24,0.022237,1,0,0
0.26,0.24,0.0037792,1,0,0
0.28,0.24,0.044084,1,0,0
0.3,0.24,0.042074,1,0,0
0.32,0.24,0.053201,1,0,0
0.34,0.24,0.034284,1,0,0
0.36,0.24,0.050955,1,0,0
0.38,0.24,0.045418,1,0,0
0.4,0.24,0.058246,1,0,0
0.42,0.24,0.043852,1,0,0
0.44,0.24,0.02942,1,0,0
0.46,0.24,0.027582,1,0,0
0.48,0.24,0.018925,1,0,0
0.5,0.24,-0.00068205,1,0,0
0.52,0.24,-0.005781,1,0,0
0.54,0.24,0.013257,1,0,0
0.56,0.24,-0.0068809,1,0,0
0.58,0.24,-0.018958,1,0,0
0.6,0.24,-0.017342,1,0,0
0.62,0.24,-0.014765,1,0,0
0.64,0.24,-0.040981,1,0,0
0.66,0.24,-0.012927,1,0,0
0.68,0.24,-0.032478,1,0,0
0.7,0.24,-0.037227,1,0,0
0.72,0.24,-0.023359,1,0,0
0.74,0.24,-0.0026026,1,0,0
0.76,0.24,-0.005131,1,0,0
0.78,0.24,-0.042554,1,0,0
0.8,0.24,-0.029331,1,0,0
0.82,0.24,0.0022658,1,0,0
0.84,0.24,-0.0058466,1,0,0
0.86,0.24,-0.026743,1,0,0
0.88,0.24,-0.037368,1,0,0
0.9,0.24,-0.036602,1,0,0
0.92,0.24,-0.037967,1,0,0
0.94,0.24,-0.00025666,1,0,0
0.96,0.24,0.0035759,1,0,0
0.98,0.24,-0.00028892,1,0,0
0.02,0.26,0.038344,1,0,0
0.04,0.26,0.033277,1,0,0
0.06,0.26,0.014201,1,0,0
0.08,0.26,-0.0101,1,0,0
0.1,0.26,-0.022755,1,0,0
0.12,0.26,0.016233,1,0,0
0.14,0.26,-0.0041337,1,0,0
0.16,0.26,0.0039479,1,0,0
0.18,0.26,0.013694,1,0,0
0.2,0.26,0.028236,1,0,0
0.22,0.26,0.016617,1,0,0
0.24,0.26,0.015225,1,0,0
0.26,0.26,0.024924,1,0,0
0.28,0.26,0.028113,1,0,0
0.3,0.26,0.064051,1,0,0
0.32,0.26,0.034915,1,0,0
0.34,0.26,0.026521,1,0,0
0.36,0.26,0.034915,1,0,0
0.38,0.26,0.045889,1,0,0
0.4,0.26,0.050628,1,0,0
0.42,0.26,0.036803,1,0,0
0.44,0.26,0.020426,1,0,0
0.46,0.26,-0.0060833,1,0,0
0.48,0.26,0.0026126,1,0,0
0.5,0.26,-0.00727,1,0,0
0.52,0.26,-0.011045,1,0,0
0.54,0.26,0.011359,1,0,0
0.56,0.26,0.0094299,1,0,0
0.58,0.26,-0.01378,1,0,0
0.6,0.26,-0.029102,1,0,0
0.62,0.26,-0.020861,1,0,0
0.64,0.26,0.009738,1,0,0
0.66,0.26,0.00049643,1,0,0
0.68,0.26,-0.035455,1,0,0
0.7,0.26,-0.02762,1,0,0
0.72,0.26,-0.039301,1,0,0
0.74,0.26,-0.027005,1,0,0
0.76,0.26,-0.046979,1,0,0
0.78,0.26,-0.043427,1,0,0
0.8,0.26,-0.037555,1,0,0
0.82,0.26,-0.025236,1,0,0
0.84,0.26,-0.021016,1,0,0
0.86,0.26,-0.034147,1,0,0
0.88,0.26,-0.063043,1,0,0
0.9,0.26,-0.065899,1,0,0
0.92,0.26,-0.041298,1,0,0
0.94,0.26,-0.037972,1,0,0
0.96,0.26,-0.034873,1,0,0
0.98,0.26,-0.0069215,1,0,0
0.02,0.28,0.01821,1,0,0
0.04,0.28,0.014018,1,0,0
0.06,0.28,0.016228,1,0,0
0.08,0.28,0.0010866,1,0,0
0.1,0.28,0.012581,1,0,0
0.12,0.28,0.011556,1,0,0
0.14,0.28,-0.0081242,1,0,0
0.16,0.28,-0.018801,1,0,0
0.18,0.28,0.010062,1,0,0
0.2,0.28,0.025796,1,0,0
0.22,0.28,0.013936,1,0,0
0.24,0.28,0.020977,1,0,0
0.26,0.28,0.030944,1,0,0
0.28,0.28,0.03233,1,0,0
0.3,0.28,0.052695,1,0,0
0.32,0.28,0.035737,1,0,0
0.34,0.28,0.037665,1,0,0
0.36,0.28,0.041819,1,0,0
0.38,0.28,0.042946,1,0,0
0.4,0.28,0.03723,1,0,0
0.42,0.28,0.023374,1,0,0
0.44,0.28,-0.012993,1,0,0
0.46,0.28,-0.0075964,1,0,0
0.48,0.28,-0.0087298,1,0,0
0.5,0.28,0.0049189,1,0,0
0.52,0.28,-0.033725,1,0,0
0.54,0.28,0.0053951,1,0,0
0.56,0.28,0.015677,1,0,0
0.58,0.28,-0.0022908,1,0,0
0.6,0.28,-0.0087032,1,0,0
0.62,0.28,0.0017511,1,0,0
0.64,0.28,0.004025,1,0,0
0.66,0.28,-0.0071499,1,0,0
0.68,0.28,-0.021101,1,0,0
0.7,0.28,-0.030504,1,0,0
0.72,0.28,-0.038648,1,0,0
0.74,0.28,-0.047514,1,0,0
0.76,0.28,-0.060063,1,0,0
0.78,0.28,-0.044197,1,0,0
0.8,0.28,-0.037631,1,0,0
0.82,0.28,-0.022598,1,0,0
0.84,0.28,-0.0085624,1,0,0
0.86,0.28,-0.019679,1,0,0
0.88,0.28,-0.051361,1,0,0
0.9,0.28,-0.074386,1,0,0
0.92,0.28,-0.055898,1,0,0
0.94,0.28,-0.046047,1,0,0
0.96,0.28,-0.04863,1,0,0
0.98,0.28,-0.0078209,1,0,0
0.02,0.3,0.029984,1,0,0
0.04,0.3,0.0052786,1,0,0
0.06,0.3,0.0017891,1,0,0
0.08,0.3,-0.02501,1,0,0
0.1,0.3,-0.024843,1,0,0
0.12,0.3,-0.0097935,1,0,0
0.14,0.3,-0.0041136,1,0,0
0.16,0.3,-0.0096402,1,0,0
0.18,0.3,0.029087,1,0,0
0.2,0.3,-0.0010272,1,0,0
0.22,0.3,0.0033339,1,0,0
0.24,0.3,0.02479,1,0,0
0.26,0.3,0.034138,1,0,0
0.28,0.3,0.032896,1,0,0
0.3,0.3,0.0322,1,0,0
0.32,0.3,0.026327,1,0,0
0.34,0.3,0.02987,1,0,0
0.36,0.3,0.045589,1,0,0
0.38,0.3,0.065402,1,0,0
0.4,0.3,0.040336,1,0,0
0.42,0.3,0.033684,1,0,0
0.44,0.3,-0.0081884,1,0,0
0.46,0.3,-0.0078463,1,0,0
0.48,0.3,-0.036044,1,0,0
0.5,0.3,-0.025484,1,0,0
0.52,0.3,-0.025157,1,0,0
0.54,0.3,0.0045814,1,0,0
0.56,0.3,0.0080164,1,0,0
0.58,0.3,0.026944,1,0,0
0.6,0.3,0.0038482,1,0,0
0.62,0.3,0.0050805,1,0,0
0.64,0.3,-0.001632,1,0,0
0.66,0.3,-0.00032756,1,0,0
0.68,0.3,-0.017756,1,0,0
0.7,0.3,-0.033217,1,0,0
0.72,0.3,-0.067162,1,0,0
0.74,0.3,-0.05828,1,0,0
0.76,0.3,-0.03799,1,0,0
0.78,0.3,-0.043935,1,0,0
0.8,0.3,-0.012269,1,0,0
0.82,0.3,-0.018892,1,0,0
0.84,0.3,-0.029761,1,0,0
0.86,0.3,-0.028865,1,0,0
0.88,0.3,-0.053847,1,0,0
0.9,0.3,-0.052126,1,0,0
0.92,0.3,-0.048467,1,0,0
0.94,0.3,-0.053998,1,0,0
0.96,0.3,-0.039076,1,0,0
0.98,0.3,-0.035774,1,0,0
0.02,0.32,0.0097555,1,0,0
0.04,0.32,0.00056492,1,0,0
0.06,0.32,-0.019583,1,0,0
0.08,0.32,-0.021626,1,0,0
0.1,0.32,-0.017786,1,0,0
0.12,0.32,0.0072735,1,0,0
0.14,0.32,0.014428,1,0,0
0.16,0.32,0.001319,1,0,0
0.18,0.32,0.0050463,1,0,0
0.2,0.32,-0.010615,1,0,0
0.22,0.32,0.0058416,1,0,0
0.24,0.32,0.013307,1,0,0
0.26,0.32,0.015874,1,0,0
0.28,0.32,-0.009522,1,0,0
0.3,0.32,0.035152,1,0,0
0.32,0.32,0.017575,1,0,0
0.34,0.32,0.040377,1,0,0
0.36,0.32,0.037648,1,0,0
0.38,0.32,0.05536,1,0,0
0.4,0.32,0.050511,1,0,0
0.42,0.32,0.025575,1,0,0
0.44,0.32,0.022893,1,0,0
0.46,0.32,0.017685,1,0,0
0.48,0.32,-0.026824,1,0,0
0.5,0.32,-0.029873,1,0,0
0.52,0.32,-0.020757,1,0,0
0.54,0.32,-0.023743,1,0,0
0.56,0.32,-0.011165,1,0,0
0.58,0.32,0.0026762,1,0,0
0.6,0.32,0.0037036,1,0,0
0.62,0.32,0.005116,1,0,0
0.64,0.32,-0.02601,1,0,0
0.66,0.32,-0.020388,1,0,0
0.68,0.32,-0.032308,1,0,0
0.7,0.32,-0.035093,1,0,0
0.72,0.32,-0.032334,1,0,0
0.74,0.32,-0.016872,1,0,0
0.76,0.32,-0.027299,1,0,0
0.78,0.32,-0.025788,1,0,0
0.8,0.32,-0.014313,1,0,0
0.82,0.32,0.0014138,1,0,0
0.84,0.32,-0.02754,1,0,0
0.86,0.32,-0.058444,1,0,0
0.88,0.32,-0.033648,1,0,0
0.9,0.32,-0.028506,1,0,0
0.92,0.32,-0.037923,1,0,0
0.94,0.32,-0.040067,1,0,0
0.96,0.32,-0.03418,1,0,0
0.98,0.32,-0.034968,1,0,0
0.02,0.34,0.010657,1,0,0
0.04,0.34,-0.015911,1,0,0
0.06,0.34,0.0015587,1,0,0
0.08,0.34,-0.027743,1,0,0
0.1,0.34,-0.025039,1,0,0
0.12,0.34,-0.0088974,1,0,0
0.14,0.34,0.0061476,1,0,0
0.16,0.34,-0.0014427,1,0,0
0.18,0.34,-0.023066,1,0,0
0.2,0.34,-0.029079,1,0,0
0.22,0.34,-0.014062,1,0,0
0.24,0.34,0.007343,1,0,0
0.26,0.34,0.010531,1,0,0
0.28,0.34,0.016023,1,0,0
0.3,0.34,0.018862,1,0,0
0.32,0.34,0.012881,1,0,0
0.34,0.34,0.015351,1,0,0
0.36,0.34,0.023961,1,0,0
0.38,0.34,0.027297,1,0,0
0.4,0.34,0.047522,1,0,0
0.42,0.34,0.031476,1,0,0
0.44,0.34,0.021749,1,0,0
0.46,0.34,0.027374,1,0,0
0.48,0.34,-0.002069,1,0,0
0.5,0.34,-0.033473,1,0,0
0.52,0.34,-0.043931,1,0,0
0.54,0.34,-0.019266,1,0,0
0.56,0.34,-0.0363,1,0,0
0.58,0.34,-0.015263,1,0,0
0.6,0.34,-0.014126,1,0,0
0.62,0.34,-0.016505,1,0,0
0.64,0.34,-0.0076143,1,0,0
0.66,0.34,-0.031821,1,0,0
0.68,0.34,-0.034542,1,0,0
0.7,0.34,-0.038254,1,0,0
0.72,0.34,-0.05319,1,0,0
0.74,0.34,-0.020565,1,0,0
0.76,0.34,-0.015175,1,0,0
0.78,0.34,-0.016443,1,0,0
0.8,0.34,0.010983,1,0,0
0.82,0.34,0.0020986,1,0,0
0.84,0.34,-0.031545,1,0,0
0.86,0.34,-0.03421,1,0,0
0.88,0.34,-0.0069252,1,0,0
0.9,0.34,0.0013999,1,0,0
0.92,0.34,-0.020666,1,0,0
0.94,0.34,-0.04173,1,0,0
0.96,0.34,-0.045902,1,0,0
0.98,0.34,-0.041882,1,0,0
0.02,0.36,-0.0051763,1,0,0
0.04,0.36,0.0050344,1,0,0
0.06,0.36,-0.01443,1,0,0
0.08,0.36,-0.013307,1,0,0
0.1,0.36,-0.018871,1,0,0
0.12,0.36,-0.015801,1,0,0
0.14,0.36,-0.017835,1,0,0
0.16,0.36,-0.025764,1,0,0
0.18,0.36,-0.011565,1,0,0
0.2,0.36,-0.0040797,1,0,0
0.22,0.36,0.0034374,1,0,0
0.24,0.36,0.01566,1,0,0
0.26,0.36,0.022877,1,0,0
0.28,0.36,0.022664,1,0,0
0.3,0.36,0.010406,1,0,0
0.32,0.36,0.020295,1,0,0
0.34,0.36,0.036732,1,0,0
0.36,0.36,0.038048,1,0,0
0.38,0.36,0.040959,1,0,0
0.4,0.36,0.054927,1,0,0
0.42,0.36,0.03948,1,0,0
0.44,0.36,0.024249,1,0,0
0.46,0.36,0.021565,1,0,0
0.48,0.36,0.0046441,1,0,0
0.5,0.36,-0.0092168,1,0,0
0.52,0.36,-0.0048982,1,0,0
0.54,0.36,-0.029274,1,0,0
0.56,0.36,0.00032,1,0,0
0.58,0.36,0.0055993,1,0,0
0.6,0.36,0.0030373,1,0,0
0.62,0.36,0.0018486,1,0,0
0.64,0.36,-0.0084119,1,0,0
0.66,0.36,-0.030724,1,0,0
0.68,0.36,-0.047553,1,0,0
0.7,0.36,-0.017629,1,0,0
0.72,0.36,-0.014614,1,0,0
0.74,0.36,-0.023244,1,0,0
0.76,0.36,0.0086114,1,0,0
0.78,0.36,0.026759,1,0,0
0.8,0.36,0.014291,1,0,0
0.82,0.36,0.012679,1,0,0
0.84,0.36,0.0089501,1,0,0
0.86,0.36,-0.00051787,1,0,0
0.88,0.36,0.011758,1,0,0
0.9,0.36,0.026773,1,0,0
0.92,0.36,0.007677,1,0,0
0.94,0.36,-0.005724,1,0,0
0.96,0.36,-0.026812,1,0,0
0.98,0.36,-0.024397,1,0,0
0.02,0.38,-0.0047168,1,0,0
0.04,0.38,-0.0014379,1,0,0
0.06,0.38,-0.0083519,1,0,0
0.08,0.38,0.0030209,1,0,0
0.1,0.38,-0.024678,1,0,0
0.12,0.38,-0.019621,1,0,0
0.14,0.38,-0.017256,1,0,0
0.16,0.38,-0.023955,1,0,0
0.18,0.38,-0.020891,1,0,0
0.2,0.38,-0.0068524,1,0,0
0.22,0.38,0.018183,1,0,0
0.24,0.38,0.013822,1,0,0
0.26,0.38,0.030839,1,0,0
0.28,0.38,0.028168,1,0,0
0.3,0.38,0.005281,1,0,0
0.32,0.38,-0.0036141,1,0,0
0.34,0.38,0.027699,1,0,0
0.36,0.38,0.021634,1,0,0
0.38,0.38,0.024942,1,0,0
0.4,0.38,0.043569,1,0,0
0.42,0.38,0.05208,1,0,0
0.44,0.38,0.019412,1,0,0
0.46,0.38,0.0068101,1,0,0
0.48,0.38,0.0094401,1,0,0
0.5,0.38,-0.001246,1,0,0
0.52,0.38,0.020395,1,0,0
0.54,0.38,0.0010116,1,0,0
0.56,0.38,-0.0035255,1,0,0
0.58,0.38,-0.016796,1,0,0
0.6,0.38,-0.017135,1,0,0
0.62,0.38,-0.012926,1,0,0
0.64,0.38,0.0097555,1,0,0
0.66,0.38,-0.01633,1,0,0
0.68,0.38,-0.01984,1,0,0
0.7,0.38,-0.0046498,1,0,0
0.72,0.38,-0.012589,1,0,0
0.74,0.38,-0.012938,1,0,0
0.76,0.38,0.024574,1,0,0
0.78,0.38,0.021236,1,0,0
0.8,0.38,0.023952,1,0,0
0.82,0.38,0.027326,1,0,0
0.84,0.38,0.01239,1,0,0
0.86,0.38,0.024637,1,0,0
0.88,0.38,0.019032,1,0,0
0.9,0.38,0.043023,1,0,0
0.92,0.38,0.024032,1,0,0
0.94,0.38,0.028352,1,0,0
0.96,0.38,-0.0066078,1,0,0
0.98,0.38,-0.023527,1,0,0
0.02,0.4,-0.022094,1,0,0
0.04,0.4,-0.019271,1,0,0
0.06,0.4,0.003301,1,0,0
0.08,0.4,-0.0085399,1,0,0
0.1,0.4,0.01127,1,0,0
0.12,0.4,-0.0079802,1,0,0
0.14,0.4,-0.010828,1,0,0
0.16,0.4,-0.019378,1,0,0
0.18,0.4,-0.015485,1,0,0
0.2,0.4,0.013912,1,0,0
0.22,0.4,0.035537,1,0,0
0.24,0.4,0.03547,1,0,0
0.26,0.4,0.013381,1,0,0
0.28,0.4,-0.00081452,1,0,0
0.3,0.4,0.0154,1,0,0
0.32,0.4,0.01406,1,0,0
0.34,0.4,0.014431,1,0,0
0.36,0.4,0.029754,1,0,0
0.38,0.4,0.039697,1,0,0
0.4,0.4,0.048161,1,0,0
0.42,0.4,0.048075,1,0,0
0.44,0.4,0.048174,1,0,0
0.46,0.4,0.041011,1,0,0
0.48,0.4,0.015293,1,0,0
0.5,0.4,0.044508,1,0,0
0.52,0.4,0.032891,1,0,0
0.54,0.4,0.020908,1,0,0
0.56,0.4,-0.019283,1,0,0
0.58,0.4,-0.0076592,1,0,0
0.6,0.4,-0.0042832,1,0,0
0.62,0.4,0.010709,1,0,0
0.64,0.4,0.035902,1,0,0
0.66,0.4,0.019721,1,0,0
0.68,0.4,0.0026515,1,0,0
0.7,0.4,0.0089564,1,0,0
0.72,0.4,0.034867,1,0,0
0.74,0.4,0.020309,1,0,0
0.76,0.4,0.02665,1,0,0
0.78,0.4,0.028429,1,0,0
0.8,0.4,0.029803,1,0,0
0.82,0.4,0.049215,1,0,0
0.84,0.4,0.045469,1,0,0
0.86,0.4,0.020576,1,0,0
0.88,0.4,0.033522,1,0,0
0.9,0.4,0.043227,1,0,0
0.92,0.4,0.026521,1,0,0
0.94,0.4,0.021076,1,0,0
0.96,0.4,0.0091459,1,0,0
0.98,0.4,0.0097746,1,0,0
0.02,0.42,-0.0093436,1,0,0
0.04,0.42,-0.010698,1,0,0
0.06,0.42,-0.015756,1,0,0
0.08,0.42,-0.021902,1,0,0
0.1,0.42,-0.014834,1,0,0
0.12,0.42,-0.015707,1,0,0
0.14,0.42,-0.0055326,1,0,0
0.16,0.42,-0.00039243,1,0,0
0.18,0.42,0.021166,1,0,0
0.2,0.42,0.016595,1,0,0
0.22,0.42,0.035769,1,0,0
0.24,0.42,0.021285,1,0,0
0.26,0.42,0.011181,1,0,0
0.28,0.42,-0.014698,1,0,0
0.3,0.42,0.0092482,1,0,0
0.32,0.42,0.010145,1,0,0
0.34,0.42,0.013462,1,0,0
0.36,0.42,0.027034,1,0,0
0.38,0.42,0.060549,1,0,0
0.4,0.42,0.051606,1,0,0
0.42,0.42,0.052622,1,0,0
0.44,0.42,0.03629,1,0,0
0.46,0.42,0.046582,1,0,0
0.48,0.42,0.041974,1,0,0
0.5,0.42,0.032439,1,0,0
0.52,0.42,0.037203,1,0,0
0.54,0.42,0.039904,1,0,0
0.56,0.42,-0.00030125,1,0,0
0.58,0.42,-0.00048586,1,0,0
0.6,0.42,0.012821,1,0,0
0.62,0.42,0.031667,1,0,0
0.64,0.42,0.037541,1,0,0
0.66,0.42,0.049937,1,0,0
0.68,0.42,0.016845,1,0,0
0.7,0.42,0.023507,1,0,0
0.72,0.42,0.018377,1,0,0
0.74,0.42,0.045431,1,0,0
0.76,0.42,0.048936,1,0,0
0.78,0.42,0.035481,1,0,0
0.8,0.42,0.04644,1,0,0
0.82,0.42,0.050317,1,0,0
0.84,0.42,0.033984,1,0,0
0.86,0.42,0.020129,1,0,0
0.88,0.42,0.052716,1,0,0
0.9,0.42,0.051401,1,0,0
0.92,0.42,0.051652,1,0,0
0.94,0.42,0.02212,1,0,0
0.96,0.42,0.035927,1,0,0
0.98,0.42,0.0097384,1,0,0
0.02,0.44,-0.0030408,1,0,0
0.04,0.44,-0.020135,1,0,0
0.06,0.44,-0.032389,1,0,0
0.08,0.44,-0.03255,1,0,0
0.1,0.44,-0.020648,1,0,0
0.12,0.44,-0.023584,1,0,0
0.14,0.44,-0.013921,1,0,0
0.16,0.44,-0.010938,1,0,0
0.18,0.44,0.018315,1,0,0
0.2,0.44,0.0046673,1,0,0
0.22,0.44,0.0059904,1,0,0
0.24,0.44,-0.0101,1,0,0
0.26,0.44,-0.010849,1,0,0
0.28,0.44,-0.015917,1,0,0
0.3,0.44,-0.01472,1,0,0
0.32,0.44,0.0063096,1,0,0
0.34,0.44,0.024977,1,0,0
0.36,0.44,0.035095,1,0,0
0.38,0.44,0.056553,1,0,0
0.4,0.44,0.03779,1,0,0
0.42,0.44,0.048316,1,0,0
0.44,0.44,0.020444,1,0,0
0.46,0.44,0.048856,1,0,0
0.48,0.44,0.055141,1,0,0
0.5,0.44,0.042025,1,0,0
0.52,0.44,0.022459,1,0,0
0.54,0.44,0.027457,1,0,0
0.56,0.44,0.005747,1,0,0
0.58,0.44,0.004519,1,0,0
0.6,0.44,0.020896,1,0,0
0.62,0.44,0.033214,1,0,0
0.64,0.44,0.016782,1,0,0
0.66,0.44,0.041602,1,0,0
0.68,0.44,0.027588,1,0,0
0.7,0.44,0.024429,1,0,0
0.72,0.44,0.025643,1,0,0
0.74,0.44,0.039046,1,0,0
0.76,0.44,0.0539,1,0,0
0.78,0.44,0.039402,1,0,0
0.8,0.44,0.047082,1,0,0
0.82,0.44,0.04133,1,0,0
0.84,0.44,0.023697,1,0,0
0.86,0.44,0.033968,1,0,0
0.88,0.44,0.047692,1,0,0
0.9,0.44,0.048955,1,0,0
0.92,0.44,0.047748,1,0,0
0.94,0.44,0.034819,1,0,0
0.96,0.44,0.017715,1,0,0
0.98,0.44,-0.011289,1,0,0
0.02,0.46,0.0013707,1,0,0
0.04,0.46,-0.013039,1,0,0
0.06,0.46,-0.029188,1,0,0
0.08,0.46,-0.061989,1,0,0
0.1,0.46,-0.045661,1,0,0
0.12,0.46,-0.025159,1,0,0
0.14,0.46,-0.03685,1,0,0
0.16,0.46,-0.029825,1,0,0
0.18,0.46,-0.014103,1,0,0
0.2,0.46,-0.01643,1,0,0
0.22,0.46,-0.032924,1,0,0
0.24,0.46,-0.012344,1,0,0
0.26,0.46,-0.012993,1,0,0
0.28,0.46,-0.026261,1,0,0
0.3,0.46,-0.0041878,1,0,0
0.32,0.46,0.0049024,1,0,0
0.34,0.46,0.020397,1,0,0
0.36,0.46,0.047012,1,0,0
0.38,0.46,0.04672,1,0,0
0.4,0.46,0.045525,1,0,0
0.42,0.46,0.038811,1,0,0
0.44,0.46,0.032002,1,0,0
0.46,0.46,0.040048,1,0,0
0.48,0.46,0.043388,1,0,0
0.5,0.46,0.04036,1,0,0
0.52,0.46,0.012825,1,0,0
0.54,0.46,0.023934,1,0,0
0.56,0.46,0.0073286,1,0,0
0.58,0.46,0.0091037,1,0,0
0.6,0.46,0.0055233,1,0,0
0.62,0.46,0.032154,1,0,0
0.64,0.46,0.038419,1,0,0
0.66,0.46,0.05069,1,0,0
0.68,0.46,0.026362,1,0,0
0.7,0.46,0.014853,1,0,0
0.72,0.46,0.01174,1,0,0
0.74,0.46,0.013274,1,0,0
0.76,0.46,0.02981,1,0,0
0.78,0.46,0.0484,1,0,0
0.8,0.46,0.047248,1,0,0
0.82,0.46,0.043309,1,0,0
0.84,0.46,0.049329,1,0,0
0.86,0.46,0.035564,1,0,0
0.88,0.46,0.037419,1,0,0
0.9,0.46,0.034359,1,0,0
0.92,0.46,0.052868,1,0,0
0.94,0.46,0.014172,1,0,0
0.96,0.46,-0.019868,1,0,0
0.98,0.46,-0.019214,1,0,0
0.02,0.48,0.011269,1,0,0
0.04,0.48,-0.00090478,1,0,0
0.06,0.48,-0.013164,1,0,0
0.08,0.48,-0.031411,1,0,0
0.1,0.48,-0.04821,1,0,0
0.12,0.48,-0.012319,1,0,0
0.14,0.48,-0.030055,1,0,0
0.16,0.48,-0.028184,1,0,0
0.18,0.48,-0.029797,1,0,0
0.2,0.48,-0.0083925,1,0,0
0.22,0.48,0.0054977,1,0,0
0.24,0.48,-0.011005,1,0,0
0.26,0.48,-0.018977,1,0,0
0.28,0.48,-0.013494,1,0,0
0.3,0.48,0.0066084,1,0,0
0.32,0.48,0.0071556,1,0,0
0.34,0.48,0.044108,1,0,0
0.36,0.48,0.081217,1,0,0
0.38,0.48,0.074271,1,0,0
0.4,0.48,0.059686,1,0,0
0.42,0.48,0.04877,1,0,0
0.44,0.48,0.032257,1,0,0
0.46,0.48,0.031056,1,0,0
0.48,0.48,0.063794,1,0,0
0.5,0.48,0.0359,1,0,0
0.52,0.48,0.017069,1,0,0
0.54,0.48,0.031337,1,0,0
0.56,0.48,0.031404,1,0,0
0.58,0.48,0.015923,1,0,0
0.6,0.48,0.021419,1,0,0
0.62,0.48,0.027293,1,0,0
0.64,0.48,0.043559,1,0,0
0.66,0.48,0.049207,1,0,0
0.68,0.48,0.034212,1,0,0
0.7,0.48,0.026731,1,0,0
0.72,0.48,0.026564,1,0,0
0.74,0.48,0.045006,1,0,0
0.76,0.48,0.037706,1,0,0
0.78,0.48,0.050044,1,0,0
0.8,0.48,0.07141,1,0,0
0.82,0.48,0.072228,1,0,0
0.84,0.48,0.058688,1,0,0
0.86,0.48,0.055782,1,0,0
0.88,0.48,0.04798,1,0,0
0.9,0.48,0.051636,1,0,0
0.92,0.48,0.057598,1,0,0
0.94,0.48,0.028887,1,0,0
0.96,0.48,0.0036322,1,0,0
0.98,0.48,0.0057733,1,0,0
0.02,0.5,-0.0070427,1,0,0
0.04,0.5,-0.0065597,1,0,0
0.06,0.5,-0.027514,1,0,0
0.08,0.5,-0.033327,1,0,0
0.1,0.5,-0.029231,1,0,0
0.12,0.5,-0.023671,1,0,0
0.14,0.5,-0.032142,1,0,0
0.16,0.5,-0.039521,1,0,0
0.18,0.5,-0.017336,1,0,0
0.2,0.5,-0.021637,1,0,0
0.22,0.5,-0.015723,1,0,0
0.24,0.5,-0.0010426,1,0,0
0.26,0.5,-0.024332,1,0,0
0.28,0.5,0.0058992,1,0,0
0.3,0.5,0.0094854,1,0,0
0.32,0.5,0.022795,1,0,0
0.34,0.5,0.028625,1,0,0
0.36,0.5,0.081675,1,0,0
0.38,0.5,0.093541,1,0,0
0.4,0.5,0.071247,1,0,0
0.42,0.5,0.04751,1,0,0
0.44,0.5,0.019071,1,0,0
0.46,0.5,0.043075,1,0,0
0.48,0.5,0.033697,1,0,0
0.5,0.5,0.02981,1,0,0
0.52,0.5,0.026092,1,0,0
0.54,0.5,0.016135,1,0,0
0.56,0.5,0.028823,1,0,0
0.58,0.5,0.013195,1,0,0
0.6,0.5,-0.0019478,1,0,0
0.62,0.5,0.0021805,1,0,0
0.64,0.5,0.032046,1,0,0
0.66,0.5,0.057439,1,0,0
0.68,0.5,0.048941,1,0,0
0.7,0.5,0.036054,1,0,0
0.72,0.5,0.054952,1,0,0
0.74,0.5,0.041359,1,0,0
0.76,0.5,0.05793,1,0,0
0.78,0.5,0.058109,1,0,0
0.8,0.5,0.051386,1,0,0
0.82,0.5,0.053197,1,0,0
0.84,0.5,0.037421,1,0,0
0.86,0.5,0.034888,1,0,0
0.88,0.5,0.015868,1,0,0
0.9,0.5,0.050289,1,0,0
0.92,0.5,0.041296,1,0,0
0.94,0.5,0.035808,1,0,0
0.96,0.5,0.019291,1,0,0
0.98,0.5,0.026357,1,0,0
0.02,0.52,0.0093179,1,0,0
0.04,0.52,-0.026908,1,0,0
0.06,0.52,-0.029134,1,0,0
0.08,0.52,-0.016032,1,0,0
0.1,0.52,0.0035367,1,0,0
0.12,0.52,-0.010533,1,0,0
0.14,0.52,-0.043256,1,0,0
0.16,0.52,-0.027785,1,0,0
0.18,0.52,-0.0084352,1,0,0
0.2,0.52,-0.020937,1,0,0
0.22,0.52,-0.0043589,1,0,0
0.24,0.52,0.0035075,1,0,0
0.26,0.52,0.0077565,1,0,0
0.28,0.52,0.028485,1,0,0
0.3,0.52,0.03069,1,0,0
0.32,0.52,0.027757,1,0,0
0.34,0.52,0.035028,1,0,0
0.36,0.52,0.055995,1,0,0
0.38,0.52,0.067886,1,0,0
0.4,0.52,0.078648,1,0,0
0.42,0.52,0.048132,1,0,0
0.44,0.52,0.026718,1,0,0
0.46,0.52,0.046602,1,0,0
0.48,0.52,0.043005,1,0,0
0.5,0.52,0.012197,1,0,0
0.52,0.52,0.0080414,1,0,0
0.54,0.52,0.011072,1,0,0
0.56,0.52,-0.007655,1,0,0
0.58,0.52,0.0024404,1,0,0
0.6,0.52,-0.0067401,1,0,0
0.62,0.52,0.0077199,1,0,0
0.64,0.52,0.029498,1,0,0
0.66,0.52,0.058171,1,0,0
0.68,0.52,0.057102,1,0,0
0.7,0.52,0.060074,1,0,0
0.72,0.52,0.043121,1,0,0
0.74,0.52,0.063394,1,0,0
0.76,0.52,0.069698,1,0,0
0.78,0.52,0.054285,1,0,0
0.8,0.52,0.045917,1,0,0
0.82,0.52,0.043813,1,0,0
0.84,0.52,0.04602,1,0,0
0.86,0.52,0.027199,1,0,0
0.88,0.52,0.018157,1,0,0
0.9,0.52,0.023919,1,0,0
0.92,0.52,0.039225,1,0,0
0.94,0.52,0.0266,1,0,0
0.96,0.52,0.040713,1,0,0
0.98,0.52,0.024612,1,0,0
0.02,0.54,0.01601,1,0,0
0.04,0.54,-0.014004,1,0,0
0.06,0.54,-0.026555,1,0,0
0.08,0.54,-0.021576,1,0,0
0.1,0.54,-0.0041674,1,0,0
0.12,0.54,-0.012024,1,0,0
0.14,0.54,-0.026696,1,0,0
0.16,0.54,-0.026755,1,0,0
0.18,0.54,-0.014318,1,0,0
0.2,0.54,-0.0075235,1,0,0
0.22,0.54,0.013098,1,0,0
0.24,0.54,0.010143,1,0,0
0.26,0.54,0.039555,1,0,0
0.28,0.54,0.049507,1,0,0
0.3,0.54,0.087683,1,0,0
0.32,0.54,0.048452,1,0,0
0.34,0.54,0.065132,1,0,0
0.36,0.54,0.044996,1,0,0
0.38,0.54,0.040641,1,0,0
0.4,0.54,0.058642,1,0,0
0.42,0.54,0.033321,1,0,0
0.44,0.54,0.0078643,1,0,0
0.46,0.54,0.022394,1,0,0
0.48,0.54,0.0024082,1,0,0
0.5,0.54,-0.0019738,1,0,0
0.52,0.54,0.0045994,1,0,0
0.54,0.54,0.011666,1,0,0
0.56,0.54,0.0051054,1,0,0
0.58,0.54,0.0068942,1,0,0
0.6,0.54,0.0028342,1,0,0
0.62,0.54,0.022844,1,0,0
0.64,0.54,0.036968,1,0,0
0.66,0.54,0.047328,1,0,0
0.68,0.54,0.036143,1,0,0
0.7,0.54,0.038641,1,0,0
0.72,0.54,0.065061,1,0,0
0.74,0.54,0.080174,1,0,0
0.76,0.54,0.071931,1,0,0
0.78,0.54,0.061817,1,0,0
0.8,0.54,0.025431,1,0,0
0.82,0.54,0.034145,1,0,0
0.84,0.54,0.037592,1,0,0
0.86,0.54,0.012442,1,0,0
0.88,0.54,0.027411,1,0,0
0.9,0.54,0.034252,1,0,0
0.92,0.54,0.057231,1,0,0
0.94,0.54,0.059418,1,0,0
0.96,0.54,0.04237,1,0,0
0.98,0.54,0.019124,1,0,0
0.02,0.56,-0.0011489,1,0,0
0.04,0.56,-0.014631,1,0,0
0.06,0.56,-0.009238,1,0,0
0.08,0.56,-0.021482,1,0,0
0.1,0.56,-0.0090878,1,0,0
0.12,0.56,0.0021568,1,0,0
0.14,0.56,-0.0096948,1,0,0
0.16,0.56,-0.029913,1,0,0
0.18,0.56,-0.0034567,1,0,0
0.2,0.56,-0.0074358,1,0,0
0.22,0.56,0.030481,1,0,0
0.24,0.56,0.019723,1,0,0
0.26,0.56,0.047648,1,0,0
0.28,0.56,0.076799,1,0,0
0.3,0.56,0.093732,1,0,0
0.32,0.56,0.07711,1,0,0
0.34,0.56,0.066008,1,0,0
0.36,0.56,0.038714,1,0,0
0.38,0.56,0.049652,1,0,0
0.4,0.56,0.034476,1,0,0
0.42,0.56,0.03083,1,0,0
0.44,0.56,-0.010728,1,0,0
0.46,0.56,0.016637,1,0,0
0.48,0.56,-0.0044617,1,0,0
0.5,0.56,-0.016786,1,0,0
0.52,0.56,-0.0033124,1,0,0
0.54,0.56,0.007729,1,0,0
0.56,0.56,0.001711,1,0,0
0.58,0.56,0.019611,1,0,0
0.6,0.56,0.0052924,1,0,0
0.62,0.56,0.015057,1,0,0
0.64,0.56,0.040115,1,0,0
0.66,0.56,0.02938,1,0,0
0.68,0.56,0.014469,1,0,0
0.7,0.56,0.045424,1,0,0
0.72,0.56,0.073104,1,0,0
0.74,0.56,0.085663,1,0,0
0.76,0.56,0.090989,1,0,0
0.78,0.56,0.047496,1,0,0
0.8,0.56,0.035173,1,0,0
0.82,0.56,0.03071,1,0,0
0.84,0.56,0.022881,1,0,0
0.86,0.56,0.017275,1,0,0
0.88,0.56,0.018336,1,0,0
0.9,0.56,0.049809,1,0,0
0.92,0.56,0.053449,1,0,0
0.94,0.56,0.043395,1,0,0
0.96,0.56,0.04741,1,0,0
0.98,0.56,0.019559,1,0,0
0.02,0.58,-0.013059,1,0,0
0.04,0.58,-0.0098921,1,0,0
0.06,0.58,-0.010856,1,0,0
0.08,0.58,0.010746,1,0,0
0.1,0.58,0.01019,1,0,0
0.12,0.58,0.014353,1,0,0
0.14,0.58,0.018976,1,0,0
0.16,0.58,0.0026669,1,0,0
0.18,0.58,0.0043979,1,0,0
0.2,0.58,0.008019,1,0,0
0.22,0.58,0.036286,1,0,0
0.24,0.58,0.021152,1,0,0
0.26,0.58,0.063999,1,0,0
0.28,0.58,0.092861,1,0,0
0.3,0.58,0.092087,1,0,0
0.32,0.58,0.055306,1,0,0
0.34,0.58,0.059058,1,0,0
0.36,0.58,0.045844,1,0,0
0.38,0.58,0.047527,1,0,0
0.4,0.58,0.041327,1,0,0
0.42,0.58,0.031053,1,0,0
0.44,0.58,-0.00035283,1,0,0
0.46,0.58,0.008395,1,0,0
0.48,0.58,-0.0075325,1,0,0
0.5,0.58,-0.016142,1,0,0
0.52,0.58,-0.01185,1,0,0
0.54,0.58,-0.016629,1,0,0
0.56,0.58,0.0031009,1,0,0
0.58,0.58,0.007463,1,0,0
0.6,0.58,-0.0042355,1,0,0
0.62,0.58,0.0047033,1,0,0
0.64,0.58,0.013262,1,0,0
0.66,0.58,0.038253,1,0,0
0.68,0.58,0.031614,1,0,0
0.7,0.58,0.050836,1,0,0
0.72,0.58,0.068016,1,0,0
0.74,0.58,0.075187,1,0,0
0.76,0.58,0.083567,1,0,0
0.78,0.58,0.07257,1,0,0
0.8,0.58,0.051581,1,0,0
0.82,0.58,0.051206,1,0,0
0.84,0.58,0.03444,1,0,0
0.86,0.58,0.016308,1,0,0
0.88,0.58,0.040299,1,0,0
0.9,0.58,0.032721,1,0,0
0.92,0.58,0.03898,1,0,0
0.94,0.58,0.047889,1,0,0
0.96,0.58,0.047478,1,0,0
0.98,0.58,0.03688,1,0,0
0.02,0.6,-0.0046787,1,0,0
0.04,0.6,-0.0074858,1,0,0
0.06,0.6,0.0068916,1,0,0
0.08,0.6,0.00443,1,0,0
0.1,0.6,0.022253,1,0,0
0.12,0.6,0.037066,1,0,0
0.14,0.6,0.012073,1,0,0
0.16,0.6,0.014261,1,0,0
0.18,0.6,0.014935,1,0,0
0.2,0.6,0.0090935,1,0,0
0.22,0.6,0.015035,1,0,0
0.24,0.6,0.046688,1,0,0
0.26,0.6,0.072034,1,0,0
0.28,0.6,0.061781,1,0,0
0.3,0.6,0.071018,1,0,0
0.32,0.6,0.062289,1,0,0
0.34,0.6,0.052161,1,0,0
0.36,0.6,0.055648,1,0,0
0.38,0.6,0.053787,1,0,0
0.4,0.6,0.044806,1,0,0
0.42,0.6,0.027803,1,0,0
0.44,0.6,0.011878,1,0,0
0.46,0.6,0.0040125,1,0,0
0.48,0.6,-0.0139,1,0,0
0.5,0.6,-0.011928,1,0,0
0.52,0.6,-0.0084665,1,0,0
0.54,0.6,-0.0019829,1,0,0
0.56,0.6,-0.010005,1,0,0
0.58,0.6,0.001385,1,0,0
0.6,0.6,-0.010376,1,0,0
0.62,0.6,-0.023672,1,0,0
0.64,0.6,0.016288,1,0,0
0.66,0.6,0.0097932,1,0,0
0.68,0.6,0.041573,1,0,0
0.7,0.6,0.057713,1,0,0
0.72,0.6,0.066525,1,0,0
0.74,0.6,0.064232,1,0,0
0.76,0.6,0.079863,1,0,0
0.78,0.6,0.0809,1,0,0
0.8,0.6,0.058369,1,0,0
0.82,0.6,0.065625,1,0,0
0.84,0.6,0.042446,1,0,0
0.86,0.6,0.035698,1,0,0
0.88,0.6,0.018863,1,0,0
0.9,0.6,0.036576,1,0,0
0.92,0.6,0.035366,1,0,0
0.94,0.6,0.041665,1,0,0
0.96,0.6,0.027468,1,0,0
0.98,0.6,0.052149,1,0,0
0.02,0.62,0.010189,1,0,0
0.04,0.62,0.0096432,1,0,0
0.06,0.62,0.0039054,1,0,0
0.08,0.62,0.0027585,1,0,0
0.1,0.62,0.016655,1,0,0
0.12,0.62,0.040652,1,0,0
0.14,0.62,0.039497,1,0,0
0.16,0.62,0.034714,1,0,0
0.18,0.62,0.014807,1,0,0
0.2,0.62,0.013302,1,0,0
0.22,0.62,0.018566,1,0,0
0.24,0.62,0.043611,1,0,0
0.26,0.62,0.045892,1,0,0
0.28,0.62,0.040285,1,0,0
0.3,0.62,0.037426,1,0,0
0.32,0.62,0.068656,1,0,0
0.34,0.62,0.053086,1,0,0
0.36,0.62,0.061604,1,0,0
0.38,0.62,0.050089,1,0,0
0.4,0.62,0.039924,1,0,0
0.42,0.62,0.018001,1,0,0
0.44,0.62,-9.9887e-05,1,0,0
0.46,0.62,-0.011608,1,0,0
0.48,0.62,-0.011637,1,0,0
0.5,0.62,-0.020725,1,0,0
0.52,0.62,-0.010451,1,0,0
0.54,0.62,0.014716,1,0,0
0.56,0.62,0.0035794,1,0,0
0.58,0.62,-0.013614,1,0,0
0.6,0.62,-0.012215,1,0,0
0.62,0.62,-0.0065176,1,0,0
0.64,0.62,-0.028035,1,0,0
0.66,0.62,-0.0021267,1,0,0
0.68,0.62,0.021943,1,0,0
0.7,0.62,0.039961,1,0,0
0.72,0.62,0.059697,1,0,0
0.74,0.62,0.073187,1,0,0
0.76,0.62,0.076659,1,0,0
0.78,0.62,0.071333,1,0,0
0.8,0.62,0.076693,1,0,0
0.82,0.62,0.088265,1,0,0
0.84,0.62,0.042428,1,0,0
0.86,0.62,0.023578,1,0,0
0.88,0.62,0.034219,1,0,0
0.9,0.62,0.039409,1,0,0
0.92,0.62,0.035491,1,0,0
0.94,0.62,0.039409,1,0,0
0.96,0.62,0.027522,1,0,0
0.98,0.62,0.040147,1,0,0
0.02,0.64,0.024036,1,0,0
0.04,0.64,0.030046,1,0,0
0.06,0.64,0.030396,1,0,0
0.08,0.64,0.027965,1,0,0
0.1,0.64,0.014257,1,0,0
0.12,0.64,0.054137,1,0,0
0.14,0.64,0.063031,1,0,0
0.16,0.64,0.047662,1,0,0
0.18,0.64,0.032686,1,0,0
0.2,0.64,0.012755,1,0,0
0.22,0.64,0.021013,1,0,0
0.24,0.64,0.040828,1,0,0
0.26,0.64,0.041638,1,0,0
0.28,0.64,0.043038,1,0,0
0.3,0.64,0.051716,1,0,0
0.32,0.64,0.065127,1,0,0
0.34,0.64,0.034456,1,0,0
0.36,0.64,0.053453,1,0,0
0.38,0.64,0.052055,1,0,0
0.4,0.64,0.022401,1,0,0
0.42,0.64,0.021943,1,0,0
0.44,0.64,0.01414,1,0,0
0.46,0.64,0.0034568,1,0,0
0.48,0.64,0.0031089,1,0,0
0.5,0.64,-0.013806,1,0,0
0.52,0.64,-0.0030384,1,0,0
0.54,0.64,-0.0011148,1,0,0
0.56,0.64,0.0056486,1,0,0
0.58,0.64,0.0053546,1,0,0
0.6,0.64,-0.011111,1,0,0
0.62,0.64,0.0042082,1,0,0
0.64,0.64,-0.008622,1,0,0
0.66,0.64,0.018341,1,0,0
0.68,0.64,0.0098061,1,0,0
0.7,0.64,0.047167,1,0,0
0.72,0.64,0.042695,1,0,0
0.74,0.64,0.061931,1,0,0
0.76,0.64,0.070342,1,0,0
0.78,0.64,0.076223,1,0,0
0.8,0.64,0.10314,1,0,0
0.82,0.64,0.10575,1,0,0
0.84,0.64,0.064286,1,0,0
0.86,0.64,0.050154,1,0,0
0.88,0.64,0.057369,1,0,0
0.9,0.64,0.036246,1,0,0
0.92,0.64,0.035021,1,0,0
0.94,0.64,0.0066881,1,0,0
0.96,0.64,0.024076,1,0,0
0.98,0.64,0.048766,1,0,0
0.02,0.66,0.037697,1,0,0
0.04,0.66,0.025659,1,0,0
0.06,0.66,0.049236,1,0,0
0.08,0.66,0.029302,1,0,0
0.1,0.66,0.032053,1,0,0
0.12,0.66,0.06091,1,0,0
0.14,0.66,0.07002,1,0,0
0.16,0.66,0.069966,1,0,0
0.18,0.66,0.05582,1,0,0
0.2,0.66,0.03934,1,0,0
0.22,0.66,0.026978,1,0,0
0.24,0.66,0.026275,1,0,0
0.26,0.66,0.053099,1,0,0
0.28,0.66,0.054933,1,0,0
0.3,0.66,0.067351,1,0,0
0.32,0.66,0.061681,1,0,0
0.34,0.66,0.048515,1,0,0
0.36,0.66,0.044479,1,0,0
0.38,0.66,0.043007,1,0,0
0.4,0.66,0.0095698,1,0,0
0.42,0.66,0.022457,1,0,0
0.44,0.66,0.011789,1,0,0
0.46,0.66,0.0051915,1,0,0
0.48,0.66,0.0040234,1,0,0
0.5,0.66,0.025875,1,0,0
0.52,0.66,0.0056085,1,0,0
0.54,0.66,0.024952,1,0,0
0.56,0.66,0.021703,1,0,0
0.58,0.66,0.023899,1,0,0
0.6,0.66,0.014517,1,0,0
0.62,0.66,0.010611,1,0,0
0.64,0.66,0.0071942,1,0,0
0.66,0.66,0.015335,1,0,0
0.68,0.66,0.036531,1,0,0
0.7,0.66,0.047828,1,0,0
0.72,0.66,0.055226,1,0,0
0.74,0.66,0.063979,1,0,0
0.76,0.66,0.076104,1,0,0
0.78,0.66,0.093014,1,0,0
0.8,0.66,0.093558,1,0,0
0.82,0.66,0.094956,1,0,0
0.84,0.66,0.067736,1,0,0
0.86,0.66,0.063834,1,0,0
0.88,0.66,0.066746,1,0,0
0.9,0.66,0.052847,1,0,0
0.92,0.66,0.043216,1,0,0
0.94,0.66,0.0332,1,0,0
0.96,0.66,0.03114,1,0,0
0.98,0.66,0.06337,1,0,0
0.02,0.68,0.048528,1,0,0
0.04,0.68,0.031508,1,0,0
0.06,0.68,0.037516,1,0,0
0.08,0.68,0.027517,1,0,0
0.1,0.68,0.020093,1,0,0
0.12,0.68,0.058134,1,0,0
0.14,0.68,0.071185,1,0,0
0.16,0.68,0.061935,1,0,0
0.18,0.68,0.066691,1,0,0
0.2,0.68,0.05124,1,0,0
0.22,0.68,0.033984,1,0,0
0.24,0.68,0.023216,1,0,0
0.26,0.68,0.035685,1,0,0
0.28,0.68,0.01387,1,0,0
0.3,0.68,0.038149,1,0,0
0.32,0.68,0.020976,1,0,0
0.34,0.68,0.032169,1,0,0
0.36,0.68,0.016405,1,0,0
0.38,0.68,-0.00024364,1,0,0
0.4,0.68,-0.00066219,1,0,0
0.42,0.68,0.027024,1,0,0
0.44,0.68,-0.0024734,1,0,0
0.46,0.68,-0.0092717,1,0,0
0.48,0.68,-0.011204,1,0,0
0.5,0.68,0.006677,1,0,0
0.52,0.68,0.0056611,1,0,0
0.54,0.68,0.019139,1,0,0
0.56,0.68,-0.00055238,1,0,0
0.58,0.68,-0.0072249,1,0,0
0.6,0.68,-0.022289,1,0,0
0.62,0.68,0.010117,1,0,0
0.64,0.68,0.00043809,1,0,0
0.66,0.68,0.011904,1,0,0
0.68,0.68,0.020901,1,0,0
0.7,0.68,0.04369,1,0,0
0.72,0.68,0.058761,1,0,0
0.74,0.68,0.068235,1,0,0
0.76,0.68,0.068718,1,0,0
0.78,0.68,0.069542,1,0,0
0.8,0.68,0.067992,1,0,0
0.82,0.68,0.068393,1,0,0
0.84,0.68,0.057507,1,0,0
0.86,0.68,0.048964,1,0,0
0.88,0.68,0.048381,1,0,0
0.9,0.68,0.020407,1,0,0
0.92,0.68,0.052967,1,0,0
0.94,0.68,0.043493,1,0,0
0.96,0.68,0.041858,1,0,0
0.98,0.68,0.054951,1,0,0
0.02,0.7,0.02003,1,0,0
0.04,0.7,0.028484,1,0,0
0.06,0.7,0.024796,1,0,0
0.08,0.7,0.017554,1,0,0
0.1,0.7,0.040268,1,0,0
0.12,0.7,0.065293,1,0,0
0.14,0.7,0.052227,1,0,0
0.16,0.7,0.046842,1,0,0
0.18,0.7,0.067493,1,0,0
0.2,0.7,0.033128,1,0,0
0.22,0.7,0.044407,1,0,0
0.24,0.7,0.027345,1,0,0
0.26,0.7,0.012189,1,0,0
0.28,0.7,-0.0021885,1,0,0
0.3,0.7,0.0031727,1,0,0
0.32,0.7,0.022366,1,0,0
0.34,0.7,-0.00025667,1,0,0
0.36,0.7,-0.017605,1,0,0
0.38,0.7,0.0088574,1,0,0
0.4,0.7,-0.003484,1,0,0
0.42,0.7,0.015333,1,0,0
0.44,0.7,-0.0104,1,0,0
0.46,0.7,-0.0030761,1,0,0
0.48,0.7,-0.010417,1,0,0
0.5,0.7,-0.0020064,1,0,0
0.52,0.7,0.0085055,1,0,0
0.54,0.7,0.0037571,1,0,0
0.56,0.7,-0.019879,1,0,0
0.58,0.7,-0.030117,1,0,0
0.6,0.7,-0.043495,1,0,0
0.62,0.7,-0.006874,1,0,0
0.64,0.7,0.0067531,1,0,0
0.66,0.7,0.012631,1,0,0
0.68,0.7,0.010299,1,0,0
0.7,0.7,0.051521,1,0,0
0.72,0.7,0.070279,1,0,0
0.74,0.7,0.052621,1,0,0
0.76,0.7,0.054742,1,0,0
0.78,0.7,0.041807,1,0,0
0.8,0.7,0.049354,1,0,0
0.82,0.7,0.058641,1,0,0
0.84,0.7,0.051769,1,0,0
0.86,0.7,0.037188,1,0,0
0.88,0.7,0.0097528,1,0,0
0.9,0.7,0.022059,1,0,0
0.92,0.7,0.02977,1,0,0
0.94,0.7,0.025676,1,0,0
0.96,0.7,0.05932,1,0,0
0.98,0.7,0.069593,1,0,0
0.02,0.72,0.038281,1,0,0
0.04,0.72,0.027113,1,0,0
0.06,0.72,0.027913,1,0,0
0.08,0.72,0.041738,1,0,0
0.1,0.72,0.041536,1,0,0
0.12,0.72,0.034218,1,0,0
0.14,0.72,0.041154,1,0,0
0.16,0.72,0.03739,1,0,0
0.18,0.72,0.0382,1,0,0
0.2,0.72,0.023386,1,0,0
0.22,0.72,0.027267,1,0,0
0.24,0.72,0.022261,1,0,0
0.26,0.72,0.010825,1,0,0
0.28,0.72,0.019838,1,0,0
0.3,0.72,0.010763,1,0,0
0.32,0.72,-0.010189,1,0,0
0.34,0.72,-0.022617,1,0,0
0.36,0.72,-0.018763,1,0,0
0.38,0.72,-0.010171,1,0,0
0.4,0.72,0.0096326,1,0,0
0.42,0.72,-0.0079671,1,0,0
0.44,0.72,-0.034176,1,0,0
0.46,0.72,0.0059576,1,0,0
0.48,0.72,-0.0094349,1,0,0
0.5,0.72,-0.016087,1,0,0
0.52,0.72,0.0041527,1,0,0
0.54,0.72,-0.0001688,1,0,0
0.56,0.72,-0.022519,1,0,0
0.58,0.72,-0.042176,1,0,0
0.6,0.72,-0.051419,1,0,0
0.62,0.72,-0.041144,1,0,0
0.64,0.72,-0.01902,1,0,0
0.66,0.72,0.011442,1,0,0
0.68,0.72,0.033459,1,0,0
0.7,0.72,0.024623,1,0,0
0.72,0.72,0.035893,1,0,0
0.74,0.72,0.04043,1,0,0
0.76,0.72,0.038823,1,0,0
0.78,0.72,0.028284,1,0,0
0.8,0.72,0.036613,1,0,0
0.82,0.72,0.065852,1,0,0
0.84,0.72,0.036474,1,0,0
0.86,0.72,0.033468,1,0,0
0.88,0.72,0.047066,1,0,0
0.9,0.72,0.035402,1,0,0
0.92,0.72,0.021718,1,0,0
0.94,0.72,0.048127,1,0,0
0.96,0.72,0.065417,1,0,0
0.98,0.72,0.071503,1,0,0
0.02,0.74,0.060012,1,0,0
0.04,0.74,0.024688,1,0,0
0.06,0.74,0.022882,1,0,0
0.08,0.74,0.018252,1,0,0
0.1,0.74,0.022697,1,0,0
0.12,0.74,0.032632,1,0,0
0.14,0.74,0.0075337,1,0,0
0.16,0.74,0.031433,1,0,0
0.18,0.74,0.029514,1,0,0
0.2,0.74,0.018903,1,0,0
0.22,0.74,0.02267,1,0,0
0.24,0.74,0.0099765,1,0,0
0.26,0.74,0.0043938,1,0,0
0.28,0.74,0.0071886,1,0,0
0.3,0.74,0.00042437,1,0,0
0.32,0.74,-0.010944,1,0,0
0.34,0.74,-0.015346,1,0,0
0.36,0.74,-0.0057674,1,0,0
0.38,0.74,-0.0032233,1,0,0
0.4,0.74,0.011398,1,0,0
0.42,0.74,-0.025245,1,0,0
0.44,0.74,-0.023042,1,0,0
0.46,0.74,-0.018708,1,0,0
0.48,0.74,-0.016494,1,0,0
0.5,0.74,-0.035976,1,0,0
0.52,0.74,-0.0065714,1,0,0
0.54,0.74,-0.016689,1,0,0
0.56,0.74,-0.03576,1,0,0
0.58,0.74,-0.02147,1,0,0
0.6,0.74,-0.03718,1,0,0
0.62,0.74,-0.050543,1,0,0
0.64,0.74,-0.04039,1,0,0
0.66,0.74,-0.013376,1,0,0
0.68,0.74,-0.0066742,1,0,0
0.7,0.74,0.012644,1,0,0
0.72,0.74,0.011621,1,0,0
0.74,0.74,0.033495,1,0,0
0.76,0.74,0.033264,1,0,0
0.78,0.74,0.032273,1,0,0
0.8,0.74,0.029661,1,0,0
0.82,0.74,0.043244,1,0,0
0.84,0.74,0.045474,1,0,0
0.86,0.74,0.024193,1,0,0
0.88,0.74,0.046373,1,0,0
0.9,0.74,0.054102,1,0,0
0.92,0.74,0.060982,1,0,0
0.94,0.74,0.053318,1,0,0
0.96,0.74,0.080679,1,0,0
0.98,0.74,0.062437,1,0,0
0.02,0.76,0.057436,1,0,0
0.04,0.76,0.043218,1,0,0
0.06,0.76,0.013644,1,0,0
0.08,0.76,0.013312,1,0,0
0.1,0.76,0.015022,1,0,0
0.12,0.76,0.035276,1,0,0
0.14,0.76,0.044613,1,0,0
0.16,0.76,0.02779,1,0,0
0.18,0.76,0.020543,1,0,0
0.2,0.76,0.0067484,1,0,0
0.22,0.76,0.015003,1,0,0
0.24,0.76,0.0070726,1,0,0
0.26,0.76,-0.0034931,1,0,0
0.28,0.76,0.011268,1,0,0
0.3,0.76,-0.010039,1,0,0
0.32,0.76,-0.026487,1,0,0
0.34,0.76,-0.0075934,1,0,0
0.36,0.76,0.00276,1,0,0
0.38,0.76,-0.0080506,1,0,0
0.4,0.76,0.013535,1,0,0
0.42,0.76,0.022263,1,0,0
0.44,0.76,0.00091356,1,0,0
0.46,0.76,0.019692,1,0,0
0.48,0.76,0.0015242,1,0,0
0.5,0.76,-0.030765,1,0,0
0.52,0.76,-0.022423,1,0,0
0.54,0.76,-0.046567,1,0,0
0.56,0.76,-0.033738,1,0,0
0.58,0.76,-0.038442,1,0,0
0.6,0.76,-0.051654,1,0,0
0.62,0.76,-0.039256,1,0,0
0.64,0.76,-0.025794,1,0,0
0.66,0.76,-0.013244,1,0,0
0.68,0.76,-0.019731,1,0,0
0.7,0.76,-0.014438,1,0,0
0.72,0.76,0.022472,1,0,0
0.74,0.76,0.011036,1,0,0
0.76,0.76,0.040159,1,0,0
0.78,0.76,0.040655,1,0,0
0.8,0.76,0.030574,1,0,0
0.82,0.76,0.043805,1,0,0
0.84,0.76,0.040819,1,0,0
0.86,0.76,0.039116,1,0,0
0.88,0.76,0.032227,1,0,0
0.9,0.76,0.066221,1,0,0
0.92,0.76,0.069553,1,0,0
0.94,0.76,0.068317,1,0,0
0.96,0.76,0.039711,1,0,0
0.98,0.76,0.040378,1,0,0
0.02,0.78,0.038531,1,0,0
0.04,0.78,0.032096,1,0,0
0.06,0.78,0.011733,1,0,0
0.08,0.78,0.011149,1,0,0
0.1,0.78,0.032064,1,0,0
0.12,0.78,0.059927,1,0,0
0.14,0.78,0.046079,1,0,0
0.16,0.78,0.030461,1,0,0
0.18,0.78,0.032338,1,0,0
0.2,0.78,0.0089724,1,0,0
0.22,0.78,0.030083,1,0,0
0.24,0.78,-0.0064556,1,0,0
0.26,0.78,-0.0026015,1,0,0
0.28,0.78,0.0029816,1,0,0
0.3,0.78,-0.0080102,1,0,0
0.32,0.78,-0.022796,1,0,0
0.34,0.78,-0.0045911,1,0,0
0.36,0.78,-0.0043402,1,0,0
0.38,0.78,0.020692,1,0,0
0.4,0.78,0.020439,1,0,0
0.42,0.78,0.032084,1,0,0
0.44,0.78,0.0016392,1,0,0
0.46,0.78,0.029978,1,0,0
0.48,0.78,0.027193,1,0,0
0.5,0.78,-0.024036,1,0,0
0.52,0.78,-0.044552,1,0,0
0.54,0.78,-0.050422,1,0,0
0.56,0.78,-0.031293,1,0,0
0.58,0.78,-0.030875,1,0,0
0.6,0.78,-0.044023,1,0,0
0.62,0.78,-0.041334,1,0,0
0.64,0.78,-0.011708,1,0,0
0.66,0.78,-0.023713,1,0,0
0.68,0.78,-0.031779,1,0,0
0.7,0.78,-0.0026881,1,0,0
0.72,0.78,0.01919,1,0,0
0.74,0.78,0.010705,1,0,0
0.76,0.78,0.034446,1,0,0
0.78,0.78,0.035934,1,0,0
0.8,0.78,0.033675,1,0,0
0.82,0.78,0.031861,1,0,0
0.84,0.78,0.033975,1,0,0
0.86,0.78,0.03831,1,0,0
0.88,0.78,0.032681,1,0,0
0.9,0.78,0.0729,1,0,0
0.92,0.78,0.088562,1,0,0
0.94,0.78,0.068055,1,0,0
0.96,0.78,0.051804,1,0,0
0.98,0.78,0.056676,1,0,0
0.02,0.8,0.022198,1,0,0
0.04,0.8,0.0065748,1,0,0
0.06,0.8,-0.00034088,1,0,0
0.08,0.8,-0.0093533,1,0,0
0.1,0.8,0.022213,1,0,0
0.12,0.8,0.030316,1,0,0
0.14,0.8,0.028285,1,0,0
0.16,0.8,0.033419,1,0,0
0.18,0.8,0.048074,1,0,0
0.2,0.8,0.020492,1,0,0
0.22,0.8,0.01353,1,0,0
0.24,0.8,-0.0091522,1,0,0
0.26,0.8,-0.00078197,1,0,0
0.28,0.8,-0.020413,1,0,0
0.3,0.8,-0.01458,1,0,0
0.32,0.8,-0.050655,1,0,0
0.34,0.8,-0.03214,1,0,0
0.36,0.8,0.0063299,1,0,0
0.38,0.8,0.044228,1,0,0
0.4,0.8,0.043628,1,0,0
0.42,0.8,0.027086,1,0,0
0.44,0.8,0.0040766,1,0,0
0.46,0.8,0.022277,1,0,0
0.48,0.8,0.0020096,1,0,0
0.5,0.8,-0.020765,1,0,0
0.52,0.8,-0.047915,1,0,0
0.54,0.8,-0.030003,1,0,0
0.56,0.8,-0.018927,1,0,0
0.58,0.8,-0.011623,1,0,0
0.6,0.8,-0.036786,1,0,0
0.62,0.8,-0.039585,1,0,0
0.64,0.8,-0.027316,1,0,0
0.66,0.8,-0.0077713,1,0,0
0.68,0.8,-0.023591,1,0,0
0.7,0.8,-0.031301,1,0,0
0.72,0.8,-0.022641,1,0,0
0.74,0.8,-0.0074702,1,0,0
0.76,0.8,0.022168,1,0,0
0.78,0.8,0.042659,1,0,0
0.8,0.8,0.01837,1,0,0
0.82,0.8,0.013952,1,0,0
0.84,0.8,0.021157,1,0,0
0.86,0.8,0.0010772,1,0,0
0.88,0.8,0.034703,1,0,0
0.9,0.8,0.041281,1,0,0
0.92,0.8,0.070988,1,0,0
0.94,0.8,0.044642,1,0,0
0.96,0.8,0.048531,1,0,0
0.98,0.8,0.055803,1,0,0
0.02,0.82,0.024969,1,0,0
0.04,0.82,-0.015251,1,0,0
0.06,0.82,0.0048001,1,0,0
0.08,0.82,0.024019,1,0,0
0.1,0.82,0.047461,1,0,0
0.12,0.82,0.038374,1,0,0
0.14,0.82,0.027445,1,0,0
0.16,0.82,0.015051,1,0,0
0.18,0.82,0.035182,1,0,0
0.2,0.82,0.02842,1,0,0
0.22,0.82,0.044273,1,0,0
0.24,0.82,0.017731,1,0,0
0.26,0.82,-0.0083096,1,0,0
0.28,0.82,-0.019191,1,0,0
0.3,0.82,-0.016499,1,0,0
0.32,0.82,-0.029587,1,0,0
0.34,0.82,-0.023741,1,0,0
0.36,0.82,0.01459,1,0,0
0.38,0.82,0.038661,1,0,0
0.4,0.82,0.027584,1,0,0
0.42,0.82,0.04743,1,0,0
0.44,0.82,0.015024,1,0,0
0.46,0.82,0.027999,1,0,0
0.48,0.82,0.015453,1,0,0
0.5,0.82,0.0041965,1,0,0
0.52,0.82,-0.0077157,1,0,0
0.54,0.82,0.0072987,1,0,0
0.56,0.82,-0.022557,1,0,0
0.58,0.82,-0.011612,1,0,0
0.6,0.82,-0.0030559,1,0,0
0.62,0.82,-0.0029858,1,0,0
0.64,0.82,-0.015885,1,0,0
0.66,0.82,0.00027064,1,0,0
0.68,0.82,-0.010641,1,0,0
0.7,0.82,-0.043235,1,0,0
0.72,0.82,-0.019484,1,0,0
0.74,0.82,0.0059128,1,0,0
0.76,0.82,0.016901,1,0,0
0.78,0.82,-0.0066223,1,0,0
0.8,0.82,0.015556,1,0,0
0.82,0.82,0.036927,1,0,0
0.84,0.82,0.018461,1,0,0
0.86,0.82,0.022503,1,0,0
0.88,0.82,0.018465,1,0,0
0.9,0.82,0.030427,1,0,0
0.92,0.82,0.044077,1,0,0
0.94,0.82,0.050406,1,0,0
0.96,0.82,0.050096,1,0,0
0.98,0.82,0.041126,1,0,0
0.02,0.84,0.0060039,1,0,0
0.04,0.84,0.016618,1,0,0
0.06,0.84,0.0084819,1,0,0
0.08,0.84,0.013012,1,0,0
0.1,0.84,0.026412,1,0,0
0.12,0.84,0.039054,1,0,0
0.14,0.84,0.0045666,1,0,0
0.16,0.84,-0.00077251,1,0,0
0.18,0.84,0.020553,1,0,0
0.2,0.84,0.014931,1,0,0
0.22,0.84,0.025322,1,0,0
0.24,0.84,0.017208,1,0,0
0.26,0.84,0.0014561,1,0,0
0.28,0.84,-0.023311,1,0,0
0.3,0.84,-0.02127,1,0,0
0.32,0.84,-0.015762,1,0,0
0.34,0.84,-0.036195,1,0,0
0.36,0.84,-0.011755,1,0,0
0.38,0.84,0.027172,1,0,0
0.4,0.84,0.020792,1,0,0
0.42,0.84,0.032205,1,0,0
0.44,0.84,0.026375,1,0,0
0.46,0.84,0.025766,1,0,0
0.48,0.84,0.027244,1,0,0
0.5,0.84,0.016575,1,0,0
0.52,0.84,0.027979,1,0,0
0.54,0.84,0.021931,1,0,0
0.56,0.84,-0.0031302,1,0,0
0.58,0.84,-0.021343,1,0,0
0.6,0.84,-0.01714,1,0,0
0.62,0.84,0.0065509,1,0,0
0.64,0.84,-0.0068071,1,0,0
0.66,0.84,0.017021,1,0,0
0.68,0.84,-0.030349,1,0,0
0.7,0.84,-0.044931,1,0,0
0.72,0.84,-0.032873,1,0,0
0.74,0.84,-0.010103,1,0,0
0.76,0.84,-0.0023118,1,0,0
0.78,0.84,-0.014602,1,0,0
0.8,0.84,-0.007526,1,0,0
0.82,0.84,0.016804,1,0,0
0.84,0.84,0.012235,1,0,0
0.86,0.84,0.00078619,1,0,0
0.88,0.84,0.0062618,1,0,0
0.9,0.84,0.019167,1,0,0
0.92,0.84,0.039844,1,0,0
0.94,0.84,0.024055,1,0,0
0.96,0.84,0.029011,1,0,0
0.98,0.84,0.020757,1,0,0
0.02,0.86,0.0062212,1,0,0
0.04,0.86,-0.014776,1,0,0
0.06,0.86,0.0017493,1,0,0
0.08,0.86,-0.0022667,1,0,0
0.1,0.86,-0.0021772,1,0,0
0.12,0.86,0.015973,1,0,0
0.14,0.86,-0.0021605,1,0,0
0.16,0.86,-0.00043766,1,0,0
0.18,0.86,0.014304,1,0,0
0.2,0.86,0.04341,1,0,0
0.22,0.86,0.017626,1,0,0
0.24,0.86,-0.0074133,1,0,0
0.26,0.86,-0.02847,1,0,0
0.28,0.86,-0.030187,1,0,0
0.3,0.86,-0.036757,1,0,0
0.32,0.86,-0.031002,1,0,0
0.34,0.86,-0.033484,1,0,0
0.36,0.86,0.0059346,1,0,0
0.38,0.86,0.013346,1,0,0
0.4,0.86,0.038046,1,0,0
0.42,0.86,0.037708,1,0,0
0.44,0.86,0.021597,1,0,0
0.46,0.86,0.033503,1,0,0
0.48,0.86,0.060543,1,0,0
0.5,0.86,0.044689,1,0,0
0.52,0.86,0.02297,1,0,0
0.54,0.86,0.037475,1,0,0
0.56,0.86,0.021957,1,0,0
0.58,0.86,0.0053423,1,0,0
0.6,0.86,-0.00603,1,0,0
0.62,0.86,0.005275,1,0,0
0.64,0.86,-0.0011249,1,0,0
0.66,0.86,-0.016402,1,0,0
0.68,0.86,-0.045895,1,0,0
0.7,0.86,-0.043745,1,0,0
0.72,0.86,-0.036351,1,0,0
0.74,0.86,-0.0075074,1,0,0
0.76,0.86,-0.0088106,1,0,0
0.78,0.86,-0.0073725,1,0,0
0.8,0.86,-0.0067906,1,0,0
0.82,0.86,-0.0058799,1,0,0
0.84,0.86,-0.017694,1,0,0
0.86,0.86,-0.013661,1,0,0
0.88,0.86,0.0020277,1,0,0
0.9,0.86,-0.018077,1,0,0
0.92,0.86,0.017268,1,0,0
0.94,0.86,0.016542,1,0,0
0.96,0.86,0.005358,1,0,0
0.98,0.86,0.023057,1,0,0
0.02,0.88,0.0013289,1,0,0
0.04,0.88,0.0083868,1,0,0
0.06,0.88,0.0075732,1,0,0
0.08,0.88,-0.00579,1,0,0
0.1,0.88,-0.0024312,1,0,0
0.12,0.88,0.020482,1,0,0
0.14,0.88,-0.0038289,1,0,0
0.16,0.88,0.014355,1,0,0
0.18,0.88,0.019023,1,0,0
0.2,0.88,0.013994,1,0,0
0.22,0.88,-0.012069,1,0,0
0.24,0.88,-0.025114,1,0,0
0.26,0.88,-0.027783,1,0,0
0.28,0.88,-0.037866,1,0,0
0.3,0.88,-0.044537,1,0,0
0.32,0.88,-0.035983,1,0,0
0.34,0.88,-0.037097,1,0,0
0.36,0.88,-0.0076751,1,0,0
0.38,0.88,0.019158,1,0,0
0.4,0.88,0.028445,1,0,0
0.42,0.88,0.044492,1,0,0
0.44,0.88,0.048063,1,0,0
0.46,0.88,0.056407,1,0,0
0.48,0.88,0.076393,1,0,0
0.5,0.88,0.070832,1,0,0
0.52,0.88,0.043511,1,0,0
0.54,0.88,0.031152,1,0,0
0.56,0.88,0.015444,1,0,0
0.58,0.88,-0.0080767,1,0,0
0.6,0.88,-0.018565,1,0,0
0.62,0.88,-0.016342,1,0,0
0.64,0.88,-0.0002212,1,0,0
0.66,0.88,-0.016457,1,0,0
0.68,0.88,-0.030778,1,0,0
0.7,0.88,-0.036832,1,0,0
0.72,0.88,-0.030279,1,0,0
0.74,0.88,-0.026725,1,0,0
0.76,0.88,-0.0013959,1,0,0
0.78,0.88,0.015395,1,0,0
0.8,0.88,-0.0090753,1,0,0
0.82,0.88,-0.01732,1,0,0
0.84,0.88,-0.027744,1,0,0
0.86,0.88,-0.021609,1,0,0
0.88,0.88,-0.026759,1,0,0
0.9,0.88,-0.0045435,1,0,0
0.92,0.88,-0.0020971,1,0,0
0.94,0.88,-0.0042394,1,0,0
0.96,0.88,-0.020809,1,0,0
0.98,0.88,0.012138,1,0,0
0.02,0.9,0.013879,1,0,0
0.04,0.9,0.018825,1,0,0
0.06,0.9,0.0014432,1,0,0
0.08,0.9,0.012855,1,0,0
0.1,0.9,-0.0067429,1,0,0
0.12,0.9,0.01291,1,0,0
0.14,0.9,0.0060374,1,0,0
0.16,0.9,-0.0046153,1,0,0
0.18,0.9,0.0044459,1,0,0
0.2,0.9,-0.0038958,1,0,0
0.22,0.9,0.0081226,1,0,0
0.24,0.9,0.0055652,1,0,0
0.26,0.9,-0.022038,1,0,0
0.28,0.9,-0.051461,1,0,0
0.3,0.9,-0.03797,1,0,0
0.32,0.9,-0.027469,1,0,0
0.34,0.9,-0.0054864,1,0,0
0.36,0.9,0.014025,1,0,0
0.38,0.9,0.017245,1,0,0
0.4,0.9,0.018602,1,0,0
0.42,0.9,0.047804,1,0,0
0.44,0.9,0.061687,1,0,0
0.46,0.9,0.088016,1,0,0
0.48,0.9,0.084356,1,0,0
0.5,0.9,0.082624,1,0,0
0.52,0.9,0.091575,1,0,0
0.54,0.9,0.038966,1,0,0
0.56,0.9,0.014933,1,0,0
0.58,0.9,0.013843,1,0,0
0.6,0.9,-0.0017743,1,0,0
0.62,0.9,0.014353,1,0,0
0.64,0.9,-0.0012288,1,0,0
0.66,0.9,-0.0054585,1,0,0
0.68,0.9,-0.032726,1,0,0
0.7,0.9,-0.02438,1,0,0
0.72,0.9,-0.019808,1,0,0
0.74,0.9,-0.021865,1,0,0
0.76,0.9,-0.0043441,1,0,0
0.78,0.9,-0.0085699,1,0,0
0.8,0.9,-0.004171,1,0,0
0.82,0.9,0.013672,1,0,0
0.84,0.9,-0.0050784,1,0,0
0.86,0.9,-0.017428,1,0,0
0.88,0.9,-0.019969,1,0,0
0.9,0.9,-0.011872,1,0,0
0.92,0.9,-0.011988,1,0,0
0.94,0.9,-0.026461,1,0,0
0.96,0.9,-0.024153,1,0,0
0.98,0.9,-0.0093872,1,0,0
0.02,0.92,0.037724,1,0,0
0.04,0.92,0.0043828,1,0,0
0.06,0.92,0.013791,1,0,0
0.08,0.92,-0.017609,1,0,0
0.1,0.92,-0.015298,1,0,0
0.12,0.92,-0.018346,1,0,0
0.14,0.92,0.011837,1,0,0
0.16,0.92,0.016474,1,0,0
0.18,0.92,0.00011124,1,0,0
0.2,0.92,-0.0057162,1,0,0
0.22,0.92,0.024116,1,0,0
0.24,0.92,-0.0035097,1,0,0
0.26,0.92,-0.022407,1,0,0
0.28,0.92,-0.031197,1,0,0
0.3,0.92,-0.04801,1,0,0
0.32,0.92,-0.023227,1,0,0
0.34,0.92,0.0022392,1,0,0
0.36,0.92,0.020577,1,0,0
0.38,0.92,0.043822,1,0,0
0.4,0.92,0.043715,1,0,0
0.42,0.92,0.040122,1,0,0
0.44,0.92,0.028497,1,0,0
0.46,0.92,0.060276,1,0,0
0.48,0.92,0.051104,1,0,0
0.5,0.92,0.072826,1,0,0
0.52,0.92,0.076455,1,0,0
0.54,0.92,0.08803,1,0,0
0.56,0.92,0.040614,1,0,0
0.58,0.92,0.04177,1,0,0
0.6,0.92,0.019432,1,0,0
0.62,0.92,0.014628,1,0,0
0.64,0.92,0.0043415,1,0,0
0.66,0.92,-0.0085426,1,0,0
0.68,0.92,-0.019741,1,0,0
0.7,0.92,-0.031762,1,0,0
0.72,0.92,-0.044862,1,0,0
0.74,0.92,-0.032135,1,0,0
0.76,0.92,-0.012263,1,0,0
0.78,0.92,-0.0017633,1,0,0
0.8,0.92,0.027775,1,0,0
0.82,0.92,0.038283,1,0,0
0.84,0.92,-0.008424,1,0,0
0.86,0.92,-0.035757,1,0,0
0.88,0.92,-0.011571,1,0,0
0.9,0.92,-0.007508,1,0,0
0.92,0.92,-0.030304,1,0,0
0.94,0.92,-0.037094,1,0,0
0.96,0.92,-0.0199,1,0,0
0.98,0.92,-0.024579,1,0,0
0.02,0.94,0.005297,1,0,0
0.04,0.94,0.0064624,1,0,0
0.06,0.94,0.014923,1,0,0
0.08,0.94,0.0095534,1,0,0
0.1,0.94,0.0093685,1,0,0
0.12,0.94,0.0098488,1,0,0
0.14,0.94,0.015415,1,0,0
0.16,0.94,0.012756,1,0,0
0.18,0.94,0.028247,1,0,0
0.2,0.94,0.010001,1,0,0
0.22,0.94,0.018825,1,0,0
0.24,0.94,0.017278,1,0,0
0.26,0.94,0.015096,1,0,0
0.28,0.94,-0.03031,1,0,0
0.3,0.94,-0.01009,1,0,0
0.32,0.94,-0.02187,1,0,0
0.34,0.94,0.018756,1,0,0
0.36,0.94,0.031332,1,0,0
0.38,0.94,0.052256,1,0,0
0.4,0.94,0.056537,1,0,0
0.42,0.94,0.03124,1,0,0
0.44,0.94,0.022013,1,0,0
0.46,0.94,0.075813,1,0,0
0.48,0.94,0.06242,1,0,0
0.5,0.94,0.067136,1,0,0
0.52,0.94,0.072508,1,0,0
0.54,0.94,0.065416,1,0,0
0.56,0.94,0.059891,1,0,0
0.58,0.94,0.065423,1,0,0
0.6,0.94,0.033457,1,0,0
0.62,0.94,0.028811,1,0,0
0.64,0.94,0.032003,1,0,0
0.66,0.94,0.014552,1,0,0
0.68,0.94,0.0054233,1,0,0
0.7,0.94,0.0048694,1,0,0
0.72,0.94,-0.023613,1,0,0
0.74,0.94,-0.029284,1,0,0
0.76,0.94,-0.011338,1,0,0
0.78,0.94,0.02449,1,0,0
0.8,0.94,0.023448,1,0,0
0.82,0.94,0.036828,1,0,0
0.84,0.94,0.01297,1,0,0
0.86,0.94,-0.016598,1,0,0
0.88,0.94,-0.00055364,1,0,0
0.9,0.94,-0.022646,1,0,0
0.92,0.94,-0.036391,1,0,0
0.94,0.94,-0.052753,1,0,0
0.96,0.94,-0.019849,1,0,0
0.98,0.94,0.020629,1,0,0
0.02,0.96,-0.019954,1,0,0
0.04,0.96,-0.025202,1,0,0
0.06,0.96,-0.01568,1,0,0
0.08,0.96,-0.0075762,1,0,0
0.1,0.96,-0.011484,1,0,0
0.12,0.96,0.018313,1,0,0
0.14,0.96,0.025658,1,0,0
0.16,0.96,0.024224,1,0,0
0.18,0.96,0.026785,1,0,0
0.2,0.96,0.0078814,1,0,0
0.22,0.96,0.023276,1,0,0
0.24,0.96,-0.0064476,1,0,0
0.26,0.96,0.0017725,1,0,0
0.28,0.96,-0.0093926,1,0,0
0.3,0.96,-0.021927,1,0,0
0.32,0.96,-0.017701,1,0,0
0.34,0.96,0.016618,1,0,0
0.36,0.96,0.0092643,1,0,0
0.38,0.96,0.026907,1,0,0
0.4,0.96,0.045219,1,0,0
0.42,0.96,0.058185,1,0,0
0.44,0.96,0.032927,1,0,0
0.46,0.96,0.035556,1,0,0
0.48,0.96,0.047461,1,0,0
0.5,0.96,0.042759,1,0,0
0.52,0.96,0.0557,1,0,0
0.54,0.96,0.050381,1,0,0
0.56,0.96,0.043786,1,0,0
0.58,0.96,0.040389,1,0,0
0.6,0.96,0.029853,1,0,0
0.62,0.96,0.052305,1,0,0
0.64,0.96,0.038048,1,0,0
0.66,0.96,0.024485,1,0,0
0.68,0.96,-0.00068146,1,0,0
0.7,0.96,0.0064583,1,0,0
0.72,0.96,-0.014045,1,0,0
0.74,0.96,-0.01977,1,0,0
0.76,0.96,-0.0019619,1,0,0
0.78,0.96,0.012149,1,0,0
0.8,0.96,0.02757,1,0,0
0.82,0.96,0.012843,1,0,0
0.84,0.96,-0.012141,1,0,0
0.86,0.96,-0.030712,1,0,0
0.88,0.96,-0.038441,1,0,0
0.9,0.96,-0.045154,1,0,0
0.92,0.96,-0.04725,1,0,0
0.94,0.96,-0.050234,1,0,0
0.96,0.96,-0.037043,1,0,0
0.98,0.96,-0.027014,1,0,0
0.02,0.98,-0.022158,1,0,0
0.04,0.98,-0.027228,1,0,0
0.06,0.98,-0.025233,1,0,0
0.08,0.98,-0.030879,1,0,0
0.1,0.98,-0.026512,1,0,0
0.12,0.98,0.0081531,1,0,0
0.14,0.98,0.018217,1,0,0
0.16,0.98,0.0090736,1,0,0
0.18,0.98,0.028558,1,0,0
0.2,0.98,0.023459,1,0,0
0.22,0.98,0.012246,1,0,0
0.24,0.98,0.01504,1,0,0
0.26,0.98,-0.0059794,1,0,0
0.28,0.98,-0.019915,1,0,0
0.3,0.98,-0.014775,1,0,0
0.32,0.98,-0.0027355,1,0,0
0.34,0.98,0.013168,1,0,0
0.36,0.98,0.018744,1,0,0
0.38,0.98,0.011966,1,0,0
0.4,0.98,0.031099,1,0,0
0.42,0.98,0.041413,1,0,0
0.44,0.98,0.030523,1,0,0
0.46,0.98,0.03042,1,0,0
0.48,0.98,0.0021647,1,0,0
0.5,0.98,0.011822,1,0,0
0.52,0.98,0.030375,1,0,0
0.54,0.98,0.021232,1,0,0
0.56,0.98,0.034721,1,0,0
0.58,0.98,0.048076,1,0,0
0.6,0.98,0.047294,1,0,0
0.62,0.98,0.059579,1,0,0
0.64,0.98,0.049849,1,0,0
0.66,0.98,0.0093843,1,0,0
0.68,0.98,-0.0084348,1,0,0
0.7,0.98,-0.011165,1,0,0
0.72,0.98,0.0093101,1,0,0
0.74,0.98,-6.492e-05,1,0,0
0.76,0.98,0.017207,1,0,0
0.78,0.98,0.0043031,1,0,0
0.8,0.98,-0.0076098,1,0,0
0.82,0.98,0.0020729,1,0,0
0.84,0.98,-0.020562,1,0,0
0.86,0.98,-0.032856,1,0,0
0.88,0.98,-0.054266,1,0,0
0.9,0.98,-0.046357,1,0,0
0.92,0.98,-0.049833,1,0,0
0.94,0.98,-0.031353,1,0,0
0.96,0.98,-0.036088,1,0,0
0.98,0.98,0.0035528,1,0,0
0,0,-0.00421,-1,0,0
0.02,0,-0.00421,-1,0,0
0.04,0,-0.010979,-1,0,0
0.06,0,-0.0087601,-1,0,0
0.08,0,0.018114,-1,0,0
0.1,0,0.022908,-1,0,0
0.12,0,0.019538,-1,0,0
0.14,0,0.025658,-1,0,0
0.16,0,0.039286,-1,0,0
0.18,0,0.036986,-1,0,0
0.2,0,0.049965,-1,0,0
0.22,0,0.03355,-1,0,0
0.24,0,0.015551,-1,0,0
0.26,0,0.02699,-1,0,0
0.28,0,0.032683,-1,0,0
0.3,0,0.039372,-1,0,0
0.32,0,0.032457,-1,0,0
0.34,0,0.056423,-1,0,0
0.36,0,0.071727,-1,0,0
0.38,0,0.046161,-1,0,0
0.4,0,0.035363,-1,0,0
0.42,0,-0.00020024,-1,0,0
0.44,0,-0.0031825,-1,0,0
0.46,0,0.021183,-1,0,0
0.48,0,0.047328,-1,0,0
0.5,0,0.037462,-1,0,0
0.52,0,0.035407,-1,0,0
0.54,0,0.039843,-1,0,0
0.56,0,0.036062,-1,0,0
0.58,0,0.042016,-1,0,0
0.6,0,0.037746,-1,0,0
0.62,0,0.016582,-1,0,0
0.64,0,0.0351,-1,0,0
0.66,0,0.037834,-1,0,0
0.68,0,0.027085,-1,0,0
0.7,0,0.035959,-1,0,0
0.72,0,0.020291,-1,0,0
0.74,0,0.053079,-1,0,0
0.76,0,0.074472,-1,0,0
0.78,0,0.068946,-1,0,0
0.8,0,0.043048,-1,0,0
0.82,0,0.044206,-1,0,0
0.84,0,0.030612,-1,0,0
0.86,0,0.017737,-1,0,0
0.88,0,0.03883,-1,0,0
0.9,0,0.026835,-1,0,0
0.92,0,0.025849,-1,0,0
0.94,0,0.027326,-1,0,0
0.96,0,0.016593,-1,0,0
0.98,0,0.024732,-1,0,0
1,0,0.035722,-1,0,0
1,0.02,0.071051,-1,0,0
1,0.04,0.093572,-1,0,0
1,0.06,0.087339,-1,0,0
1,0.08,0.086367,-1,0,0
1,0.1,0.062224,-1,0,0
1,0.12,0.059743,-1,0,0
1,0.14,0.063792,-1,0,0
1,0.16,0.059082,-1,0,0
1,0.18,0.049017,-1,0,0
1,0.2,0.026796,-1,0,0
1,0.22,0.0080643,-1,0,0
1,0.24,0.020329,-1,0,0
1,0.26,0.00078414,-1,0,0
1,0.28,0.013839,-1,0,0
1,0.3,-0.00073343,-1,0,0
1,0.32,-0.0083101,-1,0,0
1,0.34,-0.029044,-1,0,0
1,0.36,-0.019199,-1,0,0
1,0.38,-0.022722,-1,0,0
1,0.4,-0.0065447,-1,0,0
1,0.42,0.0019274,-1,0,0
1,0.44,0.010961,-1,0,0
1,0.46,-0.0073736,-1,0,0
1,0.48,0.0095162,-1,0,0
1,0.5,0.010454,-1,0,0
1,0.52,0.027971,-1,0,0
1,0.54,0.020184,-1,0,0
1,0.56,0.011981,-1,0,0
1,0.58,0.050101,-1,0,0
1,0.6,0.037881,-1,0,0
1,0.62,0.053916,-1,0,0
1,0.64,0.064592,-1,0,0
1,0.66,0.069611,-1,0,0
1,0.68,0.07679,-1,0,0
1,0.7,0.090225,-1,0,0
1,0.72,0.06201,-1,0,0
1,0.74,0.047523,-1,0,0
1,0.76,0.060218,-1,0,0
1,0.78,0.075274,-1,0,0
1,0.8,0.054871,-1,0,0
1,0.82,0.062882,-1,0,0
1,0.84,0.042948,-1,0,0
1,0.86,0.028758,-1,0,0
1,0.88,0.025354,-1,0,0
1,0.9,0.02427,-1,0,0
1,0.92,0.017775,-1,0,0
1,0.94,0.03154,-1,0,0
1,0.96,0.04214,-1,0,0
1,0.98,0.023374,-1,0,0
1,1,0.0011357,-1,0,0
0.98,1,0.0033902,-1,0,0
0.96,1,-0.023853,-1,0,0
0.94,1,-0.026958,-1,0,0
0.92,1,-0.033155,-1,0,0
0.9,1,-0.032475,-1,0,0
0.88,1,-0.039774,-1,0,0
0.86,1,-0.046944,-1,0,0
0.84,1,-0.03906,-1,0,0
0.82,1,-0.0014532,-1,0,0
0.8,1,0.0021826,-1,0,0
0.78,1,0.010041,-1,0,0
0.76,1,0.01296,-1,0,0
0.74,1,0.029565,-1,0,0
0.72,1,0.0098005,-1,0,0
0.7,1,0.0060891,-1,0,0
0.68,1,0.014574,-1,0,0
0.66,1,0.028133,-1,0,0
0.64,1,0.052831,-1,0,0
0.62,1,0.036612,-1,0,0
0.6,1,0.051238,-1,0,0
0.58,1,0.03522,-1,0,0
0.56,1,0.039347,-1,0,0
0.54,1,0.037902,-1,0,0
0.52,1,0.028992,-1,0,0
0.5,1,0.01377,-1,0,0
0.48,1,0.014586,-1,0,0
0.46,1,0.017618,-1,0,0
0.44,1,0.039984,-1,0,0
0.42,1,0.04041,-1,0,0
0.4,1,0.04429,-1,0,0
0.38,1,0.03036,-1,0,0
0.36,1,-0.00091668,-1,0,0
0.34,1,-0.0066269,-1,0,0
0.32,1,0.016411,-1,0,0
0.3,1,0.038001,-1,0,0
0.28,1,0.01337,-1,0,0
0.26,1,0.0066993,-1,0,0
0.24,1,-0.0032989,-1,0,0
0.22,1,0.0072374,-1,0,0
0.2,1,0.0058996,-1,0,0
0.18,1,0.010641,-1,0,0
0.16,1,0.015091,-1,0,0
0.14,1,-0.0026658,-1,0,0
0.12,1,0.010033,-1,0,0
0.1,1,-0.020452,-1,0,0
0.08,1,-0.023242,-1,0,0
0.06,1,-0.021358,-1,0,0
0.04,1,-0.023696,-1,0,0
0.02,1,-0.016642,-1,0,0
0,1,0.0082209,-1,0,0
0,0.98,-0.017405,-1,0,0
0,0.96,-0.029147,-1,0,0
0,0.94,-0.011217,-1,0,0
0,0.92,0.011151,-1,0,0
0,0.9,0.0048433,-1,0,0
0,0.88,0.016934,-1,0,0
0,0.86,0.025715,-1,0,0
0,0.84,0.012387,-1,0,0
0,0.82,0.026401,-1,0,0
0,0.8,0.030964,-1,0,0
0,0.78,0.042666,-1,0,0
0,0.76,0.039849,-1,0,0
0,0.74,0.060428,-1,0,0
0,0.72,0.024784,-1,0,0
0,0.7,0.018376,-1,0,0
0,0.68,0.04539,-1,0,0
0,0.66,0.052838,-1,0,0
0,0.64,0.019523,-1,0,0
0,0.62,-0.010385,-1,0,0
0,0.6,-0.015145,-1,0,0
0,0.58,-0.0027426,-1,0,0
0,0.56,-0.0017033,-1,0,0
0,0.54,0.0018973,-1,0,0
0,0.52,-0.0070008,-1,0,0
0,0.5,0.012424,-1,0,0
0,0.48,0.036174,-1,0,0
0,0.46,0.0010007,-1,0,0
0,0.44,0.011215,-1,0,0
0,0.42,0.0014437,-1,0,0
0,0.4,-0.016363,-1,0,0
0,0.38,0.0079798,-1,0,0
0,0.36,0.015201,-1,0,0
0,0.34,-0.015273,-1,0,0
0,0.32,0.011427,-1,0,0
0,0.3,0.028853,-1,0,0
0,0.28,0.031789,-1,0,0
0,0.26,0.045453,-1,0,0
0,0.24,0.061701,-1,0,0
0,0.22,0.044282,-1,0,0
0,0.2,0.037396,-1,0,0
0,0.18,0.024847,-1,0,0
0,0.16,0.021357,-1,0,0
0,0.14,0.044853,-1,0,0
0,0.12,0.059888,-1,0,0
0,0.1,0.05925,-1,0,0
0,0.08,0.077041,-1,0,0
0,0.06,0.059797,-1,0,0
0,0.04,0.01443,-1,0,0
0,0.02,0.0017383,-1,0,0
