0.02,0.02,0.021103,1,0,0
0.04,0.02,-0.015853,1,0,0
0.06,0.02,-0.03893,1,0,0
0.08,0.02,0.016345,1,0,0
0.1,0.02,0.006722,1,0,0
0.12,0.02,0.063653,1,0,0
0.14,0.02,0.013537,1,0,0
0.16,0.02,0.054945,1,0,0
0.18,0.02,0.024005,1,0,0
0.2,0.02,-0.0073745,1,0,0
0.22,0.02,0.019561,1,0,0
0.24,0.02,0.019514,1,0,0
0.26,0.02,-0.0231,1,0,0
0.28,0.02,-0.026123,1,0,0
0.3,0.02,-0.069515,1,0,0
0.32,0.02,-0.076054,1,0,0
0.34,0.02,-0.021396,1,0,0
0.36,0.02,-0.0031947,1,0,0
0.38,0.02,-0.040033,1,0,0
0.4,0.02,0.016203,1,0,0
0.42,0.02,-0.0095616,1,0,0
0.44,0.02,0.055386,1,0,0
0.46,0.02,0.0048271,1,0,0
0.48,0.02,0.018102,1,0,0
0.5,0.02,0.032753,1,0,0
0.52,0.02,0.037268,1,0,0
0.54,0.02,0.057216,1,0,0
0.56,0.02,0.11599,1,0,0
0.58,0.02,-0.0076856,1,0,0
0.6,0.02,0.041931,1,0,0
0.62,0.02,0.030014,1,0,0
0.64,0.02,0.03508,1,0,0
0.66,0.02,0.020437,1,0,0
0.68,0.02,0.037958,1,0,0
0.7,0.02,0.029102,1,0,0
0.72,0.02,0.031435,1,0,0
0.74,0.02,-0.0033054,1,0,0
0.76,0.02,0.040341,1,0,0
0.78,0.02,0.034421,1,0,0
0.8,0.02,-0.0099956,1,0,0
0.82,0.02,-0.010169,1,0,0
0.84,0.02,-0.080645,1,0,0
0.86,0.02,-0.037907,1,0,0
0.88,0.02,-0.050757,1,0,0
0.9,0.02,-0.087358,1,0,0
0.92,0.02,-0.073476,1,0,0
0.94,0.02,0.012961,1,0,0
0.96,0.02,-0.052961,1,0,0
0.98,0.02,0.0080779,1,0,0
0.02,0.04,0.028839,1,0,0
0.04,0.04,0.028854,1,0,0
0.06,0.04,0.0017162,1,0,0
0.08,0.04,0.010445,1,0,0
0.1,0.04,0.0072981,1,0,0
0.12,0.04,0.060473,1,0,0
0.14,0.04,0.020002,1,0,0
0.16,0.04,0.077562,1,0,0
0.18,0.04,0.048535,1,0,0
0.2,0.04,0.019444,1,0,0
0.22,0.04,-0.015602,1,0,0
0.24,0.04,0.031174,1,0,0
0.26,0.04,0.00052053,1,0,0
0.28,0.04,-0.010714,1,0,0
0.3,0.04,-0.065358,1,0,0
0.32,0.04,-0.0061416,1,0,0
0.34,0.04,-0.019551,1,0,0
0.36,0.04,0.0072017,1,0,0
0.38,0.04,0.014572,1,0,0
0.4,0.04,0.0029219,1,0,0
0.42,0.04,0.032505,1,0,0
0.44,0.04,0.087074,1,0,0
0.46,0.04,0.030048,1,0,0
0.48,0.04,0.015417,1,0,0
0.5,0.04,0.030089,1,0,0
0.52,0.04,0.06022,1,0,0
0.54,0.04,0.066997,1,0,0
0.56,0.04,0.015225,1,0,0
0.58,0.04,0.009088,1,0,0
0.6,0.04,-0.020807,1,0,0
0.62,0.04,0.081281,1,0,0
0.64,0.04,0.015096,1,0,0
0.66,0.04,0.023443,1,0,0
0.68,0.04,0.0271,1,0,0
0.7,0.04,0.065598,1,0,0
0.72,0.04,0.028302,1,0,0
0.74,0.04,-0.052552,1,0,0
0.76,0.04,0.040949,1,0,0
0.78,0.04,-0.012097,1,0,0
0.8,0.04,0.024227,1,0,0
0.82,0.04,0.010689,1,0,0
0.84,0.04,-0.021083,1,0,0
0.86,0.04,-0.022688,1,0,0
0.88,0.04,-0.055491,1,0,0
0.9,0.04,-0.065395,1,0,0
0.92,0.04,-0.012596,1,0,0
0.94,0.04,-0.036626,1,0,0
0.96,0.04,-0.038578,1,0,0
0.98,0.04,-0.0038789,1,0,0
0.02,0.06,0.010097,1,0,0
0.04,0.06,-0.00028449,1,0,0
0.06,0.06,0.010658,1,0,0
0.08,0.06,0.038493,1,0,0
0.1,0.06,-0.0094186,1,0,0
0.12,0.06,-0.028785,1,0,0
0.14,0.06,0.027814,1,0,0
0.16,0.06,0.02811,1,0,0
0.18,0.06,0.010956,1,0,0
0.2,0.06,-0.037556,1,0,0
0.22,0.06,-0.038152,1,0,0
0.24,0.06,-0.036623,1,0,0
0.26,0.06,-0.04797,1,0,0
0.28,0.06,-0.025267,1,0,0
0.3,0.06,-0.025749,1,0,0
0.32,0.06,-0.011837,1,0,0
0.34,0.06,0.019055,1,0,0
0.36,0.06,0.012798,1,0,0
0.38,0.06,-0.034224,1,0,0
0.4,0.06,0.0055864,1,0,0
0.42,0.06,0.052167,1,0,0
0.44,0.06,0.034703,1,0,0
0.46,0.06,-0.0022191,1,0,0
0.48,0.06,0.019318,1,0,0
0.5,0.06,0.013271,1,0,0
0.52,0.06,0.044271,1,0,0
0.54,0.06,-0.0026359,1,0,0
0.56,0.06,-0.0085846,1,0,0
0.58,0.06,0.021712,1,0,0
0.6,0.06,0.021392,1,0,0
0.62,0.06,0.064798,1,0,0
0.64,0.06,0.040134,1,0,0
0.66,0.06,0.044486,1,0,0
0.68,0.06,0.028733,1,0,0
0.7,0.06,-0.00065625,1,0,0
0.72,0.06,0.046613,1,0,0
0.74,0.06,-0.023371,1,0,0
0.76,0.06,0.0078342,1,0,0
0.78,0.06,-0.078538,1,0,0
0.8,0.06,0.010447,1,0,0
0.82,0.06,0.016494,1,0,0
0.84,0.06,-0.046441,1,0,0
0.86,0.06,-0.037394,1,0,0
0.88,0.06,-0.013739,1,0,0
0.9,0.06,-0.061716,1,0,0
0.92,0.06,-0.046465,1,0,0
0.94,0.06,-0.080395,1,0,0
0.96,0.06,-0.045004,1,0,0
0.98,0.06,-0.0018891,1,0,0
0.02,0.08,0.010929,1,0,0
0.04,0.08,0.048183,1,0,0
0.06,0.08,0.029234,1,0,0
0.08,0.08,0.0066925,1,0,0
0.1,0.08,0.029015,1,0,0
0.12,0.08,-0.0045433,1,0,0
0.14,0.08,0.0022867,1,0,0
0.16,0.08,0.043991,1,0,0
0.18,0.08,0.058314,1,0,0
0.2,0.08,-0.015011,1,0,0
0.22,0.08,-0.032873,1,0,0
0.24,0.08,-0.016985,1,0,0
0.26,0.08,-0.015586,1,0,0
0.28,0.08,0.0059258,1,0,0
0.3,0.08,0.02844,1,0,0
0.32,0.08,0.021075,1,0,0
0.34,0.08,-0.014733,1,0,0
0.36,0.08,0.007189,1,0,0
0.38,0.08,0.018886,1,0,0
0.4,0.08,-0.015154,1,0,0
0.42,0.08,0.035272,1,0,0
0.44,0.08,0.03102,1,0,0
0.46,0.08,0.069936,1,0,0
0.48,0.08,0.02538,1,0,0
0.5,0.08,0.08255,1,0,0
0.52,0.08,0.060304,1,0,0
0.54,0.08,0.035608,1,0,0
0.56,0.08,-0.017132,1,0,0
0.58,0.08,0.039503,1,0,0
0.6,0.08,0.032094,1,0,0
0.62,0.08,0.0014003,1,0,0
0.64,0.08,0.047866,1,0,0
0.66,0.08,0.032817,1,0,0
0.68,0.08,0.014059,1,0,0
0.7,0.08,0.056995,1,0,0
0.72,0.08,0.065121,1,0,0
0.74,0.08,-0.027659,1,0,0
0.76,0.08,-0.015758,1,0,0
0.78,0.08,0.0079611,1,0,0
0.8,0.08,-0.012061,1,0,0
0.82,0.08,-0.03291,1,0,0
0.84,0.08,-0.040914,1,0,0
0.86,0.08,-0.056406,1,0,0
0.88,0.08,-0.011885,1,0,0
0.9,0.08,-0.032175,1,0,0
0.92,0.08,0.0047265,1,0,0
0.94,0.08,-0.061843,1,0,0
0.96,0.08,-0.054498,1,0,0
0.98,0.08,-0.020518,1,0,0
0.02,0.1,0.043632,1,0,0
0.04,0.1,0.024829,1,0,0
0.06,0.1,0.0038331,1,0,0
0.08,0.1,-0.011215,1,0,0
0.1,0.1,-0.0067899,1,0,0
0.12,0.1,-0.04167,1,0,0
0.14,0.1,-0.032486,1,0,0
0.16,0.1,0.0014952,1,0,0
0.18,0.1,0.0166,1,0,0
0.2,0.1,0.01556,1,0,0
0.22,0.1,-0.034375,1,0,0
0.24,0.1,-0.019129,1,0,0
0.26,0.1,0.014178,1,0,0
0.28,0.1,0.036937,1,0,0
0.3,0.1,-0.065979,1,0,0
0.32,0.1,0.0013508,1,0,0
0.34,0.1,0.041101,1,0,0
0.36,0.1,-0.0095782,1,0,0
0.38,0.1,-0.022228,1,0,0
0.4,0.1,-0.011958,1,0,0
0.42,0.1,0.051155,1,0,0
0.44,0.1,0.0064986,1,0,0
0.46,0.1,0.041225,1,0,0
0.48,0.1,0.0226,1,0,0
0.5,0.1,-0.0023037,1,0,0
0.52,0.1,-0.010075,1,0,0
0.54,0.1,0.033572,1,0,0
0.56,0.1,-0.048314,1,0,0
0.58,0.1,0.0054582,1,0,0
0.6,0.1,-0.0072628,1,0,0
0.62,0.1,0.018936,1,0,0
0.64,0.1,0.032422,1,0,0
0.66,0.1,-0.032996,1,0,0
0.68,0.1,-0.0020373,1,0,0
0.7,0.1,0.016699,1,0,0
0.72,0.1,0.027062,1,0,0
0.74,0.1,-0.081066,1,0,0
0.76,0.1,0.026775,1,0,0
0.78,0.1,-0.026627,1,0,0
0.8,0.1,0.00078164,1,0,0
0.82,0.1,-0.037864,1,0,0
0.84,0.1,-0.070042,1,0,0
0.86,0.1,-0.060173,1,0,0
0.88,0.1,-0.066064,1,0,0
0.9,0.1,-0.064599,1,0,0
0.92,0.1,-0.03567,1,0,0
0.94,0.1,-0.055143,1,0,0
0.96,0.1,-0.053528,1,0,0
0.98,0.1,-0.0067038,1,0,0
0.02,0.12,0.011446,1,0,0
0.04,0.12,0.033389,1,0,0
0.06,0.12,-0.055852,1,0,0
0.08,0.12,0.0031279,1,0,0
0.1,0.12,0.0025306,1,0,0
0.12,0.12,-0.056718,1,0,0
0.14,0.12,-0.0081843,1,0,0
0.16,0.12,-0.027221,1,0,0
0.18,0.12,-0.058684,1,0,0
0.2,0.12,-0.009477,1,0,0
0.22,0.12,-0.0089723,1,0,0
0.24,0.12,-0.029977,1,0,0
0.26,0.12,0.041686,1,0,0
0.28,0.12,0.043593,1,0,0
0.3,0.12,0.023669,1,0,0
0.32,0.12,0.02857,1,0,0
0.34,0.12,0.073614,1,0,0
0.36,0.12,-0.027165,1,0,0
0.38,0.12,-0.053546,1,0,0
0.4,0.12,-0.031233,1,0,0
0.42,0.12,0.039434,1,0,0
0.44,0.12,-0.015792,1,0,0
0.46,0.12,-0.031059,1,0,0
0.48,0.12,0.038572,1,0,0
0.5,0.12,-0.033827,1,0,0
0.52,0.12,0.067195,1,0,0
0.54,0.12,0.051146,1,0,0
0.56,0.12,-0.021446,1,0,0
0.58,0.12,0.011791,1,0,0
0.6,0.12,-0.009661,1,0,0
0.62,0.12,0.03625,1,0,0
0.64,0.12,0.014389,1,0,0
0.66,0.12,-0.020353,1,0,0
0.68,0.12,-0.017016,1,0,0
0.7,0.12,0.018992,1,0,0
0.72,0.12,0.015501,1,0,0
0.74,0.12,-0.049015,1,0,0
0.76,0.12,0.022006,1,0,0
0.78,0.12,-0.038467,1,0,0
0.8,0.12,-0.075797,1,0,0
0.82,0.12,-0.020846,1,0,0
0.84,0.12,-0.081143,1,0,0
0.86,0.12,-0.025325,1,0,0
0.88,0.12,-0.069915,1,0,0
0.9,0.12,0.027555,1,0,0
0.92,0.12,-0.011936,1,0,0
0.94,0.12,-0.0051765,1,0,0
0.96,0.12,-0.064655,1,0,0
0.98,0.12,-0.025754,1,0,0
0.02,0.14,0.019037,1,0,0
0.04,0.14,0.075029,1,0,0
0.06,0.14,0.046679,1,0,0
0.08,0.14,0.047121,1,0,0
0.1,0.14,0.052108,1,0,0
0.12,0.14,0.007286,1,0,0
0.14,0.14,-0.072116,1,0,0
0.16,0.14,0.064795,1,0,0
0.18,0.14,-0.016025,1,0,0
0.2,0.14,0.011147,1,0,0
0.22,0.14,0.0095073,1,0,0
0.24,0.14,0.02587,1,0,0
0.26,0.14,0.026689,1,0,0
0.28,0.14,0.042921,1,0,0
0.3,0.14,0.060281,1,0,0
0.32,0.14,0.033325,1,0,0
0.34,0.14,0.040882,1,0,0
0.36,0.14,0.04723,1,0,0
0.38,0.14,0.039683,1,0,0
0.4,0.14,0.032654,1,0,0
0.42,0.14,0.05351,1,0,0
0.44,0.14,0.036422,1,0,0
0.46,0.14,0.034073,1,0,0
0.48,0.14,0.052965,1,0,0
0.5,0.14,-0.010444,1,0,0
0.52,0.14,0.056088,1,0,0
0.54,0.14,0.0054059,1,0,0
0.56,0.14,-0.037875,1,0,0
0.58,0.14,0.072476,1,0,0
0.6,0.14,0.0017694,1,0,0
0.62,0.14,-0.004414,1,0,0
0.64,0.14,0.010282,1,0,0
0.66,0.14,0.0086645,1,0,0
0.68,0.14,-0.01694,1,0,0
0.7,0.14,0.04465,1,0,0
0.72,0.14,0.035845,1,0,0
0.74,0.14,0.038939,1,0,0
0.76,0.14,0.006716,1,0,0
0.78,0.14,0.0096178,1,0,0
0.8,0.14,-0.052019,1,0,0
0.82,0.14,-0.076977,1,0,0
0.84,0.14,-0.069586,1,0,0
0.86,0.14,-0.048095,1,0,0
0.88,0.14,-0.043863,1,0,0
0.9,0.14,0.0082746,1,0,0
0.92,0.14,-0.033911,1,0,0
0.94,0.14,-0.027034,1,0,0
0.96,0.14,0.007939,1,0,0
0.98,0.14,0.068941,1,0,0
0.02,0.16,0.029356,1,0,0
0.04,0.16,0.037445,1,0,0
0.06,0.16,0.029024,1,0,0
0.08,0.16,0.039622,1,0,0
0.1,0.16,0.051909,1,0,0
0.12,0.16,0.012064,1,0,0
0.14,0.16,0.014709,1,0,0
0.16,0.16,0.0051353,1,0,0
0.18,0.16,-0.012323,1,0,0
0.2,0.16,0.025485,1,0,0
0.22,0.16,0.049202,1,0,0
0.24,0.16,0.01669,1,0,0
0.26,0.16,-0.0090141,1,0,0
0.28,0.16,0.049546,1,0,0
0.3,0.16,-0.01837,1,0,0
0.32,0.16,0.010572,1,0,0
0.34,0.16,0.015695,1,0,0
0.36,0.16,0.068772,1,0,0
0.38,0.16,0.024652,1,0,0
0.4,0.16,0.067023,1,0,0
0.42,0.16,0.077107,1,0,0
0.44,0.16,0.079908,1,0,0
0.46,0.16,0.054645,1,0,0
0.48,0.16,0.024924,1,0,0
0.5,0.16,0.008948,1,0,0
0.52,0.16,-0.013617,1,0,0
0.54,0.16,0.023117,1,0,0
0.56,0.16,-0.030151,1,0,0
0.58,0.16,0.022877,1,0,0
0.6,0.16,0.01101,1,0,0
0.62,0.16,0.029612,1,0,0
0.64,0.16,0.018501,1,0,0
0.66,0.16,0.070504,1,0,0
0.68,0.16,0.03124,1,0,0
0.7,0.16,0.027535,1,0,0
0.72,0.16,0.017544,1,0,0
0.74,0.16,0.014268,1,0,0
0.76,0.16,0.014978,1,0,0
0.78,0.16,0.004613,1,0,0
0.8,0.16,-0.0056007,1,0,0
0.82,0.16,-0.013474,1,0,0
0.84,0.16,-0.037154,1,0,0
0.86,0.16,-0.025368,1,0,0
0.88,0.16,0.0014589,1,0,0
0.9,0.16,-0.0086538,1,0,0
0.92,0.16,-0.0037416,1,0,0
0.94,0.16,0.05955,1,0,0
0.96,0.16,0.010701,1,0,0
0.98,0.16,0.03978,1,0,0
0.02,0.18,0.028524,1,0,0
0.04,0.18,0.02805,1,0,0
0.06,0.18,0.028422,1,0,0
0.08,0.18,-0.0049658,1,0,0
0.1,0.18,0.043555,1,0,0
0.12,0.18,0.029019,1,0,0
0.14,0.18,0.00065637,1,0,0
0.16,0.18,-0.007175,1,0,0
0.18,0.18,-0.001483,1,0,0
0.2,0.18,-0.035405,1,0,0
0.22,0.18,0.013006,1,0,0
0.24,0.18,-0.015204,1,0,0
0.26,0.18,0.04564,1,0,0
0.28,0.18,0.05846,1,0,0
0.3,0.18,0.016758,1,0,0
0.32,0.18,0.024038,1,0,0
0.34,0.18,0.039485,1,0,0
0.36,0.18,0.019142,1,0,0
0.38,0.18,0.037861,1,0,0
0.4,0.18,0.0020975,1,0,0
0.42,0.18,0.039935,1,0,0
0.44,0.18,0.045228,1,0,0
0.46,0.18,0.0089814,1,0,0
0.48,0.18,0.033064,1,0,0
0.5,0.18,-0.016126,1,0,0
0.52,0.18,0.02761,1,0,0
0.54,0.18,0.0059449,1,0,0
0.56,0.18,0.0068946,1,0,0
0.58,0.18,0.019296,1,0,0
0.6,0.18,-0.0068124,1,0,0
0.62,0.18,0.023347,1,0,0
0.64,0.18,0.016521,1,0,0
0.66,0.18,-0.01287,1,0,0
0.68,0.18,-0.00053621,1,0,0
0.7,0.18,0.04541,1,0,0
0.72,0.18,-0.051729,1,0,0
0.74,0.18,-0.024621,1,0,0
0.76,0.18,0.013479,1,0,0
0.78,0.18,0.018621,1,0,0
0.8,0.18,-0.048016,1,0,0
0.82,0.18,-0.013693,1,0,0
0.84,0.18,-0.029451,1,0,0
0.86,0.18,0.045205,1,0,0
0.88,0.18,-0.069288,1,0,0
0.9,0.18,0.016596,1,0,0
0.92,0.18,0.0067587,1,0,0
0.94,0.18,-0.013078,1,0,0
0.96,0.18,-0.019862,1,0,0
0.98,0.18,-0.024097,1,0,0
0.02,0.2,0.11448,1,0,0
0.04,0.2,0.077396,1,0,0
0.06,0.2,0.047958,1,0,0
0.08,0.2,0.043377,1,0,0
0.1,0.2,0.031103,1,0,0
0.12,0.2,0.047666,1,0,0
0.14,0.2,0.03514,1,0,0
0.16,0.2,0.049961,1,0,0
0.18,0.2,0.031342,1,0,0
0.2,0.2,0.029273,1,0,0
0.22,0.2,0.026778,1,0,0
0.24,0.2,0.020786,1,0,0
0.26,0.2,0.027541,1,0,0
0.28,0.2,0.025135,1,0,0
0.3,0.2,0.033243,1,0,0
0.32,0.2,0.026626,1,0,0
0.34,0.2,0.052623,1,0,0
0.36,0.2,0.015566,1,0,0
0.38,0.2,0.032427,1,0,0
0.4,0.2,0.056804,1,0,0
0.42,0.2,0.10612,1,0,0
0.44,0.2,0.082339,1,0,0
0.46,0.2,0.083917,1,0,0
0.48,0.2,0.034368,1,0,0
0.5,0.2,0.029065,1,0,0
0.52,0.2,0.032868,1,0,0
0.54,0.2,0.0060775,1,0,0
0.56,0.2,0.034189,1,0,0
0.58,0.2,0.0018694,1,0,0
0.6,0.2,0.049497,1,0,0
0.62,0.2,0.056199,1,0,0
0.64,0.2,0.052685,1,0,0
0.66,0.2,0.013497,1,0,0
0.68,0.2,0.00011289,1,0,0
0.7,0.2,0.033378,1,0,0
0.72,0.2,0.058178,1,0,0
0.74,0.2,0.031283,1,0,0
0.76,0.2,0.026163,1,0,0
0.78,0.2,0.019717,1,0,0
0.8,0.2,-0.019517,1,0,0
0.82,0.2,-0.002294,1,0,0
0.84,0.2,0.028245,1,0,0
0.86,0.2,0.057313,1,0,0
0.88,0.2,0.021572,1,0,0
0.9,0.2,0.0055927,1,0,0
0.92,0.2,0.035592,1,0,0
0.94,0.2,0.0099417,1,0,0
0.96,0.2,-0.045398,1,0,0
0.98,0.2,-0.032605,1,0,0
0.02,0.22,0.025711,1,0,0
0.04,0.22,0.030273,1,0,0
0.06,0.22,0.096093,1,0,0
0.08,0.22,0.029595,1,0,0
0.1,0.22,-0.0069341,1,0,0
0.12,0.22,0.047533,1,0,0
0.14,0.22,-0.012353,1,0,0
0.16,0.22,0.018616,1,0,0
0.18,0.22,0.057765,1,0,0
0.2,0.22,0.0034046,1,0,0
0.22,0.22,-0.00086643,1,0,0
0.24,0.22,-0.067257,1,0,0
0.26,0.22,0.0096779,1,0,0
0.28,0.22,0.021531,1,0,0
0.3,0.22,0.015238,1,0,0
0.32,0.22,-0.012413,1,0,0
0.34,0.22,-0.011011,1,0,0
0.36,0.22,0.013498,1,0,0
0.38,0.22,0.055378,1,0,0
0.4,0.22,0.075836,1,0,0
0.42,0.22,0.049083,1,0,0
0.44,0.22,0.028079,1,0,0
0.46,0.22,0.079685,1,0,0
0.48,0.22,0.064195,1,0,0
0.5,0.22,0.030903,1,0,0
0.52,0.22,-0.037778,1,0,0
0.54,0.22,-0.011949,1,0,0
0.56,0.22,0.039368,1,0,0
0.58,0.22,0.017313,1,0,0
0.6,0.22,0.043368,1,0,0
0.62,0.22,0.038127,1,0,0
0.64,0.22,0.022563,1,0,0
0.66,0.22,0.033843,1,0,0
0.68,0.22,0.084548,1,0,0
0.7,0.22,0.068921,1,0,0
0.72,0.22,-0.013528,1,0,0
0.74,0.22,0.026702,1,0,0
0.76,0.22,0.027506,1,0,0
0.78,0.22,0.043103,1,0,0
0.8,0.22,0.0066607,1,0,0
0.82,0.22,0.0077022,1,0,0
0.84,0.22,0.013491,1,0,0
0.86,0.22,0.034763,1,0,0
0.88,0.22,0.040566,1,0,0
0.9,0.22,0.025331,1,0,0
0.92,0.22,-0.010321,1,0,0
0.94,0.22,0.0071362,1,0,0
0.96,0.22,-0.051735,1,0,0
0.98,0.22,-0.021966,1,0,0
0.02,0.24,0.028281,1,0,0
0.04,0.24,0.037799,1,0,0
0.06,0.24,0.0064533,1,0,0
0.08,0.24,0.089824,1,0,0
0.1,0.24,0.017635,1,0,0
0.12,0.24,0.060359,1,0,0
0.14,0.24,0.0079812,1,0,0
0.16,0.24,-0.0074769,1,0,0
0.18,0.24,0.0011262,1,0,0
0.2,0.24,-0.047245,1,0,0
0.22,0.24,-0.018086,1,0,0
0.24,0.24,0.0079855,1,0,0
0.26,0.24,0.027753,1,0,0
0.28,0.24,0.017711,1,0,0
0.3,0.24,0.025725,1,0,0
0.32,0.24,0.0036709,1,0,0
0.34,0.24,0.0079487,1,0,0
0.36,0.24,-0.011686,1,0,0
0.38,0.24,0.020535,1,0,0
0.4,0.24,0.0031096,1,0,0
0.42,0.24,0.005489,1,0,0
0.44,0.24,0.060157,1,0,0
0.46,0.24,-0.00079117,1,0,0
0.48,0.24,0.0046053,1,0,0
0.5,0.24,0.019626,1,0,0
0.52,0.24,0.039679,1,0,0
0.54,0.24,-0.016865,1,0,0
0.56,0.24,0.017381,1,0,0
0.58,0.24,-0.053494,1,0,0
0.6,0.24,0.018905,1,0,0
0.62,0.24,0.0023589,1,0,0
0.64,0.24,0.022585,1,0,0
0.66,0.24,0.076092,1,0,0
0.68,0.24,0.063139,1,0,0
0.7,0.24,0.029288,1,0,0
0.72,0.24,-0.019257,1,0,0
0.74,0.24,-0.0022046,1,0,0
0.76,0.24,-0.037574,1,0,0
0.78,0.24,-0.077055,1,0,0
0.8,0.24,-0.023579,1,0,0
0.82,0.24,0.041293,1,0,0
0.84,0.24,-0.028669,1,0,0
0.86,0.24,0.016307,1,0,0
0.88,0.24,0.034477,1,0,0
0.9,0.24,-0.039854,1,0,0
0.92,0.24,-0.031353,1,0,0
0.94,0.24,0.012048,1,0,0
0.96,0.24,-0.034377,1,0,0
0.98,0.24,-0.038664,1,0,0
0.02,0.26,0.034407,1,0,0
0.04,0.26,0.042426,1,0,0
0.06,0.26,0.025461,1,0,0
0.08,0.26,0.055819,1,0,0
0.1,0.26,0.036119,1,0,0
0.12,0.26,0.065795,1,0,0
0.14,0.26,-0.01467,1,0,0
0.16,0.26,0.0084909,1,0,0
0.18,0.26,-0.025792,1,0,0
0.2,0.26,-0.020775,1,0,0
0.22,0.26,-0.07749,1,0,0
0.24,0.26,-0.012693,1,0,0
0.26,0.26,-0.031289,1,0,0
0.28,0.26,0.0091455,1,0,0
0.3,0.26,-0.028395,1,0,0
0.32,0.26,0.006833,1,0,0
0.34,0.26,-0.023257,1,0,0
0.36,0.26,0.010717,1,0,0
0.38,0.26,0.00088457,1,0,0
0.4,0.26,0.019994,1,0,0
0.42,0.26,-0.018701,1,0,0
0.44,0.26,0.022427,1,0,0
0.46,0.26,-0.022224,1,0,0
0.48,0.26,-0.035373,1,0,0
0.5,0.26,0.0069397,1,0,0
0.52,0.26,0.02418,1,0,0
0.54,0.26,0.07885,1,0,0
0.56,0.26,-0.033756,1,0,0
0.58,0.26,0.021845,1,0,0
0.6,0.26,-0.016142,1,0,0
0.62,0.26,0.049849,1,0,0
0.64,0.26,0.032374,1,0,0
0.66,0.26,0.085,1,0,0
0.68,0.26,0.081621,1,0,0
0.7,0.26,0.078639,1,0,0
0.72,0.26,0.006772,1,0,0
0.74,0.26,-0.032355,1,0,0
0.76,0.26,0.027323,1,0,0
0.78,0.26,-0.02968,1,0,0
0.8,0.26,0.046897,1,0,0
0.82,0.26,-0.0261,1,0,0
0.84,0.26,-0.034387,1,0,0
0.86,0.26,-0.02407,1,0,0
0.88,0.26,-0.034495,1,0,0
0.9,0.26,-0.047844,1,0,0
0.92,0.26,-0.032537,1,0,0
0.94,0.26,0.027558,1,0,0
0.96,0.26,-0.041371,1,0,0
0.98,0.26,0.03818,1,0,0
0.02,0.28,0.031555,1,0,0
0.04,0.28,0.02979,1,0,0
0.06,0.28,-0.009104,1,0,0
0.08,0.28,0.024457,1,0,0
0.1,0.28,0.021593,1,0,0
0.12,0.28,0.060947,1,0,0
0.14,0.28,-0.014391,1,0,0
0.16,0.28,0.041252,1,0,0
0.18,0.28,0.032027,1,0,0
0.2,0.28,0.030022,1,0,0
0.22,0.28,-0.053918,1,0,0
0.24,0.28,-0.018202,1,0,0
0.26,0.28,-0.035664,1,0,0
0.28,0.28,-0.042525,1,0,0
0.3,0.28,-0.029672,1,0,0
0.32,0.28,-0.0049563,1,0,0
0.34,0.28,0.0063307,1,0,0
0.36,0.28,-0.0095924,1,0,0
0.38,0.28,-0.04465,1,0,0
0.4,0.28,0.0016935,1,0,0
0.42,0.28,-0.018879,1,0,0
0.44,0.28,-0.033951,1,0,0
0.46,0.28,-0.0074641,1,0,0
0.48,0.28,0.026592,1,0,0
0.5,0.28,0.038094,1,0,0
0.52,0.28,0.028516,1,0,0
0.54,0.28,0.053675,1,0,0
0.56,0.28,0.06377,1,0,0
0.58,0.28,0.024905,1,0,0
0.6,0.28,0.034881,1,0,0
0.62,0.28,0.035943,1,0,0
0.64,0.28,0.078416,1,0,0
0.66,0.28,0.016554,1,0,0
0.68,0.28,0.02481,1,0,0
0.7,0.28,0.048804,1,0,0
0.72,0.28,-0.0038042,1,0,0
0.74,0.28,-0.012344,1,0,0
0.76,0.28,0.034654,1,0,0
0.78,0.28,0.036833,1,0,0
0.8,0.28,0.0025806,1,0,0
0.82,0.28,-0.0062339,1,0,0
0.84,0.28,0.0095812,1,0,0
0.86,0.28,-0.057024,1,0,0
0.88,0.28,-0.040151,1,0,0
0.9,0.28,-0.063391,1,0,0
0.92,0.28,-0.073577,1,0,0
0.94,0.28,-0.018651,1,0,0
0.96,0.28,-0.019179,1,0,0
0.98,0.28,0.071989,1,0,0
0.02,0.3,0.057173,1,0,0
0.04,0.3,0.038956,1,0,0
0.06,0.3,0.016001,1,0,0
0.08,0.3,0.097233,1,0,0
0.1,0.3,0.021564,1,0,0
0.12,0.3,0.023982,1,0,0
0.14,0.3,0.0048699,1,0,0
0.16,0.3,0.05365,1,0,0
0.18,0.3,0.01572,1,0,0
0.2,0.3,-0.0058616,1,0,0
0.22,0.3,-0.010203,1,0,0
0.24,0.3,-0.023211,1,0,0
0.26,0.3,0.0151,1,0,0
0.28,0.3,0.062088,1,0,0
0.3,0.3,0.024132,1,0,0
0.32,0.3,-0.0060174,1,0,0
0.34,0.3,0.0087128,1,0,0
0.36,0.3,0.0033515,1,0,0
0.38,0.3,-0.032291,1,0,0
0.4,0.3,-0.028684,1,0,0
0.42,0.3,0.059325,1,0,0
0.44,0.3,0.017171,1,0,0
0.46,0.3,0.028243,1,0,0
0.48,0.3,0.081359,1,0,0
0.5,0.3,0.06836,1,0,0
0.52,0.3,0.031586,1,0,0
0.54,0.3,0.0025198,1,0,0
0.56,0.3,0.043012,1,0,0
0.58,0.3,-0.0092681,1,0,0
0.6,0.3,0.028385,1,0,0
0.62,0.3,0.022902,1,0,0
0.64,0.3,0.10183,1,0,0
0.66,0.3,0.072391,1,0,0
0.68,0.3,0.11309,1,0,0
0.7,0.3,0.087049,1,0,0
0.72,0.3,0.014946,1,0,0
0.74,0.3,-0.030308,1,0,0
0.76,0.3,0.0063194,1,0,0
0.78,0.3,0.015614,1,0,0
0.8,0.3,0.010191,1,0,0
0.82,0.3,0.018304,1,0,0
0.84,0.3,-0.027892,1,0,0
0.86,0.3,-0.0097382,1,0,0
0.88,0.3,0.037484,1,0,0
0.9,0.3,-0.019335,1,0,0
0.92,0.3,0.0083621,1,0,0
0.94,0.3,0.015547,1,0,0
0.96,0.3,-0.0087618,1,0,0
0.98,0.3,0.031489,1,0,0
0.02,0.32,0.014682,1,0,0
0.04,0.32,0.031603,1,0,0
0.06,0.32,-0.04847,1,0,0
0.08,0.32,-0.061004,1,0,0
0.1,0.32,-0.0070226,1,0,0
0.12,0.32,-0.00024687,1,0,0
0.14,0.32,-0.030338,1,0,0
0.16,0.32,-0.0099527,1,0,0
0.18,0.32,0.0097969,1,0,0
0.2,0.32,-0.025706,1,0,0
0.22,0.32,-0.023689,1,0,0
0.24,0.32,-0.01353,1,0,0
0.26,0.32,-0.013319,1,0,0
0.28,0.32,0.0090109,1,0,0
0.3,0.32,-0.06297,1,0,0
0.32,0.32,-0.015582,1,0,0
0.34,0.32,-0.033814,1,0,0
0.36,0.32,-0.0060023,1,0,0
0.38,0.32,-0.047085,1,0,0
0.4,0.32,-0.052255,1,0,0
0.42,0.32,0.075307,1,0,0
0.44,0.32,0.0033523,1,0,0
0.46,0.32,-0.024698,1,0,0
0.48,0.32,-0.0052145,1,0,0
0.5,0.32,0.02598,1,0,0
0.52,0.32,0.011491,1,0,0
0.54,0.32,0.026669,1,0,0
0.56,0.32,0.0024777,1,0,0
0.58,0.32,0.043721,1,0,0
0.6,0.32,0.0068883,1,0,0
0.62,0.32,0.049991,1,0,0
0.64,0.32,0.098969,1,0,0
0.66,0.32,0.010137,1,0,0
0.68,0.32,0.038725,1,0,0
0.7,0.32,0.049591,1,0,0
0.72,0.32,0.021534,1,0,0
0.74,0.32,-0.064472,1,0,0
0.76,0.32,0.037585,1,0,0
0.78,0.32,-0.027988,1,0,0
0.8,0.32,0.031717,1,0,0
0.82,0.32,-0.0053159,1,0,0
0.84,0.32,0.019927,1,0,0
0.86,0.32,0.0081706,1,0,0
0.88,0.32,0.025,1,0,0
0.9,0.32,-4.4648e-05,1,0,0
0.92,0.32,0.047088,1,0,0
0.94,0.32,0.012891,1,0,0
0.96,0.32,-0.007523,1,0,0
0.98,0.32,0.067398,1,0,0
0.02,0.34,0.0095641,1,0,0
0.04,0.34,0.061799,1,0,0
0.06,0.34,-0.0081998,1,0,0
0.08,0.34,0.018866,1,0,0
0.1,0.34,0.013972,1,0,0
0.12,0.34,0.0015641,1,0,0
0.14,0.34,0.00071255,1,0,0
0.16,0.34,0.040307,1,0,0
0.18,0.34,0.026658,1,0,0
0.2,0.34,-0.017351,1,0,0
0.22,0.34,-0.013905,1,0,0
0.24,0.34,-0.054012,1,0,0
0.26,0.34,-0.022014,1,0,0
0.28,0.34,-0.028699,1,0,0
0.3,0.34,0.0052293,1,0,0
0.32,0.34,-0.016385,1,0,0
0.34,0.34,0.01648,1,0,0
0.36,0.34,0.046223,1,0,0
0.38,0.34,-0.0011876,1,0,0
0.4,0.34,0.042073,1,0,0
0.42,0.34,0.043199,1,0,0
0.44,0.34,0.079016,1,0,0
0.46,0.34,0.0055398,1,0,0
0.48,0.34,0.0065942,1,0,0
0.5,0.34,-0.028343,1,0,0
0.52,0.34,0.047016,1,0,0
0.54,0.34,0.03328,1,0,0
0.56,0.34,-0.023358,1,0,0
0.58,0.34,0.026426,1,0,0
0.6,0.34,0.065143,1,0,0
0.62,0.34,0.027882,1,0,0
0.64,0.34,0.041567,1,0,0
0.66,0.34,0.0059802,1,0,0
0.68,0.34,0.047224,1,0,0
0.7,0.34,0.052192,1,0,0
0.72,0.34,0.079319,1,0,0
0.74,0.34,0.010749,1,0,0
0.76,0.34,0.0031446,1,0,0
0.78,0.34,-0.032606,1,0,0
0.8,0.34,0.031496,1,0,0
0.82,0.34,0.0042913,1,0,0
0.84,0.34,-0.0042261,1,0,0
0.86,0.34,-0.014028,1,0,0
0.88,0.34,0.057249,1,0,0
0.9,0.34,0.0053302,1,0,0
0.92,0.34,-0.030874,1,0,0
0.94,0.34,0.042742,1,0,0
0.96,0.34,0.0050562,1,0,0
0.98,0.34,0.031363,1,0,0
0.02,0.36,-0.053743,1,0,0
0.04,0.36,-0.027495,1,0,0
0.06,0.36,0.0029511,1,0,0
0.08,0.36,0.0079367,1,0,0
0.1,0.36,-0.0016039,1,0,0
0.12,0.36,-0.058737,1,0,0
0.14,0.36,-0.061077,1,0,0
0.16,0.36,0.0023846,1,0,0
0.18,0.36,0.012805,1,0,0
0.2,0.36,-0.0025087,1,0,0
0.22,0.36,-0.039404,1,0,0
0.24,0.36,0.0011394,1,0,0
0.26,0.36,0.011946,1,0,0
0.28,0.36,0.037463,1,0,0
0.3,0.36,-0.031497,1,0,0
0.32,0.36,-0.029499,1,0,0
0.34,0.36,-0.053614,1,0,0
0.36,0.36,-0.040737,1,0,0
0.38,0.36,-0.031466,1,0,0
0.4,0.36,0.016789,1,0,0
0.42,0.36,-0.01855,1,0,0
0.44,0.36,0.0051488,1,0,0
0.46,0.36,0.021848,1,0,0
0.48,0.36,0.054643,1,0,0
0.5,0.36,-0.0094206,1,0,0
0.52,0.36,0.015413,1,0,0
0.54,0.36,0.017515,1,0,0
0.56,0.36,-0.017832,1,0,0
0.58,0.36,0.070444,1,0,0
0.6,0.36,0.064698,1,0,0
0.62,0.36,0.034095,1,0,0
0.64,0.36,0.021548,1,0,0
0.66,0.36,0.018307,1,0,0
0.68,0.36,0.072615,1,0,0
0.7,0.36,0.081156,1,0,0
0.72,0.36,-0.0022209,1,0,0
0.74,0.36,0.011728,1,0,0
0.76,0.36,-0.045866,1,0,0
0.78,0.36,-0.018562,1,0,0
0.8,0.36,6.8683e-06,1,0,0
0.82,0.36,-0.0030846,1,0,0
0.84,0.36,0.044863,1,0,0
0.86,0.36,0.01883,1,0,0
0.88,0.36,0.082587,1,0,0
0.9,0.36,0.066232,1,0,0
0.92,0.36,0.0036182,1,0,0
0.94,0.36,0.0040174,1,0,0
0.96,0.36,0.012733,1,0,0
0.98,0.36,0.043567,1,0,0
0.02,0.38,-0.044999,1,0,0
0.04,0.38,0.0051374,1,0,0
0.06,0.38,-0.030643,1,0,0
0.08,0.38,-0.021138,1,0,0
0.1,0.38,-0.048445,1,0,0
0.12,0.38,-0.054101,1,0,0
0.14,0.38,-0.019613,1,0,0
0.16,0.38,-0.019728,1,0,0
0.18,0.38,-0.01197,1,0,0
0.2,0.38,0.0080999,1,0,0
0.22,0.38,-0.054798,1,0,0
0.24,0.38,0.033841,1,0,0
0.26,0.38,-0.00062547,1,0,0
0.28,0.38,0.079625,1,0,0
0.3,0.38,-0.032331,1,0,0
0.32,0.38,0.011117,1,0,0
0.34,0.38,-0.054695,1,0,0
0.36,0.38,-0.084457,1,0,0
0.38,0.38,-0.082295,1,0,0
0.4,0.38,-0.010029,1,0,0
0.42,0.38,-0.005828,1,0,0
0.44,0.38,0.02622,1,0,0
0.46,0.38,-0.042134,1,0,0
0.48,0.38,-0.0098928,1,0,0
0.5,0.38,-0.014483,1,0,0
0.52,0.38,0.015685,1,0,0
0.54,0.38,0.038166,1,0,0
0.56,0.38,0.013423,1,0,0
0.58,0.38,0.048856,1,0,0
0.6,0.38,0.025066,1,0,0
0.62,0.38,0.032739,1,0,0
0.64,0.38,0.012225,1,0,0
0.66,0.38,0.021711,1,0,0
0.68,0.38,0.065839,1,0,0
0.7,0.38,0.067244,1,0,0
0.72,0.38,0.0668,1,0,0
0.74,0.38,-0.011719,1,0,0
0.76,0.38,-0.011856,1,0,0
0.78,0.38,-0.055318,1,0,0
0.8,0.38,-0.017919,1,0,0
0.82,0.38,0.032283,1,0,0
0.84,0.38,0.021971,1,0,0
0.86,0.38,0.023774,1,0,0
0.88,0.38,0.02264,1,0,0
0.9,0.38,0.02797,1,0,0
0.92,0.38,0.030054,1,0,0
0.94,0.38,0.038253,1,0,0
0.96,0.38,0.012734,1,0,0
0.98,0.38,0.0424,1,0,0
0.02,0.4,-0.037165,1,0,0
0.04,0.4,-0.018778,1,0,0
0.06,0.4,0.011091,1,0,0
0.08,0.4,-0.028046,1,0,0
0.1,0.4,-0.033278,1,0,0
0.12,0.4,0.0038542,1,0,0
0.14,0.4,0.00094799,1,0,0
0.16,0.4,0.020459,1,0,0
0.18,0.4,-0.023384,1,0,0
0.2,0.4,0.0055317,1,0,0
0.22,0.4,-0.0081586,1,0,0
0.24,0.4,-0.016704,1,0,0
0.26,0.4,0.011958,1,0,0
0.28,0.4,0.067348,1,0,0
0.3,0.4,-0.027875,1,0,0
0.32,0.4,-0.071035,1,0,0
0.34,0.4,-0.027001,1,0,0
0.36,0.4,-0.064058,1,0,0
0.38,0.4,-0.058341,1,0,0
0.4,0.4,-0.037431,1,0,0
0.42,0.4,0.0017205,1,0,0
0.44,0.4,0.032194,1,0,0
0.46,0.4,-0.016307,1,0,0
0.48,0.4,0.025324,1,0,0
0.5,0.4,-0.067637,1,0,0
0.52,0.4,0.033063,1,0,0
0.54,0.4,0.021255,1,0,0
0.56,0.4,-0.0032951,1,0,0
0.58,0.4,-0.0055869,1,0,0
0.6,0.4,0.055549,1,0,0
0.62,0.4,0.054216,1,0,0
0.64,0.4,0.022573,1,0,0
0.66,0.4,-0.012727,1,0,0
0.68,0.4,0.057224,1,0,0
0.7,0.4,0.067,1,0,0
0.72,0.4,0.019968,1,0,0
0.74,0.4,0.050886,1,0,0
0.76,0.4,-0.01324,1,0,0
0.78,0.4,0.015836,1,0,0
0.8,0.4,-0.01483,1,0,0
0.82,0.4,0.00037623,1,0,0
0.84,0.4,-0.10116,1,0,0
0.86,0.4,0.036815,1,0,0
0.88,0.4,-0.00083364,1,0,0
0.9,0.4,0.026991,1,0,0
0.92,0.4,-0.02315,1,0,0
0.94,0.4,0.041638,1,0,0
0.96,0.4,0.025487,1,0,0
0.98,0.4,0.029335,1,0,0
0.02,0.42,-0.0012416,1,0,0
0.04,0.42,0.025732,1,0,0
0.06,0.42,-0.0064375,1,0,0
0.08,0.42,-0.0072612,1,0,0
0.1,0.42,-0.006032,1,0,0
0.12,0.42,0.0049891,1,0,0
0.14,0.42,-0.0066226,1,0,0
0.16,0.42,-0.017031,1,0,0
0.18,0.42,0.01007,1,0,0
0.2,0.42,-0.0019695,1,0,0
0.22,0.42,-0.019206,1,0,0
0.24,0.42,-0.001975,1,0,0
0.26,0.42,0.0089789,1,0,0
0.28,0.42,0.043036,1,0,0
0.3,0.42,0.02811,1,0,0
0.32,0.42,0.0074687,1,0,0
0.34,0.42,-0.0045496,1,0,0
0.36,0.42,-0.083283,1,0,0
0.38,0.42,-0.12296,1,0,0
0.4,0.42,-0.033597,1,0,0
0.42,0.42,-0.012787,1,0,0
0.44,0.42,0.06458,1,0,0
0.46,0.42,0.037221,1,0,0
0.48,0.42,0.019444,1,0,0
0.5,0.42,-0.0088759,1,0,0
0.52,0.42,-0.023368,1,0,0
0.54,0.42,0.02059,1,0,0
0.56,0.42,0.034645,1,0,0
0.58,0.42,0.038936,1,0,0
0.6,0.42,0.023131,1,0,0
0.62,0.42,0.078532,1,0,0
0.64,0.42,0.069216,1,0,0
0.66,0.42,0.061768,1,0,0
0.68,0.42,0.099917,1,0,0
0.7,0.42,0.077457,1,0,0
0.72,0.42,0.11256,1,0,0
0.74,0.42,0.0051069,1,0,0
0.76,0.42,0.058804,1,0,0
0.78,0.42,0.036252,1,0,0
0.8,0.42,-0.025288,1,0,0
0.82,0.42,-0.0068506,1,0,0
0.84,0.42,0.031515,1,0,0
0.86,0.42,0.052197,1,0,0
0.88,0.42,0.031314,1,0,0
0.9,0.42,0.088087,1,0,0
0.92,0.42,0.047862,1,0,0
0.94,0.42,0.10643,1,0,0
0.96,0.42,0.024424,1,0,0
0.98,0.42,0.073028,1,0,0
0.02,0.44,0.012959,1,0,0
0.04,0.44,-0.0081683,1,0,0
0.06,0.44,-0.010865,1,0,0
0.08,0.44,0.045815,1,0,0
0.1,0.44,0.0237,1,0,0
0.12,0.44,0.025071,1,0,0
0.14,0.44,0.058217,1,0,0
0.16,0.44,0.047746,1,0,0
0.18,0.44,0.055708,1,0,0
0.2,0.44,-0.018469,1,0,0
0.22,0.44,-0.028449,1,0,0
0.24,0.44,0.003074,1,0,0
0.26,0.44,0.010237,1,0,0
0.28,0.44,0.054041,1,0,0
0.3,0.44,-0.0069743,1,0,0
0.32,0.44,-0.00061186,1,0,0
0.34,0.44,0.006487,1,0,0
0.36,0.44,-0.040451,1,0,0
0.38,0.44,0.037057,1,0,0
0.4,0.44,0.028624,1,0,0
0.42,0.44,-0.0017596,1,0,0
0.44,0.44,-0.014316,1,0,0
0.46,0.44,0.02259,1,0,0
0.48,0.44,0.0078893,1,0,0
0.5,0.44,-0.025919,1,0,0
0.52,0.44,0.0028867,1,0,0
0.54,0.44,0.024388,1,0,0
0.56,0.44,0.030668,1,0,0
0.58,0.44,0.073305,1,0,0
0.6,0.44,0.038194,1,0,0
0.62,0.44,0.032852,1,0,0
0.64,0.44,0.0081104,1,0,0
0.66,0.44,0.030024,1,0,0
0.68,0.44,0.054017,1,0,0
0.7,0.44,0.052244,1,0,0
0.72,0.44,0.036103,1,0,0
0.74,0.44,0.055915,1,0,0
0.76,0.44,0.10048,1,0,0
0.78,0.44,0.099961,1,0,0
0.8,0.44,0.049807,1,0,0
0.82,0.44,-0.0093196,1,0,0
0.84,0.44,0.029017,1,0,0
0.86,0.44,0.053663,1,0,0
0.88,0.44,0.047623,1,0,0
0.9,0.44,0.029323,1,0,0
0.92,0.44,0.055546,1,0,0
0.94,0.44,0.024781,1,0,0
0.96,0.44,0.038784,1,0,0
0.98,0.44,0.089677,1,0,0
0.02,0.46,0.036402,1,0,0
0.04,0.46,0.056428,1,0,0
0.06,0.46,-0.061234,1,0,0
0.08,0.46,-0.0033507,1,0,0
0.1,0.46,0.020417,1,0,0
0.12,0.46,0.0215,1,0,0
0.14,0.46,0.030716,1,0,0
0.16,0.46,-0.015168,1,0,0
0.18,0.46,0.02526,1,0,0
0.2,0.46,-0.037151,1,0,0
0.22,0.46,0.0061184,1,0,0
0.24,0.46,0.010997,1,0,0
0.26,0.46,0.015956,1,0,0
0.28,0.46,-0.036364,1,0,0
0.3,0.46,-0.0084106,1,0,0
0.32,0.46,-0.015046,1,0,0
0.34,0.46,0.013813,1,0,0
0.36,0.46,-0.091399,1,0,0
0.38,0.46,-0.015936,1,0,0
0.4,0.46,0.0045683,1,0,0
0.42,0.46,0.0062305,1,0,0
0.44,0.46,0.019697,1,0,0
0.46,0.46,-0.012898,1,0,0
0.48,0.46,-0.037882,1,0,0
0.5,0.46,-0.040723,1,0,0
0.52,0.46,0.052341,1,0,0
0.54,0.46,0.079334,1,0,0
0.56,0.46,0.015288,1,0,0
0.58,0.46,-0.010007,1,0,0
0.6,0.46,-0.011425,1,0,0
0.62,0.46,-0.010393,1,0,0
0.64,0.46,0.021654,1,0,0
0.66,0.46,0.057367,1,0,0
0.68,0.46,0.025911,1,0,0
0.7,0.46,0.060561,1,0,0
0.72,0.46,0.058412,1,0,0
0.74,0.46,0.050734,1,0,0
0.76,0.46,0.070076,1,0,0
0.78,0.46,0.05456,1,0,0
0.8,0.46,0.03076,1,0,0
0.82,0.46,0.05081,1,0,0
0.84,0.46,0.031323,1,0,0
0.86,0.46,0.025506,1,0,0
0.88,0.46,0.027285,1,0,0
0.9,0.46,0.017121,1,0,0
0.92,0.46,0.072939,1,0,0
0.94,0.46,0.059103,1,0,0
0.96,0.46,0.030999,1,0,0
0.98,0.46,0.03461,1,0,0
0.02,0.48,0.035753,1,0,0
0.04,0.48,0.016879,1,0,0
0.06,0.48,0.023715,1,0,0
0.08,0.48,0.0045126,1,0,0
0.1,0.48,0.019661,1,0,0
0.12,0.48,0.024871,1,0,0
0.14,0.48,0.0069249,1,0,0
0.16,0.48,0.0052295,1,0,0
0.18,0.48,-0.0091083,1,0,0
0.2,0.48,0.030833,1,0,0
0.22,0.48,0.029272,1,0,0
0.24,0.48,0.0027958,1,0,0
0.26,0.48,-0.037384,1,0,0
0.28,0.48,0.027715,1,0,0
0.3,0.48,-0.061061,1,0,0
0.32,0.48,-0.098694,1,0,0
0.34,0.48,-0.017953,1,0,0
0.36,0.48,0.016066,1,0,0
0.38,0.48,-0.025436,1,0,0
0.4,0.48,-0.014172,1,0,0
0.42,0.48,-0.0049479,1,0,0
0.44,0.48,-0.0062086,1,0,0
0.46,0.48,0.037147,1,0,0
0.48,0.48,0.023314,1,0,0
0.5,0.48,0.052361,1,0,0
0.52,0.48,0.015382,1,0,0
0.54,0.48,0.06263,1,0,0
0.56,0.48,-0.0365,1,0,0
0.58,0.48,0.024541,1,0,0
0.6,0.48,-0.014456,1,0,0
0.62,0.48,0.0068692,1,0,0
0.64,0.48,0.0070042,1,0,0
0.66,0.48,0.020746,1,0,0
0.68,0.48,0.032344,1,0,0
0.7,0.48,0.029081,1,0,0
0.72,0.48,0.022028,1,0,0
0.74,0.48,0.016659,1,0,0
0.76,0.48,0.095311,1,0,0
0.78,0.48,0.07188,1,0,0
0.8,0.48,0.099451,1,0,0
0.82,0.48,0.072768,1,0,0
0.84,0.48,0.10779,1,0,0
0.86,0.48,0.068447,1,0,0
0.88,0.48,0.096495,1,0,0
0.9,0.48,0.0029925,1,0,0
0.92,0.48,-0.023943,1,0,0
0.94,0.48,0.029924,1,0,0
0.96,0.48,-0.014172,1,0,0
0.98,0.48,0.0058235,1,0,0
0.02,0.5,0.027353,1,0,0
0.04,0.5,0.0091976,1,0,0
0.06,0.5,-0.028247,1,0,0
0.08,0.5,0.033472,1,0,0
0.1,0.5,-0.0034591,1,0,0
0.12,0.5,0.0014738,1,0,0
0.14,0.5,0.029411,1,0,0
0.16,0.5,0.028052,1,0,0
0.18,0.5,0.018502,1,0,0
0.2,0.5,0.041366,1,0,0
0.22,0.5,-0.020505,1,0,0
0.24,0.5,-0.041969,1,0,0
0.26,0.5,-0.013271,1,0,0
0.28,0.5,0.02368,1,0,0
0.3,0.5,-0.027629,1,0,0
0.32,0.5,-0.044237,1,0,0
0.34,0.5,0.051422,1,0,0
0.36,0.5,0.0042092,1,0,0
0.38,0.5,-0.014074,1,0,0
0.4,0.5,0.0019377,1,0,0
0.42,0.5,0.042639,1,0,0
0.44,0.5,-0.048183,1,0,0
0.46,0.5,-0.011269,1,0,0
0.48,0.5,0.016638,1,0,0
0.5,0.5,0.013645,1,0,0
0.52,0.5,0.00087955,1,0,0
0.54,0.5,0.022037,1,0,0
0.56,0.5,-0.019457,1,0,0
0.58,0.5,0.0097038,1,0,0
0.6,0.5,-0.014036,1,0,0
0.62,0.5,-0.0029792,1,0,0
0.64,0.5,-0.0061562,1,0,0
0.66,0.5,0.02216,1,0,0
0.68,0.5,0.038732,1,0,0
0.7,0.5,-0.0033009,1,0,0
0.72,0.5,0.0026711,1,0,0
0.74,0.5,0.009272,1,0,0
0.76,0.5,0.039931,1,0,0
0.78,0.5,0.041071,1,0,0
0.8,0.5,0.05891,1,0,0
0.82,0.5,0.11653,1,0,0
0.84,0.5,0.044189,1,0,0
0.86,0.5,0.032385,1,0,0
0.88,0.5,0.031383,1,0,0
0.9,0.5,0.028194,1,0,0
0.92,0.5,-0.027261,1,0,0
0.94,0.5,0.07754,1,0,0
0.96,0.5,-0.01332,1,0,0
0.98,0.5,-0.010226,1,0,0
0.02,0.52,-0.01684,1,0,0
0.04,0.52,0.019475,1,0,0
0.06,0.52,-0.065009,1,0,0
0.08,0.52,-0.010006,1,0,0
0.1,0.52,-0.028699,1,0,0
0.12,0.52,-0.0035048,1,0,0
0.14,0.52,0.0048094,1,0,0
0.16,0.52,0.022065,1,0,0
0.18,0.52,0.061755,1,0,0
0.2,0.52,0.022448,1,0,0
0.22,0.52,-0.03185,1,0,0
0.24,0.52,-0.016082,1,0,0
0.26,0.52,-0.018092,1,0,0
0.28,0.52,-0.0045805,1,0,0
0.3,0.52,-0.022657,1,0,0
0.32,0.52,-0.018804,1,0,0
0.34,0.52,-0.017662,1,0,0
0.36,0.52,-0.04147,1,0,0
0.38,0.52,0.024296,1,0,0
0.4,0.52,0.012042,1,0,0
0.42,0.52,0.0086276,1,0,0
0.44,0.52,-0.015558,1,0,0
0.46,0.52,0.018361,1,0,0
0.48,0.52,0.043913,1,0,0
0.5,0.52,0.018147,1,0,0
0.52,0.52,0.032777,1,0,0
0.54,0.52,-0.055017,1,0,0
0.56,0.52,-0.047958,1,0,0
0.58,0.52,-0.0058944,1,0,0
0.6,0.52,0.0018612,1,0,0
0.62,0.52,-0.035286,1,0,0
0.64,0.52,0.031792,1,0,0
0.66,0.52,0.014989,1,0,0
0.68,0.52,0.00057609,1,0,0
0.7,0.52,0.033092,1,0,0
0.72,0.52,0.029873,1,0,0
0.74,0.52,0.021023,1,0,0
0.76,0.52,0.047093,1,0,0
0.78,0.52,0.060364,1,0,0
0.8,0.52,0.039518,1,0,0
0.82,0.52,0.081484,1,0,0
0.84,0.52,0.025951,1,0,0
0.86,0.52,0.058391,1,0,0
0.88,0.52,0.028683,1,0,0
0.9,0.52,0.050236,1,0,0
0.92,0.52,0.034568,1,0,0
0.94,0.52,0.057029,1,0,0
0.96,0.52,-0.020152,1,0,0
0.98,0.52,0.028508,1,0,0
0.02,0.54,0.050086,1,0,0
0.04,0.54,0.022228,1,0,0
0.06,0.54,0.0098495,1,0,0
0.08,0.54,0.013025,1,0,0
0.1,0.54,0.010519,1,0,0
0.12,0.54,0.055722,1,0,0
0.14,0.54,0.0098206,1,0,0
0.16,0.54,0.053589,1,0,0
0.18,0.54,0.029074,1,0,0
0.2,0.54,0.044007,1,0,0
0.22,0.54,-0.026998,1,0,0
0.24,0.54,-0.022171,1,0,0
0.26,0.54,0.019229,1,0,0
0.28,0.54,0.029345,1,0,0
0.3,0.54,0.0081498,1,0,0
0.32,0.54,0.045759,1,0,0
0.34,0.54,0.044219,1,0,0
0.36,0.54,0.0035831,1,0,0
0.38,0.54,-0.023675,1,0,0
0.4,0.54,0.022038,1,0,0
0.42,0.54,0.0353,1,0,0
0.44,0.54,0.023806,1,0,0
0.46,0.54,0.040811,1,0,0
0.48,0.54,0.052302,1,0,0
0.5,0.54,0.028915,1,0,0
0.52,0.54,0.0097286,1,0,0
0.54,0.54,0.038035,1,0,0
0.56,0.54,-0.086124,1,0,0
0.58,0.54,-0.023494,1,0,0
0.6,0.54,-0.022357,1,0,0
0.62,0.54,0.047949,1,0,0
0.64,0.54,0.049929,1,0,0
0.66,0.54,0.032499,1,0,0
0.68,0.54,0.0078076,1,0,0
0.7,0.54,0.076085,1,0,0
0.72,0.54,0.032003,1,0,0
0.74,0.54,0.019615,1,0,0
0.76,0.54,0.042971,1,0,0
0.78,0.54,0.034678,1,0,0
0.8,0.54,0.063252,1,0,0
0.82,0.54,0.032809,1,0,0
0.84,0.54,0.042395,1,0,0
0.86,0.54,0.019628,1,0,0
0.88,0.54,0.020868,1,0,0
0.9,0.54,0.046988,1,0,0
0.92,0.54,0.044427,1,0,0
0.94,0.54,0.070848,1,0,0
0.96,0.54,-0.042992,1,0,0
0.98,0.54,0.0054115,1,0,0
0.02,0.56,-0.016831,1,0,0
0.04,0.56,-0.037413,1,0,0
0.06,0.56,-0.029587,1,0,0
0.08,0.56,0.010322,1,0,0
0.1,0.56,0.01645,1,0,0
0.12,0.56,0.026245,1,0,0
0.14,0.56,-0.048625,1,0,0
0.16,0.56,0.0077872,1,0,0
0.18,0.56,0.069914,1,0,0
0.2,0.56,0.032458,1,0,0
0.22,0.56,0.020221,1,0,0
0.24,0.56,0.037506,1,0,0
0.26,0.56,0.022416,1,0,0
0.28,0.56,-0.021267,1,0,0
0.3,0.56,0.0089915,1,0,0
0.32,0.56,-0.0034212,1,0,0
0.34,0.56,0.0251,1,0,0
0.36,0.56,0.02349,1,0,0
0.38,0.56,-0.012492,1,0,0
0.4,0.56,-0.026188,1,0,0
0.42,0.56,-0.015274,1,0,0
0.44,0.56,0.046625,1,0,0
0.46,0.56,0.013014,1,0,0
0.48,0.56,0.0095897,1,0,0
0.5,0.56,0.019478,1,0,0
0.52,0.56,0.026278,1,0,0
0.54,0.56,-0.015596,1,0,0
0.56,0.56,0.025308,1,0,0
0.58,0.56,0.045046,1,0,0
0.6,0.56,0.046774,1,0,0
0.62,0.56,0.052095,1,0,0
0.64,0.56,0.025361,1,0,0
0.66,0.56,0.015047,1,0,0
0.68,0.56,-0.018333,1,0,0
0.7,0.56,-0.003236,1,0,0
0.72,0.56,-0.0074405,1,0,0
0.74,0.56,-0.0070876,1,0,0
0.76,0.56,0.017128,1,0,0
0.78,0.56,0.056423,1,0,0
0.8,0.56,0.058428,1,0,0
0.82,0.56,0.041659,1,0,0
0.84,0.56,0.050617,1,0,0
0.86,0.56,0.041973,1,0,0
0.88,0.56,0.049078,1,0,0
0.9,0.56,-0.0084238,1,0,0
0.92,0.56,-0.017367,1,0,0
0.94,0.56,0.0032863,1,0,0
0.96,0.56,-0.0604,1,0,0
0.98,0.56,0.0073946,1,0,0
0.02,0.58,-0.041384,1,0,0
0.04,0.58,-0.014883,1,0,0
0.06,0.58,0.039781,1,0,0
0.08,0.58,0.029954,1,0,0
0.1,0.58,0.03231,1,0,0
0.12,0.58,0.018165,1,0,0
0.14,0.58,0.029141,1,0,0
0.16,0.58,-0.012773,1,0,0
0.18,0.58,0.048838,1,0,0
0.2,0.58,-0.011414,1,0,0
0.22,0.58,-0.0046151,1,0,0
0.24,0.58,-0.018145,1,0,0
0.26,0.58,-0.0099573,1,0,0
0.28,0.58,0.019913,1,0,0
0.3,0.58,0.014695,1,0,0
0.32,0.58,0.042464,1,0,0
0.34,0.58,-0.010967,1,0,0
0.36,0.58,0.062961,1,0,0
0.38,0.58,0.027768,1,0,0
0.4,0.58,0.01156,1,0,0
0.42,0.58,0.045195,1,0,0
0.44,0.58,0.015989,1,0,0
0.46,0.58,-0.049292,1,0,0
0.48,0.58,-0.018271,1,0,0
0.5,0.58,0.012564,1,0,0
0.52,0.58,0.021292,1,0,0
0.54,0.58,0.023198,1,0,0
0.56,0.58,0.046509,1,0,0
0.58,0.58,0.046923,1,0,0
0.6,0.58,-0.020989,1,0,0
0.62,0.58,0.014012,1,0,0
0.64,0.58,-0.0077923,1,0,0
0.66,0.58,-0.018029,1,0,0
0.68,0.58,0.036378,1,0,0
0.7,0.58,0.037867,1,0,0
0.72,0.58,0.017995,1,0,0
0.74,0.58,0.058257,1,0,0
0.76,0.58,0.043588,1,0,0
0.78,0.58,0.055107,1,0,0
0.8,0.58,0.075551,1,0,0
0.82,0.58,0.0066051,1,0,0
0.84,0.58,-0.027276,1,0,0
0.86,0.58,0.014876,1,0,0
0.88,0.58,0.00328,1,0,0
0.9,0.58,-0.0067094,1,0,0
0.92,0.58,0.001467,1,0,0
0.94,0.58,0.0058709,1,0,0
0.96,0.58,-0.039763,1,0,0
0.98,0.58,-0.0024826,1,0,0
0.02,0.6,-0.027654,1,0,0
0.04,0.6,-0.025016,1,0,0
0.06,0.6,0.015863,1,0,0
0.08,0.6,0.026213,1,0,0
0.1,0.6,-0.0009044,1,0,0
0.12,0.6,0.049559,1,0,0
0.14,0.6,0.04641,1,0,0
0.16,0.6,0.0099419,1,0,0
0.18,0.6,0.0042521,1,0,0
0.2,0.6,0.015648,1,0,0
0.22,0.6,0.011236,1,0,0
0.24,0.6,0.013383,1,0,0
0.26,0.6,-0.013423,1,0,0
0.28,0.6,0.0054716,1,0,0
0.3,0.6,-0.038112,1,0,0
0.32,0.6,0.0097236,1,0,0
0.34,0.6,0.072365,1,0,0
0.36,0.6,0.043068,1,0,0
0.38,0.6,-0.010785,1,0,0
0.4,0.6,0.018165,1,0,0
0.42,0.6,0.061733,1,0,0
0.44,0.6,-0.010212,1,0,0
0.46,0.6,-0.042362,1,0,0
0.48,0.6,-0.01736,1,0,0
0.5,0.6,0.022725,1,0,0
0.52,0.6,-0.015816,1,0,0
0.54,0.6,0.064216,1,0,0
0.56,0.6,0.078165,1,0,0
0.58,0.6,-0.057507,1,0,0
0.6,0.6,0.027742,1,0,0
0.62,0.6,0.073135,1,0,0
0.64,0.6,0.048368,1,0,0
0.66,0.6,-0.055681,1,0,0
0.68,0.6,-0.00097591,1,0,0
0.7,0.6,0.014075,1,0,0
0.72,0.6,-0.021202,1,0,0
0.74,0.6,0.034144,1,0,0
0.76,0.6,0.033784,1,0,0
0.78,0.6,0.0095803,1,0,0
0.8,0.6,-0.0012149,1,0,0
0.82,0.6,0.020727,1,0,0
0.84,0.6,-0.0073771,1,0,0
0.86,0.6,-0.0025028,1,0,0
0.88,0.6,0.060163,1,0,0
0.9,0.6,0.0029938,1,0,0
0.92,0.6,0.011552,1,0,0
0.94,0.6,-0.028293,1,0,0
0.96,0.6,-0.065725,1,0,0
0.98,0.6,0.0010418,1,0,0
0.02,0.62,0.0044628,1,0,0
0.04,0.62,0.036552,1,0,0
0.06,0.62,0.045016,1,0,0
0.08,0.62,0.034054,1,0,0
0.1,0.62,-0.017107,1,0,0
0.12,0.62,0.016587,1,0,0
0.14,0.62,-0.068182,1,0,0
0.16,0.62,0.029874,1,0,0
0.18,0.62,-0.0077094,1,0,0
0.2,0.62,-0.017234,1,0,0
0.22,0.62,-0.0073043,1,0,0
0.24,0.62,0.007909,1,0,0
0.26,0.62,-0.021783,1,0,0
0.28,0.62,-0.030564,1,0,0
0.3,0.62,0.015266,1,0,0
0.32,0.62,-0.011978,1,0,0
0.34,0.62,0.041439,1,0,0
0.36,0.62,0.027894,1,0,0
0.38,0.62,0.014556,1,0,0
0.4,0.62,-0.0059974,1,0,0
0.42,0.62,0.003639,1,0,0
0.44,0.62,0.090443,1,0,0
0.46,0.62,0.0087221,1,0,0
0.48,0.62,0.0059901,1,0,0
0.5,0.62,-0.039088,1,0,0
0.52,0.62,0.022873,1,0,0
0.54,0.62,0.0079606,1,0,0
0.56,0.62,0.039191,1,0,0
0.58,0.62,-0.013235,1,0,0
0.6,0.62,0.063239,1,0,0
0.62,0.62,0.032876,1,0,0
0.64,0.62,0.042882,1,0,0
0.66,0.62,-0.029016,1,0,0
0.68,0.62,0.042523,1,0,0
0.7,0.62,0.031218,1,0,0
0.72,0.62,-0.034139,1,0,0
0.74,0.62,0.036082,1,0,0
0.76,0.62,0.012031,1,0,0
0.78,0.62,0.061325,1,0,0
0.8,0.62,0.035125,1,0,0
0.82,0.62,0.027894,1,0,0
0.84,0.62,0.0034263,1,0,0
0.86,0.62,0.021751,1,0,0
0.88,0.62,-0.0063738,1,0,0
0.9,0.62,0.0006183,1,0,0
0.92,0.62,-0.043368,1,0,0
0.94,0.62,-0.0056679,1,0,0
0.96,0.62,-0.068761,1,0,0
0.98,0.62,-0.071155,1,0,0
0.02,0.64,-0.013293,1,0,0
0.04,0.64,0.046534,1,0,0
0.06,0.64,-0.042627,1,0,0
0.08,0.64,0.0012361,1,0,0
0.1,0.64,-0.0021237,1,0,0
0.12,0.64,0.025884,1,0,0
0.14,0.64,0.017203,1,0,0
0.16,0.64,0.023999,1,0,0
0.18,0.64,0.041253,1,0,0
0.2,0.64,-0.022437,1,0,0
0.22,0.64,-0.0403,1,0,0
0.24,0.64,0.041247,1,0,0
0.26,0.64,0.012832,1,0,0
0.28,0.64,-0.0097739,1,0,0
0.3,0.64,-0.041584,1,0,0
0.32,0.64,-0.0061,1,0,0
0.34,0.64,0.015487,1,0,0
0.36,0.64,0.0045962,1,0,0
0.38,0.64,-0.020132,1,0,0
0.4,0.64,0.0059022,1,0,0
0.42,0.64,-0.038296,1,0,0
0.44,0.64,0.027445,1,0,0
0.46,0.64,-0.0097703,1,0,0
0.48,0.64,-0.0067142,1,0,0
0.5,0.64,-0.013211,1,0,0
0.52,0.64,0.02972,1,0,0
0.54,0.64,0.024328,1,0,0
0.56,0.64,-0.0020899,1,0,0
0.58,0.64,-0.012091,1,0,0
0.6,0.64,0.023836,1,0,0
0.62,0.64,0.066234,1,0,0
0.64,0.64,-0.025377,1,0,0
0.66,0.64,-0.021524,1,0,0
0.68,0.64,-0.0010067,1,0,0
0.7,0.64,-0.037231,1,0,0
0.72,0.64,0.0079058,1,0,0
0.74,0.64,0.013996,1,0,0
0.76,0.64,0.034379,1,0,0
0.78,0.64,0.0024812,1,0,0
0.8,0.64,0.0051459,1,0,0
0.82,0.64,-2.7635e-05,1,0,0
0.84,0.64,-0.033958,1,0,0
0.86,0.64,-0.015807,1,0,0
0.88,0.64,-0.0109,1,0,0
0.9,0.64,-0.011779,1,0,0
0.92,0.64,-0.062787,1,0,0
0.94,0.64,0.0098601,1,0,0
0.96,0.64,-0.083594,1,0,0
0.98,0.64,-0.03308,1,0,0
0.02,0.66,-0.01301,1,0,0
0.04,0.66,0.051055,1,0,0
0.06,0.66,0.022912,1,0,0
0.08,0.66,0.044708,1,0,0
0.1,0.66,-0.039639,1,0,0
0.12,0.66,0.029195,1,0,0
0.14,0.66,0.016516,1,0,0
0.16,0.66,0.11443,1,0,0
0.18,0.66,0.037912,1,0,0
0.2,0.66,0.011785,1,0,0
0.22,0.66,-0.031848,1,0,0
0.24,0.66,0.0077987,1,0,0
0.26,0.66,-0.026809,1,0,0
0.28,0.66,0.053232,1,0,0
0.3,0.66,0.027187,1,0,0
0.32,0.66,0.029134,1,0,0
0.34,0.66,-0.028307,1,0,0
0.36,0.66,0.012647,1,0,0
0.38,0.66,-0.0072412,1,0,0
0.4,0.66,-0.0091931,1,0,0
0.42,0.66,-0.017383,1,0,0
0.44,0.66,0.015535,1,0,0
0.46,0.66,0.0027342,1,0,0
0.48,0.66,-0.0025902,1,0,0
0.5,0.66,-0.0037775,1,0,0
0.52,0.66,0.075774,1,0,0
0.54,0.66,0.044011,1,0,0
0.56,0.66,0.018062,1,0,0
0.58,0.66,0.069742,1,0,0
0.6,0.66,0.03785,1,0,0
0.62,0.66,0.039638,1,0,0
0.64,0.66,0.015241,1,0,0
0.66,0.66,-0.0071513,1,0,0
0.68,0.66,0.02417,1,0,0
0.7,0.66,0.03187,1,0,0
0.72,0.66,0.017735,1,0,0
0.74,0.66,0.0043145,1,0,0
0.76,0.66,0.042682,1,0,0
0.78,0.66,0.029232,1,0,0
0.8,0.66,0.078457,1,0,0
0.82,0.66,0.039584,1,0,0
0.84,0.66,-0.0044617,1,0,0
0.86,0.66,-0.066241,1,0,0
0.88,0.66,-0.025378,1,0,0
0.9,0.66,-0.043143,1,0,0
0.92,0.66,-0.043602,1,0,0
0.94,0.66,-0.063292,1,0,0
0.96,0.66,-0.013297,1,0,0
0.98,0.66,-0.026376,1,0,0
0.02,0.68,0.043054,1,0,0
0.04,0.68,0.046514,1,0,0
0.06,0.68,-0.0090202,1,0,0
0.08,0.68,0.023535,1,0,0
0.1,0.68,0.017747,1,0,0
0.12,0.68,0.020215,1,0,0
0.14,0.68,0.026521,1,0,0
0.16,0.68,0.073324,1,0,0
0.18,0.68,0.026325,1,0,0
0.2,0.68,-0.00414,1,0,0
0.22,0.68,0.047407,1,0,0
0.24,0.68,0.021371,1,0,0
0.26,0.68,0.032432,1,0,0
0.28,0.68,0.014388,1,0,0
0.3,0.68,-0.037395,1,0,0
0.32,0.68,-0.034473,1,0,0
0.34,0.68,-0.0051404,1,0,0
0.36,0.68,-0.033424,1,0,0
0.38,0.68,-0.060328,1,0,0
0.4,0.68,-0.010005,1,0,0
0.42,0.68,-0.008952,1,0,0
0.44,0.68,0.0019835,1,0,0
0.46,0.68,0.014768,1,0,0
0.48,0.68,0.023735,1,0,0
0.5,0.68,0.037764,1,0,0
0.52,0.68,0.064931,1,0,0
0.54,0.68,0.032551,1,0,0
0.56,0.68,-0.012551,1,0,0
0.58,0.68,0.0015229,1,0,0
0.6,0.68,0.030948,1,0,0
0.62,0.68,0.02041,1,0,0
0.64,0.68,0.071141,1,0,0
0.66,0.68,0.036732,1,0,0
0.68,0.68,-0.0079672,1,0,0
0.7,0.68,0.034914,1,0,0
0.72,0.68,0.051805,1,0,0
0.74,0.68,-0.031222,1,0,0
0.76,0.68,0.004441,1,0,0
0.78,0.68,-0.0036425,1,0,0
0.8,0.68,-0.048391,1,0,0
0.82,0.68,0.017323,1,0,0
0.84,0.68,0.033442,1,0,0
0.86,0.68,-0.045971,1,0,0
0.88,0.68,-0.033811,1,0,0
0.9,0.68,-0.054532,1,0,0
0.92,0.68,-0.037005,1,0,0
0.94,0.68,-0.04411,1,0,0
0.96,0.68,-0.064945,1,0,0
0.98,0.68,-0.02569,1,0,0
0.02,0.7,0.063464,1,0,0
0.04,0.7,0.051434,1,0,0
0.06,0.7,0.027623,1,0,0
0.08,0.7,0.064731,1,0,0
0.1,0.7,0.050484,1,0,0
0.12,0.7,0.02762,1,0,0
0.14,0.7,0.016051,1,0,0
0.16,0.7,0.072174,1,0,0
0.18,0.7,0.066305,1,0,0
0.2,0.7,0.055834,1,0,0
0.22,0.7,0.0066633,1,0,0
0.24,0.7,0.013223,1,0,0
0.26,0.7,0.021865,1,0,0
0.28,0.7,0.056886,1,0,0
0.3,0.7,-0.030131,1,0,0
0.32,0.7,-0.044245,1,0,0
0.34,0.7,0.054944,1,0,0
0.36,0.7,0.0046875,1,0,0
0.38,0.7,-0.017959,1,0,0
0.4,0.7,0.022384,1,0,0
0.42,0.7,0.049675,1,0,0
0.44,0.7,0.017195,1,0,0
0.46,0.7,0.032913,1,0,0
0.48,0.7,0.0034423,1,0,0
0.5,0.7,-0.024549,1,0,0
0.52,0.7,0.022651,1,0,0
0.54,0.7,0.019648,1,0,0
0.56,0.7,0.019,1,0,0
0.58,0.7,0.032837,1,0,0
0.6,0.7,-0.014481,1,0,0
0.62,0.7,-0.0043732,1,0,0
0.64,0.7,0.051602,1,0,0
0.66,0.7,0.013331,1,0,0
0.68,0.7,0.081972,1,0,0
0.7,0.7,0.10706,1,0,0
0.72,0.7,0.073333,1,0,0
0.74,0.7,-0.090086,1,0,0
0.76,0.7,0.025027,1,0,0
0.78,0.7,0.018846,1,0,0
0.8,0.7,-0.029693,1,0,0
0.82,0.7,-0.03098,1,0,0
0.84,0.7,0.040007,1,0,0
0.86,0.7,-0.05039,1,0,0
0.88,0.7,-0.061368,1,0,0
0.9,0.7,-0.054157,1,0,0
0.92,0.7,-0.015072,1,0,0
0.94,0.7,-0.01957,1,0,0
0.96,0.7,0.0053975,1,0,0
0.98,0.7,0.032176,1,0,0
0.02,0.72,0.05057,1,0,0
0.04,0.72,0.025062,1,0,0
0.06,0.72,-0.089553,1,0,0
0.08,0.72,0.023447,1,0,0
0.1,0.72,0.027319,1,0,0
0.12,0.72,-0.0078239,1,0,0
0.14,0.72,0.06362,1,0,0
0.16,0.72,0.034253,1,0,0
0.18,0.72,0.0079322,1,0,0
0.2,0.72,0.033509,1,0,0
0.22,0.72,0.017622,1,0,0
0.24,0.72,-0.0080633,1,0,0
0.26,0.72,-0.011158,1,0,0
0.28,0.72,0.050878,1,0,0
0.3,0.72,0.00077604,1,0,0
0.32,0.72,-0.039682,1,0,0
0.34,0.72,-0.0062803,1,0,0
0.36,0.72,-0.016481,1,0,0
0.38,0.72,-0.021381,1,0,0
0.4,0.72,0.0017403,1,0,0
0.42,0.72,0.079625,1,0,0
0.44,0.72,0.0016603,1,0,0
0.46,0.72,0.0033501,1,0,0
0.48,0.72,0.00011298,1,0,0
0.5,0.72,-0.001522,1,0,0
0.52,0.72,0.0023293,1,0,0
0.54,0.72,0.0033758,1,0,0
0.56,0.72,-0.018298,1,0,0
0.58,0.72,-0.0091863,1,0,0
0.6,0.72,-0.037943,1,0,0
0.62,0.72,-0.034364,1,0,0
0.64,0.72,0.035177,1,0,0
0.66,0.72,-0.0060416,1,0,0
0.68,0.72,0.032629,1,0,0
0.7,0.72,0.028657,1,0,0
0.72,0.72,0.013086,1,0,0
0.74,0.72,-0.064233,1,0,0
0.76,0.72,0.0085427,1,0,0
0.78,0.72,-0.004267,1,0,0
0.8,0.72,-0.0071751,1,0,0
0.82,0.72,0.014117,1,0,0
0.84,0.72,0.026915,1,0,0
0.86,0.72,-0.026022,1,0,0
0.88,0.72,0.01282,1,0,0
0.9,0.72,-0.023084,1,0,0
0.92,0.72,-0.071659,1,0,0
0.94,0.72,-0.039179,1,0,0
0.96,0.72,-0.029663,1,0,0
0.98,0.72,-0.015469,1,0,0
0.02,0.74,0.085917,1,0,0
0.04,0.74,0.068263,1,0,0
0.06,0.74,-0.013056,1,0,0
0.08,0.74,0.0069878,1,0,0
0.1,0.74,0.027128,1,0,0
0.12,0.74,0.012729,1,0,0
0.14,0.74,0.056438,1,0,0
0.16,0.74,0.066046,1,0,0
0.18,0.74,0.090663,1,0,0
0.2,0.74,0.0091988,1,0,0
0.22,0.74,0.022228,1,0,0
0.24,0.74,-0.011366,1,0,0
0.26,0.74,0.0083195,1,0,0
0.28,0.74,0.074987,1,0,0
0.3,0.74,0.07039,1,0,0
0.32,0.74,0.033495,1,0,0
0.34,0.74,0.023345,1,0,0
0.36,0.74,0.016614,1,0,0
0.38,0.74,-0.041609,1,0,0
0.4,0.74,0.058625,1,0,0
0.42,0.74,0.057264,1,0,0
0.44,0.74,0.042468,1,0,0
0.46,0.74,0.028995,1,0,0
0.48,0.74,0.024775,1,0,0
0.5,0.74,0.012938,1,0,0
0.52,0.74,0.0052645,1,0,0
0.54,0.74,0.014893,1,0,0
0.56,0.74,-0.0053092,1,0,0
0.58,0.74,0.01214,1,0,0
0.6,0.74,-0.017757,1,0,0
0.62,0.74,-0.062079,1,0,0
0.64,0.74,0.004686,1,0,0
0.66,0.74,0.0046262,1,0,0
0.68,0.74,0.0077675,1,0,0
0.7,0.74,0.0037563,1,0,0
0.72,0.74,0.014888,1,0,0
0.74,0.74,-0.015979,1,0,0
0.76,0.74,0.026597,1,0,0
0.78,0.74,0.0064819,1,0,0
0.8,0.74,0.022,1,0,0
0.82,0.74,0.018372,1,0,0
0.84,0.74,-0.0073786,1,0,0
0.86,0.74,0.0089638,1,0,0
0.88,0.74,0.030739,1,0,0
0.9,0.74,-0.0035911,1,0,0
0.92,0.74,-0.029258,1,0,0
0.94,0.74,0.0080589,1,0,0
0.96,0.74,-0.05406,1,0,0
0.98,0.74,0.056728,1,0,0
0.02,0.76,0.034397,1,0,0
0.04,0.76,-0.011999,1,0,0
0.06,0.76,-0.053595,1,0,0
0.08,0.76,-0.04053,1,0,0
0.1,0.76,0.014776,1,0,0
0.12,0.76,0.045998,1,0,0
0.14,0.76,-0.032602,1,0,0
0.16,0.76,0.039269,1,0,0
0.18,0.76,0.016628,1,0,0
0.2,0.76,0.0046922,1,0,0
0.22,0.76,-0.036591,1,0,0
0.24,0.76,-0.0031175,1,0,0
0.26,0.76,-0.032964,1,0,0
0.28,0.76,0.018961,1,0,0
0.3,0.76,-0.012988,1,0,0
0.32,0.76,0.042979,1,0,0
0.34,0.76,-0.031706,1,0,0
0.36,0.76,-0.016655,1,0,0
0.38,0.76,-0.060571,1,0,0
0.4,0.76,-0.030184,1,0,0
0.42,0.76,-0.027263,1,0,0
0.44,0.76,0.03519,1,0,0
0.46,0.76,-0.0031235,1,0,0
0.48,0.76,-0.0068472,1,0,0
0.5,0.76,-0.0099081,1,0,0
0.52,0.76,0.012431,1,0,0
0.54,0.76,0.0089637,1,0,0
0.56,0.76,-0.028727,1,0,0
0.58,0.76,0.0312,1,0,0
0.6,0.76,-0.066781,1,0,0
0.62,0.76,-0.077885,1,0,0
0.64,0.76,-0.12126,1,0,0
0.66,0.76,-0.047409,1,0,0
0.68,0.76,-0.094706,1,0,0
0.7,0.76,-0.034471,1,0,0
0.72,0.76,0.0079846,1,0,0
0.74,0.76,-0.014117,1,0,0
0.76,0.76,0.024992,1,0,0
0.78,0.76,0.0080752,1,0,0
0.8,0.76,0.0018697,1,0,0
0.82,0.76,-0.013474,1,0,0
0.84,0.76,-0.0095843,1,0,0
0.86,0.76,-0.0004856,1,0,0
0.88,0.76,-0.0048308,1,0,0
0.9,0.76,-0.03966,1,0,0
0.92,0.76,-0.042863,1,0,0
0.94,0.76,-0.002296,1,0,0
0.96,0.76,-0.042655,1,0,0
0.98,0.76,-0.015435,1,0,0
0.02,0.78,0.11411,1,0,0
0.04,0.78,0.010876,1,0,0
0.06,0.78,-0.0089297,1,0,0
0.08,0.78,0.0065127,1,0,0
0.1,0.78,0.0045942,1,0,0
0.12,0.78,0.05382,1,0,0
0.14,0.78,0.017997,1,0,0
0.16,0.78,0.015932,1,0,0
0.18,0.78,0.039325,1,0,0
0.2,0.78,0.06104,1,0,0
0.22,0.78,-0.020087,1,0,0
0.24,0.78,0.033615,1,0,0
0.26,0.78,0.045911,1,0,0
0.28,0.78,0.080262,1,0,0
0.3,0.78,0.01276,1,0,0
0.32,0.78,-0.017072,1,0,0
0.34,0.78,0.00034522,1,0,0
0.36,0.78,-0.027663,1,0,0
0.38,0.78,0.0096742,1,0,0
0.4,0.78,0.078648,1,0,0
0.42,0.78,0.068337,1,0,0
0.44,0.78,0.035674,1,0,0
0.46,0.78,0.024517,1,0,0
0.48,0.78,0.023265,1,0,0
0.5,0.78,-0.047937,1,0,0
0.52,0.78,-0.01765,1,0,0
0.54,0.78,-0.026497,1,0,0
0.56,0.78,0.005424,1,0,0
0.58,0.78,-0.024886,1,0,0
0.6,0.78,-0.061916,1,0,0
0.62,0.78,0.020494,1,0,0
0.64,0.78,-0.090347,1,0,0
0.66,0.78,-0.0098978,1,0,0
0.68,0.78,0.0039391,1,0,0
0.7,0.78,-0.0097312,1,0,0
0.72,0.78,-0.02337,1,0,0
0.74,0.78,-0.039782,1,0,0
0.76,0.78,0.025401,1,0,0
0.78,0.78,0.022436,1,0,0
0.8,0.78,0.020898,1,0,0
0.82,0.78,0.045775,1,0,0
0.84,0.78,-0.029542,1,0,0
0.86,0.78,0.053621,1,0,0
0.88,0.78,-0.0095972,1,0,0
0.9,0.78,-0.026074,1,0,0
0.92,0.78,-0.040806,1,0,0
0.94,0.78,0.026648,1,0,0
0.96,0.78,0.0057993,1,0,0
0.98,0.78,0.033341,1,0,0
0.02,0.8,-0.022627,1,0,0
0.04,0.8,0.0079914,1,0,0
0.06,0.8,0.039061,1,0,0
0.08,0.8,0.013702,1,0,0
0.1,0.8,0.056181,1,0,0
0.12,0.8,0.051167,1,0,0
0.14,0.8,0.048975,1,0,0
0.16,0.8,0.00071297,1,0,0
0.18,0.8,0.042118,1,0,0
0.2,0.8,0.015234,1,0,0
0.22,0.8,0.0024229,1,0,0
0.24,0.8,0.017673,1,0,0
0.26,0.8,0.066466,1,0,0
0.28,0.8,0.09788,1,0,0
0.3,0.8,0.05731,1,0,0
0.32,0.8,0.040745,1,0,0
0.34,0.8,-0.062502,1,0,0
0.36,0.8,-0.0031894,1,0,0
0.38,0.8,-0.017068,1,0,0
0.4,0.8,0.0041617,1,0,0
0.42,0.8,0.0099479,1,0,0
0.44,0.8,0.0072963,1,0,0
0.46,0.8,-0.004905,1,0,0
0.48,0.8,0.03178,1,0,0
0.5,0.8,0.040713,1,0,0
0.52,0.8,0.019044,1,0,0
0.54,0.8,-0.014035,1,0,0
0.56,0.8,-0.020207,1,0,0
0.58,0.8,-0.029545,1,0,0
0.6,0.8,-0.055211,1,0,0
0.62,0.8,-0.041788,1,0,0
0.64,0.8,-0.053419,1,0,0
0.66,0.8,-0.074217,1,0,0
0.68,0.8,-0.011208,1,0,0
0.7,0.8,0.034404,1,0,0
0.72,0.8,0.0077685,1,0,0
0.74,0.8,-0.020994,1,0,0
0.76,0.8,-0.02933,1,0,0
0.78,0.8,-0.0025006,1,0,0
0.8,0.8,-0.005344,1,0,0
0.82,0.8,-0.015553,1,0,0
0.84,0.8,-0.014324,1,0,0
0.86,0.8,0.075819,1,0,0
0.88,0.8,0.0003209,1,0,0
0.9,0.8,0.064994,1,0,0
0.92,0.8,0.035255,1,0,0
0.94,0.8,0.049007,1,0,0
0.96,0.8,-0.010981,1,0,0
0.98,0.8,0.032412,1,0,0
0.02,0.82,0.02436,1,0,0
0.04,0.82,0.009082,1,0,0
0.06,0.82,0.077092,1,0,0
0.08,0.82,0.025563,1,0,0
0.1,0.82,0.014805,1,0,0
0.12,0.82,0.040093,1,0,0
0.14,0.82,0.010587,1,0,0
0.16,0.82,0.043541,1,0,0
0.18,0.82,0.075724,1,0,0
0.2,0.82,0.027682,1,0,0
0.22,0.82,0.032624,1,0,0
0.24,0.82,0.040704,1,0,0
0.26,0.82,0.050881,1,0,0
0.28,0.82,0.061246,1,0,0
0.3,0.82,0.053162,1,0,0
0.32,0.82,-0.0038179,1,0,0
0.34,0.82,0.028618,1,0,0
0.36,0.82,-0.0094047,1,0,0
0.38,0.82,0.038894,1,0,0
0.4,0.82,0.046956,1,0,0
0.42,0.82,0.052504,1,0,0
0.44,0.82,0.022361,1,0,0
0.46,0.82,0.031098,1,0,0
0.48,0.82,0.0036177,1,0,0
0.5,0.82,0.056433,1,0,0
0.52,0.82,-0.021775,1,0,0
0.54,0.82,-0.011086,1,0,0
0.56,0.82,0.030964,1,0,0
0.58,0.82,0.0094912,1,0,0
0.6,0.82,0.02056,1,0,0
0.62,0.82,-0.021792,1,0,0
0.64,0.82,-0.040176,1,0,0
0.66,0.82,-0.0021912,1,0,0
0.68,0.82,0.011716,1,0,0
0.7,0.82,0.020555,1,0,0
0.72,0.82,0.036917,1,0,0
0.74,0.82,0.053566,1,0,0
0.76,0.82,0.039329,1,0,0
0.78,0.82,0.020512,1,0,0
0.8,0.82,0.018084,1,0,0
0.82,0.82,0.055453,1,0,0
0.84,0.82,0.018092,1,0,0
0.86,0.82,0.052656,1,0,0
0.88,0.82,0.030552,1,0,0
0.9,0.82,0.024354,1,0,0
0.92,0.82,0.046808,1,0,0
0.94,0.82,0.062563,1,0,0
0.96,0.82,0.019356,1,0,0
0.98,0.82,0.062278,1,0,0
0.02,0.84,0.01985,1,0,0
0.04,0.84,0.0063401,1,0,0
0.06,0.84,0.030596,1,0,0
0.08,0.84,0.033357,1,0,0
0.1,0.84,0.00060254,1,0,0
0.12,0.84,0.01106,1,0,0
0.14,0.84,0.030283,1,0,0
0.16,0.84,0.038772,1,0,0
0.18,0.84,0.062823,1,0,0
0.2,0.84,0.053997,1,0,0
0.22,0.84,0.096623,1,0,0
0.24,0.84,0.04962,1,0,0
0.26,0.84,0.08909,1,0,0
0.28,0.84,0.075957,1,0,0
0.3,0.84,0.043299,1,0,0
0.32,0.84,-0.0095251,1,0,0
0.34,0.84,-0.0012835,1,0,0
0.36,0.84,-0.0077331,1,0,0
0.38,0.84,0.021781,1,0,0
0.4,0.84,-0.011097,1,0,0
0.42,0.84,0.030318,1,0,0
0.44,0.84,0.051358,1,0,0
0.46,0.84,0.050729,1,0,0
0.48,0.84,0.033657,1,0,0
0.5,0.84,-0.008781,1,0,0
0.52,0.84,0.0095243,1,0,0
0.54,0.84,-0.026858,1,0,0
0.56,0.84,-0.036039,1,0,0
0.58,0.84,-0.023985,1,0,0
0.6,0.84,0.0020607,1,0,0
0.62,0.84,0.040072,1,0,0
0.64,0.84,-0.035824,1,0,0
0.66,0.84,-0.02923,1,0,0
0.68,0.84,0.028998,1,0,0
0.7,0.84,0.016797,1,0,0
0.72,0.84,0.0048484,1,0,0
0.74,0.84,-0.0093683,1,0,0
0.76,0.84,-0.0023736,1,0,0
0.78,0.84,-0.042814,1,0,0
0.8,0.84,-0.0022947,1,0,0
0.82,0.84,0.0030209,1,0,0
0.84,0.84,0.026977,1,0,0
0.86,0.84,0.075419,1,0,0
0.88,0.84,0.046497,1,0,0
0.9,0.84,0.057794,1,0,0
0.92,0.84,0.024984,1,0,0
0.94,0.84,0.056555,1,0,0
0.96,0.84,0.027964,1,0,0
0.98,0.84,0.0063004,1,0,0
0.02,0.86,0.04148,1,0,0
0.04,0.86,0.028557,1,0,0
0.06,0.86,-0.02062,1,0,0
0.08,0.86,0.0024793,1,0,0
0.1,0.86,-0.0072639,1,0,0
0.12,0.86,-0.0098479,1,0,0
0.14,0.86,-0.030955,1,0,0
0.16,0.86,0.016217,1,0,0
0.18,0.86,0.047808,1,0,0
0.2,0.86,0.016135,1,0,0
0.22,0.86,0.014108,1,0,0
0.24,0.86,0.022764,1,0,0
0.26,0.86,0.073657,1,0,0
0.28,0.86,0.023667,1,0,0
0.3,0.86,0.05526,1,0,0
0.32,0.86,0.019942,1,0,0
0.34,0.86,-0.0006676,1,0,0
0.36,0.86,-0.028473,1,0,0
0.38,0.86,-0.02185,1,0,0
0.4,0.86,-0.021816,1,0,0
0.42,0.86,0.0056777,1,0,0
0.44,0.86,0.023092,1,0,0
0.46,0.86,0.027393,1,0,0
0.48,0.86,-0.013887,1,0,0
0.5,0.86,-0.030232,1,0,0
0.52,0.86,0.0040857,1,0,0
0.54,0.86,-0.033587,1,0,0
0.56,0.86,-0.027958,1,0,0
0.58,0.86,-0.023685,1,0,0
0.6,0.86,-0.039388,1,0,0
0.62,0.86,0.045965,1,0,0
0.64,0.86,0.0049658,1,0,0
0.66,0.86,0.017251,1,0,0
0.68,0.86,0.0010209,1,0,0
0.7,0.86,0.035338,1,0,0
0.72,0.86,-0.035845,1,0,0
0.74,0.86,-0.074238,1,0,0
0.76,0.86,-0.020558,1,0,0
0.78,0.86,0.031236,1,0,0
0.8,0.86,-0.00088709,1,0,0
0.82,0.86,0.007029,1,0,0
0.84,0.86,0.036022,1,0,0
0.86,0.86,0.063506,1,0,0
0.88,0.86,0.064415,1,0,0
0.9,0.86,0.078162,1,0,0
0.92,0.86,0.073397,1,0,0
0.94,0.86,0.010634,1,0,0
0.96,0.86,-0.01641,1,0,0
0.98,0.86,0.016562,1,0,0
0.02,0.88,-0.019839,1,0,0
0.04,0.88,-0.0042226,1,0,0
0.06,0.88,-0.013028,1,0,0
0.08,0.88,0.026893,1,0,0
0.1,0.88,0.0013742,1,0,0
0.12,0.88,0.028529,1,0,0
0.14,0.88,-0.037414,1,0,0
0.16,0.88,0.046541,1,0,0
0.18,0.88,-0.013006,1,0,0
0.2,0.88,-0.010348,1,0,0
0.22,0.88,-0.029371,1,0,0
0.24,0.88,-0.034522,1,0,0
0.26,0.88,-0.01703,1,0,0
0.28,0.88,-0.0041969,1,0,0
0.3,0.88,-0.017093,1,0,0
0.32,0.88,0.027686,1,0,0
0.34,0.88,0.023442,1,0,0
0.36,0.88,0.009987,1,0,0
0.38,0.88,-0.036992,1,0,0
0.4,0.88,-0.0050444,1,0,0
0.42,0.88,0.019073,1,0,0
0.44,0.88,-0.060314,1,0,0
0.46,0.88,0.0098197,1,0,0
0.48,0.88,-0.010089,1,0,0
0.5,0.88,-0.038627,1,0,0
0.52,0.88,-0.035505,1,0,0
0.54,0.88,0.0061689,1,0,0
0.56,0.88,-0.04104,1,0,0
0.58,0.88,-0.030207,1,0,0
0.6,0.88,-0.013878,1,0,0
0.62,0.88,-0.0071399,1,0,0
0.64,0.88,-0.031361,1,0,0
0.66,0.88,-0.042687,1,0,0
0.68,0.88,-0.023346,1,0,0
0.7,0.88,-0.015094,1,0,0
0.72,0.88,-0.082946,1,0,0
0.74,0.88,-0.021456,1,0,0
0.76,0.88,0.0080099,1,0,0
0.78,0.88,-0.0080571,1,0,0
0.8,0.88,-0.017129,1,0,0
0.82,0.88,-0.018105,1,0,0
0.84,0.88,0.0058487,1,0,0
0.86,0.88,0.0099066,1,0,0
0.88,0.88,0.04714,1,0,0
0.9,0.88,0.017041,1,0,0
0.92,0.88,0.031088,1,0,0
0.94,0.88,-0.00214,1,0,0
0.96,0.88,-0.022687,1,0,0
0.98,0.88,0.0076892,1,0,0
0.02,0.9,-0.018422,1,0,0
0.04,0.9,0.026216,1,0,0
0.06,0.9,0.025747,1,0,0
0.08,0.9,0.032654,1,0,0
0.1,0.9,0.0049778,1,0,0
0.12,0.9,-0.00011802,1,0,0
0.14,0.9,-0.031825,1,0,0
0.16,0.9,0.044937,1,0,0
0.18,0.9,0.023421,1,0,0
0.2,0.9,0.024985,1,0,0
0.22,0.9,0.050734,1,0,0
0.24,0.9,0.033635,1,0,0
0.26,0.9,0.0058958,1,0,0
0.28,0.9,0.025378,1,0,0
0.3,0.9,-0.011553,1,0,0
0.32,0.9,0.017686,1,0,0
0.34,0.9,0.06345,1,0,0
0.36,0.9,0.060628,1,0,0
0.38,0.9,0.0075876,1,0,0
0.4,0.9,-0.00030202,1,0,0
0.42,0.9,0.066603,1,0,0
0.44,0.9,0.061331,1,0,0
0.46,0.9,0.0033413,1,0,0
0.48,0.9,-0.01815,1,0,0
0.5,0.9,-0.024159,1,0,0
0.52,0.9,-0.019649,1,0,0
0.54,0.9,-0.0060695,1,0,0
0.56,0.9,0.0055541,1,0,0
0.58,0.9,0.0029543,1,0,0
0.6,0.9,-0.011694,1,0,0
0.62,0.9,0.0057683,1,0,0
0.64,0.9,0.010755,1,0,0
0.66,0.9,0.01546,1,0,0
0.68,0.9,-0.0018708,1,0,0
0.7,0.9,-0.011476,1,0,0
0.72,0.9,-0.0029739,1,0,0
0.74,0.9,-0.059108,1,0,0
0.76,0.9,0.016167,1,0,0
0.78,0.9,-0.017061,1,0,0
0.8,0.9,-0.012719,1,0,0
0.82,0.9,0.060426,1,0,0
0.84,0.9,-0.0002437,1,0,0
0.86,0.9,0.059825,1,0,0
0.88,0.9,0.06153,1,0,0
0.9,0.9,0.067371,1,0,0
0.92,0.9,-0.00026204,1,0,0
0.94,0.9,0.059028,1,0,0
0.96,0.9,0.017748,1,0,0
0.98,0.9,0.063802,1,0,0
0.02,0.92,-0.017659,1,0,0
0.04,0.92,0.016827,1,0,0
0.06,0.92,-0.016857,1,0,0
0.08,0.92,0.0038917,1,0,0
0.1,0.92,-0.012764,1,0,0
0.12,0.92,0.031242,1,0,0
0.14,0.92,-0.031262,1,0,0
0.16,0.92,-0.039889,1,0,0
0.18,0.92,-0.048845,1,0,0
0.2,0.92,0.0040348,1,0,0
0.22,0.92,-0.004525,1,0,0
0.24,0.92,0.030959,1,0,0
0.26,0.92,0.054288,1,0,0
0.28,0.92,0.027916,1,0,0
0.3,0.92,0.017486,1,0,0
0.32,0.92,-0.026041,1,0,0
0.34,0.92,0.027048,1,0,0
0.36,0.92,0.0016958,1,0,0
0.38,0.92,-0.022128,1,0,0
0.4,0.92,-0.046612,1,0,0
0.42,0.92,0.03644,1,0,0
0.44,0.92,0.0059009,1,0,0
0.46,0.92,0.0077425,1,0,0
0.48,0.92,-0.000477,1,0,0
0.5,0.92,-0.011307,1,0,0
0.52,0.92,0.087945,1,0,0
0.54,0.92,0.01223,1,0,0
0.56,0.92,-0.018729,1,0,0
0.58,0.92,-0.058129,1,0,0
0.6,0.92,-0.068465,1,0,0
0.62,0.92,-0.020468,1,0,0
0.64,0.92,-0.0030273,1,0,0
0.66,0.92,-0.021445,1,0,0
0.68,0.92,-0.0061783,1,0,0
0.7,0.92,-0.014782,1,0,0
0.72,0.92,-0.033626,1,0,0
0.74,0.92,-0.061707,1,0,0
0.76,0.92,3.0157e-05,1,0,0
0.78,0.92,0.01173,1,0,0
0.8,0.92,0.027622,1,0,0
0.82,0.92,0.061718,1,0,0
0.84,0.92,0.008095,1,0,0
0.86,0.92,0.089221,1,0,0
0.88,0.92,0.071795,1,0,0
0.9,0.92,0.075264,1,0,0
0.92,0.92,0.043053,1,0,0
0.94,0.92,0.036131,1,0,0
0.96,0.92,-0.002484,1,0,0
0.98,0.92,0.0026332,1,0,0
0.02,0.94,0.048939,1,0,0
0.04,0.94,0.019438,1,0,0
0.06,0.94,0.0043022,1,0,0
0.08,0.94,0.043528,1,0,0
0.1,0.94,0.014494,1,0,0
0.12,0.94,0.025603,1,0,0
0.14,0.94,-0.0097116,1,0,0
0.16,0.94,0.093737,1,0,0
0.18,0.94,0.034982,1,0,0
0.2,0.94,0.059947,1,0,0
0.22,0.94,0.025625,1,0,0
0.24,0.94,0.057349,1,0,0
0.26,0.94,0.086736,1,0,0
0.28,0.94,0.04755,1,0,0
0.3,0.94,0.03694,1,0,0
0.32,0.94,0.031639,1,0,0
0.34,0.94,-5.4935e-05,1,0,0
0.36,0.94,0.041072,1,0,0
0.38,0.94,0.031641,1,0,0
0.4,0.94,0.027504,1,0,0
0.42,0.94,0.045782,1,0,0
0.44,0.94,0.0394,1,0,0
0.46,0.94,0.047618,1,0,0
0.48,0.94,0.016062,1,0,0
0.5,0.94,0.034112,1,0,0
0.52,0.94,0.090194,1,0,0
0.54,0.94,0.032401,1,0,0
0.56,0.94,-0.02668,1,0,0
0.58,0.94,0.0157,1,0,0
0.6,0.94,0.034305,1,0,0
0.62,0.94,-0.019284,1,0,0
0.64,0.94,0.0021817,1,0,0
0.66,0.94,0.0052834,1,0,0
0.68,0.94,-0.011447,1,0,0
0.7,0.94,-0.013359,1,0,0
0.72,0.94,-0.010253,1,0,0
0.74,0.94,-0.043773,1,0,0
0.76,0.94,0.00063046,1,0,0
0.78,0.94,0.025417,1,0,0
0.8,0.94,0.070632,1,0,0
0.82,0.94,0.055464,1,0,0
0.84,0.94,0.022306,1,0,0
0.86,0.94,0.00559,1,0,0
0.88,0.94,0.091535,1,0,0
0.9,0.94,0.02367,1,0,0
0.92,0.94,0.039552,1,0,0
0.94,0.94,0.031527,1,0,0
0.96,0.94,0.034379,1,0,0
0.98,0.94,0.0461,1,0,0
0.02,0.96,-0.0073462,1,0,0
0.04,0.96,-0.025386,1,0,0
0.06,0.96,0.009926,1,0,0
0.08,0.96,0.037729,1,0,0
0.1,0.96,0.045171,1,0,0
0.12,0.96,0.039605,1,0,0
0.14,0.96,0.065134,1,0,0
0.16,0.96,0.064125,1,0,0
0.18,0.96,0.11394,1,0,0
0.2,0.96,-0.022248,1,0,0
0.22,0.96,0.0048552,1,0,0
0.24,0.96,-0.0027975,1,0,0
0.26,0.96,0.029647,1,0,0
0.28,0.96,0.029075,1,0,0
0.3,0.96,0.0028319,1,0,0
0.32,0.96,0.026086,1,0,0
0.34,0.96,0.032846,1,0,0
0.36,0.96,0.023523,1,0,0
0.38,0.96,-0.037249,1,0,0
0.4,0.96,0.035727,1,0,0
0.42,0.96,0.01101,1,0,0
0.44,0.96,0.012007,1,0,0
0.46,0.96,0.045453,1,0,0
0.48,0.96,0.064565,1,0,0
0.5,0.96,0.088033,1,0,0
0.52,0.96,0.049941,1,0,0
0.54,0.96,0.023582,1,0,0
0.56,0.96,0.028582,1,0,0
0.58,0.96,0.0047648,1,0,0
0.6,0.96,-0.0011571,1,0,0
0.62,0.96,0.0015611,1,0,0
0.64,0.96,0.0085531,1,0,0
0.66,0.96,-0.015585,1,0,0
0.68,0.96,-0.022984,1,0,0
0.7,0.96,0.031339,1,0,0
0.72,0.96,0.028034,1,0,0
0.74,0.96,-0.025245,1,0,0
0.76,0.96,0.04696,1,0,0
0.78,0.96,0.023981,1,0,0
0.8,0.96,0.02164,1,0,0
0.82,0.96,0.049674,1,0,0
0.84,0.96,0.037503,1,0,0
0.86,0.96,0.004062,1,0,0
0.88,0.96,0.048635,1,0,0
0.9,0.96,0.028176,1,0,0
0.92,0.96,0.066939,1,0,0
0.94,0.96,0.022831,1,0,0
0.96,0.96,-0.0027871,1,0,0
0.98,0.96,0.081436,1,0,0
0.02,0.98,0.010155,1,0,0
0.04,0.98,0.010157,1,0,0
0.06,0.98,0.029809,1,0,0
0.08,0.98,0.043591,1,0,0
0.1,0.98,0.012498,1,0,0
0.12,0.98,0.045413,1,0,0
0.14,0.98,0.059442,1,0,0
0.16,0.98,0.074995,1,0,0
0.18,0.98,0.02184,1,0,0
0.2,0.98,0.036434,1,0,0
0.22,0.98,0.0025877,1,0,0
0.24,0.98,-0.023431,1,0,0
0.26,0.98,0.00091533,1,0,0
0.28,0.98,0.081214,1,0,0
0.3,0.98,-0.0023033,1,0,0
0.32,0.98,0.031585,1,0,0
0.34,0.98,0.02891,1,0,0
0.36,0.98,0.042047,1,0,0
0.38,0.98,-0.019126,1,0,0
0.4,0.98,0.020924,1,0,0
0.42,0.98,0.017558,1,0,0
0.44,0.98,0.02807,1,0,0
0.46,0.98,-0.012154,1,0,0
0.48,0.98,0.082189,1,0,0
0.5,0.98,0.050798,1,0,0
0.52,0.98,0.0097414,1,0,0
0.54,0.98,-0.0036917,1,0,0
0.56,0.98,-0.010769,1,0,0
0.58,0.98,-0.040111,1,0,0
0.6,0.98,-0.003872,1,0,0
0.62,0.98,0.082117,1,0,0
0.64,0.98,0.031935,1,0,0
0.66,0.98,0.012951,1,0,0
0.68,0.98,0.0052534,1,0,0
0.7,0.98,0.034057,1,0,0
0.72,0.98,0.01042,1,0,0
0.74,0.98,-0.053277,1,0,0
0.76,0.98,-0.014543,1,0,0
0.78,0.98,-0.036064,1,0,0
0.8,0.98,0.018171,1,0,0
0.82,0.98,0.036749,1,0,0
0.84,0.98,0.018899,1,0,0
0.86,0.98,0.030733,1,0,0
0.88,0.98,0.053082,1,0,0
0.9,0.98,-0.0008201,1,0,0
0.92,0.98,0.046661,1,0,0
0.94,0.98,0.060921,1,0,0
0.96,0.98,0.031622,1,0,0
0.98,0.98,-0.0080083,1,0,0
0,0,-0.02729,-1,0,0
0.02,0,-0.02729,-1,0,0
0.04,0,0.029531,-1,0,0
0.06,0,0.040576,-1,0,0
0.08,0,0.001161,-1,0,0
0.1,0,-7.1271e-05,-1,0,0
0.12,0,0.024646,-1,0,0
0.14,0,0.019242,-1,0,0
0.16,0,0.036769,-1,0,0
0.18,0,0.022086,-1,0,0
0.2,0,0.010136,-1,0,0
0.22,0,0.00039199,-1,0,0
0.24,0,-0.011297,-1,0,0
0.26,0,0.0034399,-1,0,0
0.28,0,0.041251,-1,0,0
0.3,0,-0.055644,-1,0,0
0.32,0,-0.036935,-1,0,0
0.34,0,-0.04999,-1,0,0
0.36,0,-0.035856,-1,0,0
0.38,0,-0.12764,-1,0,0
0.4,0,-0.0074361,-1,0,0
0.42,0,0.023102,-1,0,0
0.44,0,0.0055611,-1,0,0
0.46,0,-0.01188,-1,0,0
0.48,0,0.057944,-1,0,0
0.5,0,0.018723,-1,0,0
0.52,0,0.0023809,-1,0,0
0.54,0,0.038885,-1,0,0
0.56,0,0.077266,-1,0,0
0.58,0,0.0044122,-1,0,0
0.6,0,0.023465,-1,0,0
0.62,0,0.06765,-1,0,0
0.64,0,0.043644,-1,0,0
0.66,0,-0.019309,-1,0,0
0.68,0,0.055495,-1,0,0
0.7,0,0.045097,-1,0,0
0.72,0,-0.016505,-1,0,0
0.74,0,-0.015817,-1,0,0
0.76,0,0.010783,-1,0,0
0.78,0,-0.027591,-1,0,0
0.8,0,-0.059709,-1,0,0
0.82,0,-0.039369,-1,0,0
0.84,0,-0.057512,-1,0,0
0.86,0,-0.026821,-1,0,0
0.88,0,-0.060337,-1,0,0
0.9,0,-0.0082203,-1,0,0
0.92,0,-0.094886,-1,0,0
0.94,0,-0.035739,-1,0,0
0.96,0,-0.077359,-1,0,0
0.98,0,-0.026306,-1,0,0
1,0,0.0014463,-1,0,0
1,0.02,-0.05215,-1,0,0
1,0.04,-0.05952,-1,0,0
1,0.06,-0.012139,-1,0,0
1,0.08,-0.031655,-1,0,0
1,0.1,-0.032176,-1,0,0
1,0.12,-0.014313,-1,0,0
1,0.14,0.040393,-1,0,0
1,0.16,-0.0013909,-1,0,0
1,0.18,-0.011357,-1,0,0
1,0.2,0.0070441,-1,0,0
1,0.22,-0.029178,-1,0,0
1,0.24,-0.07264,-1,0,0
1,0.26,0.029203,-1,0,0
1,0.28,0.023166,-1,0,0
1,0.3,0.028134,-1,0,0
1,0.32,0.012158,-1,0,0
1,0.34,0.016293,-1,0,0
1,0.36,0.034926,-1,0,0
1,0.38,0.022395,-1,0,0
1,0.4,0.069361,-1,0,0
1,0.42,0.015667,-1,0,0
1,0.44,0.093007,-1,0,0
1,0.46,0.0043246,-1,0,0
1,0.48,-0.025047,-1,0,0
1,0.5,-0.019658,-1,0,0
1,0.52,-0.023149,-1,0,0
1,0.54,-0.02263,-1,0,0
1,0.56,0.017775,-1,0,0
1,0.58,0.054126,-1,0,0
1,0.6,-0.014056,-1,0,0
1,0.62,-0.038357,-1,0,0
1,0.64,-0.057598,-1,0,0
1,0.66,-0.048082,-1,0,0
1,0.68,-0.071516,-1,0,0
1,0.7,0.019917,-1,0,0
1,0.72,-0.010398,-1,0,0
1,0.74,-0.032346,-1,0,0
1,0.76,-0.034665,-1,0,0
1,0.78,0.026988,-1,0,0
1,0.8,0.024391,-1,0,0
1,0.82,0.034709,-1,0,0
1,0.84,0.031067,-1,0,0
1,0.86,0.00098849,-1,0,0
1,0.88,0.011192,-1,0,0
1,0.9,0.030785,-1,0,0
1,0.92,-0.015159,-1,0,0
1,0.94,0.02822,-1,0,0
1,0.96,-0.011756,-1,0,0
1,0.98,0.067098,-1,0,0
1,1,-0.054746,-1,0,0
0.98,1,-0.007356,-1,0,0
0.96,1,-0.016667,-1,0,0
0.94,1,0.033902,-1,0,0
0.92,1,0.009259,-1,0,0
0.9,1,0.0067681,-1,0,0
0.88,1,0.020849,-1,0,0
0.86,1,0.019467,-1,0,0
0.84,1,-0.014518,-1,0,0
0.82,1,0.026235,-1,0,0
0.8,1,0.029152,-1,0,0
0.78,1,-0.019518,-1,0,0
0.76,1,-0.055013,-1,0,0
0.74,1,-0.090974,-1,0,0
0.72,1,-0.038288,-1,0,0
0.7,1,-0.012352,-1,0,0
0.68,1,-0.0037043,-1,0,0
0.66,1,-0.012069,-1,0,0
0.64,1,0.025384,-1,0,0
0.62,1,0.0079393,-1,0,0
0.6,1,-0.040396,-1,0,0
0.58,1,-0.065031,-1,0,0
0.56,1,-0.02086,-1,0,0
0.54,1,-0.032263,-1,0,0
0.52,1,0.026642,-1,0,0
0.5,1,0.038819,-1,0,0
0.48,1,-0.0057139,-1,0,0
0.46,1,0.012514,-1,0,0
0.44,1,0.019524,-1,0,0
0.42,1,0.041545,-1,0,0
0.4,1,0.037083,-1,0,0
0.38,1,-0.038583,-1,0,0
0.36,1,0.027913,-1,0,0
0.34,1,-0.012809,-1,0,0
0.32,1,-0.037767,-1,0,0
0.3,1,-0.03638,-1,0,0
0.28,1,0.01344,-1,0,0
0.26,1,0.00019937,-1,0,0
0.24,1,0.034394,-1,0,0
0.22,1,-0.0041412,-1,0,0
0.2,1,0.068884,-1,0,0
0.18,1,0.068475,-1,0,0
0.16,1,0.041993,-1,0,0
0.14,1,0.0037807,-1,0,0
0.12,1,0.023983,-1,0,0
0.1,1,-0.011841,-1,0,0
0.08,1,-0.0084276,-1,0,0
0.06,1,-0.0098668,-1,0,0
0.04,1,-0.0030143,-1,0,0
0.02,1,0.028161,-1,0,0
0,1,-0.030149,-1,0,0
0,0.98,-0.053056,-1,0,0
0,0.96,-0.025413,-1,0,0
0,0.94,-0.010587,-1,0,0
0,0.92,-0.048439,-1,0,0
0,0.9,0.03905,-1,0,0
0,0.88,-0.01796,-1,0,0
0,0.86,0.029415,-1,0,0
0,0.84,0.070334,-1,0,0
0,0.82,0.049496,-1,0,0
0,0.8,0.023923,-1,0,0
0,0.78,0.054689,-1,0,0
0,0.76,0.025994,-1,0,0
0,0.74,0.084357,-1,0,0
0,0.72,0.030812,-1,0,0
0,0.7,0.0089712,-1,0,0
0,0.68,0.0027232,-1,0,0
0,0.66,0.01973,-1,0,0
0,0.64,0.034089,-1,0,0
0,0.62,0.018234,-1,0,0
0,0.6,-0.010673,-1,0,0
0,0.58,-0.0061211,-1,0,0
0,0.56,-0.017191,-1,0,0
0,0.54,-0.020775,-1,0,0
0,0.52,0.016028,-1,0,0
0,0.5,0.020926,-1,0,0
0,0.48,0.0094453,-1,0,0
0,0.46,-0.011482,-1,0,0
0,0.44,0.082757,-1,0,0
0,0.42,0.020275,-1,0,0
0,0.4,0.027193,-1,0,0
0,0.38,0.011911,-1,0,0
0,0.36,-0.0036436,-1,0,0
0,0.34,-0.016947,-1,0,0
0,0.32,-0.011549,-1,0,0
0,0.3,0.050764,-1,0,0
0,0.28,-0.010078,-1,0,0
0,0.26,-0.0098929,-1,0,0
0,0.24,0.050872,-1,0,0
0,0.22,0.076017,-1,0,0
0,0.2,0.055824,-1,0,0
0,0.18,0.038762,-1,0,0
0,0.16,0.051528,-1,0,0
0,0.14,0.014909,-1,0,0
0,0.12,0.0089112,-1,0,0
0,0.1,0.058831,-1,0,0
0,0.08,0.018597,-1,0,0
0,0.06,0.033759,-1,0,0
0,0.04,0.010719,-1,0,0
0,0.02,0.040194,-1,0,0
