0.02,0.02,0.0037187,1,0,0
0.04,0.02,0.0016883,1,0,0
0.06,0.02,-0.00096044,1,0,0
0.08,0.02,0.0099956,1,0,0
0.1,0.02,-0.003476,1,0,0
0.12,0.02,-0.0047122,1,0,0
0.14,0.02,-0.0051545,1,0,0
0.16,0.02,0.016006,1,0,0
0.18,0.02,0.014407,1,0,0
0.2,0.02,0.020445,1,0,0
0.22,0.02,0.017525,1,0,0
0.24,0.02,0.007508,1,0,0
0.26,0.02,0.011304,1,0,0
0.28,0.02,-0.014827,1,0,0
0.3,0.02,0.0058183,1,0,0
0.32,0.02,0.009016,1,0,0
0.34,0.02,0.011606,1,0,0
0.36,0.02,0.011213,1,0,0
0.38,0.02,0.023188,1,0,0
0.4,0.02,0.014994,1,0,0
0.42,0.02,0.01574,1,0,0
0.44,0.02,0.018456,1,0,0
0.46,0.02,-0.0061465,1,0,0
0.48,0.02,-0.018154,1,0,0
0.5,0.02,0.011152,1,0,0
0.52,0.02,-0.014051,1,0,0
0.54,0.02,-0.0069755,1,0,0
0.56,0.02,-0.024158,1,0,0
0.58,0.02,-0.02761,1,0,0
0.6,0.02,-0.023017,1,0,0
0.62,0.02,-0.011548,1,0,0
0.64,0.02,-0.021853,1,0,0
0.66,0.02,-0.0202,1,0,0
0.68,0.02,-0.035127,1,0,0
0.7,0.02,-0.041377,1,0,0
0.72,0.02,-0.042014,1,0,0
0.74,0.02,-0.0082983,1,0,0
0.76,0.02,0.009489,1,0,0
0.78,0.02,0.018145,1,0,0
0.8,0.02,0.016552,1,0,0
0.82,0.02,0.013655,1,0,0
0.84,0.02,0.027479,1,0,0
0.86,0.02,0.0047104,1,0,0
0.88,0.02,0.023187,1,0,0
0.9,0.02,0.021241,1,0,0
0.92,0.02,0.039556,1,0,0
0.94,0.02,0.083218,1,0,0
0.96,0.02,0.088749,1,0,0
0.98,0.02,0.079547,1,0,0
0.02,0.04,0.024504,1,0,0
0.04,0.04,0.0075579,1,0,0
0.06,0.04,0.0022025,1,0,0
0.08,0.04,0.01614,1,0,0
0.1,0.04,0.0052467,1,0,0
0.12,0.04,-0.0092228,1,0,0
0.14,0.04,-0.010923,1,0,0
0.16,0.04,-0.00043224,1,0,0
0.18,0.04,0.0095898,1,0,0
0.2,0.04,0.021376,1,0,0
0.22,0.04,0.028532,1,0,0
0.24,0.04,0.031508,1,0,0
0.26,0.04,-0.0030863,1,0,0
0.28,0.04,-0.0017584,1,0,0
0.3,0.04,0.0020412,1,0,0
0.32,0.04,-0.0090139,1,0,0
0.34,0.04,-0.0088772,1,0,0
0.36,0.04,-0.013245,1,0,0
0.38,0.04,0.019608,1,0,0
0.4,0.04,0.015833,1,0,0
0.42,0.04,0.0081812,1,0,0
0.44,0.04,-0.006858,1,0,0
0.46,0.04,-0.0080706,1,0,0
0.48,0.04,-0.0052944,1,0,0
0.5,0.04,0.0065938,1,0,0
0.52,0.04,0.0061899,1,0,0
0.54,0.04,-0.03213,1,0,0
0.56,0.04,-0.045133,1,0,0
0.58,0.04,-0.044781,1,0,0
0.6,0.04,-0.015941,1,0,0
0.62,0.04,-0.010998,1,0,0
0.64,0.04,-0.029757,1,0,0
0.66,0.04,-0.021543,1,0,0
0.68,0.04,-0.015607,1,0,0
0.7,0.04,-0.059123,1,0,0
0.72,0.04,-0.058517,1,0,0
0.74,0.04,-0.038879,1,0,0
0.76,0.04,-0.0181,1,0,0
0.78,0.04,0.010247,1,0,0
0.8,0.04,0.010469,1,0,0
0.82,0.04,0.015428,1,0,0
0.84,0.04,0.0035212,1,0,0
0.86,0.04,0.011618,1,0,0
0.88,0.04,0.0054953,1,0,0
0.9,0.04,0.042423,1,0,0
0.92,0.04,0.022814,1,0,0
0.94,0.04,0.053703,1,0,0
0.96,0.04,0.079288,1,0,0
0.98,0.04,0.073326,1,0,0
0.02,0.06,0.023769,1,0,0
0.04,0.06,0.040291,1,0,0
0.06,0.06,0.011269,1,0,0
0.08,0.06,0.0052094,1,0,0
0.1,0.06,-0.0045036,1,0,0
0.12,0.06,0.010795,1,0,0
0.14,0.06,0.023127,1,0,0
0.16,0.06,0.022256,1,0,0
0.18,0.06,0.017813,1,0,0
0.2,0.06,0.035804,1,0,0
0.22,0.06,0.053141,1,0,0
0.24,0.06,0.032314,1,0,0
0.26,0.06,0.011628,1,0,0
0.28,0.06,-0.0075106,1,0,0
0.3,0.06,-0.0093657,1,0,0
0.32,0.06,-0.0039801,1,0,0
0.34,0.06,-0.014752,1,0,0
0.36,0.06,-0.011389,1,0,0
0.38,0.06,-0.0022348,1,0,0
0.4,0.06,0.0044381,1,0,0
0.42,0.06,-0.008531,1,0,0
0.44,0.06,-0.010096,1,0,0
0.46,0.06,-0.01749,1,0,0
0.48,0.06,-0.00107,1,0,0
0.5,0.06,0.0040936,1,0,0
0.52,0.06,0.0025256,1,0,0
0.54,0.06,-0.0041556,1,0,0
0.56,0.06,-0.018863,1,0,0
0.58,0.06,-0.028308,1,0,0
0.6,0.06,-0.021953,1,0,0
0.62,0.06,-0.024295,1,0,0
0.64,0.06,-0.026618,1,0,0
0.66,0.06,-0.014313,1,0,0
0.68,0.06,-0.019018,1,0,0
0.7,0.06,-0.030264,1,0,0
0.72,0.06,-0.034415,1,0,0
0.74,0.06,-0.034774,1,0,0
0.76,0.06,-0.021265,1,0,0
0.78,0.06,0.0090987,1,0,0
0.8,0.06,0.0057269,1,0,0
0.82,0.06,0.0047621,1,0,0
0.84,0.06,0.016682,1,0,0
0.86,0.06,0.015718,1,0,0
0.88,0.06,0.022842,1,0,0
0.9,0.06,0.04491,1,0,0
0.92,0.06,0.04253,1,0,0
0.94,0.06,0.06922,1,0,0
0.96,0.06,0.084159,1,0,0
0.98,0.06,0.097031,1,0,0
0.02,0.08,0.035081,1,0,0
0.04,0.08,0.052102,1,0,0
0.06,0.08,0.041796,1,0,0
0.08,0.08,0.022743,1,0,0
0.1,0.08,0.029094,1,0,0
0.12,0.08,0.069143,1,0,0
0.14,0.08,0.065062,1,0,0
0.16,0.08,0.063063,1,0,0
0.18,0.08,0.041697,1,0,0
0.2,0.08,0.054218,1,0,0
0.22,0.08,0.052821,1,0,0
0.24,0.08,0.054212,1,0,0
0.26,0.08,0.032522,1,0,0
0.28,0.08,0.0020205,1,0,0
0.3,0.08,-0.011477,1,0,0
0.32,0.08,-0.012876,1,0,0
0.34,0.08,-0.0011033,1,0,0
0.36,0.08,0.010389,1,0,0
0.38,0.08,0.0069948,1,0,0
0.4,0.08,0.018628,1,0,0
0.42,0.08,0.0079339,1,0,0
0.44,0.08,-0.0075673,1,0,0
0.46,0.08,0.0016246,1,0,0
0.48,0.08,-0.0046859,1,0,0
0.5,0.08,0.032219,1,0,0
0.52,0.08,0.0021027,1,0,0
0.54,0.08,0.0058105,1,0,0
0.56,0.08,0.00089781,1,0,0
0.58,0.08,-0.006348,1,0,0
0.6,0.08,-0.014845,1,0,0
0.62,0.08,-0.022421,1,0,0
0.64,0.08,-0.00694,1,0,0
0.66,0.08,-0.003367,1,0,0
0.68,0.08,-0.0043793,1,0,0
0.7,0.08,-0.0052836,1,0,0
0.72,0.08,-0.014752,1,0,0
0.74,0.08,-0.022665,1,0,0
0.76,0.08,-0.0082535,1,0,0
0.78,0.08,0.031891,1,0,0
0.8,0.08,0.013988,1,0,0
0.82,0.08,-0.0012001,1,0,0
0.84,0.08,0.021325,1,0,0
0.86,0.08,0.021126,1,0,0
0.88,0.08,0.030986,1,0,0
0.9,0.08,0.040978,1,0,0
0.92,0.08,0.05751,1,0,0
0.94,0.08,0.083131,1,0,0
0.96,0.08,0.095718,1,0,0
0.98,0.08,0.12578,1,0,0
0.02,0.1,0.041629,1,0,0
0.04,0.1,0.050221,1,0,0
0.06,0.1,0.050634,1,0,0
0.08,0.1,0.04494,1,0,0
0.1,0.1,0.055981,1,0,0
0.12,0.1,0.063549,1,0,0
0.14,0.1,0.073248,1,0,0
0.16,0.1,0.055804,1,0,0
0.18,0.1,0.041588,1,0,0
0.2,0.1,0.048114,1,0,0
0.22,0.1,0.052127,1,0,0
0.24,0.1,0.044856,1,0,0
0.26,0.1,0.035174,1,0,0
0.28,0.1,-0.0053847,1,0,0
0.3,0.1,-0.0259,1,0,0
0.32,0.1,-0.019523,1,0,0
0.34,0.1,-0.0021523,1,0,0
0.36,0.1,-0.00051613,1,0,0
0.38,0.1,0.016384,1,0,0
0.4,0.1,0.011097,1,0,0
0.42,0.1,0.023413,1,0,0
0.44,0.1,-0.0060373,1,0,0
0.46,0.1,-0.0091543,1,0,0
0.48,0.1,-0.0032257,1,0,0
0.5,0.1,-0.0079909,1,0,0
0.52,0.1,-0.01606,1,0,0
0.54,0.1,-0.013066,1,0,0
0.56,0.1,-0.035868,1,0,0
0.58,0.1,-0.011315,1,0,0
0.6,0.1,-0.0016341,1,0,0
0.62,0.1,-0.0024556,1,0,0
0.64,0.1,-0.0043203,1,0,0
0.66,0.1,0.030867,1,0,0
0.68,0.1,0.015153,1,0,0
0.7,0.1,-0.0082904,1,0,0
0.72,0.1,-0.043118,1,0,0
0.74,0.1,-0.039818,1,0,0
0.76,0.1,-0.025513,1,0,0
0.78,0.1,0.0080512,1,0,0
0.8,0.1,0.010763,1,0,0
0.82,0.1,0.0036748,1,0,0
0.84,0.1,0.0063094,1,0,0
0.86,0.1,0.021621,1,0,0
0.88,0.1,0.020296,1,0,0
0.9,0.1,0.035729,1,0,0
0.92,0.1,0.052435,1,0,0
0.94,0.1,0.084025,1,0,0
0.96,0.1,0.11016,1,0,0
0.98,0.1,0.1066,1,0,0
0.02,0.12,0.025414,1,0,0
0.04,0.12,0.031589,1,0,0
0.06,0.12,0.016106,1,0,0
0.08,0.12,0.053387,1,0,0
0.1,0.12,0.062466,1,0,0
0.12,0.12,0.060276,1,0,0
0.14,0.12,0.083993,1,0,0
0.16,0.12,0.06326,1,0,0
0.18,0.12,0.060499,1,0,0
0.2,0.12,0.038419,1,0,0
0.22,0.12,0.036116,1,0,0
0.24,0.12,0.016432,1,0,0
0.26,0.12,-0.013222,1,0,0
0.28,0.12,-0.041231,1,0,0
0.3,0.12,-0.0027365,1,0,0
0.32,0.12,-0.019815,1,0,0
0.34,0.12,-0.0080588,1,0,0
0.36,0.12,0.013891,1,0,0
0.38,0.12,0.038432,1,0,0
0.4,0.12,0.013477,1,0,0
0.42,0.12,-0.0023739,1,0,0
0.44,0.12,-0.023862,1,0,0
0.46,0.12,-0.031223,1,0,0
0.48,0.12,-0.023876,1,0,0
0.5,0.12,0.00033694,1,0,0
0.52,0.12,-0.0085919,1,0,0
0.54,0.12,-0.026556,1,0,0
0.56,0.12,-0.035654,1,0,0
0.58,0.12,-0.011374,1,0,0
0.6,0.12,-0.014152,1,0,0
0.62,0.12,0.0084694,1,0,0
0.64,0.12,-0.02543,1,0,0
0.66,0.12,0.011357,1,0,0
0.68,0.12,3.4744e-05,1,0,0
0.7,0.12,-0.0042359,1,0,0
0.72,0.12,-0.03692,1,0,0
0.74,0.12,-0.036179,1,0,0
0.76,0.12,0.00099576,1,0,0
0.78,0.12,0.018351,1,0,0
0.8,0.12,0.012722,1,0,0
0.82,0.12,0.0097737,1,0,0
0.84,0.12,-0.0099144,1,0,0
0.86,0.12,-0.019263,1,0,0
0.88,0.12,0.021223,1,0,0
0.9,0.12,0.049,1,0,0
0.92,0.12,0.058825,1,0,0
0.94,0.12,0.074456,1,0,0
0.96,0.12,0.1103,1,0,0
0.98,0.12,0.11814,1,0,0
0.02,0.14,0.0236,1,0,0
0.04,0.14,0.0073601,1,0,0
0.06,0.14,0.033626,1,0,0
0.08,0.14,0.042732,1,0,0
0.1,0.14,0.036448,1,0,0
0.12,0.14,0.051667,1,0,0
0.14,0.14,0.071432,1,0,0
0.16,0.14,0.066641,1,0,0
0.18,0.14,0.032218,1,0,0
0.2,0.14,0.046217,1,0,0
0.22,0.14,0.040951,1,0,0
0.24,0.14,0.0095725,1,0,0
0.26,0.14,-0.0019775,1,0,0
0.28,0.14,-0.038656,1,0,0
0.3,0.14,-0.01942,1,0,0
0.32,0.14,-0.0033304,1,0,0
0.34,0.14,-0.0078225,1,0,0
0.36,0.14,0.0054573,1,0,0
0.38,0.14,0.030084,1,0,0
0.4,0.14,0.007083,1,0,0
0.42,0.14,0.0067897,1,0,0
0.44,0.14,-0.010199,1,0,0
0.46,0.14,-0.006836,1,0,0
0.48,0.14,-0.023976,1,0,0
0.5,0.14,-0.0084421,1,0,0
0.52,0.14,-0.016752,1,0,0
0.54,0.14,-0.00054535,1,0,0
0.56,0.14,-0.03383,1,0,0
0.58,0.14,-0.03177,1,0,0
0.6,0.14,-0.0079139,1,0,0
0.62,0.14,-0.0065537,1,0,0
0.64,0.14,0.003661,1,0,0
0.66,0.14,-0.0067244,1,0,0
0.68,0.14,-0.015058,1,0,0
0.7,0.14,-0.036083,1,0,0
0.72,0.14,-0.051505,1,0,0
0.74,0.14,-0.0014883,1,0,0
0.76,0.14,-0.00055105,1,0,0
0.78,0.14,0.0028432,1,0,0
0.8,0.14,0.015113,1,0,0
0.82,0.14,0.024928,1,0,0
0.84,0.14,-0.0060677,1,0,0
0.86,0.14,-0.0029595,1,0,0
0.88,0.14,0.0066857,1,0,0
0.9,0.14,0.023788,1,0,0
0.92,0.14,0.031114,1,0,0
0.94,0.14,0.068396,1,0,0
0.96,0.14,0.085005,1,0,0
0.98,0.14,0.085255,1,0,0
0.02,0.16,-0.0093142,1,0,0
0.04,0.16,0.0013686,1,0,0
0.06,0.16,0.021522,1,0,0
0.08,0.16,0.040637,1,0,0
0.1,0.16,0.03275,1,0,0
0.12,0.16,0.038573,1,0,0
0.14,0.16,0.046595,1,0,0
0.16,0.16,0.017563,1,0,0
0.18,0.16,0.026285,1,0,0
0.2,0.16,0.031373,1,0,0
0.22,0.16,0.0044126,1,0,0
0.24,0.16,-8.8193e-05,1,0,0
0.26,0.16,0.010635,1,0,0
0.28,0.16,-0.022742,1,0,0
0.3,0.16,-0.028595,1,0,0
0.32,0.16,-0.022517,1,0,0
0.34,0.16,-0.02413,1,0,0
0.36,0.16,-0.0027958,1,0,0
0.38,0.16,0.0070095,1,0,0
0.4,0.16,0.020179,1,0,0
0.42,0.16,0.01348,1,0,0
0.44,0.16,0.0078355,1,0,0
0.46,0.16,-0.020935,1,0,0
0.48,0.16,-0.016292,1,0,0
0.5,0.16,-0.013285,1,0,0
0.52,0.16,-0.024383,1,0,0
0.54,0.16,-0.021545,1,0,0
0.56,0.16,-0.0095449,1,0,0
0.58,0.16,-0.023558,1,0,0
0.6,0.16,-0.010674,1,0,0
0.62,0.16,0.014358,1,0,0
0.64,0.16,0.010961,1,0,0
0.66,0.16,-0.00035647,1,0,0
0.68,0.16,-0.027296,1,0,0
0.7,0.16,-0.029487,1,0,0
0.72,0.16,-0.045913,1,0,0
0.74,0.16,-0.025698,1,0,0
0.76,0.16,-0.0052177,1,0,0
0.78,0.16,0.012084,1,0,0
0.8,0.16,-0.0019778,1,0,0
0.82,0.16,0.019525,1,0,0
0.84,0.16,0.0056662,1,0,0
0.86,0.16,0.018805,1,0,0
0.88,0.16,0.0066926,1,0,0
0.9,0.16,0.012858,1,0,0
0.92,0.16,0.037587,1,0,0
0.94,0.16,0.058004,1,0,0
0.96,0.16,0.052813,1,0,0
0.98,0.16,0.067822,1,0,0
0.02,0.18,-0.016902,1,0,0
0.04,0.18,-0.021362,1,0,0
0.06,0.18,0.0015949,1,0,0
0.08,0.18,0.02927,1,0,0
0.1,0.18,0.045548,1,0,0
0.12,0.18,0.055806,1,0,0
0.14,0.18,0.039757,1,0,0
0.16,0.18,0.022447,1,0,0
0.18,0.18,0.023337,1,0,0
0.2,0.18,0.026799,1,0,0
0.22,0.18,-0.012131,1,0,0
0.24,0.18,-0.0018275,1,0,0
0.26,0.18,-0.0038087,1,0,0
0.28,0.18,-0.0077681,1,0,0
0.3,0.18,-0.037435,1,0,0
0.32,0.18,-0.016614,1,0,0
0.34,0.18,-0.025635,1,0,0
0.36,0.18,3.114e-05,1,0,0
0.38,0.18,0.020047,1,0,0
0.4,0.18,0.027607,1,0,0
0.42,0.18,0.039233,1,0,0
0.44,0.18,0.027038,1,0,0
0.46,0.18,-0.020214,1,0,0
0.48,0.18,-0.0069069,1,0,0
0.5,0.18,-0.0043418,1,0,0
0.52,0.18,0.0013497,1,0,0
0.54,0.18,-0.0040262,1,0,0
0.56,0.18,0.0063622,1,0,0
0.58,0.18,0.010974,1,0,0
0.6,0.18,-0.0017373,1,0,0
0.62,0.18,0.025787,1,0,0
0.64,0.18,0.014117,1,0,0
0.66,0.18,0.002765,1,0,0
0.68,0.18,-0.014061,1,0,0
0.7,0.18,-0.012086,1,0,0
0.72,0.18,-0.015824,1,0,0
0.74,0.18,-0.013854,1,0,0
0.76,0.18,-0.0033743,1,0,0
0.78,0.18,-0.0066017,1,0,0
0.8,0.18,-0.0086802,1,0,0
0.82,0.18,-0.016885,1,0,0
0.84,0.18,-0.0065293,1,0,0
0.86,0.18,0.022237,1,0,0
0.88,0.18,-0.0004839,1,0,0
0.9,0.18,0.028766,1,0,0
0.92,0.18,0.048882,1,0,0
0.94,0.18,0.058753,1,0,0
0.96,0.18,0.051395,1,0,0
0.98,0.18,0.047613,1,0,0
0.02,0.2,-0.019799,1,0,0
0.04,0.2,-0.038991,1,0,0
0.06,0.2,-0.010584,1,0,0
0.08,0.2,0.02487,1,0,0
0.1,0.2,0.033071,1,0,0
0.12,0.2,0.040235,1,0,0
0.14,0.2,0.036575,1,0,0
0.16,0.2,0.033002,1,0,0
0.18,0.2,0.0076609,1,0,0
0.2,0.2,0.023979,1,0,0
0.22,0.2,-0.017995,1,0,0
0.24,0.2,-0.012326,1,0,0
0.26,0.2,-0.020156,1,0,0
0.28,0.2,-0.025657,1,0,0
0.3,0.2,-0.039416,1,0,0
0.32,0.2,-0.030227,1,0,0
0.34,0.2,-0.042528,1,0,0
0.36,0.2,-0.014855,1,0,0
0.38,0.2,0.016525,1,0,0
0.4,0.2,0.035311,1,0,0
0.42,0.2,0.030486,1,0,0
0.44,0.2,0.031063,1,0,0
0.46,0.2,0.023557,1,0,0
0.48,0.2,0.0026281,1,0,0
0.5,0.2,0.0089638,1,0,0
0.52,0.2,0.0014232,1,0,0
0.54,0.2,0.014679,1,0,0
0.56,0.2,0.016125,1,0,0
0.58,0.2,0.0068378,1,0,0
0.6,0.2,0.025915,1,0,0
0.62,0.2,0.023343,1,0,0
0.64,0.2,0.0086972,1,0,0
0.66,0.2,0.0093249,1,0,0
0.68,0.2,0.0036665,1,0,0
0.7,0.2,-0.0074687,1,0,0
0.72,0.2,-0.00077909,1,0,0
0.74,0.2,-0.0032052,1,0,0
0.76,0.2,-0.023077,1,0,0
0.78,0.2,-0.025457,1,0,0
0.8,0.2,-0.028618,1,0,0
0.82,0.2,-0.024785,1,0,0
0.84,0.2,-0.035661,1,0,0
0.86,0.2,-0.013515,1,0,0
0.88,0.2,0.0094292,1,0,0
0.9,0.2,0.029754,1,0,0
0.92,0.2,0.042082,1,0,0
0.94,0.2,0.051046,1,0,0
0.96,0.2,0.031919,1,0,0
0.98,0.2,0.046605,1,0,0
0.02,0.22,-0.018195,1,0,0
0.04,0.22,-0.0076077,1,0,0
0.06,0.22,-0.0058721,1,0,0
0.08,0.22,0.0066348,1,0,0
0.1,0.22,0.005578,1,0,0
0.12,0.22,-0.0007207,1,0,0
0.14,0.22,-0.0026616,1,0,0
0.16,0.22,0.019398,1,0,0
0.18,0.22,-0.0038291,1,0,0
0.2,0.22,-0.032595,1,0,0
0.22,0.22,0.0048941,1,0,0
0.24,0.22,7.417e-05,1,0,0
0.26,0.22,-0.0050672,1,0,0
0.28,0.22,-0.04071,1,0,0
0.3,0.22,-0.036144,1,0,0
0.32,0.22,-0.05594,1,0,0
0.34,0.22,-0.05663,1,0,0
0.36,0.22,-0.023357,1,0,0
0.38,0.22,-0.0030606,1,0,0
0.4,0.22,0.00065443,1,0,0
0.42,0.22,0.0027773,1,0,0
0.44,0.22,0.049538,1,0,0
0.46,0.22,0.047351,1,0,0
0.48,0.22,0.02128,1,0,0
0.5,0.22,0.0082523,1,0,0
0.52,0.22,0.0053047,1,0,0
0.54,0.22,0.016797,1,0,0
0.56,0.22,0.018634,1,0,0
0.58,0.22,0.017141,1,0,0
0.6,0.22,0.022666,1,0,0
0.62,0.22,0.03993,1,0,0
0.64,0.22,0.037426,1,0,0
0.66,0.22,0.040287,1,0,0
0.68,0.22,0.0066384,1,0,0
0.7,0.22,-0.013746,1,0,0
0.72,0.22,-0.031581,1,0,0
0.74,0.22,-0.011572,1,0,0
0.76,0.22,-0.038214,1,0,0
0.78,0.22,-0.045034,1,0,0
0.8,0.22,-0.041812,1,0,0
0.82,0.22,-0.032654,1,0,0
0.84,0.22,-0.016868,1,0,0
0.86,0.22,-0.025977,1,0,0
0.88,0.22,0.0038725,1,0,0
0.9,0.22,0.034414,1,0,0
0.92,0.22,0.033215,1,0,0
0.94,0.22,0.023171,1,0,0
0.96,0.22,0.046932,1,0,0
0.98,0.22,0.0326,1,0,0
0.02,0.24,-0.0099349,1,0,0
0.04,0.24,-0.0052758,1,0,0
0.06,0.24,-0.016373,1,0,0
0.08,0.24,0.0028673,1,0,0
0.1,0.24,0.0024867,1,0,0
0.12,0.24,-0.011783,1,0,0
0.14,0.24,0.0081838,1,0,0
0.16,0.24,0.029373,1,0,0
0.18,0.24,0.010565,1,0,0
0.2,0.24,-0.0042161,1,0,0
0.22,0.24,0.0006336,1,0,0
0.24,0.24,-0.0063057,1,0,0
0.26,0.24,-0.0079065,1,0,0
0.28,0.24,-0.016206,1,0,0
0.3,0.24,-0.027335,1,0,0
0.32,0.24,-0.041077,1,0,0
0.34,0.24,-0.0044242,1,0,0
0.36,0.24,-0.0064805,1,0,0
0.38,0.24,0.011907,1,0,0
0.4,0.24,-0.011739,1,0,0
0.42,0.24,0.020901,1,0,0
0.44,0.24,0.023524,1,0,0
0.46,0.24,0.055642,1,0,0
0.48,0.24,0.053215,1,0,0
0.5,0.24,0.045102,1,0,0
0.52,0.24,0.04467,1,0,0
0.54,0.24,0.061077,1,0,0
0.56,0.24,0.044262,1,0,0
0.58,0.24,0.040351,1,0,0
0.6,0.24,0.043256,1,0,0
0.62,0.24,0.032467,1,0,0
0.64,0.24,0.01269,1,0,0
0.66,0.24,0.04244,1,0,0
0.68,0.24,0.018222,1,0,0
0.7,0.24,-0.014543,1,0,0
0.72,0.24,0.0010924,1,0,0
0.74,0.24,-0.016829,1,0,0
0.76,0.24,-0.01577,1,0,0
0.78,0.24,-0.014299,1,0,0
0.8,0.24,-0.017829,1,0,0
0.82,0.24,-0.02664,1,0,0
0.84,0.24,-0.02882,1,0,0
0.86,0.24,-0.020965,1,0,0
0.88,0.24,-0.0078046,1,0,0
0.9,0.24,0.030856,1,0,0
0.92,0.24,0.037935,1,0,0
0.94,0.24,0.037546,1,0,0
0.96,0.24,0.042697,1,0,0
0.98,0.24,0.011577,1,0,0
0.02,0.26,-0.010671,1,0,0
0.04,0.26,0.001519,1,0,0
0.06,0.26,-0.011558,1,0,0
0.08,0.26,-0.024781,1,0,0
0.1,0.26,-0.0032322,1,0,0
0.12,0.26,0.0017354,1,0,0
0.14,0.26,-0.0053774,1,0,0
0.16,0.26,0.0093367,1,0,0
0.18,0.26,0.016428,1,0,0
0.2,0.26,0.0029035,1,0,0
0.22,0.26,-0.0063655,1,0,0
0.24,0.26,-0.012868,1,0,0
0.26,0.26,-0.0080769,1,0,0
0.28,0.26,-0.010573,1,0,0
0.3,0.26,-0.017933,1,0,0
0.32,0.26,-0.03724,1,0,0
0.34,0.26,0.0083187,1,0,0
0.36,0.26,-0.00067999,1,0,0
0.38,0.26,0.0038053,1,0,0
0.4,0.26,0.013357,1,0,0
0.42,0.26,0.035524,1,0,0
0.44,0.26,0.018956,1,0,0
0.46,0.26,0.051775,1,0,0
0.48,0.26,0.057392,1,0,0
0.5,0.26,0.069281,1,0,0
0.52,0.26,0.050074,1,0,0
0.54,0.26,0.048012,1,0,0
0.56,0.26,0.047064,1,0,0
0.58,0.26,0.039786,1,0,0
0.6,0.26,0.034782,1,0,0
0.62,0.26,0.037855,1,0,0
0.64,0.26,0.022948,1,0,0
0.66,0.26,0.027594,1,0,0
0.68,0.26,0.0227,1,0,0
0.7,0.26,0.013445,1,0,0
0.72,0.26,0.016691,1,0,0
0.74,0.26,-0.016167,1,0,0
0.76,0.26,-0.010417,1,0,0
0.78,0.26,0.01619,1,0,0
0.8,0.26,-0.0043252,1,0,0
0.82,0.26,-0.018404,1,0,0
0.84,0.26,0.0021832,1,0,0
0.86,0.26,-0.001032,1,0,0
0.88,0.26,-0.0052312,1,0,0
0.9,0.26,0.037777,1,0,0
0.92,0.26,0.029698,1,0,0
0.94,0.26,0.010533,1,0,0
0.96,0.26,0.022426,1,0,0
0.98,0.26,0.017479,1,0,0
0.02,0.28,-0.02421,1,0,0
0.04,0.28,0.0041435,1,0,0
0.06,0.28,0.0030378,1,0,0
0.08,0.28,-0.0094539,1,0,0
0.1,0.28,-0.0049285,1,0,0
0.12,0.28,0.00060368,1,0,0
0.14,0.28,0.00025834,1,0,0
0.16,0.28,0.0034562,1,0,0
0.18,0.28,-0.017533,1,0,0
0.2,0.28,-0.015008,1,0,0
0.22,0.28,-0.012231,1,0,0
0.24,0.28,-0.039002,1,0,0
0.26,0.28,-0.013274,1,0,0
0.28,0.28,-0.017505,1,0,0
0.3,0.28,-0.0099177,1,0,0
0.32,0.28,-0.0032778,1,0,0
0.34,0.28,0.0023732,1,0,0
0.36,0.28,0.012765,1,0,0
0.38,0.28,0.0068486,1,0,0
0.4,0.28,0.03794,1,0,0
0.42,0.28,0.042153,1,0,0
0.44,0.28,0.043328,1,0,0
0.46,0.28,0.047882,1,0,0
0.48,0.28,0.048772,1,0,0
0.5,0.28,0.036433,1,0,0
0.52,0.28,0.023362,1,0,0
0.54,0.28,0.045932,1,0,0
0.56,0.28,0.025774,1,0,0
0.58,0.28,0.019048,1,0,0
0.6,0.28,0.025069,1,0,0
0.62,0.28,0.014781,1,0,0
0.64,0.28,0.016425,1,0,0
0.66,0.28,0.027604,1,0,0
0.68,0.28,0.0080919,1,0,0
0.7,0.28,0.017393,1,0,0
0.72,0.28,0.019468,1,0,0
0.74,0.28,0.0057193,1,0,0
0.76,0.28,-0.012335,1,0,0
0.78,0.28,0.0052631,1,0,0
0.8,0.28,-0.0017523,1,0,0
0.82,0.28,-0.0010199,1,0,0
0.84,0.28,0.02432,1,0,0
0.86,0.28,0.0012496,1,0,0
0.88,0.28,-0.0023054,1,0,0
0.9,0.28,-0.00022999,1,0,0
0.92,0.28,-0.0033943,1,0,0
0.94,0.28,-0.0067481,1,0,0
0.96,0.28,0.012237,1,0,0
0.98,0.28,0.023842,1,0,0
0.02,0.3,-0.013739,1,0,0
0.04,0.3,-0.0063953,1,0,0
0.06,0.3,-0.0016721,1,0,0
0.08,0.3,0.0075092,1,0,0
0.1,0.3,-0.0031645,1,0,0
0.12,0.3,0.0081584,1,0,0
0.14,0.3,0.013081,1,0,0
0.16,0.3,0.016905,1,0,0
0.18,0.3,-0.021415,1,0,0
0.2,0.3,-0.021465,1,0,0
0.22,0.3,-0.037305,1,0,0
0.24,0.3,-0.014911,1,0,0
0.26,0.3,-0.032922,1,0,0
0.28,0.3,0.0031754,1,0,0
0.3,0.3,0.0080885,1,0,0
0.32,0.3,0.015551,1,0,0
0.34,0.3,0.019881,1,0,0
0.36,0.3,0.035442,1,0,0
0.38,0.3,0.035617,1,0,0
0.4,0.3,0.046577,1,0,0
0.42,0.3,0.044421,1,0,0
0.44,0.3,0.030605,1,0,0
0.46,0.3,0.044387,1,0,0
0.48,0.3,0.027782,1,0,0
0.5,0.3,0.026859,1,0,0
0.52,0.3,0.035457,1,0,0
0.54,0.3,0.040179,1,0,0
0.56,0.3,0.025965,1,0,0
0.58,0.3,0.0080869,1,0,0
0.6,0.3,0.011236,1,0,0
0.62,0.3,0.0060253,1,0,0
0.64,0.3,0.0023659,1,0,0
0.66,0.3,0.02164,1,0,0
0.68,0.3,0.022115,1,0,0
0.7,0.3,0.010932,1,0,0
0.72,0.3,0.035589,1,0,0
0.74,0.3,0.024796,1,0,0
0.76,0.3,0.021645,1,0,0
0.78,0.3,0.011631,1,0,0
0.8,0.3,-0.0064464,1,0,0
0.82,0.3,0.0052136,1,0,0
0.84,0.3,0.019617,1,0,0
0.86,0.3,0.020839,1,0,0
0.88,0.3,-0.0036908,1,0,0
0.9,0.3,0.00054224,1,0,0
0.92,0.3,-0.0090208,1,0,0
0.94,0.3,-0.0094181,1,0,0
0.96,0.3,0.025933,1,0,0
0.98,0.3,0.03248,1,0,0
0.02,0.32,-0.0024119,1,0,0
0.04,0.32,0.0018846,1,0,0
0.06,0.32,-0.018298,1,0,0
0.08,0.32,0.0054786,1,0,0
0.1,0.32,0.0092393,1,0,0
0.12,0.32,-0.0018497,1,0,0
0.14,0.32,-0.001682,1,0,0
0.16,0.32,0.013747,1,0,0
0.18,0.32,-0.0072202,1,0,0
0.2,0.32,-0.013597,1,0,0
0.22,0.32,-0.025103,1,0,0
0.24,0.32,-0.027275,1,0,0
0.26,0.32,-0.029879,1,0,0
0.28,0.32,-0.02167,1,0,0
0.3,0.32,0.013854,1,0,0
0.32,0.32,0.030772,1,0,0
0.34,0.32,-0.0016017,1,0,0
0.36,0.32,0.013893,1,0,0
0.38,0.32,0.024805,1,0,0
0.4,0.32,0.02639,1,0,0
0.42,0.32,0.039647,1,0,0
0.44,0.32,0.046226,1,0,0
0.46,0.32,0.011076,1,0,0
0.48,0.32,0.031128,1,0,0
0.5,0.32,0.024669,1,0,0
0.52,0.32,0.046969,1,0,0
0.54,0.32,0.021792,1,0,0
0.56,0.32,-0.0053473,1,0,0
0.58,0.32,-0.0060144,1,0,0
0.6,0.32,-0.0023857,1,0,0
0.62,0.32,-0.013804,1,0,0
0.64,0.32,-0.027932,1,0,0
0.66,0.32,0.0065036,1,0,0
0.68,0.32,0.011191,1,0,0
0.7,0.32,0.024702,1,0,0
0.72,0.32,0.0194,1,0,0
0.74,0.32,0.02806,1,0,0
0.76,0.32,0.033228,1,0,0
0.78,0.32,0.016247,1,0,0
0.8,0.32,0.010841,1,0,0
0.82,0.32,0.022882,1,0,0
0.84,0.32,0.022898,1,0,0
0.86,0.32,0.013834,1,0,0
0.88,0.32,-0.004737,1,0,0
0.9,0.32,-0.0080511,1,0,0
0.92,0.32,-0.02697,1,0,0
0.94,0.32,-0.0092292,1,0,0
0.96,0.32,0.017734,1,0,0
0.98,0.32,0.0058965,1,0,0
0.02,0.34,0.031293,1,0,0
0.04,0.34,0.018426,1,0,0
0.06,0.34,0.020782,1,0,0
0.08,0.34,0.032679,1,0,0
0.1,0.34,0.0072318,1,0,0
0.12,0.34,0.010922,1,0,0
0.14,0.34,0.016642,1,0,0
0.16,0.34,-0.0019455,1,0,0
0.18,0.34,-0.00431,1,0,0
0.2,0.34,0.015783,1,0,0
0.22,0.34,7.4983e-05,1,0,0
0.24,0.34,-0.0094779,1,0,0
0.26,0.34,0.010727,1,0,0
0.28,0.34,0.001486,1,0,0
0.3,0.34,0.037649,1,0,0
0.32,0.34,0.02969,1,0,0
0.34,0.34,0.011236,1,0,0
0.36,0.34,0.0081733,1,0,0
0.38,0.34,0.0072118,1,0,0
0.4,0.34,0.041275,1,0,0
0.42,0.34,0.03115,1,0,0
0.44,0.34,0.032034,1,0,0
0.46,0.34,0.029421,1,0,0
0.48,0.34,0.037227,1,0,0
0.5,0.34,0.058227,1,0,0
0.52,0.34,0.040656,1,0,0
0.54,0.34,0.0049828,1,0,0
0.56,0.34,-0.0037036,1,0,0
0.58,0.34,-0.0092397,1,0,0
0.6,0.34,0.0098087,1,0,0
0.62,0.34,0.0062256,1,0,0
0.64,0.34,-0.013494,1,0,0
0.66,0.34,0.0054627,1,0,0
0.68,0.34,0.014382,1,0,0
0.7,0.34,0.018789,1,0,0
0.72,0.34,0.0073758,1,0,0
0.74,0.34,0.028581,1,0,0
0.76,0.34,0.019904,1,0,0
0.78,0.34,0.034494,1,0,0
0.8,0.34,0.033022,1,0,0
0.82,0.34,0.023284,1,0,0
0.84,0.34,0.00018586,1,0,0
0.86,0.34,0.012859,1,0,0
0.88,0.34,0.011737,1,0,0
0.9,0.34,-0.022971,1,0,0
0.92,0.34,-0.024618,1,0,0
0.94,0.34,0.0027403,1,0,0
0.96,0.34,-0.0067319,1,0,0
0.98,0.34,0.018808,1,0,0
0.02,0.36,0.029526,1,0,0
0.04,0.36,0.049848,1,0,0
0.06,0.36,0.057862,1,0,0
0.08,0.36,0.02701,1,0,0
0.1,0.36,0.014621,1,0,0
0.12,0.36,0.025739,1,0,0
0.14,0.36,0.034723,1,0,0
0.16,0.36,0.017347,1,0,0
0.18,0.36,-0.0029077,1,0,0
0.2,0.36,0.0088417,1,0,0
0.22,0.36,-0.00092845,1,0,0
0.24,0.36,-0.0010334,1,0,0
0.26,0.36,0.0097632,1,0,0
0.28,0.36,-0.0079306,1,0,0
0.3,0.36,0.018606,1,0,0
0.32,0.36,0.04264,1,0,0
0.34,0.36,0.0085586,1,0,0
0.36,0.36,0.0065137,1,0,0
0.38,0.36,0.020015,1,0,0
0.4,0.36,-0.0087018,1,0,0
0.42,0.36,0.032772,1,0,0
0.44,0.36,0.032473,1,0,0
0.46,0.36,0.032962,1,0,0
0.48,0.36,0.02732,1,0,0
0.5,0.36,0.050737,1,0,0
0.52,0.36,0.0093093,1,0,0
0.54,0.36,0.016302,1,0,0
0.56,0.36,0.012478,1,0,0
0.58,0.36,0.0036839,1,0,0
0.6,0.36,-0.016217,1,0,0
0.62,0.36,-0.012511,1,0,0
0.64,0.36,0.0091853,1,0,0
0.66,0.36,0.001515,1,0,0
0.68,0.36,0.018695,1,0,0
0.7,0.36,0.037029,1,0,0
0.72,0.36,0.018841,1,0,0
0.74,0.36,0.028013,1,0,0
0.76,0.36,0.035987,1,0,0
0.78,0.36,0.027925,1,0,0
0.8,0.36,0.007744,1,0,0
0.82,0.36,0.0065313,1,0,0
0.84,0.36,-0.012082,1,0,0
0.86,0.36,0.0040361,1,0,0
0.88,0.36,-0.01348,1,0,0
0.9,0.36,-0.0067032,1,0,0
0.92,0.36,0.0011907,1,0,0
0.94,0.36,0.022493,1,0,0
0.96,0.36,0.030481,1,0,0
0.98,0.36,0.023435,1,0,0
0.02,0.38,0.027386,1,0,0
0.04,0.38,0.042324,1,0,0
0.06,0.38,0.053097,1,0,0
0.08,0.38,0.046158,1,0,0
0.1,0.38,0.025257,1,0,0
0.12,0.38,0.042631,1,0,0
0.14,0.38,0.068659,1,0,0
0.16,0.38,0.0061043,1,0,0
0.18,0.38,0.0055979,1,0,0
0.2,0.38,-0.0024552,1,0,0
0.22,0.38,0.00045735,1,0,0
0.24,0.38,0.0096293,1,0,0
0.26,0.38,0.028831,1,0,0
0.28,0.38,-0.000224,1,0,0
0.3,0.38,0.0029475,1,0,0
0.32,0.38,0.0049076,1,0,0
0.34,0.38,-0.0026473,1,0,0
0.36,0.38,-0.0037001,1,0,0
0.38,0.38,0.01838,1,0,0
0.4,0.38,0.019816,1,0,0
0.42,0.38,0.024203,1,0,0
0.44,0.38,0.029825,1,0,0
0.46,0.38,0.037085,1,0,0
0.48,0.38,0.035538,1,0,0
0.5,0.38,0.03678,1,0,0
0.52,0.38,0.01435,1,0,0
0.54,0.38,0.0043881,1,0,0
0.56,0.38,-0.002621,1,0,0
0.58,0.38,-0.0049832,1,0,0
0.6,0.38,-0.02128,1,0,0
0.62,0.38,0.00073216,1,0,0
0.64,0.38,-0.029835,1,0,0
0.66,0.38,0.019517,1,0,0
0.68,0.38,0.032101,1,0,0
0.7,0.38,0.042023,1,0,0
0.72,0.38,0.020967,1,0,0
0.74,0.38,0.029606,1,0,0
0.76,0.38,0.032799,1,0,0
0.78,0.38,0.016893,1,0,0
0.8,0.38,-0.0095973,1,0,0
0.82,0.38,-0.026573,1,0,0
0.84,0.38,-0.045702,1,0,0
0.86,0.38,-0.012852,1,0,0
0.88,0.38,-0.0023302,1,0,0
0.9,0.38,-0.0034055,1,0,0
0.92,0.38,0.015615,1,0,0
0.94,0.38,0.0107,1,0,0
0.96,0.38,0.015271,1,0,0
0.98,0.38,0.012775,1,0,0
0.02,0.4,0.036439,1,0,0
0.04,0.4,0.027282,1,0,0
0.06,0.4,0.055347,1,0,0
0.08,0.4,0.046626,1,0,0
0.1,0.4,0.041928,1,0,0
0.12,0.4,0.044806,1,0,0
0.14,0.4,0.029512,1,0,0
0.16,0.4,0.0060668,1,0,0
0.18,0.4,-0.02594,1,0,0
0.2,0.4,-0.0086152,1,0,0
0.22,0.4,-0.0075275,1,0,0
0.24,0.4,0.0054483,1,0,0
0.26,0.4,0.027892,1,0,0
0.28,0.4,0.0022568,1,0,0
0.3,0.4,-0.00061293,1,0,0
0.32,0.4,0.0012499,1,0,0
0.34,0.4,-0.024861,1,0,0
0.36,0.4,-0.027348,1,0,0
0.38,0.4,-0.0036097,1,0,0
0.4,0.4,0.0066604,1,0,0
0.42,0.4,0.031583,1,0,0
0.44,0.4,0.034685,1,0,0
0.46,0.4,0.021898,1,0,0
0.48,0.4,0.0080387,1,0,0
0.5,0.4,0.02106,1,0,0
0.52,0.4,-0.0080201,1,0,0
0.54,0.4,-0.0095984,1,0,0
0.56,0.4,-0.012725,1,0,0
0.58,0.4,-0.00096401,1,0,0
0.6,0.4,-0.0076731,1,0,0
0.62,0.4,-0.017351,1,0,0
0.64,0.4,-0.035537,1,0,0
0.66,0.4,-0.0069115,1,0,0
0.68,0.4,0.023808,1,0,0
0.7,0.4,0.038185,1,0,0
0.72,0.4,0.0024154,1,0,0
0.74,0.4,0.011206,1,0,0
0.76,0.4,0.0048489,1,0,0
0.78,0.4,-0.00037564,1,0,0
0.8,0.4,-0.016729,1,0,0
0.82,0.4,-0.034238,1,0,0
0.84,0.4,-0.043418,1,0,0
0.86,0.4,-0.033521,1,0,0
0.88,0.4,-0.02134,1,0,0
0.9,0.4,-0.010015,1,0,0
0.92,0.4,-0.010448,1,0,0
0.94,0.4,-0.00052372,1,0,0
0.96,0.4,-0.00032294,1,0,0
0.98,0.4,0.00057852,1,0,0
0.02,0.42,0.046991,1,0,0
0.04,0.42,0.040885,1,0,0
0.06,0.42,0.041112,1,0,0
0.08,0.42,0.056239,1,0,0
0.1,0.42,0.052959,1,0,0
0.12,0.42,0.056816,1,0,0
0.14,0.42,0.030679,1,0,0
0.16,0.42,0.02537,1,0,0
0.18,0.42,-0.01332,1,0,0
0.2,0.42,-0.0053584,1,0,0
0.22,0.42,0.0036968,1,0,0
0.24,0.42,0.024453,1,0,0
0.26,0.42,0.027896,1,0,0
0.28,0.42,0.015114,1,0,0
0.3,0.42,0.017046,1,0,0
0.32,0.42,0.0049288,1,0,0
0.34,0.42,-0.015017,1,0,0
0.36,0.42,-0.0042651,1,0,0
0.38,0.42,0.011473,1,0,0
0.4,0.42,0.020554,1,0,0
0.42,0.42,0.016112,1,0,0
0.44,0.42,0.019265,1,0,0
0.46,0.42,0.017004,1,0,0
0.48,0.42,0.006579,1,0,0
0.5,0.42,0.033301,1,0,0
0.52,0.42,0.010477,1,0,0
0.54,0.42,0.0058322,1,0,0
0.56,0.42,0.015282,1,0,0
0.58,0.42,0.01204,1,0,0
0.6,0.42,0.012361,1,0,0
0.62,0.42,0.0048002,1,0,0
0.64,0.42,-0.010556,1,0,0
0.66,0.42,-0.001341,1,0,0
0.68,0.42,0.013015,1,0,0
0.7,0.42,0.019356,1,0,0
0.72,0.42,0.015442,1,0,0
0.74,0.42,0.021856,1,0,0
0.76,0.42,0.020161,1,0,0
0.78,0.42,0.014435,1,0,0
0.8,0.42,-0.0056688,1,0,0
0.82,0.42,-0.017749,1,0,0
0.84,0.42,-0.024296,1,0,0
0.86,0.42,-0.020442,1,0,0
0.88,0.42,0.010254,1,0,0
0.9,0.42,0.019493,1,0,0
0.92,0.42,-0.0039397,1,0,0
0.94,0.42,0.0047005,1,0,0
0.96,0.42,0.0060794,1,0,0
0.98,0.42,0.0078405,1,0,0
0.02,0.44,0.015495,1,0,0
0.04,0.44,0.054638,1,0,0
0.06,0.44,0.055527,1,0,0
0.08,0.44,0.061756,1,0,0
0.1,0.44,0.04339,1,0,0
0.12,0.44,0.048422,1,0,0
0.14,0.44,0.049226,1,0,0
0.16,0.44,0.037775,1,0,0
0.18,0.44,0.026929,1,0,0
0.2,0.44,0.014513,1,0,0
0.22,0.44,0.032761,1,0,0
0.24,0.44,0.021076,1,0,0
0.26,0.44,0.02768,1,0,0
0.28,0.44,0.020623,1,0,0
0.3,0.44,0.0052159,1,0,0
0.32,0.44,0.0070995,1,0,0
0.34,0.44,0.0099326,1,0,0
0.36,0.44,0.0062286,1,0,0
0.38,0.44,0.006397,1,0,0
0.4,0.44,0.015847,1,0,0
0.42,0.44,0.014221,1,0,0
0.44,0.44,0.023652,1,0,0
0.46,0.44,0.02165,1,0,0
0.48,0.44,0.030522,1,0,0
0.5,0.44,0.0065808,1,0,0
0.52,0.44,0.022124,1,0,0
0.54,0.44,0.031075,1,0,0
0.56,0.44,0.032007,1,0,0
0.58,0.44,0.0084925,1,0,0
0.6,0.44,0.0068711,1,0,0
0.62,0.44,0.013542,1,0,0
0.64,0.44,0.0069277,1,0,0
0.66,0.44,0.025853,1,0,0
0.68,0.44,0.0052577,1,0,0
0.7,0.44,-0.0056634,1,0,0
0.72,0.44,0.010044,1,0,0
0.74,0.44,0.02054,1,0,0
0.76,0.44,0.013456,1,0,0
0.78,0.44,0.011886,1,0,0
0.8,0.44,0.0012581,1,0,0
0.82,0.44,-0.0044354,1,0,0
0.84,0.44,-0.01063,1,0,0
0.86,0.44,-0.0006876,1,0,0
0.88,0.44,-0.011133,1,0,0
0.9,0.44,0.0050788,1,0,0
0.92,0.44,-0.0013398,1,0,0
0.94,0.44,0.015561,1,0,0
0.96,0.44,0.020326,1,0,0
0.98,0.44,-0.018627,1,0,0
0.02,0.46,0.018918,1,0,0
0.04,0.46,0.03016,1,0,0
0.06,0.46,0.044211,1,0,0
0.08,0.46,0.061955,1,0,0
0.1,0.46,0.081385,1,0,0
0.12,0.46,0.067333,1,0,0
0.14,0.46,0.041322,1,0,0
0.16,0.46,0.055196,1,0,0
0.18,0.46,0.033492,1,0,0
0.2,0.46,0.028895,1,0,0
0.22,0.46,0.026349,1,0,0
0.24,0.46,0.025633,1,0,0
0.26,0.46,0.0105,1,0,0
0.28,0.46,0.010209,1,0,0
0.3,0.46,0.0093401,1,0,0
0.32,0.46,-0.00081725,1,0,0
0.34,0.46,0.0010992,1,0,0
0.36,0.46,0.0065098,1,0,0
0.38,0.46,0.021321,1,0,0
0.4,0.46,0.0060449,1,0,0
0.42,0.46,0.011647,1,0,0
0.44,0.46,-0.006461,1,0,0
0.46,0.46,-0.0015683,1,0,0
0.48,0.46,-0.00054871,1,0,0
0.5,0.46,0.029062,1,0,0
0.52,0.46,0.028261,1,0,0
0.54,0.46,0.022746,1,0,0
0.56,0.46,0.0095263,1,0,0
0.58,0.46,0.0054267,1,0,0
0.6,0.46,0.033413,1,0,0
0.62,0.46,0.042052,1,0,0
0.64,0.46,0.047671,1,0,0
0.66,0.46,0.032418,1,0,0
0.68,0.46,0.0058369,1,0,0
0.7,0.46,-0.01256,1,0,0
0.72,0.46,0.00061564,1,0,0
0.74,0.46,-0.0016359,1,0,0
0.76,0.46,0.012405,1,0,0
0.78,0.46,0.024231,1,0,0
0.8,0.46,-0.0033683,1,0,0
0.82,0.46,-0.0031895,1,0,0
0.84,0.46,-0.00076357,1,0,0
0.86,0.46,-0.010519,1,0,0
0.88,0.46,-0.021504,1,0,0
0.9,0.46,0.024719,1,0,0
0.92,0.46,0.012588,1,0,0
0.94,0.46,0.021865,1,0,0
0.96,0.46,0.025206,1,0,0
0.98,0.46,0.010218,1,0,0
0.02,0.48,0.012106,1,0,0
0.04,0.48,0.017605,1,0,0
0.06,0.48,0.047178,1,0,0
0.08,0.48,0.074501,1,0,0
0.1,0.48,0.07847,1,0,0
0.12,0.48,0.066552,1,0,0
0.14,0.48,0.05191,1,0,0
0.16,0.48,0.062088,1,0,0
0.18,0.48,0.05808,1,0,0
0.2,0.48,0.055523,1,0,0
0.22,0.48,0.036503,1,0,0
0.24,0.48,0.0061939,1,0,0
0.26,0.48,0.012414,1,0,0
0.28,0.48,0.00090617,1,0,0
0.3,0.48,0.0065131,1,0,0
0.32,0.48,-0.0082586,1,0,0
0.34,0.48,0.012522,1,0,0
0.36,0.48,0.0010578,1,0,0
0.38,0.48,-0.0037979,1,0,0
0.4,0.48,0.010822,1,0,0
0.42,0.48,0.0019983,1,0,0
0.44,0.48,-0.0201,1,0,0
0.46,0.48,-0.003681,1,0,0
0.48,0.48,-0.017517,1,0,0
0.5,0.48,0.012573,1,0,0
0.52,0.48,0.0081129,1,0,0
0.54,0.48,0.026511,1,0,0
0.56,0.48,0.0096941,1,0,0
0.58,0.48,0.020136,1,0,0
0.6,0.48,0.041506,1,0,0
0.62,0.48,0.058221,1,0,0
0.64,0.48,0.043297,1,0,0
0.66,0.48,0.049079,1,0,0
0.68,0.48,0.020352,1,0,0
0.7,0.48,-0.00039507,1,0,0
0.72,0.48,-0.0089887,1,0,0
0.74,0.48,-0.017266,1,0,0
0.76,0.48,-0.023861,1,0,0
0.78,0.48,-0.003609,1,0,0
0.8,0.48,-0.0063542,1,0,0
0.82,0.48,-0.01683,1,0,0
0.84,0.48,0.010856,1,0,0
0.86,0.48,-0.012155,1,0,0
0.88,0.48,-0.010361,1,0,0
0.9,0.48,0.0097191,1,0,0
0.92,0.48,0.03071,1,0,0
0.94,0.48,0.030567,1,0,0
0.96,0.48,0.016483,1,0,0
0.98,0.48,0.019116,1,0,0
0.02,0.5,0.003515,1,0,0
0.04,0.5,0.017194,1,0,0
0.06,0.5,0.022738,1,0,0
0.08,0.5,0.045955,1,0,0
0.1,0.5,0.076022,1,0,0
0.12,0.5,0.069483,1,0,0
0.14,0.5,0.080341,1,0,0
0.16,0.5,0.076247,1,0,0
0.18,0.5,0.074142,1,0,0
0.2,0.5,0.054237,1,0,0
0.22,0.5,0.056093,1,0,0
0.24,0.5,0.034463,1,0,0
0.26,0.5,0.033672,1,0,0
0.28,0.5,0.0060599,1,0,0
0.3,0.5,-0.0044836,1,0,0
0.32,0.5,-0.014233,1,0,0
0.34,0.5,-0.006015,1,0,0
0.36,0.5,0.006072,1,0,0
0.38,0.5,0.013493,1,0,0
0.4,0.5,-0.019883,1,0,0
0.42,0.5,-0.016201,1,0,0
0.44,0.5,-0.031115,1,0,0
0.46,0.5,-0.023085,1,0,0
0.48,0.5,-0.0098383,1,0,0
0.5,0.5,0.0083648,1,0,0
0.52,0.5,0.017964,1,0,0
0.54,0.5,0.044426,1,0,0
0.56,0.5,0.026107,1,0,0
0.58,0.5,0.032304,1,0,0
0.6,0.5,0.028607,1,0,0
0.62,0.5,0.054357,1,0,0
0.64,0.5,0.054994,1,0,0
0.66,0.5,0.060906,1,0,0
0.68,0.5,0.010683,1,0,0
0.7,0.5,0.0025617,1,0,0
0.72,0.5,-0.0017251,1,0,0
0.74,0.5,-0.0063143,1,0,0
0.76,0.5,-0.019715,1,0,0
0.78,0.5,-0.013163,1,0,0
0.8,0.5,-0.02006,1,0,0
0.82,0.5,-0.012992,1,0,0
0.84,0.5,-0.0029778,1,0,0
0.86,0.5,0.0011813,1,0,0
0.88,0.5,0.0069065,1,0,0
0.9,0.5,0.026508,1,0,0
0.92,0.5,0.033601,1,0,0
0.94,0.5,0.01942,1,0,0
0.96,0.5,0.032652,1,0,0
0.98,0.5,0.0024917,1,0,0
0.02,0.52,0.01369,1,0,0
0.04,0.52,0.022486,1,0,0
0.06,0.52,0.031268,1,0,0
0.08,0.52,0.052116,1,0,0
0.1,0.52,0.051326,1,0,0
0.12,0.52,0.054276,1,0,0
0.14,0.52,0.073301,1,0,0
0.16,0.52,0.07359,1,0,0
0.18,0.52,0.066314,1,0,0
0.2,0.52,0.06006,1,0,0
0.22,0.52,0.05394,1,0,0
0.24,0.52,0.068809,1,0,0
0.26,0.52,0.041756,1,0,0
0.28,0.52,0.016066,1,0,0
0.3,0.52,-0.0016816,1,0,0
0.32,0.52,-0.026587,1,0,0
0.34,0.52,-0.015818,1,0,0
0.36,0.52,-0.0075845,1,0,0
0.38,0.52,-0.0050293,1,0,0
0.4,0.52,-0.033586,1,0,0
0.42,0.52,-0.026885,1,0,0
0.44,0.52,-0.027113,1,0,0
0.46,0.52,-0.0005671,1,0,0
0.48,0.52,-0.014181,1,0,0
0.5,0.52,-0.0029657,1,0,0
0.52,0.52,0.0086138,1,0,0
0.54,0.52,0.038938,1,0,0
0.56,0.52,0.038715,1,0,0
0.58,0.52,0.029751,1,0,0
0.6,0.52,0.025645,1,0,0
0.62,0.52,0.046978,1,0,0
0.64,0.52,0.048655,1,0,0
0.66,0.52,0.066093,1,0,0
0.68,0.52,0.037681,1,0,0
0.7,0.52,0.00080765,1,0,0
0.72,0.52,-0.0049868,1,0,0
0.74,0.52,-0.014052,1,0,0
0.76,0.52,-0.019921,1,0,0
0.78,0.52,-0.011616,1,0,0
0.8,0.52,0.0024151,1,0,0
0.82,0.52,0.021872,1,0,0
0.84,0.52,0.0074626,1,0,0
0.86,0.52,0.011982,1,0,0
0.88,0.52,0.012978,1,0,0
0.9,0.52,0.026206,1,0,0
0.92,0.52,0.02866,1,0,0
0.94,0.52,0.024925,1,0,0
0.96,0.52,0.031547,1,0,0
0.98,0.52,0.010436,1,0,0
0.02,0.54,0.044872,1,0,0
0.04,0.54,0.023199,1,0,0
0.06,0.54,0.018551,1,0,0
0.08,0.54,0.046936,1,0,0
0.1,0.54,0.046523,1,0,0
0.12,0.54,0.051561,1,0,0
0.14,0.54,0.060819,1,0,0
0.16,0.54,0.0696,1,0,0
0.18,0.54,0.050826,1,0,0
0.2,0.54,0.071842,1,0,0
0.22,0.54,0.069819,1,0,0
0.24,0.54,0.058463,1,0,0
0.26,0.54,0.069341,1,0,0
0.28,0.54,0.017186,1,0,0
0.3,0.54,0.0067976,1,0,0
0.32,0.54,-0.0005321,1,0,0
0.34,0.54,-0.0079136,1,0,0
0.36,0.54,0.014809,1,0,0
0.38,0.54,0.0087653,1,0,0
0.4,0.54,-0.0089877,1,0,0
0.42,0.54,-0.026615,1,0,0
0.44,0.54,-0.017373,1,0,0
0.46,0.54,-0.030332,1,0,0
0.48,0.54,0.003434,1,0,0
0.5,0.54,0.0077372,1,0,0
0.52,0.54,0.015986,1,0,0
0.54,0.54,0.024518,1,0,0
0.56,0.54,0.0074464,1,0,0
0.58,0.54,0.017394,1,0,0
0.6,0.54,0.046777,1,0,0
0.62,0.54,0.058093,1,0,0
0.64,0.54,0.058894,1,0,0
0.66,0.54,0.067833,1,0,0
0.68,0.54,0.05068,1,0,0
0.7,0.54,0.028822,1,0,0
0.72,0.54,-0.018263,1,0,0
0.74,0.54,-0.0074761,1,0,0
0.76,0.54,-0.011668,1,0,0
0.78,0.54,-0.0081669,1,0,0
0.8,0.54,0.0067979,1,0,0
0.82,0.54,0.0084508,1,0,0
0.84,0.54,0.0049412,1,0,0
0.86,0.54,-0.0014884,1,0,0
0.88,0.54,0.025853,1,0,0
0.9,0.54,0.049784,1,0,0
0.92,0.54,0.044611,1,0,0
0.94,0.54,0.034481,1,0,0
0.96,0.54,0.0046292,1,0,0
0.98,0.54,0.02062,1,0,0
0.02,0.56,0.017453,1,0,0
0.04,0.56,0.014437,1,0,0
0.06,0.56,0.016885,1,0,0
0.08,0.56,0.031166,1,0,0
0.1,0.56,0.01375,1,0,0
0.12,0.56,0.016277,1,0,0
0.14,0.56,0.03727,1,0,0
0.16,0.56,0.038318,1,0,0
0.18,0.56,0.047182,1,0,0
0.2,0.56,0.05744,1,0,0
0.22,0.56,0.025924,1,0,0
0.24,0.56,0.033791,1,0,0
0.26,0.56,0.0058395,1,0,0
0.28,0.56,-0.011627,1,0,0
0.3,0.56,-0.012539,1,0,0
0.32,0.56,-0.011336,1,0,0
0.34,0.56,-0.010986,1,0,0
0.36,0.56,0.011298,1,0,0
0.38,0.56,-0.0036844,1,0,0
0.4,0.56,-0.014257,1,0,0
0.42,0.56,-0.035027,1,0,0
0.44,0.56,-0.019561,1,0,0
0.46,0.56,-0.027735,1,0,0
0.48,0.56,-0.020278,1,0,0
0.5,0.56,-0.016071,1,0,0
0.52,0.56,-0.011052,1,0,0
0.54,0.56,-0.028571,1,0,0
0.56,0.56,-0.0046525,1,0,0
0.58,0.56,-0.0093134,1,0,0
0.6,0.56,0.013085,1,0,0
0.62,0.56,0.029711,1,0,0
0.64,0.56,0.037914,1,0,0
0.66,0.56,0.047556,1,0,0
0.68,0.56,0.05382,1,0,0
0.7,0.56,0.025924,1,0,0
0.72,0.56,-0.01245,1,0,0
0.74,0.56,-0.020116,1,0,0
0.76,0.56,-0.017644,1,0,0
0.78,0.56,0.0022313,1,0,0
0.8,0.56,-0.011552,1,0,0
0.82,0.56,0.0054933,1,0,0
0.84,0.56,-0.01956,1,0,0
0.86,0.56,-0.0079958,1,0,0
0.88,0.56,-0.0089613,1,0,0
0.9,0.56,0.028876,1,0,0
0.92,0.56,0.033825,1,0,0
0.94,0.56,0.027184,1,0,0
0.96,0.56,0.002275,1,0,0
0.98,0.56,0.0017029,1,0,0
0.02,0.58,-0.0010476,1,0,0
0.04,0.58,0.019315,1,0,0
0.06,0.58,0.023277,1,0,0
0.08,0.58,0.019728,1,0,0
0.1,0.58,0.01389,1,0,0
0.12,0.58,0.038886,1,0,0
0.14,0.58,0.056498,1,0,0
0.16,0.58,0.032745,1,0,0
0.18,0.58,0.021718,1,0,0
0.2,0.58,0.050103,1,0,0
0.22,0.58,0.024056,1,0,0
0.24,0.58,0.02739,1,0,0
0.26,0.58,0.022967,1,0,0
0.28,0.58,0.011718,1,0,0
0.3,0.58,-0.030474,1,0,0
0.32,0.58,0.0076099,1,0,0
0.34,0.58,0.0070266,1,0,0
0.36,0.58,0.02341,1,0,0
0.38,0.58,0.023916,1,0,0
0.4,0.58,0.0065428,1,0,0
0.42,0.58,0.0017959,1,0,0
0.44,0.58,-0.022213,1,0,0
0.46,0.58,-0.030047,1,0,0
0.48,0.58,-0.00095232,1,0,0
0.5,0.58,-0.017836,1,0,0
0.52,0.58,-0.018888,1,0,0
0.54,0.58,0.0050632,1,0,0
0.56,0.58,-0.007472,1,0,0
0.58,0.58,-0.004661,1,0,0
0.6,0.58,0.016857,1,0,0
0.62,0.58,0.044867,1,0,0
0.64,0.58,0.064007,1,0,0
0.66,0.58,0.060378,1,0,0
0.68,0.58,0.032453,1,0,0
0.7,0.58,0.0055867,1,0,0
0.72,0.58,0.00039408,1,0,0
0.74,0.58,0.00048585,1,0,0
0.76,0.58,0.011288,1,0,0
0.78,0.58,0.016152,1,0,0
0.8,0.58,0.010134,1,0,0
0.82,0.58,-0.002265,1,0,0
0.84,0.58,-0.01491,1,0,0
0.86,0.58,0.0076453,1,0,0
0.88,0.58,-0.01193,1,0,0
0.9,0.58,0.0064134,1,0,0
0.92,0.58,0.025468,1,0,0
0.94,0.58,0.028079,1,0,0
0.96,0.58,0.014706,1,0,0
0.98,0.58,-0.0004481,1,0,0
0.02,0.6,0.023741,1,0,0
0.04,0.6,0.032925,1,0,0
0.06,0.6,0.030222,1,0,0
0.08,0.6,0.033435,1,0,0
0.1,0.6,0.034448,1,0,0
0.12,0.6,0.033914,1,0,0
0.14,0.6,0.029664,1,0,0
0.16,0.6,0.028152,1,0,0
0.18,0.6,0.030039,1,0,0
0.2,0.6,0.035068,1,0,0
0.22,0.6,0.044467,1,0,0
0.24,0.6,0.049326,1,0,0
0.26,0.6,0.032584,1,0,0
0.28,0.6,0.020193,1,0,0
0.3,0.6,0.031982,1,0,0
0.32,0.6,0.01653,1,0,0
0.34,0.6,0.0060724,1,0,0
0.36,0.6,0.017411,1,0,0
0.38,0.6,0.020035,1,0,0
0.4,0.6,0.035685,1,0,0
0.42,0.6,0.022666,1,0,0
0.44,0.6,0.015159,1,0,0
0.46,0.6,-0.013303,1,0,0
0.48,0.6,-0.022339,1,0,0
0.5,0.6,0.0032727,1,0,0
0.52,0.6,-0.0010815,1,0,0
0.54,0.6,0.011416,1,0,0
0.56,0.6,0.023075,1,0,0
0.58,0.6,0.03859,1,0,0
0.6,0.6,0.042669,1,0,0
0.62,0.6,0.067461,1,0,0
0.64,0.6,0.062722,1,0,0
0.66,0.6,0.062819,1,0,0
0.68,0.6,0.03312,1,0,0
0.7,0.6,0.023712,1,0,0
0.72,0.6,0.0046317,1,0,0
0.74,0.6,0.0031137,1,0,0
0.76,0.6,0.0018041,1,0,0
0.78,0.6,0.021828,1,0,0
0.8,0.6,0.020073,1,0,0
0.82,0.6,0.015137,1,0,0
0.84,0.6,0.025303,1,0,0
0.86,0.6,0.0098162,1,0,0
0.88,0.6,0.011177,1,0,0
0.9,0.6,0.0062299,1,0,0
0.92,0.6,0.0148,1,0,0
0.94,0.6,0.018949,1,0,0
0.96,0.6,0.024393,1,0,0
0.98,0.6,0.0087249,1,0,0
0.02,0.62,0.037928,1,0,0
0.04,0.62,0.0041634,1,0,0
0.06,0.62,0.0059157,1,0,0
0.08,0.62,0.02898,1,0,0
0.1,0.62,0.053848,1,0,0
0.12,0.62,0.041755,1,0,0
0.14,0.62,0.042453,1,0,0
0.16,0.62,0.048556,1,0,0
0.18,0.62,0.024484,1,0,0
0.2,0.62,0.036632,1,0,0
0.22,0.62,0.048593,1,0,0
0.24,0.62,0.040385,1,0,0
0.26,0.62,0.03985,1,0,0
0.28,0.62,0.026582,1,0,0
0.3,0.62,0.037778,1,0,0
0.32,0.62,0.02203,1,0,0
0.34,0.62,0.013177,1,0,0
0.36,0.62,0.0056506,1,0,0
0.38,0.62,0.041085,1,0,0
0.4,0.62,0.037061,1,0,0
0.42,0.62,0.034124,1,0,0
0.44,0.62,-0.00030334,1,0,0
0.46,0.62,-0.019149,1,0,0
0.48,0.62,-0.017132,1,0,0
0.5,0.62,0.020626,1,0,0
0.52,0.62,0.035404,1,0,0
0.54,0.62,0.050093,1,0,0
0.56,0.62,0.034925,1,0,0
0.58,0.62,0.064509,1,0,0
0.6,0.62,0.090188,1,0,0
0.62,0.62,0.065346,1,0,0
0.64,0.62,0.037944,1,0,0
0.66,0.62,0.043628,1,0,0
0.68,0.62,0.033977,1,0,0
0.7,0.62,0.021761,1,0,0
0.72,0.62,0.01534,1,0,0
0.74,0.62,0.035399,1,0,0
0.76,0.62,0.028,1,0,0
0.78,0.62,0.033957,1,0,0
0.8,0.62,0.017337,1,0,0
0.82,0.62,0.0094581,1,0,0
0.84,0.62,0.014735,1,0,0
0.86,0.62,0.018443,1,0,0
0.88,0.62,0.027437,1,0,0
0.9,0.62,0.022336,1,0,0
0.92,0.62,0.0054495,1,0,0
0.94,0.62,0.020998,1,0,0
0.96,0.62,0.032119,1,0,0
0.98,0.62,0.013486,1,0,0
0.02,0.64,0.0095847,1,0,0
0.04,0.64,0.029296,1,0,0
0.06,0.64,0.015933,1,0,0
0.08,0.64,0.044796,1,0,0
0.1,0.64,0.04315,1,0,0
0.12,0.64,0.040965,1,0,0
0.14,0.64,0.042333,1,0,0
0.16,0.64,0.042779,1,0,0
0.18,0.64,0.041207,1,0,0
0.2,0.64,0.027772,1,0,0
0.22,0.64,0.055044,1,0,0
0.24,0.64,0.050114,1,0,0
0.26,0.64,0.032087,1,0,0
0.28,0.64,0.030163,1,0,0
0.3,0.64,0.044418,1,0,0
0.32,0.64,0.018818,1,0,0
0.34,0.64,0.019699,1,0,0
0.36,0.64,-0.002802,1,0,0
0.38,0.64,0.0333,1,0,0
0.4,0.64,0.037242,1,0,0
0.42,0.64,0.04003,1,0,0
0.44,0.64,0.018174,1,0,0
0.46,0.64,0.010017,1,0,0
0.48,0.64,-0.0065965,1,0,0
0.5,0.64,0.0051368,1,0,0
0.52,0.64,0.027888,1,0,0
0.54,0.64,0.047128,1,0,0
0.56,0.64,0.049896,1,0,0
0.58,0.64,0.080888,1,0,0
0.6,0.64,0.086155,1,0,0
0.62,0.64,0.077097,1,0,0
0.64,0.64,0.031437,1,0,0
0.66,0.64,0.04895,1,0,0
0.68,0.64,0.038712,1,0,0
0.7,0.64,0.010543,1,0,0
0.72,0.64,0.011183,1,0,0
0.74,0.64,0.0089402,1,0,0
0.76,0.64,0.01967,1,0,0
0.78,0.64,0.021051,1,0,0
0.8,0.64,0.015257,1,0,0
0.82,0.64,0.0043877,1,0,0
0.84,0.64,0.018171,1,0,0
0.86,0.64,0.0026143,1,0,0
0.88,0.64,8.012e-05,1,0,0
0.9,0.64,0.005619,1,0,0
0.92,0.64,-0.0026846,1,0,0
0.94,0.64,0.0098566,1,0,0
0.96,0.64,0.05064,1,0,0
0.98,0.64,0.028486,1,0,0
0.02,0.66,0.030725,1,0,0
0.04,0.66,0.067378,1,0,0
0.06,0.66,0.04917,1,0,0
0.08,0.66,0.030024,1,0,0
0.1,0.66,0.031244,1,0,0
0.12,0.66,0.051717,1,0,0
0.14,0.66,0.055945,1,0,0
0.16,0.66,0.045036,1,0,0
0.18,0.66,0.026119,1,0,0
0.2,0.66,0.027919,1,0,0
0.22,0.66,0.060026,1,0,0
0.24,0.66,0.061727,1,0,0
0.26,0.66,0.05747,1,0,0
0.28,0.66,0.039329,1,0,0
0.3,0.66,0.033156,1,0,0
0.32,0.66,0.025294,1,0,0
0.34,0.66,0.030958,1,0,0
0.36,0.66,0.027623,1,0,0
0.38,0.66,0.040472,1,0,0
0.4,0.66,0.039276,1,0,0
0.42,0.66,0.037257,1,0,0
0.44,0.66,0.023427,1,0,0
0.46,0.66,0.012186,1,0,0
0.48,0.66,0.018581,1,0,0
0.5,0.66,0.026231,1,0,0
0.52,0.66,0.020266,1,0,0
0.54,0.66,0.04507,1,0,0
0.56,0.66,0.062756,1,0,0
0.58,0.66,0.071385,1,0,0
0.6,0.66,0.084781,1,0,0
0.62,0.66,0.081529,1,0,0
0.64,0.66,0.08405,1,0,0
0.66,0.66,0.066284,1,0,0
0.68,0.66,0.035771,1,0,0
0.7,0.66,0.01731,1,0,0
0.72,0.66,0.014498,1,0,0
0.74,0.66,0.0090558,1,0,0
0.76,0.66,0.023103,1,0,0
0.78,0.66,0.046729,1,0,0
0.8,0.66,0.013076,1,0,0
0.82,0.66,0.0010132,1,0,0
0.84,0.66,0.015697,1,0,0
0.86,0.66,0.015968,1,0,0
0.88,0.66,0.0153,1,0,0
0.9,0.66,0.032999,1,0,0
0.92,0.66,0.024293,1,0,0
0.94,0.66,0.037994,1,0,0
0.96,0.66,0.060358,1,0,0
0.98,0.66,0.052565,1,0,0
0.02,0.68,0.060367,1,0,0
0.04,0.68,0.058308,1,0,0
0.06,0.68,0.058056,1,0,0
0.08,0.68,0.018656,1,0,0
0.1,0.68,0.010198,1,0,0
0.12,0.68,0.043122,1,0,0
0.14,0.68,0.042471,1,0,0
0.16,0.68,0.044254,1,0,0
0.18,0.68,0.039741,1,0,0
0.2,0.68,0.07647,1,0,0
0.22,0.68,0.057465,1,0,0
0.24,0.68,0.050048,1,0,0
0.26,0.68,0.053865,1,0,0
0.28,0.68,0.052598,1,0,0
0.3,0.68,0.034479,1,0,0
0.32,0.68,0.053586,1,0,0
0.34,0.68,0.056425,1,0,0
0.36,0.68,0.031028,1,0,0
0.38,0.68,0.020676,1,0,0
0.4,0.68,0.044994,1,0,0
0.42,0.68,0.036629,1,0,0
0.44,0.68,0.019131,1,0,0
0.46,0.68,0.019477,1,0,0
0.48,0.68,0.031914,1,0,0
0.5,0.68,0.044808,1,0,0
0.52,0.68,0.025968,1,0,0
0.54,0.68,0.045615,1,0,0
0.56,0.68,0.06482,1,0,0
0.58,0.68,0.071054,1,0,0
0.6,0.68,0.08145,1,0,0
0.62,0.68,0.060543,1,0,0
0.64,0.68,0.053489,1,0,0
0.66,0.68,0.037585,1,0,0
0.68,0.68,0.048738,1,0,0
0.7,0.68,0.037327,1,0,0
0.72,0.68,0.021725,1,0,0
0.74,0.68,0.016231,1,0,0
0.76,0.68,0.013545,1,0,0
0.78,0.68,0.049888,1,0,0
0.8,0.68,0.037289,1,0,0
0.82,0.68,0.0081448,1,0,0
0.84,0.68,0.0099231,1,0,0
0.86,0.68,0.018271,1,0,0
0.88,0.68,0.020094,1,0,0
0.9,0.68,0.040599,1,0,0
0.92,0.68,0.042869,1,0,0
0.94,0.68,0.064871,1,0,0
0.96,0.68,0.044896,1,0,0
0.98,0.68,0.045014,1,0,0
0.02,0.7,0.078857,1,0,0
0.04,0.7,0.075003,1,0,0
0.06,0.7,0.029426,1,0,0
0.08,0.7,0.030952,1,0,0
0.1,0.7,0.012616,1,0,0
0.12,0.7,0.023091,1,0,0
0.14,0.7,0.038821,1,0,0
0.16,0.7,0.047081,1,0,0
0.18,0.7,0.056399,1,0,0
0.2,0.7,0.067859,1,0,0
0.22,0.7,0.062846,1,0,0
0.24,0.7,0.092774,1,0,0
0.26,0.7,0.078223,1,0,0
0.28,0.7,0.066262,1,0,0
0.3,0.7,0.05653,1,0,0
0.32,0.7,0.056485,1,0,0
0.34,0.7,0.039145,1,0,0
0.36,0.7,0.041611,1,0,0
0.38,0.7,0.042087,1,0,0
0.4,0.7,0.033065,1,0,0
0.42,0.7,0.02659,1,0,0
0.44,0.7,0.042623,1,0,0
0.46,0.7,0.031575,1,0,0
0.48,0.7,0.042436,1,0,0
0.5,0.7,0.056829,1,0,0
0.52,0.7,0.044744,1,0,0
0.54,0.7,0.039762,1,0,0
0.56,0.7,0.056336,1,0,0
0.58,0.7,0.07619,1,0,0
0.6,0.7,0.066287,1,0,0
0.62,0.7,0.06893,1,0,0
0.64,0.7,0.030629,1,0,0
0.66,0.7,0.040659,1,0,0
0.68,0.7,0.045316,1,0,0
0.7,0.7,0.035017,1,0,0
0.72,0.7,0.016545,1,0,0
0.74,0.7,0.015995,1,0,0
0.76,0.7,0.048682,1,0,0
0.78,0.7,0.052733,1,0,0
0.8,0.7,0.04397,1,0,0
0.82,0.7,0.03317,1,0,0
0.84,0.7,0.038896,1,0,0
0.86,0.7,0.033693,1,0,0
0.88,0.7,0.055823,1,0,0
0.9,0.7,0.053282,1,0,0
0.92,0.7,0.035451,1,0,0
0.94,0.7,0.04304,1,0,0
0.96,0.7,0.045382,1,0,0
0.98,0.7,0.051316,1,0,0
0.02,0.72,0.092029,1,0,0
0.04,0.72,0.062929,1,0,0
0.06,0.72,0.0454,1,0,0
0.08,0.72,0.03908,1,0,0
0.1,0.72,0.0018876,1,0,0
0.12,0.72,-0.0020672,1,0,0
0.14,0.72,0.031757,1,0,0
0.16,0.72,0.037039,1,0,0
0.18,0.72,0.039785,1,0,0
0.2,0.72,0.056287,1,0,0
0.22,0.72,0.07174,1,0,0
0.24,0.72,0.081554,1,0,0
0.26,0.72,0.078889,1,0,0
0.28,0.72,0.065475,1,0,0
0.3,0.72,0.061255,1,0,0
0.32,0.72,0.0554,1,0,0
0.34,0.72,0.023312,1,0,0
0.36,0.72,0.019343,1,0,0
0.38,0.72,0.038394,1,0,0
0.4,0.72,0.018202,1,0,0
0.42,0.72,0.032788,1,0,0
0.44,0.72,0.047096,1,0,0
0.46,0.72,0.03681,1,0,0
0.48,0.72,0.029846,1,0,0
0.5,0.72,0.023087,1,0,0
0.52,0.72,0.028601,1,0,0
0.54,0.72,0.046312,1,0,0
0.56,0.72,0.045597,1,0,0
0.58,0.72,0.056214,1,0,0
0.6,0.72,0.060177,1,0,0
0.62,0.72,0.050501,1,0,0
0.64,0.72,0.036448,1,0,0
0.66,0.72,0.04395,1,0,0
0.68,0.72,0.047925,1,0,0
0.7,0.72,0.030272,1,0,0
0.72,0.72,0.0062888,1,0,0
0.74,0.72,0.034121,1,0,0
0.76,0.72,0.018369,1,0,0
0.78,0.72,0.024344,1,0,0
0.8,0.72,0.042714,1,0,0
0.82,0.72,0.067755,1,0,0
0.84,0.72,0.055064,1,0,0
0.86,0.72,0.064871,1,0,0
0.88,0.72,0.05933,1,0,0
0.9,0.72,0.052495,1,0,0
0.92,0.72,0.034156,1,0,0
0.94,0.72,0.04147,1,0,0
0.96,0.72,0.049676,1,0,0
0.98,0.72,0.038422,1,0,0
0.02,0.74,0.076846,1,0,0
0.04,0.74,0.045052,1,0,0
0.06,0.74,0.023946,1,0,0
0.08,0.74,0.026114,1,0,0
0.1,0.74,0.0053625,1,0,0
0.12,0.74,0.020596,1,0,0
0.14,0.74,0.056086,1,0,0
0.16,0.74,0.052499,1,0,0
0.18,0.74,0.052679,1,0,0
0.2,0.74,0.049514,1,0,0
0.22,0.74,0.048979,1,0,0
0.24,0.74,0.055411,1,0,0
0.26,0.74,0.063609,1,0,0
0.28,0.74,0.027459,1,0,0
0.3,0.74,0.062066,1,0,0
0.32,0.74,0.044291,1,0,0
0.34,0.74,0.030555,1,0,0
0.36,0.74,0.035659,1,0,0
0.38,0.74,0.050905,1,0,0
0.4,0.74,0.027826,1,0,0
0.42,0.74,0.014772,1,0,0
0.44,0.74,0.028282,1,0,0
0.46,0.74,0.020074,1,0,0
0.48,0.74,-0.0025597,1,0,0
0.5,0.74,0.030562,1,0,0
0.52,0.74,0.026419,1,0,0
0.54,0.74,0.050149,1,0,0
0.56,0.74,0.048602,1,0,0
0.58,0.74,0.040985,1,0,0
0.6,0.74,0.038135,1,0,0
0.62,0.74,0.048106,1,0,0
0.64,0.74,0.043597,1,0,0
0.66,0.74,0.037764,1,0,0
0.68,0.74,0.024742,1,0,0
0.7,0.74,0.026993,1,0,0
0.72,0.74,0.013627,1,0,0
0.74,0.74,0.044272,1,0,0
0.76,0.74,0.018519,1,0,0
0.78,0.74,0.011319,1,0,0
0.8,0.74,0.012226,1,0,0
0.82,0.74,0.038998,1,0,0
0.84,0.74,0.040478,1,0,0
0.86,0.74,0.042938,1,0,0
0.88,0.74,0.062081,1,0,0
0.9,0.74,0.039408,1,0,0
0.92,0.74,0.033451,1,0,0
0.94,0.74,0.04751,1,0,0
0.96,0.74,0.03679,1,0,0
0.98,0.74,0.056512,1,0,0
0.02,0.76,0.049001,1,0,0
0.04,0.76,0.038333,1,0,0
0.06,0.76,0.033814,1,0,0
0.08,0.76,0.035964,1,0,0
0.1,0.76,0.025856,1,0,0
0.12,0.76,0.024373,1,0,0
0.14,0.76,0.037582,1,0,0
0.16,0.76,0.033636,1,0,0
0.18,0.76,0.06944,1,0,0
0.2,0.76,0.074563,1,0,0
0.22,0.76,0.028795,1,0,0
0.24,0.76,0.0015023,1,0,0
0.26,0.76,0.031856,1,0,0
0.28,0.76,0.013071,1,0,0
0.3,0.76,0.028282,1,0,0
0.32,0.76,0.032191,1,0,0
0.34,0.76,0.020461,1,0,0
0.36,0.76,0.0053673,1,0,0
0.38,0.76,0.027452,1,0,0
0.4,0.76,0.011174,1,0,0
0.42,0.76,0.032968,1,0,0
0.44,0.76,0.023456,1,0,0
0.46,0.76,0.0020123,1,0,0
0.48,0.76,0.010809,1,0,0
0.5,0.76,0.028156,1,0,0
0.52,0.76,0.015128,1,0,0
0.54,0.76,0.032211,1,0,0
0.56,0.76,0.026441,1,0,0
0.58,0.76,0.047599,1,0,0
0.6,0.76,0.036747,1,0,0
0.62,0.76,0.0563,1,0,0
0.64,0.76,0.046685,1,0,0
0.66,0.76,0.032242,1,0,0
0.68,0.76,0.022588,1,0,0
0.7,0.76,0.037538,1,0,0
0.72,0.76,0.014502,1,0,0
0.74,0.76,0.018326,1,0,0
0.76,0.76,0.0058899,1,0,0
0.78,0.76,0.012347,1,0,0
0.8,0.76,0.028269,1,0,0
0.82,0.76,0.034093,1,0,0
0.84,0.76,0.043809,1,0,0
0.86,0.76,0.044397,1,0,0
0.88,0.76,0.025487,1,0,0
0.9,0.76,0.018181,1,0,0
0.92,0.76,0.028966,1,0,0
0.94,0.76,0.047521,1,0,0
0.96,0.76,0.028453,1,0,0
0.98,0.76,0.048851,1,0,0
0.02,0.78,0.060578,1,0,0
0.04,0.78,0.048784,1,0,0
0.06,0.78,0.047291,1,0,0
0.08,0.78,0.049425,1,0,0
0.1,0.78,0.029451,1,0,0
0.12,0.78,0.018413,1,0,0
0.14,0.78,0.047529,1,0,0
0.16,0.78,0.027551,1,0,0
0.18,0.78,0.060138,1,0,0
0.2,0.78,0.057949,1,0,0
0.22,0.78,0.014965,1,0,0
0.24,0.78,0.021694,1,0,0
0.26,0.78,0.019807,1,0,0
0.28,0.78,0.024982,1,0,0
0.3,0.78,0.015147,1,0,0
0.32,0.78,0.012491,1,0,0
0.34,0.78,0.023413,1,0,0
0.36,0.78,0.017935,1,0,0
0.38,0.78,0.017966,1,0,0
0.4,0.78,0.011455,1,0,0
0.42,0.78,0.023068,1,0,0
0.44,0.78,0.014908,1,0,0
0.46,0.78,0.017095,1,0,0
0.48,0.78,0.017872,1,0,0
0.5,0.78,0.029792,1,0,0
0.52,0.78,0.032045,1,0,0
0.54,0.78,0.039887,1,0,0
0.56,0.78,0.042094,1,0,0
0.58,0.78,0.047436,1,0,0
0.6,0.78,0.058725,1,0,0
0.62,0.78,0.082681,1,0,0
0.64,0.78,0.071188,1,0,0
0.66,0.78,0.058877,1,0,0
0.68,0.78,0.029401,1,0,0
0.7,0.78,0.0091103,1,0,0
0.72,0.78,0.0065744,1,0,0
0.74,0.78,0.013631,1,0,0
0.76,0.78,0.0073376,1,0,0
0.78,0.78,0.031081,1,0,0
0.8,0.78,0.017575,1,0,0
0.82,0.78,0.04439,1,0,0
0.84,0.78,0.038463,1,0,0
0.86,0.78,0.05419,1,0,0
0.88,0.78,0.013777,1,0,0
0.9,0.78,0.013532,1,0,0
0.92,0.78,0.026028,1,0,0
0.94,0.78,0.036942,1,0,0
0.96,0.78,0.030896,1,0,0
0.98,0.78,0.042368,1,0,0
0.02,0.8,0.038318,1,0,0
0.04,0.8,0.039336,1,0,0
0.06,0.8,0.024462,1,0,0
0.08,0.8,0.025315,1,0,0
0.1,0.8,0.01922,1,0,0
0.12,0.8,0.017084,1,0,0
0.14,0.8,0.026027,1,0,0
0.16,0.8,0.050676,1,0,0
0.18,0.8,0.026796,1,0,0
0.2,0.8,0.0090191,1,0,0
0.22,0.8,-0.0045346,1,0,0
0.24,0.8,-0.015567,1,0,0
0.26,0.8,-0.021528,1,0,0
0.28,0.8,-0.019229,1,0,0
0.3,0.8,-0.0066021,1,0,0
0.32,0.8,0.0074728,1,0,0
0.34,0.8,-0.0054734,1,0,0
0.36,0.8,0.023467,1,0,0
0.38,0.8,0.015908,1,0,0
0.4,0.8,0.0018545,1,0,0
0.42,0.8,-0.0052659,1,0,0
0.44,0.8,0.013299,1,0,0
0.46,0.8,-0.00092447,1,0,0
0.48,0.8,0.007375,1,0,0
0.5,0.8,0.011184,1,0,0
0.52,0.8,0.020624,1,0,0
0.54,0.8,0.067516,1,0,0
0.56,0.8,0.046806,1,0,0
0.58,0.8,0.051496,1,0,0
0.6,0.8,0.052952,1,0,0
0.62,0.8,0.04992,1,0,0
0.64,0.8,0.052192,1,0,0
0.66,0.8,0.03836,1,0,0
0.68,0.8,0.010681,1,0,0
0.7,0.8,0.011279,1,0,0
0.72,0.8,-0.0025084,1,0,0
0.74,0.8,0.020469,1,0,0
0.76,0.8,0.01116,1,0,0
0.78,0.8,0.016383,1,0,0
0.8,0.8,0.014125,1,0,0
0.82,0.8,0.027118,1,0,0
0.84,0.8,0.034883,1,0,0
0.86,0.8,-0.010256,1,0,0
0.88,0.8,-0.0055696,1,0,0
0.9,0.8,0.015742,1,0,0
0.92,0.8,0.0088188,1,0,0
0.94,0.8,0.0088796,1,0,0
0.96,0.8,0.01957,1,0,0
0.98,0.8,0.025971,1,0,0
0.02,0.82,0.044099,1,0,0
0.04,0.82,0.029365,1,0,0
0.06,0.82,0.015748,1,0,0
0.08,0.82,0.029654,1,0,0
0.1,0.82,0.013621,1,0,0
0.12,0.82,0.015333,1,0,0
0.14,0.82,0.020162,1,0,0
0.16,0.82,0.020946,1,0,0
0.18,0.82,-0.024238,1,0,0
0.2,0.82,-0.028784,1,0,0
0.22,0.82,-0.032353,1,0,0
0.24,0.82,-0.025753,1,0,0
0.26,0.82,-0.042931,1,0,0
0.28,0.82,-0.028987,1,0,0
0.3,0.82,-0.037677,1,0,0
0.32,0.82,-0.045831,1,0,0
0.34,0.82,-0.018713,1,0,0
0.36,0.82,-0.0023026,1,0,0
0.38,0.82,0.0034877,1,0,0
0.4,0.82,0.024712,1,0,0
0.42,0.82,0.0075588,1,0,0
0.44,0.82,0.017492,1,0,0
0.46,0.82,0.025409,1,0,0
0.48,0.82,0.0095218,1,0,0
0.5,0.82,-0.0057657,1,0,0
0.52,0.82,0.0091434,1,0,0
0.54,0.82,0.041133,1,0,0
0.56,0.82,0.031424,1,0,0
0.58,0.82,0.032938,1,0,0
0.6,0.82,0.054849,1,0,0
0.62,0.82,0.045269,1,0,0
0.64,0.82,0.033636,1,0,0
0.66,0.82,0.045111,1,0,0
0.68,0.82,0.033321,1,0,0
0.7,0.82,0.0069048,1,0,0
0.72,0.82,0.01623,1,0,0
0.74,0.82,0.032714,1,0,0
0.76,0.82,0.0084595,1,0,0
0.78,0.82,0.015067,1,0,0
0.8,0.82,0.016518,1,0,0
0.82,0.82,0.015502,1,0,0
0.84,0.82,0.012562,1,0,0
0.86,0.82,-0.0093572,1,0,0
0.88,0.82,0.0013602,1,0,0
0.9,0.82,0.010418,1,0,0
0.92,0.82,-0.015246,1,0,0
0.94,0.82,-0.0092888,1,0,0
0.96,0.82,-0.010058,1,0,0
0.98,0.82,0.006317,1,0,0
0.02,0.84,0.031085,1,0,0
0.04,0.84,0.0479,1,0,0
0.06,0.84,0.01581,1,0,0
0.08,0.84,0.033082,1,0,0
0.1,0.84,0.043847,1,0,0
0.12,0.84,0.0053011,1,0,0
0.14,0.84,-0.0094584,1,0,0
0.16,0.84,-0.013115,1,0,0
0.18,0.84,-0.036188,1,0,0
0.2,0.84,-0.062031,1,0,0
0.22,0.84,-0.057489,1,0,0
0.24,0.84,-0.047231,1,0,0
0.26,0.84,-0.051386,1,0,0
0.28,0.84,-0.035781,1,0,0
0.3,0.84,-0.044473,1,0,0
0.32,0.84,-0.058238,1,0,0
0.34,0.84,-0.02945,1,0,0
0.36,0.84,-0.012457,1,0,0
0.38,0.84,0.020935,1,0,0
0.4,0.84,0.022195,1,0,0
0.42,0.84,0.046374,1,0,0
0.44,0.84,0.041428,1,0,0
0.46,0.84,0.017547,1,0,0
0.48,0.84,0.020796,1,0,0
0.5,0.84,-0.010366,1,0,0
0.52,0.84,-0.0098356,1,0,0
0.54,0.84,0.00023445,1,0,0
0.56,0.84,0.016376,1,0,0
0.58,0.84,0.041178,1,0,0
0.6,0.84,0.051785,1,0,0
0.62,0.84,0.035027,1,0,0
0.64,0.84,0.02978,1,0,0
0.66,0.84,0.050944,1,0,0
0.68,0.84,0.051084,1,0,0
0.7,0.84,0.042905,1,0,0
0.72,0.84,0.034467,1,0,0
0.74,0.84,0.005439,1,0,0
0.76,0.84,-0.00020851,1,0,0
0.78,0.84,0.022085,1,0,0
0.8,0.84,-0.0041916,1,0,0
0.82,0.84,-0.0069412,1,0,0
0.84,0.84,-0.0054194,1,0,0
0.86,0.84,-0.013115,1,0,0
0.88,0.84,-0.016078,1,0,0
0.9,0.84,0.020096,1,0,0
0.92,0.84,-0.017992,1,0,0
0.94,0.84,-0.021841,1,0,0
0.96,0.84,-0.011313,1,0,0
0.98,0.84,-0.019033,1,0,0
0.02,0.86,0.02346,1,0,0
0.04,0.86,0.048037,1,0,0
0.06,0.86,0.022024,1,0,0
0.08,0.86,0.014565,1,0,0
0.1,0.86,0.015259,1,0,0
0.12,0.86,0.021789,1,0,0
0.14,0.86,-0.0037739,1,0,0
0.16,0.86,-0.030621,1,0,0
0.18,0.86,-0.050513,1,0,0
0.2,0.86,-0.082456,1,0,0
0.22,0.86,-0.067375,1,0,0
0.24,0.86,-0.067596,1,0,0
0.26,0.86,-0.05591,1,0,0
0.28,0.86,-0.062343,1,0,0
0.3,0.86,-0.068827,1,0,0
0.32,0.86,-0.074218,1,0,0
0.34,0.86,-0.013962,1,0,0
0.36,0.86,-0.012448,1,0,0
0.38,0.86,0.0065184,1,0,0
0.4,0.86,0.031701,1,0,0
0.42,0.86,0.040125,1,0,0
0.44,0.86,0.020009,1,0,0
0.46,0.86,0.017149,1,0,0
0.48,0.86,0.0073833,1,0,0
0.5,0.86,0.0020562,1,0,0
0.52,0.86,-0.011932,1,0,0
0.54,0.86,0.015406,1,0,0
0.56,0.86,0.0089283,1,0,0
0.58,0.86,0.022931,1,0,0
0.6,0.86,0.025004,1,0,0
0.62,0.86,0.033796,1,0,0
0.64,0.86,0.038258,1,0,0
0.66,0.86,0.054792,1,0,0
0.68,0.86,0.049142,1,0,0
0.7,0.86,0.041204,1,0,0
0.72,0.86,0.046123,1,0,0
0.74,0.86,0.031487,1,0,0
0.76,0.86,0.01608,1,0,0
0.78,0.86,0.031624,1,0,0
0.8,0.86,0.0014075,1,0,0
0.82,0.86,-0.03791,1,0,0
0.84,0.86,-0.0013228,1,0,0
0.86,0.86,-0.013115,1,0,0
0.88,0.86,-0.010491,1,0,0
0.9,0.86,0.012394,1,0,0
0.92,0.86,0.014931,1,0,0
0.94,0.86,-0.0021849,1,0,0
0.96,0.86,-0.013618,1,0,0
0.98,0.86,-0.024215,1,0,0
0.02,0.88,0.032575,1,0,0
0.04,0.88,0.044421,1,0,0
0.06,0.88,0.041717,1,0,0
0.08,0.88,0.021034,1,0,0
0.1,0.88,0.0109,1,0,0
0.12,0.88,0.0015585,1,0,0
0.14,0.88,-0.0030131,1,0,0
0.16,0.88,-0.021604,1,0,0
0.18,0.88,-0.053846,1,0,0
0.2,0.88,-0.053156,1,0,0
0.22,0.88,-0.045439,1,0,0
0.24,0.88,-0.052093,1,0,0
0.26,0.88,-0.053651,1,0,0
0.28,0.88,-0.066161,1,0,0
0.3,0.88,-0.05848,1,0,0
0.32,0.88,-0.056376,1,0,0
0.34,0.88,-0.033,1,0,0
0.36,0.88,-0.031787,1,0,0
0.38,0.88,0.0094803,1,0,0
0.4,0.88,0.012222,1,0,0
0.42,0.88,0.025513,1,0,0
0.44,0.88,0.01933,1,0,0
0.46,0.88,0.033116,1,0,0
0.48,0.88,0.013316,1,0,0
0.5,0.88,0.027264,1,0,0
0.52,0.88,-0.0019581,1,0,0
0.54,0.88,0.028695,1,0,0
0.56,0.88,0.0035367,1,0,0
0.58,0.88,0.010666,1,0,0
0.6,0.88,0.031665,1,0,0
0.62,0.88,0.028291,1,0,0
0.64,0.88,0.05064,1,0,0
0.66,0.88,0.058611,1,0,0
0.68,0.88,0.048551,1,0,0
0.7,0.88,0.033939,1,0,0
0.72,0.88,0.040218,1,0,0
0.74,0.88,0.039844,1,0,0
0.76,0.88,0.025213,1,0,0
0.78,0.88,0.045213,1,0,0
0.8,0.88,0.016878,1,0,0
0.82,0.88,-0.005084,1,0,0
0.84,0.88,-0.0015401,1,0,0
0.86,0.88,-0.010742,1,0,0
0.88,0.88,0.00080597,1,0,0
0.9,0.88,0.007957,1,0,0
0.92,0.88,0.012457,1,0,0
0.94,0.88,0.011588,1,0,0
0.96,0.88,-0.0052121,1,0,0
0.98,0.88,-0.021594,1,0,0
0.02,0.9,0.027297,1,0,0
0.04,0.9,0.034192,1,0,0
0.06,0.9,0.027059,1,0,0
0.08,0.9,0.028795,1,0,0
0.1,0.9,0.021829,1,0,0
0.12,0.9,-0.0084315,1,0,0
0.14,0.9,-0.020833,1,0,0
0.16,0.9,-0.043765,1,0,0
0.18,0.9,-0.043764,1,0,0
0.2,0.9,-0.049581,1,0,0
0.22,0.9,-0.038759,1,0,0
0.24,0.9,-0.038704,1,0,0
0.26,0.9,-0.06679,1,0,0
0.28,0.9,-0.065692,1,0,0
0.3,0.9,-0.053862,1,0,0
0.32,0.9,-0.054469,1,0,0
0.34,0.9,-0.05694,1,0,0
0.36,0.9,-0.056864,1,0,0
0.38,0.9,-0.011847,1,0,0
0.4,0.9,-0.0091376,1,0,0
0.42,0.9,0.00158,1,0,0
0.44,0.9,0.0093493,1,0,0
0.46,0.9,-0.0018458,1,0,0
0.48,0.9,0.0092021,1,0,0
0.5,0.9,0.021538,1,0,0
0.52,0.9,0.010945,1,0,0
0.54,0.9,-0.005409,1,0,0
0.56,0.9,-0.019451,1,0,0
0.58,0.9,0.0074123,1,0,0
0.6,0.9,0.013322,1,0,0
0.62,0.9,0.050152,1,0,0
0.64,0.9,0.041172,1,0,0
0.66,0.9,0.044967,1,0,0
0.68,0.9,0.037555,1,0,0
0.7,0.9,0.021652,1,0,0
0.72,0.9,0.0055678,1,0,0
0.74,0.9,0.017884,1,0,0
0.76,0.9,0.022768,1,0,0
0.78,0.9,0.030385,1,0,0
0.8,0.9,0.017921,1,0,0
0.82,0.9,9.7838e-05,1,0,0
0.84,0.9,0.0054688,1,0,0
0.86,0.9,-0.0019069,1,0,0
0.88,0.9,-0.0048507,1,0,0
0.9,0.9,0.010477,1,0,0
0.92,0.9,0.0018456,1,0,0
0.94,0.9,-0.0051254,1,0,0
0.96,0.9,0.009561,1,0,0
0.98,0.9,-0.020437,1,0,0
0.02,0.92,0.0015183,1,0,0
0.04,0.92,-0.003217,1,0,0
0.06,0.92,-0.012529,1,0,0
0.08,0.92,0.031767,1,0,0
0.1,0.92,0.0087388,1,0,0
0.12,0.92,-0.0060838,1,0,0
0.14,0.92,-0.0057213,1,0,0
0.16,0.92,-0.035348,1,0,0
0.18,0.92,-0.048143,1,0,0
0.2,0.92,-0.038399,1,0,0
0.22,0.92,-0.068798,1,0,0
0.24,0.92,-0.061963,1,0,0
0.26,0.92,-0.080818,1,0,0
0.28,0.92,-0.080564,1,0,0
0.3,0.92,-0.068449,1,0,0
0.32,0.92,-0.053825,1,0,0
0.34,0.92,-0.060184,1,0,0
0.36,0.92,-0.057901,1,0,0
0.38,0.92,-0.033191,1,0,0
0.4,0.92,-0.025041,1,0,0
0.42,0.92,-0.032165,1,0,0
0.44,0.92,-0.036839,1,0,0
0.46,0.92,-0.055285,1,0,0
0.48,0.92,-0.025783,1,0,0
0.5,0.92,-0.0016816,1,0,0
0.52,0.92,-0.00046444,1,0,0
0.54,0.92,-0.0081242,1,0,0
0.56,0.92,-0.028145,1,0,0
0.58,0.92,-0.012913,1,0,0
0.6,0.92,0.0068244,1,0,0
0.62,0.92,0.016911,1,0,0
0.64,0.92,-0.0033819,1,0,0
0.66,0.92,0.025307,1,0,0
0.68,0.92,0.032392,1,0,0
0.7,0.92,0.008924,1,0,0
0.72,0.92,0.0040809,1,0,0
0.74,0.92,0.013018,1,0,0
0.76,0.92,0.02073,1,0,0
0.78,0.92,0.013682,1,0,0
0.8,0.92,0.0068974,1,0,0
0.82,0.92,-0.011526,1,0,0
0.84,0.92,-0.020038,1,0,0
0.86,0.92,-0.010149,1,0,0
0.88,0.92,0.012388,1,0,0
0.9,0.92,-0.0024,1,0,0
0.92,0.92,0.0044011,1,0,0
0.94,0.92,0.034002,1,0,0
0.96,0.92,0.014986,1,0,0
0.98,0.92,-0.0052464,1,0,0
0.02,0.94,-0.0041662,1,0,0
0.04,0.94,-0.0044603,1,0,0
0.06,0.94,0.0077241,1,0,0
0.08,0.94,0.015407,1,0,0
0.1,0.94,0.010389,1,0,0
0.12,0.94,0.029127,1,0,0
0.14,0.94,0.006667,1,0,0
0.16,0.94,-0.016219,1,0,0
0.18,0.94,-0.046274,1,0,0
0.2,0.94,-0.033713,1,0,0
0.22,0.94,-0.045333,1,0,0
0.24,0.94,-0.035463,1,0,0
0.26,0.94,-0.049344,1,0,0
0.28,0.94,-0.071673,1,0,0
0.3,0.94,-0.067601,1,0,0
0.32,0.94,-0.047783,1,0,0
0.34,0.94,-0.065125,1,0,0
0.36,0.94,-0.047001,1,0,0
0.38,0.94,-0.030728,1,0,0
0.4,0.94,-0.025507,1,0,0
0.42,0.94,-0.028438,1,0,0
0.44,0.94,-0.023391,1,0,0
0.46,0.94,-0.060516,1,0,0
0.48,0.94,-0.033478,1,0,0
0.5,0.94,-0.005544,1,0,0
0.52,0.94,-0.012567,1,0,0
0.54,0.94,-0.02282,1,0,0
0.56,0.94,-0.027384,1,0,0
0.58,0.94,-0.036275,1,0,0
0.6,0.94,-0.019163,1,0,0
0.62,0.94,-0.012026,1,0,0
0.64,0.94,0.024817,1,0,0
0.66,0.94,0.0035114,1,0,0
0.68,0.94,0.026037,1,0,0
0.7,0.94,0.019036,1,0,0
0.72,0.94,-0.01113,1,0,0
0.74,0.94,0.022252,1,0,0
0.76,0.94,0.011364,1,0,0
0.78,0.94,0.017855,1,0,0
0.8,0.94,0.0058786,1,0,0
0.82,0.94,0.0074408,1,0,0
0.84,0.94,0.0011933,1,0,0
0.86,0.94,0.013487,1,0,0
0.88,0.94,0.010542,1,0,0
0.9,0.94,0.010673,1,0,0
0.92,0.94,-0.00081919,1,0,0
0.94,0.94,0.026011,1,0,0
0.96,0.94,0.01485,1,0,0
0.98,0.94,0.0037936,1,0,0
0.02,0.96,-0.014522,1,0,0
0.04,0.96,0.008395,1,0,0
0.06,0.96,0.003997,1,0,0
0.08,0.96,0.02478,1,0,0
0.1,0.96,-0.004812,1,0,0
0.12,0.96,0.01379,1,0,0
0.14,0.96,0.034299,1,0,0
0.16,0.96,-0.03055,1,0,0
0.18,0.96,-0.04233,1,0,0
0.2,0.96,-0.022453,1,0,0
0.22,0.96,-0.03486,1,0,0
0.24,0.96,-0.028734,1,0,0
0.26,0.96,-0.028847,1,0,0
0.28,0.96,-0.054274,1,0,0
0.3,0.96,-0.05387,1,0,0
0.32,0.96,-0.03936,1,0,0
0.34,0.96,-0.043229,1,0,0
0.36,0.96,-0.038535,1,0,0
0.38,0.96,-0.032065,1,0,0
0.4,0.96,-0.027051,1,0,0
0.42,0.96,-0.053862,1,0,0
0.44,0.96,-0.04125,1,0,0
0.46,0.96,-0.062428,1,0,0
0.48,0.96,-0.026961,1,0,0
0.5,0.96,-0.030017,1,0,0
0.52,0.96,-0.027398,1,0,0
0.54,0.96,-0.027582,1,0,0
0.56,0.96,-0.024269,1,0,0
0.58,0.96,-0.041175,1,0,0
0.6,0.96,-0.035293,1,0,0
0.62,0.96,-0.013099,1,0,0
0.64,0.96,-0.011739,1,0,0
0.66,0.96,0.0051045,1,0,0
0.68,0.96,0.010499,1,0,0
0.7,0.96,0.011341,1,0,0
0.72,0.96,-0.0096069,1,0,0
0.74,0.96,0.0085616,1,0,0
0.76,0.96,0.025239,1,0,0
0.78,0.96,0.040109,1,0,0
0.8,0.96,0.033401,1,0,0
0.82,0.96,0.041276,1,0,0
0.84,0.96,0.024326,1,0,0
0.86,0.96,0.030604,1,0,0
0.88,0.96,0.032438,1,0,0
0.9,0.96,0.012098,1,0,0
0.92,0.96,0.015914,1,0,0
0.94,0.96,0.030569,1,0,0
0.96,0.96,0.0097215,1,0,0
0.98,0.96,0.032553,1,0,0
0.02,0.98,0.0079531,1,0,0
0.04,0.98,0.0034058,1,0,0
0.06,0.98,0.00098111,1,0,0
0.08,0.98,0.0038764,1,0,0
0.1,0.98,-0.0066845,1,0,0
0.12,0.98,-0.0078842,1,0,0
0.14,0.98,-0.00059501,1,0,0
0.16,0.98,-0.027577,1,0,0
0.18,0.98,-0.028398,1,0,0
0.2,0.98,-0.010815,1,0,0
0.22,0.98,-0.025517,1,0,0
0.24,0.98,-0.011534,1,0,0
0.26,0.98,-0.030166,1,0,0
0.28,0.98,-0.031735,1,0,0
0.3,0.98,-0.035034,1,0,0
0.32,0.98,-0.020782,1,0,0
0.34,0.98,-0.02832,1,0,0
0.36,0.98,-0.031761,1,0,0
0.38,0.98,-0.017042,1,0,0
0.4,0.98,-0.057488,1,0,0
0.42,0.98,-0.058559,1,0,0
0.44,0.98,-0.072489,1,0,0
0.46,0.98,-0.067816,1,0,0
0.48,0.98,-0.034156,1,0,0
0.5,0.98,-0.018303,1,0,0
0.52,0.98,-0.025336,1,0,0
0.54,0.98,-0.034944,1,0,0
0.56,0.98,-0.055978,1,0,0
0.58,0.98,-0.037352,1,0,0
0.6,0.98,-0.049352,1,0,0
0.62,0.98,-0.041304,1,0,0
0.64,0.98,-0.039124,1,0,0
0.66,0.98,-0.020658,1,0,0
0.68,0.98,0.0082116,1,0,0
0.7,0.98,0.0055246,1,0,0
0.72,0.98,-0.014589,1,0,0
0.74,0.98,-0.0048469,1,0,0
0.76,0.98,0.025771,1,0,0
0.78,0.98,0.049225,1,0,0
0.8,0.98,0.054526,1,0,0
0.82,0.98,0.04083,1,0,0
0.84,0.98,0.029161,1,0,0
0.86,0.98,0.031563,1,0,0
0.88,0.98,0.025011,1,0,0
0.9,0.98,0.04603,1,0,0
0.92,0.98,0.029633,1,0,0
0.94,0.98,0.021448,1,0,0
0.96,0.98,0.015051,1,0,0
0.98,0.98,0.011849,1,0,0
0,0,0.0018539,-1,0,0
0.02,0,0.0018539,-1,0,0
0.04,0,-0.01338,-1,0,0
0.06,0,0.0030093,-1,0,0
0.08,0,0.00094935,-1,0,0
0.1,0,-0.0045598,-1,0,0
0.12,0,0.016422,-1,0,0
0.14,0,0.026957,-1,0,0
0.16,0,0.014557,-1,0,0
0.18,0,0.018973,-1,0,0
0.2,0,0.025537,-1,0,0
0.22,0,0.029152,-1,0,0
0.24,0,0.013699,-1,0,0
0.26,0,0.036032,-1,0,0
0.28,0,0.016294,-1,0,0
0.3,0,0.010984,-1,0,0
0.32,0,0.017673,-1,0,0
0.34,0,0.028442,-1,0,0
0.36,0,0.018786,-1,0,0
0.38,0,0.03497,-1,0,0
0.4,0,0.039293,-1,0,0
0.42,0,0.029261,-1,0,0
0.44,0,0.018507,-1,0,0
0.46,0,0.0072582,-1,0,0
0.48,0,-0.0053574,-1,0,0
0.5,0,0.0050452,-1,0,0
0.52,0,-0.009912,-1,0,0
0.54,0,0.014255,-1,0,0
0.56,0,-0.00057506,-1,0,0
0.58,0,-0.0073314,-1,0,0
0.6,0,-0.015825,-1,0,0
0.62,0,0.0016365,-1,0,0
0.64,0,-0.017662,-1,0,0
0.66,0,-0.030825,-1,0,0
0.68,0,-0.046239,-1,0,0
0.7,0,-0.03909,-1,0,0
0.72,0,-0.029578,-1,0,0
0.74,0,0.024681,-1,0,0
0.76,0,0.0066149,-1,0,0
0.78,0,0.019736,-1,0,0
0.8,0,0.028126,-1,0,0
0.82,0,0.017653,-1,0,0
0.84,0,0.02619,-1,0,0
0.86,0,0.031844,-1,0,0
0.88,0,0.037917,-1,0,0
0.9,0,0.031973,-1,0,0
0.92,0,0.051222,-1,0,0
0.94,0,0.058988,-1,0,0
0.96,0,0.068006,-1,0,0
0.98,0,0.060039,-1,0,0
1,0,0.077147,-1,0,0
1,0.02,0.062334,-1,0,0
1,0.04,0.074828,-1,0,0
1,0.06,0.093807,-1,0,0
1,0.08,0.12926,-1,0,0
1,0.1,0.1429,-1,0,0
1,0.12,0.11684,-1,0,0
1,0.14,0.083769,-1,0,0
1,0.16,0.071123,-1,0,0
1,0.18,0.068317,-1,0,0
1,0.2,0.062156,-1,0,0
1,0.22,0.024717,-1,0,0
1,0.24,0.026649,-1,0,0
1,0.26,0.037942,-1,0,0
1,0.28,0.030715,-1,0,0
1,0.3,0.017277,-1,0,0
1,0.32,-0.0048395,-1,0,0
1,0.34,0.023178,-1,0,0
1,0.36,0.015568,-1,0,0
1,0.38,0.02541,-1,0,0
1,0.4,0.016941,-1,0,0
1,0.42,-0.00034972,-1,0,0
1,0.44,-0.02725,-1,0,0
1,0.46,0.0038986,-1,0,0
1,0.48,0.014589,-1,0,0
1,0.5,0.022861,-1,0,0
1,0.52,0.0096507,-1,0,0
1,0.54,0.014693,-1,0,0
1,0.56,-0.019504,-1,0,0
1,0.58,-0.0014368,-1,0,0
1,0.6,-0.013586,-1,0,0
1,0.62,0.024729,-1,0,0
1,0.64,0.014735,-1,0,0
1,0.66,0.038702,-1,0,0
1,0.68,0.04541,-1,0,0
1,0.7,0.044408,-1,0,0
1,0.72,0.046525,-1,0,0
1,0.74,0.037859,-1,0,0
1,0.76,0.063842,-1,0,0
1,0.78,0.064427,-1,0,0
1,0.8,0.0018107,-1,0,0
1,0.82,-0.00017357,-1,0,0
1,0.84,-0.0022111,-1,0,0
1,0.86,-0.027223,-1,0,0
1,0.88,-0.027106,-1,0,0
1,0.9,-0.02682,-1,0,0
1,0.92,-0.022718,-1,0,0
1,0.94,-0.012389,-1,0,0
1,0.96,0.018854,-1,0,0
1,0.98,0.018209,-1,0,0
1,1,0.0083399,-1,0,0
0.98,1,0.0053867,-1,0,0
0.96,1,0.0218,-1,0,0
0.94,1,0.043415,-1,0,0
0.92,1,0.044908,-1,0,0
0.9,1,0.037593,-1,0,0
0.88,1,0.035049,-1,0,0
0.86,1,0.020245,-1,0,0
0.84,1,0.034234,-1,0,0
0.82,1,0.044766,-1,0,0
0.8,1,0.048477,-1,0,0
0.78,1,0.069096,-1,0,0
0.76,1,0.028602,-1,0,0
0.74,1,0.013977,-1,0,0
0.72,1,-0.0088515,-1,0,0
0.7,1,0.0020126,-1,0,0
0.68,1,-0.00077402,-1,0,0
0.66,1,-0.0090496,-1,0,0
0.64,1,-0.041638,-1,0,0
0.62,1,-0.059168,-1,0,0
0.6,1,-0.066657,-1,0,0
0.58,1,-0.070053,-1,0,0
0.56,1,-0.068992,-1,0,0
0.54,1,-0.032477,-1,0,0
0.52,1,-0.028246,-1,0,0
0.5,1,-0.0029524,-1,0,0
0.48,1,-0.037342,-1,0,0
0.46,1,-0.043056,-1,0,0
0.44,1,-0.058122,-1,0,0
0.42,1,-0.056109,-1,0,0
0.4,1,-0.048695,-1,0,0
0.38,1,-0.029248,-1,0,0
0.36,1,-0.014607,-1,0,0
0.34,1,-0.013702,-1,0,0
0.32,1,-0.027327,-1,0,0
0.3,1,-0.025001,-1,0,0
0.28,1,-0.029773,-1,0,0
0.26,1,-0.0025129,-1,0,0
0.24,1,0.006378,-1,0,0
0.22,1,-0.0092419,-1,0,0
0.2,1,-0.0093399,-1,0,0
0.18,1,-0.012546,-1,0,0
0.16,1,-0.016317,-1,0,0
0.14,1,0.0038107,-1,0,0
0.12,1,-0.0098688,-1,0,0
0.1,1,-0.0033532,-1,0,0
0.08,1,0.00034349,-1,0,0
0.06,1,0.0069408,-1,0,0
0.04,1,0.019301,-1,0,0
0.02,1,0.026053,-1,0,0
0,1,0.0053793,-1,0,0
0,0.98,0.012921,-1,0,0
0,0.96,-0.010835,-1,0,0
0,0.94,-0.011946,-1,0,0
0,0.92,0.0064585,-1,0,0
0,0.9,0.028025,-1,0,0
0,0.88,0.033705,-1,0,0
0,0.86,0.049675,-1,0,0
0,0.84,0.040234,-1,0,0
0,0.82,0.041576,-1,0,0
0,0.8,0.042178,-1,0,0
0,0.78,0.060245,-1,0,0
0,0.76,0.055811,-1,0,0
0,0.74,0.064584,-1,0,0
0,0.72,0.086009,-1,0,0
0,0.7,0.078022,-1,0,0
0,0.68,0.05345,-1,0,0
0,0.66,0.036614,-1,0,0
0,0.64,0.02894,-1,0,0
0,0.62,0.041678,-1,0,0
0,0.6,0.014528,-1,0,0
0,0.58,0.008604,-1,0,0
0,0.56,0.0054761,-1,0,0
0,0.54,0.040018,-1,0,0
0,0.52,0.0017757,-1,0,0
0,0.5,0.017685,-1,0,0
0,0.48,0.013186,-1,0,0
0,0.46,0.024498,-1,0,0
0,0.44,0.033235,-1,0,0
0,0.42,0.021271,-1,0,0
0,0.4,-0.0033219,-1,0,0
0,0.38,0.010939,-1,0,0
0,0.36,-0.018673,-1,0,0
0,0.34,-0.0030361,-1,0,0
0,0.32,-0.011319,-1,0,0
0,0.3,-0.01624,-1,0,0
0,0.28,-0.022007,-1,0,0
0,0.26,-0.0040599,-1,0,0
0,0.24,-0.0056755,-1,0,0
0,0.22,-0.023334,-1,0,0
0,0.2,-0.017233,-1,0,0
0,0.18,0.012402,-1,0,0
0,0.16,-1.2232e-05,-1,0,0
0,0.14,-0.00032865,-1,0,0
0,0.12,0.013892,-1,0,0
0,0.1,0.023629,-1,0,0
0,0.08,0.023898,-1,0,0
0,0.06,0.037625,-1,0,0
0,0.04,0.035058,-1,0,0
0,0.02,0.0048608,-1,0,0
