0.02,0.02,0.044719,1,0,0
0.04,0.02,0.039569,1,0,0
0.06,0.02,0.034609,1,0,0
0.08,0.02,0.016583,1,0,0
0.1,0.02,-0.0033209,1,0,0
0.12,0.02,-0.013734,1,0,0
0.14,0.02,-0.01265,1,0,0
0.16,0.02,-0.034469,1,0,0
0.18,0.02,-0.025793,1,0,0
0.2,0.02,0.0011497,1,0,0
0.22,0.02,0.018478,1,0,0
0.24,0.02,0.020104,1,0,0
0.26,0.02,0.019789,1,0,0
0.28,0.02,0.017731,1,0,0
0.3,0.02,0.016099,1,0,0
0.32,0.02,0.017318,1,0,0
0.34,0.02,0.0091892,1,0,0
0.36,0.02,-0.003973,1,0,0
0.38,0.02,0.001946,1,0,0
0.4,0.02,0.0014562,1,0,0
0.42,0.02,0.024999,1,0,0
0.44,0.02,0.028022,1,0,0
0.46,0.02,0.036613,1,0,0
0.48,0.02,0.041566,1,0,0
0.5,0.02,0.061184,1,0,0
0.52,0.02,0.053186,1,0,0
0.54,0.02,0.040237,1,0,0
0.56,0.02,0.049639,1,0,0
0.58,0.02,0.060825,1,0,0
0.6,0.02,0.056883,1,0,0
0.62,0.02,0.074009,1,0,0
0.64,0.02,0.067432,1,0,0
0.66,0.02,0.034467,1,0,0
0.68,0.02,0.043777,1,0,0
0.7,0.02,0.047931,1,0,0
0.72,0.02,0.041929,1,0,0
0.74,0.02,0.042546,1,0,0
0.76,0.02,0.026863,1,0,0
0.78,0.02,0.0020754,1,0,0
0.8,0.02,-0.013345,1,0,0
0.82,0.02,-0.033813,1,0,0
0.84,0.02,-0.045521,1,0,0
0.86,0.02,-0.028532,1,0,0
0.88,0.02,-0.02642,1,0,0
0.9,0.02,-0.025787,1,0,0
0.92,0.02,-0.025738,1,0,0
0.94,0.02,-0.038511,1,0,0
0.96,0.02,-0.051405,1,0,0
0.98,0.02,-0.051827,1,0,0
0.02,0.04,0.042274,1,0,0
0.04,0.04,0.053629,1,0,0
0.06,0.04,0.063272,1,0,0
0.08,0.04,0.055657,1,0,0
0.1,0.04,0.030412,1,0,0
0.12,0.04,0.0093437,1,0,0
0.14,0.04,-0.0046442,1,0,0
0.16,0.04,-0.013026,1,0,0
0.18,0.04,-0.01105,1,0,0
0.2,0.04,0.0044617,1,0,0
0.22,0.04,0.010637,1,0,0
0.24,0.04,0.00033029,1,0,0
0.26,0.04,0.016383,1,0,0
0.28,0.04,0.0060309,1,0,0
0.3,0.04,0.0051236,1,0,0
0.32,0.04,0.0022592,1,0,0
0.34,0.04,0.0012817,1,0,0
0.36,0.04,-0.0052717,1,0,0
0.38,0.04,0.0056192,1,0,0
0.4,0.04,0.018168,1,0,0
0.42,0.04,0.0083343,1,0,0
0.44,0.04,0.012755,1,0,0
0.46,0.04,0.016104,1,0,0
0.48,0.04,0.041013,1,0,0
0.5,0.04,0.061375,1,0,0
0.52,0.04,0.04113,1,0,0
0.54,0.04,0.044009,1,0,0
0.56,0.04,0.062057,1,0,0
0.58,0.04,0.068153,1,0,0
0.6,0.04,0.07218,1,0,0
0.62,0.04,0.080769,1,0,0
0.64,0.04,0.07369,1,0,0
0.66,0.04,0.05942,1,0,0
0.68,0.04,0.06084,1,0,0
0.7,0.04,0.064132,1,0,0
0.72,0.04,0.049172,1,0,0
0.74,0.04,0.045428,1,0,0
0.76,0.04,0.028715,1,0,0
0.78,0.04,0.018474,1,0,0
0.8,0.04,-0.0013546,1,0,0
0.82,0.04,-0.020804,1,0,0
0.84,0.04,-0.022297,1,0,0
0.86,0.04,-0.020724,1,0,0
0.88,0.04,-0.012755,1,0,0
0.9,0.04,-0.026892,1,0,0
0.92,0.04,-0.023297,1,0,0
0.94,0.04,-0.029683,1,0,0
0.96,0.04,-0.041297,1,0,0
0.98,0.04,-0.0279,1,0,0
0.02,0.06,0.055612,1,0,0
0.04,0.06,0.070157,1,0,0
0.06,0.06,0.071291,1,0,0
0.08,0.06,0.067126,1,0,0
0.1,0.06,0.055217,1,0,0
0.12,0.06,0.037081,1,0,0
0.14,0.06,0.011933,1,0,0
0.16,0.06,-0.0017665,1,0,0
0.18,0.06,-0.006481,1,0,0
0.2,0.06,-0.0010841,1,0,0
0.22,0.06,-0.010123,1,0,0
0.24,0.06,-0.0078248,1,0,0
0.26,0.06,-0.01232,1,0,0
0.28,0.06,-0.0092301,1,0,0
0.3,0.06,-0.017689,1,0,0
0.32,0.06,-0.0063542,1,0,0
0.34,0.06,-0.0072094,1,0,0
0.36,0.06,-0.010137,1,0,0
0.38,0.06,0.001456,1,0,0
0.4,0.06,0.0066231,1,0,0
0.42,0.06,-0.0053506,1,0,0
0.44,0.06,-0.0051848,1,0,0
0.46,0.06,0.0084788,1,0,0
0.48,0.06,0.026679,1,0,0
0.5,0.06,0.039391,1,0,0
0.52,0.06,0.049251,1,0,0
0.54,0.06,0.047026,1,0,0
0.56,0.06,0.050214,1,0,0
0.58,0.06,0.059166,1,0,0
0.6,0.06,0.073993,1,0,0
0.62,0.06,0.082053,1,0,0
0.64,0.06,0.080097,1,0,0
0.66,0.06,0.073295,1,0,0
0.68,0.06,0.0748,1,0,0
0.7,0.06,0.066718,1,0,0
0.72,0.06,0.058013,1,0,0
0.74,0.06,0.039027,1,0,0
0.76,0.06,0.018305,1,0,0
0.78,0.06,0.0088247,1,0,0
0.8,0.06,-0.0048629,1,0,0
0.82,0.06,-0.011163,1,0,0
0.84,0.06,-0.014937,1,0,0
0.86,0.06,0.0030477,1,0,0
0.88,0.06,-0.013344,1,0,0
0.9,0.06,-0.010779,1,0,0
0.92,0.06,-0.020279,1,0,0
0.94,0.06,-0.023989,1,0,0
0.96,0.06,-0.030904,1,0,0
0.98,0.06,-0.023717,1,0,0
0.02,0.08,0.067821,1,0,0
0.04,0.08,0.094364,1,0,0
0.06,0.08,0.063923,1,0,0
0.08,0.08,0.068255,1,0,0
0.1,0.08,0.072364,1,0,0
0.12,0.08,0.048615,1,0,0
0.14,0.08,0.022567,1,0,0
0.16,0.08,0.024137,1,0,0
0.18,0.08,-0.0022973,1,0,0
0.2,0.08,-0.0049817,1,0,0
0.22,0.08,-0.005874,1,0,0
0.24,0.08,-0.012738,1,0,0
0.26,0.08,-0.036381,1,0,0
0.28,0.08,-0.020387,1,0,0
0.3,0.08,-0.029031,1,0,0
0.32,0.08,-0.017631,1,0,0
0.34,0.08,-0.027167,1,0,0
0.36,0.08,-0.024272,1,0,0
0.38,0.08,-0.021289,1,0,0
0.4,0.08,-0.021033,1,0,0
0.42,0.08,-0.015419,1,0,0
0.44,0.08,-0.00059009,1,0,0
0.46,0.08,0.0046166,1,0,0
0.48,0.08,0.019606,1,0,0
0.5,0.08,0.027361,1,0,0
0.52,0.08,0.045831,1,0,0
0.54,0.08,0.049878,1,0,0
0.56,0.08,0.045315,1,0,0
0.58,0.08,0.049528,1,0,0
0.6,0.08,0.06902,1,0,0
0.62,0.08,0.08132,1,0,0
0.64,0.08,0.069531,1,0,0
0.66,0.08,0.074858,1,0,0
0.68,0.08,0.071833,1,0,0
0.7,0.08,0.060733,1,0,0
0.72,0.08,0.055971,1,0,0
0.74,0.08,0.038771,1,0,0
0.76,0.08,0.023622,1,0,0
0.78,0.08,0.011802,1,0,0
0.8,0.08,0.0025096,1,0,0
0.82,0.08,0.004673,1,0,0
0.84,0.08,-0.0025866,1,0,0
0.86,0.08,-0.01061,1,0,0
0.88,0.08,-0.012449,1,0,0
0.9,0.08,0.0024014,1,0,0
0.92,0.08,-0.021239,1,0,0
0.94,0.08,-0.01804,1,0,0
0.96,0.08,-0.013628,1,0,0
0.98,0.08,-0.019891,1,0,0
0.02,0.1,0.086157,1,0,0
0.04,0.1,0.097848,1,0,0
0.06,0.1,0.075907,1,0,0
0.08,0.1,0.068784,1,0,0
0.1,0.1,0.064087,1,0,0
0.12,0.1,0.059829,1,0,0
0.14,0.1,0.039704,1,0,0
0.16,0.1,0.036277,1,0,0
0.18,0.1,0.016925,1,0,0
0.2,0.1,0.0094694,1,0,0
0.22,0.1,0.0088276,1,0,0
0.24,0.1,-0.0023521,1,0,0
0.26,0.1,-0.015752,1,0,0
0.28,0.1,-0.022397,1,0,0
0.3,0.1,-0.025857,1,0,0
0.32,0.1,-0.029369,1,0,0
0.34,0.1,-0.031507,1,0,0
0.36,0.1,-0.036236,1,0,0
0.38,0.1,-0.046825,1,0,0
0.4,0.1,-0.032987,1,0,0
0.42,0.1,-0.042406,1,0,0
0.44,0.1,-0.0091118,1,0,0
0.46,0.1,0.010535,1,0,0
0.48,0.1,0.022957,1,0,0
0.5,0.1,0.023142,1,0,0
0.52,0.1,0.037266,1,0,0
0.54,0.1,0.044714,1,0,0
0.56,0.1,0.047552,1,0,0
0.58,0.1,0.056754,1,0,0
0.6,0.1,0.077305,1,0,0
0.62,0.1,0.073506,1,0,0
0.64,0.1,0.080401,1,0,0
0.66,0.1,0.091116,1,0,0
0.68,0.1,0.064434,1,0,0
0.7,0.1,0.050917,1,0,0
0.72,0.1,0.050242,1,0,0
0.74,0.1,0.050086,1,0,0
0.76,0.1,0.025709,1,0,0
0.78,0.1,0.031492,1,0,0
0.8,0.1,0.015382,1,0,0
0.82,0.1,0.0080607,1,0,0
0.84,0.1,0.010056,1,0,0
0.86,0.1,0.007552,1,0,0
0.88,0.1,0.0069213,1,0,0
0.9,0.1,0.013966,1,0,0
0.92,0.1,0.0048405,1,0,0
0.94,0.1,-0.00903,1,0,0
0.96,0.1,-0.010049,1,0,0
0.98,0.1,0.0094393,1,0,0
0.02,0.12,0.088633,1,0,0
0.04,0.12,0.091293,1,0,0
0.06,0.12,0.07854,1,0,0
0.08,0.12,0.067813,1,0,0
0.1,0.12,0.081945,1,0,0
0.12,0.12,0.065432,1,0,0
0.14,0.12,0.057061,1,0,0
0.16,0.12,0.064031,1,0,0
0.18,0.12,0.039376,1,0,0
0.2,0.12,0.031672,1,0,0
0.22,0.12,0.022428,1,0,0
0.24,0.12,0.00041845,1,0,0
0.26,0.12,-0.0017589,1,0,0
0.28,0.12,0.0064531,1,0,0
0.3,0.12,-0.0098863,1,0,0
0.32,0.12,-0.022159,1,0,0
0.34,0.12,-0.023155,1,0,0
0.36,0.12,-0.033937,1,0,0
0.38,0.12,-0.051746,1,0,0
0.4,0.12,-0.05688,1,0,0
0.42,0.12,-0.04229,1,0,0
0.44,0.12,-0.026473,1,0,0
0.46,0.12,0.0022977,1,0,0
0.48,0.12,0.033077,1,0,0
0.5,0.12,0.034935,1,0,0
0.52,0.12,0.027314,1,0,0
0.54,0.12,0.05179,1,0,0
0.56,0.12,0.070211,1,0,0
0.58,0.12,0.067425,1,0,0
0.6,0.12,0.067344,1,0,0
0.62,0.12,0.074096,1,0,0
0.64,0.12,0.093561,1,0,0
0.66,0.12,0.096971,1,0,0
0.68,0.12,0.088025,1,0,0
0.7,0.12,0.071128,1,0,0
0.72,0.12,0.058768,1,0,0
0.74,0.12,0.043048,1,0,0
0.76,0.12,0.028612,1,0,0
0.78,0.12,0.036728,1,0,0
0.8,0.12,0.014412,1,0,0
0.82,0.12,0.0093084,1,0,0
0.84,0.12,0.020021,1,0,0
0.86,0.12,0.02841,1,0,0
0.88,0.12,0.024755,1,0,0
0.9,0.12,0.044511,1,0,0
0.92,0.12,0.027444,1,0,0
0.94,0.12,0.014065,1,0,0
0.96,0.12,0.010078,1,0,0
0.98,0.12,0.013304,1,0,0
0.02,0.14,0.082754,1,0,0
0.04,0.14,0.086834,1,0,0
0.06,0.14,0.062763,1,0,0
0.08,0.14,0.071503,1,0,0
0.1,0.14,0.084152,1,0,0
0.12,0.14,0.081595,1,0,0
0.14,0.14,0.074142,1,0,0
0.16,0.14,0.055922,1,0,0
0.18,0.14,0.051597,1,0,0
0.2,0.14,0.039453,1,0,0
0.22,0.14,0.028046,1,0,0
0.24,0.14,0.013861,1,0,0
0.26,0.14,0.0031347,1,0,0
0.28,0.14,0.0050162,1,0,0
0.3,0.14,-0.018743,1,0,0
0.32,0.14,-0.034124,1,0,0
0.34,0.14,-0.022587,1,0,0
0.36,0.14,-0.038628,1,0,0
0.38,0.14,-0.049831,1,0,0
0.4,0.14,-0.058392,1,0,0
0.42,0.14,-0.051828,1,0,0
0.44,0.14,-0.040875,1,0,0
0.46,0.14,-0.015843,1,0,0
0.48,0.14,-0.002363,1,0,0
0.5,0.14,0.010062,1,0,0
0.52,0.14,0.023015,1,0,0
0.54,0.14,0.04763,1,0,0
0.56,0.14,0.059646,1,0,0
0.58,0.14,0.062629,1,0,0
0.6,0.14,0.059126,1,0,0
0.62,0.14,0.088166,1,0,0
0.64,0.14,0.092653,1,0,0
0.66,0.14,0.10206,1,0,0
0.68,0.14,0.077672,1,0,0
0.7,0.14,0.070555,1,0,0
0.72,0.14,0.063571,1,0,0
0.74,0.14,0.03192,1,0,0
0.76,0.14,0.026065,1,0,0
0.78,0.14,0.020906,1,0,0
0.8,0.14,0.017368,1,0,0
0.82,0.14,0.012315,1,0,0
0.84,0.14,0.027147,1,0,0
0.86,0.14,0.031818,1,0,0
0.88,0.14,0.024721,1,0,0
0.9,0.14,0.031818,1,0,0
0.92,0.14,0.047573,1,0,0
0.94,0.14,0.030305,1,0,0
0.96,0.14,0.035044,1,0,0
0.98,0.14,0.036771,1,0,0
0.02,0.16,0.062561,1,0,0
0.04,0.16,0.06719,1,0,0
0.06,0.16,0.066077,1,0,0
0.08,0.16,0.072519,1,0,0
0.1,0.16,0.087003,1,0,0
0.12,0.16,0.07692,1,0,0
0.14,0.16,0.067575,1,0,0
0.16,0.16,0.059714,1,0,0
0.18,0.16,0.046261,1,0,0
0.2,0.16,0.044694,1,0,0
0.22,0.16,0.029252,1,0,0
0.24,0.16,0.0090772,1,0,0
0.26,0.16,0.0082832,1,0,0
0.28,0.16,-0.002588,1,0,0
0.3,0.16,-0.021148,1,0,0
0.32,0.16,-0.0343,1,0,0
0.34,0.16,-0.042361,1,0,0
0.36,0.16,-0.045701,1,0,0
0.38,0.16,-0.048844,1,0,0
0.4,0.16,-0.060828,1,0,0
0.42,0.16,-0.060596,1,0,0
0.44,0.16,-0.053174,1,0,0
0.46,0.16,-0.036746,1,0,0
0.48,0.16,-0.035489,1,0,0
0.5,0.16,-0.01325,1,0,0
0.52,0.16,0.015403,1,0,0
0.54,0.16,0.045737,1,0,0
0.56,0.16,0.052321,1,0,0
0.58,0.16,0.060949,1,0,0
0.6,0.16,0.061118,1,0,0
0.62,0.16,0.079624,1,0,0
0.64,0.16,0.092789,1,0,0
0.66,0.16,0.08709,1,0,0
0.68,0.16,0.07511,1,0,0
0.7,0.16,0.060089,1,0,0
0.72,0.16,0.041951,1,0,0
0.74,0.16,0.030366,1,0,0
0.76,0.16,-0.00019672,1,0,0
0.78,0.16,-0.00022443,1,0,0
0.8,0.16,0.015278,1,0,0
0.82,0.16,0.025184,1,0,0
0.84,0.16,0.036861,1,0,0
0.86,0.16,0.027788,1,0,0
0.88,0.16,0.022513,1,0,0
0.9,0.16,0.034714,1,0,0
0.92,0.16,0.048844,1,0,0
0.94,0.16,0.049223,1,0,0
0.96,0.16,0.051205,1,0,0
0.98,0.16,0.042398,1,0,0
0.02,0.18,0.044097,1,0,0
0.04,0.18,0.030702,1,0,0
0.06,0.18,0.037805,1,0,0
0.08,0.18,0.067795,1,0,0
0.1,0.18,0.070835,1,0,0
0.12,0.18,0.064176,1,0,0
0.14,0.18,0.056619,1,0,0
0.16,0.18,0.058348,1,0,0
0.18,0.18,0.041224,1,0,0
0.2,0.18,0.031177,1,0,0
0.22,0.18,0.004971,1,0,0
0.24,0.18,0.0051029,1,0,0
0.26,0.18,-0.0075348,1,0,0
0.28,0.18,-0.014784,1,0,0
0.3,0.18,-0.029149,1,0,0
0.32,0.18,-0.050096,1,0,0
0.34,0.18,-0.064158,1,0,0
0.36,0.18,-0.057765,1,0,0
0.38,0.18,-0.053879,1,0,0
0.4,0.18,-0.065509,1,0,0
0.42,0.18,-0.092721,1,0,0
0.44,0.18,-0.079217,1,0,0
0.46,0.18,-0.059516,1,0,0
0.48,0.18,-0.052392,1,0,0
0.5,0.18,-0.015779,1,0,0
0.52,0.18,0.0025795,1,0,0
0.54,0.18,0.030117,1,0,0
0.56,0.18,0.04895,1,0,0
0.58,0.18,0.051948,1,0,0
0.6,0.18,0.056071,1,0,0
0.62,0.18,0.063492,1,0,0
0.64,0.18,0.06579,1,0,0
0.66,0.18,0.059241,1,0,0
0.68,0.18,0.050606,1,0,0
0.7,0.18,0.030744,1,0,0
0.72,0.18,0.013977,1,0,0
0.74,0.18,0.021157,1,0,0
0.76,0.18,-0.0025402,1,0,0
0.78,0.18,-0.022132,1,0,0
0.8,0.18,-0.0038161,1,0,0
0.82,0.18,0.02911,1,0,0
0.84,0.18,0.026979,1,0,0
0.86,0.18,0.026802,1,0,0
0.88,0.18,0.033499,1,0,0
0.9,0.18,0.037389,1,0,0
0.92,0.18,0.037659,1,0,0
0.94,0.18,0.036799,1,0,0
0.96,0.18,0.035622,1,0,0
0.98,0.18,0.039812,1,0,0
0.02,0.2,0.025428,1,0,0
0.04,0.2,0.032047,1,0,0
0.06,0.2,0.033295,1,0,0
0.08,0.2,0.063183,1,0,0
0.1,0.2,0.061659,1,0,0
0.12,0.2,0.068945,1,0,0
0.14,0.2,0.060289,1,0,0
0.16,0.2,0.057336,1,0,0
0.18,0.2,0.049146,1,0,0
0.2,0.2,0.033566,1,0,0
0.22,0.2,-0.011503,1,0,0
0.24,0.2,-0.018818,1,0,0
0.26,0.2,-0.014049,1,0,0
0.28,0.2,-0.020242,1,0,0
0.3,0.2,-0.04189,1,0,0
0.32,0.2,-0.049097,1,0,0
0.34,0.2,-0.07894,1,0,0
0.36,0.2,-0.081115,1,0,0
0.38,0.2,-0.066987,1,0,0
0.4,0.2,-0.069304,1,0,0
0.42,0.2,-0.091924,1,0,0
0.44,0.2,-0.076554,1,0,0
0.46,0.2,-0.066308,1,0,0
0.48,0.2,-0.045251,1,0,0
0.5,0.2,-0.032589,1,0,0
0.52,0.2,0.0074447,1,0,0
0.54,0.2,0.024362,1,0,0
0.56,0.2,0.050984,1,0,0
0.58,0.2,0.063635,1,0,0
0.6,0.2,0.044426,1,0,0
0.62,0.2,0.051923,1,0,0
0.64,0.2,0.0378,1,0,0
0.66,0.2,0.029084,1,0,0
0.68,0.2,0.019704,1,0,0
0.7,0.2,0.01911,1,0,0
0.72,0.2,0.0095308,1,0,0
0.74,0.2,0.015779,1,0,0
0.76,0.2,0.0029295,1,0,0
0.78,0.2,-0.0050345,1,0,0
0.8,0.2,0.017536,1,0,0
0.82,0.2,0.02602,1,0,0
0.84,0.2,0.027417,1,0,0
0.86,0.2,0.035973,1,0,0
0.88,0.2,0.023283,1,0,0
0.9,0.2,0.037011,1,0,0
0.92,0.2,0.04531,1,0,0
0.94,0.2,0.043693,1,0,0
0.96,0.2,0.030486,1,0,0
0.98,0.2,0.032101,1,0,0
0.02,0.22,0.050365,1,0,0
0.04,0.22,0.046694,1,0,0
0.06,0.22,0.034611,1,0,0
0.08,0.22,0.054782,1,0,0
0.1,0.22,0.065605,1,0,0
0.12,0.22,0.073022,1,0,0
0.14,0.22,0.067031,1,0,0
0.16,0.22,0.046095,1,0,0
0.18,0.22,0.030501,1,0,0
0.2,0.22,0.024742,1,0,0
0.22,0.22,-0.0060847,1,0,0
0.24,0.22,-0.01433,1,0,0
0.26,0.22,-0.02178,1,0,0
0.28,0.22,-0.023199,1,0,0
0.3,0.22,-0.051204,1,0,0
0.32,0.22,-0.064175,1,0,0
0.34,0.22,-0.073605,1,0,0
0.36,0.22,-0.073683,1,0,0
0.38,0.22,-0.075601,1,0,0
0.4,0.22,-0.067279,1,0,0
0.42,0.22,-0.069026,1,0,0
0.44,0.22,-0.059427,1,0,0
0.46,0.22,-0.06499,1,0,0
0.48,0.22,-0.049323,1,0,0
0.5,0.22,-0.02613,1,0,0
0.52,0.22,-0.0041583,1,0,0
0.54,0.22,0.018389,1,0,0
0.56,0.22,0.058453,1,0,0
0.58,0.22,0.050421,1,0,0
0.6,0.22,0.052686,1,0,0
0.62,0.22,0.066309,1,0,0
0.64,0.22,0.049676,1,0,0
0.66,0.22,0.0092931,1,0,0
0.68,0.22,0.0045513,1,0,0
0.7,0.22,0.013465,1,0,0
0.72,0.22,0.0090735,1,0,0
0.74,0.22,0.015735,1,0,0
0.76,0.22,0.012703,1,0,0
0.78,0.22,0.011039,1,0,0
0.8,0.22,0.012333,1,0,0
0.82,0.22,0.03289,1,0,0
0.84,0.22,0.022346,1,0,0
0.86,0.22,0.041351,1,0,0
0.88,0.22,0.025506,1,0,0
0.9,0.22,0.037385,1,0,0
0.92,0.22,0.039855,1,0,0
0.94,0.22,0.04893,1,0,0
0.96,0.22,0.023857,1,0,0
0.98,0.22,0.023752,1,0,0
0.02,0.24,0.040211,1,0,0
0.04,0.24,0.040061,1,0,0
0.06,0.24,0.049437,1,0,0
0.08,0.24,0.052029,1,0,0
0.1,0.24,0.058784,1,0,0
0.12,0.24,0.07111,1,0,0
0.14,0.24,0.060233,1,0,0
0.16,0.24,0.035123,1,0,0
0.18,0.24,0.0088833,1,0,0
0.2,0.24,0.0040171,1,0,0
0.22,0.24,-0.022706,1,0,0
0.24,0.24,-0.036323,1,0,0
0.26,0.24,-0.033372,1,0,0
0.28,0.24,-0.04623,1,0,0
0.3,0.24,-0.057323,1,0,0
0.32,0.24,-0.063678,1,0,0
0.34,0.24,-0.073345,1,0,0
0.36,0.24,-0.076703,1,0,0
0.38,0.24,-0.08448,1,0,0
0.4,0.24,-0.077583,1,0,0
0.42,0.24,-0.080179,1,0,0
0.44,0.24,-0.070217,1,0,0
0.46,0.24,-0.067048,1,0,0
0.48,0.24,-0.062782,1,0,0
0.5,0.24,-0.035741,1,0,0
0.52,0.24,-0.0149,1,0,0
0.54,0.24,0.017216,1,0,0
0.56,0.24,0.042071,1,0,0
0.58,0.24,0.042863,1,0,0
0.6,0.24,0.034407,1,0,0
0.62,0.24,0.031201,1,0,0
0.64,0.24,0.033415,1,0,0
0.66,0.24,0.013749,1,0,0
0.68,0.24,0.016697,1,0,0
0.7,0.24,0.019923,1,0,0
0.72,0.24,0.011413,1,0,0
0.74,0.24,0.018906,1,0,0
0.76,0.24,0.00078692,1,0,0
0.78,0.24,0.0036166,1,0,0
0.8,0.24,0.0074594,1,0,0
0.82,0.24,0.0019968,1,0,0
0.84,0.24,0.010158,1,0,0
0.86,0.24,0.024508,1,0,0
0.88,0.24,0.025261,1,0,0
0.9,0.24,0.032688,1,0,0
0.92,0.24,0.043727,1,0,0
0.94,0.24,0.040277,1,0,0
0.96,0.24,0.016228,1,0,0
0.98,0.24,0.019021,1,0,0
0.02,0.26,0.028207,1,0,0
0.04,0.26,0.032694,1,0,0
0.06,0.26,0.034015,1,0,0
0.08,0.26,0.045957,1,0,0
0.1,0.26,0.057965,1,0,0
0.12,0.26,0.051397,1,0,0
0.14,0.26,0.041462,1,0,0
0.16,0.26,0.018912,1,0,0
0.18,0.26,-0.0070135,1,0,0
0.2,0.26,-0.018469,1,0,0
0.22,0.26,-0.016506,1,0,0
0.24,0.26,-0.027833,1,0,0
0.26,0.26,-0.043197,1,0,0
0.28,0.26,-0.059625,1,0,0
0.3,0.26,-0.070736,1,0,0
0.32,0.26,-0.082444,1,0,0
0.34,0.26,-0.085348,1,0,0
0.36,0.26,-0.085147,1,0,0
0.38,0.26,-0.074543,1,0,0
0.4,0.26,-0.08638,1,0,0
0.42,0.26,-0.089845,1,0,0
0.44,0.26,-0.083293,1,0,0
0.46,0.26,-0.075705,1,0,0
0.48,0.26,-0.059745,1,0,0
0.5,0.26,-0.032027,1,0,0
0.52,0.26,-0.022303,1,0,0
0.54,0.26,0.00204,1,0,0
0.56,0.26,0.023518,1,0,0
0.58,0.26,0.028061,1,0,0
0.6,0.26,0.016828,1,0,0
0.62,0.26,0.012676,1,0,0
0.64,0.26,0.0071047,1,0,0
0.66,0.26,0.021688,1,0,0
0.68,0.26,0.022626,1,0,0
0.7,0.26,0.017176,1,0,0
0.72,0.26,0.016364,1,0,0
0.74,0.26,0.016203,1,0,0
0.76,0.26,0.015049,1,0,0
0.78,0.26,0.0045626,1,0,0
0.8,0.26,0.00054939,1,0,0
0.82,0.26,-0.013488,1,0,0
0.84,0.26,-0.011883,1,0,0
0.86,0.26,-0.0019012,1,0,0
0.88,0.26,0.011236,1,0,0
0.9,0.26,0.015105,1,0,0
0.92,0.26,0.009427,1,0,0
0.94,0.26,0.0019402,1,0,0
0.96,0.26,0.013556,1,0,0
0.98,0.26,0.020212,1,0,0
0.02,0.28,0.043983,1,0,0
0.04,0.28,0.051783,1,0,0
0.06,0.28,0.038519,1,0,0
0.08,0.28,0.034491,1,0,0
0.1,0.28,0.049297,1,0,0
0.12,0.28,0.033055,1,0,0
0.14,0.28,0.022518,1,0,0
0.16,0.28,0.010032,1,0,0
0.18,0.28,-0.00042283,1,0,0
0.2,0.28,-0.012344,1,0,0
0.22,0.28,-0.0029292,1,0,0
0.24,0.28,-0.0076312,1,0,0
0.26,0.28,-0.036561,1,0,0
0.28,0.28,-0.054863,1,0,0
0.3,0.28,-0.062328,1,0,0
0.32,0.28,-0.076276,1,0,0
0.34,0.28,-0.083166,1,0,0
0.36,0.28,-0.094508,1,0,0
0.38,0.28,-0.081116,1,0,0
0.4,0.28,-0.083117,1,0,0
0.42,0.28,-0.074227,1,0,0
0.44,0.28,-0.068252,1,0,0
0.46,0.28,-0.054663,1,0,0
0.48,0.28,-0.048538,1,0,0
0.5,0.28,-0.030786,1,0,0
0.52,0.28,-0.0097488,1,0,0
0.54,0.28,0.0099248,1,0,0
0.56,0.28,0.018498,1,0,0
0.58,0.28,0.015269,1,0,0
0.6,0.28,0.012643,1,0,0
0.62,0.28,0.0052996,1,0,0
0.64,0.28,0.0018072,1,0,0
0.66,0.28,0.021709,1,0,0
0.68,0.28,0.035827,1,0,0
0.7,0.28,0.0295,1,0,0
0.72,0.28,0.026308,1,0,0
0.74,0.28,0.0205,1,0,0
0.76,0.28,0.022594,1,0,0
0.78,0.28,0.020623,1,0,0
0.8,0.28,0.014964,1,0,0
0.82,0.28,0.0037148,1,0,0
0.84,0.28,-0.014595,1,0,0
0.86,0.28,-0.0089032,1,0,0
0.88,0.28,-0.014148,1,0,0
0.9,0.28,-0.0025123,1,0,0
0.92,0.28,-0.012825,1,0,0
0.94,0.28,-0.010609,1,0,0
0.96,0.28,0.011413,1,0,0
0.98,0.28,0.011557,1,0,0
0.02,0.3,0.035914,1,0,0
0.04,0.3,0.04872,1,0,0
0.06,0.3,0.023348,1,0,0
0.08,0.3,0.007578,1,0,0
0.1,0.3,0.028684,1,0,0
0.12,0.3,0.032841,1,0,0
0.14,0.3,0.010182,1,0,0
0.16,0.3,0.0033667,1,0,0
0.18,0.3,-0.016331,1,0,0
0.2,0.3,-0.015282,1,0,0
0.22,0.3,-0.01394,1,0,0
0.24,0.3,-0.028869,1,0,0
0.26,0.3,-0.033904,1,0,0
0.28,0.3,-0.061991,1,0,0
0.3,0.3,-0.066678,1,0,0
0.32,0.3,-0.063075,1,0,0
0.34,0.3,-0.070282,1,0,0
0.36,0.3,-0.085655,1,0,0
0.38,0.3,-0.09366,1,0,0
0.4,0.3,-0.085909,1,0,0
0.42,0.3,-0.091061,1,0,0
0.44,0.3,-0.073789,1,0,0
0.46,0.3,-0.061343,1,0,0
0.48,0.3,-0.03973,1,0,0
0.5,0.3,-0.018136,1,0,0
0.52,0.3,-0.006114,1,0,0
0.54,0.3,0.0078158,1,0,0
0.56,0.3,-0.005365,1,0,0
0.58,0.3,-0.011683,1,0,0
0.6,0.3,0.00017482,1,0,0
0.62,0.3,0.0006003,1,0,0
0.64,0.3,-0.0044171,1,0,0
0.66,0.3,0.0045877,1,0,0
0.68,0.3,0.0096889,1,0,0
0.7,0.3,0.025646,1,0,0
0.72,0.3,0.030726,1,0,0
0.74,0.3,0.031975,1,0,0
0.76,0.3,0.017063,1,0,0
0.78,0.3,0.025117,1,0,0
0.8,0.3,0.0042766,1,0,0
0.82,0.3,-0.024044,1,0,0
0.84,0.3,-0.013806,1,0,0
0.86,0.3,-0.020151,1,0,0
0.88,0.3,-0.019879,1,0,0
0.9,0.3,-0.01794,1,0,0
0.92,0.3,-0.01684,1,0,0
0.94,0.3,-0.014083,1,0,0
0.96,0.3,-0.012896,1,0,0
0.98,0.3,-0.0020285,1,0,0
0.02,0.32,0.030453,1,0,0
0.04,0.32,0.043043,1,0,0
0.06,0.32,0.027349,1,0,0
0.08,0.32,0.020525,1,0,0
0.1,0.32,0.015085,1,0,0
0.12,0.32,0.017027,1,0,0
0.14,0.32,0.011897,1,0,0
0.16,0.32,0.013074,1,0,0
0.18,0.32,-0.0087287,1,0,0
0.2,0.32,-0.015384,1,0,0
0.22,0.32,-0.032366,1,0,0
0.24,0.32,-0.046146,1,0,0
0.26,0.32,-0.066007,1,0,0
0.28,0.32,-0.051625,1,0,0
0.3,0.32,-0.05048,1,0,0
0.32,0.32,-0.052235,1,0,0
0.34,0.32,-0.056062,1,0,0
0.36,0.32,-0.062814,1,0,0
0.38,0.32,-0.083606,1,0,0
0.4,0.32,-0.072191,1,0,0
0.42,0.32,-0.069293,1,0,0
0.44,0.32,-0.057524,1,0,0
0.46,0.32,-0.049957,1,0,0
0.48,0.32,-0.021837,1,0,0
0.5,0.32,-0.0013833,1,0,0
0.52,0.32,-0.011493,1,0,0
0.54,0.32,-0.010295,1,0,0
0.56,0.32,-0.0026845,1,0,0
0.58,0.32,-0.013952,1,0,0
0.6,0.32,-0.0086559,1,0,0
0.62,0.32,-0.0062188,1,0,0
0.64,0.32,-0.0096166,1,0,0
0.66,0.32,-0.0067834,1,0,0
0.68,0.32,0.0030357,1,0,0
0.7,0.32,0.020286,1,0,0
0.72,0.32,0.023779,1,0,0
0.74,0.32,0.029132,1,0,0
0.76,0.32,0.024415,1,0,0
0.78,0.32,0.025026,1,0,0
0.8,0.32,0.0021996,1,0,0
0.82,0.32,-0.01317,1,0,0
0.84,0.32,-0.028448,1,0,0
0.86,0.32,-0.025225,1,0,0
0.88,0.32,-0.031873,1,0,0
0.9,0.32,-0.020884,1,0,0
0.92,0.32,-0.019679,1,0,0
0.94,0.32,-0.010929,1,0,0
0.96,0.32,-0.010973,1,0,0
0.98,0.32,-0.0038784,1,0,0
0.02,0.34,0.018165,1,0,0
0.04,0.34,0.036822,1,0,0
0.06,0.34,0.033078,1,0,0
0.08,0.34,0.02254,1,0,0
0.1,0.34,0.010002,1,0,0
0.12,0.34,0.0074286,1,0,0
0.14,0.34,0.0036486,1,0,0
0.16,0.34,0.00029921,1,0,0
0.18,0.34,-0.019991,1,0,0
0.2,0.34,-0.013375,1,0,0
0.22,0.34,-0.041457,1,0,0
0.24,0.34,-0.060605,1,0,0
0.26,0.34,-0.068912,1,0,0
0.28,0.34,-0.051527,1,0,0
0.3,0.34,-0.065185,1,0,0
0.32,0.34,-0.047283,1,0,0
0.34,0.34,-0.056594,1,0,0
0.36,0.34,-0.057028,1,0,0
0.38,0.34,-0.051224,1,0,0
0.4,0.34,-0.051511,1,0,0
0.42,0.34,-0.058472,1,0,0
0.44,0.34,-0.053471,1,0,0
0.46,0.34,-0.042615,1,0,0
0.48,0.34,-0.010726,1,0,0
0.5,0.34,-0.0048178,1,0,0
0.52,0.34,-0.013534,1,0,0
0.54,0.34,-0.033628,1,0,0
0.56,0.34,-0.028175,1,0,0
0.58,0.34,-0.016202,1,0,0
0.6,0.34,-0.0079051,1,0,0
0.62,0.34,-0.0067204,1,0,0
0.64,0.34,-0.014354,1,0,0
0.66,0.34,-0.012923,1,0,0
0.68,0.34,-0.016386,1,0,0
0.7,0.34,-0.0089764,1,0,0
0.72,0.34,0.0072135,1,0,0
0.74,0.34,0.016269,1,0,0
0.76,0.34,0.013024,1,0,0
0.78,0.34,0.020131,1,0,0
0.8,0.34,0.0038445,1,0,0
0.82,0.34,-0.011736,1,0,0
0.84,0.34,-0.029472,1,0,0
0.86,0.34,-0.016814,1,0,0
0.88,0.34,-0.035369,1,0,0
0.9,0.34,-0.018321,1,0,0
0.92,0.34,-0.030621,1,0,0
0.94,0.34,-0.019055,1,0,0
0.96,0.34,-0.010613,1,0,0
0.98,0.34,-0.0002142,1,0,0
0.02,0.36,0.029902,1,0,0
0.04,0.36,0.033573,1,0,0
0.06,0.36,0.017632,1,0,0
0.08,0.36,0.023387,1,0,0
0.1,0.36,0.0097084,1,0,0
0.12,0.36,0.011428,1,0,0
0.14,0.36,0.0025126,1,0,0
0.16,0.36,0.0041135,1,0,0
0.18,0.36,-0.011502,1,0,0
0.2,0.36,-0.012859,1,0,0
0.22,0.36,-0.041447,1,0,0
0.24,0.36,-0.0538,1,0,0
0.26,0.36,-0.06947,1,0,0
0.28,0.36,-0.057189,1,0,0
0.3,0.36,-0.042989,1,0,0
0.32,0.36,-0.032713,1,0,0
0.34,0.36,-0.031143,1,0,0
0.36,0.36,-0.034335,1,0,0
0.38,0.36,-0.046322,1,0,0
0.4,0.36,-0.041019,1,0,0
0.42,0.36,-0.055672,1,0,0
0.44,0.36,-0.041209,1,0,0
0.46,0.36,-0.031685,1,0,0
0.48,0.36,-0.022648,1,0,0
0.5,0.36,0.0035866,1,0,0
0.52,0.36,0.0017141,1,0,0
0.54,0.36,-0.0030865,1,0,0
0.56,0.36,-0.013085,1,0,0
0.58,0.36,-0.018418,1,0,0
0.6,0.36,-0.020707,1,0,0
0.62,0.36,-0.010159,1,0,0
0.64,0.36,-0.023728,1,0,0
0.66,0.36,-0.026184,1,0,0
0.68,0.36,-0.022255,1,0,0
0.7,0.36,-0.0058954,1,0,0
0.72,0.36,-0.0053676,1,0,0
0.74,0.36,0.010431,1,0,0
0.76,0.36,0.010622,1,0,0
0.78,0.36,0.0039785,1,0,0
0.8,0.36,0.0094387,1,0,0
0.82,0.36,0.0054607,1,0,0
0.84,0.36,-0.0087067,1,0,0
0.86,0.36,-0.022155,1,0,0
0.88,0.36,-0.021867,1,0,0
0.9,0.36,-0.025231,1,0,0
0.92,0.36,-0.015379,1,0,0
0.94,0.36,-0.008799,1,0,0
0.96,0.36,-0.0046475,1,0,0
0.98,0.36,-0.00027812,1,0,0
0.02,0.38,0.025414,1,0,0
0.04,0.38,0.015608,1,0,0
0.06,0.38,0.0069388,1,0,0
0.08,0.38,0.0096306,1,0,0
0.1,0.38,0.0249,1,0,0
0.12,0.38,0.012984,1,0,0
0.14,0.38,0.0017535,1,0,0
0.16,0.38,0.0034731,1,0,0
0.18,0.38,-0.0095134,1,0,0
0.2,0.38,-0.0039101,1,0,0
0.22,0.38,-0.022753,1,0,0
0.24,0.38,-0.032271,1,0,0
0.26,0.38,-0.037302,1,0,0
0.28,0.38,-0.053855,1,0,0
0.3,0.38,-0.047279,1,0,0
0.32,0.38,-0.024421,1,0,0
0.34,0.38,-0.024145,1,0,0
0.36,0.38,-0.022571,1,0,0
0.38,0.38,-0.022648,1,0,0
0.4,0.38,-0.043117,1,0,0
0.42,0.38,-0.057406,1,0,0
0.44,0.38,-0.045339,1,0,0
0.46,0.38,-0.018735,1,0,0
0.48,0.38,-0.014821,1,0,0
0.5,0.38,0.012462,1,0,0
0.52,0.38,0.013326,1,0,0
0.54,0.38,0.011721,1,0,0
0.56,0.38,-0.0071778,1,0,0
0.58,0.38,-0.015068,1,0,0
0.6,0.38,-0.01875,1,0,0
0.62,0.38,-0.014438,1,0,0
0.64,0.38,-0.015546,1,0,0
0.66,0.38,-0.035261,1,0,0
0.68,0.38,-0.025433,1,0,0
0.7,0.38,-0.016129,1,0,0
0.72,0.38,-0.009287,1,0,0
0.74,0.38,0.018256,1,0,0
0.76,0.38,0.014603,1,0,0
0.78,0.38,0.015045,1,0,0
0.8,0.38,0.0126,1,0,0
0.82,0.38,0.0016327,1,0,0
0.84,0.38,-0.0019575,1,0,0
0.86,0.38,-0.010197,1,0,0
0.88,0.38,-0.018802,1,0,0
0.9,0.38,-0.021158,1,0,0
0.92,0.38,-0.023652,1,0,0
0.94,0.38,-0.019943,1,0,0
0.96,0.38,-0.014486,1,0,0
0.98,0.38,-0.0035594,1,0,0
0.02,0.4,0.023055,1,0,0
0.04,0.4,0.02049,1,0,0
0.06,0.4,0.011723,1,0,0
0.08,0.4,0.024641,1,0,0
0.1,0.4,0.015001,1,0,0
0.12,0.4,0.0036942,1,0,0
0.14,0.4,0.0078318,1,0,0
0.16,0.4,-0.0060313,1,0,0
0.18,0.4,0.014759,1,0,0
0.2,0.4,0.010828,1,0,0
0.22,0.4,0.000949,1,0,0
0.24,0.4,-0.012579,1,0,0
0.26,0.4,-0.020875,1,0,0
0.28,0.4,-0.035502,1,0,0
0.3,0.4,-0.033904,1,0,0
0.32,0.4,-0.031711,1,0,0
0.34,0.4,-0.021105,1,0,0
0.36,0.4,-0.033328,1,0,0
0.38,0.4,-0.027961,1,0,0
0.4,0.4,-0.036889,1,0,0
0.42,0.4,-0.048934,1,0,0
0.44,0.4,-0.033243,1,0,0
0.46,0.4,-0.011583,1,0,0
0.48,0.4,-0.0091331,1,0,0
0.5,0.4,-0.0056448,1,0,0
0.52,0.4,-0.00063344,1,0,0
0.54,0.4,-0.0023367,1,0,0
0.56,0.4,0.010004,1,0,0
0.58,0.4,0.0050995,1,0,0
0.6,0.4,-0.013305,1,0,0
0.62,0.4,-0.0067294,1,0,0
0.64,0.4,-0.01197,1,0,0
0.66,0.4,-0.010666,1,0,0
0.68,0.4,-0.018701,1,0,0
0.7,0.4,-0.013386,1,0,0
0.72,0.4,-0.009715,1,0,0
0.74,0.4,0.0088485,1,0,0
0.76,0.4,0.023211,1,0,0
0.78,0.4,0.019132,1,0,0
0.8,0.4,0.021271,1,0,0
0.82,0.4,0.01009,1,0,0
0.84,0.4,-0.0079308,1,0,0
0.86,0.4,-0.0059622,1,0,0
0.88,0.4,-0.017172,1,0,0
0.9,0.4,-0.018025,1,0,0
0.92,0.4,-0.010512,1,0,0
0.94,0.4,-0.025958,1,0,0
0.96,0.4,-0.016108,1,0,0
0.98,0.4,0.0017585,1,0,0
0.02,0.42,0.0034588,1,0,0
0.04,0.42,-0.0041761,1,0,0
0.06,0.42,-0.0070295,1,0,0
0.08,0.42,0.0071191,1,0,0
0.1,0.42,0.011116,1,0,0
0.12,0.42,0.0015216,1,0,0
0.14,0.42,0.0039454,1,0,0
0.16,0.42,-0.00080422,1,0,0
0.18,0.42,-0.011982,1,0,0
0.2,0.42,-0.0044001,1,0,0
0.22,0.42,-0.0060534,1,0,0
0.24,0.42,-0.027362,1,0,0
0.26,0.42,-0.026815,1,0,0
0.28,0.42,-0.027034,1,0,0
0.3,0.42,-0.031555,1,0,0
0.32,0.42,-0.037583,1,0,0
0.34,0.42,-0.026749,1,0,0
0.36,0.42,-0.026932,1,0,0
0.38,0.42,-0.041967,1,0,0
0.4,0.42,-0.063276,1,0,0
0.42,0.42,-0.067756,1,0,0
0.44,0.42,-0.053657,1,0,0
0.46,0.42,-0.036388,1,0,0
0.48,0.42,-0.020817,1,0,0
0.5,0.42,-0.019454,1,0,0
0.52,0.42,-0.0245,1,0,0
0.54,0.42,-0.01827,1,0,0
0.56,0.42,-0.00043991,1,0,0
0.58,0.42,0.003184,1,0,0
0.6,0.42,-0.015456,1,0,0
0.62,0.42,-0.0064692,1,0,0
0.64,0.42,-0.0048192,1,0,0
0.66,0.42,-0.013607,1,0,0
0.68,0.42,-0.019281,1,0,0
0.7,0.42,-0.015734,1,0,0
0.72,0.42,-0.0092921,1,0,0
0.74,0.42,0.011925,1,0,0
0.76,0.42,0.01468,1,0,0
0.78,0.42,-0.0021977,1,0,0
0.8,0.42,-0.013667,1,0,0
0.82,0.42,-0.034074,1,0,0
0.84,0.42,-0.037545,1,0,0
0.86,0.42,-0.028243,1,0,0
0.88,0.42,-0.014362,1,0,0
0.9,0.42,-0.0033464,1,0,0
0.92,0.42,-0.017484,1,0,0
0.94,0.42,-0.033287,1,0,0
0.96,0.42,-0.03525,1,0,0
0.98,0.42,-0.027165,1,0,0
0.02,0.44,0.0014818,1,0,0
0.04,0.44,-0.0028682,1,0,0
0.06,0.44,-0.000762,1,0,0
0.08,0.44,-0.0025724,1,0,0
0.1,0.44,0.0031626,1,0,0
0.12,0.44,0.0081685,1,0,0
0.14,0.44,0.00072653,1,0,0
0.16,0.44,-0.0062492,1,0,0
0.18,0.44,-0.011466,1,0,0
0.2,0.44,0.0040652,1,0,0
0.22,0.44,-0.016136,1,0,0
0.24,0.44,-0.027525,1,0,0
0.26,0.44,-0.031982,1,0,0
0.28,0.44,-0.0301,1,0,0
0.3,0.44,-0.039066,1,0,0
0.32,0.44,-0.041434,1,0,0
0.34,0.44,-0.035105,1,0,0
0.36,0.44,-0.042707,1,0,0
0.38,0.44,-0.070339,1,0,0
0.4,0.44,-0.070406,1,0,0
0.42,0.44,-0.071455,1,0,0
0.44,0.44,-0.048802,1,0,0
0.46,0.44,-0.034285,1,0,0
0.48,0.44,-0.044352,1,0,0
0.5,0.44,-0.03911,1,0,0
0.52,0.44,-0.031941,1,0,0
0.54,0.44,-0.01675,1,0,0
0.56,0.44,-0.0058043,1,0,0
0.58,0.44,-0.011365,1,0,0
0.6,0.44,-0.0073456,1,0,0
0.62,0.44,-0.0097941,1,0,0
0.64,0.44,0.0066665,1,0,0
0.66,0.44,-0.012655,1,0,0
0.68,0.44,-0.022083,1,0,0
0.7,0.44,-0.01397,1,0,0
0.72,0.44,0.0051679,1,0,0
0.74,0.44,0.015761,1,0,0
0.76,0.44,-0.0033741,1,0,0
0.78,0.44,-0.0055499,1,0,0
0.8,0.44,-0.02722,1,0,0
0.82,0.44,-0.039711,1,0,0
0.84,0.44,-0.04105,1,0,0
0.86,0.44,-0.026098,1,0,0
0.88,0.44,-0.032635,1,0,0
0.9,0.44,-0.010221,1,0,0
0.92,0.44,-0.0055768,1,0,0
0.94,0.44,-0.022956,1,0,0
0.96,0.44,-0.056848,1,0,0
0.98,0.44,-0.04804,1,0,0
0.02,0.46,-0.0094329,1,0,0
0.04,0.46,0.0078,1,0,0
0.06,0.46,-0.011579,1,0,0
0.08,0.46,0.0093174,1,0,0
0.1,0.46,0.019575,1,0,0
0.12,0.46,0.00075687,1,0,0
0.14,0.46,-0.019352,1,0,0
0.16,0.46,-0.0074881,1,0,0
0.18,0.46,-0.006048,1,0,0
0.2,0.46,-0.0043054,1,0,0
0.22,0.46,-0.0070346,1,0,0
0.24,0.46,-0.010447,1,0,0
0.26,0.46,-0.024185,1,0,0
0.28,0.46,-0.027263,1,0,0
0.3,0.46,-0.053056,1,0,0
0.32,0.46,-0.06202,1,0,0
0.34,0.46,-0.064041,1,0,0
0.36,0.46,-0.053777,1,0,0
0.38,0.46,-0.062817,1,0,0
0.4,0.46,-0.063635,1,0,0
0.42,0.46,-0.070386,1,0,0
0.44,0.46,-0.05288,1,0,0
0.46,0.46,-0.038668,1,0,0
0.48,0.46,-0.02185,1,0,0
0.5,0.46,-0.035508,1,0,0
0.52,0.46,-0.029037,1,0,0
0.54,0.46,-0.017947,1,0,0
0.56,0.46,-0.0084133,1,0,0
0.58,0.46,-0.013831,1,0,0
0.6,0.46,-0.0037168,1,0,0
0.62,0.46,0.0089545,1,0,0
0.64,0.46,-0.00061377,1,0,0
0.66,0.46,-0.010774,1,0,0
0.68,0.46,-0.021869,1,0,0
0.7,0.46,-0.013927,1,0,0
0.72,0.46,0.00016584,1,0,0
0.74,0.46,0.016425,1,0,0
0.76,0.46,0.0095157,1,0,0
0.78,0.46,-0.0045754,1,0,0
0.8,0.46,-0.023451,1,0,0
0.82,0.46,-0.029533,1,0,0
0.84,0.46,-0.028613,1,0,0
0.86,0.46,-0.025695,1,0,0
0.88,0.46,-0.028091,1,0,0
0.9,0.46,-0.010502,1,0,0
0.92,0.46,-0.026665,1,0,0
0.94,0.46,-0.044929,1,0,0
0.96,0.46,-0.056788,1,0,0
0.98,0.46,-0.056539,1,0,0
0.02,0.48,-0.017831,1,0,0
0.04,0.48,0.002378,1,0,0
0.06,0.48,0.0034105,1,0,0
0.08,0.48,0.019351,1,0,0
0.1,0.48,0.027504,1,0,0
0.12,0.48,0.0044402,1,0,0
0.14,0.48,-0.017794,1,0,0
0.16,0.48,0.0028278,1,0,0
0.18,0.48,0.0065007,1,0,0
0.2,0.48,0.0036405,1,0,0
0.22,0.48,-0.014101,1,0,0
0.24,0.48,-0.014453,1,0,0
0.26,0.48,-0.030555,1,0,0
0.28,0.48,-0.024399,1,0,0
0.3,0.48,-0.046115,1,0,0
0.32,0.48,-0.049014,1,0,0
0.34,0.48,-0.061753,1,0,0
0.36,0.48,-0.061495,1,0,0
0.38,0.48,-0.046441,1,0,0
0.4,0.48,-0.04398,1,0,0
0.42,0.48,-0.058997,1,0,0
0.44,0.48,-0.055097,1,0,0
0.46,0.48,-0.031265,1,0,0
0.48,0.48,-0.016862,1,0,0
0.5,0.48,-0.019127,1,0,0
0.52,0.48,-0.0069757,1,0,0
0.54,0.48,0.0074784,1,0,0
0.56,0.48,0.0066108,1,0,0
0.58,0.48,0.004791,1,0,0
0.6,0.48,0.0052331,1,0,0
0.62,0.48,-0.0012877,1,0,0
0.64,0.48,-0.007781,1,0,0
0.66,0.48,0.0010748,1,0,0
0.68,0.48,-0.0067096,1,0,0
0.7,0.48,-0.0071042,1,0,0
0.72,0.48,0.015876,1,0,0
0.74,0.48,0.013534,1,0,0
0.76,0.48,0.0063421,1,0,0
0.78,0.48,-0.00066608,1,0,0
0.8,0.48,-0.0032674,1,0,0
0.82,0.48,-0.0037959,1,0,0
0.84,0.48,-0.006162,1,0,0
0.86,0.48,-0.011676,1,0,0
0.88,0.48,-0.028701,1,0,0
0.9,0.48,-0.0093205,1,0,0
0.92,0.48,-0.02412,1,0,0
0.94,0.48,-0.042545,1,0,0
0.96,0.48,-0.05553,1,0,0
0.98,0.48,-0.055796,1,0,0
0.02,0.5,-0.015801,1,0,0
0.04,0.5,-0.0052603,1,0,0
0.06,0.5,0.0066488,1,0,0
0.08,0.5,0.019402,1,0,0
0.1,0.5,0.03404,1,0,0
0.12,0.5,0.017366,1,0,0
0.14,0.5,0.0016546,1,0,0
0.16,0.5,0.0087567,1,0,0
0.18,0.5,-0.0013279,1,0,0
0.2,0.5,-0.0084555,1,0,0
0.22,0.5,-0.0119,1,0,0
0.24,0.5,-0.026027,1,0,0
0.26,0.5,-0.030263,1,0,0
0.28,0.5,-0.035886,1,0,0
0.3,0.5,-0.039109,1,0,0
0.32,0.5,-0.055977,1,0,0
0.34,0.5,-0.048967,1,0,0
0.36,0.5,-0.039642,1,0,0
0.38,0.5,-0.033819,1,0,0
0.4,0.5,-0.033557,1,0,0
0.42,0.5,-0.050926,1,0,0
0.44,0.5,-0.041872,1,0,0
0.46,0.5,-0.029699,1,0,0
0.48,0.5,-0.014504,1,0,0
0.5,0.5,0.00012012,1,0,0
0.52,0.5,0.0030729,1,0,0
0.54,0.5,0.010567,1,0,0
0.56,0.5,0.0065776,1,0,0
0.58,0.5,0.00016683,1,0,0
0.6,0.5,0.011599,1,0,0
0.62,0.5,0.0071251,1,0,0
0.64,0.5,0.0077827,1,0,0
0.66,0.5,0.0076939,1,0,0
0.68,0.5,-0.00024987,1,0,0
0.7,0.5,0.0034225,1,0,0
0.72,0.5,0.017665,1,0,0
0.74,0.5,0.024067,1,0,0
0.76,0.5,0.0042503,1,0,0
0.78,0.5,0.002798,1,0,0
0.8,0.5,-0.0026235,1,0,0
0.82,0.5,0.0063228,1,0,0
0.84,0.5,0.0094065,1,0,0
0.86,0.5,0.00029549,1,0,0
0.88,0.5,-0.0096519,1,0,0
0.9,0.5,-0.0076916,1,0,0
0.92,0.5,-0.024084,1,0,0
0.94,0.5,-0.041002,1,0,0
0.96,0.5,-0.053126,1,0,0
0.98,0.5,-0.051394,1,0,0
0.02,0.52,-0.015081,1,0,0
0.04,0.52,0.0070402,1,0,0
0.06,0.52,0.0083637,1,0,0
0.08,0.52,0.01273,1,0,0
0.1,0.52,0.026098,1,0,0
0.12,0.52,0.02069,1,0,0
0.14,0.52,0.019699,1,0,0
0.16,0.52,0.01324,1,0,0
0.18,0.52,0.0042132,1,0,0
0.2,0.52,0.0014877,1,0,0
0.22,0.52,4.0306e-05,1,0,0
0.24,0.52,-0.033956,1,0,0
0.26,0.52,-0.029379,1,0,0
0.28,0.52,-0.032866,1,0,0
0.3,0.52,-0.032275,1,0,0
0.32,0.52,-0.038015,1,0,0
0.34,0.52,-0.027121,1,0,0
0.36,0.52,-0.021335,1,0,0
0.38,0.52,-0.018752,1,0,0
0.4,0.52,-0.020629,1,0,0
0.42,0.52,-0.0081576,1,0,0
0.44,0.52,-0.00065635,1,0,0
0.46,0.52,-0.012039,1,0,0
0.48,0.52,-0.005986,1,0,0
0.5,0.52,0.0024245,1,0,0
0.52,0.52,0.0027519,1,0,0
0.54,0.52,0.012279,1,0,0
0.56,0.52,0.0161,1,0,0
0.58,0.52,0.01383,1,0,0
0.6,0.52,0.019728,1,0,0
0.62,0.52,0.037674,1,0,0
0.64,0.52,0.029065,1,0,0
0.66,0.52,0.020016,1,0,0
0.68,0.52,0.009385,1,0,0
0.7,0.52,0.016673,1,0,0
0.72,0.52,0.018938,1,0,0
0.74,0.52,0.023808,1,0,0
0.76,0.52,0.011615,1,0,0
0.78,0.52,0.01811,1,0,0
0.8,0.52,0.02295,1,0,0
0.82,0.52,0.019313,1,0,0
0.84,0.52,0.02312,1,0,0
0.86,0.52,0.0025247,1,0,0
0.88,0.52,-0.010978,1,0,0
0.9,0.52,-0.020924,1,0,0
0.92,0.52,-0.022789,1,0,0
0.94,0.52,-0.032616,1,0,0
0.96,0.52,-0.04121,1,0,0
0.98,0.52,-0.052643,1,0,0
0.02,0.54,-0.025511,1,0,0
0.04,0.54,-0.023272,1,0,0
0.06,0.54,-0.018779,1,0,0
0.08,0.54,-0.01002,1,0,0
0.1,0.54,0.0037758,1,0,0
0.12,0.54,0.020813,1,0,0
0.14,0.54,0.028726,1,0,0
0.16,0.54,0.0060443,1,0,0
0.18,0.54,0.0032798,1,0,0
0.2,0.54,0.0003369,1,0,0
0.22,0.54,-0.022497,1,0,0
0.24,0.54,-0.02604,1,0,0
0.26,0.54,-0.030738,1,0,0
0.28,0.54,-0.017791,1,0,0
0.3,0.54,-0.027444,1,0,0
0.32,0.54,-0.013185,1,0,0
0.34,0.54,-0.0049667,1,0,0
0.36,0.54,-0.016118,1,0,0
0.38,0.54,-0.0081056,1,0,0
0.4,0.54,-0.019501,1,0,0
0.42,0.54,-0.016272,1,0,0
0.44,0.54,-0.015364,1,0,0
0.46,0.54,1.2322e-05,1,0,0
0.48,0.54,0.0026518,1,0,0
0.5,0.54,0.018852,1,0,0
0.52,0.54,0.0051609,1,0,0
0.54,0.54,0.0069292,1,0,0
0.56,0.54,0.020534,1,0,0
0.58,0.54,0.023548,1,0,0
0.6,0.54,0.020417,1,0,0
0.62,0.54,0.03321,1,0,0
0.64,0.54,0.027709,1,0,0
0.66,0.54,0.023588,1,0,0
0.68,0.54,0.017276,1,0,0
0.7,0.54,0.016919,1,0,0
0.72,0.54,0.023429,1,0,0
0.74,0.54,0.014663,1,0,0
0.76,0.54,0.024605,1,0,0
0.78,0.54,0.027271,1,0,0
0.8,0.54,0.021778,1,0,0
0.82,0.54,0.0082401,1,0,0
0.84,0.54,-0.00013066,1,0,0
0.86,0.54,0.016991,1,0,0
0.88,0.54,-0.0025918,1,0,0
0.9,0.54,-0.016814,1,0,0
0.92,0.54,-0.021768,1,0,0
0.94,0.54,-0.041985,1,0,0
0.96,0.54,-0.050269,1,0,0
0.98,0.54,-0.038839,1,0,0
0.02,0.56,-0.021382,1,0,0
0.04,0.56,-0.022094,1,0,0
0.06,0.56,-0.035262,1,0,0
0.08,0.56,-0.025766,1,0,0
0.1,0.56,-0.0077321,1,0,0
0.12,0.56,0.0068374,1,0,0
0.14,0.56,0.016166,1,0,0
0.16,0.56,0.030825,1,0,0
0.18,0.56,0.011828,1,0,0
0.2,0.56,0.01362,1,0,0
0.22,0.56,0.0052746,1,0,0
0.24,0.56,-0.0012746,1,0,0
0.26,0.56,-0.00097003,1,0,0
0.28,0.56,-0.0050186,1,0,0
0.3,0.56,0.002671,1,0,0
0.32,0.56,0.017628,1,0,0
0.34,0.56,0.0010345,1,0,0
0.36,0.56,-0.0049248,1,0,0
0.38,0.56,-0.0017264,1,0,0
0.4,0.56,-0.0013728,1,0,0
0.42,0.56,-0.0012036,1,0,0
0.44,0.56,0.018261,1,0,0
0.46,0.56,0.019954,1,0,0
0.48,0.56,0.033397,1,0,0
0.5,0.56,0.03975,1,0,0
0.52,0.56,0.0249,1,0,0
0.54,0.56,0.028847,1,0,0
0.56,0.56,0.042125,1,0,0
0.58,0.56,0.037717,1,0,0
0.6,0.56,0.02083,1,0,0
0.62,0.56,0.032139,1,0,0
0.64,0.56,0.032395,1,0,0
0.66,0.56,0.034324,1,0,0
0.68,0.56,0.048607,1,0,0
0.7,0.56,0.044196,1,0,0
0.72,0.56,0.016329,1,0,0
0.74,0.56,0.028846,1,0,0
0.76,0.56,0.032255,1,0,0
0.78,0.56,0.038222,1,0,0
0.8,0.56,0.03797,1,0,0
0.82,0.56,0.033487,1,0,0
0.84,0.56,0.021566,1,0,0
0.86,0.56,0.017015,1,0,0
0.88,0.56,0.014684,1,0,0
0.9,0.56,-0.00050544,1,0,0
0.92,0.56,-0.027617,1,0,0
0.94,0.56,-0.034787,1,0,0
0.96,0.56,-0.036105,1,0,0
0.98,0.56,-0.02497,1,0,0
0.02,0.58,-0.025432,1,0,0
0.04,0.58,-0.031798,1,0,0
0.06,0.58,-0.045324,1,0,0
0.08,0.58,-0.034173,1,0,0
0.1,0.58,-0.033031,1,0,0
0.12,0.58,0.0061823,1,0,0
0.14,0.58,0.007369,1,0,0
0.16,0.58,0.0026219,1,0,0
0.18,0.58,-0.0027178,1,0,0
0.2,0.58,0.021184,1,0,0
0.22,0.58,0.01482,1,0,0
0.24,0.58,0.03757,1,0,0
0.26,0.58,0.021272,1,0,0
0.28,0.58,0.002545,1,0,0
0.3,0.58,0.00084672,1,0,0
0.32,0.58,0.017787,1,0,0
0.34,0.58,0.0039629,1,0,0
0.36,0.58,0.00074734,1,0,0
0.38,0.58,0.0037949,1,0,0
0.4,0.58,0.015773,1,0,0
0.42,0.58,0.0049346,1,0,0
0.44,0.58,0.038078,1,0,0
0.46,0.58,0.044818,1,0,0
0.48,0.58,0.03593,1,0,0
0.5,0.58,0.053779,1,0,0
0.52,0.58,0.055363,1,0,0
0.54,0.58,0.042975,1,0,0
0.56,0.58,0.033934,1,0,0
0.58,0.58,0.028112,1,0,0
0.6,0.58,0.021998,1,0,0
0.62,0.58,0.030527,1,0,0
0.64,0.58,0.031826,1,0,0
0.66,0.58,0.038759,1,0,0
0.68,0.58,0.046238,1,0,0
0.7,0.58,0.040459,1,0,0
0.72,0.58,0.023034,1,0,0
0.74,0.58,0.037165,1,0,0
0.76,0.58,0.032158,1,0,0
0.78,0.58,0.032643,1,0,0
0.8,0.58,0.042164,1,0,0
0.82,0.58,0.040024,1,0,0
0.84,0.58,0.023075,1,0,0
0.86,0.58,0.025214,1,0,0
0.88,0.58,0.013616,1,0,0
0.9,0.58,-0.012264,1,0,0
0.92,0.58,-0.023129,1,0,0
0.94,0.58,-0.027051,1,0,0
0.96,0.58,-0.02879,1,0,0
0.98,0.58,3.9587e-05,1,0,0
0.02,0.6,-0.039206,1,0,0
0.04,0.6,-0.030799,1,0,0
0.06,0.6,-0.044843,1,0,0
0.08,0.6,-0.036781,1,0,0
0.1,0.6,-0.032686,1,0,0
0.12,0.6,-0.016741,1,0,0
0.14,0.6,-0.0086785,1,0,0
0.16,0.6,-0.009974,1,0,0
0.18,0.6,-0.014592,1,0,0
0.2,0.6,0.013671,1,0,0
0.22,0.6,0.015866,1,0,0
0.24,0.6,0.028155,1,0,0
0.26,0.6,0.016245,1,0,0
0.28,0.6,0.019173,1,0,0
0.3,0.6,0.0048817,1,0,0
0.32,0.6,0.020218,1,0,0
0.34,0.6,-0.0008671,1,0,0
0.36,0.6,0.002911,1,0,0
0.38,0.6,0.012959,1,0,0
0.4,0.6,0.009543,1,0,0
0.42,0.6,0.023356,1,0,0
0.44,0.6,0.039442,1,0,0
0.46,0.6,0.038614,1,0,0
0.48,0.6,0.043264,1,0,0
0.5,0.6,0.055165,1,0,0
0.52,0.6,0.064502,1,0,0
0.54,0.6,0.046548,1,0,0
0.56,0.6,0.037294,1,0,0
0.58,0.6,0.023437,1,0,0
0.6,0.6,0.011493,1,0,0
0.62,0.6,0.022423,1,0,0
0.64,0.6,0.020837,1,0,0
0.66,0.6,0.027387,1,0,0
0.68,0.6,0.052887,1,0,0
0.7,0.6,0.044368,1,0,0
0.72,0.6,0.0226,1,0,0
0.74,0.6,0.024005,1,0,0
0.76,0.6,0.016641,1,0,0
0.78,0.6,0.017691,1,0,0
0.8,0.6,0.032353,1,0,0
0.82,0.6,0.039453,1,0,0
0.84,0.6,0.019751,1,0,0
0.86,0.6,0.030544,1,0,0
0.88,0.6,0.015681,1,0,0
0.9,0.6,0.0098438,1,0,0
0.92,0.6,-0.013749,1,0,0
0.94,0.6,-0.00082809,1,0,0
0.96,0.6,0.0017469,1,0,0
0.98,0.6,-0.0033697,1,0,0
0.02,0.62,-0.039766,1,0,0
0.04,0.62,-0.033326,1,0,0
0.06,0.62,-0.039288,1,0,0
0.08,0.62,-0.027714,1,0,0
0.1,0.62,-0.034086,1,0,0
0.12,0.62,-0.016644,1,0,0
0.14,0.62,-0.010483,1,0,0
0.16,0.62,-0.021875,1,0,0
0.18,0.62,-0.0055159,1,0,0
0.2,0.62,0.0057484,1,0,0
0.22,0.62,0.017876,1,0,0
0.24,0.62,0.023099,1,0,0
0.26,0.62,0.034471,1,0,0
0.28,0.62,0.034247,1,0,0
0.3,0.62,0.02961,1,0,0
0.32,0.62,0.01277,1,0,0
0.34,0.62,0.011062,1,0,0
0.36,0.62,0.0059504,1,0,0
0.38,0.62,0.010861,1,0,0
0.4,0.62,0.034993,1,0,0
0.42,0.62,0.032048,1,0,0
0.44,0.62,0.042318,1,0,0
0.46,0.62,0.045902,1,0,0
0.48,0.62,0.072368,1,0,0
0.5,0.62,0.078876,1,0,0
0.52,0.62,0.072224,1,0,0
0.54,0.62,0.046475,1,0,0
0.56,0.62,0.045109,1,0,0
0.58,0.62,0.028598,1,0,0
0.6,0.62,0.012619,1,0,0
0.62,0.62,0.022671,1,0,0
0.64,0.62,0.023514,1,0,0
0.66,0.62,0.031398,1,0,0
0.68,0.62,0.042908,1,0,0
0.7,0.62,0.054985,1,0,0
0.72,0.62,0.032661,1,0,0
0.74,0.62,0.024965,1,0,0
0.76,0.62,0.013504,1,0,0
0.78,0.62,0.015505,1,0,0
0.8,0.62,0.018645,1,0,0
0.82,0.62,0.024745,1,0,0
0.84,0.62,0.026689,1,0,0
0.86,0.62,0.046362,1,0,0
0.88,0.62,0.038087,1,0,0
0.9,0.62,0.027208,1,0,0
0.92,0.62,0.025188,1,0,0
0.94,0.62,0.013223,1,0,0
0.96,0.62,0.0033502,1,0,0
0.98,0.62,0.0058915,1,0,0
0.02,0.64,-0.025329,1,0,0
0.04,0.64,-0.023016,1,0,0
0.06,0.64,-0.01566,1,0,0
0.08,0.64,-0.030222,1,0,0
0.1,0.64,-0.024622,1,0,0
0.12,0.64,-0.021077,1,0,0
0.14,0.64,-0.013429,1,0,0
0.16,0.64,0.0031493,1,0,0
0.18,0.64,0.0089811,1,0,0
0.2,0.64,0.02782,1,0,0
0.22,0.64,0.034009,1,0,0
0.24,0.64,0.037351,1,0,0
0.26,0.64,0.056937,1,0,0
0.28,0.64,0.052363,1,0,0
0.3,0.64,0.039656,1,0,0
0.32,0.64,0.019215,1,0,0
0.34,0.64,0.0060757,1,0,0
0.36,0.64,-0.0028899,1,0,0
0.38,0.64,0.012652,1,0,0
0.4,0.64,0.039482,1,0,0
0.42,0.64,0.054195,1,0,0
0.44,0.64,0.055056,1,0,0
0.46,0.64,0.071062,1,0,0
0.48,0.64,0.081481,1,0,0
0.5,0.64,0.088869,1,0,0
0.52,0.64,0.067532,1,0,0
0.54,0.64,0.065941,1,0,0
0.56,0.64,0.055158,1,0,0
0.58,0.64,0.048028,1,0,0
0.6,0.64,0.033429,1,0,0
0.62,0.64,0.025603,1,0,0
0.64,0.64,0.030798,1,0,0
0.66,0.64,0.022942,1,0,0
0.68,0.64,0.034357,1,0,0
0.7,0.64,0.040367,1,0,0
0.72,0.64,0.043673,1,0,0
0.74,0.64,0.037381,1,0,0
0.76,0.64,0.025003,1,0,0
0.78,0.64,0.03928,1,0,0
0.8,0.64,0.041089,1,0,0
0.82,0.64,0.03536,1,0,0
0.84,0.64,0.051815,1,0,0
0.86,0.64,0.052582,1,0,0
0.88,0.64,0.041319,1,0,0
0.9,0.64,0.042014,1,0,0
0.92,0.64,0.044344,1,0,0
0.94,0.64,0.035145,1,0,0
0.96,0.64,0.01551,1,0,0
0.98,0.64,0.010873,1,0,0
0.02,0.66,-0.015713,1,0,0
0.04,0.66,-0.018657,1,0,0
0.06,0.66,-0.038979,1,0,0
0.08,0.66,-0.034865,1,0,0
0.1,0.66,-0.015796,1,0,0
0.12,0.66,-0.014914,1,0,0
0.14,0.66,-0.0049139,1,0,0
0.16,0.66,0.0028822,1,0,0
0.18,0.66,0.01619,1,0,0
0.2,0.66,0.024814,1,0,0
0.22,0.66,0.051548,1,0,0
0.24,0.66,0.063772,1,0,0
0.26,0.66,0.057822,1,0,0
0.28,0.66,0.062823,1,0,0
0.3,0.66,0.050176,1,0,0
0.32,0.66,0.020665,1,0,0
0.34,0.66,0.010342,1,0,0
0.36,0.66,0.001299,1,0,0
0.38,0.66,0.0065917,1,0,0
0.4,0.66,0.018626,1,0,0
0.42,0.66,0.045366,1,0,0
0.44,0.66,0.049067,1,0,0
0.46,0.66,0.065616,1,0,0
0.48,0.66,0.070479,1,0,0
0.5,0.66,0.078343,1,0,0
0.52,0.66,0.080503,1,0,0
0.54,0.66,0.07656,1,0,0
0.56,0.66,0.057401,1,0,0
0.58,0.66,0.043701,1,0,0
0.6,0.66,0.039485,1,0,0
0.62,0.66,0.041068,1,0,0
0.64,0.66,0.025807,1,0,0
0.66,0.66,0.013611,1,0,0
0.68,0.66,0.017612,1,0,0
0.7,0.66,0.026861,1,0,0
0.72,0.66,0.04604,1,0,0
0.74,0.66,0.047593,1,0,0
0.76,0.66,0.038776,1,0,0
0.78,0.66,0.032463,1,0,0
0.8,0.66,0.036251,1,0,0
0.82,0.66,0.045067,1,0,0
0.84,0.66,0.052961,1,0,0
0.86,0.66,0.053204,1,0,0
0.88,0.66,0.044775,1,0,0
0.9,0.66,0.052466,1,0,0
0.92,0.66,0.049494,1,0,0
0.94,0.66,0.028725,1,0,0
0.96,0.66,0.019127,1,0,0
0.98,0.66,-0.0050673,1,0,0
0.02,0.68,-0.033656,1,0,0
0.04,0.68,-0.021859,1,0,0
0.06,0.68,-0.040892,1,0,0
0.08,0.68,-0.026011,1,0,0
0.1,0.68,-0.0064496,1,0,0
0.12,0.68,-0.0077711,1,0,0
0.14,0.68,-0.0056564,1,0,0
0.16,0.68,0.012396,1,0,0
0.18,0.68,0.02938,1,0,0
0.2,0.68,0.035309,1,0,0
0.22,0.68,0.059341,1,0,0
0.24,0.68,0.064197,1,0,0
0.26,0.68,0.070014,1,0,0
0.28,0.68,0.071665,1,0,0
0.3,0.68,0.051552,1,0,0
0.32,0.68,0.028574,1,0,0
0.34,0.68,0.010302,1,0,0
0.36,0.68,0.0043266,1,0,0
0.38,0.68,0.017327,1,0,0
0.4,0.68,0.018258,1,0,0
0.42,0.68,0.018233,1,0,0
0.44,0.68,0.03926,1,0,0
0.46,0.68,0.052581,1,0,0
0.48,0.68,0.056722,1,0,0
0.5,0.68,0.051513,1,0,0
0.52,0.68,0.0728,1,0,0
0.54,0.68,0.072333,1,0,0
0.56,0.68,0.057908,1,0,0
0.58,0.68,0.051353,1,0,0
0.6,0.68,0.044642,1,0,0
0.62,0.68,0.026744,1,0,0
0.64,0.68,0.014116,1,0,0
0.66,0.68,0.033854,1,0,0
0.68,0.68,0.025435,1,0,0
0.7,0.68,0.026893,1,0,0
0.72,0.68,0.041182,1,0,0
0.74,0.68,0.036012,1,0,0
0.76,0.68,0.023969,1,0,0
0.78,0.68,0.035033,1,0,0
0.8,0.68,0.034313,1,0,0
0.82,0.68,0.03793,1,0,0
0.84,0.68,0.048991,1,0,0
0.86,0.68,0.050845,1,0,0
0.88,0.68,0.049132,1,0,0
0.9,0.68,0.056746,1,0,0
0.92,0.68,0.042446,1,0,0
0.94,0.68,0.016466,1,0,0
0.96,0.68,0.010198,1,0,0
0.98,0.68,-0.0013596,1,0,0
0.02,0.7,-0.032868,1,0,0
0.04,0.7,-0.0356,1,0,0
0.06,0.7,-0.035904,1,0,0
0.08,0.7,-0.015818,1,0,0
0.1,0.7,0.0069339,1,0,0
0.12,0.7,0.0039917,1,0,0
0.14,0.7,-0.0086904,1,0,0
0.16,0.7,0.023507,1,0,0
0.18,0.7,0.014506,1,0,0
0.2,0.7,0.038916,1,0,0
0.22,0.7,0.058405,1,0,0
0.24,0.7,0.071163,1,0,0
0.26,0.7,0.061839,1,0,0
0.28,0.7,0.064647,1,0,0
0.3,0.7,0.037498,1,0,0
0.32,0.7,0.017418,1,0,0
0.34,0.7,0.0076987,1,0,0
0.36,0.7,0.016759,1,0,0
0.38,0.7,0.012582,1,0,0
0.4,0.7,0.01672,1,0,0
0.42,0.7,0.0089406,1,0,0
0.44,0.7,0.014915,1,0,0
0.46,0.7,0.023637,1,0,0
0.48,0.7,0.02857,1,0,0
0.5,0.7,0.028521,1,0,0
0.52,0.7,0.028372,1,0,0
0.54,0.7,0.049752,1,0,0
0.56,0.7,0.051064,1,0,0
0.58,0.7,0.038842,1,0,0
0.6,0.7,0.025413,1,0,0
0.62,0.7,0.012145,1,0,0
0.64,0.7,0.021223,1,0,0
0.66,0.7,0.021982,1,0,0
0.68,0.7,0.023582,1,0,0
0.7,0.7,0.016017,1,0,0
0.72,0.7,0.020625,1,0,0
0.74,0.7,0.026567,1,0,0
0.76,0.7,0.019204,1,0,0
0.78,0.7,0.027218,1,0,0
0.8,0.7,0.021666,1,0,0
0.82,0.7,0.031604,1,0,0
0.84,0.7,0.03676,1,0,0
0.86,0.7,0.033651,1,0,0
0.88,0.7,0.031717,1,0,0
0.9,0.7,0.043364,1,0,0
0.92,0.7,0.021148,1,0,0
0.94,0.7,0.014237,1,0,0
0.96,0.7,0.0046911,1,0,0
0.98,0.7,0.013579,1,0,0
0.02,0.72,-0.032553,1,0,0
0.04,0.72,-0.016328,1,0,0
0.06,0.72,-0.023892,1,0,0
0.08,0.72,-0.0038994,1,0,0
0.1,0.72,0.005251,1,0,0
0.12,0.72,0.016986,1,0,0
0.14,0.72,0.010443,1,0,0
0.16,0.72,0.019261,1,0,0
0.18,0.72,0.026924,1,0,0
0.2,0.72,0.05289,1,0,0
0.22,0.72,0.063244,1,0,0
0.24,0.72,0.067163,1,0,0
0.26,0.72,0.074464,1,0,0
0.28,0.72,0.067963,1,0,0
0.3,0.72,0.032605,1,0,0
0.32,0.72,0.029726,1,0,0
0.34,0.72,0.03058,1,0,0
0.36,0.72,0.024054,1,0,0
0.38,0.72,0.013062,1,0,0
0.4,0.72,0.018852,1,0,0
0.42,0.72,0.0036615,1,0,0
0.44,0.72,0.018411,1,0,0
0.46,0.72,0.015227,1,0,0
0.48,0.72,0.027146,1,0,0
0.5,0.72,0.013439,1,0,0
0.52,0.72,0.016512,1,0,0
0.54,0.72,0.034048,1,0,0
0.56,0.72,0.047925,1,0,0
0.58,0.72,0.024098,1,0,0
0.6,0.72,0.0079213,1,0,0
0.62,0.72,0.013588,1,0,0
0.64,0.72,0.018615,1,0,0
0.66,0.72,0.025677,1,0,0
0.68,0.72,0.011219,1,0,0
0.7,0.72,0.013791,1,0,0
0.72,0.72,0.018029,1,0,0
0.74,0.72,0.016711,1,0,0
0.76,0.72,0.010253,1,0,0
0.78,0.72,0.026149,1,0,0
0.8,0.72,0.016218,1,0,0
0.82,0.72,0.025089,1,0,0
0.84,0.72,0.032572,1,0,0
0.86,0.72,0.037046,1,0,0
0.88,0.72,0.026694,1,0,0
0.9,0.72,0.034425,1,0,0
0.92,0.72,0.031307,1,0,0
0.94,0.72,0.018182,1,0,0
0.96,0.72,-0.0065213,1,0,0
0.98,0.72,0.0075183,1,0,0
0.02,0.74,-0.0029721,1,0,0
0.04,0.74,0.0020997,1,0,0
0.06,0.74,-0.016147,1,0,0
0.08,0.74,0.00054176,1,0,0
0.1,0.74,0.01659,1,0,0
0.12,0.74,0.027134,1,0,0
0.14,0.74,0.02958,1,0,0
0.16,0.74,0.030181,1,0,0
0.18,0.74,0.041228,1,0,0
0.2,0.74,0.065238,1,0,0
0.22,0.74,0.071246,1,0,0
0.24,0.74,0.068106,1,0,0
0.26,0.74,0.072875,1,0,0
0.28,0.74,0.076834,1,0,0
0.3,0.74,0.046147,1,0,0
0.32,0.74,0.051972,1,0,0
0.34,0.74,0.042787,1,0,0
0.36,0.74,0.03055,1,0,0
0.38,0.74,0.01889,1,0,0
0.4,0.74,0.00088357,1,0,0
0.42,0.74,0.0052965,1,0,0
0.44,0.74,0.020382,1,0,0
0.46,0.74,0.024794,1,0,0
0.48,0.74,0.029518,1,0,0
0.5,0.74,0.019583,1,0,0
0.52,0.74,0.027727,1,0,0
0.54,0.74,0.025961,1,0,0
0.56,0.74,0.023948,1,0,0
0.58,0.74,0.0069329,1,0,0
0.6,0.74,-0.0082742,1,0,0
0.62,0.74,0.012734,1,0,0
0.64,0.74,0.013738,1,0,0
0.66,0.74,0.0064624,1,0,0
0.68,0.74,0.00029629,1,0,0
0.7,0.74,0.00774,1,0,0
0.72,0.74,0.017174,1,0,0
0.74,0.74,0.023231,1,0,0
0.76,0.74,0.014346,1,0,0
0.78,0.74,0.017462,1,0,0
0.8,0.74,0.016161,1,0,0
0.82,0.74,0.025844,1,0,0
0.84,0.74,0.032385,1,0,0
0.86,0.74,0.045507,1,0,0
0.88,0.74,0.038556,1,0,0
0.9,0.74,0.048332,1,0,0
0.92,0.74,0.043396,1,0,0
0.94,0.74,0.024997,1,0,0
0.96,0.74,0.00073408,1,0,0
0.98,0.74,-0.0089264,1,0,0
0.02,0.76,0.020424,1,0,0
0.04,0.76,0.005038,1,0,0
0.06,0.76,0.0071375,1,0,0
0.08,0.76,0.022181,1,0,0
0.1,0.76,0.024811,1,0,0
0.12,0.76,0.022533,1,0,0
0.14,0.76,0.029351,1,0,0
0.16,0.76,0.049791,1,0,0
0.18,0.76,0.059315,1,0,0
0.2,0.76,0.074375,1,0,0
0.22,0.76,0.062167,1,0,0
0.24,0.76,0.061627,1,0,0
0.26,0.76,0.06377,1,0,0
0.28,0.76,0.078906,1,0,0
0.3,0.76,0.06223,1,0,0
0.32,0.76,0.050201,1,0,0
0.34,0.76,0.038851,1,0,0
0.36,0.76,0.0302,1,0,0
0.38,0.76,0.03083,1,0,0
0.4,0.76,0.0097739,1,0,0
0.42,0.76,0.0040029,1,0,0
0.44,0.76,0.022634,1,0,0
0.46,0.76,0.042513,1,0,0
0.48,0.76,0.026817,1,0,0
0.5,0.76,0.036584,1,0,0
0.52,0.76,0.0082071,1,0,0
0.54,0.76,0.0069906,1,0,0
0.56,0.76,0.00099191,1,0,0
0.58,0.76,-0.0051356,1,0,0
0.6,0.76,-0.013558,1,0,0
0.62,0.76,-0.0074253,1,0,0
0.64,0.76,-0.0074513,1,0,0
0.66,0.76,-0.012206,1,0,0
0.68,0.76,-0.007698,1,0,0
0.7,0.76,-0.0082608,1,0,0
0.72,0.76,0.0030193,1,0,0
0.74,0.76,0.01921,1,0,0
0.76,0.76,0.025644,1,0,0
0.78,0.76,0.019552,1,0,0
0.8,0.76,0.021639,1,0,0
0.82,0.76,0.031815,1,0,0
0.84,0.76,0.024875,1,0,0
0.86,0.76,0.026319,1,0,0
0.88,0.76,0.043854,1,0,0
0.9,0.76,0.038109,1,0,0
0.92,0.76,0.035229,1,0,0
0.94,0.76,0.020931,1,0,0
0.96,0.76,0.0080821,1,0,0
0.98,0.76,0.0070052,1,0,0
0.02,0.78,0.01317,1,0,0
0.04,0.78,0.014051,1,0,0
0.06,0.78,0.022632,1,0,0
0.08,0.78,0.030866,1,0,0
0.1,0.78,0.02602,1,0,0
0.12,0.78,0.021017,1,0,0
0.14,0.78,0.026006,1,0,0
0.16,0.78,0.044554,1,0,0
0.18,0.78,0.05862,1,0,0
0.2,0.78,0.061532,1,0,0
0.22,0.78,0.055131,1,0,0
0.24,0.78,0.044514,1,0,0
0.26,0.78,0.065524,1,0,0
0.28,0.78,0.05209,1,0,0
0.3,0.78,0.057818,1,0,0
0.32,0.78,0.057901,1,0,0
0.34,0.78,0.038774,1,0,0
0.36,0.78,0.026235,1,0,0
0.38,0.78,0.037856,1,0,0
0.4,0.78,0.018921,1,0,0
0.42,0.78,-0.0032575,1,0,0
0.44,0.78,0.013167,1,0,0
0.46,0.78,0.027869,1,0,0
0.48,0.78,0.022191,1,0,0
0.5,0.78,0.011734,1,0,0
0.52,0.78,-0.0019529,1,0,0
0.54,0.78,-0.018841,1,0,0
0.56,0.78,-0.035159,1,0,0
0.58,0.78,-0.024315,1,0,0
0.6,0.78,-0.031629,1,0,0
0.62,0.78,-0.01691,1,0,0
0.64,0.78,-0.015023,1,0,0
0.66,0.78,-0.015409,1,0,0
0.68,0.78,-0.018249,1,0,0
0.7,0.78,-0.020551,1,0,0
0.72,0.78,-0.01435,1,0,0
0.74,0.78,0.01445,1,0,0
0.76,0.78,0.00037013,1,0,0
0.78,0.78,-0.0063159,1,0,0
0.8,0.78,0.0077349,1,0,0
0.82,0.78,0.012232,1,0,0
0.84,0.78,0.019638,1,0,0
0.86,0.78,0.013617,1,0,0
0.88,0.78,0.025628,1,0,0
0.9,0.78,0.023532,1,0,0
0.92,0.78,0.028598,1,0,0
0.94,0.78,0.011588,1,0,0
0.96,0.78,0.0038979,1,0,0
0.98,0.78,0.0012181,1,0,0
0.02,0.8,0.015633,1,0,0
0.04,0.8,0.025212,1,0,0
0.06,0.8,0.021527,1,0,0
0.08,0.8,0.045465,1,0,0
0.1,0.8,0.043618,1,0,0
0.12,0.8,0.037628,1,0,0
0.14,0.8,0.043582,1,0,0
0.16,0.8,0.041256,1,0,0
0.18,0.8,0.057894,1,0,0
0.2,0.8,0.055111,1,0,0
0.22,0.8,0.049176,1,0,0
0.24,0.8,0.049408,1,0,0
0.26,0.8,0.038677,1,0,0
0.28,0.8,0.051593,1,0,0
0.3,0.8,0.056375,1,0,0
0.32,0.8,0.061903,1,0,0
0.34,0.8,0.060812,1,0,0
0.36,0.8,0.046879,1,0,0
0.38,0.8,0.039057,1,0,0
0.4,0.8,0.012565,1,0,0
0.42,0.8,0.0012036,1,0,0
0.44,0.8,-0.0060589,1,0,0
0.46,0.8,-0.0035222,1,0,0
0.48,0.8,0.0019256,1,0,0
0.5,0.8,0.0047972,1,0,0
0.52,0.8,-0.010016,1,0,0
0.54,0.8,-0.03308,1,0,0
0.56,0.8,-0.037278,1,0,0
0.58,0.8,-0.047516,1,0,0
0.6,0.8,-0.047044,1,0,0
0.62,0.8,-0.008726,1,0,0
0.64,0.8,-0.0090422,1,0,0
0.66,0.8,-0.018273,1,0,0
0.68,0.8,-0.012856,1,0,0
0.7,0.8,-0.0071292,1,0,0
0.72,0.8,-0.0028464,1,0,0
0.74,0.8,-0.002729,1,0,0
0.76,0.8,-0.0061952,1,0,0
0.78,0.8,-0.020512,1,0,0
0.8,0.8,-0.013184,1,0,0
0.82,0.8,0.0079488,1,0,0
0.84,0.8,0.0047773,1,0,0
0.86,0.8,0.016741,1,0,0
0.88,0.8,0.011269,1,0,0
0.9,0.8,0.017927,1,0,0
0.92,0.8,0.025843,1,0,0
0.94,0.8,0.011785,1,0,0
0.96,0.8,-0.00021288,1,0,0
0.98,0.8,-0.0052784,1,0,0
0.02,0.82,-0.0076044,1,0,0
0.04,0.82,0.016822,1,0,0
0.06,0.82,0.025432,1,0,0
0.08,0.82,0.035714,1,0,0
0.1,0.82,0.039632,1,0,0
0.12,0.82,0.049727,1,0,0
0.14,0.82,0.043156,1,0,0
0.16,0.82,0.043391,1,0,0
0.18,0.82,0.051573,1,0,0
0.2,0.82,0.068016,1,0,0
0.22,0.82,0.055467,1,0,0
0.24,0.82,0.042334,1,0,0
0.26,0.82,0.040662,1,0,0
0.28,0.82,0.047989,1,0,0
0.3,0.82,0.041169,1,0,0
0.32,0.82,0.058371,1,0,0
0.34,0.82,0.058214,1,0,0
0.36,0.82,0.052925,1,0,0
0.38,0.82,0.033954,1,0,0
0.4,0.82,0.012513,1,0,0
0.42,0.82,-0.0045305,1,0,0
0.44,0.82,-0.016967,1,0,0
0.46,0.82,-0.024094,1,0,0
0.48,0.82,-0.016519,1,0,0
0.5,0.82,-0.020313,1,0,0
0.52,0.82,-0.022545,1,0,0
0.54,0.82,-0.038301,1,0,0
0.56,0.82,-0.042498,1,0,0
0.58,0.82,-0.038858,1,0,0
0.6,0.82,-0.035835,1,0,0
0.62,0.82,-0.013021,1,0,0
0.64,0.82,-0.0052526,1,0,0
0.66,0.82,-0.018544,1,0,0
0.68,0.82,-0.0149,1,0,0
0.7,0.82,-0.0084349,1,0,0
0.72,0.82,-0.0074125,1,0,0
0.74,0.82,-0.0078919,1,0,0
0.76,0.82,-0.016131,1,0,0
0.78,0.82,-0.0010234,1,0,0
0.8,0.82,-0.0032205,1,0,0
0.82,0.82,-0.012385,1,0,0
0.84,0.82,-0.0074908,1,0,0
0.86,0.82,0.00070503,1,0,0
0.88,0.82,-0.017772,1,0,0
0.9,0.82,-0.016384,1,0,0
0.92,0.82,-0.011049,1,0,0
0.94,0.82,-0.011363,1,0,0
0.96,0.82,-0.021634,1,0,0
0.98,0.82,-0.0064971,1,0,0
0.02,0.84,-0.017149,1,0,0
0.04,0.84,0.00019215,1,0,0
0.06,0.84,0.0099353,1,0,0
0.08,0.84,0.027077,1,0,0
0.1,0.84,0.02366,1,0,0
0.12,0.84,0.041821,1,0,0
0.14,0.84,0.038937,1,0,0
0.16,0.84,0.044484,1,0,0
0.18,0.84,0.047549,1,0,0
0.2,0.84,0.055861,1,0,0
0.22,0.84,0.055072,1,0,0
0.24,0.84,0.043437,1,0,0
0.26,0.84,0.031299,1,0,0
0.28,0.84,0.037512,1,0,0
0.3,0.84,0.041423,1,0,0
0.32,0.84,0.037294,1,0,0
0.34,0.84,0.043014,1,0,0
0.36,0.84,0.042345,1,0,0
0.38,0.84,0.0083706,1,0,0
0.4,0.84,-0.0010671,1,0,0
0.42,0.84,-0.031683,1,0,0
0.44,0.84,-0.033693,1,0,0
0.46,0.84,-0.045595,1,0,0
0.48,0.84,-0.031767,1,0,0
0.5,0.84,-0.039705,1,0,0
0.52,0.84,-0.046617,1,0,0
0.54,0.84,-0.054215,1,0,0
0.56,0.84,-0.038961,1,0,0
0.58,0.84,-0.031428,1,0,0
0.6,0.84,-0.022858,1,0,0
0.62,0.84,-0.01732,1,0,0
0.64,0.84,-0.014308,1,0,0
0.66,0.84,-0.016767,1,0,0
0.68,0.84,-0.016825,1,0,0
0.7,0.84,-0.019164,1,0,0
0.72,0.84,-0.026424,1,0,0
0.74,0.84,-0.0096462,1,0,0
0.76,0.84,-0.011179,1,0,0
0.78,0.84,0.0027873,1,0,0
0.8,0.84,-0.010712,1,0,0
0.82,0.84,-0.019931,1,0,0
0.84,0.84,-0.030875,1,0,0
0.86,0.84,-0.021121,1,0,0
0.88,0.84,-0.024577,1,0,0
0.9,0.84,-0.033813,1,0,0
0.92,0.84,-0.046775,1,0,0
0.94,0.84,-0.051892,1,0,0
0.96,0.84,-0.04936,1,0,0
0.98,0.84,-0.01726,1,0,0
0.02,0.86,-0.017286,1,0,0
0.04,0.86,0.0022449,1,0,0
0.06,0.86,0.0026011,1,0,0
0.08,0.86,0.0088887,1,0,0
0.1,0.86,0.02607,1,0,0
0.12,0.86,0.041764,1,0,0
0.14,0.86,0.047442,1,0,0
0.16,0.86,0.053214,1,0,0
0.18,0.86,0.039878,1,0,0
0.2,0.86,0.042718,1,0,0
0.22,0.86,0.041559,1,0,0
0.24,0.86,0.043438,1,0,0
0.26,0.86,0.015911,1,0,0
0.28,0.86,0.028972,1,0,0
0.3,0.86,0.032816,1,0,0
0.32,0.86,0.056257,1,0,0
0.34,0.86,0.046058,1,0,0
0.36,0.86,0.030419,1,0,0
0.38,0.86,0.007207,1,0,0
0.4,0.86,-0.025281,1,0,0
0.42,0.86,-0.036876,1,0,0
0.44,0.86,-0.049773,1,0,0
0.46,0.86,-0.051651,1,0,0
0.48,0.86,-0.046744,1,0,0
0.5,0.86,-0.05287,1,0,0
0.52,0.86,-0.051686,1,0,0
0.54,0.86,-0.045457,1,0,0
0.56,0.86,-0.030485,1,0,0
0.58,0.86,-0.013973,1,0,0
0.6,0.86,-0.0075862,1,0,0
0.62,0.86,-0.0061864,1,0,0
0.64,0.86,-0.011422,1,0,0
0.66,0.86,-0.01239,1,0,0
0.68,0.86,-0.0093738,1,0,0
0.7,0.86,-0.027817,1,0,0
0.72,0.86,-0.013732,1,0,0
0.74,0.86,-0.0051866,1,0,0
0.76,0.86,-0.0018295,1,0,0
0.78,0.86,-0.00044263,1,0,0
0.8,0.86,-0.018176,1,0,0
0.82,0.86,-0.033382,1,0,0
0.84,0.86,-0.046401,1,0,0
0.86,0.86,-0.030361,1,0,0
0.88,0.86,-0.033576,1,0,0
0.9,0.86,-0.022119,1,0,0
0.92,0.86,-0.052552,1,0,0
0.94,0.86,-0.065631,1,0,0
0.96,0.86,-0.062633,1,0,0
0.98,0.86,-0.044718,1,0,0
0.02,0.88,-0.0092555,1,0,0
0.04,0.88,0.01208,1,0,0
0.06,0.88,-0.0026982,1,0,0
0.08,0.88,0.0089191,1,0,0
0.1,0.88,0.033824,1,0,0
0.12,0.88,0.051965,1,0,0
0.14,0.88,0.044688,1,0,0
0.16,0.88,0.032103,1,0,0
0.18,0.88,0.033701,1,0,0
0.2,0.88,0.025063,1,0,0
0.22,0.88,0.03326,1,0,0
0.24,0.88,0.036251,1,0,0
0.26,0.88,0.015136,1,0,0
0.28,0.88,0.0091337,1,0,0
0.3,0.88,0.023136,1,0,0
0.32,0.88,0.048924,1,0,0
0.34,0.88,0.04402,1,0,0
0.36,0.88,0.0177,1,0,0
0.38,0.88,0.0036283,1,0,0
0.4,0.88,-0.017791,1,0,0
0.42,0.88,-0.035391,1,0,0
0.44,0.88,-0.047231,1,0,0
0.46,0.88,-0.04865,1,0,0
0.48,0.88,-0.05644,1,0,0
0.5,0.88,-0.062851,1,0,0
0.52,0.88,-0.044389,1,0,0
0.54,0.88,-0.035434,1,0,0
0.56,0.88,-0.032166,1,0,0
0.58,0.88,-0.0097333,1,0,0
0.6,0.88,0.0058855,1,0,0
0.62,0.88,0.015594,1,0,0
0.64,0.88,-0.0062352,1,0,0
0.66,0.88,-0.0095824,1,0,0
0.68,0.88,-0.014063,1,0,0
0.7,0.88,-0.019331,1,0,0
0.72,0.88,-0.0057441,1,0,0
0.74,0.88,0.0024342,1,0,0
0.76,0.88,0.0019117,1,0,0
0.78,0.88,-0.0047452,1,0,0
0.8,0.88,-0.021795,1,0,0
0.82,0.88,-0.048158,1,0,0
0.84,0.88,-0.053374,1,0,0
0.86,0.88,-0.044262,1,0,0
0.88,0.88,-0.036353,1,0,0
0.9,0.88,-0.033746,1,0,0
0.92,0.88,-0.041336,1,0,0
0.94,0.88,-0.06465,1,0,0
0.96,0.88,-0.062026,1,0,0
0.98,0.88,-0.050033,1,0,0
0.02,0.9,0.0057448,1,0,0
0.04,0.9,0.023674,1,0,0
0.06,0.9,0.022084,1,0,0
0.08,0.9,0.025678,1,0,0
0.1,0.9,0.042689,1,0,0
0.12,0.9,0.034963,1,0,0
0.14,0.9,0.025881,1,0,0
0.16,0.9,0.026968,1,0,0
0.18,0.9,0.026673,1,0,0
0.2,0.9,0.025804,1,0,0
0.22,0.9,0.039996,1,0,0
0.24,0.9,0.023423,1,0,0
0.26,0.9,0.028775,1,0,0
0.28,0.9,0.021167,1,0,0
0.3,0.9,0.025201,1,0,0
0.32,0.9,0.025073,1,0,0
0.34,0.9,0.029958,1,0,0
0.36,0.9,0.016583,1,0,0
0.38,0.9,0.010432,1,0,0
0.4,0.9,-0.0044969,1,0,0
0.42,0.9,-0.020895,1,0,0
0.44,0.9,-0.032138,1,0,0
0.46,0.9,-0.047747,1,0,0
0.48,0.9,-0.047371,1,0,0
0.5,0.9,-0.0433,1,0,0
0.52,0.9,-0.049373,1,0,0
0.54,0.9,-0.027282,1,0,0
0.56,0.9,-0.0077536,1,0,0
0.58,0.9,-0.00092945,1,0,0
0.6,0.9,0.015272,1,0,0
0.62,0.9,0.020653,1,0,0
0.64,0.9,0.0062076,1,0,0
0.66,0.9,-0.0014577,1,0,0
0.68,0.9,0.0066911,1,0,0
0.7,0.9,0.0063985,1,0,0
0.72,0.9,-0.0020901,1,0,0
0.74,0.9,0.0020638,1,0,0
0.76,0.9,0.00063752,1,0,0
0.78,0.9,0.0072233,1,0,0
0.8,0.9,-0.021198,1,0,0
0.82,0.9,-0.036343,1,0,0
0.84,0.9,-0.04089,1,0,0
0.86,0.9,-0.040163,1,0,0
0.88,0.9,-0.022337,1,0,0
0.9,0.9,-0.031549,1,0,0
0.92,0.9,-0.039624,1,0,0
0.94,0.9,-0.042067,1,0,0
0.96,0.9,-0.042006,1,0,0
0.98,0.9,-0.036961,1,0,0
0.02,0.92,0.00022295,1,0,0
0.04,0.92,0.00687,1,0,0
0.06,0.92,0.029568,1,0,0
0.08,0.92,0.034586,1,0,0
0.1,0.92,0.030952,1,0,0
0.12,0.92,0.031649,1,0,0
0.14,0.92,0.027374,1,0,0
0.16,0.92,0.016543,1,0,0
0.18,0.92,0.015888,1,0,0
0.2,0.92,0.031238,1,0,0
0.22,0.92,0.035659,1,0,0
0.24,0.92,0.031986,1,0,0
0.26,0.92,0.040895,1,0,0
0.28,0.92,0.043682,1,0,0
0.3,0.92,0.035337,1,0,0
0.32,0.92,0.037307,1,0,0
0.34,0.92,0.032124,1,0,0
0.36,0.92,0.020386,1,0,0
0.38,0.92,0.023329,1,0,0
0.4,0.92,-0.0019213,1,0,0
0.42,0.92,-0.021065,1,0,0
0.44,0.92,-0.037183,1,0,0
0.46,0.92,-0.039595,1,0,0
0.48,0.92,-0.027475,1,0,0
0.5,0.92,-0.0074428,1,0,0
0.52,0.92,-0.0046665,1,0,0
0.54,0.92,-0.0017628,1,0,0
0.56,0.92,0.009027,1,0,0
0.58,0.92,0.021195,1,0,0
0.6,0.92,0.010808,1,0,0
0.62,0.92,0.014055,1,0,0
0.64,0.92,0.012644,1,0,0
0.66,0.92,0.0095489,1,0,0
0.68,0.92,0.016601,1,0,0
0.7,0.92,0.019702,1,0,0
0.72,0.92,0.028629,1,0,0
0.74,0.92,0.024567,1,0,0
0.76,0.92,0.0082315,1,0,0
0.78,0.92,0.0019235,1,0,0
0.8,0.92,-0.014983,1,0,0
0.82,0.92,-0.03272,1,0,0
0.84,0.92,-0.034039,1,0,0
0.86,0.92,-0.017996,1,0,0
0.88,0.92,-0.020063,1,0,0
0.9,0.92,-0.020735,1,0,0
0.92,0.92,-0.017623,1,0,0
0.94,0.92,-0.023422,1,0,0
0.96,0.92,-0.032486,1,0,0
0.98,0.92,-0.025656,1,0,0
0.02,0.94,-0.0026963,1,0,0
0.04,0.94,0.012702,1,0,0
0.06,0.94,0.0038363,1,0,0
0.08,0.94,0.022381,1,0,0
0.1,0.94,0.0042093,1,0,0
0.12,0.94,0.00092997,1,0,0
0.14,0.94,0.0063313,1,0,0
0.16,0.94,0.0039473,1,0,0
0.18,0.94,0.0084378,1,0,0
0.2,0.94,0.027602,1,0,0
0.22,0.94,0.039961,1,0,0
0.24,0.94,0.03586,1,0,0
0.26,0.94,0.036518,1,0,0
0.28,0.94,0.049494,1,0,0
0.3,0.94,0.033253,1,0,0
0.32,0.94,0.032379,1,0,0
0.34,0.94,0.018199,1,0,0
0.36,0.94,0.0072049,1,0,0
0.38,0.94,0.0090464,1,0,0
0.4,0.94,-0.007064,1,0,0
0.42,0.94,-0.019595,1,0,0
0.44,0.94,-0.020853,1,0,0
0.46,0.94,-0.042706,1,0,0
0.48,0.94,-0.021838,1,0,0
0.5,0.94,-0.0018786,1,0,0
0.52,0.94,-0.00035186,1,0,0
0.54,0.94,-0.0026836,1,0,0
0.56,0.94,0.015697,1,0,0
0.58,0.94,0.011277,1,0,0
0.6,0.94,-0.0011873,1,0,0
0.62,0.94,0.020974,1,0,0
0.64,0.94,0.0037038,1,0,0
0.66,0.94,0.0071566,1,0,0
0.68,0.94,0.0080339,1,0,0
0.7,0.94,0.023133,1,0,0
0.72,0.94,0.031716,1,0,0
0.74,0.94,0.027144,1,0,0
0.76,0.94,0.015649,1,0,0
0.78,0.94,-0.00076139,1,0,0
0.8,0.94,-0.01335,1,0,0
0.82,0.94,-0.011686,1,0,0
0.84,0.94,-0.029188,1,0,0
0.86,0.94,-0.034718,1,0,0
0.88,0.94,-0.032833,1,0,0
0.9,0.94,-0.029075,1,0,0
0.92,0.94,-0.018335,1,0,0
0.94,0.94,-0.015393,1,0,0
0.96,0.94,-0.023891,1,0,0
0.98,0.94,-0.023353,1,0,0
0.02,0.96,0.0042534,1,0,0
0.04,0.96,-0.0052029,1,0,0
0.06,0.96,-0.019021,1,0,0
0.08,0.96,-0.014388,1,0,0
0.1,0.96,-0.01412,1,0,0
0.12,0.96,-0.0095406,1,0,0
0.14,0.96,-0.020623,1,0,0
0.16,0.96,-0.0080638,1,0,0
0.18,0.96,-0.0083079,1,0,0
0.2,0.96,0.019183,1,0,0
0.22,0.96,0.015574,1,0,0
0.24,0.96,0.028792,1,0,0
0.26,0.96,0.036025,1,0,0
0.28,0.96,0.043517,1,0,0
0.3,0.96,0.024964,1,0,0
0.32,0.96,0.03697,1,0,0
0.34,0.96,0.01004,1,0,0
0.36,0.96,0.0043172,1,0,0
0.38,0.96,0.0004737,1,0,0
0.4,0.96,-0.0097392,1,0,0
0.42,0.96,-0.027387,1,0,0
0.44,0.96,-0.024254,1,0,0
0.46,0.96,-0.025655,1,0,0
0.48,0.96,-0.028314,1,0,0
0.5,0.96,-0.017639,1,0,0
0.52,0.96,-0.0082646,1,0,0
0.54,0.96,-0.0082065,1,0,0
0.56,0.96,-0.0091685,1,0,0
0.58,0.96,-0.0047258,1,0,0
0.6,0.96,-0.00075657,1,0,0
0.62,0.96,0.014214,1,0,0
0.64,0.96,0.017295,1,0,0
0.66,0.96,-0.0050306,1,0,0
0.68,0.96,0.0064918,1,0,0
0.7,0.96,0.017843,1,0,0
0.72,0.96,0.021847,1,0,0
0.74,0.96,0.034495,1,0,0
0.76,0.96,0.0068101,1,0,0
0.78,0.96,-0.0018779,1,0,0
0.8,0.96,-0.020141,1,0,0
0.82,0.96,-0.022219,1,0,0
0.84,0.96,-0.037457,1,0,0
0.86,0.96,-0.037357,1,0,0
0.88,0.96,-0.045202,1,0,0
0.9,0.96,-0.034093,1,0,0
0.92,0.96,-0.024015,1,0,0
0.94,0.96,-0.011488,1,0,0
0.96,0.96,-0.025417,1,0,0
0.98,0.96,-0.016188,1,0,0
0.02,0.98,-0.00088979,1,0,0
0.04,0.98,-0.018359,1,0,0
0.06,0.98,-0.041564,1,0,0
0.08,0.98,-0.023528,1,0,0
0.1,0.98,-0.023969,1,0,0
0.12,0.98,-0.017005,1,0,0
0.14,0.98,-0.025864,1,0,0
0.16,0.98,-0.0007764,1,0,0
0.18,0.98,0.00039967,1,0,0
0.2,0.98,0.0051057,1,0,0
0.22,0.98,-0.015573,1,0,0
0.24,0.98,0.0050121,1,0,0
0.26,0.98,0.021056,1,0,0
0.28,0.98,0.046788,1,0,0
0.3,0.98,0.040815,1,0,0
0.32,0.98,0.051829,1,0,0
0.34,0.98,0.032126,1,0,0
0.36,0.98,0.020989,1,0,0
0.38,0.98,0.015201,1,0,0
0.4,0.98,-0.003528,1,0,0
0.42,0.98,-0.039894,1,0,0
0.44,0.98,-0.026352,1,0,0
0.46,0.98,-0.019141,1,0,0
0.48,0.98,-0.028967,1,0,0
0.5,0.98,-0.023733,1,0,0
0.52,0.98,-0.022137,1,0,0
0.54,0.98,-0.0052015,1,0,0
0.56,0.98,0.0015507,1,0,0
0.58,0.98,0.0017517,1,0,0
0.6,0.98,-0.00098125,1,0,0
0.62,0.98,0.0053514,1,0,0
0.64,0.98,0.0054011,1,0,0
0.66,0.98,0.014099,1,0,0
0.68,0.98,0.021269,1,0,0
0.7,0.98,0.023179,1,0,0
0.72,0.98,0.02183,1,0,0
0.74,0.98,0.023161,1,0,0
0.76,0.98,0.01163,1,0,0
0.78,0.98,0.00034761,1,0,0
0.8,0.98,-0.019298,1,0,0
0.82,0.98,-0.025272,1,0,0
0.84,0.98,-0.040015,1,0,0
0.86,0.98,-0.041316,1,0,0
0.88,0.98,-0.03238,1,0,0
0.9,0.98,-0.026632,1,0,0
0.92,0.98,-0.011681,1,0,0
0.94,0.98,-0.0034966,1,0,0
0.96,0.98,-0.0082609,1,0,0
0.98,0.98,0.0102,1,0,0
0,0,0.047195,-1,0,0
0.02,0,0.047195,-1,0,0
0.04,0,0.042234,-1,0,0
0.06,0,0.017691,-1,0,0
0.08,0,0.0096349,-1,0,0
0.1,0,-0.014195,-1,0,0
0.12,0,-0.022303,-1,0,0
0.14,0,-0.025247,-1,0,0
0.16,0,-0.0478,-1,0,0
0.18,0,-0.030319,-1,0,0
0.2,0,-0.011536,-1,0,0
0.22,0,0.0081096,-1,0,0
0.24,0,0.019651,-1,0,0
0.26,0,0.027043,-1,0,0
0.28,0,0.023829,-1,0,0
0.3,0,0.029863,-1,0,0
0.32,0,0.036082,-1,0,0
0.34,0,0.024315,-1,0,0
0.36,0,0.0058256,-1,0,0
0.38,0,0.013797,-1,0,0
0.4,0,0.0047985,-1,0,0
0.42,0,0.009569,-1,0,0
0.44,0,0.044112,-1,0,0
0.46,0,0.051207,-1,0,0
0.48,0,0.048642,-1,0,0
0.5,0,0.05588,-1,0,0
0.52,0,0.059898,-1,0,0
0.54,0,0.037935,-1,0,0
0.56,0,0.041033,-1,0,0
0.58,0,0.047322,-1,0,0
0.6,0,0.048412,-1,0,0
0.62,0,0.057601,-1,0,0
0.64,0,0.042103,-1,0,0
0.66,0,0.041637,-1,0,0
0.68,0,0.041631,-1,0,0
0.7,0,0.039952,-1,0,0
0.72,0,0.033034,-1,0,0
0.74,0,0.030326,-1,0,0
0.76,0,0.013259,-1,0,0
0.78,0,-0.010371,-1,0,0
0.8,0,-0.031532,-1,0,0
0.82,0,-0.047386,-1,0,0
0.84,0,-0.061233,-1,0,0
0.86,0,-0.025984,-1,0,0
0.88,0,-0.0074551,-1,0,0
0.9,0,-0.0057999,-1,0,0
0.92,0,-0.010986,-1,0,0
0.94,0,-0.028969,-1,0,0
0.96,0,-0.044881,-1,0,0
0.98,0,-0.047283,-1,0,0
1,0,-0.044878,-1,0,0
1,0.02,-0.037036,-1,0,0
1,0.04,-0.026487,-1,0,0
1,0.06,-0.028278,-1,0,0
1,0.08,-0.030364,-1,0,0
1,0.1,-0.0085438,-1,0,0
1,0.12,0.017586,-1,0,0
1,0.14,0.043432,-1,0,0
1,0.16,0.045872,-1,0,0
1,0.18,0.023245,-1,0,0
1,0.2,0.026337,-1,0,0
1,0.22,0.028328,-1,0,0
1,0.24,0.0075755,-1,0,0
1,0.26,0.0089802,-1,0,0
1,0.28,0.0021664,-1,0,0
1,0.3,-0.010005,-1,0,0
1,0.32,-0.02038,-1,0,0
1,0.34,0.0048195,-1,0,0
1,0.36,-0.012235,-1,0,0
1,0.38,0.008467,-1,0,0
1,0.4,0.015254,-1,0,0
1,0.42,-0.010369,-1,0,0
1,0.44,-0.043756,-1,0,0
1,0.46,-0.052571,-1,0,0
1,0.48,-0.058734,-1,0,0
1,0.5,-0.054841,-1,0,0
1,0.52,-0.037824,-1,0,0
1,0.54,-0.019765,-1,0,0
1,0.56,-0.013758,-1,0,0
1,0.58,-0.013131,-1,0,0
1,0.6,-0.014043,-1,0,0
1,0.62,-0.018845,-1,0,0
1,0.64,-0.0073518,-1,0,0
1,0.66,-0.022657,-1,0,0
1,0.68,-0.022241,-1,0,0
1,0.7,-0.0097271,-1,0,0
1,0.72,0.0026147,-1,0,0
1,0.74,0.0051195,-1,0,0
1,0.76,0.004088,-1,0,0
1,0.78,0.00065465,-1,0,0
1,0.8,-0.0030294,-1,0,0
1,0.82,-0.0028263,-1,0,0
1,0.84,-0.028642,-1,0,0
1,0.86,-0.039557,-1,0,0
1,0.88,-0.048204,-1,0,0
1,0.9,-0.037256,-1,0,0
1,0.92,-0.027325,-1,0,0
1,0.94,-0.020664,-1,0,0
1,0.96,-0.014837,-1,0,0
1,0.98,-0.0059543,-1,0,0
1,1,0.026225,-1,0,0
0.98,1,0.022014,-1,0,0
0.96,1,0.0084878,-1,0,0
0.94,1,-0.012383,-1,0,0
0.92,1,-0.013922,-1,0,0
0.9,1,-0.017751,-1,0,0
0.88,1,-0.035674,-1,0,0
0.86,1,-0.031573,-1,0,0
0.84,1,-0.026253,-1,0,0
0.82,1,-0.013223,-1,0,0
0.8,1,-0.0060081,-1,0,0
0.78,1,-4.7217e-05,-1,0,0
0.76,1,0.016767,-1,0,0
0.74,1,0.026688,-1,0,0
0.72,1,0.011461,-1,0,0
0.7,1,0.010817,-1,0,0
0.68,1,0.0132,-1,0,0
0.66,1,0.010901,-1,0,0
0.64,1,0.0032299,-1,0,0
0.62,1,-0.0017395,-1,0,0
0.6,1,-0.024615,-1,0,0
0.58,1,-0.0032338,-1,0,0
0.56,1,-0.0047916,-1,0,0
0.54,1,-0.013854,-1,0,0
0.52,1,-0.019956,-1,0,0
0.5,1,-0.033731,-1,0,0
0.48,1,-0.016316,-1,0,0
0.46,1,-0.028132,-1,0,0
0.44,1,-0.031084,-1,0,0
0.42,1,-0.026732,-1,0,0
0.4,1,-0.010801,-1,0,0
0.38,1,0.019196,-1,0,0
0.36,1,0.032925,-1,0,0
0.34,1,0.037263,-1,0,0
0.32,1,0.03705,-1,0,0
0.3,1,0.029326,-1,0,0
0.28,1,0.028168,-1,0,0
0.26,1,0.0097015,-1,0,0
0.24,1,-0.0044487,-1,0,0
0.22,1,-0.0098552,-1,0,0
0.2,1,-0.018466,-1,0,0
0.18,1,-0.017339,-1,0,0
0.16,1,-0.015054,-1,0,0
0.14,1,-0.018042,-1,0,0
0.12,1,-0.021349,-1,0,0
0.1,1,-0.028286,-1,0,0
0.08,1,-0.034382,-1,0,0
0.06,1,-0.051401,-1,0,0
0.04,1,-0.02542,-1,0,0
0.02,1,-0.012604,-1,0,0
0,1,0.0054851,-1,0,0
0,0.98,-0.0013978,-1,0,0
0,0.96,0.0054952,-1,0,0
0,0.94,0.011682,-1,0,0
0,0.92,0.01345,-1,0,0
0,0.9,-0.0090985,-1,0,0
0,0.88,-0.020367,-1,0,0
0,0.86,-0.016654,-1,0,0
0,0.84,-0.016886,-1,0,0
0,0.82,-0.011791,-1,0,0
0,0.8,-0.0066696,-1,0,0
0,0.78,0.011676,-1,0,0
0,0.76,0.0081998,-1,0,0
0,0.74,0.0071214,-1,0,0
0,0.72,-0.019686,-1,0,0
0,0.7,-0.030359,-1,0,0
0,0.68,-0.013793,-1,0,0
0,0.66,-0.020073,-1,0,0
0,0.64,-0.022681,-1,0,0
0,0.62,-0.031175,-1,0,0
0,0.6,-0.041468,-1,0,0
0,0.58,-0.035146,-1,0,0
0,0.56,-0.021029,-1,0,0
0,0.54,-0.019528,-1,0,0
0,0.52,-0.010702,-1,0,0
0,0.5,-0.0060303,-1,0,0
0,0.48,-0.0021776,-1,0,0
0,0.46,-0.00082124,-1,0,0
0,0.44,0.0011885,-1,0,0
0,0.42,0.017022,-1,0,0
0,0.4,0.024263,-1,0,0
0,0.38,0.020902,-1,0,0
0,0.36,0.024102,-1,0,0
0,0.34,0.048184,-1,0,0
0,0.32,0.032836,-1,0,0
0,0.3,0.042396,-1,0,0
0,0.28,0.033461,-1,0,0
0,0.26,0.040163,-1,0,0
0,0.24,0.046354,-1,0,0
0,0.22,0.05004,-1,0,0
0,0.2,0.048825,-1,0,0
0,0.18,0.042426,-1,0,0
0,0.16,0.057891,-1,0,0
0,0.14,0.07695,-1,0,0
0,0.12,0.091832,-1,0,0
0,0.1,0.087903,-1,0,0
0,0.08,0.057092,-1,0,0
0,0.06,0.053246,-1,0,0
0,0.04,0.044966,-1,0,0
0,0.02,0.038484,-1,0,0
