0.02,0.02,0.0057263,1,0,0
0.04,0.02,0.0088747,1,0,0
0.06,0.02,0.01242,1,0,0
0.08,0.02,0.0010773,1,0,0
0.1,0.02,0.0015623,1,0,0
0.12,0.02,-0.00028436,1,0,0
0.14,0.02,0.0074658,1,0,0
0.16,0.02,0.0090301,1,0,0
0.18,0.02,0.012094,1,0,0
0.2,0.02,0.022627,1,0,0
0.22,0.02,0.015859,1,0,0
0.24,0.02,0.032469,1,0,0
0.26,0.02,0.013881,1,0,0
0.28,0.02,0.018566,1,0,0
0.3,0.02,0.022043,1,0,0
0.32,0.02,0.0369,1,0,0
0.34,0.02,0.041478,1,0,0
0.36,0.02,0.030454,1,0,0
0.38,0.02,0.016979,1,0,0
0.4,0.02,-0.005004,1,0,0
0.42,0.02,-0.016282,1,0,0
0.44,0.02,-0.0055683,1,0,0
0.46,0.02,-0.0071878,1,0,0
0.48,0.02,-0.0062948,1,0,0
0.5,0.02,0.012631,1,0,0
0.52,0.02,0.024054,1,0,0
0.54,0.02,0.019226,1,0,0
0.56,0.02,0.022639,1,0,0
0.58,0.02,0.017972,1,0,0
0.6,0.02,-0.0010559,1,0,0
0.62,0.02,0.0010598,1,0,0
0.64,0.02,-0.016213,1,0,0
0.66,0.02,-0.033191,1,0,0
0.68,0.02,-0.022242,1,0,0
0.7,0.02,-0.037194,1,0,0
0.72,0.02,-0.015654,1,0,0
0.74,0.02,0.0024955,1,0,0
0.76,0.02,0.0071386,1,0,0
0.78,0.02,0.012929,1,0,0
0.8,0.02,0.018927,1,0,0
0.82,0.02,0.03097,1,0,0
0.84,0.02,0.047419,1,0,0
0.86,0.02,0.06581,1,0,0
0.88,0.02,0.070855,1,0,0
0.9,0.02,0.075517,1,0,0
0.92,0.02,0.094188,1,0,0
0.94,0.02,0.11074,1,0,0
0.96,0.02,0.1149,1,0,0
0.98,0.02,0.1156,1,0,0
0.02,0.04,0.021685,1,0,0
0.04,0.04,0.014481,1,0,0
0.06,0.04,0.027232,1,0,0
0.08,0.04,0.014776,1,0,0
0.1,0.04,0.0086076,1,0,0
0.12,0.04,0.02438,1,0,0
0.14,0.04,0.020629,1,0,0
0.16,0.04,0.01354,1,0,0
0.18,0.04,0.01567,1,0,0
0.2,0.04,0.016528,1,0,0
0.22,0.04,0.019449,1,0,0
0.24,0.04,0.018877,1,0,0
0.26,0.04,0.015921,1,0,0
0.28,0.04,0.029762,1,0,0
0.3,0.04,0.019421,1,0,0
0.32,0.04,0.031041,1,0,0
0.34,0.04,0.030818,1,0,0
0.36,0.04,0.038257,1,0,0
0.38,0.04,0.016727,1,0,0
0.4,0.04,0.0010119,1,0,0
0.42,0.04,-0.01152,1,0,0
0.44,0.04,-0.00042038,1,0,0
0.46,0.04,-0.0075831,1,0,0
0.48,0.04,0.0179,1,0,0
0.5,0.04,0.026589,1,0,0
0.52,0.04,0.021962,1,0,0
0.54,0.04,0.0089533,1,0,0
0.56,0.04,0.017741,1,0,0
0.58,0.04,0.0050722,1,0,0
0.6,0.04,0.00086997,1,0,0
0.62,0.04,-0.0051337,1,0,0
0.64,0.04,-0.0034742,1,0,0
0.66,0.04,-0.021777,1,0,0
0.68,0.04,-0.017994,1,0,0
0.7,0.04,-0.024597,1,0,0
0.72,0.04,-0.024525,1,0,0
0.74,0.04,-0.0041045,1,0,0
0.76,0.04,0.0094309,1,0,0
0.78,0.04,0.017966,1,0,0
0.8,0.04,0.033881,1,0,0
0.82,0.04,0.022096,1,0,0
0.84,0.04,0.038493,1,0,0
0.86,0.04,0.066592,1,0,0
0.88,0.04,0.067502,1,0,0
0.9,0.04,0.079389,1,0,0
0.92,0.04,0.10354,1,0,0
0.94,0.04,0.11211,1,0,0
0.96,0.04,0.10978,1,0,0
0.98,0.04,0.12384,1,0,0
0.02,0.06,0.014764,1,0,0
0.04,0.06,0.025115,1,0,0
0.06,0.06,0.025208,1,0,0
0.08,0.06,0.027851,1,0,0
0.1,0.06,0.016988,1,0,0
0.12,0.06,0.030404,1,0,0
0.14,0.06,0.019034,1,0,0
0.16,0.06,0.020202,1,0,0
0.18,0.06,0.022237,1,0,0
0.2,0.06,0.023541,1,0,0
0.22,0.06,0.023036,1,0,0
0.24,0.06,0.003652,1,0,0
0.26,0.06,-0.0019012,1,0,0
0.28,0.06,0.0044092,1,0,0
0.3,0.06,0.01611,1,0,0
0.32,0.06,0.030712,1,0,0
0.34,0.06,0.041112,1,0,0
0.36,0.06,0.039149,1,0,0
0.38,0.06,0.010467,1,0,0
0.4,0.06,0.0040351,1,0,0
0.42,0.06,-0.018247,1,0,0
0.44,0.06,-0.015188,1,0,0
0.46,0.06,-0.0026195,1,0,0
0.48,0.06,0.028642,1,0,0
0.5,0.06,0.026711,1,0,0
0.52,0.06,0.011774,1,0,0
0.54,0.06,-0.0082214,1,0,0
0.56,0.06,0.028036,1,0,0
0.58,0.06,0.014867,1,0,0
0.6,0.06,0.015249,1,0,0
0.62,0.06,0.0041019,1,0,0
0.64,0.06,-0.0088224,1,0,0
0.66,0.06,-0.023885,1,0,0
0.68,0.06,-0.017253,1,0,0
0.7,0.06,-0.033429,1,0,0
0.72,0.06,-0.027115,1,0,0
0.74,0.06,-0.0072787,1,0,0
0.76,0.06,0.0034785,1,0,0
0.78,0.06,0.02147,1,0,0
0.8,0.06,0.032974,1,0,0
0.82,0.06,0.017318,1,0,0
0.84,0.06,0.032961,1,0,0
0.86,0.06,0.043583,1,0,0
0.88,0.06,0.054471,1,0,0
0.9,0.06,0.070958,1,0,0
0.92,0.06,0.095332,1,0,0
0.94,0.06,0.11454,1,0,0
0.96,0.06,0.10684,1,0,0
0.98,0.06,0.13163,1,0,0
0.02,0.08,0.040413,1,0,0
0.04,0.08,0.045824,1,0,0
0.06,0.08,0.04298,1,0,0
0.08,0.08,0.02933,1,0,0
0.1,0.08,0.042537,1,0,0
0.12,0.08,0.041347,1,0,0
0.14,0.08,0.036937,1,0,0
0.16,0.08,0.032875,1,0,0
0.18,0.08,0.03618,1,0,0
0.2,0.08,0.023446,1,0,0
0.22,0.08,0.012122,1,0,0
0.24,0.08,0.010933,1,0,0
0.26,0.08,-0.0080084,1,0,0
0.28,0.08,0.0011223,1,0,0
0.3,0.08,0.013173,1,0,0
0.32,0.08,0.037473,1,0,0
0.34,0.08,0.043209,1,0,0
0.36,0.08,0.037692,1,0,0
0.38,0.08,0.036042,1,0,0
0.4,0.08,0.011178,1,0,0
0.42,0.08,-0.02119,1,0,0
0.44,0.08,-0.02071,1,0,0
0.46,0.08,-0.011998,1,0,0
0.48,0.08,0.016642,1,0,0
0.5,0.08,0.019715,1,0,0
0.52,0.08,0.01735,1,0,0
0.54,0.08,0.012154,1,0,0
0.56,0.08,0.018952,1,0,0
0.58,0.08,0.028713,1,0,0
0.6,0.08,0.023338,1,0,0
0.62,0.08,0.0076652,1,0,0
0.64,0.08,0.0072219,1,0,0
0.66,0.08,-0.014656,1,0,0
0.68,0.08,-0.01872,1,0,0
0.7,0.08,-0.039767,1,0,0
0.72,0.08,-0.028864,1,0,0
0.74,0.08,-0.0071468,1,0,0
0.76,0.08,0.017204,1,0,0
0.78,0.08,0.02245,1,0,0
0.8,0.08,0.020203,1,0,0
0.82,0.08,0.013887,1,0,0
0.84,0.08,0.01245,1,0,0
0.86,0.08,0.037668,1,0,0
0.88,0.08,0.048618,1,0,0
0.9,0.08,0.085413,1,0,0
0.92,0.08,0.11624,1,0,0
0.94,0.08,0.11929,1,0,0
0.96,0.08,0.11622,1,0,0
0.98,0.08,0.12897,1,0,0
0.02,0.1,0.037674,1,0,0
0.04,0.1,0.055977,1,0,0
0.06,0.1,0.050706,1,0,0
0.08,0.1,0.057325,1,0,0
0.1,0.1,0.061861,1,0,0
0.12,0.1,0.039965,1,0,0
0.14,0.1,0.032642,1,0,0
0.16,0.1,0.029631,1,0,0
0.18,0.1,0.019968,1,0,0
0.2,0.1,0.019817,1,0,0
0.22,0.1,0.024913,1,0,0
0.24,0.1,0.0094003,1,0,0
0.26,0.1,-0.0042301,1,0,0
0.28,0.1,0.0032822,1,0,0
0.3,0.1,0.009833,1,0,0
0.32,0.1,0.017411,1,0,0
0.34,0.1,0.038339,1,0,0
0.36,0.1,0.034471,1,0,0
0.38,0.1,0.024552,1,0,0
0.4,0.1,0.0082756,1,0,0
0.42,0.1,-0.0090189,1,0,0
0.44,0.1,-0.0037427,1,0,0
0.46,0.1,0.011312,1,0,0
0.48,0.1,0.013766,1,0,0
0.5,0.1,0.0038841,1,0,0
0.52,0.1,0.0073449,1,0,0
0.54,0.1,0.010119,1,0,0
0.56,0.1,0.015654,1,0,0
0.58,0.1,0.021011,1,0,0
0.6,0.1,0.020285,1,0,0
0.62,0.1,0.019068,1,0,0
0.64,0.1,0.0014003,1,0,0
0.66,0.1,-0.0018866,1,0,0
0.68,0.1,-0.011274,1,0,0
0.7,0.1,-0.033961,1,0,0
0.72,0.1,-0.031173,1,0,0
0.74,0.1,0.0021668,1,0,0
0.76,0.1,0.0082052,1,0,0
0.78,0.1,0.0039117,1,0,0
0.8,0.1,-0.0037237,1,0,0
0.82,0.1,0.0081165,1,0,0
0.84,0.1,0.026637,1,0,0
0.86,0.1,0.040043,1,0,0
0.88,0.1,0.056856,1,0,0
0.9,0.1,0.066726,1,0,0
0.92,0.1,0.089224,1,0,0
0.94,0.1,0.11414,1,0,0
0.96,0.1,0.12179,1,0,0
0.98,0.1,0.10917,1,0,0
0.02,0.12,0.032389,1,0,0
0.04,0.12,0.043659,1,0,0
0.06,0.12,0.040538,1,0,0
0.08,0.12,0.061701,1,0,0
0.1,0.12,0.067163,1,0,0
0.12,0.12,0.060246,1,0,0
0.14,0.12,0.033746,1,0,0
0.16,0.12,0.033395,1,0,0
0.18,0.12,0.02606,1,0,0
0.2,0.12,0.026893,1,0,0
0.22,0.12,0.027826,1,0,0
0.24,0.12,0.0066663,1,0,0
0.26,0.12,-0.0039003,1,0,0
0.28,0.12,-7.967e-05,1,0,0
0.3,0.12,0.0030589,1,0,0
0.32,0.12,0.0034715,1,0,0
0.34,0.12,0.0030977,1,0,0
0.36,0.12,0.015637,1,0,0
0.38,0.12,0.02981,1,0,0
0.4,0.12,0.027899,1,0,0
0.42,0.12,0.020077,1,0,0
0.44,0.12,0.0031147,1,0,0
0.46,0.12,0.014563,1,0,0
0.48,0.12,0.0061807,1,0,0
0.5,0.12,0.016159,1,0,0
0.52,0.12,0.014307,1,0,0
0.54,0.12,0.0084318,1,0,0
0.56,0.12,-0.00068613,1,0,0
0.58,0.12,0.012928,1,0,0
0.6,0.12,0.0098923,1,0,0
0.62,0.12,-0.0084792,1,0,0
0.64,0.12,-0.0024322,1,0,0
0.66,0.12,-0.0085456,1,0,0
0.68,0.12,-0.025263,1,0,0
0.7,0.12,-0.019669,1,0,0
0.72,0.12,-0.014878,1,0,0
0.74,0.12,0.0031752,1,0,0
0.76,0.12,0.015451,1,0,0
0.78,0.12,0.0046508,1,0,0
0.8,0.12,-0.0063185,1,0,0
0.82,0.12,-0.0061789,1,0,0
0.84,0.12,0.018469,1,0,0
0.86,0.12,0.034026,1,0,0
0.88,0.12,0.049301,1,0,0
0.9,0.12,0.066377,1,0,0
0.92,0.12,0.076001,1,0,0
0.94,0.12,0.088454,1,0,0
0.96,0.12,0.09031,1,0,0
0.98,0.12,0.097606,1,0,0
0.02,0.14,0.034767,1,0,0
0.04,0.14,0.044514,1,0,0
0.06,0.14,0.053908,1,0,0
0.08,0.14,0.061656,1,0,0
0.1,0.14,0.070657,1,0,0
0.12,0.14,0.051803,1,0,0
0.14,0.14,0.038985,1,0,0
0.16,0.14,0.030622,1,0,0
0.18,0.14,0.030396,1,0,0
0.2,0.14,0.051391,1,0,0
0.22,0.14,0.046183,1,0,0
0.24,0.14,0.01432,1,0,0
0.26,0.14,-0.0093267,1,0,0
0.28,0.14,0.0014166,1,0,0
0.3,0.14,-0.014672,1,0,0
0.32,0.14,-0.0053921,1,0,0
0.34,0.14,0.0069969,1,0,0
0.36,0.14,0.0083217,1,0,0
0.38,0.14,0.019764,1,0,0
0.4,0.14,0.048758,1,0,0
0.42,0.14,0.042893,1,0,0
0.44,0.14,0.02247,1,0,0
0.46,0.14,0.015869,1,0,0
0.48,0.14,0.023438,1,0,0
0.5,0.14,0.019229,1,0,0
0.52,0.14,0.0042427,1,0,0
0.54,0.14,0.0020511,1,0,0
0.56,0.14,0.0034066,1,0,0
0.58,0.14,0.011792,1,0,0
0.6,0.14,-0.00080089,1,0,0
0.62,0.14,-0.011148,1,0,0
0.64,0.14,-0.011899,1,0,0
0.66,0.14,-0.022278,1,0,0
0.68,0.14,-0.023293,1,0,0
0.7,0.14,-0.014393,1,0,0
0.72,0.14,0.0040816,1,0,0
0.74,0.14,0.0061922,1,0,0
0.76,0.14,0.0049517,1,0,0
0.78,0.14,-0.0020642,1,0,0
0.8,0.14,-0.016709,1,0,0
0.82,0.14,-0.0065986,1,0,0
0.84,0.14,0.015964,1,0,0
0.86,0.14,0.040637,1,0,0
0.88,0.14,0.04887,1,0,0
0.9,0.14,0.057587,1,0,0
0.92,0.14,0.073098,1,0,0
0.94,0.14,0.082056,1,0,0
0.96,0.14,0.073916,1,0,0
0.98,0.14,0.072984,1,0,0
0.02,0.16,0.041755,1,0,0
0.04,0.16,0.060334,1,0,0
0.06,0.16,0.052672,1,0,0
0.08,0.16,0.058144,1,0,0
0.1,0.16,0.055797,1,0,0
0.12,0.16,0.042499,1,0,0
0.14,0.16,0.038432,1,0,0
0.16,0.16,0.03045,1,0,0
0.18,0.16,0.021765,1,0,0
0.2,0.16,0.034261,1,0,0
0.22,0.16,0.028053,1,0,0
0.24,0.16,0.020763,1,0,0
0.26,0.16,0.009949,1,0,0
0.28,0.16,0.0033801,1,0,0
0.3,0.16,-0.010202,1,0,0
0.32,0.16,-0.0085042,1,0,0
0.34,0.16,0.0063265,1,0,0
0.36,0.16,0.012635,1,0,0
0.38,0.16,0.019305,1,0,0
0.4,0.16,0.045155,1,0,0
0.42,0.16,0.037532,1,0,0
0.44,0.16,0.035685,1,0,0
0.46,0.16,0.01601,1,0,0
0.48,0.16,0.032325,1,0,0
0.5,0.16,0.0094436,1,0,0
0.52,0.16,0.015738,1,0,0
0.54,0.16,8.4137e-05,1,0,0
0.56,0.16,0.00099217,1,0,0
0.58,0.16,-0.0014867,1,0,0
0.6,0.16,-0.0080222,1,0,0
0.62,0.16,-0.0054043,1,0,0
0.64,0.16,0.0016156,1,0,0
0.66,0.16,-0.0095882,1,0,0
0.68,0.16,-0.023987,1,0,0
0.7,0.16,-0.02357,1,0,0
0.72,0.16,-0.019587,1,0,0
0.74,0.16,-0.013036,1,0,0
0.76,0.16,-0.011211,1,0,0
0.78,0.16,-0.016079,1,0,0
0.8,0.16,-0.029541,1,0,0
0.82,0.16,-0.018983,1,0,0
0.84,0.16,0.0052458,1,0,0
0.86,0.16,0.032562,1,0,0
0.88,0.16,0.051328,1,0,0
0.9,0.16,0.049879,1,0,0
0.92,0.16,0.073425,1,0,0
0.94,0.16,0.070239,1,0,0
0.96,0.16,0.052635,1,0,0
0.98,0.16,0.043786,1,0,0
0.02,0.18,0.048502,1,0,0
0.04,0.18,0.060388,1,0,0
0.06,0.18,0.062951,1,0,0
0.08,0.18,0.058258,1,0,0
0.1,0.18,0.051984,1,0,0
0.12,0.18,0.045631,1,0,0
0.14,0.18,0.031833,1,0,0
0.16,0.18,0.045559,1,0,0
0.18,0.18,0.038532,1,0,0
0.2,0.18,0.037192,1,0,0
0.22,0.18,0.03796,1,0,0
0.24,0.18,0.032234,1,0,0
0.26,0.18,0.011111,1,0,0
0.28,0.18,0.0058816,1,0,0
0.3,0.18,-0.0087626,1,0,0
0.32,0.18,0.011083,1,0,0
0.34,0.18,0.010831,1,0,0
0.36,0.18,0.02633,1,0,0
0.38,0.18,0.02542,1,0,0
0.4,0.18,0.031026,1,0,0
0.42,0.18,0.030042,1,0,0
0.44,0.18,0.048445,1,0,0
0.46,0.18,0.045471,1,0,0
0.48,0.18,0.0332,1,0,0
0.5,0.18,0.021469,1,0,0
0.52,0.18,0.017795,1,0,0
0.54,0.18,0.0027909,1,0,0
0.56,0.18,0.0059034,1,0,0
0.58,0.18,0.002172,1,0,0
0.6,0.18,0.014942,1,0,0
0.62,0.18,-0.0011577,1,0,0
0.64,0.18,0.00042478,1,0,0
0.66,0.18,-0.01848,1,0,0
0.68,0.18,-0.021827,1,0,0
0.7,0.18,-0.031475,1,0,0
0.72,0.18,-0.035338,1,0,0
0.74,0.18,-0.032487,1,0,0
0.76,0.18,-0.026717,1,0,0
0.78,0.18,-0.031852,1,0,0
0.8,0.18,-0.023558,1,0,0
0.82,0.18,-0.018363,1,0,0
0.84,0.18,0.0068699,1,0,0
0.86,0.18,0.02716,1,0,0
0.88,0.18,0.035019,1,0,0
0.9,0.18,0.051932,1,0,0
0.92,0.18,0.050823,1,0,0
0.94,0.18,0.059974,1,0,0
0.96,0.18,0.047775,1,0,0
0.98,0.18,0.042978,1,0,0
0.02,0.2,0.05383,1,0,0
0.04,0.2,0.053634,1,0,0
0.06,0.2,0.051341,1,0,0
0.08,0.2,0.050896,1,0,0
0.1,0.2,0.04615,1,0,0
0.12,0.2,0.045589,1,0,0
0.14,0.2,0.060742,1,0,0
0.16,0.2,0.066887,1,0,0
0.18,0.2,0.05478,1,0,0
0.2,0.2,0.050034,1,0,0
0.22,0.2,0.046159,1,0,0
0.24,0.2,0.044434,1,0,0
0.26,0.2,0.023212,1,0,0
0.28,0.2,0.016064,1,0,0
0.3,0.2,0.011947,1,0,0
0.32,0.2,0.021856,1,0,0
0.34,0.2,0.022616,1,0,0
0.36,0.2,0.043921,1,0,0
0.38,0.2,0.041094,1,0,0
0.4,0.2,0.054287,1,0,0
0.42,0.2,0.048844,1,0,0
0.44,0.2,0.053798,1,0,0
0.46,0.2,0.053384,1,0,0
0.48,0.2,0.054707,1,0,0
0.5,0.2,0.050752,1,0,0
0.52,0.2,0.044513,1,0,0
0.54,0.2,0.02853,1,0,0
0.56,0.2,0.024862,1,0,0
0.58,0.2,0.020486,1,0,0
0.6,0.2,0.024384,1,0,0
0.62,0.2,0.013536,1,0,0
0.64,0.2,-0.0090017,1,0,0
0.66,0.2,-0.018237,1,0,0
0.68,0.2,-0.0093003,1,0,0
0.7,0.2,-0.028464,1,0,0
0.72,0.2,-0.039124,1,0,0
0.74,0.2,-0.028045,1,0,0
0.76,0.2,-0.029912,1,0,0
0.78,0.2,-0.026201,1,0,0
0.8,0.2,-0.014689,1,0,0
0.82,0.2,-0.010517,1,0,0
0.84,0.2,-0.015503,1,0,0
0.86,0.2,0.0044037,1,0,0
0.88,0.2,0.038138,1,0,0
0.9,0.2,0.052361,1,0,0
0.92,0.2,0.052228,1,0,0
0.94,0.2,0.047071,1,0,0
0.96,0.2,0.039496,1,0,0
0.98,0.2,0.043708,1,0,0
0.02,0.22,0.026754,1,0,0
0.04,0.22,0.040937,1,0,0
0.06,0.22,0.054835,1,0,0
0.08,0.22,0.045724,1,0,0
0.1,0.22,0.046239,1,0,0
0.12,0.22,0.061764,1,0,0
0.14,0.22,0.062408,1,0,0
0.16,0.22,0.066331,1,0,0
0.18,0.22,0.060398,1,0,0
0.2,0.22,0.049042,1,0,0
0.22,0.22,0.046088,1,0,0
0.24,0.22,0.05524,1,0,0
0.26,0.22,0.037378,1,0,0
0.28,0.22,0.024163,1,0,0
0.3,0.22,0.024329,1,0,0
0.32,0.22,0.038004,1,0,0
0.34,0.22,0.047962,1,0,0
0.36,0.22,0.043016,1,0,0
0.38,0.22,0.063642,1,0,0
0.4,0.22,0.062883,1,0,0
0.42,0.22,0.066257,1,0,0
0.44,0.22,0.082674,1,0,0
0.46,0.22,0.067153,1,0,0
0.48,0.22,0.068686,1,0,0
0.5,0.22,0.070568,1,0,0
0.52,0.22,0.050967,1,0,0
0.54,0.22,0.038116,1,0,0
0.56,0.22,0.03904,1,0,0
0.58,0.22,0.044842,1,0,0
0.6,0.22,0.022564,1,0,0
0.62,0.22,0.013863,1,0,0
0.64,0.22,-0.0058338,1,0,0
0.66,0.22,-0.020396,1,0,0
0.68,0.22,-0.016654,1,0,0
0.7,0.22,-0.019852,1,0,0
0.72,0.22,-0.033371,1,0,0
0.74,0.22,-0.039744,1,0,0
0.76,0.22,-0.047335,1,0,0
0.78,0.22,-0.030592,1,0,0
0.8,0.22,-0.010506,1,0,0
0.82,0.22,-0.0048238,1,0,0
0.84,0.22,-0.0040249,1,0,0
0.86,0.22,0.011263,1,0,0
0.88,0.22,0.015009,1,0,0
0.9,0.22,0.023783,1,0,0
0.92,0.22,0.040775,1,0,0
0.94,0.22,0.022568,1,0,0
0.96,0.22,0.038004,1,0,0
0.98,0.22,0.057054,1,0,0
0.02,0.24,0.015388,1,0,0
0.04,0.24,0.027272,1,0,0
0.06,0.24,0.041478,1,0,0
0.08,0.24,0.031612,1,0,0
0.1,0.24,0.029317,1,0,0
0.12,0.24,0.052284,1,0,0
0.14,0.24,0.068381,1,0,0
0.16,0.24,0.056088,1,0,0
0.18,0.24,0.035982,1,0,0
0.2,0.24,0.028984,1,0,0
0.22,0.24,0.023075,1,0,0
0.24,0.24,0.037293,1,0,0
0.26,0.24,0.047068,1,0,0
0.28,0.24,0.039166,1,0,0
0.3,0.24,0.025522,1,0,0
0.32,0.24,0.035599,1,0,0
0.34,0.24,0.062094,1,0,0
0.36,0.24,0.065868,1,0,0
0.38,0.24,0.060793,1,0,0
0.4,0.24,0.069463,1,0,0
0.42,0.24,0.089278,1,0,0
0.44,0.24,0.077927,1,0,0
0.46,0.24,0.076959,1,0,0
0.48,0.24,0.060501,1,0,0
0.5,0.24,0.071505,1,0,0
0.52,0.24,0.052415,1,0,0
0.54,0.24,0.050744,1,0,0
0.56,0.24,0.051745,1,0,0
0.58,0.24,0.025666,1,0,0
0.6,0.24,-0.00033119,1,0,0
0.62,0.24,0.0067067,1,0,0
0.64,0.24,-0.010113,1,0,0
0.66,0.24,-0.030909,1,0,0
0.68,0.24,-0.028856,1,0,0
0.7,0.24,-0.041795,1,0,0
0.72,0.24,-0.049952,1,0,0
0.74,0.24,-0.050372,1,0,0
0.76,0.24,-0.051578,1,0,0
0.78,0.24,-0.034941,1,0,0
0.8,0.24,-0.016225,1,0,0
0.82,0.24,-0.016646,1,0,0
0.84,0.24,-0.0042307,1,0,0
0.86,0.24,0.014056,1,0,0
0.88,0.24,0.0025913,1,0,0
0.9,0.24,-0.005773,1,0,0
0.92,0.24,0.0010955,1,0,0
0.94,0.24,0.024672,1,0,0
0.96,0.24,0.016285,1,0,0
0.98,0.24,0.043065,1,0,0
0.02,0.26,0.023637,1,0,0
0.04,0.26,0.026503,1,0,0
0.06,0.26,0.036874,1,0,0
0.08,0.26,0.028064,1,0,0
0.1,0.26,0.01889,1,0,0
0.12,0.26,0.033716,1,0,0
0.14,0.26,0.027304,1,0,0
0.16,0.26,0.026747,1,0,0
0.18,0.26,0.030832,1,0,0
0.2,0.26,0.018262,1,0,0
0.22,0.26,0.025986,1,0,0
0.24,0.26,0.016335,1,0,0
0.26,0.26,0.033848,1,0,0
0.28,0.26,0.035553,1,0,0
0.3,0.26,0.045508,1,0,0
0.32,0.26,0.066398,1,0,0
0.34,0.26,0.080944,1,0,0
0.36,0.26,0.079602,1,0,0
0.38,0.26,0.082779,1,0,0
0.4,0.26,0.092144,1,0,0
0.42,0.26,0.092631,1,0,0
0.44,0.26,0.098196,1,0,0
0.46,0.26,0.07946,1,0,0
0.48,0.26,0.067447,1,0,0
0.5,0.26,0.068641,1,0,0
0.52,0.26,0.066703,1,0,0
0.54,0.26,0.049119,1,0,0
0.56,0.26,0.041837,1,0,0
0.58,0.26,0.027022,1,0,0
0.6,0.26,0.016849,1,0,0
0.62,0.26,0.0033402,1,0,0
0.64,0.26,-0.017981,1,0,0
0.66,0.26,-0.035666,1,0,0
0.68,0.26,-0.042599,1,0,0
0.7,0.26,-0.032256,1,0,0
0.72,0.26,-0.051807,1,0,0
0.74,0.26,-0.04537,1,0,0
0.76,0.26,-0.055543,1,0,0
0.78,0.26,-0.04084,1,0,0
0.8,0.26,-0.014662,1,0,0
0.82,0.26,-0.011468,1,0,0
0.84,0.26,-8.0888e-05,1,0,0
0.86,0.26,0.011243,1,0,0
0.88,0.26,-0.00044502,1,0,0
0.9,0.26,-0.0080265,1,0,0
0.92,0.26,-0.0032437,1,0,0
0.94,0.26,0.0097115,1,0,0
0.96,0.26,0.022883,1,0,0
0.98,0.26,0.032179,1,0,0
0.02,0.28,0.035391,1,0,0
0.04,0.28,0.036942,1,0,0
0.06,0.28,0.028696,1,0,0
0.08,0.28,0.022814,1,0,0
0.1,0.28,0.017183,1,0,0
0.12,0.28,0.0046882,1,0,0
0.14,0.28,0.010771,1,0,0
0.16,0.28,0.011452,1,0,0
0.18,0.28,0.0026845,1,0,0
0.2,0.28,0.0020754,1,0,0
0.22,0.28,0.0034766,1,0,0
0.24,0.28,0.011072,1,0,0
0.26,0.28,0.01568,1,0,0
0.28,0.28,0.035105,1,0,0
0.3,0.28,0.061439,1,0,0
0.32,0.28,0.079157,1,0,0
0.34,0.28,0.086509,1,0,0
0.36,0.28,0.081228,1,0,0
0.38,0.28,0.093865,1,0,0
0.4,0.28,0.10938,1,0,0
0.42,0.28,0.094538,1,0,0
0.44,0.28,0.095659,1,0,0
0.46,0.28,0.078584,1,0,0
0.48,0.28,0.066516,1,0,0
0.5,0.28,0.06498,1,0,0
0.52,0.28,0.069587,1,0,0
0.54,0.28,0.034834,1,0,0
0.56,0.28,0.020306,1,0,0
0.58,0.28,0.012062,1,0,0
0.6,0.28,0.0064507,1,0,0
0.62,0.28,-0.00036126,1,0,0
0.64,0.28,-0.013346,1,0,0
0.66,0.28,-0.035194,1,0,0
0.68,0.28,-0.03197,1,0,0
0.7,0.28,-0.056295,1,0,0
0.72,0.28,-0.054113,1,0,0
0.74,0.28,-0.050676,1,0,0
0.76,0.28,-0.045502,1,0,0
0.78,0.28,-0.036913,1,0,0
0.8,0.28,-0.023949,1,0,0
0.82,0.28,-0.0033366,1,0,0
0.84,0.28,-0.0071198,1,0,0
0.86,0.28,-0.0053127,1,0,0
0.88,0.28,-0.0014137,1,0,0
0.9,0.28,-0.0016359,1,0,0
0.92,0.28,-0.0087032,1,0,0
0.94,0.28,0.00016161,1,0,0
0.96,0.28,0.014287,1,0,0
0.98,0.28,0.022788,1,0,0
0.02,0.3,0.040369,1,0,0
0.04,0.3,0.032162,1,0,0
0.06,0.3,0.028955,1,0,0
0.08,0.3,0.024356,1,0,0
0.1,0.3,0.014759,1,0,0
0.12,0.3,-0.0090161,1,0,0
0.14,0.3,-0.0071154,1,0,0
0.16,0.3,0.003436,1,0,0
0.18,0.3,-0.0087783,1,0,0
0.2,0.3,-0.0013995,1,0,0
0.22,0.3,0.0075049,1,0,0
0.24,0.3,0.013677,1,0,0
0.26,0.3,0.011737,1,0,0
0.28,0.3,0.040493,1,0,0
0.3,0.3,0.0499,1,0,0
0.32,0.3,0.079191,1,0,0
0.34,0.3,0.082216,1,0,0
0.36,0.3,0.080186,1,0,0
0.38,0.3,0.090437,1,0,0
0.4,0.3,0.11105,1,0,0
0.42,0.3,0.10623,1,0,0
0.44,0.3,0.10784,1,0,0
0.46,0.3,0.097276,1,0,0
0.48,0.3,0.084566,1,0,0
0.5,0.3,0.067227,1,0,0
0.52,0.3,0.057041,1,0,0
0.54,0.3,0.028874,1,0,0
0.56,0.3,0.013421,1,0,0
0.58,0.3,0.0034252,1,0,0
0.6,0.3,0.0057545,1,0,0
0.62,0.3,-0.008527,1,0,0
0.64,0.3,-0.0020668,1,0,0
0.66,0.3,-0.024732,1,0,0
0.68,0.3,-0.022725,1,0,0
0.7,0.3,-0.037727,1,0,0
0.72,0.3,-0.039933,1,0,0
0.74,0.3,-0.037879,1,0,0
0.76,0.3,-0.025157,1,0,0
0.78,0.3,-0.038391,1,0,0
0.8,0.3,-0.019708,1,0,0
0.82,0.3,0.0022101,1,0,0
0.84,0.3,-0.00036606,1,0,0
0.86,0.3,-0.004719,1,0,0
0.88,0.3,-0.013346,1,0,0
0.9,0.3,-0.013159,1,0,0
0.92,0.3,-0.020033,1,0,0
0.94,0.3,-0.0014194,1,0,0
0.96,0.3,0.0081548,1,0,0
0.98,0.3,0.0105,1,0,0
0.02,0.32,0.034616,1,0,0
0.04,0.32,0.045388,1,0,0
0.06,0.32,0.02393,1,0,0
0.08,0.32,0.0079764,1,0,0
0.1,0.32,0.0019422,1,0,0
0.12,0.32,-0.00096539,1,0,0
0.14,0.32,-0.0076206,1,0,0
0.16,0.32,-2.8781e-05,1,0,0
0.18,0.32,-0.0089374,1,0,0
0.2,0.32,-0.0040017,1,0,0
0.22,0.32,0.0072183,1,0,0
0.24,0.32,0.011972,1,0,0
0.26,0.32,0.029018,1,0,0
0.28,0.32,0.035306,1,0,0
0.3,0.32,0.030565,1,0,0
0.32,0.32,0.052163,1,0,0
0.34,0.32,0.064426,1,0,0
0.36,0.32,0.081,1,0,0
0.38,0.32,0.084885,1,0,0
0.4,0.32,0.11049,1,0,0
0.42,0.32,0.1028,1,0,0
0.44,0.32,0.10759,1,0,0
0.46,0.32,0.097415,1,0,0
0.48,0.32,0.075226,1,0,0
0.5,0.32,0.057804,1,0,0
0.52,0.32,0.056962,1,0,0
0.54,0.32,0.02685,1,0,0
0.56,0.32,0.027366,1,0,0
0.58,0.32,0.0079144,1,0,0
0.6,0.32,-0.0066655,1,0,0
0.62,0.32,-0.014722,1,0,0
0.64,0.32,-0.0017376,1,0,0
0.66,0.32,-0.0088042,1,0,0
0.68,0.32,-0.025715,1,0,0
0.7,0.32,-0.012459,1,0,0
0.72,0.32,-0.020122,1,0,0
0.74,0.32,-0.019822,1,0,0
0.76,0.32,-0.012299,1,0,0
0.78,0.32,-0.014204,1,0,0
0.8,0.32,-0.026778,1,0,0
0.82,0.32,-0.029406,1,0,0
0.84,0.32,-0.00089114,1,0,0
0.86,0.32,-0.0081214,1,0,0
0.88,0.32,-0.015529,1,0,0
0.9,0.32,-0.021675,1,0,0
0.92,0.32,-0.016189,1,0,0
0.94,0.32,-0.0012213,1,0,0
0.96,0.32,-0.00139,1,0,0
0.98,0.32,-0.006449,1,0,0
0.02,0.34,0.031628,1,0,0
0.04,0.34,0.03239,1,0,0
0.06,0.34,0.021318,1,0,0
0.08,0.34,0.02049,1,0,0
0.1,0.34,0.015584,1,0,0
0.12,0.34,-0.0010922,1,0,0
0.14,0.34,-0.0072528,1,0,0
0.16,0.34,-0.019894,1,0,0
0.18,0.34,-0.032579,1,0,0
0.2,0.34,-0.0012199,1,0,0
0.22,0.34,0.0062175,1,0,0
0.24,0.34,0.0051169,1,0,0
0.26,0.34,0.016267,1,0,0
0.28,0.34,0.041591,1,0,0
0.3,0.34,0.030665,1,0,0
0.32,0.34,0.035297,1,0,0
0.34,0.34,0.055519,1,0,0
0.36,0.34,0.067727,1,0,0
0.38,0.34,0.075959,1,0,0
0.4,0.34,0.096283,1,0,0
0.42,0.34,0.099289,1,0,0
0.44,0.34,0.077723,1,0,0
0.46,0.34,0.070394,1,0,0
0.48,0.34,0.062101,1,0,0
0.5,0.34,0.047144,1,0,0
0.52,0.34,0.027424,1,0,0
0.54,0.34,0.025831,1,0,0
0.56,0.34,0.025164,1,0,0
0.58,0.34,0.032261,1,0,0
0.6,0.34,0.015147,1,0,0
0.62,0.34,-0.0037657,1,0,0
0.64,0.34,-0.0050012,1,0,0
0.66,0.34,-0.014073,1,0,0
0.68,0.34,-0.0046126,1,0,0
0.7,0.34,0.0022866,1,0,0
0.72,0.34,-0.0043984,1,0,0
0.74,0.34,-0.023561,1,0,0
0.76,0.34,-0.020288,1,0,0
0.78,0.34,-0.026458,1,0,0
0.8,0.34,-0.030051,1,0,0
0.82,0.34,-0.024316,1,0,0
0.84,0.34,-0.022203,1,0,0
0.86,0.34,-0.0074921,1,0,0
0.88,0.34,-0.013615,1,0,0
0.9,0.34,-0.020574,1,0,0
0.92,0.34,-0.015991,1,0,0
0.94,0.34,-0.0066129,1,0,0
0.96,0.34,-0.01547,1,0,0
0.98,0.34,-0.010146,1,0,0
0.02,0.36,0.018344,1,0,0
0.04,0.36,0.033263,1,0,0
0.06,0.36,0.029712,1,0,0
0.08,0.36,0.021507,1,0,0
0.1,0.36,0.019169,1,0,0
0.12,0.36,0.006371,1,0,0
0.14,0.36,-0.0065797,1,0,0
0.16,0.36,-0.024192,1,0,0
0.18,0.36,-0.038788,1,0,0
0.2,0.36,-0.023014,1,0,0
0.22,0.36,-0.00027731,1,0,0
0.24,0.36,0.012753,1,0,0
0.26,0.36,0.025573,1,0,0
0.28,0.36,0.036603,1,0,0
0.3,0.36,0.034843,1,0,0
0.32,0.36,0.03152,1,0,0
0.34,0.36,0.041717,1,0,0
0.36,0.36,0.05254,1,0,0
0.38,0.36,0.080325,1,0,0
0.4,0.36,0.087283,1,0,0
0.42,0.36,0.075491,1,0,0
0.44,0.36,0.069287,1,0,0
0.46,0.36,0.059203,1,0,0
0.48,0.36,0.051027,1,0,0
0.5,0.36,0.042748,1,0,0
0.52,0.36,0.026436,1,0,0
0.54,0.36,0.022724,1,0,0
0.56,0.36,0.033323,1,0,0
0.58,0.36,0.050475,1,0,0
0.6,0.36,0.027217,1,0,0
0.62,0.36,0.01097,1,0,0
0.64,0.36,0.0078188,1,0,0
0.66,0.36,0.016637,1,0,0
0.68,0.36,0.009318,1,0,0
0.7,0.36,0.003213,1,0,0
0.72,0.36,-0.0094197,1,0,0
0.74,0.36,-0.015374,1,0,0
0.76,0.36,-0.020037,1,0,0
0.78,0.36,-0.020295,1,0,0
0.8,0.36,-0.029491,1,0,0
0.82,0.36,-0.021273,1,0,0
0.84,0.36,-0.017744,1,0,0
0.86,0.36,-0.0057077,1,0,0
0.88,0.36,-0.010203,1,0,0
0.9,0.36,-0.0089468,1,0,0
0.92,0.36,-0.007133,1,0,0
0.94,0.36,-0.020609,1,0,0
0.96,0.36,-0.02151,1,0,0
0.98,0.36,-0.012879,1,0,0
0.02,0.38,0.025192,1,0,0
0.04,0.38,0.036879,1,0,0
0.06,0.38,0.028815,1,0,0
0.08,0.38,0.027754,1,0,0
0.1,0.38,0.019248,1,0,0
0.12,0.38,0.011254,1,0,0
0.14,0.38,0.00038301,1,0,0
0.16,0.38,-0.0064061,1,0,0
0.18,0.38,-0.012467,1,0,0
0.2,0.38,-0.0078291,1,0,0
0.22,0.38,0.0084773,1,0,0
0.24,0.38,0.014906,1,0,0
0.26,0.38,0.023882,1,0,0
0.28,0.38,0.017436,1,0,0
0.3,0.38,0.030522,1,0,0
0.32,0.38,0.039732,1,0,0
0.34,0.38,0.046682,1,0,0
0.36,0.38,0.070306,1,0,0
0.38,0.38,0.076429,1,0,0
0.4,0.38,0.080684,1,0,0
0.42,0.38,0.069161,1,0,0
0.44,0.38,0.061161,1,0,0
0.46,0.38,0.065095,1,0,0
0.48,0.38,0.056737,1,0,0
0.5,0.38,0.038565,1,0,0
0.52,0.38,0.032369,1,0,0
0.54,0.38,0.034998,1,0,0
0.56,0.38,0.050517,1,0,0
0.58,0.38,0.049799,1,0,0
0.6,0.38,0.04186,1,0,0
0.62,0.38,0.024916,1,0,0
0.64,0.38,0.0093838,1,0,0
0.66,0.38,0.025222,1,0,0
0.68,0.38,0.011127,1,0,0
0.7,0.38,0.0078508,1,0,0
0.72,0.38,-0.0080623,1,0,0
0.74,0.38,0.017842,1,0,0
0.76,0.38,0.0075297,1,0,0
0.78,0.38,-0.0097366,1,0,0
0.8,0.38,-0.013292,1,0,0
0.82,0.38,-0.012216,1,0,0
0.84,0.38,-0.0091272,1,0,0
0.86,0.38,-0.0049721,1,0,0
0.88,0.38,-0.003239,1,0,0
0.9,0.38,-0.0068867,1,0,0
0.92,0.38,0.0020807,1,0,0
0.94,0.38,0.0075053,1,0,0
0.96,0.38,-0.0037467,1,0,0
0.98,0.38,-0.0056845,1,0,0
0.02,0.4,0.0089014,1,0,0
0.04,0.4,0.013437,1,0,0
0.06,0.4,0.0095012,1,0,0
0.08,0.4,-0.0032432,1,0,0
0.1,0.4,0.0071324,1,0,0
0.12,0.4,0.0030573,1,0,0
0.14,0.4,-0.019841,1,0,0
0.16,0.4,-0.0095276,1,0,0
0.18,0.4,-0.0078702,1,0,0
0.2,0.4,-0.006885,1,0,0
0.22,0.4,-0.0087487,1,0,0
0.24,0.4,-5.1699e-05,1,0,0
0.26,0.4,-0.0086406,1,0,0
0.28,0.4,0.0055504,1,0,0
0.3,0.4,0.010916,1,0,0
0.32,0.4,0.034496,1,0,0
0.34,0.4,0.040492,1,0,0
0.36,0.4,0.059621,1,0,0
0.38,0.4,0.069001,1,0,0
0.4,0.4,0.066011,1,0,0
0.42,0.4,0.056827,1,0,0
0.44,0.4,0.051571,1,0,0
0.46,0.4,0.052463,1,0,0
0.48,0.4,0.045353,1,0,0
0.5,0.4,0.040171,1,0,0
0.52,0.4,0.024009,1,0,0
0.54,0.4,0.030233,1,0,0
0.56,0.4,0.035484,1,0,0
0.58,0.4,0.027333,1,0,0
0.6,0.4,0.034272,1,0,0
0.62,0.4,0.025646,1,0,0
0.64,0.4,0.015016,1,0,0
0.66,0.4,0.0051396,1,0,0
0.68,0.4,0.0069846,1,0,0
0.7,0.4,-0.015453,1,0,0
0.72,0.4,-0.011733,1,0,0
0.74,0.4,0.0081165,1,0,0
0.76,0.4,0.014053,1,0,0
0.78,0.4,-0.0038457,1,0,0
0.8,0.4,-0.0081763,1,0,0
0.82,0.4,-0.024472,1,0,0
0.84,0.4,-0.022559,1,0,0
0.86,0.4,-0.0074136,1,0,0
0.88,0.4,-0.021481,1,0,0
0.9,0.4,-0.013608,1,0,0
0.92,0.4,-0.0065398,1,0,0
0.94,0.4,0.0046247,1,0,0
0.96,0.4,-0.002069,1,0,0
0.98,0.4,-0.0089359,1,0,0
0.02,0.42,-0.016438,1,0,0
0.04,0.42,-0.004235,1,0,0
0.06,0.42,-0.0028608,1,0,0
0.08,0.42,-0.0039345,1,0,0
0.1,0.42,0.0042994,1,0,0
0.12,0.42,-0.0034227,1,0,0
0.14,0.42,-0.025425,1,0,0
0.16,0.42,-0.029588,1,0,0
0.18,0.42,-0.012838,1,0,0
0.2,0.42,0.0048935,1,0,0
0.22,0.42,-0.012504,1,0,0
0.24,0.42,-0.0059681,1,0,0
0.26,0.42,-0.016591,1,0,0
0.28,0.42,-0.0032221,1,0,0
0.3,0.42,0.020816,1,0,0
0.32,0.42,0.032551,1,0,0
0.34,0.42,0.032086,1,0,0
0.36,0.42,0.048628,1,0,0
0.38,0.42,0.05049,1,0,0
0.4,0.42,0.064986,1,0,0
0.42,0.42,0.055417,1,0,0
0.44,0.42,0.056951,1,0,0
0.46,0.42,0.042162,1,0,0
0.48,0.42,0.057026,1,0,0
0.5,0.42,0.047198,1,0,0
0.52,0.42,0.032706,1,0,0
0.54,0.42,0.0086596,1,0,0
0.56,0.42,0.021979,1,0,0
0.58,0.42,0.02084,1,0,0
0.6,0.42,0.021415,1,0,0
0.62,0.42,0.027527,1,0,0
0.64,0.42,0.018703,1,0,0
0.66,0.42,0.0021723,1,0,0
0.68,0.42,0.002244,1,0,0
0.7,0.42,-0.014911,1,0,0
0.72,0.42,-0.0081652,1,0,0
0.74,0.42,-0.0057803,1,0,0
0.76,0.42,-0.0053631,1,0,0
0.78,0.42,-0.005012,1,0,0
0.8,0.42,-0.01296,1,0,0
0.82,0.42,-0.022926,1,0,0
0.84,0.42,-0.01572,1,0,0
0.86,0.42,-0.0022858,1,0,0
0.88,0.42,-0.012667,1,0,0
0.9,0.42,-0.020001,1,0,0
0.92,0.42,0.0068051,1,0,0
0.94,0.42,-0.0032826,1,0,0
0.96,0.42,-0.0055425,1,0,0
0.98,0.42,0.00085461,1,0,0
0.02,0.44,-0.018888,1,0,0
0.04,0.44,-0.030506,1,0,0
0.06,0.44,-0.0063245,1,0,0
0.08,0.44,-0.012608,1,0,0
0.1,0.44,-0.019938,1,0,0
0.12,0.44,-0.015094,1,0,0
0.14,0.44,-0.024192,1,0,0
0.16,0.44,-0.016548,1,0,0
0.18,0.44,-0.015395,1,0,0
0.2,0.44,-0.0041647,1,0,0
0.22,0.44,0.0047462,1,0,0
0.24,0.44,-0.010468,1,0,0
0.26,0.44,-0.02061,1,0,0
0.28,0.44,0.0034905,1,0,0
0.3,0.44,0.0045078,1,0,0
0.32,0.44,0.023415,1,0,0
0.34,0.44,0.031587,1,0,0
0.36,0.44,0.047257,1,0,0
0.38,0.44,0.046482,1,0,0
0.4,0.44,0.064255,1,0,0
0.42,0.44,0.054706,1,0,0
0.44,0.44,0.047871,1,0,0
0.46,0.44,0.030955,1,0,0
0.48,0.44,0.043961,1,0,0
0.5,0.44,0.044892,1,0,0
0.52,0.44,0.028161,1,0,0
0.54,0.44,0.015344,1,0,0
0.56,0.44,0.029511,1,0,0
0.58,0.44,0.012059,1,0,0
0.6,0.44,0.022846,1,0,0
0.62,0.44,0.019441,1,0,0
0.64,0.44,0.016858,1,0,0
0.66,0.44,0.0053307,1,0,0
0.68,0.44,-0.0026291,1,0,0
0.7,0.44,-0.024695,1,0,0
0.72,0.44,-0.022402,1,0,0
0.74,0.44,-0.0054955,1,0,0
0.76,0.44,-0.01415,1,0,0
0.78,0.44,-0.032174,1,0,0
0.8,0.44,-0.018908,1,0,0
0.82,0.44,-0.032599,1,0,0
0.84,0.44,-0.019278,1,0,0
0.86,0.44,0.0014067,1,0,0
0.88,0.44,-0.0075801,1,0,0
0.9,0.44,-0.0043815,1,0,0
0.92,0.44,0.0076525,1,0,0
0.94,0.44,0.011661,1,0,0
0.96,0.44,0.0057041,1,0,0
0.98,0.44,0.003305,1,0,0
0.02,0.46,-0.030328,1,0,0
0.04,0.46,-0.022506,1,0,0
0.06,0.46,-0.013893,1,0,0
0.08,0.46,-0.022437,1,0,0
0.1,0.46,-0.024975,1,0,0
0.12,0.46,-0.017352,1,0,0
0.14,0.46,-0.016942,1,0,0
0.16,0.46,-0.0099378,1,0,0
0.18,0.46,-0.0085553,1,0,0
0.2,0.46,-0.00080896,1,0,0
0.22,0.46,0.0011578,1,0,0
0.24,0.46,0.00049766,1,0,0
0.26,0.46,-0.0067265,1,0,0
0.28,0.46,-0.00789,1,0,0
0.3,0.46,0.0066356,1,0,0
0.32,0.46,0.024656,1,0,0
0.34,0.46,0.040774,1,0,0
0.36,0.46,0.056212,1,0,0
0.38,0.46,0.045915,1,0,0
0.4,0.46,0.050584,1,0,0
0.42,0.46,0.049517,1,0,0
0.44,0.46,0.04452,1,0,0
0.46,0.46,0.04555,1,0,0
0.48,0.46,0.03123,1,0,0
0.5,0.46,0.03848,1,0,0
0.52,0.46,0.039606,1,0,0
0.54,0.46,0.021062,1,0,0
0.56,0.46,0.033875,1,0,0
0.58,0.46,0.024333,1,0,0
0.6,0.46,0.026834,1,0,0
0.62,0.46,0.02696,1,0,0
0.64,0.46,0.032205,1,0,0
0.66,0.46,0.014267,1,0,0
0.68,0.46,-0.0013356,1,0,0
0.7,0.46,-0.01845,1,0,0
0.72,0.46,-0.014712,1,0,0
0.74,0.46,-0.018675,1,0,0
0.76,0.46,-0.025558,1,0,0
0.78,0.46,-0.038262,1,0,0
0.8,0.46,-0.040857,1,0,0
0.82,0.46,-0.04547,1,0,0
0.84,0.46,-0.015651,1,0,0
0.86,0.46,0.0020686,1,0,0
0.88,0.46,-0.0051597,1,0,0
0.9,0.46,0.008487,1,0,0
0.92,0.46,0.016086,1,0,0
0.94,0.46,0.031457,1,0,0
0.96,0.46,0.020089,1,0,0
0.98,0.46,0.027515,1,0,0
0.02,0.48,-0.026008,1,0,0
0.04,0.48,-0.017853,1,0,0
0.06,0.48,-0.023019,1,0,0
0.08,0.48,-0.023963,1,0,0
0.1,0.48,-0.015752,1,0,0
0.12,0.48,-0.022699,1,0,0
0.14,0.48,-0.021183,1,0,0
0.16,0.48,-0.0031941,1,0,0
0.18,0.48,0.0021451,1,0,0
0.2,0.48,0.0023983,1,0,0
0.22,0.48,0.017763,1,0,0
0.24,0.48,0.0029713,1,0,0
0.26,0.48,-0.00034216,1,0,0
0.28,0.48,-0.0036268,1,0,0
0.3,0.48,-9.8325e-05,1,0,0
0.32,0.48,0.0069536,1,0,0
0.34,0.48,0.036003,1,0,0
0.36,0.48,0.025737,1,0,0
0.38,0.48,0.030011,1,0,0
0.4,0.48,0.038912,1,0,0
0.42,0.48,0.033437,1,0,0
0.44,0.48,0.047016,1,0,0
0.46,0.48,0.0461,1,0,0
0.48,0.48,0.052647,1,0,0
0.5,0.48,0.040068,1,0,0
0.52,0.48,0.032808,1,0,0
0.54,0.48,0.012316,1,0,0
0.56,0.48,0.0022718,1,0,0
0.58,0.48,0.0089988,1,0,0
0.6,0.48,0.023731,1,0,0
0.62,0.48,0.038305,1,0,0
0.64,0.48,0.028172,1,0,0
0.66,0.48,0.017988,1,0,0
0.68,0.48,0.0087534,1,0,0
0.7,0.48,-0.0024577,1,0,0
0.72,0.48,-0.028433,1,0,0
0.74,0.48,-0.034441,1,0,0
0.76,0.48,-0.045297,1,0,0
0.78,0.48,-0.045331,1,0,0
0.8,0.48,-0.045725,1,0,0
0.82,0.48,-0.043222,1,0,0
0.84,0.48,-0.038152,1,0,0
0.86,0.48,-0.013473,1,0,0
0.88,0.48,0.00064636,1,0,0
0.9,0.48,0.013467,1,0,0
0.92,0.48,0.022543,1,0,0
0.94,0.48,0.017593,1,0,0
0.96,0.48,0.034749,1,0,0
0.98,0.48,0.023658,1,0,0
0.02,0.5,-0.028462,1,0,0
0.04,0.5,-0.020613,1,0,0
0.06,0.5,-0.0289,1,0,0
0.08,0.5,-0.031947,1,0,0
0.1,0.5,-0.019242,1,0,0
0.12,0.5,-0.02498,1,0,0
0.14,0.5,-0.0050589,1,0,0
0.16,0.5,0.017982,1,0,0
0.18,0.5,0.017635,1,0,0
0.2,0.5,0.016828,1,0,0
0.22,0.5,0.015145,1,0,0
0.24,0.5,0.0067977,1,0,0
0.26,0.5,-0.0089432,1,0,0
0.28,0.5,-0.021775,1,0,0
0.3,0.5,-0.015867,1,0,0
0.32,0.5,0.0091877,1,0,0
0.34,0.5,0.030162,1,0,0
0.36,0.5,0.029401,1,0,0
0.38,0.5,0.028469,1,0,0
0.4,0.5,0.033407,1,0,0
0.42,0.5,0.025009,1,0,0
0.44,0.5,0.028342,1,0,0
0.46,0.5,0.056848,1,0,0
0.48,0.5,0.047211,1,0,0
0.5,0.5,0.050014,1,0,0
0.52,0.5,0.033934,1,0,0
0.54,0.5,0.0093393,1,0,0
0.56,0.5,-0.0019606,1,0,0
0.58,0.5,0.012643,1,0,0
0.6,0.5,0.021159,1,0,0
0.62,0.5,0.025774,1,0,0
0.64,0.5,0.023474,1,0,0
0.66,0.5,0.013682,1,0,0
0.68,0.5,0.010604,1,0,0
0.7,0.5,0.00019973,1,0,0
0.72,0.5,-0.015146,1,0,0
0.74,0.5,-0.029053,1,0,0
0.76,0.5,-0.026446,1,0,0
0.78,0.5,-0.028885,1,0,0
0.8,0.5,-0.039532,1,0,0
0.82,0.5,-0.044927,1,0,0
0.84,0.5,-0.056666,1,0,0
0.86,0.5,-0.041217,1,0,0
0.88,0.5,-0.012485,1,0,0
0.9,0.5,0.020338,1,0,0
0.92,0.5,0.024142,1,0,0
0.94,0.5,0.030718,1,0,0
0.96,0.5,0.03633,1,0,0
0.98,0.5,0.039786,1,0,0
0.02,0.52,-0.034383,1,0,0
0.04,0.52,-0.020513,1,0,0
0.06,0.52,-0.014386,1,0,0
0.08,0.52,-0.022621,1,0,0
0.1,0.52,-0.032739,1,0,0
0.12,0.52,-0.021723,1,0,0
0.14,0.52,-0.0062462,1,0,0
0.16,0.52,0.01912,1,0,0
0.18,0.52,-0.00049608,1,0,0
0.2,0.52,-0.0006409,1,0,0
0.22,0.52,0.0047885,1,0,0
0.24,0.52,-0.010831,1,0,0
0.26,0.52,-0.021748,1,0,0
0.28,0.52,-0.030292,1,0,0
0.3,0.52,-0.032828,1,0,0
0.32,0.52,0.0033745,1,0,0
0.34,0.52,0.030444,1,0,0
0.36,0.52,0.033434,1,0,0
0.38,0.52,0.023166,1,0,0
0.4,0.52,0.020567,1,0,0
0.42,0.52,0.014484,1,0,0
0.44,0.52,0.016544,1,0,0
0.46,0.52,0.034392,1,0,0
0.48,0.52,0.02446,1,0,0
0.5,0.52,0.028994,1,0,0
0.52,0.52,0.015932,1,0,0
0.54,0.52,-0.0051826,1,0,0
0.56,0.52,-0.0038769,1,0,0
0.58,0.52,0.0048837,1,0,0
0.6,0.52,0.016941,1,0,0
0.62,0.52,0.011247,1,0,0
0.64,0.52,0.021565,1,0,0
0.66,0.52,0.009285,1,0,0
0.68,0.52,-0.0095794,1,0,0
0.7,0.52,-0.0062778,1,0,0
0.72,0.52,-0.019994,1,0,0
0.74,0.52,-0.026011,1,0,0
0.76,0.52,-0.018864,1,0,0
0.78,0.52,-0.030784,1,0,0
0.8,0.52,-0.033669,1,0,0
0.82,0.52,-0.050508,1,0,0
0.84,0.52,-0.053775,1,0,0
0.86,0.52,-0.048824,1,0,0
0.88,0.52,-0.022795,1,0,0
0.9,0.52,0.013792,1,0,0
0.92,0.52,0.020898,1,0,0
0.94,0.52,0.030319,1,0,0
0.96,0.52,0.031392,1,0,0
0.98,0.52,0.03624,1,0,0
0.02,0.54,-0.021835,1,0,0
0.04,0.54,-0.00017932,1,0,0
0.06,0.54,0.014046,1,0,0
0.08,0.54,0.011197,1,0,0
0.1,0.54,0.0016393,1,0,0
0.12,0.54,-0.0075184,1,0,0
0.14,0.54,0.008267,1,0,0
0.16,0.54,0.0034255,1,0,0
0.18,0.54,-0.02632,1,0,0
0.2,0.54,-0.013194,1,0,0
0.22,0.54,-0.010934,1,0,0
0.24,0.54,-0.014037,1,0,0
0.26,0.54,-0.015234,1,0,0
0.28,0.54,-0.01125,1,0,0
0.3,0.54,-0.015863,1,0,0
0.32,0.54,0.0102,1,0,0
0.34,0.54,0.039785,1,0,0
0.36,0.54,0.046666,1,0,0
0.38,0.54,0.021781,1,0,0
0.4,0.54,0.025437,1,0,0
0.42,0.54,0.016616,1,0,0
0.44,0.54,0.026314,1,0,0
0.46,0.54,0.016521,1,0,0
0.48,0.54,0.016825,1,0,0
0.5,0.54,0.0062322,1,0,0
0.52,0.54,0.01345,1,0,0
0.54,0.54,-0.0037789,1,0,0
0.56,0.54,-0.002134,1,0,0
0.58,0.54,0.0039883,1,0,0
0.6,0.54,0.015066,1,0,0
0.62,0.54,0.021563,1,0,0
0.64,0.54,0.023661,1,0,0
0.66,0.54,0.011178,1,0,0
0.68,0.54,0.00050416,1,0,0
0.7,0.54,-4.938e-05,1,0,0
0.72,0.54,-0.0065294,1,0,0
0.74,0.54,-0.0094439,1,0,0
0.76,0.54,-0.0083813,1,0,0
0.78,0.54,-0.018254,1,0,0
0.8,0.54,-0.025641,1,0,0
0.82,0.54,-0.029974,1,0,0
0.84,0.54,-0.033392,1,0,0
0.86,0.54,-0.017374,1,0,0
0.88,0.54,0.0062396,1,0,0
0.9,0.54,0.012123,1,0,0
0.92,0.54,0.024776,1,0,0
0.94,0.54,0.033308,1,0,0
0.96,0.54,0.037937,1,0,0
0.98,0.54,0.033962,1,0,0
0.02,0.56,-0.015408,1,0,0
0.04,0.56,-0.0012932,1,0,0
0.06,0.56,0.018861,1,0,0
0.08,0.56,0.022471,1,0,0
0.1,0.56,0.030722,1,0,0
0.12,0.56,0.019214,1,0,0
0.14,0.56,0.0061754,1,0,0
0.16,0.56,-0.0084546,1,0,0
0.18,0.56,-0.018015,1,0,0
0.2,0.56,-0.0038742,1,0,0
0.22,0.56,-0.023422,1,0,0
0.24,0.56,-0.020767,1,0,0
0.26,0.56,-0.02168,1,0,0
0.28,0.56,-0.015742,1,0,0
0.3,0.56,-0.011918,1,0,0
0.32,0.56,0.022093,1,0,0
0.34,0.56,0.031996,1,0,0
0.36,0.56,0.04431,1,0,0
0.38,0.56,0.041309,1,0,0
0.4,0.56,0.048225,1,0,0
0.42,0.56,0.029501,1,0,0
0.44,0.56,0.024362,1,0,0
0.46,0.56,0.0015782,1,0,0
0.48,0.56,-0.00046309,1,0,0
0.5,0.56,0.0078624,1,0,0
0.52,0.56,0.015329,1,0,0
0.54,0.56,0.0028159,1,0,0
0.56,0.56,0.0094808,1,0,0
0.58,0.56,0.017891,1,0,0
0.6,0.56,0.02207,1,0,0
0.62,0.56,0.015283,1,0,0
0.64,0.56,0.014867,1,0,0
0.66,0.56,-0.010663,1,0,0
0.68,0.56,-0.00067657,1,0,0
0.7,0.56,0.013633,1,0,0
0.72,0.56,0.024892,1,0,0
0.74,0.56,0.010943,1,0,0
0.76,0.56,0.019588,1,0,0
0.78,0.56,0.013414,1,0,0
0.8,0.56,0.00085028,1,0,0
0.82,0.56,-0.0090343,1,0,0
0.84,0.56,-0.016528,1,0,0
0.86,0.56,0.005309,1,0,0
0.88,0.56,0.0082223,1,0,0
0.9,0.56,0.01714,1,0,0
0.92,0.56,0.027815,1,0,0
0.94,0.56,0.033146,1,0,0
0.96,0.56,0.033673,1,0,0
0.98,0.56,0.050998,1,0,0
0.02,0.58,0.00051521,1,0,0
0.04,0.58,0.0041693,1,0,0
0.06,0.58,0.02155,1,0,0
0.08,0.58,0.045187,1,0,0
0.1,0.58,0.039151,1,0,0
0.12,0.58,0.034572,1,0,0
0.14,0.58,0.011955,1,0,0
0.16,0.58,0.0086662,1,0,0
0.18,0.58,-0.011682,1,0,0
0.2,0.58,-0.016233,1,0,0
0.22,0.58,-0.017162,1,0,0
0.24,0.58,-0.027623,1,0,0
0.26,0.58,-0.02041,1,0,0
0.28,0.58,-0.022313,1,0,0
0.3,0.58,-0.0071778,1,0,0
0.32,0.58,0.021145,1,0,0
0.34,0.58,0.028344,1,0,0
0.36,0.58,0.040544,1,0,0
0.38,0.58,0.044084,1,0,0
0.4,0.58,0.054508,1,0,0
0.42,0.58,0.032662,1,0,0
0.44,0.58,0.014703,1,0,0
0.46,0.58,-0.0050783,1,0,0
0.48,0.58,-0.0024628,1,0,0
0.5,0.58,0.0050974,1,0,0
0.52,0.58,0.011518,1,0,0
0.54,0.58,0.010956,1,0,0
0.56,0.58,0.023722,1,0,0
0.58,0.58,0.0070807,1,0,0
0.6,0.58,0.016467,1,0,0
0.62,0.58,0.0091452,1,0,0
0.64,0.58,-0.0022152,1,0,0
0.66,0.58,-0.0048615,1,0,0
0.68,0.58,0.00056254,1,0,0
0.7,0.58,0.020236,1,0,0
0.72,0.58,0.024641,1,0,0
0.74,0.58,0.053913,1,0,0
0.76,0.58,0.052377,1,0,0
0.78,0.58,0.025636,1,0,0
0.8,0.58,0.019326,1,0,0
0.82,0.58,0.0032553,1,0,0
0.84,0.58,-0.0047431,1,0,0
0.86,0.58,0.0068296,1,0,0
0.88,0.58,0.016449,1,0,0
0.9,0.58,0.021077,1,0,0
0.92,0.58,0.031713,1,0,0
0.94,0.58,0.048074,1,0,0
0.96,0.58,0.050819,1,0,0
0.98,0.58,0.0621,1,0,0
0.02,0.6,0.0066451,1,0,0
0.04,0.6,0.022006,1,0,0
0.06,0.6,0.044031,1,0,0
0.08,0.6,0.048181,1,0,0
0.1,0.6,0.050033,1,0,0
0.12,0.6,0.030294,1,0,0
0.14,0.6,0.015868,1,0,0
0.16,0.6,0.0024013,1,0,0
0.18,0.6,-0.0095483,1,0,0
0.2,0.6,-0.013431,1,0,0
0.22,0.6,-0.019355,1,0,0
0.24,0.6,-0.0098971,1,0,0
0.26,0.6,-0.018461,1,0,0
0.28,0.6,-0.024789,1,0,0
0.3,0.6,0.0020655,1,0,0
0.32,0.6,0.023445,1,0,0
0.34,0.6,0.018415,1,0,0
0.36,0.6,0.031452,1,0,0
0.38,0.6,0.034615,1,0,0
0.4,0.6,0.034204,1,0,0
0.42,0.6,0.028346,1,0,0
0.44,0.6,0.025295,1,0,0
0.46,0.6,0.016795,1,0,0
0.48,0.6,0.0030182,1,0,0
0.5,0.6,0.013429,1,0,0
0.52,0.6,0.01298,1,0,0
0.54,0.6,0.0082609,1,0,0
0.56,0.6,0.014305,1,0,0
0.58,0.6,0.014896,1,0,0
0.6,0.6,0.011363,1,0,0
0.62,0.6,0.019129,1,0,0
0.64,0.6,0.011616,1,0,0
0.66,0.6,0.012558,1,0,0
0.68,0.6,0.0091976,1,0,0
0.7,0.6,0.019308,1,0,0
0.72,0.6,0.031794,1,0,0
0.74,0.6,0.06109,1,0,0
0.76,0.6,0.057334,1,0,0
0.78,0.6,0.036523,1,0,0
0.8,0.6,0.022527,1,0,0
0.82,0.6,0.022759,1,0,0
0.84,0.6,0.020313,1,0,0
0.86,0.6,0.025186,1,0,0
0.88,0.6,0.020252,1,0,0
0.9,0.6,0.027346,1,0,0
0.92,0.6,0.04316,1,0,0
0.94,0.6,0.05371,1,0,0
0.96,0.6,0.061043,1,0,0
0.98,0.6,0.070924,1,0,0
0.02,0.62,0.028679,1,0,0
0.04,0.62,0.035809,1,0,0
0.06,0.62,0.053867,1,0,0
0.08,0.62,0.044593,1,0,0
0.1,0.62,0.046605,1,0,0
0.12,0.62,0.041515,1,0,0
0.14,0.62,0.029033,1,0,0
0.16,0.62,0.017788,1,0,0
0.18,0.62,0.0027852,1,0,0
0.2,0.62,0.0033279,1,0,0
0.22,0.62,-0.0092902,1,0,0
0.24,0.62,-0.012535,1,0,0
0.26,0.62,-0.018662,1,0,0
0.28,0.62,-0.0030682,1,0,0
0.3,0.62,0.0078859,1,0,0
0.32,0.62,0.01951,1,0,0
0.34,0.62,0.03432,1,0,0
0.36,0.62,0.037294,1,0,0
0.38,0.62,0.045653,1,0,0
0.4,0.62,0.028567,1,0,0
0.42,0.62,0.024639,1,0,0
0.44,0.62,0.021905,1,0,0
0.46,0.62,0.017579,1,0,0
0.48,0.62,0.013221,1,0,0
0.5,0.62,0.032755,1,0,0
0.52,0.62,0.021296,1,0,0
0.54,0.62,0.030335,1,0,0
0.56,0.62,0.030871,1,0,0
0.58,0.62,0.035959,1,0,0
0.6,0.62,0.025183,1,0,0
0.62,0.62,0.029651,1,0,0
0.64,0.62,0.017914,1,0,0
0.66,0.62,0.013835,1,0,0
0.68,0.62,0.02459,1,0,0
0.7,0.62,0.02331,1,0,0
0.72,0.62,0.038711,1,0,0
0.74,0.62,0.065553,1,0,0
0.76,0.62,0.071584,1,0,0
0.78,0.62,0.058144,1,0,0
0.8,0.62,0.046809,1,0,0
0.82,0.62,0.033023,1,0,0
0.84,0.62,0.023364,1,0,0
0.86,0.62,0.045225,1,0,0
0.88,0.62,0.037595,1,0,0
0.9,0.62,0.049525,1,0,0
0.92,0.62,0.071662,1,0,0
0.94,0.62,0.07987,1,0,0
0.96,0.62,0.087106,1,0,0
0.98,0.62,0.079823,1,0,0
0.02,0.64,0.041592,1,0,0
0.04,0.64,0.044992,1,0,0
0.06,0.64,0.041623,1,0,0
0.08,0.64,0.042545,1,0,0
0.1,0.64,0.034335,1,0,0
0.12,0.64,0.038368,1,0,0
0.14,0.64,0.019343,1,0,0
0.16,0.64,0.0033323,1,0,0
0.18,0.64,-0.0033416,1,0,0
0.2,0.64,0.0038653,1,0,0
0.22,0.64,-0.0068642,1,0,0
0.24,0.64,-0.023695,1,0,0
0.26,0.64,-0.011022,1,0,0
0.28,0.64,-0.0041384,1,0,0
0.3,0.64,0.011843,1,0,0
0.32,0.64,0.013172,1,0,0
0.34,0.64,0.026126,1,0,0
0.36,0.64,0.036423,1,0,0
0.38,0.64,0.028108,1,0,0
0.4,0.64,0.03139,1,0,0
0.42,0.64,0.018279,1,0,0
0.44,0.64,0.0039538,1,0,0
0.46,0.64,0.012901,1,0,0
0.48,0.64,0.019573,1,0,0
0.5,0.64,0.030962,1,0,0
0.52,0.64,0.021589,1,0,0
0.54,0.64,0.018378,1,0,0
0.56,0.64,0.045919,1,0,0
0.58,0.64,0.043979,1,0,0
0.6,0.64,0.0317,1,0,0
0.62,0.64,0.023841,1,0,0
0.64,0.64,0.0075288,1,0,0
0.66,0.64,0.011986,1,0,0
0.68,0.64,0.021617,1,0,0
0.7,0.64,0.032166,1,0,0
0.72,0.64,0.032311,1,0,0
0.74,0.64,0.048358,1,0,0
0.76,0.64,0.050686,1,0,0
0.78,0.64,0.054597,1,0,0
0.8,0.64,0.053051,1,0,0
0.82,0.64,0.035545,1,0,0
0.84,0.64,0.037316,1,0,0
0.86,0.64,0.052003,1,0,0
0.88,0.64,0.056464,1,0,0
0.9,0.64,0.059698,1,0,0
0.92,0.64,0.085394,1,0,0
0.94,0.64,0.09793,1,0,0
0.96,0.64,0.085554,1,0,0
0.98,0.64,0.085828,1,0,0
0.02,0.66,0.042163,1,0,0
0.04,0.66,0.044484,1,0,0
0.06,0.66,0.049682,1,0,0
0.08,0.66,0.023701,1,0,0
0.1,0.66,0.034861,1,0,0
0.12,0.66,0.039699,1,0,0
0.14,0.66,0.016808,1,0,0
0.16,0.66,0.0055308,1,0,0
0.18,0.66,-0.010211,1,0,0
0.2,0.66,-0.025205,1,0,0
0.22,0.66,-0.015233,1,0,0
0.24,0.66,-0.011533,1,0,0
0.26,0.66,-0.00011763,1,0,0
0.28,0.66,0.014001,1,0,0
0.3,0.66,0.0039385,1,0,0
0.32,0.66,0.01788,1,0,0
0.34,0.66,0.019584,1,0,0
0.36,0.66,0.024905,1,0,0
0.38,0.66,0.026985,1,0,0
0.4,0.66,0.039697,1,0,0
0.42,0.66,0.01811,1,0,0
0.44,0.66,0.018872,1,0,0
0.46,0.66,0.027158,1,0,0
0.48,0.66,0.035376,1,0,0
0.5,0.66,0.039152,1,0,0
0.52,0.66,0.028965,1,0,0
0.54,0.66,0.025196,1,0,0
0.56,0.66,0.053525,1,0,0
0.58,0.66,0.042609,1,0,0
0.6,0.66,0.026878,1,0,0
0.62,0.66,0.0069029,1,0,0
0.64,0.66,0.020417,1,0,0
0.66,0.66,0.025899,1,0,0
0.68,0.66,0.029167,1,0,0
0.7,0.66,0.032688,1,0,0
0.72,0.66,0.033551,1,0,0
0.74,0.66,0.040329,1,0,0
0.76,0.66,0.05023,1,0,0
0.78,0.66,0.05288,1,0,0
0.8,0.66,0.057879,1,0,0
0.82,0.66,0.048422,1,0,0
0.84,0.66,0.066485,1,0,0
0.86,0.66,0.078909,1,0,0
0.88,0.66,0.059727,1,0,0
0.9,0.66,0.078436,1,0,0
0.92,0.66,0.0851,1,0,0
0.94,0.66,0.091315,1,0,0
0.96,0.66,0.087235,1,0,0
0.98,0.66,0.089906,1,0,0
0.02,0.68,0.031663,1,0,0
0.04,0.68,0.033869,1,0,0
0.06,0.68,0.012403,1,0,0
0.08,0.68,0.011637,1,0,0
0.1,0.68,0.024919,1,0,0
0.12,0.68,0.015758,1,0,0
0.14,0.68,0.017838,1,0,0
0.16,0.68,0.010604,1,0,0
0.18,0.68,-0.019467,1,0,0
0.2,0.68,-0.022254,1,0,0
0.22,0.68,-0.024667,1,0,0
0.24,0.68,-0.020581,1,0,0
0.26,0.68,-0.024479,1,0,0
0.28,0.68,-0.013729,1,0,0
0.3,0.68,-0.0050848,1,0,0
0.32,0.68,-0.0024308,1,0,0
0.34,0.68,0.015332,1,0,0
0.36,0.68,0.017834,1,0,0
0.38,0.68,0.013645,1,0,0
0.4,0.68,0.030902,1,0,0
0.42,0.68,0.01386,1,0,0
0.44,0.68,0.017354,1,0,0
0.46,0.68,0.028876,1,0,0
0.48,0.68,0.0376,1,0,0
0.5,0.68,0.016456,1,0,0
0.52,0.68,0.035011,1,0,0
0.54,0.68,0.029018,1,0,0
0.56,0.68,0.043508,1,0,0
0.58,0.68,0.029395,1,0,0
0.6,0.68,0.014589,1,0,0
0.62,0.68,-0.0094913,1,0,0
0.64,0.68,-0.011277,1,0,0
0.66,0.68,-0.0031864,1,0,0
0.68,0.68,0.020213,1,0,0
0.7,0.68,0.010071,1,0,0
0.72,0.68,0.029001,1,0,0
0.74,0.68,0.044004,1,0,0
0.76,0.68,0.055003,1,0,0
0.78,0.68,0.046748,1,0,0
0.8,0.68,0.054155,1,0,0
0.82,0.68,0.070401,1,0,0
0.84,0.68,0.073167,1,0,0
0.86,0.68,0.069836,1,0,0
0.88,0.68,0.059206,1,0,0
0.9,0.68,0.054685,1,0,0
0.92,0.68,0.060434,1,0,0
0.94,0.68,0.083181,1,0,0
0.96,0.68,0.090821,1,0,0
0.98,0.68,0.087235,1,0,0
0.02,0.7,0.033522,1,0,0
0.04,0.7,0.023533,1,0,0
0.06,0.7,0.0018251,1,0,0
0.08,0.7,-0.0053282,1,0,0
0.1,0.7,0.01404,1,0,0
0.12,0.7,0.012654,1,0,0
0.14,0.7,-0.0028184,1,0,0
0.16,0.7,0.0051832,1,0,0
0.18,0.7,-0.014995,1,0,0
0.2,0.7,-0.034405,1,0,0
0.22,0.7,-0.03532,1,0,0
0.24,0.7,-0.047506,1,0,0
0.26,0.7,-0.045311,1,0,0
0.28,0.7,-0.021362,1,0,0
0.3,0.7,-0.011888,1,0,0
0.32,0.7,-0.0010031,1,0,0
0.34,0.7,0.0019056,1,0,0
0.36,0.7,0.0098981,1,0,0
0.38,0.7,0.02033,1,0,0
0.4,0.7,0.026728,1,0,0
0.42,0.7,-0.0002179,1,0,0
0.44,0.7,0.012239,1,0,0
0.46,0.7,0.016534,1,0,0
0.48,0.7,0.018346,1,0,0
0.5,0.7,0.024303,1,0,0
0.52,0.7,0.042845,1,0,0
0.54,0.7,0.027939,1,0,0
0.56,0.7,0.029414,1,0,0
0.58,0.7,0.022211,1,0,0
0.6,0.7,0.013472,1,0,0
0.62,0.7,-0.016313,1,0,0
0.64,0.7,-0.012533,1,0,0
0.66,0.7,-0.0074286,1,0,0
0.68,0.7,0.0017189,1,0,0
0.7,0.7,0.0072141,1,0,0
0.72,0.7,0.016312,1,0,0
0.74,0.7,0.032563,1,0,0
0.76,0.7,0.053422,1,0,0
0.78,0.7,0.0566,1,0,0
0.8,0.7,0.060257,1,0,0
0.82,0.7,0.060717,1,0,0
0.84,0.7,0.068128,1,0,0
0.86,0.7,0.062627,1,0,0
0.88,0.7,0.047578,1,0,0
0.9,0.7,0.055522,1,0,0
0.92,0.7,0.054987,1,0,0
0.94,0.7,0.063395,1,0,0
0.96,0.7,0.086369,1,0,0
0.98,0.7,0.075384,1,0,0
0.02,0.72,0.042759,1,0,0
0.04,0.72,0.02892,1,0,0
0.06,0.72,0.020113,1,0,0
0.08,0.72,0.021603,1,0,0
0.1,0.72,0.025936,1,0,0
0.12,0.72,0.0092713,1,0,0
0.14,0.72,0.00061148,1,0,0
0.16,0.72,-0.0027226,1,0,0
0.18,0.72,-0.022956,1,0,0
0.2,0.72,-0.026135,1,0,0
0.22,0.72,-0.033994,1,0,0
0.24,0.72,-0.055269,1,0,0
0.26,0.72,-0.051842,1,0,0
0.28,0.72,-0.01767,1,0,0
0.3,0.72,-0.0013069,1,0,0
0.32,0.72,0.01258,1,0,0
0.34,0.72,0.0093375,1,0,0
0.36,0.72,0.015911,1,0,0
0.38,0.72,0.00022301,1,0,0
0.4,0.72,0.015106,1,0,0
0.42,0.72,0.011676,1,0,0
0.44,0.72,-0.0033898,1,0,0
0.46,0.72,0.016377,1,0,0
0.48,0.72,0.017972,1,0,0
0.5,0.72,0.034856,1,0,0
0.52,0.72,0.0325,1,0,0
0.54,0.72,0.028676,1,0,0
0.56,0.72,0.031009,1,0,0
0.58,0.72,0.029087,1,0,0
0.6,0.72,0.027961,1,0,0
0.62,0.72,0.012674,1,0,0
0.64,0.72,0.011668,1,0,0
0.66,0.72,0.0083033,1,0,0
0.68,0.72,0.0039168,1,0,0
0.7,0.72,0.0097732,1,0,0
0.72,0.72,0.012628,1,0,0
0.74,0.72,0.022764,1,0,0
0.76,0.72,0.042757,1,0,0
0.78,0.72,0.049671,1,0,0
0.8,0.72,0.063066,1,0,0
0.82,0.72,0.070329,1,0,0
0.84,0.72,0.075484,1,0,0
0.86,0.72,0.069754,1,0,0
0.88,0.72,0.051114,1,0,0
0.9,0.72,0.047405,1,0,0
0.92,0.72,0.048557,1,0,0
0.94,0.72,0.070353,1,0,0
0.96,0.72,0.071758,1,0,0
0.98,0.72,0.068741,1,0,0
0.02,0.74,0.03373,1,0,0
0.04,0.74,0.04548,1,0,0
0.06,0.74,0.038036,1,0,0
0.08,0.74,0.024668,1,0,0
0.1,0.74,0.022141,1,0,0
0.12,0.74,0.026229,1,0,0
0.14,0.74,0.020792,1,0,0
0.16,0.74,0.017321,1,0,0
0.18,0.74,-0.010384,1,0,0
0.2,0.74,-0.0181,1,0,0
0.22,0.74,-0.032114,1,0,0
0.24,0.74,-0.046458,1,0,0
0.26,0.74,-0.040337,1,0,0
0.28,0.74,-0.023474,1,0,0
0.3,0.74,-0.011097,1,0,0
0.32,0.74,0.00086008,1,0,0
0.34,0.74,0.021616,1,0,0
0.36,0.74,0.0040235,1,0,0
0.38,0.74,0.0010201,1,0,0
0.4,0.74,0.0080187,1,0,0
0.42,0.74,0.012939,1,0,0
0.44,0.74,-0.0023055,1,0,0
0.46,0.74,-0.0038012,1,0,0
0.48,0.74,0.01423,1,0,0
0.5,0.74,0.031713,1,0,0
0.52,0.74,0.034481,1,0,0
0.54,0.74,0.042512,1,0,0
0.56,0.74,0.047114,1,0,0
0.58,0.74,0.042476,1,0,0
0.6,0.74,0.027511,1,0,0
0.62,0.74,0.033229,1,0,0
0.64,0.74,0.034355,1,0,0
0.66,0.74,0.024999,1,0,0
0.68,0.74,0.0022266,1,0,0
0.7,0.74,0.011034,1,0,0
0.72,0.74,0.022451,1,0,0
0.74,0.74,0.034928,1,0,0
0.76,0.74,0.047271,1,0,0
0.78,0.74,0.056014,1,0,0
0.8,0.74,0.055965,1,0,0
0.82,0.74,0.05414,1,0,0
0.84,0.74,0.0647,1,0,0
0.86,0.74,0.06445,1,0,0
0.88,0.74,0.039186,1,0,0
0.9,0.74,0.0327,1,0,0
0.92,0.74,0.055903,1,0,0
0.94,0.74,0.060789,1,0,0
0.96,0.74,0.062692,1,0,0
0.98,0.74,0.057556,1,0,0
0.02,0.76,0.025138,1,0,0
0.04,0.76,0.032514,1,0,0
0.06,0.76,0.033907,1,0,0
0.08,0.76,0.023686,1,0,0
0.1,0.76,0.027817,1,0,0
0.12,0.76,0.022855,1,0,0
0.14,0.76,0.024815,1,0,0
0.16,0.76,0.014752,1,0,0
0.18,0.76,0.00017339,1,0,0
0.2,0.76,-0.0068882,1,0,0
0.22,0.76,-0.026288,1,0,0
0.24,0.76,-0.032166,1,0,0
0.26,0.76,-0.039074,1,0,0
0.28,0.76,-0.043151,1,0,0
0.3,0.76,-0.034443,1,0,0
0.32,0.76,-0.018622,1,0,0
0.34,0.76,-0.011074,1,0,0
0.36,0.76,-0.0079076,1,0,0
0.38,0.76,-0.010908,1,0,0
0.4,0.76,-0.0053632,1,0,0
0.42,0.76,0.0041212,1,0,0
0.44,0.76,0.0047059,1,0,0
0.46,0.76,-0.0011612,1,0,0
0.48,0.76,0.0051364,1,0,0
0.5,0.76,0.017818,1,0,0
0.52,0.76,0.030217,1,0,0
0.54,0.76,0.043106,1,0,0
0.56,0.76,0.046232,1,0,0
0.58,0.76,0.049021,1,0,0
0.6,0.76,0.038856,1,0,0
0.62,0.76,0.035938,1,0,0
0.64,0.76,0.026682,1,0,0
0.66,0.76,0.020981,1,0,0
0.68,0.76,0.018441,1,0,0
0.7,0.76,0.031271,1,0,0
0.72,0.76,0.037458,1,0,0
0.74,0.76,0.042156,1,0,0
0.76,0.76,0.038242,1,0,0
0.78,0.76,0.033906,1,0,0
0.8,0.76,0.032345,1,0,0
0.82,0.76,0.034468,1,0,0
0.84,0.76,0.033038,1,0,0
0.86,0.76,0.044341,1,0,0
0.88,0.76,0.0225,1,0,0
0.9,0.76,0.013571,1,0,0
0.92,0.76,0.031588,1,0,0
0.94,0.76,0.038092,1,0,0
0.96,0.76,0.04155,1,0,0
0.98,0.76,0.043128,1,0,0
0.02,0.78,0.042507,1,0,0
0.04,0.78,0.03309,1,0,0
0.06,0.78,0.033656,1,0,0
0.08,0.78,0.039334,1,0,0
0.1,0.78,0.037895,1,0,0
0.12,0.78,0.035278,1,0,0
0.14,0.78,0.026492,1,0,0
0.16,0.78,0.020818,1,0,0
0.18,0.78,-0.0027057,1,0,0
0.2,0.78,-0.014293,1,0,0
0.22,0.78,-0.01352,1,0,0
0.24,0.78,-0.016929,1,0,0
0.26,0.78,-0.020098,1,0,0
0.28,0.78,-0.030337,1,0,0
0.3,0.78,-0.039132,1,0,0
0.32,0.78,-0.037036,1,0,0
0.34,0.78,-0.047196,1,0,0
0.36,0.78,-0.019153,1,0,0
0.38,0.78,-0.01517,1,0,0
0.4,0.78,0.0029713,1,0,0
0.42,0.78,0.0055815,1,0,0
0.44,0.78,0.0093119,1,0,0
0.46,0.78,0.0022789,1,0,0
0.48,0.78,0.00052893,1,0,0
0.5,0.78,0.015489,1,0,0
0.52,0.78,0.027274,1,0,0
0.54,0.78,0.03175,1,0,0
0.56,0.78,0.040823,1,0,0
0.58,0.78,0.03316,1,0,0
0.6,0.78,0.054369,1,0,0
0.62,0.78,0.047272,1,0,0
0.64,0.78,0.029492,1,0,0
0.66,0.78,0.036671,1,0,0
0.68,0.78,0.052831,1,0,0
0.7,0.78,0.050256,1,0,0
0.72,0.78,0.034029,1,0,0
0.74,0.78,0.039164,1,0,0
0.76,0.78,0.027557,1,0,0
0.78,0.78,0.01435,1,0,0
0.8,0.78,0.025021,1,0,0
0.82,0.78,0.01578,1,0,0
0.84,0.78,0.0037924,1,0,0
0.86,0.78,0.015846,1,0,0
0.88,0.78,0.023398,1,0,0
0.9,0.78,0.020698,1,0,0
0.92,0.78,0.0097369,1,0,0
0.94,0.78,0.013926,1,0,0
0.96,0.78,0.015534,1,0,0
0.98,0.78,0.030023,1,0,0
0.02,0.8,0.035661,1,0,0
0.04,0.8,0.045201,1,0,0
0.06,0.8,0.049187,1,0,0
0.08,0.8,0.041156,1,0,0
0.1,0.8,0.030396,1,0,0
0.12,0.8,0.035313,1,0,0
0.14,0.8,0.016841,1,0,0
0.16,0.8,0.018311,1,0,0
0.18,0.8,0.00131,1,0,0
0.2,0.8,-0.0094346,1,0,0
0.22,0.8,-0.012128,1,0,0
0.24,0.8,0.0022685,1,0,0
0.26,0.8,-0.015788,1,0,0
0.28,0.8,-0.04309,1,0,0
0.3,0.8,-0.046838,1,0,0
0.32,0.8,-0.033672,1,0,0
0.34,0.8,-0.040475,1,0,0
0.36,0.8,-0.023116,1,0,0
0.38,0.8,-0.0092752,1,0,0
0.4,0.8,-0.00010858,1,0,0
0.42,0.8,0.00065362,1,0,0
0.44,0.8,0.022741,1,0,0
0.46,0.8,0.0090538,1,0,0
0.48,0.8,0.011432,1,0,0
0.5,0.8,0.011692,1,0,0
0.52,0.8,0.024483,1,0,0
0.54,0.8,0.021641,1,0,0
0.56,0.8,0.042607,1,0,0
0.58,0.8,0.048275,1,0,0
0.6,0.8,0.062769,1,0,0
0.62,0.8,0.04698,1,0,0
0.64,0.8,0.04076,1,0,0
0.66,0.8,0.041835,1,0,0
0.68,0.8,0.056567,1,0,0
0.7,0.8,0.059262,1,0,0
0.72,0.8,0.047427,1,0,0
0.74,0.8,0.03634,1,0,0
0.76,0.8,0.021771,1,0,0
0.78,0.8,0.0028492,1,0,0
0.8,0.8,0.010611,1,0,0
0.82,0.8,-0.00067134,1,0,0
0.84,0.8,-0.0075536,1,0,0
0.86,0.8,0.00089822,1,0,0
0.88,0.8,0.0093354,1,0,0
0.9,0.8,0.014982,1,0,0
0.92,0.8,0.014984,1,0,0
0.94,0.8,-0.0031319,1,0,0
0.96,0.8,0.00051108,1,0,0
0.98,0.8,0.017384,1,0,0
0.02,0.82,0.061783,1,0,0
0.04,0.82,0.066108,1,0,0
0.06,0.82,0.066994,1,0,0
0.08,0.82,0.032843,1,0,0
0.1,0.82,0.020688,1,0,0
0.12,0.82,0.0091706,1,0,0
0.14,0.82,0.025159,1,0,0
0.16,0.82,0.016168,1,0,0
0.18,0.82,-0.0065039,1,0,0
0.2,0.82,-0.0017796,1,0,0
0.22,0.82,-0.011016,1,0,0
0.24,0.82,0.010896,1,0,0
0.26,0.82,-0.013095,1,0,0
0.28,0.82,-0.029847,1,0,0
0.3,0.82,-0.053053,1,0,0
0.32,0.82,-0.032958,1,0,0
0.34,0.82,-0.018536,1,0,0
0.36,0.82,-0.0043321,1,0,0
0.38,0.82,-0.0097708,1,0,0
0.4,0.82,0.01017,1,0,0
0.42,0.82,0.013565,1,0,0
0.44,0.82,0.019761,1,0,0
0.46,0.82,0.012563,1,0,0
0.48,0.82,0.017545,1,0,0
0.5,0.82,0.016621,1,0,0
0.52,0.82,0.020015,1,0,0
0.54,0.82,0.024551,1,0,0
0.56,0.82,0.046055,1,0,0
0.58,0.82,0.048008,1,0,0
0.6,0.82,0.055386,1,0,0
0.62,0.82,0.068818,1,0,0
0.64,0.82,0.064689,1,0,0
0.66,0.82,0.051609,1,0,0
0.68,0.82,0.063675,1,0,0
0.7,0.82,0.042194,1,0,0
0.72,0.82,0.044426,1,0,0
0.74,0.82,0.034526,1,0,0
0.76,0.82,0.021126,1,0,0
0.78,0.82,0.0030064,1,0,0
0.8,0.82,-0.0032008,1,0,0
0.82,0.82,-0.015282,1,0,0
0.84,0.82,-0.025785,1,0,0
0.86,0.82,-0.004263,1,0,0
0.88,0.82,0.010466,1,0,0
0.9,0.82,0.016563,1,0,0
0.92,0.82,0.020851,1,0,0
0.94,0.82,0.0086672,1,0,0
0.96,0.82,-0.014295,1,0,0
0.98,0.82,-0.016288,1,0,0
0.02,0.84,0.054539,1,0,0
0.04,0.84,0.060946,1,0,0
0.06,0.84,0.068938,1,0,0
0.08,0.84,0.046713,1,0,0
0.1,0.84,0.019603,1,0,0
0.12,0.84,0.019212,1,0,0
0.14,0.84,0.0031372,1,0,0
0.16,0.84,0.0020804,1,0,0
0.18,0.84,-0.0014887,1,0,0
0.2,0.84,0.0032849,1,0,0
0.22,0.84,0.003018,1,0,0
0.24,0.84,-0.0096675,1,0,0
0.26,0.84,-0.012245,1,0,0
0.28,0.84,-0.023613,1,0,0
0.3,0.84,-0.041578,1,0,0
0.32,0.84,-0.022699,1,0,0
0.34,0.84,-0.0046263,1,0,0
0.36,0.84,-0.0001046,1,0,0
0.38,0.84,-0.0060294,1,0,0
0.4,0.84,0.0040171,1,0,0
0.42,0.84,0.011101,1,0,0
0.44,0.84,0.023804,1,0,0
0.46,0.84,0.022052,1,0,0
0.48,0.84,0.020729,1,0,0
0.5,0.84,0.02891,1,0,0
0.52,0.84,0.01918,1,0,0
0.54,0.84,0.013156,1,0,0
0.56,0.84,0.04029,1,0,0
0.58,0.84,0.052367,1,0,0
0.6,0.84,0.063528,1,0,0
0.62,0.84,0.072321,1,0,0
0.64,0.84,0.076545,1,0,0
0.66,0.84,0.053907,1,0,0
0.68,0.84,0.04621,1,0,0
0.7,0.84,0.053086,1,0,0
0.72,0.84,0.032616,1,0,0
0.74,0.84,0.015767,1,0,0
0.76,0.84,0.0066414,1,0,0
0.78,0.84,-0.00026613,1,0,0
0.8,0.84,-0.005996,1,0,0
0.82,0.84,-0.032,1,0,0
0.84,0.84,-0.022414,1,0,0
0.86,0.84,-0.0033776,1,0,0
0.88,0.84,-0.0042625,1,0,0
0.9,0.84,0.0032359,1,0,0
0.92,0.84,0.011062,1,0,0
0.94,0.84,0.0015206,1,0,0
0.96,0.84,-0.013262,1,0,0
0.98,0.84,-0.015775,1,0,0
0.02,0.86,0.045459,1,0,0
0.04,0.86,0.041606,1,0,0
0.06,0.86,0.034298,1,0,0
0.08,0.86,0.036946,1,0,0
0.1,0.86,0.021379,1,0,0
0.12,0.86,0.011982,1,0,0
0.14,0.86,0.0043372,1,0,0
0.16,0.86,0.0038881,1,0,0
0.18,0.86,-1.6335e-05,1,0,0
0.2,0.86,0.0082872,1,0,0
0.22,0.86,0.011247,1,0,0
0.24,0.86,-0.011992,1,0,0
0.26,0.86,-0.01571,1,0,0
0.28,0.86,-0.025444,1,0,0
0.3,0.86,-0.02673,1,0,0
0.32,0.86,-0.031673,1,0,0
0.34,0.86,-0.017435,1,0,0
0.36,0.86,-0.012427,1,0,0
0.38,0.86,-0.0035207,1,0,0
0.4,0.86,0.016165,1,0,0
0.42,0.86,0.015521,1,0,0
0.44,0.86,0.013347,1,0,0
0.46,0.86,0.024887,1,0,0
0.48,0.86,0.015232,1,0,0
0.5,0.86,0.037414,1,0,0
0.52,0.86,0.043943,1,0,0
0.54,0.86,0.025499,1,0,0
0.56,0.86,0.034593,1,0,0
0.58,0.86,0.049786,1,0,0
0.6,0.86,0.064818,1,0,0
0.62,0.86,0.076031,1,0,0
0.64,0.86,0.070393,1,0,0
0.66,0.86,0.055417,1,0,0
0.68,0.86,0.043922,1,0,0
0.7,0.86,0.035189,1,0,0
0.72,0.86,0.020277,1,0,0
0.74,0.86,0.012731,1,0,0
0.76,0.86,0.0054467,1,0,0
0.78,0.86,-0.000448,1,0,0
0.8,0.86,-0.015223,1,0,0
0.82,0.86,-0.030583,1,0,0
0.84,0.86,-0.034195,1,0,0
0.86,0.86,-0.027484,1,0,0
0.88,0.86,-0.013237,1,0,0
0.9,0.86,-0.0076678,1,0,0
0.92,0.86,-0.017453,1,0,0
0.94,0.86,-0.013173,1,0,0
0.96,0.86,-0.02158,1,0,0
0.98,0.86,-0.01616,1,0,0
0.02,0.88,0.029894,1,0,0
0.04,0.88,0.02216,1,0,0
0.06,0.88,0.030908,1,0,0
0.08,0.88,0.027377,1,0,0
0.1,0.88,0.029865,1,0,0
0.12,0.88,0.0024122,1,0,0
0.14,0.88,0.0071634,1,0,0
0.16,0.88,0.014231,1,0,0
0.18,0.88,0.011279,1,0,0
0.2,0.88,0.013475,1,0,0
0.22,0.88,0.025079,1,0,0
0.24,0.88,0.0010722,1,0,0
0.26,0.88,-0.025474,1,0,0
0.28,0.88,-0.026827,1,0,0
0.3,0.88,-0.032709,1,0,0
0.32,0.88,-0.024458,1,0,0
0.34,0.88,-0.0076195,1,0,0
0.36,0.88,-0.024645,1,0,0
0.38,0.88,-0.0096577,1,0,0
0.4,0.88,0.0033381,1,0,0
0.42,0.88,-0.0038472,1,0,0
0.44,0.88,0.0064583,1,0,0
0.46,0.88,0.01475,1,0,0
0.48,0.88,0.018671,1,0,0
0.5,0.88,0.030779,1,0,0
0.52,0.88,0.044,1,0,0
0.54,0.88,0.046874,1,0,0
0.56,0.88,0.048695,1,0,0
0.58,0.88,0.068591,1,0,0
0.6,0.88,0.067612,1,0,0
0.62,0.88,0.068877,1,0,0
0.64,0.88,0.062874,1,0,0
0.66,0.88,0.04653,1,0,0
0.68,0.88,0.034335,1,0,0
0.7,0.88,0.021412,1,0,0
0.72,0.88,0.01511,1,0,0
0.74,0.88,0.018559,1,0,0
0.76,0.88,0.0047141,1,0,0
0.78,0.88,-0.02372,1,0,0
0.8,0.88,-0.040108,1,0,0
0.82,0.88,-0.027701,1,0,0
0.84,0.88,-0.032177,1,0,0
0.86,0.88,-0.026351,1,0,0
0.88,0.88,-0.029473,1,0,0
0.9,0.88,-0.020894,1,0,0
0.92,0.88,-0.028773,1,0,0
0.94,0.88,-0.019742,1,0,0
0.96,0.88,0.00051152,1,0,0
0.98,0.88,-0.0082598,1,0,0
0.02,0.9,0.036441,1,0,0
0.04,0.9,0.04361,1,0,0
0.06,0.9,0.025398,1,0,0
0.08,0.9,0.030858,1,0,0
0.1,0.9,0.03157,1,0,0
0.12,0.9,0.017256,1,0,0
0.14,0.9,0.0098834,1,0,0
0.16,0.9,0.017088,1,0,0
0.18,0.9,0.012977,1,0,0
0.2,0.9,0.016972,1,0,0
0.22,0.9,0.019171,1,0,0
0.24,0.9,0.011798,1,0,0
0.26,0.9,0.002063,1,0,0
0.28,0.9,-0.015645,1,0,0
0.3,0.9,-0.010932,1,0,0
0.32,0.9,-0.0096772,1,0,0
0.34,0.9,-0.0074136,1,0,0
0.36,0.9,-0.017402,1,0,0
0.38,0.9,-0.011574,1,0,0
0.4,0.9,-0.00018238,1,0,0
0.42,0.9,-0.014754,1,0,0
0.44,0.9,-0.0078635,1,0,0
0.46,0.9,0.0098855,1,0,0
0.48,0.9,0.016172,1,0,0
0.5,0.9,0.033067,1,0,0
0.52,0.9,0.061717,1,0,0
0.54,0.9,0.052973,1,0,0
0.56,0.9,0.071505,1,0,0
0.58,0.9,0.084438,1,0,0
0.6,0.9,0.083207,1,0,0
0.62,0.9,0.090273,1,0,0
0.64,0.9,0.094698,1,0,0
0.66,0.9,0.068942,1,0,0
0.68,0.9,0.034823,1,0,0
0.7,0.9,0.015325,1,0,0
0.72,0.9,0.00056238,1,0,0
0.74,0.9,0.00057094,1,0,0
0.76,0.9,-0.0015669,1,0,0
0.78,0.9,-0.018533,1,0,0
0.8,0.9,-0.038543,1,0,0
0.82,0.9,-0.029802,1,0,0
0.84,0.9,-0.012039,1,0,0
0.86,0.9,-0.01784,1,0,0
0.88,0.9,-0.018581,1,0,0
0.9,0.9,-0.019066,1,0,0
0.92,0.9,-0.019608,1,0,0
0.94,0.9,-0.0095907,1,0,0
0.96,0.9,-0.0012337,1,0,0
0.98,0.9,0.0053482,1,0,0
0.02,0.92,0.045787,1,0,0
0.04,0.92,0.034144,1,0,0
0.06,0.92,0.029699,1,0,0
0.08,0.92,0.027472,1,0,0
0.1,0.92,0.024646,1,0,0
0.12,0.92,0.015155,1,0,0
0.14,0.92,-0.003107,1,0,0
0.16,0.92,0.0092463,1,0,0
0.18,0.92,0.012966,1,0,0
0.2,0.92,0.03047,1,0,0
0.22,0.92,0.02888,1,0,0
0.24,0.92,0.00081544,1,0,0
0.26,0.92,-0.0074985,1,0,0
0.28,0.92,0.0050979,1,0,0
0.3,0.92,-0.016751,1,0,0
0.32,0.92,-0.0034991,1,0,0
0.34,0.92,-0.0060126,1,0,0
0.36,0.92,-0.014262,1,0,0
0.38,0.92,-0.03131,1,0,0
0.4,0.92,-0.0247,1,0,0
0.42,0.92,-0.036629,1,0,0
0.44,0.92,-0.028321,1,0,0
0.46,0.92,0.002918,1,0,0
0.48,0.92,0.024938,1,0,0
0.5,0.92,0.042504,1,0,0
0.52,0.92,0.04368,1,0,0
0.54,0.92,0.050761,1,0,0
0.56,0.92,0.074207,1,0,0
0.58,0.92,0.082903,1,0,0
0.6,0.92,0.10131,1,0,0
0.62,0.92,0.092078,1,0,0
0.64,0.92,0.091856,1,0,0
0.66,0.92,0.061147,1,0,0
0.68,0.92,0.043063,1,0,0
0.7,0.92,0.013965,1,0,0
0.72,0.92,-0.0097282,1,0,0
0.74,0.92,-0.017224,1,0,0
0.76,0.92,-0.011807,1,0,0
0.78,0.92,-0.023672,1,0,0
0.8,0.92,-0.020793,1,0,0
0.82,0.92,-0.027858,1,0,0
0.84,0.92,-0.017426,1,0,0
0.86,0.92,-0.0060023,1,0,0
0.88,0.92,-0.013605,1,0,0
0.9,0.92,-0.016486,1,0,0
0.92,0.92,-0.018676,1,0,0
0.94,0.92,0.0055102,1,0,0
0.96,0.92,0.00055073,1,0,0
0.98,0.92,-0.0017374,1,0,0
0.02,0.94,0.0481,1,0,0
0.04,0.94,0.040864,1,0,0
0.06,0.94,0.024363,1,0,0
0.08,0.94,-0.0035058,1,0,0
0.1,0.94,-0.004605,1,0,0
0.12,0.94,-0.0056478,1,0,0
0.14,0.94,-0.0012978,1,0,0
0.16,0.94,-0.0010308,1,0,0
0.18,0.94,0.013085,1,0,0
0.2,0.94,0.037881,1,0,0
0.22,0.94,0.018869,1,0,0
0.24,0.94,0.0056332,1,0,0
0.26,0.94,-0.014598,1,0,0
0.28,0.94,-0.012302,1,0,0
0.3,0.94,-0.024098,1,0,0
0.32,0.94,-0.021367,1,0,0
0.34,0.94,-0.029871,1,0,0
0.36,0.94,-0.025887,1,0,0
0.38,0.94,-0.039245,1,0,0
0.4,0.94,-0.039203,1,0,0
0.42,0.94,-0.054245,1,0,0
0.44,0.94,-0.036998,1,0,0
0.46,0.94,-0.017719,1,0,0
0.48,0.94,0.023036,1,0,0
0.5,0.94,0.036244,1,0,0
0.52,0.94,0.039879,1,0,0
0.54,0.94,0.030097,1,0,0
0.56,0.94,0.048674,1,0,0
0.58,0.94,0.071439,1,0,0
0.6,0.94,0.077468,1,0,0
0.62,0.94,0.074826,1,0,0
0.64,0.94,0.079318,1,0,0
0.66,0.94,0.055323,1,0,0
0.68,0.94,0.030347,1,0,0
0.7,0.94,0.00015703,1,0,0
0.72,0.94,-0.013587,1,0,0
0.74,0.94,-0.023562,1,0,0
0.76,0.94,-0.011249,1,0,0
0.78,0.94,-0.0046295,1,0,0
0.8,0.94,-0.016099,1,0,0
0.82,0.94,-0.026421,1,0,0
0.84,0.94,-0.029923,1,0,0
0.86,0.94,-0.016937,1,0,0
0.88,0.94,-0.016024,1,0,0
0.9,0.94,-0.01404,1,0,0
0.92,0.94,0.0038108,1,0,0
0.94,0.94,-0.0048933,1,0,0
0.96,0.94,-0.020597,1,0,0
0.98,0.94,-0.013524,1,0,0
0.02,0.96,0.043595,1,0,0
0.04,0.96,0.046534,1,0,0
0.06,0.96,0.032933,1,0,0
0.08,0.96,0.0099521,1,0,0
0.1,0.96,-0.011106,1,0,0
0.12,0.96,-0.011887,1,0,0
0.14,0.96,-0.0050092,1,0,0
0.16,0.96,0.0068152,1,0,0
0.18,0.96,0.0058694,1,0,0
0.2,0.96,0.025015,1,0,0
0.22,0.96,0.028541,1,0,0
0.24,0.96,0.018421,1,0,0
0.26,0.96,-0.0041532,1,0,0
0.28,0.96,-0.015636,1,0,0
0.3,0.96,-0.020425,1,0,0
0.32,0.96,-0.01944,1,0,0
0.34,0.96,-0.016508,1,0,0
0.36,0.96,-0.024327,1,0,0
0.38,0.96,-0.037318,1,0,0
0.4,0.96,-0.051627,1,0,0
0.42,0.96,-0.052963,1,0,0
0.44,0.96,-0.021966,1,0,0
0.46,0.96,-0.00038483,1,0,0
0.48,0.96,0.036101,1,0,0
0.5,0.96,0.031381,1,0,0
0.52,0.96,0.024318,1,0,0
0.54,0.96,0.025933,1,0,0
0.56,0.96,0.052632,1,0,0
0.58,0.96,0.065029,1,0,0
0.6,0.96,0.068965,1,0,0
0.62,0.96,0.069027,1,0,0
0.64,0.96,0.066014,1,0,0
0.66,0.96,0.062074,1,0,0
0.68,0.96,0.042196,1,0,0
0.7,0.96,0.0069548,1,0,0
0.72,0.96,-0.0050903,1,0,0
0.74,0.96,0.010244,1,0,0
0.76,0.96,0.0061882,1,0,0
0.78,0.96,-0.0042801,1,0,0
0.8,0.96,-0.0043221,1,0,0
0.82,0.96,-0.0052606,1,0,0
0.84,0.96,-0.0049143,1,0,0
0.86,0.96,0.0009104,1,0,0
0.88,0.96,-0.0049624,1,0,0
0.9,0.96,-0.0095511,1,0,0
0.92,0.96,0.0055761,1,0,0
0.94,0.96,0.0028354,1,0,0
0.96,0.96,-0.0083617,1,0,0
0.98,0.96,-0.008056,1,0,0
0.02,0.98,0.065196,1,0,0
0.04,0.98,0.053246,1,0,0
0.06,0.98,0.034329,1,0,0
0.08,0.98,0.014635,1,0,0
0.1,0.98,0.0020602,1,0,0
0.12,0.98,-0.0042777,1,0,0
0.14,0.98,-0.013345,1,0,0
0.16,0.98,-0.0092384,1,0,0
0.18,0.98,0.0012923,1,0,0
0.2,0.98,0.011289,1,0,0
0.22,0.98,0.021098,1,0,0
0.24,0.98,0.026479,1,0,0
0.26,0.98,0.018778,1,0,0
0.28,0.98,-0.0012566,1,0,0
0.3,0.98,-0.011614,1,0,0
0.32,0.98,-0.015951,1,0,0
0.34,0.98,-0.037292,1,0,0
0.36,0.98,-0.026253,1,0,0
0.38,0.98,-0.028756,1,0,0
0.4,0.98,-0.037113,1,0,0
0.42,0.98,-0.033183,1,0,0
0.44,0.98,-0.026735,1,0,0
0.46,0.98,-0.0018526,1,0,0
0.48,0.98,0.015544,1,0,0
0.5,0.98,0.02545,1,0,0
0.52,0.98,0.013065,1,0,0
0.54,0.98,0.025191,1,0,0
0.56,0.98,0.038209,1,0,0
0.58,0.98,0.047411,1,0,0
0.6,0.98,0.060401,1,0,0
0.62,0.98,0.062437,1,0,0
0.64,0.98,0.061684,1,0,0
0.66,0.98,0.059223,1,0,0
0.68,0.98,0.044147,1,0,0
0.7,0.98,0.020567,1,0,0
0.72,0.98,-0.0035744,1,0,0
0.74,0.98,0.013416,1,0,0
0.76,0.98,0.013508,1,0,0
0.78,0.98,0.0032644,1,0,0
0.8,0.98,0.0078324,1,0,0
0.82,0.98,0.0050961,1,0,0
0.84,0.98,0.0063613,1,0,0
0.86,0.98,0.023724,1,0,0
0.88,0.98,0.012723,1,0,0
0.9,0.98,0.010753,1,0,0
0.92,0.98,0.0083634,1,0,0
0.94,0.98,0.003278,1,0,0
0.96,0.98,-0.021879,1,0,0
0.98,0.98,-0.0074066,1,0,0
0,0,0.002491,-1,0,0
0.02,0,0.002491,-1,0,0
0.04,0,-0.0037766,-1,0,0
0.06,0,-0.0071753,-1,0,0
0.08,0,0.0045229,-1,0,0
0.1,0,-0.0062781,-1,0,0
0.12,0,-0.005329,-1,0,0
0.14,0,-0.012541,-1,0,0
0.16,0,0.0029458,-1,0,0
0.18,0,0.0065608,-1,0,0
0.2,0,0.0091156,-1,0,0
0.22,0,0.022352,-1,0,0
0.24,0,0.020437,-1,0,0
0.26,0,0.020092,-1,0,0
0.28,0,0.024394,-1,0,0
0.3,0,0.031783,-1,0,0
0.32,0,0.041954,-1,0,0
0.34,0,0.03198,-1,0,0
0.36,0,0.0021694,-1,0,0
0.38,0,-0.00029513,-1,0,0
0.4,0,-0.0060383,-1,0,0
0.42,0,-0.018421,-1,0,0
0.44,0,-0.030393,-1,0,0
0.46,0,-0.027271,-1,0,0
0.48,0,-0.0092059,-1,0,0
0.5,0,0.013847,-1,0,0
0.52,0,0.020258,-1,0,0
0.54,0,0.020266,-1,0,0
0.56,0,0.0081126,-1,0,0
0.58,0,0.0072801,-1,0,0
0.6,0,0.0095039,-1,0,0
0.62,0,0.0078016,-1,0,0
0.64,0,-0.012251,-1,0,0
0.66,0,-0.029127,-1,0,0
0.68,0,-0.03779,-1,0,0
0.7,0,-0.033462,-1,0,0
0.72,0,-0.038807,-1,0,0
0.74,0,-0.007419,-1,0,0
0.76,0,-0.0019549,-1,0,0
0.78,0,-0.00052615,-1,0,0
0.8,0,0.018553,-1,0,0
0.82,0,0.029399,-1,0,0
0.84,0,0.032391,-1,0,0
0.86,0,0.049522,-1,0,0
0.88,0,0.072023,-1,0,0
0.9,0,0.080837,-1,0,0
0.92,0,0.087121,-1,0,0
0.94,0,0.088303,-1,0,0
0.96,0,0.091337,-1,0,0
0.98,0,0.089458,-1,0,0
1,0,0.08124,-1,0,0
1,0.02,0.095903,-1,0,0
1,0.04,0.12608,-1,0,0
1,0.06,0.13981,-1,0,0
1,0.08,0.12656,-1,0,0
1,0.1,0.1078,-1,0,0
1,0.12,0.096072,-1,0,0
1,0.14,0.081659,-1,0,0
1,0.16,0.041346,-1,0,0
1,0.18,0.021359,-1,0,0
1,0.2,0.039199,-1,0,0
1,0.22,0.057594,-1,0,0
1,0.24,0.054539,-1,0,0
1,0.26,0.03142,-1,0,0
1,0.28,0.008987,-1,0,0
1,0.3,-0.0042311,-1,0,0
1,0.32,-0.0080172,-1,0,0
1,0.34,0.0025119,-1,0,0
1,0.36,-0.0019958,-1,0,0
1,0.38,-0.0053125,-1,0,0
1,0.4,-0.0157,-1,0,0
1,0.42,-0.0045801,-1,0,0
1,0.44,-0.0010256,-1,0,0
1,0.46,0.006329,-1,0,0
1,0.48,0.027035,-1,0,0
1,0.5,0.038274,-1,0,0
1,0.52,0.035104,-1,0,0
1,0.54,0.044417,-1,0,0
1,0.56,0.054783,-1,0,0
1,0.58,0.064451,-1,0,0
1,0.6,0.066913,-1,0,0
1,0.62,0.077778,-1,0,0
1,0.64,0.089307,-1,0,0
1,0.66,0.093055,-1,0,0
1,0.68,0.079107,-1,0,0
1,0.7,0.05619,-1,0,0
1,0.72,0.054348,-1,0,0
1,0.74,0.051186,-1,0,0
1,0.76,0.031855,-1,0,0
1,0.78,0.02936,-1,0,0
1,0.8,0.0060463,-1,0,0
1,0.82,-0.0081393,-1,0,0
1,0.84,-0.011766,-1,0,0
1,0.86,-0.0065456,-1,0,0
1,0.88,-0.004112,-1,0,0
1,0.9,0.011143,-1,0,0
1,0.92,0.010295,-1,0,0
1,0.94,-0.0012054,-1,0,0
1,0.96,-0.0072918,-1,0,0
1,0.98,-0.003747,-1,0,0
1,1,-0.0034715,-1,0,0
0.98,1,-0.00040175,-1,0,0
0.96,1,-0.0012533,-1,0,0
0.94,1,0.0048295,-1,0,0
0.92,1,0.020417,-1,0,0
0.9,1,0.016782,-1,0,0
0.88,1,0.027413,-1,0,0
0.86,1,0.034438,-1,0,0
0.84,1,0.019576,-1,0,0
0.82,1,0.0087013,-1,0,0
0.8,1,0.008631,-1,0,0
0.78,1,0.018498,-1,0,0
0.76,1,0.013628,-1,0,0
0.74,1,0.026238,-1,0,0
0.72,1,0.018701,-1,0,0
0.7,1,0.032662,-1,0,0
0.68,1,0.03746,-1,0,0
0.66,1,0.041149,-1,0,0
0.64,1,0.040255,-1,0,0
0.62,1,0.065474,-1,0,0
0.6,1,0.061922,-1,0,0
0.58,1,0.060686,-1,0,0
0.56,1,0.047041,-1,0,0
0.54,1,0.030251,-1,0,0
0.52,1,0.015842,-1,0,0
0.5,1,0.013862,-1,0,0
0.48,1,-0.0016971,-1,0,0
0.46,1,-0.01549,-1,0,0
0.44,1,-0.019891,-1,0,0
0.42,1,-0.025801,-1,0,0
0.4,1,-0.019662,-1,0,0
0.38,1,-0.014444,-1,0,0
0.36,1,-0.018118,-1,0,0
0.34,1,-0.018367,-1,0,0
0.32,1,-0.005668,-1,0,0
0.3,1,0.0044003,-1,0,0
0.28,1,0.002825,-1,0,0
0.26,1,0.017068,-1,0,0
0.24,1,0.025519,-1,0,0
0.22,1,0.024011,-1,0,0
0.2,1,0.014532,-1,0,0
0.18,1,0.0041658,-1,0,0
0.16,1,-0.018573,-1,0,0
0.14,1,-0.022644,-1,0,0
0.12,1,0.0043124,-1,0,0
0.1,1,0.021086,-1,0,0
0.08,1,0.020473,-1,0,0
0.06,1,0.03168,-1,0,0
0.04,1,0.052587,-1,0,0
0.02,1,0.055019,-1,0,0
0,1,0.07161,-1,0,0
0,0.98,0.062412,-1,0,0
0,0.96,0.057663,-1,0,0
0,0.94,0.057958,-1,0,0
0,0.92,0.042188,-1,0,0
0,0.9,0.043706,-1,0,0
0,0.88,0.047842,-1,0,0
0,0.86,0.059542,-1,0,0
0,0.84,0.062764,-1,0,0
0,0.82,0.06388,-1,0,0
0,0.8,0.049775,-1,0,0
0,0.78,0.047182,-1,0,0
0,0.76,0.042743,-1,0,0
0,0.74,0.056223,-1,0,0
0,0.72,0.041708,-1,0,0
0,0.7,0.040306,-1,0,0
0,0.68,0.032856,-1,0,0
0,0.66,0.038372,-1,0,0
0,0.64,0.043766,-1,0,0
0,0.62,0.032539,-1,0,0
0,0.6,0.0047732,-1,0,0
0,0.58,0.0051674,-1,0,0
0,0.56,-0.0055402,-1,0,0
0,0.54,-0.023522,-1,0,0
0,0.52,-0.035656,-1,0,0
0,0.5,-0.03209,-1,0,0
0,0.48,-0.019284,-1,0,0
0,0.46,-0.0096663,-1,0,0
0,0.44,0.0033311,-1,0,0
0,0.42,-0.0037529,-1,0,0
0,0.4,-0.0038187,-1,0,0
0,0.38,0.012906,-1,0,0
0,0.36,0.020022,-1,0,0
0,0.34,0.022956,-1,0,0
0,0.32,0.02119,-1,0,0
0,0.3,0.028279,-1,0,0
0,0.28,0.042071,-1,0,0
0,0.26,0.032006,-1,0,0
0,0.24,0.01832,-1,0,0
0,0.22,0.037087,-1,0,0
0,0.2,0.041022,-1,0,0
0,0.18,0.033609,-1,0,0
0,0.16,0.043671,-1,0,0
0,0.14,0.049523,-1,0,0
0,0.12,0.031683,-1,0,0
0,0.1,0.028124,-1,0,0
0,0.08,0.035388,-1,0,0
0,0.06,0.023613,-1,0,0
0,0.04,0.031585,-1,0,0
0,0.02,0.02869,-1,0,0
