0.02,0.02,-0.10404,1,0,0
0.04,0.02,-0.093583,1,0,0
0.06,0.02,-0.10475,1,0,0
0.08,0.02,-0.07519,1,0,0
0.1,0.02,-0.09397,1,0,0
0.12,0.02,-0.055039,1,0,0
0.14,0.02,-0.012726,1,0,0
0.16,0.02,-0.050627,1,0,0
0.18,0.02,-0.023234,1,0,0
0.2,0.02,-0.074865,1,0,0
0.22,0.02,-0.058523,1,0,0
0.24,0.02,-0.043844,1,0,0
0.26,0.02,-0.061509,1,0,0
0.28,0.02,-0.039422,1,0,0
0.3,0.02,-0.044564,1,0,0
0.32,0.02,-0.091701,1,0,0
0.34,0.02,-0.029422,1,0,0
0.36,0.02,-0.094505,1,0,0
0.38,0.02,-0.041887,1,0,0
0.4,0.02,-0.036208,1,0,0
0.42,0.02,-0.062859,1,0,0
0.44,0.02,-0.095614,1,0,0
0.46,0.02,-0.094042,1,0,0
0.48,0.02,-0.055383,1,0,0
0.5,0.02,-0.10013,1,0,0
0.52,0.02,-0.055925,1,0,0
0.54,0.02,-0.057318,1,0,0
0.56,0.02,-0.042626,1,0,0
0.58,0.02,-0.045644,1,0,0
0.6,0.02,-0.056488,1,0,0
0.62,0.02,-0.037613,1,0,0
0.64,0.02,-0.017429,1,0,0
0.66,0.02,-0.063915,1,0,0
0.68,0.02,-0.022747,1,0,0
0.7,0.02,-0.06403,1,0,0
0.72,0.02,-0.037644,1,0,0
0.74,0.02,-0.061706,1,0,0
0.76,0.02,0.0028026,1,0,0
0.78,0.02,-0.040388,1,0,0
0.8,0.02,-0.08668,1,0,0
0.82,0.02,-0.028857,1,0,0
0.84,0.02,-0.03598,1,0,0
0.86,0.02,-0.032945,1,0,0
0.88,0.02,-0.029806,1,0,0
0.9,0.02,-0.065112,1,0,0
0.92,0.02,0.004751,1,0,0
0.94,0.02,-0.066943,1,0,0
0.96,0.02,-0.074354,1,0,0
0.98,0.02,-0.057231,1,0,0
0.02,0.04,-0.13223,1,0,0
0.04,0.04,-0.05644,1,0,0
0.06,0.04,-0.073224,1,0,0
0.08,0.04,-0.084654,1,0,0
0.1,0.04,-0.048581,1,0,0
0.12,0.04,-0.00032673,1,0,0
0.14,0.04,-0.012735,1,0,0
0.16,0.04,-0.018835,1,0,0
0.18,0.04,-0.021507,1,0,0
0.2,0.04,-0.072808,1,0,0
0.22,0.04,-0.002062,1,0,0
0.24,0.04,-0.034276,1,0,0
0.26,0.04,-0.034243,1,0,0
0.28,0.04,-0.01029,1,0,0
0.3,0.04,-0.081281,1,0,0
0.32,0.04,-0.03413,1,0,0
0.34,0.04,-0.018732,1,0,0
0.36,0.04,-0.079927,1,0,0
0.38,0.04,-0.041024,1,0,0
0.4,0.04,-0.055618,1,0,0
0.42,0.04,-0.075427,1,0,0
0.44,0.04,-0.095334,1,0,0
0.46,0.04,-0.041021,1,0,0
0.48,0.04,-0.0057941,1,0,0
0.5,0.04,-0.092203,1,0,0
0.52,0.04,-0.060835,1,0,0
0.54,0.04,-0.039803,1,0,0
0.56,0.04,-0.033256,1,0,0
0.58,0.04,-0.078538,1,0,0
0.6,0.04,-0.062108,1,0,0
0.62,0.04,-0.092883,1,0,0
0.64,0.04,-0.017481,1,0,0
0.66,0.04,-0.038952,1,0,0
0.68,0.04,-0.014534,1,0,0
0.7,0.04,-0.060253,1,0,0
0.72,0.04,-0.011199,1,0,0
0.74,0.04,-0.054803,1,0,0
0.76,0.04,-0.02692,1,0,0
0.78,0.04,-0.015343,1,0,0
0.8,0.04,-0.059748,1,0,0
0.82,0.04,-0.050566,1,0,0
0.84,0.04,-0.036202,1,0,0
0.86,0.04,-0.02722,1,0,0
0.88,0.04,-0.04956,1,0,0
0.9,0.04,-0.035061,1,0,0
0.92,0.04,-0.056199,1,0,0
0.94,0.04,-0.050502,1,0,0
0.96,0.04,-0.026158,1,0,0
0.98,0.04,-0.067066,1,0,0
0.02,0.06,-0.094003,1,0,0
0.04,0.06,-0.096558,1,0,0
0.06,0.06,-0.13615,1,0,0
0.08,0.06,-0.10711,1,0,0
0.1,0.06,-0.046496,1,0,0
0.12,0.06,-0.039331,1,0,0
0.14,0.06,-0.04484,1,0,0
0.16,0.06,-0.08204,1,0,0
0.18,0.06,-0.0037936,1,0,0
0.2,0.06,-0.059816,1,0,0
0.22,0.06,-0.047316,1,0,0
0.24,0.06,-0.030402,1,0,0
0.26,0.06,-0.046584,1,0,0
0.28,0.06,-0.066355,1,0,0
0.3,0.06,-0.062736,1,0,0
0.32,0.06,-0.048558,1,0,0
0.34,0.06,-0.013655,1,0,0
0.36,0.06,-0.087711,1,0,0
0.38,0.06,-0.063707,1,0,0
0.4,0.06,-0.0057237,1,0,0
0.42,0.06,-0.071513,1,0,0
0.44,0.06,-0.13678,1,0,0
0.46,0.06,-0.10088,1,0,0
0.48,0.06,-0.068206,1,0,0
0.5,0.06,-0.13047,1,0,0
0.52,0.06,-0.023353,1,0,0
0.54,0.06,-0.064034,1,0,0
0.56,0.06,-0.092181,1,0,0
0.58,0.06,-0.07563,1,0,0
0.6,0.06,-0.062399,1,0,0
0.62,0.06,-0.046536,1,0,0
0.64,0.06,-0.10257,1,0,0
0.66,0.06,-0.0095187,1,0,0
0.68,0.06,0.0036873,1,0,0
0.7,0.06,-0.084335,1,0,0
0.72,0.06,-0.066876,1,0,0
0.74,0.06,-0.074896,1,0,0
0.76,0.06,-0.052941,1,0,0
0.78,0.06,-0.026128,1,0,0
0.8,0.06,-0.033738,1,0,0
0.82,0.06,-0.04966,1,0,0
0.84,0.06,-0.11571,1,0,0
0.86,0.06,-0.10528,1,0,0
0.88,0.06,-0.096857,1,0,0
0.9,0.06,-0.06294,1,0,0
0.92,0.06,-0.033712,1,0,0
0.94,0.06,-0.046819,1,0,0
0.96,0.06,-0.10222,1,0,0
0.98,0.06,-0.098306,1,0,0
0.02,0.08,-0.11522,1,0,0
0.04,0.08,-0.073238,1,0,0
0.06,0.08,-0.034259,1,0,0
0.08,0.08,-0.090802,1,0,0
0.1,0.08,-0.017003,1,0,0
0.12,0.08,-0.031534,1,0,0
0.14,0.08,-0.057024,1,0,0
0.16,0.08,-0.013305,1,0,0
0.18,0.08,-0.034222,1,0,0
0.2,0.08,-0.06408,1,0,0
0.22,0.08,0.018242,1,0,0
0.24,0.08,0.006042,1,0,0
0.26,0.08,-0.071776,1,0,0
0.28,0.08,-0.01113,1,0,0
0.3,0.08,-0.102,1,0,0
0.32,0.08,-0.074458,1,0,0
0.34,0.08,0.0031826,1,0,0
0.36,0.08,-0.016991,1,0,0
0.38,0.08,-0.0056632,1,0,0
0.4,0.08,-0.077529,1,0,0
0.42,0.08,-0.050446,1,0,0
0.44,0.08,-0.041362,1,0,0
0.46,0.08,-0.094489,1,0,0
0.48,0.08,-0.057481,1,0,0
0.5,0.08,-0.046463,1,0,0
0.52,0.08,-0.064586,1,0,0
0.54,0.08,-0.051936,1,0,0
0.56,0.08,-0.039992,1,0,0
0.58,0.08,-0.071355,1,0,0
0.6,0.08,-0.060482,1,0,0
0.62,0.08,-0.031967,1,0,0
0.64,0.08,-0.025981,1,0,0
0.66,0.08,-0.072785,1,0,0
0.68,0.08,-0.038587,1,0,0
0.7,0.08,-0.071433,1,0,0
0.72,0.08,-0.025121,1,0,0
0.74,0.08,-0.090099,1,0,0
0.76,0.08,0.0044233,1,0,0
0.78,0.08,0.029793,1,0,0
0.8,0.08,-0.044602,1,0,0
0.82,0.08,-0.0089929,1,0,0
0.84,0.08,-0.0046209,1,0,0
0.86,0.08,-0.046947,1,0,0
0.88,0.08,-0.054644,1,0,0
0.9,0.08,-0.051317,1,0,0
0.92,0.08,0.0014352,1,0,0
0.94,0.08,-0.062497,1,0,0
0.96,0.08,-0.050402,1,0,0
0.98,0.08,-0.10396,1,0,0
0.02,0.1,-0.10309,1,0,0
0.04,0.1,-0.041369,1,0,0
0.06,0.1,-0.056494,1,0,0
0.08,0.1,-0.069221,1,0,0
0.1,0.1,-0.050653,1,0,0
0.12,0.1,-0.064592,1,0,0
0.14,0.1,-0.048266,1,0,0
0.16,0.1,-0.02952,1,0,0
0.18,0.1,-0.010771,1,0,0
0.2,0.1,-0.071807,1,0,0
0.22,0.1,0.0055905,1,0,0
0.24,0.1,0.0011215,1,0,0
0.26,0.1,-0.027552,1,0,0
0.28,0.1,-0.050729,1,0,0
0.3,0.1,-0.022219,1,0,0
0.32,0.1,-0.061461,1,0,0
0.34,0.1,-0.060151,1,0,0
0.36,0.1,-0.026265,1,0,0
0.38,0.1,-0.03092,1,0,0
0.4,0.1,-0.037291,1,0,0
0.42,0.1,-0.055266,1,0,0
0.44,0.1,-0.088461,1,0,0
0.46,0.1,-0.073882,1,0,0
0.48,0.1,-0.072439,1,0,0
0.5,0.1,-0.081399,1,0,0
0.52,0.1,-0.026616,1,0,0
0.54,0.1,-0.086763,1,0,0
0.56,0.1,-0.11527,1,0,0
0.58,0.1,-0.082556,1,0,0
0.6,0.1,-0.10705,1,0,0
0.62,0.1,-0.093005,1,0,0
0.64,0.1,-0.023165,1,0,0
0.66,0.1,-0.030108,1,0,0
0.68,0.1,-0.063653,1,0,0
0.7,0.1,-0.059998,1,0,0
0.72,0.1,-0.065096,1,0,0
0.74,0.1,-0.062998,1,0,0
0.76,0.1,-0.063909,1,0,0
0.78,0.1,-0.032926,1,0,0
0.8,0.1,-0.059652,1,0,0
0.82,0.1,-0.047067,1,0,0
0.84,0.1,-0.050303,1,0,0
0.86,0.1,-0.097093,1,0,0
0.88,0.1,-0.052976,1,0,0
0.9,0.1,-0.053234,1,0,0
0.92,0.1,3.8009e-05,1,0,0
0.94,0.1,-0.10632,1,0,0
0.96,0.1,-0.061005,1,0,0
0.98,0.1,-0.084676,1,0,0
0.02,0.12,-0.17609,1,0,0
0.04,0.12,-0.10234,1,0,0
0.06,0.12,-0.070258,1,0,0
0.08,0.12,-0.062611,1,0,0
0.1,0.12,-0.011529,1,0,0
0.12,0.12,-0.019884,1,0,0
0.14,0.12,-0.025369,1,0,0
0.16,0.12,-0.050969,1,0,0
0.18,0.12,-0.033042,1,0,0
0.2,0.12,-0.081602,1,0,0
0.22,0.12,-0.030886,1,0,0
0.24,0.12,-0.11008,1,0,0
0.26,0.12,-0.090694,1,0,0
0.28,0.12,-0.11718,1,0,0
0.3,0.12,-0.072021,1,0,0
0.32,0.12,-0.059138,1,0,0
0.34,0.12,-0.052129,1,0,0
0.36,0.12,-0.031463,1,0,0
0.38,0.12,0.0073004,1,0,0
0.4,0.12,-0.041277,1,0,0
0.42,0.12,-0.048371,1,0,0
0.44,0.12,-0.10906,1,0,0
0.46,0.12,-0.11146,1,0,0
0.48,0.12,-0.064345,1,0,0
0.5,0.12,-0.045953,1,0,0
0.52,0.12,-0.018124,1,0,0
0.54,0.12,-0.10368,1,0,0
0.56,0.12,-0.072933,1,0,0
0.58,0.12,-0.095885,1,0,0
0.6,0.12,-0.086768,1,0,0
0.62,0.12,-0.12662,1,0,0
0.64,0.12,-0.048251,1,0,0
0.66,0.12,-0.10762,1,0,0
0.68,0.12,-0.087693,1,0,0
0.7,0.12,-0.044095,1,0,0
0.72,0.12,-0.046576,1,0,0
0.74,0.12,-0.04196,1,0,0
0.76,0.12,-0.070389,1,0,0
0.78,0.12,-0.012463,1,0,0
0.8,0.12,-0.048296,1,0,0
0.82,0.12,-0.052755,1,0,0
0.84,0.12,-0.048338,1,0,0
0.86,0.12,-0.098031,1,0,0
0.88,0.12,-0.078188,1,0,0
0.9,0.12,-0.084354,1,0,0
0.92,0.12,-0.058678,1,0,0
0.94,0.12,-0.08616,1,0,0
0.96,0.12,-0.067423,1,0,0
0.98,0.12,-0.088189,1,0,0
0.02,0.14,-0.097038,1,0,0
0.04,0.14,-0.10937,1,0,0
0.06,0.14,-0.045505,1,0,0
0.08,0.14,-0.074843,1,0,0
0.1,0.14,-0.019262,1,0,0
0.12,0.14,-0.012099,1,0,0
0.14,0.14,-0.021194,1,0,0
0.16,0.14,-0.035367,1,0,0
0.18,0.14,-0.041055,1,0,0
0.2,0.14,-0.042778,1,0,0
0.22,0.14,-0.14425,1,0,0
0.24,0.14,-0.089279,1,0,0
0.26,0.14,-0.06906,1,0,0
0.28,0.14,-0.067939,1,0,0
0.3,0.14,-0.072641,1,0,0
0.32,0.14,-0.053471,1,0,0
0.34,0.14,-0.012844,1,0,0
0.36,0.14,-0.065378,1,0,0
0.38,0.14,-0.038692,1,0,0
0.4,0.14,-0.088486,1,0,0
0.42,0.14,-0.047556,1,0,0
0.44,0.14,-0.12104,1,0,0
0.46,0.14,-0.12904,1,0,0
0.48,0.14,-0.079608,1,0,0
0.5,0.14,-0.044556,1,0,0
0.52,0.14,-0.026104,1,0,0
0.54,0.14,-0.065184,1,0,0
0.56,0.14,-0.080385,1,0,0
0.58,0.14,-0.089107,1,0,0
0.6,0.14,-0.13122,1,0,0
0.62,0.14,-0.11758,1,0,0
0.64,0.14,-0.092711,1,0,0
0.66,0.14,-0.13991,1,0,0
0.68,0.14,-0.093029,1,0,0
0.7,0.14,-0.094733,1,0,0
0.72,0.14,-0.097636,1,0,0
0.74,0.14,-0.066112,1,0,0
0.76,0.14,-0.076973,1,0,0
0.78,0.14,-0.06687,1,0,0
0.8,0.14,-0.048079,1,0,0
0.82,0.14,-0.0077614,1,0,0
0.84,0.14,-0.074446,1,0,0
0.86,0.14,-0.061332,1,0,0
0.88,0.14,-0.076176,1,0,0
0.9,0.14,-0.11111,1,0,0
0.92,0.14,-0.05587,1,0,0
0.94,0.14,-0.054991,1,0,0
0.96,0.14,-0.076653,1,0,0
0.98,0.14,-0.07013,1,0,0
0.02,0.16,-0.12265,1,0,0
0.04,0.16,-0.064704,1,0,0
0.06,0.16,-0.030743,1,0,0
0.08,0.16,-0.056085,1,0,0
0.1,0.16,-0.060533,1,0,0
0.12,0.16,-0.041531,1,0,0
0.14,0.16,-0.053972,1,0,0
0.16,0.16,-0.080506,1,0,0
0.18,0.16,-0.036564,1,0,0
0.2,0.16,-0.046564,1,0,0
0.22,0.16,-0.057737,1,0,0
0.24,0.16,-0.07831,1,0,0
0.26,0.16,-0.042574,1,0,0
0.28,0.16,-0.067407,1,0,0
0.3,0.16,-0.057719,1,0,0
0.32,0.16,0.010811,1,0,0
0.34,0.16,-0.036859,1,0,0
0.36,0.16,-0.075169,1,0,0
0.38,0.16,-0.06311,1,0,0
0.4,0.16,-0.074164,1,0,0
0.42,0.16,-0.13912,1,0,0
0.44,0.16,-0.12131,1,0,0
0.46,0.16,-0.056702,1,0,0
0.48,0.16,-0.021105,1,0,0
0.5,0.16,-0.042429,1,0,0
0.52,0.16,-0.031322,1,0,0
0.54,0.16,-0.039316,1,0,0
0.56,0.16,-0.15683,1,0,0
0.58,0.16,-0.09904,1,0,0
0.6,0.16,-0.074061,1,0,0
0.62,0.16,-0.067416,1,0,0
0.64,0.16,-0.11171,1,0,0
0.66,0.16,-0.090908,1,0,0
0.68,0.16,-0.11205,1,0,0
0.7,0.16,-0.11724,1,0,0
0.72,0.16,-0.13822,1,0,0
0.74,0.16,-0.044257,1,0,0
0.76,0.16,-0.10215,1,0,0
0.78,0.16,-0.10597,1,0,0
0.8,0.16,-0.091556,1,0,0
0.82,0.16,-0.035642,1,0,0
0.84,0.16,-0.11624,1,0,0
0.86,0.16,-0.016854,1,0,0
0.88,0.16,0.017507,1,0,0
0.9,0.16,-0.10017,1,0,0
0.92,0.16,-0.0309,1,0,0
0.94,0.16,-0.036569,1,0,0
0.96,0.16,-0.088651,1,0,0
0.98,0.16,-0.096945,1,0,0
0.02,0.18,-0.059973,1,0,0
0.04,0.18,-0.0448,1,0,0
0.06,0.18,-0.025783,1,0,0
0.08,0.18,-0.064323,1,0,0
0.1,0.18,-0.10809,1,0,0
0.12,0.18,-0.041934,1,0,0
0.14,0.18,-0.006947,1,0,0
0.16,0.18,-0.030716,1,0,0
0.18,0.18,-0.034033,1,0,0
0.2,0.18,-0.018816,1,0,0
0.22,0.18,-0.039225,1,0,0
0.24,0.18,-0.064591,1,0,0
0.26,0.18,-0.039152,1,0,0
0.28,0.18,-0.059849,1,0,0
0.3,0.18,-0.063569,1,0,0
0.32,0.18,-0.014714,1,0,0
0.34,0.18,-0.040891,1,0,0
0.36,0.18,-0.028296,1,0,0
0.38,0.18,-0.059212,1,0,0
0.4,0.18,-0.075718,1,0,0
0.42,0.18,-0.061427,1,0,0
0.44,0.18,-0.087238,1,0,0
0.46,0.18,-0.05146,1,0,0
0.48,0.18,-0.026661,1,0,0
0.5,0.18,-0.046559,1,0,0
0.52,0.18,-0.065324,1,0,0
0.54,0.18,-0.03742,1,0,0
0.56,0.18,-0.068161,1,0,0
0.58,0.18,-0.027125,1,0,0
0.6,0.18,-0.095048,1,0,0
0.62,0.18,-0.087052,1,0,0
0.64,0.18,-0.034803,1,0,0
0.66,0.18,-0.085491,1,0,0
0.68,0.18,-0.089056,1,0,0
0.7,0.18,-0.090798,1,0,0
0.72,0.18,-0.14607,1,0,0
0.74,0.18,-0.034697,1,0,0
0.76,0.18,-0.029297,1,0,0
0.78,0.18,-0.060737,1,0,0
0.8,0.18,-0.060654,1,0,0
0.82,0.18,-0.037181,1,0,0
0.84,0.18,-0.088892,1,0,0
0.86,0.18,-0.039793,1,0,0
0.88,0.18,-0.032969,1,0,0
0.9,0.18,-0.025321,1,0,0
0.92,0.18,-0.015563,1,0,0
0.94,0.18,-0.0158,1,0,0
0.96,0.18,-0.048909,1,0,0
0.98,0.18,-0.062877,1,0,0
0.02,0.2,-0.045372,1,0,0
0.04,0.2,-0.12822,1,0,0
0.06,0.2,-0.077096,1,0,0
0.08,0.2,-0.064603,1,0,0
0.1,0.2,-0.010434,1,0,0
0.12,0.2,0.024162,1,0,0
0.14,0.2,0.071817,1,0,0
0.16,0.2,-0.027393,1,0,0
0.18,0.2,-0.009569,1,0,0
0.2,0.2,0.040927,1,0,0
0.22,0.2,-0.0027886,1,0,0
0.24,0.2,0.015999,1,0,0
0.26,0.2,-0.031996,1,0,0
0.28,0.2,-0.011091,1,0,0
0.3,0.2,-0.007972,1,0,0
0.32,0.2,0.027047,1,0,0
0.34,0.2,0.006734,1,0,0
0.36,0.2,-0.041751,1,0,0
0.38,0.2,-0.025638,1,0,0
0.4,0.2,-0.046029,1,0,0
0.42,0.2,-0.046004,1,0,0
0.44,0.2,-0.077836,1,0,0
0.46,0.2,-0.03735,1,0,0
0.48,0.2,-0.056252,1,0,0
0.5,0.2,0.00079133,1,0,0
0.52,0.2,-0.048785,1,0,0
0.54,0.2,-0.021258,1,0,0
0.56,0.2,-0.036052,1,0,0
0.58,0.2,0.014112,1,0,0
0.6,0.2,-0.075742,1,0,0
0.62,0.2,-0.07846,1,0,0
0.64,0.2,-0.09999,1,0,0
0.66,0.2,-0.13184,1,0,0
0.68,0.2,-0.070225,1,0,0
0.7,0.2,-0.047588,1,0,0
0.72,0.2,-0.050709,1,0,0
0.74,0.2,0.0047819,1,0,0
0.76,0.2,0.0013041,1,0,0
0.78,0.2,-0.019638,1,0,0
0.8,0.2,-0.073774,1,0,0
0.82,0.2,-0.03807,1,0,0
0.84,0.2,-0.065782,1,0,0
0.86,0.2,-0.060022,1,0,0
0.88,0.2,-0.022037,1,0,0
0.9,0.2,-0.013442,1,0,0
0.92,0.2,0.026314,1,0,0
0.94,0.2,0.028089,1,0,0
0.96,0.2,-0.040326,1,0,0
0.98,0.2,-0.0015627,1,0,0
0.02,0.22,-0.060132,1,0,0
0.04,0.22,-0.058494,1,0,0
0.06,0.22,-0.064316,1,0,0
0.08,0.22,-0.12268,1,0,0
0.1,0.22,-0.065557,1,0,0
0.12,0.22,-0.0445,1,0,0
0.14,0.22,-0.02846,1,0,0
0.16,0.22,-0.05752,1,0,0
0.18,0.22,-0.030704,1,0,0
0.2,0.22,-0.058858,1,0,0
0.22,0.22,0.036982,1,0,0
0.24,0.22,0.0077283,1,0,0
0.26,0.22,0.037433,1,0,0
0.28,0.22,-0.0042709,1,0,0
0.3,0.22,0.0049002,1,0,0
0.32,0.22,-0.079056,1,0,0
0.34,0.22,-0.04579,1,0,0
0.36,0.22,-0.11421,1,0,0
0.38,0.22,-0.045,1,0,0
0.4,0.22,-0.074812,1,0,0
0.42,0.22,-0.034637,1,0,0
0.44,0.22,0.024061,1,0,0
0.46,0.22,-0.062935,1,0,0
0.48,0.22,-0.042912,1,0,0
0.5,0.22,-0.063777,1,0,0
0.52,0.22,-0.070463,1,0,0
0.54,0.22,-0.089536,1,0,0
0.56,0.22,-0.03014,1,0,0
0.58,0.22,-0.063783,1,0,0
0.6,0.22,-0.10796,1,0,0
0.62,0.22,-0.12512,1,0,0
0.64,0.22,-0.048038,1,0,0
0.66,0.22,-0.086713,1,0,0
0.68,0.22,-0.07454,1,0,0
0.7,0.22,-0.05456,1,0,0
0.72,0.22,-0.10211,1,0,0
0.74,0.22,-0.073931,1,0,0
0.76,0.22,-0.017096,1,0,0
0.78,0.22,-0.044182,1,0,0
0.8,0.22,-0.088298,1,0,0
0.82,0.22,-0.09416,1,0,0
0.84,0.22,-0.037249,1,0,0
0.86,0.22,-0.013007,1,0,0
0.88,0.22,0.01397,1,0,0
0.9,0.22,-0.031261,1,0,0
0.92,0.22,0.00093404,1,0,0
0.94,0.22,-0.0088522,1,0,0
0.96,0.22,-0.053806,1,0,0
0.98,0.22,-0.072082,1,0,0
0.02,0.24,-0.065646,1,0,0
0.04,0.24,-0.087715,1,0,0
0.06,0.24,-0.12061,1,0,0
0.08,0.24,-0.10085,1,0,0
0.1,0.24,-0.052458,1,0,0
0.12,0.24,-0.054052,1,0,0
0.14,0.24,-0.03665,1,0,0
0.16,0.24,-0.063558,1,0,0
0.18,0.24,-0.0096851,1,0,0
0.2,0.24,-0.06636,1,0,0
0.22,0.24,0.021388,1,0,0
0.24,0.24,-0.051533,1,0,0
0.26,0.24,-0.037645,1,0,0
0.28,0.24,-0.07759,1,0,0
0.3,0.24,-0.031628,1,0,0
0.32,0.24,-0.075824,1,0,0
0.34,0.24,-0.032538,1,0,0
0.36,0.24,-0.051436,1,0,0
0.38,0.24,-0.063825,1,0,0
0.4,0.24,-0.045952,1,0,0
0.42,0.24,-0.053464,1,0,0
0.44,0.24,-0.13958,1,0,0
0.46,0.24,-0.050149,1,0,0
0.48,0.24,-0.091524,1,0,0
0.5,0.24,-0.06838,1,0,0
0.52,0.24,-0.094428,1,0,0
0.54,0.24,-0.088454,1,0,0
0.56,0.24,-0.041754,1,0,0
0.58,0.24,-0.096077,1,0,0
0.6,0.24,-0.052155,1,0,0
0.62,0.24,-0.12825,1,0,0
0.64,0.24,-0.11283,1,0,0
0.66,0.24,-0.17105,1,0,0
0.68,0.24,-0.10519,1,0,0
0.7,0.24,-0.087959,1,0,0
0.72,0.24,-0.1026,1,0,0
0.74,0.24,-0.060413,1,0,0
0.76,0.24,-0.030311,1,0,0
0.78,0.24,-0.069955,1,0,0
0.8,0.24,-0.11072,1,0,0
0.82,0.24,-0.05061,1,0,0
0.84,0.24,-0.072634,1,0,0
0.86,0.24,-0.092615,1,0,0
0.88,0.24,-0.052957,1,0,0
0.9,0.24,-0.05711,1,0,0
0.92,0.24,-0.012446,1,0,0
0.94,0.24,0.0080128,1,0,0
0.96,0.24,-0.023,1,0,0
0.98,0.24,-0.038734,1,0,0
0.02,0.26,-0.048148,1,0,0
0.04,0.26,-0.054806,1,0,0
0.06,0.26,-0.081697,1,0,0
0.08,0.26,-0.10324,1,0,0
0.1,0.26,-0.072881,1,0,0
0.12,0.26,-0.067306,1,0,0
0.14,0.26,-0.024312,1,0,0
0.16,0.26,-0.023239,1,0,0
0.18,0.26,-0.048511,1,0,0
0.2,0.26,-0.10266,1,0,0
0.22,0.26,-0.012921,1,0,0
0.24,0.26,-0.067765,1,0,0
0.26,0.26,-0.041183,1,0,0
0.28,0.26,-0.051676,1,0,0
0.3,0.26,-0.028864,1,0,0
0.32,0.26,-0.04155,1,0,0
0.34,0.26,-0.055703,1,0,0
0.36,0.26,-0.093837,1,0,0
0.38,0.26,-0.04726,1,0,0
0.4,0.26,-0.025972,1,0,0
0.42,0.26,-0.089525,1,0,0
0.44,0.26,-0.11901,1,0,0
0.46,0.26,-0.070605,1,0,0
0.48,0.26,-0.055135,1,0,0
0.5,0.26,-0.056783,1,0,0
0.52,0.26,-0.040801,1,0,0
0.54,0.26,-0.030887,1,0,0
0.56,0.26,-0.033069,1,0,0
0.58,0.26,-0.080062,1,0,0
0.6,0.26,-0.099469,1,0,0
0.62,0.26,-0.1226,1,0,0
0.64,0.26,-0.1158,1,0,0
0.66,0.26,-0.089938,1,0,0
0.68,0.26,-0.05986,1,0,0
0.7,0.26,-0.11537,1,0,0
0.72,0.26,-0.12779,1,0,0
0.74,0.26,-0.0995,1,0,0
0.76,0.26,-0.06286,1,0,0
0.78,0.26,-0.085538,1,0,0
0.8,0.26,-0.085893,1,0,0
0.82,0.26,-0.097706,1,0,0
0.84,0.26,-0.034996,1,0,0
0.86,0.26,-0.091411,1,0,0
0.88,0.26,-0.039838,1,0,0
0.9,0.26,-0.023754,1,0,0
0.92,0.26,0.021174,1,0,0
0.94,0.26,0.045075,1,0,0
0.96,0.26,0.010105,1,0,0
0.98,0.26,-0.071811,1,0,0
0.02,0.28,-0.070571,1,0,0
0.04,0.28,-0.062432,1,0,0
0.06,0.28,-0.092519,1,0,0
0.08,0.28,-0.099177,1,0,0
0.1,0.28,-0.032313,1,0,0
0.12,0.28,-0.063255,1,0,0
0.14,0.28,-0.0097998,1,0,0
0.16,0.28,-0.093338,1,0,0
0.18,0.28,-0.026095,1,0,0
0.2,0.28,-0.065597,1,0,0
0.22,0.28,-0.078015,1,0,0
0.24,0.28,-0.068324,1,0,0
0.26,0.28,-0.094305,1,0,0
0.28,0.28,-0.037692,1,0,0
0.3,0.28,-0.032795,1,0,0
0.32,0.28,-0.036609,1,0,0
0.34,0.28,-0.041936,1,0,0
0.36,0.28,-0.10112,1,0,0
0.38,0.28,-0.089119,1,0,0
0.4,0.28,-0.021058,1,0,0
0.42,0.28,-0.073033,1,0,0
0.44,0.28,-0.10645,1,0,0
0.46,0.28,-0.068896,1,0,0
0.48,0.28,-0.0502,1,0,0
0.5,0.28,-0.023026,1,0,0
0.52,0.28,-0.016331,1,0,0
0.54,0.28,-0.053289,1,0,0
0.56,0.28,-0.068743,1,0,0
0.58,0.28,-0.065374,1,0,0
0.6,0.28,-0.10989,1,0,0
0.62,0.28,-0.06374,1,0,0
0.64,0.28,-0.10184,1,0,0
0.66,0.28,-0.12326,1,0,0
0.68,0.28,-0.094001,1,0,0
0.7,0.28,-0.10809,1,0,0
0.72,0.28,-0.07278,1,0,0
0.74,0.28,-0.10728,1,0,0
0.76,0.28,-0.11667,1,0,0
0.78,0.28,-0.065993,1,0,0
0.8,0.28,-0.083685,1,0,0
0.82,0.28,-0.0014576,1,0,0
0.84,0.28,-0.016139,1,0,0
0.86,0.28,-0.058678,1,0,0
0.88,0.28,-0.057279,1,0,0
0.9,0.28,-0.05518,1,0,0
0.92,0.28,-0.0056722,1,0,0
0.94,0.28,0.022155,1,0,0
0.96,0.28,-0.023793,1,0,0
0.98,0.28,-0.045062,1,0,0
0.02,0.3,-0.10953,1,0,0
0.04,0.3,-0.061979,1,0,0
0.06,0.3,-0.048037,1,0,0
0.08,0.3,-0.11546,1,0,0
0.1,0.3,-0.099502,1,0,0
0.12,0.3,-0.049287,1,0,0
0.14,0.3,-0.043099,1,0,0
0.16,0.3,-0.038513,1,0,0
0.18,0.3,-0.044645,1,0,0
0.2,0.3,-0.030413,1,0,0
0.22,0.3,-0.071682,1,0,0
0.24,0.3,-0.12206,1,0,0
0.26,0.3,-0.078448,1,0,0
0.28,0.3,-0.003469,1,0,0
0.3,0.3,-0.1024,1,0,0
0.32,0.3,-0.080654,1,0,0
0.34,0.3,-0.047726,1,0,0
0.36,0.3,-0.12127,1,0,0
0.38,0.3,-0.091429,1,0,0
0.4,0.3,-0.051562,1,0,0
0.42,0.3,-0.077077,1,0,0
0.44,0.3,-0.13681,1,0,0
0.46,0.3,-0.10228,1,0,0
0.48,0.3,-0.036161,1,0,0
0.5,0.3,-0.04952,1,0,0
0.52,0.3,-0.05811,1,0,0
0.54,0.3,-0.058399,1,0,0
0.56,0.3,-0.10622,1,0,0
0.58,0.3,-0.12399,1,0,0
0.6,0.3,-0.11237,1,0,0
0.62,0.3,-0.088054,1,0,0
0.64,0.3,-0.094245,1,0,0
0.66,0.3,-0.09047,1,0,0
0.68,0.3,-0.10013,1,0,0
0.7,0.3,-0.10222,1,0,0
0.72,0.3,-0.10248,1,0,0
0.74,0.3,-0.11639,1,0,0
0.76,0.3,-0.089619,1,0,0
0.78,0.3,-0.037523,1,0,0
0.8,0.3,-0.075878,1,0,0
0.82,0.3,-0.08957,1,0,0
0.84,0.3,-0.09208,1,0,0
0.86,0.3,-0.052169,1,0,0
0.88,0.3,-0.077777,1,0,0
0.9,0.3,-0.077635,1,0,0
0.92,0.3,-0.041941,1,0,0
0.94,0.3,0.026686,1,0,0
0.96,0.3,-0.037,1,0,0
0.98,0.3,-0.080598,1,0,0
0.02,0.32,-0.11785,1,0,0
0.04,0.32,-0.050126,1,0,0
0.06,0.32,-0.14544,1,0,0
0.08,0.32,-0.084811,1,0,0
0.1,0.32,-0.059158,1,0,0
0.12,0.32,-0.021077,1,0,0
0.14,0.32,-0.039784,1,0,0
0.16,0.32,-0.041152,1,0,0
0.18,0.32,-0.040789,1,0,0
0.2,0.32,-0.08992,1,0,0
0.22,0.32,-0.0798,1,0,0
0.24,0.32,-0.081339,1,0,0
0.26,0.32,-0.087697,1,0,0
0.28,0.32,-0.10961,1,0,0
0.3,0.32,-0.049333,1,0,0
0.32,0.32,-0.06304,1,0,0
0.34,0.32,-0.079247,1,0,0
0.36,0.32,-0.051907,1,0,0
0.38,0.32,-0.11715,1,0,0
0.4,0.32,-0.069699,1,0,0
0.42,0.32,-0.070001,1,0,0
0.44,0.32,-0.10137,1,0,0
0.46,0.32,-0.09738,1,0,0
0.48,0.32,-0.046428,1,0,0
0.5,0.32,-0.033413,1,0,0
0.52,0.32,0.0051237,1,0,0
0.54,0.32,-0.070194,1,0,0
0.56,0.32,-0.052214,1,0,0
0.58,0.32,-0.048883,1,0,0
0.6,0.32,-0.10787,1,0,0
0.62,0.32,-0.10182,1,0,0
0.64,0.32,-0.092183,1,0,0
0.66,0.32,-0.083242,1,0,0
0.68,0.32,-0.075303,1,0,0
0.7,0.32,-0.038094,1,0,0
0.72,0.32,-0.051864,1,0,0
0.74,0.32,-0.021585,1,0,0
0.76,0.32,-0.053396,1,0,0
0.78,0.32,-0.075346,1,0,0
0.8,0.32,-0.067423,1,0,0
0.82,0.32,-0.053642,1,0,0
0.84,0.32,-0.081972,1,0,0
0.86,0.32,-0.099041,1,0,0
0.88,0.32,-0.086369,1,0,0
0.9,0.32,-0.099599,1,0,0
0.92,0.32,-0.015748,1,0,0
0.94,0.32,-0.023377,1,0,0
0.96,0.32,-0.015115,1,0,0
0.98,0.32,-0.070439,1,0,0
0.02,0.34,-0.05907,1,0,0
0.04,0.34,-0.067484,1,0,0
0.06,0.34,-0.069206,1,0,0
0.08,0.34,-0.095553,1,0,0
0.1,0.34,-0.049811,1,0,0
0.12,0.34,-0.058007,1,0,0
0.14,0.34,-0.012533,1,0,0
0.16,0.34,-0.040412,1,0,0
0.18,0.34,-0.097706,1,0,0
0.2,0.34,-0.093566,1,0,0
0.22,0.34,-0.062606,1,0,0
0.24,0.34,-0.026822,1,0,0
0.26,0.34,-0.0015479,1,0,0
0.28,0.34,-0.054442,1,0,0
0.3,0.34,-0.0055452,1,0,0
0.32,0.34,-0.075158,1,0,0
0.34,0.34,-0.11223,1,0,0
0.36,0.34,-0.15423,1,0,0
0.38,0.34,-0.069833,1,0,0
0.4,0.34,-0.088771,1,0,0
0.42,0.34,-0.10782,1,0,0
0.44,0.34,-0.073388,1,0,0
0.46,0.34,-0.081653,1,0,0
0.48,0.34,-0.054996,1,0,0
0.5,0.34,-0.094644,1,0,0
0.52,0.34,0.0038337,1,0,0
0.54,0.34,-0.032648,1,0,0
0.56,0.34,-0.015929,1,0,0
0.58,0.34,-0.074842,1,0,0
0.6,0.34,-0.073064,1,0,0
0.62,0.34,-0.064252,1,0,0
0.64,0.34,-0.095106,1,0,0
0.66,0.34,-0.052422,1,0,0
0.68,0.34,-0.019872,1,0,0
0.7,0.34,-0.063997,1,0,0
0.72,0.34,-0.075474,1,0,0
0.74,0.34,-0.050354,1,0,0
0.76,0.34,-0.088614,1,0,0
0.78,0.34,-0.092837,1,0,0
0.8,0.34,-0.044485,1,0,0
0.82,0.34,-0.007022,1,0,0
0.84,0.34,-0.075549,1,0,0
0.86,0.34,-0.07354,1,0,0
0.88,0.34,-0.056599,1,0,0
0.9,0.34,-0.064725,1,0,0
0.92,0.34,-0.058551,1,0,0
0.94,0.34,-0.075631,1,0,0
0.96,0.34,-0.048561,1,0,0
0.98,0.34,-0.078707,1,0,0
0.02,0.36,-0.040099,1,0,0
0.04,0.36,-0.086365,1,0,0
0.06,0.36,-0.058702,1,0,0
0.08,0.36,-0.090693,1,0,0
0.1,0.36,-0.031917,1,0,0
0.12,0.36,-0.035541,1,0,0
0.14,0.36,0.026947,1,0,0
0.16,0.36,-0.067664,1,0,0
0.18,0.36,-0.061274,1,0,0
0.2,0.36,-0.074119,1,0,0
0.22,0.36,-0.09344,1,0,0
0.24,0.36,-0.069794,1,0,0
0.26,0.36,-0.10929,1,0,0
0.28,0.36,-0.091216,1,0,0
0.3,0.36,-0.067424,1,0,0
0.32,0.36,-0.026988,1,0,0
0.34,0.36,-0.075998,1,0,0
0.36,0.36,-0.070927,1,0,0
0.38,0.36,-0.10373,1,0,0
0.4,0.36,-0.10612,1,0,0
0.42,0.36,-0.077689,1,0,0
0.44,0.36,-0.096205,1,0,0
0.46,0.36,-0.098029,1,0,0
0.48,0.36,-0.09336,1,0,0
0.5,0.36,-0.070851,1,0,0
0.52,0.36,-0.012108,1,0,0
0.54,0.36,-0.031663,1,0,0
0.56,0.36,-0.046763,1,0,0
0.58,0.36,-0.041442,1,0,0
0.6,0.36,-0.061904,1,0,0
0.62,0.36,-0.10172,1,0,0
0.64,0.36,-0.053997,1,0,0
0.66,0.36,-0.099624,1,0,0
0.68,0.36,-0.051383,1,0,0
0.7,0.36,-0.053907,1,0,0
0.72,0.36,-0.051263,1,0,0
0.74,0.36,-0.046555,1,0,0
0.76,0.36,-0.0075604,1,0,0
0.78,0.36,-0.10328,1,0,0
0.8,0.36,-0.032295,1,0,0
0.82,0.36,-0.065683,1,0,0
0.84,0.36,-0.091045,1,0,0
0.86,0.36,-0.063269,1,0,0
0.88,0.36,-0.056456,1,0,0
0.9,0.36,-0.09413,1,0,0
0.92,0.36,-0.044095,1,0,0
0.94,0.36,-0.09861,1,0,0
0.96,0.36,-0.04543,1,0,0
0.98,0.36,-0.057335,1,0,0
0.02,0.38,-0.019105,1,0,0
0.04,0.38,-0.0075029,1,0,0
0.06,0.38,-0.062906,1,0,0
0.08,0.38,-0.10653,1,0,0
0.1,0.38,-0.037322,1,0,0
0.12,0.38,-0.074096,1,0,0
0.14,0.38,-0.041007,1,0,0
0.16,0.38,-0.023658,1,0,0
0.18,0.38,0.021599,1,0,0
0.2,0.38,-0.076908,1,0,0
0.22,0.38,-0.073995,1,0,0
0.24,0.38,-0.068123,1,0,0
0.26,0.38,-0.086217,1,0,0
0.28,0.38,-0.10083,1,0,0
0.3,0.38,-0.10514,1,0,0
0.32,0.38,-0.057098,1,0,0
0.34,0.38,-0.096113,1,0,0
0.36,0.38,-0.032787,1,0,0
0.38,0.38,-0.059917,1,0,0
0.4,0.38,-0.080091,1,0,0
0.42,0.38,-0.069754,1,0,0
0.44,0.38,-0.043477,1,0,0
0.46,0.38,-0.076049,1,0,0
0.48,0.38,-0.084327,1,0,0
0.5,0.38,-0.046236,1,0,0
0.52,0.38,-0.060905,1,0,0
0.54,0.38,-0.061336,1,0,0
0.56,0.38,-0.072905,1,0,0
0.58,0.38,-0.010822,1,0,0
0.6,0.38,-0.042248,1,0,0
0.62,0.38,-0.053197,1,0,0
0.64,0.38,-0.015407,1,0,0
0.66,0.38,-0.030487,1,0,0
0.68,0.38,-0.045267,1,0,0
0.7,0.38,-0.014476,1,0,0
0.72,0.38,-0.067617,1,0,0
0.74,0.38,-0.09517,1,0,0
0.76,0.38,-0.025477,1,0,0
0.78,0.38,-0.056187,1,0,0
0.8,0.38,-0.02567,1,0,0
0.82,0.38,-0.073013,1,0,0
0.84,0.38,-0.062001,1,0,0
0.86,0.38,-0.092972,1,0,0
0.88,0.38,-0.067314,1,0,0
0.9,0.38,-0.085125,1,0,0
0.92,0.38,-0.021655,1,0,0
0.94,0.38,-0.075169,1,0,0
0.96,0.38,-0.052719,1,0,0
0.98,0.38,-0.075273,1,0,0
0.02,0.4,-0.075996,1,0,0
0.04,0.4,-0.020609,1,0,0
0.06,0.4,-0.015949,1,0,0
0.08,0.4,-0.086717,1,0,0
0.1,0.4,-0.072038,1,0,0
0.12,0.4,-0.032815,1,0,0
0.14,0.4,0.027348,1,0,0
0.16,0.4,-0.075475,1,0,0
0.18,0.4,-0.040654,1,0,0
0.2,0.4,-0.054458,1,0,0
0.22,0.4,-0.065008,1,0,0
0.24,0.4,-0.055615,1,0,0
0.26,0.4,-0.070903,1,0,0
0.28,0.4,-0.098286,1,0,0
0.3,0.4,-0.13763,1,0,0
0.32,0.4,-0.11371,1,0,0
0.34,0.4,-0.06316,1,0,0
0.36,0.4,-0.054678,1,0,0
0.38,0.4,-0.10208,1,0,0
0.4,0.4,-0.097731,1,0,0
0.42,0.4,-0.044826,1,0,0
0.44,0.4,-0.06658,1,0,0
0.46,0.4,-0.094798,1,0,0
0.48,0.4,-0.047545,1,0,0
0.5,0.4,-0.089575,1,0,0
0.52,0.4,-0.10948,1,0,0
0.54,0.4,-0.10691,1,0,0
0.56,0.4,-0.079458,1,0,0
0.58,0.4,-0.055064,1,0,0
0.6,0.4,-0.088263,1,0,0
0.62,0.4,-0.086245,1,0,0
0.64,0.4,0.028967,1,0,0
0.66,0.4,-0.087869,1,0,0
0.68,0.4,-0.056595,1,0,0
0.7,0.4,-0.078616,1,0,0
0.72,0.4,-0.075898,1,0,0
0.74,0.4,-0.08234,1,0,0
0.76,0.4,-0.090063,1,0,0
0.78,0.4,-0.088726,1,0,0
0.8,0.4,-0.051992,1,0,0
0.82,0.4,-0.053285,1,0,0
0.84,0.4,-0.054621,1,0,0
0.86,0.4,-0.0078177,1,0,0
0.88,0.4,-0.082867,1,0,0
0.9,0.4,-0.1032,1,0,0
0.92,0.4,-0.013676,1,0,0
0.94,0.4,-0.07767,1,0,0
0.96,0.4,-0.071999,1,0,0
0.98,0.4,-0.10629,1,0,0
0.02,0.42,-0.092361,1,0,0
0.04,0.42,-0.0076172,1,0,0
0.06,0.42,-0.0097189,1,0,0
0.08,0.42,-0.07044,1,0,0
0.1,0.42,-0.034329,1,0,0
0.12,0.42,-0.024923,1,0,0
0.14,0.42,-0.015107,1,0,0
0.16,0.42,-0.0020965,1,0,0
0.18,0.42,-0.033883,1,0,0
0.2,0.42,-0.041704,1,0,0
0.22,0.42,-0.096818,1,0,0
0.24,0.42,-0.057791,1,0,0
0.26,0.42,-0.078986,1,0,0
0.28,0.42,-0.059884,1,0,0
0.3,0.42,-0.014546,1,0,0
0.32,0.42,-0.076167,1,0,0
0.34,0.42,-0.04014,1,0,0
0.36,0.42,-0.086957,1,0,0
0.38,0.42,-0.025217,1,0,0
0.4,0.42,-0.01835,1,0,0
0.42,0.42,-0.050711,1,0,0
0.44,0.42,-0.06375,1,0,0
0.46,0.42,-0.11063,1,0,0
0.48,0.42,-0.076305,1,0,0
0.5,0.42,-0.10004,1,0,0
0.52,0.42,-0.059801,1,0,0
0.54,0.42,-0.067367,1,0,0
0.56,0.42,-0.047332,1,0,0
0.58,0.42,-0.043593,1,0,0
0.6,0.42,-0.067643,1,0,0
0.62,0.42,-0.031256,1,0,0
0.64,0.42,-0.061135,1,0,0
0.66,0.42,-0.032347,1,0,0
0.68,0.42,-0.042054,1,0,0
0.7,0.42,-0.045899,1,0,0
0.72,0.42,-0.040577,1,0,0
0.74,0.42,-0.054791,1,0,0
0.76,0.42,-0.048598,1,0,0
0.78,0.42,-0.064749,1,0,0
0.8,0.42,-0.053596,1,0,0
0.82,0.42,-0.028793,1,0,0
0.84,0.42,-0.032356,1,0,0
0.86,0.42,-0.059875,1,0,0
0.88,0.42,-0.0080149,1,0,0
0.9,0.42,-0.0019146,1,0,0
0.92,0.42,-0.0057653,1,0,0
0.94,0.42,-0.042626,1,0,0
0.96,0.42,-0.045474,1,0,0
0.98,0.42,-0.053354,1,0,0
0.02,0.44,-0.061415,1,0,0
0.04,0.44,-0.022175,1,0,0
0.06,0.44,0.0087493,1,0,0
0.08,0.44,-0.011812,1,0,0
0.1,0.44,0.031556,1,0,0
0.12,0.44,-0.010093,1,0,0
0.14,0.44,-0.041729,1,0,0
0.16,0.44,-0.013491,1,0,0
0.18,0.44,0.00058356,1,0,0
0.2,0.44,-0.032466,1,0,0
0.22,0.44,-0.0099566,1,0,0
0.24,0.44,-0.023227,1,0,0
0.26,0.44,-0.0027033,1,0,0
0.28,0.44,-0.031004,1,0,0
0.3,0.44,-0.034089,1,0,0
0.32,0.44,-0.046519,1,0,0
0.34,0.44,-0.001359,1,0,0
0.36,0.44,-0.049536,1,0,0
0.38,0.44,-0.014635,1,0,0
0.4,0.44,-0.024636,1,0,0
0.42,0.44,-0.07152,1,0,0
0.44,0.44,-0.10888,1,0,0
0.46,0.44,-0.059348,1,0,0
0.48,0.44,-0.07369,1,0,0
0.5,0.44,-0.10892,1,0,0
0.52,0.44,-0.030271,1,0,0
0.54,0.44,-0.035683,1,0,0
0.56,0.44,-0.069892,1,0,0
0.58,0.44,-0.033846,1,0,0
0.6,0.44,0.045306,1,0,0
0.62,0.44,-0.078023,1,0,0
0.64,0.44,-0.052501,1,0,0
0.66,0.44,-0.079174,1,0,0
0.68,0.44,-0.077359,1,0,0
0.7,0.44,-0.060903,1,0,0
0.72,0.44,-0.054334,1,0,0
0.74,0.44,-0.024827,1,0,0
0.76,0.44,-0.0069664,1,0,0
0.78,0.44,-0.060792,1,0,0
0.8,0.44,-0.068517,1,0,0
0.82,0.44,-0.05305,1,0,0
0.84,0.44,-0.021603,1,0,0
0.86,0.44,0.024244,1,0,0
0.88,0.44,-0.034501,1,0,0
0.9,0.44,0.01317,1,0,0
0.92,0.44,-0.030231,1,0,0
0.94,0.44,-0.048822,1,0,0
0.96,0.44,-0.017385,1,0,0
0.98,0.44,-0.012708,1,0,0
0.02,0.46,-0.068481,1,0,0
0.04,0.46,-0.0071134,1,0,0
0.06,0.46,0.014062,1,0,0
0.08,0.46,-0.023577,1,0,0
0.1,0.46,0.025286,1,0,0
0.12,0.46,-0.043724,1,0,0
0.14,0.46,-0.039096,1,0,0
0.16,0.46,-0.057467,1,0,0
0.18,0.46,-0.049075,1,0,0
0.2,0.46,-0.047652,1,0,0
0.22,0.46,-0.033616,1,0,0
0.24,0.46,-0.015008,1,0,0
0.26,0.46,0.015348,1,0,0
0.28,0.46,0.011281,1,0,0
0.3,0.46,-0.005888,1,0,0
0.32,0.46,-0.062072,1,0,0
0.34,0.46,-0.0060858,1,0,0
0.36,0.46,-0.069147,1,0,0
0.38,0.46,-0.093542,1,0,0
0.4,0.46,-0.035656,1,0,0
0.42,0.46,-0.085737,1,0,0
0.44,0.46,-0.13399,1,0,0
0.46,0.46,-0.099062,1,0,0
0.48,0.46,-0.10385,1,0,0
0.5,0.46,-0.062208,1,0,0
0.52,0.46,-0.069283,1,0,0
0.54,0.46,-0.054573,1,0,0
0.56,0.46,-0.017303,1,0,0
0.58,0.46,-0.035202,1,0,0
0.6,0.46,-0.033303,1,0,0
0.62,0.46,-0.077145,1,0,0
0.64,0.46,-0.034016,1,0,0
0.66,0.46,-0.067997,1,0,0
0.68,0.46,-0.042923,1,0,0
0.7,0.46,-0.078117,1,0,0
0.72,0.46,-0.05594,1,0,0
0.74,0.46,-0.09387,1,0,0
0.76,0.46,-0.05223,1,0,0
0.78,0.46,-0.025517,1,0,0
0.8,0.46,-0.10867,1,0,0
0.82,0.46,-0.045034,1,0,0
0.84,0.46,0.0030283,1,0,0
0.86,0.46,-0.0043943,1,0,0
0.88,0.46,-0.037853,1,0,0
0.9,0.46,-0.012278,1,0,0
0.92,0.46,-0.017792,1,0,0
0.94,0.46,-0.00893,1,0,0
0.96,0.46,-0.026194,1,0,0
0.98,0.46,-0.059497,1,0,0
0.02,0.48,-0.09782,1,0,0
0.04,0.48,-0.041513,1,0,0
0.06,0.48,-0.036222,1,0,0
0.08,0.48,-0.087287,1,0,0
0.1,0.48,-0.0019945,1,0,0
0.12,0.48,-0.057967,1,0,0
0.14,0.48,-0.020254,1,0,0
0.16,0.48,-0.040839,1,0,0
0.18,0.48,-0.01923,1,0,0
0.2,0.48,-0.042591,1,0,0
0.22,0.48,0.012393,1,0,0
0.24,0.48,0.026879,1,0,0
0.26,0.48,-0.012066,1,0,0
0.28,0.48,-0.058033,1,0,0
0.3,0.48,-0.030561,1,0,0
0.32,0.48,-0.06939,1,0,0
0.34,0.48,-0.065017,1,0,0
0.36,0.48,-0.085392,1,0,0
0.38,0.48,-0.056197,1,0,0
0.4,0.48,-0.060117,1,0,0
0.42,0.48,-0.13449,1,0,0
0.44,0.48,-0.10723,1,0,0
0.46,0.48,-0.051511,1,0,0
0.48,0.48,-0.05479,1,0,0
0.5,0.48,-0.046475,1,0,0
0.52,0.48,-0.085627,1,0,0
0.54,0.48,-0.05289,1,0,0
0.56,0.48,-0.065568,1,0,0
0.58,0.48,-0.080379,1,0,0
0.6,0.48,-0.14015,1,0,0
0.62,0.48,-0.089669,1,0,0
0.64,0.48,-0.052938,1,0,0
0.66,0.48,-0.085374,1,0,0
0.68,0.48,-0.063362,1,0,0
0.7,0.48,-0.068485,1,0,0
0.72,0.48,-0.051149,1,0,0
0.74,0.48,-0.040219,1,0,0
0.76,0.48,-0.053568,1,0,0
0.78,0.48,-0.031545,1,0,0
0.8,0.48,-0.077246,1,0,0
0.82,0.48,-0.10569,1,0,0
0.84,0.48,-0.013885,1,0,0
0.86,0.48,-0.05418,1,0,0
0.88,0.48,-0.032915,1,0,0
0.9,0.48,-0.061157,1,0,0
0.92,0.48,-0.018208,1,0,0
0.94,0.48,-0.029108,1,0,0
0.96,0.48,-0.013913,1,0,0
0.98,0.48,-0.071538,1,0,0
0.02,0.5,-0.012672,1,0,0
0.04,0.5,-0.038292,1,0,0
0.06,0.5,-0.045748,1,0,0
0.08,0.5,-0.083826,1,0,0
0.1,0.5,-0.012787,1,0,0
0.12,0.5,-0.05564,1,0,0
0.14,0.5,-0.03196,1,0,0
0.16,0.5,-0.022046,1,0,0
0.18,0.5,0.012492,1,0,0
0.2,0.5,0.023658,1,0,0
0.22,0.5,0.029611,1,0,0
0.24,0.5,0.0048557,1,0,0
0.26,0.5,-0.052258,1,0,0
0.28,0.5,-0.0598,1,0,0
0.3,0.5,0.016353,1,0,0
0.32,0.5,-0.034362,1,0,0
0.34,0.5,-0.022105,1,0,0
0.36,0.5,-0.042151,1,0,0
0.38,0.5,-0.045941,1,0,0
0.4,0.5,-0.04391,1,0,0
0.42,0.5,-0.076358,1,0,0
0.44,0.5,-0.12438,1,0,0
0.46,0.5,-0.10242,1,0,0
0.48,0.5,-0.11065,1,0,0
0.5,0.5,-0.047816,1,0,0
0.52,0.5,-0.079101,1,0,0
0.54,0.5,-0.14382,1,0,0
0.56,0.5,-0.05447,1,0,0
0.58,0.5,-0.084881,1,0,0
0.6,0.5,-0.09571,1,0,0
0.62,0.5,-0.080534,1,0,0
0.64,0.5,-0.022861,1,0,0
0.66,0.5,-0.054115,1,0,0
0.68,0.5,-0.086643,1,0,0
0.7,0.5,-0.075745,1,0,0
0.72,0.5,-0.083328,1,0,0
0.74,0.5,-0.084801,1,0,0
0.76,0.5,-0.037259,1,0,0
0.78,0.5,0.0076895,1,0,0
0.8,0.5,-0.067974,1,0,0
0.82,0.5,-0.098448,1,0,0
0.84,0.5,-0.042712,1,0,0
0.86,0.5,-0.067303,1,0,0
0.88,0.5,-0.048585,1,0,0
0.9,0.5,-0.057889,1,0,0
0.92,0.5,-0.0058542,1,0,0
0.94,0.5,-0.016066,1,0,0
0.96,0.5,-0.077033,1,0,0
0.98,0.5,-0.029533,1,0,0
0.02,0.52,-0.020078,1,0,0
0.04,0.52,-0.049895,1,0,0
0.06,0.52,-0.060615,1,0,0
0.08,0.52,-0.050328,1,0,0
0.1,0.52,-0.024076,1,0,0
0.12,0.52,-0.067311,1,0,0
0.14,0.52,-0.073696,1,0,0
0.16,0.52,-0.058026,1,0,0
0.18,0.52,-0.036406,1,0,0
0.2,0.52,-0.049479,1,0,0
0.22,0.52,0.0014169,1,0,0
0.24,0.52,-0.043911,1,0,0
0.26,0.52,-0.045849,1,0,0
0.28,0.52,-0.09061,1,0,0
0.3,0.52,-0.031923,1,0,0
0.32,0.52,-0.050398,1,0,0
0.34,0.52,-0.080465,1,0,0
0.36,0.52,-0.075652,1,0,0
0.38,0.52,-0.043298,1,0,0
0.4,0.52,-0.092869,1,0,0
0.42,0.52,-0.11286,1,0,0
0.44,0.52,-0.10116,1,0,0
0.46,0.52,-0.038335,1,0,0
0.48,0.52,-0.07964,1,0,0
0.5,0.52,-0.044779,1,0,0
0.52,0.52,-0.084907,1,0,0
0.54,0.52,-0.129,1,0,0
0.56,0.52,-0.085327,1,0,0
0.58,0.52,-0.084774,1,0,0
0.6,0.52,-0.063754,1,0,0
0.62,0.52,-0.093871,1,0,0
0.64,0.52,-0.057715,1,0,0
0.66,0.52,-0.066852,1,0,0
0.68,0.52,-0.0576,1,0,0
0.7,0.52,-0.043928,1,0,0
0.72,0.52,-0.1712,1,0,0
0.74,0.52,-0.089381,1,0,0
0.76,0.52,-0.050387,1,0,0
0.78,0.52,-0.011506,1,0,0
0.8,0.52,-0.09675,1,0,0
0.82,0.52,-0.039021,1,0,0
0.84,0.52,-0.037865,1,0,0
0.86,0.52,-0.021026,1,0,0
0.88,0.52,-0.031877,1,0,0
0.9,0.52,-0.050148,1,0,0
0.92,0.52,-0.041358,1,0,0
0.94,0.52,-0.042888,1,0,0
0.96,0.52,-0.066162,1,0,0
0.98,0.52,-0.10735,1,0,0
0.02,0.54,0.0076384,1,0,0
0.04,0.54,-0.029048,1,0,0
0.06,0.54,-0.063914,1,0,0
0.08,0.54,-0.05699,1,0,0
0.1,0.54,-0.071757,1,0,0
0.12,0.54,0.0055331,1,0,0
0.14,0.54,0.010545,1,0,0
0.16,0.54,-0.064879,1,0,0
0.18,0.54,-0.060691,1,0,0
0.2,0.54,-0.015158,1,0,0
0.22,0.54,-0.065493,1,0,0
0.24,0.54,-0.015235,1,0,0
0.26,0.54,0.0013907,1,0,0
0.28,0.54,-0.092236,1,0,0
0.3,0.54,-0.058528,1,0,0
0.32,0.54,-0.049308,1,0,0
0.34,0.54,-0.039444,1,0,0
0.36,0.54,-0.05891,1,0,0
0.38,0.54,-0.014347,1,0,0
0.4,0.54,-0.0215,1,0,0
0.42,0.54,-0.10526,1,0,0
0.44,0.54,-0.085102,1,0,0
0.46,0.54,-0.045749,1,0,0
0.48,0.54,-0.094378,1,0,0
0.5,0.54,-0.07893,1,0,0
0.52,0.54,-0.045992,1,0,0
0.54,0.54,-0.073034,1,0,0
0.56,0.54,-0.078145,1,0,0
0.58,0.54,-0.052879,1,0,0
0.6,0.54,-0.084179,1,0,0
0.62,0.54,-0.076036,1,0,0
0.64,0.54,-0.05263,1,0,0
0.66,0.54,-0.046028,1,0,0
0.68,0.54,-0.062718,1,0,0
0.7,0.54,-0.11901,1,0,0
0.72,0.54,-0.12287,1,0,0
0.74,0.54,-0.027791,1,0,0
0.76,0.54,-0.089854,1,0,0
0.78,0.54,-0.070177,1,0,0
0.8,0.54,-0.058177,1,0,0
0.82,0.54,-0.015817,1,0,0
0.84,0.54,-0.1118,1,0,0
0.86,0.54,-0.060527,1,0,0
0.88,0.54,-0.045599,1,0,0
0.9,0.54,-0.098058,1,0,0
0.92,0.54,-0.014524,1,0,0
0.94,0.54,0.040711,1,0,0
0.96,0.54,-0.053609,1,0,0
0.98,0.54,-0.10967,1,0,0
0.02,0.56,-0.027402,1,0,0
0.04,0.56,0.0097004,1,0,0
0.06,0.56,-0.015122,1,0,0
0.08,0.56,-0.060049,1,0,0
0.1,0.56,-0.056585,1,0,0
0.12,0.56,-0.029166,1,0,0
0.14,0.56,-0.028612,1,0,0
0.16,0.56,-0.06094,1,0,0
0.18,0.56,-0.054487,1,0,0
0.2,0.56,-0.025681,1,0,0
0.22,0.56,-0.097212,1,0,0
0.24,0.56,-0.089809,1,0,0
0.26,0.56,-0.083153,1,0,0
0.28,0.56,-0.11193,1,0,0
0.3,0.56,-0.079029,1,0,0
0.32,0.56,-0.10283,1,0,0
0.34,0.56,-0.12382,1,0,0
0.36,0.56,-0.10393,1,0,0
0.38,0.56,-0.012409,1,0,0
0.4,0.56,-0.011021,1,0,0
0.42,0.56,-0.03121,1,0,0
0.44,0.56,-0.072188,1,0,0
0.46,0.56,-0.066998,1,0,0
0.48,0.56,-0.054857,1,0,0
0.5,0.56,-0.040385,1,0,0
0.52,0.56,-0.10448,1,0,0
0.54,0.56,-0.13389,1,0,0
0.56,0.56,-0.090361,1,0,0
0.58,0.56,-0.093071,1,0,0
0.6,0.56,-0.12788,1,0,0
0.62,0.56,-0.096721,1,0,0
0.64,0.56,-0.072413,1,0,0
0.66,0.56,-0.073118,1,0,0
0.68,0.56,-0.081684,1,0,0
0.7,0.56,-0.065557,1,0,0
0.72,0.56,-0.16453,1,0,0
0.74,0.56,-0.065196,1,0,0
0.76,0.56,-0.10178,1,0,0
0.78,0.56,-0.063005,1,0,0
0.8,0.56,-0.066018,1,0,0
0.82,0.56,-0.027412,1,0,0
0.84,0.56,-0.10425,1,0,0
0.86,0.56,-0.058421,1,0,0
0.88,0.56,-0.058295,1,0,0
0.9,0.56,-0.055881,1,0,0
0.92,0.56,-0.076008,1,0,0
0.94,0.56,-0.024744,1,0,0
0.96,0.56,-0.095684,1,0,0
0.98,0.56,-0.14138,1,0,0
0.02,0.58,0.031037,1,0,0
0.04,0.58,-0.019322,1,0,0
0.06,0.58,-0.037535,1,0,0
0.08,0.58,-0.057745,1,0,0
0.1,0.58,-0.013405,1,0,0
0.12,0.58,-0.0074493,1,0,0
0.14,0.58,-0.024806,1,0,0
0.16,0.58,-0.052261,1,0,0
0.18,0.58,-0.010259,1,0,0
0.2,0.58,-0.019172,1,0,0
0.22,0.58,-0.036516,1,0,0
0.24,0.58,-0.065299,1,0,0
0.26,0.58,-0.037129,1,0,0
0.28,0.58,-0.047313,1,0,0
0.3,0.58,-0.033618,1,0,0
0.32,0.58,-0.042495,1,0,0
0.34,0.58,-0.060253,1,0,0
0.36,0.58,-0.031456,1,0,0
0.38,0.58,-0.055116,1,0,0
0.4,0.58,-0.012059,1,0,0
0.42,0.58,-0.0058949,1,0,0
0.44,0.58,-0.050627,1,0,0
0.46,0.58,-0.051891,1,0,0
0.48,0.58,0.0026855,1,0,0
0.5,0.58,0.023735,1,0,0
0.52,0.58,-0.017823,1,0,0
0.54,0.58,-0.058165,1,0,0
0.56,0.58,-0.095866,1,0,0
0.58,0.58,-0.047264,1,0,0
0.6,0.58,-0.058997,1,0,0
0.62,0.58,-0.053861,1,0,0
0.64,0.58,-0.022923,1,0,0
0.66,0.58,-0.019365,1,0,0
0.68,0.58,-0.058693,1,0,0
0.7,0.58,0.023746,1,0,0
0.72,0.58,-0.088465,1,0,0
0.74,0.58,-0.022816,1,0,0
0.76,0.58,-0.0021739,1,0,0
0.78,0.58,-0.10147,1,0,0
0.8,0.58,-0.015128,1,0,0
0.82,0.58,-0.039333,1,0,0
0.84,0.58,-0.071955,1,0,0
0.86,0.58,-0.039924,1,0,0
0.88,0.58,-0.052594,1,0,0
0.9,0.58,-0.040929,1,0,0
0.92,0.58,-0.017032,1,0,0
0.94,0.58,-0.0045761,1,0,0
0.96,0.58,-0.056556,1,0,0
0.98,0.58,-0.060504,1,0,0
0.02,0.6,-0.026065,1,0,0
0.04,0.6,-0.012613,1,0,0
0.06,0.6,-0.01326,1,0,0
0.08,0.6,-0.068998,1,0,0
0.1,0.6,-0.032794,1,0,0
0.12,0.6,-0.072764,1,0,0
0.14,0.6,-0.024838,1,0,0
0.16,0.6,-0.026022,1,0,0
0.18,0.6,-0.012617,1,0,0
0.2,0.6,-0.036441,1,0,0
0.22,0.6,-0.061426,1,0,0
0.24,0.6,-0.07815,1,0,0
0.26,0.6,-0.061035,1,0,0
0.28,0.6,-0.061136,1,0,0
0.3,0.6,-0.093786,1,0,0
0.32,0.6,-0.081615,1,0,0
0.34,0.6,-0.089149,1,0,0
0.36,0.6,-0.043465,1,0,0
0.38,0.6,-0.053337,1,0,0
0.4,0.6,-0.05844,1,0,0
0.42,0.6,-0.059872,1,0,0
0.44,0.6,-0.051096,1,0,0
0.46,0.6,-0.019674,1,0,0
0.48,0.6,-0.051299,1,0,0
0.5,0.6,0.01412,1,0,0
0.52,0.6,-0.05654,1,0,0
0.54,0.6,-0.070076,1,0,0
0.56,0.6,-0.10808,1,0,0
0.58,0.6,-0.092893,1,0,0
0.6,0.6,-0.10796,1,0,0
0.62,0.6,-0.12449,1,0,0
0.64,0.6,-0.063823,1,0,0
0.66,0.6,-0.071632,1,0,0
0.68,0.6,-0.072478,1,0,0
0.7,0.6,-0.064946,1,0,0
0.72,0.6,-0.086897,1,0,0
0.74,0.6,-0.088075,1,0,0
0.76,0.6,-0.022659,1,0,0
0.78,0.6,-0.048906,1,0,0
0.8,0.6,-0.035158,1,0,0
0.82,0.6,-0.05156,1,0,0
0.84,0.6,-0.070721,1,0,0
0.86,0.6,-0.084464,1,0,0
0.88,0.6,-0.12,1,0,0
0.9,0.6,-0.14018,1,0,0
0.92,0.6,-0.059063,1,0,0
0.94,0.6,-0.076437,1,0,0
0.96,0.6,-0.061065,1,0,0
0.98,0.6,-0.1175,1,0,0
0.02,0.62,-0.017359,1,0,0
0.04,0.62,-0.014888,1,0,0
0.06,0.62,-0.017308,1,0,0
0.08,0.62,-0.098249,1,0,0
0.1,0.62,-0.061805,1,0,0
0.12,0.62,-0.083419,1,0,0
0.14,0.62,0.0069023,1,0,0
0.16,0.62,-0.041145,1,0,0
0.18,0.62,-0.011629,1,0,0
0.2,0.62,-0.07118,1,0,0
0.22,0.62,-0.0084803,1,0,0
0.24,0.62,-0.060859,1,0,0
0.26,0.62,-0.040591,1,0,0
0.28,0.62,-0.081616,1,0,0
0.3,0.62,-0.036226,1,0,0
0.32,0.62,-0.059377,1,0,0
0.34,0.62,-0.018893,1,0,0
0.36,0.62,-0.037049,1,0,0
0.38,0.62,-0.044471,1,0,0
0.4,0.62,-0.067841,1,0,0
0.42,0.62,-0.038379,1,0,0
0.44,0.62,-0.071241,1,0,0
0.46,0.62,-0.046843,1,0,0
0.48,0.62,-0.019385,1,0,0
0.5,0.62,-0.0084483,1,0,0
0.52,0.62,0.0065116,1,0,0
0.54,0.62,-0.032935,1,0,0
0.56,0.62,-0.054493,1,0,0
0.58,0.62,-0.10243,1,0,0
0.6,0.62,-0.095825,1,0,0
0.62,0.62,-0.10032,1,0,0
0.64,0.62,0.021583,1,0,0
0.66,0.62,-0.070163,1,0,0
0.68,0.62,-0.042618,1,0,0
0.7,0.62,-0.052892,1,0,0
0.72,0.62,-0.058974,1,0,0
0.74,0.62,-0.035947,1,0,0
0.76,0.62,0.025892,1,0,0
0.78,0.62,-0.030304,1,0,0
0.8,0.62,-0.026341,1,0,0
0.82,0.62,-0.034422,1,0,0
0.84,0.62,-0.050885,1,0,0
0.86,0.62,-0.063985,1,0,0
0.88,0.62,-0.12345,1,0,0
0.9,0.62,-0.049263,1,0,0
0.92,0.62,-0.019631,1,0,0
0.94,0.62,-0.059913,1,0,0
0.96,0.62,-0.029855,1,0,0
0.98,0.62,-0.079206,1,0,0
0.02,0.64,-0.075329,1,0,0
0.04,0.64,-0.021144,1,0,0
0.06,0.64,-0.061198,1,0,0
0.08,0.64,-0.056871,1,0,0
0.1,0.64,-0.059657,1,0,0
0.12,0.64,-0.098581,1,0,0
0.14,0.64,-0.077373,1,0,0
0.16,0.64,-0.077851,1,0,0
0.18,0.64,-0.057564,1,0,0
0.2,0.64,-0.08143,1,0,0
0.22,0.64,-0.015529,1,0,0
0.24,0.64,-0.071119,1,0,0
0.26,0.64,-0.026508,1,0,0
0.28,0.64,-0.04309,1,0,0
0.3,0.64,-0.05096,1,0,0
0.32,0.64,-0.086461,1,0,0
0.34,0.64,-0.046118,1,0,0
0.36,0.64,-0.095459,1,0,0
0.38,0.64,-0.10906,1,0,0
0.4,0.64,-0.065041,1,0,0
0.42,0.64,-0.059481,1,0,0
0.44,0.64,-0.08069,1,0,0
0.46,0.64,-0.043365,1,0,0
0.48,0.64,0.00014984,1,0,0
0.5,0.64,-0.054369,1,0,0
0.52,0.64,-0.025126,1,0,0
0.54,0.64,-0.092818,1,0,0
0.56,0.64,-0.079279,1,0,0
0.58,0.64,-0.11626,1,0,0
0.6,0.64,-0.066471,1,0,0
0.62,0.64,-0.11966,1,0,0
0.64,0.64,-0.097187,1,0,0
0.66,0.64,-0.042122,1,0,0
0.68,0.64,-0.090332,1,0,0
0.7,0.64,-0.084898,1,0,0
0.72,0.64,-0.076352,1,0,0
0.74,0.64,-0.065105,1,0,0
0.76,0.64,-0.066736,1,0,0
0.78,0.64,-0.085474,1,0,0
0.8,0.64,-0.036126,1,0,0
0.82,0.64,-0.11369,1,0,0
0.84,0.64,-0.054666,1,0,0
0.86,0.64,-0.11122,1,0,0
0.88,0.64,-0.03747,1,0,0
0.9,0.64,-0.08657,1,0,0
0.92,0.64,-0.077802,1,0,0
0.94,0.64,-0.1121,1,0,0
0.96,0.64,-0.11087,1,0,0
0.98,0.64,-0.070541,1,0,0
0.02,0.66,-0.092894,1,0,0
0.04,0.66,-0.050947,1,0,0
0.06,0.66,-0.053362,1,0,0
0.08,0.66,-0.087873,1,0,0
0.1,0.66,0.0057696,1,0,0
0.12,0.66,-0.022073,1,0,0
0.14,0.66,-0.053339,1,0,0
0.16,0.66,-0.055847,1,0,0
0.18,0.66,-0.061571,1,0,0
0.2,0.66,-0.12119,1,0,0
0.22,0.66,-0.052755,1,0,0
0.24,0.66,-0.050584,1,0,0
0.26,0.66,-0.10381,1,0,0
0.28,0.66,-0.079347,1,0,0
0.3,0.66,-0.065644,1,0,0
0.32,0.66,-0.059533,1,0,0
0.34,0.66,-0.044476,1,0,0
0.36,0.66,-0.091828,1,0,0
0.38,0.66,-0.068007,1,0,0
0.4,0.66,-0.062194,1,0,0
0.42,0.66,-0.029033,1,0,0
0.44,0.66,-0.044068,1,0,0
0.46,0.66,-0.03523,1,0,0
0.48,0.66,-0.046607,1,0,0
0.5,0.66,-0.079872,1,0,0
0.52,0.66,-0.037199,1,0,0
0.54,0.66,0.0036354,1,0,0
0.56,0.66,-0.055235,1,0,0
0.58,0.66,-0.051781,1,0,0
0.6,0.66,-0.050458,1,0,0
0.62,0.66,-0.11917,1,0,0
0.64,0.66,-0.10858,1,0,0
0.66,0.66,-0.13155,1,0,0
0.68,0.66,-0.074113,1,0,0
0.7,0.66,-0.064576,1,0,0
0.72,0.66,-0.065404,1,0,0
0.74,0.66,-0.059621,1,0,0
0.76,0.66,-0.020374,1,0,0
0.78,0.66,-0.083949,1,0,0
0.8,0.66,-0.067435,1,0,0
0.82,0.66,-0.089161,1,0,0
0.84,0.66,-0.085501,1,0,0
0.86,0.66,-0.055249,1,0,0
0.88,0.66,-0.084444,1,0,0
0.9,0.66,-0.07039,1,0,0
0.92,0.66,-0.084999,1,0,0
0.94,0.66,-0.08133,1,0,0
0.96,0.66,-0.070776,1,0,0
0.98,0.66,-0.062905,1,0,0
0.02,0.68,-0.14712,1,0,0
0.04,0.68,-0.06462,1,0,0
0.06,0.68,-0.072567,1,0,0
0.08,0.68,-0.1098,1,0,0
0.1,0.68,-0.052084,1,0,0
0.12,0.68,-0.067831,1,0,0
0.14,0.68,0.0038047,1,0,0
0.16,0.68,-0.040916,1,0,0
0.18,0.68,-0.075907,1,0,0
0.2,0.68,-0.11046,1,0,0
0.22,0.68,-0.088027,1,0,0
0.24,0.68,-0.061834,1,0,0
0.26,0.68,-0.090883,1,0,0
0.28,0.68,-0.10225,1,0,0
0.3,0.68,-0.159,1,0,0
0.32,0.68,-0.12948,1,0,0
0.34,0.68,-0.051647,1,0,0
0.36,0.68,-0.02988,1,0,0
0.38,0.68,-0.076175,1,0,0
0.4,0.68,-0.008169,1,0,0
0.42,0.68,-0.044369,1,0,0
0.44,0.68,-0.0069642,1,0,0
0.46,0.68,-0.039681,1,0,0
0.48,0.68,-0.071406,1,0,0
0.5,0.68,-0.076685,1,0,0
0.52,0.68,-0.085528,1,0,0
0.54,0.68,-0.045146,1,0,0
0.56,0.68,-0.02668,1,0,0
0.58,0.68,-0.082331,1,0,0
0.6,0.68,-0.10836,1,0,0
0.62,0.68,-0.069812,1,0,0
0.64,0.68,-0.098573,1,0,0
0.66,0.68,-0.10708,1,0,0
0.68,0.68,-0.066929,1,0,0
0.7,0.68,-0.10977,1,0,0
0.72,0.68,-0.030445,1,0,0
0.74,0.68,-0.05875,1,0,0
0.76,0.68,-0.03899,1,0,0
0.78,0.68,-0.022877,1,0,0
0.8,0.68,-0.10717,1,0,0
0.82,0.68,-0.070422,1,0,0
0.84,0.68,-0.06327,1,0,0
0.86,0.68,-0.081904,1,0,0
0.88,0.68,-0.085865,1,0,0
0.9,0.68,-0.09321,1,0,0
0.92,0.68,-0.066166,1,0,0
0.94,0.68,-0.075939,1,0,0
0.96,0.68,-0.074741,1,0,0
0.98,0.68,-0.11579,1,0,0
0.02,0.7,-0.070467,1,0,0
0.04,0.7,-0.037257,1,0,0
0.06,0.7,-0.028079,1,0,0
0.08,0.7,-0.10759,1,0,0
0.1,0.7,-0.041648,1,0,0
0.12,0.7,-0.075438,1,0,0
0.14,0.7,-0.0541,1,0,0
0.16,0.7,-0.025667,1,0,0
0.18,0.7,-0.048434,1,0,0
0.2,0.7,-0.069942,1,0,0
0.22,0.7,-0.069609,1,0,0
0.24,0.7,-0.030999,1,0,0
0.26,0.7,-0.087949,1,0,0
0.28,0.7,-0.089896,1,0,0
0.3,0.7,-0.053919,1,0,0
0.32,0.7,-0.039097,1,0,0
0.34,0.7,-0.081846,1,0,0
0.36,0.7,-0.045246,1,0,0
0.38,0.7,-0.052227,1,0,0
0.4,0.7,0.0084332,1,0,0
0.42,0.7,-0.029153,1,0,0
0.44,0.7,-0.046389,1,0,0
0.46,0.7,-0.039686,1,0,0
0.48,0.7,-0.058065,1,0,0
0.5,0.7,-0.064287,1,0,0
0.52,0.7,-0.077057,1,0,0
0.54,0.7,-0.072854,1,0,0
0.56,0.7,-0.07423,1,0,0
0.58,0.7,-0.047032,1,0,0
0.6,0.7,-0.087392,1,0,0
0.62,0.7,-0.036018,1,0,0
0.64,0.7,-0.070721,1,0,0
0.66,0.7,-0.095144,1,0,0
0.68,0.7,-0.091733,1,0,0
0.7,0.7,-0.054713,1,0,0
0.72,0.7,-0.060854,1,0,0
0.74,0.7,-0.10469,1,0,0
0.76,0.7,-0.071374,1,0,0
0.78,0.7,-0.080559,1,0,0
0.8,0.7,-0.065943,1,0,0
0.82,0.7,-0.088423,1,0,0
0.84,0.7,-0.046916,1,0,0
0.86,0.7,-0.065439,1,0,0
0.88,0.7,-0.084784,1,0,0
0.9,0.7,-0.0088756,1,0,0
0.92,0.7,-0.020537,1,0,0
0.94,0.7,-0.061324,1,0,0
0.96,0.7,-0.065517,1,0,0
0.98,0.7,-0.13016,1,0,0
0.02,0.72,-0.087521,1,0,0
0.04,0.72,-0.03741,1,0,0
0.06,0.72,-0.058195,1,0,0
0.08,0.72,-0.13325,1,0,0
0.1,0.72,-0.058312,1,0,0
0.12,0.72,-0.069057,1,0,0
0.14,0.72,-0.089732,1,0,0
0.16,0.72,-0.079217,1,0,0
0.18,0.72,-0.077815,1,0,0
0.2,0.72,-0.062799,1,0,0
0.22,0.72,-0.097882,1,0,0
0.24,0.72,-0.074987,1,0,0
0.26,0.72,-0.081502,1,0,0
0.28,0.72,-0.091978,1,0,0
0.3,0.72,-0.050565,1,0,0
0.32,0.72,-0.075852,1,0,0
0.34,0.72,-0.045739,1,0,0
0.36,0.72,-0.11242,1,0,0
0.38,0.72,-0.074996,1,0,0
0.4,0.72,-0.013518,1,0,0
0.42,0.72,-0.02679,1,0,0
0.44,0.72,-0.07371,1,0,0
0.46,0.72,-0.061899,1,0,0
0.48,0.72,-0.026374,1,0,0
0.5,0.72,-0.052794,1,0,0
0.52,0.72,-0.063409,1,0,0
0.54,0.72,-0.11744,1,0,0
0.56,0.72,-0.030994,1,0,0
0.58,0.72,-0.064619,1,0,0
0.6,0.72,-0.024546,1,0,0
0.62,0.72,-0.042305,1,0,0
0.64,0.72,-0.038774,1,0,0
0.66,0.72,-0.064862,1,0,0
0.68,0.72,-0.076588,1,0,0
0.7,0.72,-0.055821,1,0,0
0.72,0.72,-0.042613,1,0,0
0.74,0.72,-0.10374,1,0,0
0.76,0.72,-0.089637,1,0,0
0.78,0.72,-0.065179,1,0,0
0.8,0.72,-0.054017,1,0,0
0.82,0.72,-0.051933,1,0,0
0.84,0.72,-0.032965,1,0,0
0.86,0.72,-0.041105,1,0,0
0.88,0.72,-0.027366,1,0,0
0.9,0.72,-0.076725,1,0,0
0.92,0.72,-0.059049,1,0,0
0.94,0.72,-0.097763,1,0,0
0.96,0.72,-0.13782,1,0,0
0.98,0.72,-0.14988,1,0,0
0.02,0.74,-0.09011,1,0,0
0.04,0.74,-0.079443,1,0,0
0.06,0.74,-0.084066,1,0,0
0.08,0.74,-0.09227,1,0,0
0.1,0.74,-0.066812,1,0,0
0.12,0.74,-0.055336,1,0,0
0.14,0.74,-0.001529,1,0,0
0.16,0.74,-0.050641,1,0,0
0.18,0.74,-0.027739,1,0,0
0.2,0.74,-0.070428,1,0,0
0.22,0.74,-0.090003,1,0,0
0.24,0.74,-0.11199,1,0,0
0.26,0.74,-0.081977,1,0,0
0.28,0.74,-0.095266,1,0,0
0.3,0.74,-0.047261,1,0,0
0.32,0.74,-0.086232,1,0,0
0.34,0.74,-0.028656,1,0,0
0.36,0.74,-0.089311,1,0,0
0.38,0.74,-0.044103,1,0,0
0.4,0.74,-0.024382,1,0,0
0.42,0.74,-0.091862,1,0,0
0.44,0.74,-0.050431,1,0,0
0.46,0.74,-0.091269,1,0,0
0.48,0.74,-0.017694,1,0,0
0.5,0.74,-0.074748,1,0,0
0.52,0.74,-0.012502,1,0,0
0.54,0.74,-0.025052,1,0,0
0.56,0.74,-0.040786,1,0,0
0.58,0.74,-0.065614,1,0,0
0.6,0.74,-0.047442,1,0,0
0.62,0.74,-0.05851,1,0,0
0.64,0.74,-0.082616,1,0,0
0.66,0.74,-0.10198,1,0,0
0.68,0.74,-0.03996,1,0,0
0.7,0.74,-0.030606,1,0,0
0.72,0.74,-0.026497,1,0,0
0.74,0.74,-0.015631,1,0,0
0.76,0.74,-0.070581,1,0,0
0.78,0.74,-0.07036,1,0,0
0.8,0.74,-0.055133,1,0,0
0.82,0.74,-0.046673,1,0,0
0.84,0.74,-0.092496,1,0,0
0.86,0.74,-0.076653,1,0,0
0.88,0.74,-0.060173,1,0,0
0.9,0.74,-0.15315,1,0,0
0.92,0.74,-0.017582,1,0,0
0.94,0.74,-0.052906,1,0,0
0.96,0.74,-0.063921,1,0,0
0.98,0.74,-0.14985,1,0,0
0.02,0.76,-0.083547,1,0,0
0.04,0.76,-0.092424,1,0,0
0.06,0.76,-0.10824,1,0,0
0.08,0.76,-0.099304,1,0,0
0.1,0.76,-0.056521,1,0,0
0.12,0.76,-0.058996,1,0,0
0.14,0.76,0.0017462,1,0,0
0.16,0.76,-0.041318,1,0,0
0.18,0.76,-0.050818,1,0,0
0.2,0.76,-0.12548,1,0,0
0.22,0.76,-0.13009,1,0,0
0.24,0.76,-0.075604,1,0,0
0.26,0.76,-0.10539,1,0,0
0.28,0.76,-0.10404,1,0,0
0.3,0.76,-0.053162,1,0,0
0.32,0.76,-0.05381,1,0,0
0.34,0.76,-0.088564,1,0,0
0.36,0.76,-0.086835,1,0,0
0.38,0.76,-0.032906,1,0,0
0.4,0.76,-0.045117,1,0,0
0.42,0.76,-0.07368,1,0,0
0.44,0.76,-0.073813,1,0,0
0.46,0.76,-0.083418,1,0,0
0.48,0.76,-0.11113,1,0,0
0.5,0.76,-0.042344,1,0,0
0.52,0.76,-0.00047937,1,0,0
0.54,0.76,-0.023262,1,0,0
0.56,0.76,-0.064617,1,0,0
0.58,0.76,-0.066897,1,0,0
0.6,0.76,-0.071981,1,0,0
0.62,0.76,-0.1154,1,0,0
0.64,0.76,-0.06199,1,0,0
0.66,0.76,-0.073039,1,0,0
0.68,0.76,-0.029032,1,0,0
0.7,0.76,-0.10162,1,0,0
0.72,0.76,-0.079816,1,0,0
0.74,0.76,-0.017492,1,0,0
0.76,0.76,-0.027879,1,0,0
0.78,0.76,-0.046439,1,0,0
0.8,0.76,-0.074702,1,0,0
0.82,0.76,-0.035599,1,0,0
0.84,0.76,-0.074748,1,0,0
0.86,0.76,-0.11894,1,0,0
0.88,0.76,-0.10442,1,0,0
0.9,0.76,-0.15595,1,0,0
0.92,0.76,-0.070159,1,0,0
0.94,0.76,-0.097271,1,0,0
0.96,0.76,-0.0873,1,0,0
0.98,0.76,-0.11599,1,0,0
0.02,0.78,-0.12803,1,0,0
0.04,0.78,-0.15223,1,0,0
0.06,0.78,-0.094615,1,0,0
0.08,0.78,-0.096084,1,0,0
0.1,0.78,-0.074683,1,0,0
0.12,0.78,-0.057139,1,0,0
0.14,0.78,-0.027654,1,0,0
0.16,0.78,-0.129,1,0,0
0.18,0.78,-0.13244,1,0,0
0.2,0.78,-0.055456,1,0,0
0.22,0.78,-0.099869,1,0,0
0.24,0.78,-0.10239,1,0,0
0.26,0.78,-0.09687,1,0,0
0.28,0.78,-0.041726,1,0,0
0.3,0.78,-0.053538,1,0,0
0.32,0.78,-0.058901,1,0,0
0.34,0.78,-0.11236,1,0,0
0.36,0.78,-0.10322,1,0,0
0.38,0.78,-0.08555,1,0,0
0.4,0.78,-0.053051,1,0,0
0.42,0.78,-0.070521,1,0,0
0.44,0.78,-0.1234,1,0,0
0.46,0.78,-0.06715,1,0,0
0.48,0.78,-0.039196,1,0,0
0.5,0.78,-0.02058,1,0,0
0.52,0.78,-0.028174,1,0,0
0.54,0.78,-0.068295,1,0,0
0.56,0.78,-0.089864,1,0,0
0.58,0.78,-0.030286,1,0,0
0.6,0.78,-0.056388,1,0,0
0.62,0.78,-0.11362,1,0,0
0.64,0.78,-0.048673,1,0,0
0.66,0.78,-0.047633,1,0,0
0.68,0.78,-0.037233,1,0,0
0.7,0.78,-0.0039218,1,0,0
0.72,0.78,-0.02816,1,0,0
0.74,0.78,-0.051483,1,0,0
0.76,0.78,-0.064457,1,0,0
0.78,0.78,-0.081766,1,0,0
0.8,0.78,-0.055638,1,0,0
0.82,0.78,-0.054428,1,0,0
0.84,0.78,-0.065921,1,0,0
0.86,0.78,-0.040138,1,0,0
0.88,0.78,-0.078158,1,0,0
0.9,0.78,-0.091639,1,0,0
0.92,0.78,-0.078255,1,0,0
0.94,0.78,-0.12535,1,0,0
0.96,0.78,-0.12795,1,0,0
0.98,0.78,-0.084597,1,0,0
0.02,0.8,-0.067275,1,0,0
0.04,0.8,-0.0523,1,0,0
0.06,0.8,-0.077623,1,0,0
0.08,0.8,-0.11286,1,0,0
0.1,0.8,-0.015998,1,0,0
0.12,0.8,0.0084276,1,0,0
0.14,0.8,-0.012258,1,0,0
0.16,0.8,-0.067169,1,0,0
0.18,0.8,-0.057263,1,0,0
0.2,0.8,-0.074628,1,0,0
0.22,0.8,-0.066414,1,0,0
0.24,0.8,-0.11074,1,0,0
0.26,0.8,-0.12067,1,0,0
0.28,0.8,-0.11258,1,0,0
0.3,0.8,-0.060648,1,0,0
0.32,0.8,-0.063718,1,0,0
0.34,0.8,-0.05607,1,0,0
0.36,0.8,-0.075035,1,0,0
0.38,0.8,-0.030645,1,0,0
0.4,0.8,-0.020568,1,0,0
0.42,0.8,-0.02758,1,0,0
0.44,0.8,-0.015416,1,0,0
0.46,0.8,-0.082637,1,0,0
0.48,0.8,-0.038597,1,0,0
0.5,0.8,-0.035418,1,0,0
0.52,0.8,-0.032956,1,0,0
0.54,0.8,-0.033708,1,0,0
0.56,0.8,-0.050508,1,0,0
0.58,0.8,-0.035941,1,0,0
0.6,0.8,-0.11606,1,0,0
0.62,0.8,-0.11212,1,0,0
0.64,0.8,-0.048647,1,0,0
0.66,0.8,-0.050647,1,0,0
0.68,0.8,-0.072892,1,0,0
0.7,0.8,0.019727,1,0,0
0.72,0.8,-0.078202,1,0,0
0.74,0.8,-0.037582,1,0,0
0.76,0.8,0.0060076,1,0,0
0.78,0.8,-0.036069,1,0,0
0.8,0.8,-0.052688,1,0,0
0.82,0.8,0.01721,1,0,0
0.84,0.8,-0.043818,1,0,0
0.86,0.8,-0.043144,1,0,0
0.88,0.8,-0.058619,1,0,0
0.9,0.8,-0.093637,1,0,0
0.92,0.8,-0.073889,1,0,0
0.94,0.8,-0.11672,1,0,0
0.96,0.8,-0.077999,1,0,0
0.98,0.8,-0.087767,1,0,0
0.02,0.82,-0.084565,1,0,0
0.04,0.82,-0.056878,1,0,0
0.06,0.82,-0.074885,1,0,0
0.08,0.82,-0.11291,1,0,0
0.1,0.82,-0.056162,1,0,0
0.12,0.82,-0.0084295,1,0,0
0.14,0.82,-0.047675,1,0,0
0.16,0.82,-0.064081,1,0,0
0.18,0.82,-0.085468,1,0,0
0.2,0.82,-0.062192,1,0,0
0.22,0.82,-0.12796,1,0,0
0.24,0.82,-0.097131,1,0,0
0.26,0.82,-0.083554,1,0,0
0.28,0.82,-0.086873,1,0,0
0.3,0.82,-0.073141,1,0,0
0.32,0.82,-0.036662,1,0,0
0.34,0.82,0.042816,1,0,0
0.36,0.82,0.013332,1,0,0
0.38,0.82,0.0063539,1,0,0
0.4,0.82,-0.043028,1,0,0
0.42,0.82,-0.050417,1,0,0
0.44,0.82,-0.067929,1,0,0
0.46,0.82,-0.091206,1,0,0
0.48,0.82,-0.066161,1,0,0
0.5,0.82,0.0059882,1,0,0
0.52,0.82,-0.030015,1,0,0
0.54,0.82,-0.022142,1,0,0
0.56,0.82,-0.0038739,1,0,0
0.58,0.82,-0.01608,1,0,0
0.6,0.82,-0.077034,1,0,0
0.62,0.82,-0.080371,1,0,0
0.64,0.82,-0.0090935,1,0,0
0.66,0.82,-0.045412,1,0,0
0.68,0.82,-0.025608,1,0,0
0.7,0.82,-0.050237,1,0,0
0.72,0.82,-0.065085,1,0,0
0.74,0.82,-0.021491,1,0,0
0.76,0.82,0.048051,1,0,0
0.78,0.82,0.027685,1,0,0
0.8,0.82,-0.036019,1,0,0
0.82,0.82,-0.0021449,1,0,0
0.84,0.82,-0.039402,1,0,0
0.86,0.82,-0.018433,1,0,0
0.88,0.82,-0.069697,1,0,0
0.9,0.82,-0.091029,1,0,0
0.92,0.82,-0.043076,1,0,0
0.94,0.82,-2.3852e-05,1,0,0
0.96,0.82,-0.025274,1,0,0
0.98,0.82,-0.071615,1,0,0
0.02,0.84,-0.06725,1,0,0
0.04,0.84,-0.047387,1,0,0
0.06,0.84,-0.042806,1,0,0
0.08,0.84,-0.096158,1,0,0
0.1,0.84,-0.067729,1,0,0
0.12,0.84,-0.033159,1,0,0
0.14,0.84,-0.051763,1,0,0
0.16,0.84,-0.10337,1,0,0
0.18,0.84,-0.068014,1,0,0
0.2,0.84,-0.11095,1,0,0
0.22,0.84,-0.07706,1,0,0
0.24,0.84,-0.14805,1,0,0
0.26,0.84,-0.062098,1,0,0
0.28,0.84,-0.11962,1,0,0
0.3,0.84,-0.076514,1,0,0
0.32,0.84,-0.065318,1,0,0
0.34,0.84,-0.019309,1,0,0
0.36,0.84,-0.071759,1,0,0
0.38,0.84,-0.014058,1,0,0
0.4,0.84,-0.022243,1,0,0
0.42,0.84,-0.01468,1,0,0
0.44,0.84,-0.085543,1,0,0
0.46,0.84,-0.032075,1,0,0
0.48,0.84,-0.014374,1,0,0
0.5,0.84,-0.054371,1,0,0
0.52,0.84,-0.033836,1,0,0
0.54,0.84,-0.045248,1,0,0
0.56,0.84,-0.082596,1,0,0
0.58,0.84,-0.1132,1,0,0
0.6,0.84,-0.070802,1,0,0
0.62,0.84,-0.12611,1,0,0
0.64,0.84,-0.052414,1,0,0
0.66,0.84,-0.081936,1,0,0
0.68,0.84,-0.024396,1,0,0
0.7,0.84,-0.032484,1,0,0
0.72,0.84,-0.11321,1,0,0
0.74,0.84,-0.010515,1,0,0
0.76,0.84,0.0076685,1,0,0
0.78,0.84,-0.038627,1,0,0
0.8,0.84,-0.0075769,1,0,0
0.82,0.84,0.028875,1,0,0
0.84,0.84,-0.028933,1,0,0
0.86,0.84,-0.051033,1,0,0
0.88,0.84,-0.062759,1,0,0
0.9,0.84,-0.02759,1,0,0
0.92,0.84,-0.059662,1,0,0
0.94,0.84,-0.016132,1,0,0
0.96,0.84,-0.049944,1,0,0
0.98,0.84,-0.1014,1,0,0
0.02,0.86,-0.11045,1,0,0
0.04,0.86,-0.099516,1,0,0
0.06,0.86,-0.082353,1,0,0
0.08,0.86,-0.12975,1,0,0
0.1,0.86,-0.049323,1,0,0
0.12,0.86,-0.10071,1,0,0
0.14,0.86,-0.071731,1,0,0
0.16,0.86,-0.11072,1,0,0
0.18,0.86,-0.099932,1,0,0
0.2,0.86,-0.10218,1,0,0
0.22,0.86,-0.062959,1,0,0
0.24,0.86,-0.12084,1,0,0
0.26,0.86,-0.10778,1,0,0
0.28,0.86,-0.13153,1,0,0
0.3,0.86,-0.096616,1,0,0
0.32,0.86,-0.086245,1,0,0
0.34,0.86,-0.058299,1,0,0
0.36,0.86,-0.085602,1,0,0
0.38,0.86,0.0012517,1,0,0
0.4,0.86,-0.0034751,1,0,0
0.42,0.86,-0.039926,1,0,0
0.44,0.86,-0.068709,1,0,0
0.46,0.86,-0.022639,1,0,0
0.48,0.86,-0.016864,1,0,0
0.5,0.86,-0.063212,1,0,0
0.52,0.86,-0.080664,1,0,0
0.54,0.86,-0.12305,1,0,0
0.56,0.86,-0.088319,1,0,0
0.58,0.86,-0.079519,1,0,0
0.6,0.86,-0.088031,1,0,0
0.62,0.86,-0.12068,1,0,0
0.64,0.86,-0.11186,1,0,0
0.66,0.86,-0.088047,1,0,0
0.68,0.86,-0.042905,1,0,0
0.7,0.86,-0.024387,1,0,0
0.72,0.86,-0.025826,1,0,0
0.74,0.86,-0.007008,1,0,0
0.76,0.86,0.017417,1,0,0
0.78,0.86,-0.055301,1,0,0
0.8,0.86,-0.064045,1,0,0
0.82,0.86,-0.039387,1,0,0
0.84,0.86,-0.06516,1,0,0
0.86,0.86,-0.12271,1,0,0
0.88,0.86,-0.045237,1,0,0
0.9,0.86,-0.051047,1,0,0
0.92,0.86,-0.092027,1,0,0
0.94,0.86,-0.065963,1,0,0
0.96,0.86,-0.035355,1,0,0
0.98,0.86,-0.060614,1,0,0
0.02,0.88,-0.13851,1,0,0
0.04,0.88,-0.18143,1,0,0
0.06,0.88,-0.085124,1,0,0
0.08,0.88,-0.15644,1,0,0
0.1,0.88,-0.11359,1,0,0
0.12,0.88,-0.067739,1,0,0
0.14,0.88,-0.03345,1,0,0
0.16,0.88,-0.090226,1,0,0
0.18,0.88,-0.10016,1,0,0
0.2,0.88,-0.12862,1,0,0
0.22,0.88,-0.10243,1,0,0
0.24,0.88,-0.14337,1,0,0
0.26,0.88,-0.095277,1,0,0
0.28,0.88,-0.044842,1,0,0
0.3,0.88,-0.11782,1,0,0
0.32,0.88,-0.067422,1,0,0
0.34,0.88,-0.056676,1,0,0
0.36,0.88,-0.095402,1,0,0
0.38,0.88,-0.031631,1,0,0
0.4,0.88,-0.039405,1,0,0
0.42,0.88,-0.01329,1,0,0
0.44,0.88,-0.061842,1,0,0
0.46,0.88,-0.044122,1,0,0
0.48,0.88,-0.082673,1,0,0
0.5,0.88,-0.032268,1,0,0
0.52,0.88,-0.071522,1,0,0
0.54,0.88,-0.044936,1,0,0
0.56,0.88,-0.072082,1,0,0
0.58,0.88,-0.084609,1,0,0
0.6,0.88,-0.12678,1,0,0
0.62,0.88,-0.1292,1,0,0
0.64,0.88,-0.08072,1,0,0
0.66,0.88,-0.12598,1,0,0
0.68,0.88,-0.068023,1,0,0
0.7,0.88,-0.022932,1,0,0
0.72,0.88,0.016393,1,0,0
0.74,0.88,-0.0031993,1,0,0
0.76,0.88,0.0131,1,0,0
0.78,0.88,0.00093597,1,0,0
0.8,0.88,-0.015642,1,0,0
0.82,0.88,-0.03912,1,0,0
0.84,0.88,-0.055932,1,0,0
0.86,0.88,-0.04446,1,0,0
0.88,0.88,-0.080087,1,0,0
0.9,0.88,-0.12493,1,0,0
0.92,0.88,0.0065275,1,0,0
0.94,0.88,-0.024586,1,0,0
0.96,0.88,-0.096807,1,0,0
0.98,0.88,-0.12433,1,0,0
0.02,0.9,-0.12971,1,0,0
0.04,0.9,-0.096902,1,0,0
0.06,0.9,-0.12405,1,0,0
0.08,0.9,-0.12104,1,0,0
0.1,0.9,-0.12835,1,0,0
0.12,0.9,-0.13651,1,0,0
0.14,0.9,-0.097073,1,0,0
0.16,0.9,-0.10397,1,0,0
0.18,0.9,-0.074286,1,0,0
0.2,0.9,-0.16068,1,0,0
0.22,0.9,-0.071024,1,0,0
0.24,0.9,-0.088967,1,0,0
0.26,0.9,0.015196,1,0,0
0.28,0.9,-0.027228,1,0,0
0.3,0.9,-0.059843,1,0,0
0.32,0.9,-0.054017,1,0,0
0.34,0.9,-0.044358,1,0,0
0.36,0.9,-0.032256,1,0,0
0.38,0.9,-0.084149,1,0,0
0.4,0.9,-0.062377,1,0,0
0.42,0.9,-0.050172,1,0,0
0.44,0.9,-0.067187,1,0,0
0.46,0.9,-0.069379,1,0,0
0.48,0.9,-0.087416,1,0,0
0.5,0.9,-0.05115,1,0,0
0.52,0.9,-0.10137,1,0,0
0.54,0.9,-0.10942,1,0,0
0.56,0.9,-0.047557,1,0,0
0.58,0.9,-0.1004,1,0,0
0.6,0.9,-0.12217,1,0,0
0.62,0.9,-0.057419,1,0,0
0.64,0.9,-0.079614,1,0,0
0.66,0.9,-0.058323,1,0,0
0.68,0.9,-0.054393,1,0,0
0.7,0.9,-0.05535,1,0,0
0.72,0.9,-0.053358,1,0,0
0.74,0.9,-0.008872,1,0,0
0.76,0.9,-0.014778,1,0,0
0.78,0.9,-0.00023535,1,0,0
0.8,0.9,-0.072134,1,0,0
0.82,0.9,-0.06291,1,0,0
0.84,0.9,-0.016694,1,0,0
0.86,0.9,-0.026474,1,0,0
0.88,0.9,-0.010678,1,0,0
0.9,0.9,-0.066771,1,0,0
0.92,0.9,-0.028251,1,0,0
0.94,0.9,0.0011122,1,0,0
0.96,0.9,-0.082593,1,0,0
0.98,0.9,-0.11135,1,0,0
0.02,0.92,-0.13935,1,0,0
0.04,0.92,-0.15897,1,0,0
0.06,0.92,-0.15344,1,0,0
0.08,0.92,-0.14866,1,0,0
0.1,0.92,-0.15066,1,0,0
0.12,0.92,-0.13228,1,0,0
0.14,0.92,-0.10033,1,0,0
0.16,0.92,-0.075277,1,0,0
0.18,0.92,-0.086888,1,0,0
0.2,0.92,-0.10507,1,0,0
0.22,0.92,-0.071063,1,0,0
0.24,0.92,-0.089677,1,0,0
0.26,0.92,-0.13948,1,0,0
0.28,0.92,-0.077869,1,0,0
0.3,0.92,-0.059402,1,0,0
0.32,0.92,-0.033935,1,0,0
0.34,0.92,-0.10962,1,0,0
0.36,0.92,-0.080216,1,0,0
0.38,0.92,-0.05527,1,0,0
0.4,0.92,-0.046215,1,0,0
0.42,0.92,-0.051587,1,0,0
0.44,0.92,-0.11306,1,0,0
0.46,0.92,-0.04162,1,0,0
0.48,0.92,-0.037783,1,0,0
0.5,0.92,-0.043308,1,0,0
0.52,0.92,-0.04817,1,0,0
0.54,0.92,-0.060845,1,0,0
0.56,0.92,-0.093913,1,0,0
0.58,0.92,-0.087924,1,0,0
0.6,0.92,-0.078308,1,0,0
0.62,0.92,-0.080544,1,0,0
0.64,0.92,-0.088562,1,0,0
0.66,0.92,-0.10764,1,0,0
0.68,0.92,-0.084833,1,0,0
0.7,0.92,-0.019898,1,0,0
0.72,0.92,-0.049734,1,0,0
0.74,0.92,0.012089,1,0,0
0.76,0.92,-0.023059,1,0,0
0.78,0.92,0.018297,1,0,0
0.8,0.92,0.0019174,1,0,0
0.82,0.92,-0.045448,1,0,0
0.84,0.92,-0.10222,1,0,0
0.86,0.92,-0.055774,1,0,0
0.88,0.92,-0.057233,1,0,0
0.9,0.92,-0.043332,1,0,0
0.92,0.92,-0.016168,1,0,0
0.94,0.92,-0.032019,1,0,0
0.96,0.92,-0.11636,1,0,0
0.98,0.92,-0.12179,1,0,0
0.02,0.94,-0.09586,1,0,0
0.04,0.94,-0.10341,1,0,0
0.06,0.94,-0.10186,1,0,0
0.08,0.94,-0.087135,1,0,0
0.1,0.94,-0.083699,1,0,0
0.12,0.94,-0.10299,1,0,0
0.14,0.94,-0.093906,1,0,0
0.16,0.94,-0.038308,1,0,0
0.18,0.94,-0.08665,1,0,0
0.2,0.94,-0.10672,1,0,0
0.22,0.94,-0.091727,1,0,0
0.24,0.94,-0.05734,1,0,0
0.26,0.94,-0.1136,1,0,0
0.28,0.94,-0.11504,1,0,0
0.3,0.94,-0.054148,1,0,0
0.32,0.94,-0.036443,1,0,0
0.34,0.94,0.0026377,1,0,0
0.36,0.94,-0.08658,1,0,0
0.38,0.94,-0.018416,1,0,0
0.4,0.94,-0.083453,1,0,0
0.42,0.94,-0.098898,1,0,0
0.44,0.94,-0.050245,1,0,0
0.46,0.94,-0.0026139,1,0,0
0.48,0.94,-0.0080932,1,0,0
0.5,0.94,-0.039899,1,0,0
0.52,0.94,-0.032565,1,0,0
0.54,0.94,-0.046073,1,0,0
0.56,0.94,-0.052691,1,0,0
0.58,0.94,-0.087365,1,0,0
0.6,0.94,-0.069249,1,0,0
0.62,0.94,-0.037134,1,0,0
0.64,0.94,-0.065457,1,0,0
0.66,0.94,-0.04052,1,0,0
0.68,0.94,-0.049001,1,0,0
0.7,0.94,-0.049824,1,0,0
0.72,0.94,-0.038084,1,0,0
0.74,0.94,0.0050931,1,0,0
0.76,0.94,0.0081647,1,0,0
0.78,0.94,-0.0012023,1,0,0
0.8,0.94,-0.050128,1,0,0
0.82,0.94,0.0059799,1,0,0
0.84,0.94,-0.067092,1,0,0
0.86,0.94,-0.047499,1,0,0
0.88,0.94,-0.029245,1,0,0
0.9,0.94,-0.018942,1,0,0
0.92,0.94,-0.03373,1,0,0
0.94,0.94,-0.017659,1,0,0
0.96,0.94,-0.060241,1,0,0
0.98,0.94,-0.0072887,1,0,0
0.02,0.96,-0.077736,1,0,0
0.04,0.96,-0.067804,1,0,0
0.06,0.96,-0.085348,1,0,0
0.08,0.96,-0.073312,1,0,0
0.1,0.96,-0.12686,1,0,0
0.12,0.96,-0.084217,1,0,0
0.14,0.96,-0.099481,1,0,0
0.16,0.96,-0.10214,1,0,0
0.18,0.96,-0.060288,1,0,0
0.2,0.96,-0.12353,1,0,0
0.22,0.96,-0.076173,1,0,0
0.24,0.96,-0.084789,1,0,0
0.26,0.96,-0.057086,1,0,0
0.28,0.96,-0.076744,1,0,0
0.3,0.96,-0.059267,1,0,0
0.32,0.96,-0.053292,1,0,0
0.34,0.96,-0.053443,1,0,0
0.36,0.96,-0.068905,1,0,0
0.38,0.96,-0.087748,1,0,0
0.4,0.96,-0.041588,1,0,0
0.42,0.96,-0.063872,1,0,0
0.44,0.96,-0.040349,1,0,0
0.46,0.96,-0.065308,1,0,0
0.48,0.96,-0.018073,1,0,0
0.5,0.96,-0.021954,1,0,0
0.52,0.96,0.02534,1,0,0
0.54,0.96,-0.013357,1,0,0
0.56,0.96,-0.06447,1,0,0
0.58,0.96,-0.1126,1,0,0
0.6,0.96,-0.087827,1,0,0
0.62,0.96,-0.055731,1,0,0
0.64,0.96,-0.054152,1,0,0
0.66,0.96,-0.018198,1,0,0
0.68,0.96,-0.040039,1,0,0
0.7,0.96,-0.045085,1,0,0
0.72,0.96,-0.097072,1,0,0
0.74,0.96,-0.013264,1,0,0
0.76,0.96,0.0052046,1,0,0
0.78,0.96,-0.0027625,1,0,0
0.8,0.96,-0.034336,1,0,0
0.82,0.96,-0.028262,1,0,0
0.84,0.96,-0.092839,1,0,0
0.86,0.96,-0.05298,1,0,0
0.88,0.96,-0.0069735,1,0,0
0.9,0.96,-0.044294,1,0,0
0.92,0.96,0.039347,1,0,0
0.94,0.96,-0.00068221,1,0,0
0.96,0.96,-0.015397,1,0,0
0.98,0.96,-0.087515,1,0,0
0.02,0.98,-0.070907,1,0,0
0.04,0.98,-0.052652,1,0,0
0.06,0.98,-0.053633,1,0,0
0.08,0.98,-0.10376,1,0,0
0.1,0.98,-0.043152,1,0,0
0.12,0.98,-0.047332,1,0,0
0.14,0.98,-0.081093,1,0,0
0.16,0.98,-0.091077,1,0,0
0.18,0.98,-0.044778,1,0,0
0.2,0.98,-0.084418,1,0,0
0.22,0.98,-0.063177,1,0,0
0.24,0.98,-0.058403,1,0,0
0.26,0.98,-0.056957,1,0,0
0.28,0.98,-0.069104,1,0,0
0.3,0.98,-0.078068,1,0,0
0.32,0.98,-0.039362,1,0,0
0.34,0.98,0.006292,1,0,0
0.36,0.98,0.033244,1,0,0
0.38,0.98,-0.025925,1,0,0
0.4,0.98,-0.040045,1,0,0
0.42,0.98,-0.030426,1,0,0
0.44,0.98,-0.082953,1,0,0
0.46,0.98,-0.043779,1,0,0
0.48,0.98,-0.013565,1,0,0
0.5,0.98,-0.021936,1,0,0
0.52,0.98,-0.0043422,1,0,0
0.54,0.98,0.015929,1,0,0
0.56,0.98,-0.010412,1,0,0
0.58,0.98,-0.00096505,1,0,0
0.6,0.98,-0.015748,1,0,0
0.62,0.98,-0.052882,1,0,0
0.64,0.98,-0.041496,1,0,0
0.66,0.98,-0.033643,1,0,0
0.68,0.98,-0.043348,1,0,0
0.7,0.98,-0.038337,1,0,0
0.72,0.98,-0.0028732,1,0,0
0.74,0.98,0.0073427,1,0,0
0.76,0.98,0.031466,1,0,0
0.78,0.98,0.020096,1,0,0
0.8,0.98,0.013189,1,0,0
0.82,0.98,-0.023462,1,0,0
0.84,0.98,-0.038397,1,0,0
0.86,0.98,-0.023781,1,0,0
0.88,0.98,-0.02457,1,0,0
0.9,0.98,-0.059093,1,0,0
0.92,0.98,-0.0032503,1,0,0
0.94,0.98,7.5739e-05,1,0,0
0.96,0.98,0.024845,1,0,0
0.98,0.98,-0.019814,1,0,0
0,0,-0.062466,-1,0,0
0.02,0,-0.062466,-1,0,0
0.04,0,-0.069027,-1,0,0
0.06,0,-0.058028,-1,0,0
0.08,0,-0.080517,-1,0,0
0.1,0,-0.043037,-1,0,0
0.12,0,-0.059271,-1,0,0
0.14,0,-0.030752,-1,0,0
0.16,0,-0.049383,-1,0,0
0.18,0,0.00393,-1,0,0
0.2,0,-0.09077,-1,0,0
0.22,0,-0.02184,-1,0,0
0.24,0,-0.062142,-1,0,0
0.26,0,-0.035262,-1,0,0
0.28,0,-0.047195,-1,0,0
0.3,0,-0.07629,-1,0,0
0.32,0,-0.086854,-1,0,0
0.34,0,-0.084628,-1,0,0
0.36,0,-0.10483,-1,0,0
0.38,0,-0.043869,-1,0,0
0.4,0,-0.085391,-1,0,0
0.42,0,-0.075372,-1,0,0
0.44,0,-0.0062625,-1,0,0
0.46,0,-0.096126,-1,0,0
0.48,0,-0.031383,-1,0,0
0.5,0,-0.055454,-1,0,0
0.52,0,-0.062259,-1,0,0
0.54,0,-0.10984,-1,0,0
0.56,0,-0.03674,-1,0,0
0.58,0,-0.043909,-1,0,0
0.6,0,-0.058324,-1,0,0
0.62,0,-0.070587,-1,0,0
0.64,0,-0.065286,-1,0,0
0.66,0,-0.045579,-1,0,0
0.68,0,-0.03466,-1,0,0
0.7,0,-0.039025,-1,0,0
0.72,0,-0.055908,-1,0,0
0.74,0,-0.060101,-1,0,0
0.76,0,-0.023999,-1,0,0
0.78,0,-0.084149,-1,0,0
0.8,0,-0.088979,-1,0,0
0.82,0,-0.0953,-1,0,0
0.84,0,-0.025227,-1,0,0
0.86,0,-0.039212,-1,0,0
0.88,0,-0.02372,-1,0,0
0.9,0,-0.12924,-1,0,0
0.92,0,-0.0082199,-1,0,0
0.94,0,-0.042773,-1,0,0
0.96,0,-0.059594,-1,0,0
0.98,0,-0.10087,-1,0,0
1,0,-0.084815,-1,0,0
1,0.02,-0.070798,-1,0,0
1,0.04,-0.053984,-1,0,0
1,0.06,-0.067545,-1,0,0
1,0.08,-0.063288,-1,0,0
1,0.1,-0.073732,-1,0,0
1,0.12,-0.043131,-1,0,0
1,0.14,-0.060425,-1,0,0
1,0.16,-0.069038,-1,0,0
1,0.18,-0.082208,-1,0,0
1,0.2,-0.018724,-1,0,0
1,0.22,-0.066918,-1,0,0
1,0.24,-0.033293,-1,0,0
1,0.26,-0.059957,-1,0,0
1,0.28,-0.030146,-1,0,0
1,0.3,-0.0054659,-1,0,0
1,0.32,-0.055715,-1,0,0
1,0.34,-0.0036938,-1,0,0
1,0.36,-0.0098392,-1,0,0
1,0.38,-0.025564,-1,0,0
1,0.4,-0.046539,-1,0,0
1,0.42,-0.061637,-1,0,0
1,0.44,-0.031094,-1,0,0
1,0.46,-0.0089151,-1,0,0
1,0.48,-0.028303,-1,0,0
1,0.5,0.044962,-1,0,0
1,0.52,-0.072887,-1,0,0
1,0.54,-0.060487,-1,0,0
1,0.56,-0.069234,-1,0,0
1,0.58,-0.024352,-1,0,0
1,0.6,-0.075499,-1,0,0
1,0.62,-0.088526,-1,0,0
1,0.64,-0.044148,-1,0,0
1,0.66,-0.068798,-1,0,0
1,0.68,-0.057306,-1,0,0
1,0.7,-0.080868,-1,0,0
1,0.72,-0.072344,-1,0,0
1,0.74,-0.077004,-1,0,0
1,0.76,-0.077119,-1,0,0
1,0.78,-0.01845,-1,0,0
1,0.8,-0.11986,-1,0,0
1,0.82,-0.052776,-1,0,0
1,0.84,-0.097658,-1,0,0
1,0.86,-0.08683,-1,0,0
1,0.88,-0.080521,-1,0,0
1,0.9,-0.069346,-1,0,0
1,0.92,-0.068996,-1,0,0
1,0.94,-0.060892,-1,0,0
1,0.96,-0.044945,-1,0,0
1,0.98,-0.0086767,-1,0,0
1,1,-0.09222,-1,0,0
0.98,1,-0.083651,-1,0,0
0.96,1,-0.084043,-1,0,0
0.94,1,-0.087239,-1,0,0
0.92,1,0.034114,-1,0,0
0.9,1,-0.054459,-1,0,0
0.88,1,-0.041019,-1,0,0
0.86,1,-0.089996,-1,0,0
0.84,1,-0.05806,-1,0,0
0.82,1,-0.035406,-1,0,0
0.8,1,-0.010712,-1,0,0
0.78,1,-0.027967,-1,0,0
0.76,1,-0.017549,-1,0,0
0.74,1,-0.078976,-1,0,0
0.72,1,-0.00083796,-1,0,0
0.7,1,-0.041647,-1,0,0
0.68,1,-0.061867,-1,0,0
0.66,1,-0.097212,-1,0,0
0.64,1,-0.024038,-1,0,0
0.62,1,-0.097005,-1,0,0
0.6,1,-0.093065,-1,0,0
0.58,1,-0.040587,-1,0,0
0.56,1,-0.088943,-1,0,0
0.54,1,-0.066188,-1,0,0
0.52,1,-0.044662,-1,0,0
0.5,1,-0.019643,-1,0,0
0.48,1,-0.011579,-1,0,0
0.46,1,-0.11707,-1,0,0
0.44,1,-0.11203,-1,0,0
0.42,1,-0.041764,-1,0,0
0.4,1,-0.058067,-1,0,0
0.38,1,-0.055873,-1,0,0
0.36,1,-0.031183,-1,0,0
0.34,1,-0.063045,-1,0,0
0.32,1,-0.097375,-1,0,0
0.3,1,-0.070815,-1,0,0
0.28,1,-0.058038,-1,0,0
0.26,1,-0.13796,-1,0,0
0.24,1,-0.074344,-1,0,0
0.22,1,-0.056458,-1,0,0
0.2,1,-0.089656,-1,0,0
0.18,1,-0.067217,-1,0,0
0.16,1,-0.13396,-1,0,0
0.14,1,-0.061912,-1,0,0
0.12,1,-0.081997,-1,0,0
0.1,1,-0.029063,-1,0,0
0.08,1,-0.098016,-1,0,0
0.06,1,-0.061723,-1,0,0
0.04,1,-0.038757,-1,0,0
0.02,1,-0.10098,-1,0,0
0,1,-0.067971,-1,0,0
0,0.98,-0.096465,-1,0,0
0,0.96,-0.048481,-1,0,0
0,0.94,-0.090932,-1,0,0
0,0.92,-0.11428,-1,0,0
0,0.9,-0.10261,-1,0,0
0,0.88,-0.12749,-1,0,0
0,0.86,-0.11673,-1,0,0
0,0.84,-0.077959,-1,0,0
0,0.82,-0.097559,-1,0,0
0,0.8,-0.063356,-1,0,0
0,0.78,-0.070343,-1,0,0
0,0.76,-0.12572,-1,0,0
0,0.74,-0.034295,-1,0,0
0,0.72,-0.060727,-1,0,0
0,0.7,-0.052905,-1,0,0
0,0.68,-0.048629,-1,0,0
0,0.66,-0.07403,-1,0,0
0,0.64,-0.043604,-1,0,0
0,0.62,-0.058532,-1,0,0
0,0.6,-0.040644,-1,0,0
0,0.58,0.027724,-1,0,0
0,0.56,-0.016683,-1,0,0
0,0.54,0.057205,-1,0,0
0,0.52,-0.0059223,-1,0,0
0,0.5,-0.024011,-1,0,0
0,0.48,-0.089369,-1,0,0
0,0.46,-0.061588,-1,0,0
0,0.44,-0.032337,-1,0,0
0,0.42,-0.060205,-1,0,0
0,0.4,-0.031442,-1,0,0
0,0.38,-0.047978,-1,0,0
0,0.36,-0.033188,-1,0,0
0,0.34,-0.0082265,-1,0,0
0,0.32,-0.095536,-1,0,0
0,0.3,-0.088369,-1,0,0
0,0.28,-0.055745,-1,0,0
0,0.26,-0.061351,-1,0,0
0,0.24,-0.1035,-1,0,0
0,0.22,-0.1025,-1,0,0
0,0.2,-0.04766,-1,0,0
0,0.18,-0.084205,-1,0,0
0,0.16,-0.10066,-1,0,0
0,0.14,-0.13146,-1,0,0
0,0.12,-0.11483,-1,0,0
0,0.1,-0.1227,-1,0,0
0,0.08,-0.067429,-1,0,0
0,0.06,-0.067353,-1,0,0
0,0.04,-0.093945,-1,0,0
0,0.02,-0.11227,-1,0,0
