0.02,0.02,-0.023526,1,0,0
0.04,0.02,-0.020604,1,0,0
0.06,0.02,-0.013274,1,0,0
0.08,0.02,-0.0022324,1,0,0
0.1,0.02,-0.0022239,1,0,0
0.12,0.02,-0.002775,1,0,0
0.14,0.02,0.0011299,1,0,0
0.16,0.02,-0.0029252,1,0,0
0.18,0.02,-0.0038606,1,0,0
0.2,0.02,0.0022293,1,0,0
0.22,0.02,0.012058,1,0,0
0.24,0.02,0.012839,1,0,0
0.26,0.02,0.027894,1,0,0
0.28,0.02,0.032535,1,0,0
0.3,0.02,0.033533,1,0,0
0.32,0.02,0.038266,1,0,0
0.34,0.02,0.039882,1,0,0
0.36,0.02,0.02956,1,0,0
0.38,0.02,0.032762,1,0,0
0.4,0.02,0.046638,1,0,0
0.42,0.02,0.051202,1,0,0
0.44,0.02,0.054989,1,0,0
0.46,0.02,0.06294,1,0,0
0.48,0.02,0.073735,1,0,0
0.5,0.02,0.086514,1,0,0
0.52,0.02,0.097886,1,0,0
0.54,0.02,0.088626,1,0,0
0.56,0.02,0.083856,1,0,0
0.58,0.02,0.055946,1,0,0
0.6,0.02,0.040768,1,0,0
0.62,0.02,0.033201,1,0,0
0.64,0.02,0.029331,1,0,0
0.66,0.02,0.019401,1,0,0
0.68,0.02,0.018382,1,0,0
0.7,0.02,0.015067,1,0,0
0.72,0.02,0.010956,1,0,0
0.74,0.02,0.016982,1,0,0
0.76,0.02,0.020959,1,0,0
0.78,0.02,0.0058298,1,0,0
0.8,0.02,0.0015845,1,0,0
0.82,0.02,0.0024198,1,0,0
0.84,0.02,-0.0021632,1,0,0
0.86,0.02,-0.0045609,1,0,0
0.88,0.02,-0.0073701,1,0,0
0.9,0.02,-0.01453,1,0,0
0.92,0.02,-0.0033221,1,0,0
0.94,0.02,0.012834,1,0,0
0.96,0.02,0.015221,1,0,0
0.98,0.02,0.011182,1,0,0
0.02,0.04,-0.028166,1,0,0
0.04,0.04,-0.029527,1,0,0
0.06,0.04,-0.019891,1,0,0
0.08,0.04,-0.020212,1,0,0
0.1,0.04,-0.022773,1,0,0
0.12,0.04,-0.026995,1,0,0
0.14,0.04,-0.024561,1,0,0
0.16,0.04,-0.01797,1,0,0
0.18,0.04,-0.010804,1,0,0
0.2,0.04,-0.0074938,1,0,0
0.22,0.04,0.0050614,1,0,0
0.24,0.04,0.0063238,1,0,0
0.26,0.04,0.01118,1,0,0
0.28,0.04,0.018248,1,0,0
0.3,0.04,0.022179,1,0,0
0.32,0.04,0.034203,1,0,0
0.34,0.04,0.038005,1,0,0
0.36,0.04,0.037406,1,0,0
0.38,0.04,0.037784,1,0,0
0.4,0.04,0.040543,1,0,0
0.42,0.04,0.052602,1,0,0
0.44,0.04,0.060425,1,0,0
0.46,0.04,0.073641,1,0,0
0.48,0.04,0.079487,1,0,0
0.5,0.04,0.093105,1,0,0
0.52,0.04,0.095225,1,0,0
0.54,0.04,0.083031,1,0,0
0.56,0.04,0.073795,1,0,0
0.58,0.04,0.06153,1,0,0
0.6,0.04,0.031678,1,0,0
0.62,0.04,0.018505,1,0,0
0.64,0.04,0.015926,1,0,0
0.66,0.04,0.0079108,1,0,0
0.68,0.04,-0.0074133,1,0,0
0.7,0.04,-0.0053979,1,0,0
0.72,0.04,-0.0054285,1,0,0
0.74,0.04,0.0044474,1,0,0
0.76,0.04,0.011527,1,0,0
0.78,0.04,0.006741,1,0,0
0.8,0.04,0.011877,1,0,0
0.82,0.04,0.0059296,1,0,0
0.84,0.04,0.0011683,1,0,0
0.86,0.04,-0.012043,1,0,0
0.88,0.04,-0.030325,1,0,0
0.9,0.04,-0.031118,1,0,0
0.92,0.04,-0.012272,1,0,0
0.94,0.04,0.0080086,1,0,0
0.96,0.04,0.015164,1,0,0
0.98,0.04,0.0081232,1,0,0
0.02,0.06,-0.031741,1,0,0
0.04,0.06,-0.039649,1,0,0
0.06,0.06,-0.036091,1,0,0
0.08,0.06,-0.039635,1,0,0
0.1,0.06,-0.031681,1,0,0
0.12,0.06,-0.037794,1,0,0
0.14,0.06,-0.031997,1,0,0
0.16,0.06,-0.026437,1,0,0
0.18,0.06,-0.026528,1,0,0
0.2,0.06,-0.02443,1,0,0
0.22,0.06,-0.016195,1,0,0
0.24,0.06,-0.010805,1,0,0
0.26,0.06,-0.0032519,1,0,0
0.28,0.06,0.012854,1,0,0
0.3,0.06,0.02208,1,0,0
0.32,0.06,0.01648,1,0,0
0.34,0.06,0.029251,1,0,0
0.36,0.06,0.03479,1,0,0
0.38,0.06,0.043431,1,0,0
0.4,0.06,0.049433,1,0,0
0.42,0.06,0.050294,1,0,0
0.44,0.06,0.058964,1,0,0
0.46,0.06,0.07509,1,0,0
0.48,0.06,0.078155,1,0,0
0.5,0.06,0.09125,1,0,0
0.52,0.06,0.0807,1,0,0
0.54,0.06,0.073047,1,0,0
0.56,0.06,0.053437,1,0,0
0.58,0.06,0.044106,1,0,0
0.6,0.06,0.020868,1,0,0
0.62,0.06,0.013138,1,0,0
0.64,0.06,0.0049489,1,0,0
0.66,0.06,0.0073965,1,0,0
0.68,0.06,-0.0013128,1,0,0
0.7,0.06,-0.011181,1,0,0
0.72,0.06,-0.011485,1,0,0
0.74,0.06,-0.0078305,1,0,0
0.76,0.06,-0.0051128,1,0,0
0.78,0.06,0.007155,1,0,0
0.8,0.06,0.0069555,1,0,0
0.82,0.06,0.0030554,1,0,0
0.84,0.06,-0.011835,1,0,0
0.86,0.06,-0.027347,1,0,0
0.88,0.06,-0.030604,1,0,0
0.9,0.06,-0.028986,1,0,0
0.92,0.06,-0.013504,1,0,0
0.94,0.06,-0.0037622,1,0,0
0.96,0.06,0.00010192,1,0,0
0.98,0.06,0.001851,1,0,0
0.02,0.08,-0.041931,1,0,0
0.04,0.08,-0.045073,1,0,0
0.06,0.08,-0.044891,1,0,0
0.08,0.08,-0.043715,1,0,0
0.1,0.08,-0.033389,1,0,0
0.12,0.08,-0.025269,1,0,0
0.14,0.08,-0.029776,1,0,0
0.16,0.08,-0.022496,1,0,0
0.18,0.08,-0.025613,1,0,0
0.2,0.08,-0.032812,1,0,0
0.22,0.08,-0.0199,1,0,0
0.24,0.08,-0.018731,1,0,0
0.26,0.08,-0.0014645,1,0,0
0.28,0.08,0.010618,1,0,0
0.3,0.08,0.021933,1,0,0
0.32,0.08,0.018554,1,0,0
0.34,0.08,0.036803,1,0,0
0.36,0.08,0.039376,1,0,0
0.38,0.08,0.049627,1,0,0
0.4,0.08,0.047999,1,0,0
0.42,0.08,0.054225,1,0,0
0.44,0.08,0.059803,1,0,0
0.46,0.08,0.077483,1,0,0
0.48,0.08,0.081745,1,0,0
0.5,0.08,0.071464,1,0,0
0.52,0.08,0.064197,1,0,0
0.54,0.08,0.060379,1,0,0
0.56,0.08,0.047984,1,0,0
0.58,0.08,0.035916,1,0,0
0.6,0.08,0.022644,1,0,0
0.62,0.08,0.012134,1,0,0
0.64,0.08,0.0069083,1,0,0
0.66,0.08,0.011099,1,0,0
0.68,0.08,0.010704,1,0,0
0.7,0.08,0.0090462,1,0,0
0.72,0.08,-0.0033778,1,0,0
0.74,0.08,0.00027602,1,0,0
0.76,0.08,-0.0085095,1,0,0
0.78,0.08,-0.0013376,1,0,0
0.8,0.08,-8.628e-05,1,0,0
0.82,0.08,-0.0002909,1,0,0
0.84,0.08,-0.0093799,1,0,0
0.86,0.08,-0.022151,1,0,0
0.88,0.08,-0.034552,1,0,0
0.9,0.08,-0.025656,1,0,0
0.92,0.08,-0.013642,1,0,0
0.94,0.08,-0.01207,1,0,0
0.96,0.08,-0.00034522,1,0,0
0.98,0.08,-6.1813e-05,1,0,0
0.02,0.1,-0.04228,1,0,0
0.04,0.1,-0.040154,1,0,0
0.06,0.1,-0.050287,1,0,0
0.08,0.1,-0.05921,1,0,0
0.1,0.1,-0.0446,1,0,0
0.12,0.1,-0.034289,1,0,0
0.14,0.1,-0.029645,1,0,0
0.16,0.1,-0.024158,1,0,0
0.18,0.1,-0.017142,1,0,0
0.2,0.1,-0.034902,1,0,0
0.22,0.1,-0.023729,1,0,0
0.24,0.1,-0.0048759,1,0,0
0.26,0.1,0.0084717,1,0,0
0.28,0.1,0.013477,1,0,0
0.3,0.1,0.010466,1,0,0
0.32,0.1,0.016886,1,0,0
0.34,0.1,0.027391,1,0,0
0.36,0.1,0.035593,1,0,0
0.38,0.1,0.040522,1,0,0
0.4,0.1,0.048362,1,0,0
0.42,0.1,0.049569,1,0,0
0.44,0.1,0.047655,1,0,0
0.46,0.1,0.062677,1,0,0
0.48,0.1,0.054461,1,0,0
0.5,0.1,0.049275,1,0,0
0.52,0.1,0.043657,1,0,0
0.54,0.1,0.044235,1,0,0
0.56,0.1,0.045457,1,0,0
0.58,0.1,0.031362,1,0,0
0.6,0.1,0.017318,1,0,0
0.62,0.1,0.014853,1,0,0
0.64,0.1,0.011154,1,0,0
0.66,0.1,0.017224,1,0,0
0.68,0.1,0.010537,1,0,0
0.7,0.1,0.0039113,1,0,0
0.72,0.1,0.0024542,1,0,0
0.74,0.1,-0.0015712,1,0,0
0.76,0.1,0.006518,1,0,0
0.78,0.1,0.0040734,1,0,0
0.8,0.1,-0.00055949,1,0,0
0.82,0.1,-0.0053966,1,0,0
0.84,0.1,-0.0048122,1,0,0
0.86,0.1,-0.025959,1,0,0
0.88,0.1,-0.043932,1,0,0
0.9,0.1,-0.03185,1,0,0
0.92,0.1,-0.020873,1,0,0
0.94,0.1,-0.017321,1,0,0
0.96,0.1,-0.013955,1,0,0
0.98,0.1,-0.0025914,1,0,0
0.02,0.12,-0.040034,1,0,0
0.04,0.12,-0.047318,1,0,0
0.06,0.12,-0.043979,1,0,0
0.08,0.12,-0.048954,1,0,0
0.1,0.12,-0.03898,1,0,0
0.12,0.12,-0.038455,1,0,0
0.14,0.12,-0.034227,1,0,0
0.16,0.12,-0.022559,1,0,0
0.18,0.12,-0.019971,1,0,0
0.2,0.12,-0.018248,1,0,0
0.22,0.12,-0.0071705,1,0,0
0.24,0.12,-0.0023085,1,0,0
0.26,0.12,0.00735,1,0,0
0.28,0.12,0.015862,1,0,0
0.3,0.12,0.014876,1,0,0
0.32,0.12,0.018529,1,0,0
0.34,0.12,0.030464,1,0,0
0.36,0.12,0.027724,1,0,0
0.38,0.12,0.025874,1,0,0
0.4,0.12,0.034027,1,0,0
0.42,0.12,0.037152,1,0,0
0.44,0.12,0.035591,1,0,0
0.46,0.12,0.038707,1,0,0
0.48,0.12,0.046409,1,0,0
0.5,0.12,0.036476,1,0,0
0.52,0.12,0.031032,1,0,0
0.54,0.12,0.03244,1,0,0
0.56,0.12,0.031738,1,0,0
0.58,0.12,0.025433,1,0,0
0.6,0.12,0.01821,1,0,0
0.62,0.12,0.011646,1,0,0
0.64,0.12,0.016197,1,0,0
0.66,0.12,0.015175,1,0,0
0.68,0.12,0.022624,1,0,0
0.7,0.12,0.016604,1,0,0
0.72,0.12,0.016846,1,0,0
0.74,0.12,0.018728,1,0,0
0.76,0.12,0.016001,1,0,0
0.78,0.12,0.0096291,1,0,0
0.8,0.12,0.012508,1,0,0
0.82,0.12,0.0045025,1,0,0
0.84,0.12,-0.0018372,1,0,0
0.86,0.12,-0.019082,1,0,0
0.88,0.12,-0.034735,1,0,0
0.9,0.12,-0.039448,1,0,0
0.92,0.12,-0.023822,1,0,0
0.94,0.12,-0.016044,1,0,0
0.96,0.12,-0.011206,1,0,0
0.98,0.12,-0.0079472,1,0,0
0.02,0.14,-0.040648,1,0,0
0.04,0.14,-0.044076,1,0,0
0.06,0.14,-0.039764,1,0,0
0.08,0.14,-0.035451,1,0,0
0.1,0.14,-0.02961,1,0,0
0.12,0.14,-0.030416,1,0,0
0.14,0.14,-0.02883,1,0,0
0.16,0.14,-0.023487,1,0,0
0.18,0.14,-0.018989,1,0,0
0.2,0.14,-0.014325,1,0,0
0.22,0.14,-0.010406,1,0,0
0.24,0.14,-0.0070249,1,0,0
0.26,0.14,-0.0030932,1,0,0
0.28,0.14,0.0074802,1,0,0
0.3,0.14,0.022976,1,0,0
0.32,0.14,0.017674,1,0,0
0.34,0.14,0.019325,1,0,0
0.36,0.14,0.019769,1,0,0
0.38,0.14,0.023879,1,0,0
0.4,0.14,0.023325,1,0,0
0.42,0.14,0.016068,1,0,0
0.44,0.14,0.018687,1,0,0
0.46,0.14,0.015473,1,0,0
0.48,0.14,0.017627,1,0,0
0.5,0.14,0.025597,1,0,0
0.52,0.14,0.027198,1,0,0
0.54,0.14,0.011916,1,0,0
0.56,0.14,0.010165,1,0,0
0.58,0.14,0.0070077,1,0,0
0.6,0.14,0.0031086,1,0,0
0.62,0.14,0.0028628,1,0,0
0.64,0.14,0.017392,1,0,0
0.66,0.14,0.019218,1,0,0
0.68,0.14,0.02612,1,0,0
0.7,0.14,0.023887,1,0,0
0.72,0.14,0.027429,1,0,0
0.74,0.14,0.023292,1,0,0
0.76,0.14,0.023705,1,0,0
0.78,0.14,0.022814,1,0,0
0.8,0.14,0.017309,1,0,0
0.82,0.14,0.0047917,1,0,0
0.84,0.14,-0.0079248,1,0,0
0.86,0.14,-0.019533,1,0,0
0.88,0.14,-0.023595,1,0,0
0.9,0.14,-0.036201,1,0,0
0.92,0.14,-0.023593,1,0,0
0.94,0.14,-0.020585,1,0,0
0.96,0.14,-0.013985,1,0,0
0.98,0.14,-0.0074464,1,0,0
0.02,0.16,-0.039045,1,0,0
0.04,0.16,-0.038015,1,0,0
0.06,0.16,-0.025361,1,0,0
0.08,0.16,-0.018841,1,0,0
0.1,0.16,-0.025107,1,0,0
0.12,0.16,-0.032812,1,0,0
0.14,0.16,-0.028865,1,0,0
0.16,0.16,-0.031003,1,0,0
0.18,0.16,-0.028343,1,0,0
0.2,0.16,-0.023185,1,0,0
0.22,0.16,-0.011115,1,0,0
0.24,0.16,-0.019402,1,0,0
0.26,0.16,-0.020509,1,0,0
0.28,0.16,-0.0084208,1,0,0
0.3,0.16,-0.00053941,1,0,0
0.32,0.16,0.014565,1,0,0
0.34,0.16,0.011083,1,0,0
0.36,0.16,0.012016,1,0,0
0.38,0.16,0.011454,1,0,0
0.4,0.16,0.007159,1,0,0
0.42,0.16,0.0078948,1,0,0
0.44,0.16,0.00042816,1,0,0
0.46,0.16,-0.0031936,1,0,0
0.48,0.16,-0.013582,1,0,0
0.5,0.16,-0.0055464,1,0,0
0.52,0.16,-0.0017653,1,0,0
0.54,0.16,-0.0046018,1,0,0
0.56,0.16,-0.0082818,1,0,0
0.58,0.16,-0.0038074,1,0,0
0.6,0.16,-0.0053648,1,0,0
0.62,0.16,0.00066396,1,0,0
0.64,0.16,0.0069007,1,0,0
0.66,0.16,0.012603,1,0,0
0.68,0.16,0.019928,1,0,0
0.7,0.16,0.024912,1,0,0
0.72,0.16,0.030049,1,0,0
0.74,0.16,0.035395,1,0,0
0.76,0.16,0.036297,1,0,0
0.78,0.16,0.01517,1,0,0
0.8,0.16,0.019162,1,0,0
0.82,0.16,0.0049641,1,0,0
0.84,0.16,-0.0049578,1,0,0
0.86,0.16,-0.01181,1,0,0
0.88,0.16,-0.021529,1,0,0
0.9,0.16,-0.033891,1,0,0
0.92,0.16,-0.026534,1,0,0
0.94,0.16,-0.0081772,1,0,0
0.96,0.16,-0.0031003,1,0,0
0.98,0.16,-0.0064664,1,0,0
0.02,0.18,-0.041264,1,0,0
0.04,0.18,-0.025874,1,0,0
0.06,0.18,-0.01835,1,0,0
0.08,0.18,-0.013414,1,0,0
0.1,0.18,-0.023643,1,0,0
0.12,0.18,-0.025027,1,0,0
0.14,0.18,-0.024946,1,0,0
0.16,0.18,-0.0305,1,0,0
0.18,0.18,-0.034511,1,0,0
0.2,0.18,-0.035267,1,0,0
0.22,0.18,-0.029651,1,0,0
0.24,0.18,-0.026751,1,0,0
0.26,0.18,-0.019194,1,0,0
0.28,0.18,-0.025706,1,0,0
0.3,0.18,-0.013392,1,0,0
0.32,0.18,-0.005993,1,0,0
0.34,0.18,0.0014298,1,0,0
0.36,0.18,-0.011928,1,0,0
0.38,0.18,-0.0043079,1,0,0
0.4,0.18,-0.00060131,1,0,0
0.42,0.18,0.0028198,1,0,0
0.44,0.18,-0.011561,1,0,0
0.46,0.18,-0.020568,1,0,0
0.48,0.18,-0.03113,1,0,0
0.5,0.18,-0.027921,1,0,0
0.52,0.18,-0.022891,1,0,0
0.54,0.18,-0.02469,1,0,0
0.56,0.18,-0.020051,1,0,0
0.58,0.18,-0.015844,1,0,0
0.6,0.18,-0.019025,1,0,0
0.62,0.18,-0.0096962,1,0,0
0.64,0.18,-0.0019636,1,0,0
0.66,0.18,0.0048477,1,0,0
0.68,0.18,0.015992,1,0,0
0.7,0.18,0.029721,1,0,0
0.72,0.18,0.026881,1,0,0
0.74,0.18,0.03915,1,0,0
0.76,0.18,0.038119,1,0,0
0.78,0.18,0.020511,1,0,0
0.8,0.18,0.0066577,1,0,0
0.82,0.18,0.0049468,1,0,0
0.84,0.18,0.00028569,1,0,0
0.86,0.18,-0.00057273,1,0,0
0.88,0.18,-0.0084455,1,0,0
0.9,0.18,-0.024093,1,0,0
0.92,0.18,-0.017321,1,0,0
0.94,0.18,-0.014623,1,0,0
0.96,0.18,-0.01413,1,0,0
0.98,0.18,-0.011804,1,0,0
0.02,0.2,-0.051118,1,0,0
0.04,0.2,-0.033784,1,0,0
0.06,0.2,-0.024545,1,0,0
0.08,0.2,-0.025505,1,0,0
0.1,0.2,-0.016957,1,0,0
0.12,0.2,-0.017053,1,0,0
0.14,0.2,-0.021276,1,0,0
0.16,0.2,-0.029569,1,0,0
0.18,0.2,-0.032656,1,0,0
0.2,0.2,-0.03506,1,0,0
0.22,0.2,-0.037542,1,0,0
0.24,0.2,-0.035812,1,0,0
0.26,0.2,-0.029303,1,0,0
0.28,0.2,-0.037219,1,0,0
0.3,0.2,-0.026134,1,0,0
0.32,0.2,-0.018177,1,0,0
0.34,0.2,-0.013532,1,0,0
0.36,0.2,-0.033841,1,0,0
0.38,0.2,-0.02496,1,0,0
0.4,0.2,-0.014831,1,0,0
0.42,0.2,-0.013072,1,0,0
0.44,0.2,-0.025282,1,0,0
0.46,0.2,-0.033299,1,0,0
0.48,0.2,-0.037473,1,0,0
0.5,0.2,-0.034154,1,0,0
0.52,0.2,-0.042096,1,0,0
0.54,0.2,-0.036761,1,0,0
0.56,0.2,-0.031897,1,0,0
0.58,0.2,-0.019332,1,0,0
0.6,0.2,-0.024251,1,0,0
0.62,0.2,-0.01958,1,0,0
0.64,0.2,-0.020274,1,0,0
0.66,0.2,-0.01576,1,0,0
0.68,0.2,0.013457,1,0,0
0.7,0.2,0.035993,1,0,0
0.72,0.2,0.032974,1,0,0
0.74,0.2,0.033081,1,0,0
0.76,0.2,0.029823,1,0,0
0.78,0.2,0.021325,1,0,0
0.8,0.2,0.0053385,1,0,0
0.82,0.2,0.0073915,1,0,0
0.84,0.2,0.0065965,1,0,0
0.86,0.2,0.0086214,1,0,0
0.88,0.2,0.0021679,1,0,0
0.9,0.2,-0.013729,1,0,0
0.92,0.2,-0.01884,1,0,0
0.94,0.2,-0.029302,1,0,0
0.96,0.2,-0.031774,1,0,0
0.98,0.2,-0.019232,1,0,0
0.02,0.22,-0.049701,1,0,0
0.04,0.22,-0.041839,1,0,0
0.06,0.22,-0.03684,1,0,0
0.08,0.22,-0.041008,1,0,0
0.1,0.22,-0.040869,1,0,0
0.12,0.22,-0.034934,1,0,0
0.14,0.22,-0.02615,1,0,0
0.16,0.22,-0.031127,1,0,0
0.18,0.22,-0.034089,1,0,0
0.2,0.22,-0.038468,1,0,0
0.22,0.22,-0.032975,1,0,0
0.24,0.22,-0.039044,1,0,0
0.26,0.22,-0.043046,1,0,0
0.28,0.22,-0.043462,1,0,0
0.3,0.22,-0.048754,1,0,0
0.32,0.22,-0.046445,1,0,0
0.34,0.22,-0.049002,1,0,0
0.36,0.22,-0.051081,1,0,0
0.38,0.22,-0.047211,1,0,0
0.4,0.22,-0.036446,1,0,0
0.42,0.22,-0.030176,1,0,0
0.44,0.22,-0.044207,1,0,0
0.46,0.22,-0.045321,1,0,0
0.48,0.22,-0.049014,1,0,0
0.5,0.22,-0.050879,1,0,0
0.52,0.22,-0.057615,1,0,0
0.54,0.22,-0.052745,1,0,0
0.56,0.22,-0.046312,1,0,0
0.58,0.22,-0.028597,1,0,0
0.6,0.22,-0.0252,1,0,0
0.62,0.22,-0.023861,1,0,0
0.64,0.22,-0.030434,1,0,0
0.66,0.22,-0.020719,1,0,0
0.68,0.22,0.0039261,1,0,0
0.7,0.22,0.020744,1,0,0
0.72,0.22,0.016334,1,0,0
0.74,0.22,0.016059,1,0,0
0.76,0.22,0.019266,1,0,0
0.78,0.22,0.014934,1,0,0
0.8,0.22,0.018066,1,0,0
0.82,0.22,0.0059235,1,0,0
0.84,0.22,-0.00080188,1,0,0
0.86,0.22,0.0086032,1,0,0
0.88,0.22,0.0061638,1,0,0
0.9,0.22,-0.013157,1,0,0
0.92,0.22,-0.029286,1,0,0
0.94,0.22,-0.041154,1,0,0
0.96,0.22,-0.045035,1,0,0
0.98,0.22,-0.037347,1,0,0
0.02,0.24,-0.060082,1,0,0
0.04,0.24,-0.040128,1,0,0
0.06,0.24,-0.037594,1,0,0
0.08,0.24,-0.046649,1,0,0
0.1,0.24,-0.051988,1,0,0
0.12,0.24,-0.041596,1,0,0
0.14,0.24,-0.027656,1,0,0
0.16,0.24,-0.017578,1,0,0
0.18,0.24,-0.023874,1,0,0
0.2,0.24,-0.035717,1,0,0
0.22,0.24,-0.025725,1,0,0
0.24,0.24,-0.032529,1,0,0
0.26,0.24,-0.052823,1,0,0
0.28,0.24,-0.062828,1,0,0
0.3,0.24,-0.059387,1,0,0
0.32,0.24,-0.057221,1,0,0
0.34,0.24,-0.055535,1,0,0
0.36,0.24,-0.056513,1,0,0
0.38,0.24,-0.057565,1,0,0
0.4,0.24,-0.057028,1,0,0
0.42,0.24,-0.048799,1,0,0
0.44,0.24,-0.040515,1,0,0
0.46,0.24,-0.044084,1,0,0
0.48,0.24,-0.054356,1,0,0
0.5,0.24,-0.059887,1,0,0
0.52,0.24,-0.059984,1,0,0
0.54,0.24,-0.07155,1,0,0
0.56,0.24,-0.053652,1,0,0
0.58,0.24,-0.036063,1,0,0
0.6,0.24,-0.023695,1,0,0
0.62,0.24,-0.026546,1,0,0
0.64,0.24,-0.023454,1,0,0
0.66,0.24,-0.0098945,1,0,0
0.68,0.24,6.2482e-05,1,0,0
0.7,0.24,0.007646,1,0,0
0.72,0.24,0.011082,1,0,0
0.74,0.24,0.0069547,1,0,0
0.76,0.24,0.0053241,1,0,0
0.78,0.24,0.0089093,1,0,0
0.8,0.24,0.0087264,1,0,0
0.82,0.24,0.0042524,1,0,0
0.84,0.24,0.0067807,1,0,0
0.86,0.24,0.0064917,1,0,0
0.88,0.24,-0.00054721,1,0,0
0.9,0.24,-0.017031,1,0,0
0.92,0.24,-0.028695,1,0,0
0.94,0.24,-0.040308,1,0,0
0.96,0.24,-0.040127,1,0,0
0.98,0.24,-0.041909,1,0,0
0.02,0.26,-0.061344,1,0,0
0.04,0.26,-0.052692,1,0,0
0.06,0.26,-0.035754,1,0,0
0.08,0.26,-0.049887,1,0,0
0.1,0.26,-0.044902,1,0,0
0.12,0.26,-0.039732,1,0,0
0.14,0.26,-0.017236,1,0,0
0.16,0.26,-0.0030205,1,0,0
0.18,0.26,-0.014415,1,0,0
0.2,0.26,-0.027629,1,0,0
0.22,0.26,-0.028076,1,0,0
0.24,0.26,-0.040013,1,0,0
0.26,0.26,-0.062803,1,0,0
0.28,0.26,-0.063938,1,0,0
0.3,0.26,-0.06349,1,0,0
0.32,0.26,-0.06024,1,0,0
0.34,0.26,-0.054642,1,0,0
0.36,0.26,-0.057977,1,0,0
0.38,0.26,-0.067946,1,0,0
0.4,0.26,-0.057563,1,0,0
0.42,0.26,-0.049293,1,0,0
0.44,0.26,-0.043132,1,0,0
0.46,0.26,-0.046132,1,0,0
0.48,0.26,-0.041621,1,0,0
0.5,0.26,-0.052892,1,0,0
0.52,0.26,-0.062977,1,0,0
0.54,0.26,-0.068766,1,0,0
0.56,0.26,-0.067376,1,0,0
0.58,0.26,-0.043067,1,0,0
0.6,0.26,-0.026867,1,0,0
0.62,0.26,-0.024372,1,0,0
0.64,0.26,-0.011244,1,0,0
0.66,0.26,-0.0019385,1,0,0
0.68,0.26,0.013137,1,0,0
0.7,0.26,0.0031897,1,0,0
0.72,0.26,0.0049548,1,0,0
0.74,0.26,0.0034833,1,0,0
0.76,0.26,0.00087866,1,0,0
0.78,0.26,0.0024371,1,0,0
0.8,0.26,0.009639,1,0,0
0.82,0.26,0.0040526,1,0,0
0.84,0.26,0.0082267,1,0,0
0.86,0.26,0.010857,1,0,0
0.88,0.26,0.0044716,1,0,0
0.9,0.26,-0.012618,1,0,0
0.92,0.26,-0.020886,1,0,0
0.94,0.26,-0.033714,1,0,0
0.96,0.26,-0.039002,1,0,0
0.98,0.26,-0.039044,1,0,0
0.02,0.28,-0.064374,1,0,0
0.04,0.28,-0.049787,1,0,0
0.06,0.28,-0.045644,1,0,0
0.08,0.28,-0.054159,1,0,0
0.1,0.28,-0.0413,1,0,0
0.12,0.28,-0.033221,1,0,0
0.14,0.28,-0.029126,1,0,0
0.16,0.28,-0.01499,1,0,0
0.18,0.28,-0.0062122,1,0,0
0.2,0.28,-0.018363,1,0,0
0.22,0.28,-0.028186,1,0,0
0.24,0.28,-0.043717,1,0,0
0.26,0.28,-0.062526,1,0,0
0.28,0.28,-0.064928,1,0,0
0.3,0.28,-0.061048,1,0,0
0.32,0.28,-0.060379,1,0,0
0.34,0.28,-0.061007,1,0,0
0.36,0.28,-0.074508,1,0,0
0.38,0.28,-0.075313,1,0,0
0.4,0.28,-0.058225,1,0,0
0.42,0.28,-0.050006,1,0,0
0.44,0.28,-0.044484,1,0,0
0.46,0.28,-0.040284,1,0,0
0.48,0.28,-0.03883,1,0,0
0.5,0.28,-0.04722,1,0,0
0.52,0.28,-0.060828,1,0,0
0.54,0.28,-0.071959,1,0,0
0.56,0.28,-0.06276,1,0,0
0.58,0.28,-0.049525,1,0,0
0.6,0.28,-0.031817,1,0,0
0.62,0.28,-0.022823,1,0,0
0.64,0.28,-0.022106,1,0,0
0.66,0.28,-0.013923,1,0,0
0.68,0.28,-0.0064809,1,0,0
0.7,0.28,-0.0047524,1,0,0
0.72,0.28,-0.0010347,1,0,0
0.74,0.28,-0.0082546,1,0,0
0.76,0.28,-0.0061893,1,0,0
0.78,0.28,0.0056165,1,0,0
0.8,0.28,0.0040829,1,0,0
0.82,0.28,0.0035783,1,0,0
0.84,0.28,0.015257,1,0,0
0.86,0.28,0.011532,1,0,0
0.88,0.28,0.0028125,1,0,0
0.9,0.28,-0.01207,1,0,0
0.92,0.28,-0.020464,1,0,0
0.94,0.28,-0.036289,1,0,0
0.96,0.28,-0.036247,1,0,0
0.98,0.28,-0.031738,1,0,0
0.02,0.3,-0.059433,1,0,0
0.04,0.3,-0.047992,1,0,0
0.06,0.3,-0.049538,1,0,0
0.08,0.3,-0.052436,1,0,0
0.1,0.3,-0.045733,1,0,0
0.12,0.3,-0.03286,1,0,0
0.14,0.3,-0.034329,1,0,0
0.16,0.3,-0.021977,1,0,0
0.18,0.3,-0.0088519,1,0,0
0.2,0.3,-0.022097,1,0,0
0.22,0.3,-0.024752,1,0,0
0.24,0.3,-0.046361,1,0,0
0.26,0.3,-0.050117,1,0,0
0.28,0.3,-0.052987,1,0,0
0.3,0.3,-0.056096,1,0,0
0.32,0.3,-0.061087,1,0,0
0.34,0.3,-0.067894,1,0,0
0.36,0.3,-0.085984,1,0,0
0.38,0.3,-0.079829,1,0,0
0.4,0.3,-0.065131,1,0,0
0.42,0.3,-0.043235,1,0,0
0.44,0.3,-0.042151,1,0,0
0.46,0.3,-0.030225,1,0,0
0.48,0.3,-0.031323,1,0,0
0.5,0.3,-0.046093,1,0,0
0.52,0.3,-0.053802,1,0,0
0.54,0.3,-0.059048,1,0,0
0.56,0.3,-0.058066,1,0,0
0.58,0.3,-0.05543,1,0,0
0.6,0.3,-0.045459,1,0,0
0.62,0.3,-0.035203,1,0,0
0.64,0.3,-0.034282,1,0,0
0.66,0.3,-0.035337,1,0,0
0.68,0.3,-0.030352,1,0,0
0.7,0.3,-0.017906,1,0,0
0.72,0.3,-0.0178,1,0,0
0.74,0.3,-0.007717,1,0,0
0.76,0.3,-0.0017251,1,0,0
0.78,0.3,0.0010472,1,0,0
0.8,0.3,0.0028258,1,0,0
0.82,0.3,0.0073366,1,0,0
0.84,0.3,0.019314,1,0,0
0.86,0.3,0.020535,1,0,0
0.88,0.3,-0.00019451,1,0,0
0.9,0.3,-0.010867,1,0,0
0.92,0.3,-0.027487,1,0,0
0.94,0.3,-0.039149,1,0,0
0.96,0.3,-0.034764,1,0,0
0.98,0.3,-0.034235,1,0,0
0.02,0.32,-0.060919,1,0,0
0.04,0.32,-0.056342,1,0,0
0.06,0.32,-0.047636,1,0,0
0.08,0.32,-0.044329,1,0,0
0.1,0.32,-0.038758,1,0,0
0.12,0.32,-0.040041,1,0,0
0.14,0.32,-0.025184,1,0,0
0.16,0.32,-0.020399,1,0,0
0.18,0.32,-0.021944,1,0,0
0.2,0.32,-0.029604,1,0,0
0.22,0.32,-0.033596,1,0,0
0.24,0.32,-0.045125,1,0,0
0.26,0.32,-0.049955,1,0,0
0.28,0.32,-0.047405,1,0,0
0.3,0.32,-0.047794,1,0,0
0.32,0.32,-0.055479,1,0,0
0.34,0.32,-0.059045,1,0,0
0.36,0.32,-0.081289,1,0,0
0.38,0.32,-0.084516,1,0,0
0.4,0.32,-0.070224,1,0,0
0.42,0.32,-0.050348,1,0,0
0.44,0.32,-0.034471,1,0,0
0.46,0.32,-0.019279,1,0,0
0.48,0.32,-0.031903,1,0,0
0.5,0.32,-0.033872,1,0,0
0.52,0.32,-0.049258,1,0,0
0.54,0.32,-0.04889,1,0,0
0.56,0.32,-0.059563,1,0,0
0.58,0.32,-0.059538,1,0,0
0.6,0.32,-0.066792,1,0,0
0.62,0.32,-0.053636,1,0,0
0.64,0.32,-0.053792,1,0,0
0.66,0.32,-0.047949,1,0,0
0.68,0.32,-0.03966,1,0,0
0.7,0.32,-0.03437,1,0,0
0.72,0.32,-0.017396,1,0,0
0.74,0.32,-0.0014039,1,0,0
0.76,0.32,0.0012433,1,0,0
0.78,0.32,-0.0065138,1,0,0
0.8,0.32,-0.0090917,1,0,0
0.82,0.32,0.011184,1,0,0
0.84,0.32,0.023349,1,0,0
0.86,0.32,0.017536,1,0,0
0.88,0.32,0.0040072,1,0,0
0.9,0.32,-0.018368,1,0,0
0.92,0.32,-0.028623,1,0,0
0.94,0.32,-0.029731,1,0,0
0.96,0.32,-0.034139,1,0,0
0.98,0.32,-0.033927,1,0,0
0.02,0.34,-0.053065,1,0,0
0.04,0.34,-0.051355,1,0,0
0.06,0.34,-0.03724,1,0,0
0.08,0.34,-0.031565,1,0,0
0.1,0.34,-0.03577,1,0,0
0.12,0.34,-0.040392,1,0,0
0.14,0.34,-0.036369,1,0,0
0.16,0.34,-0.025875,1,0,0
0.18,0.34,-0.026095,1,0,0
0.2,0.34,-0.027701,1,0,0
0.22,0.34,-0.030851,1,0,0
0.24,0.34,-0.039188,1,0,0
0.26,0.34,-0.039324,1,0,0
0.28,0.34,-0.040647,1,0,0
0.3,0.34,-0.036918,1,0,0
0.32,0.34,-0.047019,1,0,0
0.34,0.34,-0.056886,1,0,0
0.36,0.34,-0.073151,1,0,0
0.38,0.34,-0.064102,1,0,0
0.4,0.34,-0.064187,1,0,0
0.42,0.34,-0.048675,1,0,0
0.44,0.34,-0.029753,1,0,0
0.46,0.34,-0.021773,1,0,0
0.48,0.34,-0.029549,1,0,0
0.5,0.34,-0.030874,1,0,0
0.52,0.34,-0.043952,1,0,0
0.54,0.34,-0.061619,1,0,0
0.56,0.34,-0.070441,1,0,0
0.58,0.34,-0.058932,1,0,0
0.6,0.34,-0.073332,1,0,0
0.62,0.34,-0.069402,1,0,0
0.64,0.34,-0.056162,1,0,0
0.66,0.34,-0.052158,1,0,0
0.68,0.34,-0.047392,1,0,0
0.7,0.34,-0.034632,1,0,0
0.72,0.34,-0.027978,1,0,0
0.74,0.34,-0.0097007,1,0,0
0.76,0.34,-0.0084482,1,0,0
0.78,0.34,-0.012024,1,0,0
0.8,0.34,-0.0079037,1,0,0
0.82,0.34,0.0030073,1,0,0
0.84,0.34,0.0084244,1,0,0
0.86,0.34,0.0032735,1,0,0
0.88,0.34,-0.0032879,1,0,0
0.9,0.34,-0.020332,1,0,0
0.92,0.34,-0.018926,1,0,0
0.94,0.34,-0.027963,1,0,0
0.96,0.34,-0.029482,1,0,0
0.98,0.34,-0.033248,1,0,0
0.02,0.36,-0.043804,1,0,0
0.04,0.36,-0.038856,1,0,0
0.06,0.36,-0.032812,1,0,0
0.08,0.36,-0.021653,1,0,0
0.1,0.36,-0.035108,1,0,0
0.12,0.36,-0.042817,1,0,0
0.14,0.36,-0.034469,1,0,0
0.16,0.36,-0.033007,1,0,0
0.18,0.36,-0.021542,1,0,0
0.2,0.36,-0.01536,1,0,0
0.22,0.36,-0.014766,1,0,0
0.24,0.36,-0.029634,1,0,0
0.26,0.36,-0.024438,1,0,0
0.28,0.36,-0.021845,1,0,0
0.3,0.36,-0.031851,1,0,0
0.32,0.36,-0.037228,1,0,0
0.34,0.36,-0.042825,1,0,0
0.36,0.36,-0.050391,1,0,0
0.38,0.36,-0.047312,1,0,0
0.4,0.36,-0.04694,1,0,0
0.42,0.36,-0.040884,1,0,0
0.44,0.36,-0.032063,1,0,0
0.46,0.36,-0.017354,1,0,0
0.48,0.36,-0.023861,1,0,0
0.5,0.36,-0.030313,1,0,0
0.52,0.36,-0.046108,1,0,0
0.54,0.36,-0.06598,1,0,0
0.56,0.36,-0.061099,1,0,0
0.58,0.36,-0.062259,1,0,0
0.6,0.36,-0.067759,1,0,0
0.62,0.36,-0.063136,1,0,0
0.64,0.36,-0.054885,1,0,0
0.66,0.36,-0.049051,1,0,0
0.68,0.36,-0.039237,1,0,0
0.7,0.36,-0.030356,1,0,0
0.72,0.36,-0.023898,1,0,0
0.74,0.36,-0.018376,1,0,0
0.76,0.36,-0.0093524,1,0,0
0.78,0.36,-0.014363,1,0,0
0.8,0.36,-0.0012265,1,0,0
0.82,0.36,5.4298e-05,1,0,0
0.84,0.36,-0.0077272,1,0,0
0.86,0.36,-0.0072465,1,0,0
0.88,0.36,-0.0064245,1,0,0
0.9,0.36,-0.019353,1,0,0
0.92,0.36,-0.017787,1,0,0
0.94,0.36,-0.010218,1,0,0
0.96,0.36,-0.024292,1,0,0
0.98,0.36,-0.026531,1,0,0
0.02,0.38,-0.049141,1,0,0
0.04,0.38,-0.03536,1,0,0
0.06,0.38,-0.029123,1,0,0
0.08,0.38,-0.033838,1,0,0
0.1,0.38,-0.035616,1,0,0
0.12,0.38,-0.037517,1,0,0
0.14,0.38,-0.032131,1,0,0
0.16,0.38,-0.027556,1,0,0
0.18,0.38,-0.014346,1,0,0
0.2,0.38,-0.010327,1,0,0
0.22,0.38,-0.010434,1,0,0
0.24,0.38,-0.0069987,1,0,0
0.26,0.38,0.00082615,1,0,0
0.28,0.38,-0.0094437,1,0,0
0.3,0.38,-0.023357,1,0,0
0.32,0.38,-0.023048,1,0,0
0.34,0.38,-0.030408,1,0,0
0.36,0.38,-0.03615,1,0,0
0.38,0.38,-0.035001,1,0,0
0.4,0.38,-0.037843,1,0,0
0.42,0.38,-0.038317,1,0,0
0.44,0.38,-0.021601,1,0,0
0.46,0.38,-0.0098457,1,0,0
0.48,0.38,-0.016558,1,0,0
0.5,0.38,-0.030937,1,0,0
0.52,0.38,-0.042429,1,0,0
0.54,0.38,-0.056987,1,0,0
0.56,0.38,-0.056777,1,0,0
0.58,0.38,-0.060039,1,0,0
0.6,0.38,-0.073217,1,0,0
0.62,0.38,-0.067642,1,0,0
0.64,0.38,-0.046638,1,0,0
0.66,0.38,-0.048793,1,0,0
0.68,0.38,-0.032977,1,0,0
0.7,0.38,-0.020905,1,0,0
0.72,0.38,-0.020425,1,0,0
0.74,0.38,-0.021069,1,0,0
0.76,0.38,-0.011528,1,0,0
0.78,0.38,-0.020822,1,0,0
0.8,0.38,-0.014706,1,0,0
0.82,0.38,-0.0098796,1,0,0
0.84,0.38,-0.006979,1,0,0
0.86,0.38,-0.012253,1,0,0
0.88,0.38,-0.01494,1,0,0
0.9,0.38,-0.02216,1,0,0
0.92,0.38,-0.015076,1,0,0
0.94,0.38,-0.020016,1,0,0
0.96,0.38,-0.029907,1,0,0
0.98,0.38,-0.027091,1,0,0
0.02,0.4,-0.051628,1,0,0
0.04,0.4,-0.042513,1,0,0
0.06,0.4,-0.03672,1,0,0
0.08,0.4,-0.040663,1,0,0
0.1,0.4,-0.045234,1,0,0
0.12,0.4,-0.048693,1,0,0
0.14,0.4,-0.039041,1,0,0
0.16,0.4,-0.028553,1,0,0
0.18,0.4,-0.021352,1,0,0
0.2,0.4,-0.0097481,1,0,0
0.22,0.4,-0.0005986,1,0,0
0.24,0.4,0.011376,1,0,0
0.26,0.4,0.019434,1,0,0
0.28,0.4,0.0013018,1,0,0
0.3,0.4,-0.014056,1,0,0
0.32,0.4,-0.026397,1,0,0
0.34,0.4,-0.025088,1,0,0
0.36,0.4,-0.036139,1,0,0
0.38,0.4,-0.031257,1,0,0
0.4,0.4,-0.024559,1,0,0
0.42,0.4,-0.024011,1,0,0
0.44,0.4,-0.013227,1,0,0
0.46,0.4,-0.0099637,1,0,0
0.48,0.4,-0.014278,1,0,0
0.5,0.4,-0.035662,1,0,0
0.52,0.4,-0.044537,1,0,0
0.54,0.4,-0.051997,1,0,0
0.56,0.4,-0.051682,1,0,0
0.58,0.4,-0.058832,1,0,0
0.6,0.4,-0.06798,1,0,0
0.62,0.4,-0.068678,1,0,0
0.64,0.4,-0.056172,1,0,0
0.66,0.4,-0.052299,1,0,0
0.68,0.4,-0.031917,1,0,0
0.7,0.4,-0.027382,1,0,0
0.72,0.4,-0.030242,1,0,0
0.74,0.4,-0.0231,1,0,0
0.76,0.4,-0.022873,1,0,0
0.78,0.4,-0.033078,1,0,0
0.8,0.4,-0.033647,1,0,0
0.82,0.4,-0.018162,1,0,0
0.84,0.4,-0.014025,1,0,0
0.86,0.4,-0.019866,1,0,0
0.88,0.4,-0.019063,1,0,0
0.9,0.4,-0.030446,1,0,0
0.92,0.4,-0.022474,1,0,0
0.94,0.4,-0.03394,1,0,0
0.96,0.4,-0.041606,1,0,0
0.98,0.4,-0.03451,1,0,0
0.02,0.42,-0.045451,1,0,0
0.04,0.42,-0.043438,1,0,0
0.06,0.42,-0.039686,1,0,0
0.08,0.42,-0.036894,1,0,0
0.1,0.42,-0.038716,1,0,0
0.12,0.42,-0.045781,1,0,0
0.14,0.42,-0.040142,1,0,0
0.16,0.42,-0.034159,1,0,0
0.18,0.42,-0.017021,1,0,0
0.2,0.42,-0.0083088,1,0,0
0.22,0.42,0.012852,1,0,0
0.24,0.42,0.018753,1,0,0
0.26,0.42,0.018853,1,0,0
0.28,0.42,0.011094,1,0,0
0.3,0.42,-0.0038136,1,0,0
0.32,0.42,-0.016327,1,0,0
0.34,0.42,-0.024937,1,0,0
0.36,0.42,-0.024127,1,0,0
0.38,0.42,-0.012073,1,0,0
0.4,0.42,0.00012157,1,0,0
0.42,0.42,0.0075796,1,0,0
0.44,0.42,-0.00077128,1,0,0
0.46,0.42,-0.0018626,1,0,0
0.48,0.42,-0.014671,1,0,0
0.5,0.42,-0.025454,1,0,0
0.52,0.42,-0.03744,1,0,0
0.54,0.42,-0.044557,1,0,0
0.56,0.42,-0.046281,1,0,0
0.58,0.42,-0.045616,1,0,0
0.6,0.42,-0.052537,1,0,0
0.62,0.42,-0.057398,1,0,0
0.64,0.42,-0.058071,1,0,0
0.66,0.42,-0.047529,1,0,0
0.68,0.42,-0.032983,1,0,0
0.7,0.42,-0.027268,1,0,0
0.72,0.42,-0.028615,1,0,0
0.74,0.42,-0.029201,1,0,0
0.76,0.42,-0.027922,1,0,0
0.78,0.42,-0.037515,1,0,0
0.8,0.42,-0.031046,1,0,0
0.82,0.42,-0.022516,1,0,0
0.84,0.42,-0.01858,1,0,0
0.86,0.42,-0.016002,1,0,0
0.88,0.42,-0.020143,1,0,0
0.9,0.42,-0.021136,1,0,0
0.92,0.42,-0.026844,1,0,0
0.94,0.42,-0.031687,1,0,0
0.96,0.42,-0.037257,1,0,0
0.98,0.42,-0.023321,1,0,0
0.02,0.44,-0.047889,1,0,0
0.04,0.44,-0.040105,1,0,0
0.06,0.44,-0.032008,1,0,0
0.08,0.44,-0.030041,1,0,0
0.1,0.44,-0.027747,1,0,0
0.12,0.44,-0.029107,1,0,0
0.14,0.44,-0.034962,1,0,0
0.16,0.44,-0.029314,1,0,0
0.18,0.44,-0.019578,1,0,0
0.2,0.44,-0.013773,1,0,0
0.22,0.44,0.00795,1,0,0
0.24,0.44,0.0094782,1,0,0
0.26,0.44,0.0075995,1,0,0
0.28,0.44,0.010895,1,0,0
0.3,0.44,0.0065836,1,0,0
0.32,0.44,-0.0062811,1,0,0
0.34,0.44,-0.011679,1,0,0
0.36,0.44,-0.0069936,1,0,0
0.38,0.44,0.0049256,1,0,0
0.4,0.44,0.012583,1,0,0
0.42,0.44,0.025982,1,0,0
0.44,0.44,0.014768,1,0,0
0.46,0.44,0.0078202,1,0,0
0.48,0.44,-0.0059242,1,0,0
0.5,0.44,-0.011046,1,0,0
0.52,0.44,-0.024379,1,0,0
0.54,0.44,-0.035839,1,0,0
0.56,0.44,-0.049414,1,0,0
0.58,0.44,-0.047822,1,0,0
0.6,0.44,-0.058631,1,0,0
0.62,0.44,-0.05656,1,0,0
0.64,0.44,-0.051698,1,0,0
0.66,0.44,-0.036967,1,0,0
0.68,0.44,-0.036302,1,0,0
0.7,0.44,-0.025694,1,0,0
0.72,0.44,-0.03011,1,0,0
0.74,0.44,-0.03463,1,0,0
0.76,0.44,-0.04434,1,0,0
0.78,0.44,-0.041951,1,0,0
0.8,0.44,-0.037191,1,0,0
0.82,0.44,-0.037196,1,0,0
0.84,0.44,-0.025672,1,0,0
0.86,0.44,-0.013832,1,0,0
0.88,0.44,-0.017317,1,0,0
0.9,0.44,-0.023713,1,0,0
0.92,0.44,-0.024442,1,0,0
0.94,0.44,-0.028553,1,0,0
0.96,0.44,-0.022718,1,0,0
0.98,0.44,-0.021684,1,0,0
0.02,0.46,-0.04326,1,0,0
0.04,0.46,-0.026576,1,0,0
0.06,0.46,-0.016186,1,0,0
0.08,0.46,-0.022686,1,0,0
0.1,0.46,-0.021929,1,0,0
0.12,0.46,-0.02704,1,0,0
0.14,0.46,-0.028596,1,0,0
0.16,0.46,-0.024657,1,0,0
0.18,0.46,-0.023414,1,0,0
0.2,0.46,-0.013299,1,0,0
0.22,0.46,0.0063537,1,0,0
0.24,0.46,0.0099486,1,0,0
0.26,0.46,0.0035083,1,0,0
0.28,0.46,0.0040952,1,0,0
0.3,0.46,0.0082388,1,0,0
0.32,0.46,-0.002188,1,0,0
0.34,0.46,0.011198,1,0,0
0.36,0.46,0.0044066,1,0,0
0.38,0.46,0.0041781,1,0,0
0.4,0.46,0.020153,1,0,0
0.42,0.46,0.033417,1,0,0
0.44,0.46,0.026208,1,0,0
0.46,0.46,0.01802,1,0,0
0.48,0.46,0.0085148,1,0,0
0.5,0.46,0.0018403,1,0,0
0.52,0.46,-0.012544,1,0,0
0.54,0.46,-0.019988,1,0,0
0.56,0.46,-0.043106,1,0,0
0.58,0.46,-0.052915,1,0,0
0.6,0.46,-0.057887,1,0,0
0.62,0.46,-0.049118,1,0,0
0.64,0.46,-0.044473,1,0,0
0.66,0.46,-0.032264,1,0,0
0.68,0.46,-0.033202,1,0,0
0.7,0.46,-0.038325,1,0,0
0.72,0.46,-0.034632,1,0,0
0.74,0.46,-0.032979,1,0,0
0.76,0.46,-0.046307,1,0,0
0.78,0.46,-0.037103,1,0,0
0.8,0.46,-0.038178,1,0,0
0.82,0.46,-0.030887,1,0,0
0.84,0.46,-0.020439,1,0,0
0.86,0.46,-0.012462,1,0,0
0.88,0.46,-0.018194,1,0,0
0.9,0.46,-0.032737,1,0,0
0.92,0.46,-0.019874,1,0,0
0.94,0.46,-0.011565,1,0,0
0.96,0.46,-0.0073439,1,0,0
0.98,0.46,-0.013206,1,0,0
0.02,0.48,-0.0351,1,0,0
0.04,0.48,-0.018386,1,0,0
0.06,0.48,-0.0082007,1,0,0
0.08,0.48,-0.023343,1,0,0
0.1,0.48,-0.016875,1,0,0
0.12,0.48,-0.019151,1,0,0
0.14,0.48,-0.025808,1,0,0
0.16,0.48,-0.016505,1,0,0
0.18,0.48,-0.0054092,1,0,0
0.2,0.48,-0.0082764,1,0,0
0.22,0.48,0.012027,1,0,0
0.24,0.48,0.019152,1,0,0
0.26,0.48,0.011195,1,0,0
0.28,0.48,0.0069296,1,0,0
0.3,0.48,0.0098569,1,0,0
0.32,0.48,0.012873,1,0,0
0.34,0.48,0.01052,1,0,0
0.36,0.48,0.0049569,1,0,0
0.38,0.48,0.011127,1,0,0
0.4,0.48,0.024016,1,0,0
0.42,0.48,0.032749,1,0,0
0.44,0.48,0.023143,1,0,0
0.46,0.48,0.017465,1,0,0
0.48,0.48,0.01821,1,0,0
0.5,0.48,0.015904,1,0,0
0.52,0.48,0.0058877,1,0,0
0.54,0.48,-0.011714,1,0,0
0.56,0.48,-0.033447,1,0,0
0.58,0.48,-0.039947,1,0,0
0.6,0.48,-0.043067,1,0,0
0.62,0.48,-0.044179,1,0,0
0.64,0.48,-0.040051,1,0,0
0.66,0.48,-0.035943,1,0,0
0.68,0.48,-0.033738,1,0,0
0.7,0.48,-0.040637,1,0,0
0.72,0.48,-0.04454,1,0,0
0.74,0.48,-0.041713,1,0,0
0.76,0.48,-0.03188,1,0,0
0.78,0.48,-0.021293,1,0,0
0.8,0.48,-0.017736,1,0,0
0.82,0.48,-0.021341,1,0,0
0.84,0.48,-0.012031,1,0,0
0.86,0.48,-0.015738,1,0,0
0.88,0.48,-0.031834,1,0,0
0.9,0.48,-0.024239,1,0,0
0.92,0.48,-0.017298,1,0,0
0.94,0.48,-0.01454,1,0,0
0.96,0.48,-0.0029291,1,0,0
0.98,0.48,0.00326,1,0,0
0.02,0.5,-0.029414,1,0,0
0.04,0.5,-0.018658,1,0,0
0.06,0.5,-0.013402,1,0,0
0.08,0.5,-0.0092257,1,0,0
0.1,0.5,-0.0032688,1,0,0
0.12,0.5,0.003301,1,0,0
0.14,0.5,0.0017866,1,0,0
0.16,0.5,0.0034385,1,0,0
0.18,0.5,0.0049296,1,0,0
0.2,0.5,0.0032988,1,0,0
0.22,0.5,0.02144,1,0,0
0.24,0.5,0.022999,1,0,0
0.26,0.5,0.018348,1,0,0
0.28,0.5,0.021684,1,0,0
0.3,0.5,0.022769,1,0,0
0.32,0.5,0.022513,1,0,0
0.34,0.5,0.019257,1,0,0
0.36,0.5,0.0058211,1,0,0
0.38,0.5,0.0050702,1,0,0
0.4,0.5,0.021667,1,0,0
0.42,0.5,0.025107,1,0,0
0.44,0.5,0.017188,1,0,0
0.46,0.5,0.02092,1,0,0
0.48,0.5,0.02894,1,0,0
0.5,0.5,0.024767,1,0,0
0.52,0.5,0.016188,1,0,0
0.54,0.5,-0.0089908,1,0,0
0.56,0.5,-0.018404,1,0,0
0.58,0.5,-0.03711,1,0,0
0.6,0.5,-0.029681,1,0,0
0.62,0.5,-0.032943,1,0,0
0.64,0.5,-0.044204,1,0,0
0.66,0.5,-0.030774,1,0,0
0.68,0.5,-0.01772,1,0,0
0.7,0.5,-0.022914,1,0,0
0.72,0.5,-0.032625,1,0,0
0.74,0.5,-0.034904,1,0,0
0.76,0.5,-0.024518,1,0,0
0.78,0.5,-0.014681,1,0,0
0.8,0.5,-0.0060964,1,0,0
0.82,0.5,-0.0085981,1,0,0
0.84,0.5,-0.0078595,1,0,0
0.86,0.5,-0.016126,1,0,0
0.88,0.5,-0.01813,1,0,0
0.9,0.5,-0.020706,1,0,0
0.92,0.5,-0.016988,1,0,0
0.94,0.5,-0.015227,1,0,0
0.96,0.5,-0.0029601,1,0,0
0.98,0.5,0.003448,1,0,0
0.02,0.52,-0.026102,1,0,0
0.04,0.52,-0.01378,1,0,0
0.06,0.52,-0.0031311,1,0,0
0.08,0.52,-0.009875,1,0,0
0.1,0.52,0.006921,1,0,0
0.12,0.52,0.020878,1,0,0
0.14,0.52,0.027693,1,0,0
0.16,0.52,0.026003,1,0,0
0.18,0.52,0.016119,1,0,0
0.2,0.52,0.0093287,1,0,0
0.22,0.52,0.021993,1,0,0
0.24,0.52,0.029373,1,0,0
0.26,0.52,0.031247,1,0,0
0.28,0.52,0.028563,1,0,0
0.3,0.52,0.023837,1,0,0
0.32,0.52,0.020482,1,0,0
0.34,0.52,0.014193,1,0,0
0.36,0.52,0.0053829,1,0,0
0.38,0.52,0.0059965,1,0,0
0.4,0.52,0.013846,1,0,0
0.42,0.52,0.014808,1,0,0
0.44,0.52,0.018014,1,0,0
0.46,0.52,0.015578,1,0,0
0.48,0.52,0.017636,1,0,0
0.5,0.52,0.013036,1,0,0
0.52,0.52,0.0042798,1,0,0
0.54,0.52,-0.010422,1,0,0
0.56,0.52,-0.020664,1,0,0
0.58,0.52,-0.021615,1,0,0
0.6,0.52,-0.024197,1,0,0
0.62,0.52,-0.027973,1,0,0
0.64,0.52,-0.019789,1,0,0
0.66,0.52,-0.02202,1,0,0
0.68,0.52,-0.002453,1,0,0
0.7,0.52,-0.0080105,1,0,0
0.72,0.52,-0.019196,1,0,0
0.74,0.52,-0.027386,1,0,0
0.76,0.52,-0.019282,1,0,0
0.78,0.52,-0.0098436,1,0,0
0.8,0.52,7.7423e-05,1,0,0
0.82,0.52,-0.0061303,1,0,0
0.84,0.52,-0.0076098,1,0,0
0.86,0.52,-0.0069293,1,0,0
0.88,0.52,-0.0097998,1,0,0
0.9,0.52,-0.015595,1,0,0
0.92,0.52,-0.013189,1,0,0
0.94,0.52,-0.01173,1,0,0
0.96,0.52,-0.0025274,1,0,0
0.98,0.52,0.0040002,1,0,0
0.02,0.54,-0.013726,1,0,0
0.04,0.54,-0.00070701,1,0,0
0.06,0.54,0.0086558,1,0,0
0.08,0.54,0.0083415,1,0,0
0.1,0.54,0.017933,1,0,0
0.12,0.54,0.033187,1,0,0
0.14,0.54,0.053872,1,0,0
0.16,0.54,0.049994,1,0,0
0.18,0.54,0.034267,1,0,0
0.2,0.54,0.02997,1,0,0
0.22,0.54,0.037576,1,0,0
0.24,0.54,0.042635,1,0,0
0.26,0.54,0.038127,1,0,0
0.28,0.54,0.028167,1,0,0
0.3,0.54,0.022919,1,0,0
0.32,0.54,0.020943,1,0,0
0.34,0.54,0.024574,1,0,0
0.36,0.54,0.014934,1,0,0
0.38,0.54,0.012179,1,0,0
0.4,0.54,0.013892,1,0,0
0.42,0.54,0.015119,1,0,0
0.44,0.54,0.019236,1,0,0
0.46,0.54,0.012073,1,0,0
0.48,0.54,-0.0016516,1,0,0
0.5,0.54,0.0017243,1,0,0
0.52,0.54,-0.0097186,1,0,0
0.54,0.54,-0.019797,1,0,0
0.56,0.54,-0.012923,1,0,0
0.58,0.54,-0.0044817,1,0,0
0.6,0.54,-0.011144,1,0,0
0.62,0.54,-0.0093109,1,0,0
0.64,0.54,-0.0041863,1,0,0
0.66,0.54,-0.0017593,1,0,0
0.68,0.54,0.0053873,1,0,0
0.7,0.54,-0.00059381,1,0,0
0.72,0.54,-0.0046024,1,0,0
0.74,0.54,-0.01346,1,0,0
0.76,0.54,-0.010324,1,0,0
0.78,0.54,-0.0016338,1,0,0
0.8,0.54,0.0063123,1,0,0
0.82,0.54,0.0052899,1,0,0
0.84,0.54,0.0016527,1,0,0
0.86,0.54,0.00048039,1,0,0
0.88,0.54,-0.0011083,1,0,0
0.9,0.54,-0.017647,1,0,0
0.92,0.54,-0.0069602,1,0,0
0.94,0.54,0.0064763,1,0,0
0.96,0.54,0.006546,1,0,0
0.98,0.54,0.0084458,1,0,0
0.02,0.56,-0.005925,1,0,0
0.04,0.56,-0.0044897,1,0,0
0.06,0.56,0.0062038,1,0,0
0.08,0.56,0.021784,1,0,0
0.1,0.56,0.02168,1,0,0
0.12,0.56,0.03775,1,0,0
0.14,0.56,0.053816,1,0,0
0.16,0.56,0.05501,1,0,0
0.18,0.56,0.044099,1,0,0
0.2,0.56,0.037579,1,0,0
0.22,0.56,0.041104,1,0,0
0.24,0.56,0.032091,1,0,0
0.26,0.56,0.031097,1,0,0
0.28,0.56,0.02344,1,0,0
0.3,0.56,0.016929,1,0,0
0.32,0.56,0.015815,1,0,0
0.34,0.56,0.012028,1,0,0
0.36,0.56,0.0018805,1,0,0
0.38,0.56,0.0081934,1,0,0
0.4,0.56,0.0041549,1,0,0
0.42,0.56,0.0084719,1,0,0
0.44,0.56,-0.0039333,1,0,0
0.46,0.56,-0.0031809,1,0,0
0.48,0.56,-0.0086043,1,0,0
0.5,0.56,-0.0060978,1,0,0
0.52,0.56,-0.016254,1,0,0
0.54,0.56,-0.032715,1,0,0
0.56,0.56,-0.030393,1,0,0
0.58,0.56,-0.015024,1,0,0
0.6,0.56,-0.015883,1,0,0
0.62,0.56,-0.0084042,1,0,0
0.64,0.56,-0.0035087,1,0,0
0.66,0.56,0.0083928,1,0,0
0.68,0.56,0.010767,1,0,0
0.7,0.56,0.010581,1,0,0
0.72,0.56,-0.014533,1,0,0
0.74,0.56,-0.012624,1,0,0
0.76,0.56,-0.0074255,1,0,0
0.78,0.56,-0.006484,1,0,0
0.8,0.56,0.011644,1,0,0
0.82,0.56,0.0087608,1,0,0
0.84,0.56,0.0010748,1,0,0
0.86,0.56,0.003625,1,0,0
0.88,0.56,0.0047194,1,0,0
0.9,0.56,-0.0063144,1,0,0
0.92,0.56,-0.0035457,1,0,0
0.94,0.56,-0.0032485,1,0,0
0.96,0.56,-0.0045775,1,0,0
0.98,0.56,-0.0054402,1,0,0
0.02,0.58,-0.0061283,1,0,0
0.04,0.58,0.0042101,1,0,0
0.06,0.58,0.011313,1,0,0
0.08,0.58,0.019387,1,0,0
0.1,0.58,0.027903,1,0,0
0.12,0.58,0.032213,1,0,0
0.14,0.58,0.041025,1,0,0
0.16,0.58,0.042649,1,0,0
0.18,0.58,0.049211,1,0,0
0.2,0.58,0.046346,1,0,0
0.22,0.58,0.040146,1,0,0
0.24,0.58,0.026336,1,0,0
0.26,0.58,0.019344,1,0,0
0.28,0.58,0.0059294,1,0,0
0.3,0.58,0.0086939,1,0,0
0.32,0.58,0.0098965,1,0,0
0.34,0.58,0.0044673,1,0,0
0.36,0.58,-0.0096258,1,0,0
0.38,0.58,-0.0023722,1,0,0
0.4,0.58,-0.0059003,1,0,0
0.42,0.58,-0.010536,1,0,0
0.44,0.58,-0.013866,1,0,0
0.46,0.58,-0.0099511,1,0,0
0.48,0.58,-0.023112,1,0,0
0.5,0.58,-0.016844,1,0,0
0.52,0.58,-0.027873,1,0,0
0.54,0.58,-0.036929,1,0,0
0.56,0.58,-0.038696,1,0,0
0.58,0.58,-0.025601,1,0,0
0.6,0.58,-0.025523,1,0,0
0.62,0.58,-0.012854,1,0,0
0.64,0.58,-0.0067882,1,0,0
0.66,0.58,-0.0045003,1,0,0
0.68,0.58,0.0011296,1,0,0
0.7,0.58,0.001538,1,0,0
0.72,0.58,-0.012318,1,0,0
0.74,0.58,-0.017036,1,0,0
0.76,0.58,-0.0072573,1,0,0
0.78,0.58,-0.0049542,1,0,0
0.8,0.58,-0.00059546,1,0,0
0.82,0.58,0.011091,1,0,0
0.84,0.58,0.0090055,1,0,0
0.86,0.58,0.0039892,1,0,0
0.88,0.58,-0.0022772,1,0,0
0.9,0.58,-0.0083912,1,0,0
0.92,0.58,-0.01087,1,0,0
0.94,0.58,-0.0116,1,0,0
0.96,0.58,-0.013945,1,0,0
0.98,0.58,-0.0061351,1,0,0
0.02,0.6,0.0099305,1,0,0
0.04,0.6,0.016119,1,0,0
0.06,0.6,0.020942,1,0,0
0.08,0.6,0.02175,1,0,0
0.1,0.6,0.023101,1,0,0
0.12,0.6,0.024018,1,0,0
0.14,0.6,0.031535,1,0,0
0.16,0.6,0.036855,1,0,0
0.18,0.6,0.040226,1,0,0
0.2,0.6,0.044285,1,0,0
0.22,0.6,0.034571,1,0,0
0.24,0.6,0.020512,1,0,0
0.26,0.6,0.017183,1,0,0
0.28,0.6,0.003018,1,0,0
0.3,0.6,0.00050205,1,0,0
0.32,0.6,-0.0059166,1,0,0
0.34,0.6,0.0012182,1,0,0
0.36,0.6,-0.011306,1,0,0
0.38,0.6,-0.010034,1,0,0
0.4,0.6,-0.0052703,1,0,0
0.42,0.6,-0.009638,1,0,0
0.44,0.6,-0.020372,1,0,0
0.46,0.6,-0.024831,1,0,0
0.48,0.6,-0.032258,1,0,0
0.5,0.6,-0.042387,1,0,0
0.52,0.6,-0.040061,1,0,0
0.54,0.6,-0.0306,1,0,0
0.56,0.6,-0.033304,1,0,0
0.58,0.6,-0.031397,1,0,0
0.6,0.6,-0.027982,1,0,0
0.62,0.6,-0.013315,1,0,0
0.64,0.6,-0.0051763,1,0,0
0.66,0.6,-0.014538,1,0,0
0.68,0.6,-0.011942,1,0,0
0.7,0.6,-0.014088,1,0,0
0.72,0.6,-0.022029,1,0,0
0.74,0.6,-0.0086919,1,0,0
0.76,0.6,-0.003808,1,0,0
0.78,0.6,-0.009031,1,0,0
0.8,0.6,-0.0093554,1,0,0
0.82,0.6,0.0038697,1,0,0
0.84,0.6,0.0035525,1,0,0
0.86,0.6,0.0009523,1,0,0
0.88,0.6,-0.0059269,1,0,0
0.9,0.6,-0.021512,1,0,0
0.92,0.6,-0.013918,1,0,0
0.94,0.6,-0.014414,1,0,0
0.96,0.6,-0.01249,1,0,0
0.98,0.6,-0.012034,1,0,0
0.02,0.62,0.0084893,1,0,0
0.04,0.62,0.018837,1,0,0
0.06,0.62,0.030167,1,0,0
0.08,0.62,0.034761,1,0,0
0.1,0.62,0.040309,1,0,0
0.12,0.62,0.033736,1,0,0
0.14,0.62,0.027304,1,0,0
0.16,0.62,0.028637,1,0,0
0.18,0.62,0.033329,1,0,0
0.2,0.62,0.026392,1,0,0
0.22,0.62,0.021702,1,0,0
0.24,0.62,0.013137,1,0,0
0.26,0.62,0.0089162,1,0,0
0.28,0.62,0.0060658,1,0,0
0.3,0.62,0.0027431,1,0,0
0.32,0.62,0.0056999,1,0,0
0.34,0.62,0.00030678,1,0,0
0.36,0.62,-0.0072647,1,0,0
0.38,0.62,-0.012113,1,0,0
0.4,0.62,-0.010403,1,0,0
0.42,0.62,-0.010453,1,0,0
0.44,0.62,-0.019076,1,0,0
0.46,0.62,-0.027538,1,0,0
0.48,0.62,-0.037083,1,0,0
0.5,0.62,-0.043738,1,0,0
0.52,0.62,-0.039973,1,0,0
0.54,0.62,-0.03697,1,0,0
0.56,0.62,-0.024348,1,0,0
0.58,0.62,-0.023752,1,0,0
0.6,0.62,-0.025192,1,0,0
0.62,0.62,-0.020533,1,0,0
0.64,0.62,-0.010794,1,0,0
0.66,0.62,-0.010709,1,0,0
0.68,0.62,-0.012348,1,0,0
0.7,0.62,-0.0041459,1,0,0
0.72,0.62,0.0010411,1,0,0
0.74,0.62,-0.00058444,1,0,0
0.76,0.62,-0.0040448,1,0,0
0.78,0.62,-0.022366,1,0,0
0.8,0.62,-0.025174,1,0,0
0.82,0.62,-0.018743,1,0,0
0.84,0.62,-0.00054429,1,0,0
0.86,0.62,-0.0006996,1,0,0
0.88,0.62,-0.01219,1,0,0
0.9,0.62,-0.018247,1,0,0
0.92,0.62,-0.013619,1,0,0
0.94,0.62,-0.012422,1,0,0
0.96,0.62,-0.010012,1,0,0
0.98,0.62,-0.0077015,1,0,0
0.02,0.64,0.01474,1,0,0
0.04,0.64,0.015868,1,0,0
0.06,0.64,0.030072,1,0,0
0.08,0.64,0.039528,1,0,0
0.1,0.64,0.043129,1,0,0
0.12,0.64,0.029648,1,0,0
0.14,0.64,0.026139,1,0,0
0.16,0.64,0.022519,1,0,0
0.18,0.64,0.021581,1,0,0
0.2,0.64,0.011633,1,0,0
0.22,0.64,0.012159,1,0,0
0.24,0.64,0.0069932,1,0,0
0.26,0.64,0.0051762,1,0,0
0.28,0.64,0.016866,1,0,0
0.3,0.64,0.014455,1,0,0
0.32,0.64,0.0042923,1,0,0
0.34,0.64,-0.0057607,1,0,0
0.36,0.64,-0.0058066,1,0,0
0.38,0.64,-0.013929,1,0,0
0.4,0.64,-0.010012,1,0,0
0.42,0.64,-0.014907,1,0,0
0.44,0.64,-0.027635,1,0,0
0.46,0.64,-0.034927,1,0,0
0.48,0.64,-0.040086,1,0,0
0.5,0.64,-0.041834,1,0,0
0.52,0.64,-0.036668,1,0,0
0.54,0.64,-0.035317,1,0,0
0.56,0.64,-0.022631,1,0,0
0.58,0.64,-0.016015,1,0,0
0.6,0.64,-0.017282,1,0,0
0.62,0.64,-0.026524,1,0,0
0.64,0.64,-0.019087,1,0,0
0.66,0.64,-0.012709,1,0,0
0.68,0.64,-0.0087076,1,0,0
0.7,0.64,-0.0060544,1,0,0
0.72,0.64,0.0058785,1,0,0
0.74,0.64,-0.0011301,1,0,0
0.76,0.64,-0.010728,1,0,0
0.78,0.64,-0.031959,1,0,0
0.8,0.64,-0.033888,1,0,0
0.82,0.64,-0.038222,1,0,0
0.84,0.64,-0.030495,1,0,0
0.86,0.64,-0.021123,1,0,0
0.88,0.64,-0.022461,1,0,0
0.9,0.64,-0.023173,1,0,0
0.92,0.64,-0.020598,1,0,0
0.94,0.64,-0.018373,1,0,0
0.96,0.64,-0.01914,1,0,0
0.98,0.64,-0.0054087,1,0,0
0.02,0.66,0.021339,1,0,0
0.04,0.66,0.027665,1,0,0
0.06,0.66,0.040165,1,0,0
0.08,0.66,0.034021,1,0,0
0.1,0.66,0.033815,1,0,0
0.12,0.66,0.019967,1,0,0
0.14,0.66,0.013204,1,0,0
0.16,0.66,0.024036,1,0,0
0.18,0.66,0.018651,1,0,0
0.2,0.66,0.017396,1,0,0
0.22,0.66,0.020922,1,0,0
0.24,0.66,0.015289,1,0,0
0.26,0.66,0.012694,1,0,0
0.28,0.66,0.018679,1,0,0
0.3,0.66,0.020935,1,0,0
0.32,0.66,0.006871,1,0,0
0.34,0.66,0.0055146,1,0,0
0.36,0.66,-0.0016483,1,0,0
0.38,0.66,-0.010741,1,0,0
0.4,0.66,-0.019789,1,0,0
0.42,0.66,-0.028962,1,0,0
0.44,0.66,-0.024288,1,0,0
0.46,0.66,-0.026368,1,0,0
0.48,0.66,-0.029376,1,0,0
0.5,0.66,-0.036384,1,0,0
0.52,0.66,-0.028937,1,0,0
0.54,0.66,-0.015453,1,0,0
0.56,0.66,-0.0052923,1,0,0
0.58,0.66,0.0056901,1,0,0
0.6,0.66,0.00015413,1,0,0
0.62,0.66,-0.017066,1,0,0
0.64,0.66,-0.020577,1,0,0
0.66,0.66,-0.019835,1,0,0
0.68,0.66,-0.014098,1,0,0
0.7,0.66,-0.0072631,1,0,0
0.72,0.66,0.0039226,1,0,0
0.74,0.66,0.0072563,1,0,0
0.76,0.66,-0.011315,1,0,0
0.78,0.66,-0.022389,1,0,0
0.8,0.66,-0.031591,1,0,0
0.82,0.66,-0.0358,1,0,0
0.84,0.66,-0.034237,1,0,0
0.86,0.66,-0.036809,1,0,0
0.88,0.66,-0.035367,1,0,0
0.9,0.66,-0.036812,1,0,0
0.92,0.66,-0.022185,1,0,0
0.94,0.66,-0.019884,1,0,0
0.96,0.66,-0.001667,1,0,0
0.98,0.66,0.0074209,1,0,0
0.02,0.68,0.021633,1,0,0
0.04,0.68,0.038967,1,0,0
0.06,0.68,0.038549,1,0,0
0.08,0.68,0.019821,1,0,0
0.1,0.68,0.015959,1,0,0
0.12,0.68,0.010654,1,0,0
0.14,0.68,0.011918,1,0,0
0.16,0.68,0.016509,1,0,0
0.18,0.68,0.02014,1,0,0
0.2,0.68,0.0092768,1,0,0
0.22,0.68,0.012067,1,0,0
0.24,0.68,0.018059,1,0,0
0.26,0.68,0.020161,1,0,0
0.28,0.68,0.019044,1,0,0
0.3,0.68,0.016462,1,0,0
0.32,0.68,0.0082821,1,0,0
0.34,0.68,0.0064155,1,0,0
0.36,0.68,-0.0056726,1,0,0
0.38,0.68,-0.021471,1,0,0
0.4,0.68,-0.033287,1,0,0
0.42,0.68,-0.038948,1,0,0
0.44,0.68,-0.032551,1,0,0
0.46,0.68,-0.01411,1,0,0
0.48,0.68,-0.01913,1,0,0
0.5,0.68,-0.016444,1,0,0
0.52,0.68,-0.014815,1,0,0
0.54,0.68,-0.0043007,1,0,0
0.56,0.68,0.002201,1,0,0
0.58,0.68,0.0011979,1,0,0
0.6,0.68,-0.011363,1,0,0
0.62,0.68,-0.013985,1,0,0
0.64,0.68,-0.020028,1,0,0
0.66,0.68,-0.017963,1,0,0
0.68,0.68,-0.020049,1,0,0
0.7,0.68,-0.014709,1,0,0
0.72,0.68,-0.0089952,1,0,0
0.74,0.68,-0.0084482,1,0,0
0.76,0.68,-0.012096,1,0,0
0.78,0.68,-0.022664,1,0,0
0.8,0.68,-0.037043,1,0,0
0.82,0.68,-0.041337,1,0,0
0.84,0.68,-0.038797,1,0,0
0.86,0.68,-0.044307,1,0,0
0.88,0.68,-0.048482,1,0,0
0.9,0.68,-0.037717,1,0,0
0.92,0.68,-0.025218,1,0,0
0.94,0.68,-0.020846,1,0,0
0.96,0.68,-0.01103,1,0,0
0.98,0.68,0.0057306,1,0,0
0.02,0.7,0.024473,1,0,0
0.04,0.7,0.037164,1,0,0
0.06,0.7,0.03798,1,0,0
0.08,0.7,0.027781,1,0,0
0.1,0.7,0.020014,1,0,0
0.12,0.7,0.015705,1,0,0
0.14,0.7,0.013149,1,0,0
0.16,0.7,0.02149,1,0,0
0.18,0.7,0.027302,1,0,0
0.2,0.7,0.016265,1,0,0
0.22,0.7,0.018032,1,0,0
0.24,0.7,0.0056247,1,0,0
0.26,0.7,0.015589,1,0,0
0.28,0.7,0.015549,1,0,0
0.3,0.7,0.012505,1,0,0
0.32,0.7,0.016997,1,0,0
0.34,0.7,0.019186,1,0,0
0.36,0.7,-0.0075211,1,0,0
0.38,0.7,-0.019908,1,0,0
0.4,0.7,-0.029563,1,0,0
0.42,0.7,-0.026051,1,0,0
0.44,0.7,-0.029121,1,0,0
0.46,0.7,-0.0034968,1,0,0
0.48,0.7,0.0068338,1,0,0
0.5,0.7,0.0045254,1,0,0
0.52,0.7,-0.0045053,1,0,0
0.54,0.7,0.0003341,1,0,0
0.56,0.7,0.0087518,1,0,0
0.58,0.7,0.0067741,1,0,0
0.6,0.7,-0.00093569,1,0,0
0.62,0.7,-0.0074946,1,0,0
0.64,0.7,-0.023053,1,0,0
0.66,0.7,-0.022211,1,0,0
0.68,0.7,-0.017241,1,0,0
0.7,0.7,-0.0088809,1,0,0
0.72,0.7,-0.018238,1,0,0
0.74,0.7,-0.011748,1,0,0
0.76,0.7,-0.014606,1,0,0
0.78,0.7,-0.026053,1,0,0
0.8,0.7,-0.029401,1,0,0
0.82,0.7,-0.033418,1,0,0
0.84,0.7,-0.035726,1,0,0
0.86,0.7,-0.036365,1,0,0
0.88,0.7,-0.043811,1,0,0
0.9,0.7,-0.028941,1,0,0
0.92,0.7,-0.021195,1,0,0
0.94,0.7,-0.010147,1,0,0
0.96,0.7,-0.0014899,1,0,0
0.98,0.7,0.010764,1,0,0
0.02,0.72,0.038752,1,0,0
0.04,0.72,0.043042,1,0,0
0.06,0.72,0.038592,1,0,0
0.08,0.72,0.025039,1,0,0
0.1,0.72,0.020541,1,0,0
0.12,0.72,0.018084,1,0,0
0.14,0.72,0.020923,1,0,0
0.16,0.72,0.027344,1,0,0
0.18,0.72,0.028335,1,0,0
0.2,0.72,0.022807,1,0,0
0.22,0.72,0.013844,1,0,0
0.24,0.72,0.0076711,1,0,0
0.26,0.72,0.0089914,1,0,0
0.28,0.72,0.0066546,1,0,0
0.3,0.72,0.01545,1,0,0
0.32,0.72,0.0099212,1,0,0
0.34,0.72,0.0088399,1,0,0
0.36,0.72,-0.012713,1,0,0
0.38,0.72,-0.013587,1,0,0
0.4,0.72,-0.011167,1,0,0
0.42,0.72,-0.012326,1,0,0
0.44,0.72,-0.0056117,1,0,0
0.46,0.72,0.0040197,1,0,0
0.48,0.72,0.0035069,1,0,0
0.5,0.72,0.016102,1,0,0
0.52,0.72,0.0078847,1,0,0
0.54,0.72,0.0024041,1,0,0
0.56,0.72,0.011704,1,0,0
0.58,0.72,0.019069,1,0,0
0.6,0.72,0.0069802,1,0,0
0.62,0.72,0.001572,1,0,0
0.64,0.72,-0.011577,1,0,0
0.66,0.72,-0.020944,1,0,0
0.68,0.72,-0.023527,1,0,0
0.7,0.72,-0.019387,1,0,0
0.72,0.72,-0.022809,1,0,0
0.74,0.72,-0.019845,1,0,0
0.76,0.72,-0.016438,1,0,0
0.78,0.72,-0.013917,1,0,0
0.8,0.72,-0.022818,1,0,0
0.82,0.72,-0.021772,1,0,0
0.84,0.72,-0.022312,1,0,0
0.86,0.72,-0.023106,1,0,0
0.88,0.72,-0.016734,1,0,0
0.9,0.72,-0.017414,1,0,0
0.92,0.72,-0.003384,1,0,0
0.94,0.72,-0.00064615,1,0,0
0.96,0.72,0.0098504,1,0,0
0.98,0.72,0.022853,1,0,0
0.02,0.74,0.038108,1,0,0
0.04,0.74,0.031004,1,0,0
0.06,0.74,0.039585,1,0,0
0.08,0.74,0.030103,1,0,0
0.1,0.74,0.024593,1,0,0
0.12,0.74,0.019497,1,0,0
0.14,0.74,0.033398,1,0,0
0.16,0.74,0.03464,1,0,0
0.18,0.74,0.025279,1,0,0
0.2,0.74,0.023336,1,0,0
0.22,0.74,0.021441,1,0,0
0.24,0.74,0.0036963,1,0,0
0.26,0.74,-0.00057083,1,0,0
0.28,0.74,0.0067264,1,0,0
0.3,0.74,0.010683,1,0,0
0.32,0.74,0.01146,1,0,0
0.34,0.74,-1.2738e-05,1,0,0
0.36,0.74,-0.015684,1,0,0
0.38,0.74,-0.023321,1,0,0
0.4,0.74,-0.0191,1,0,0
0.42,0.74,-0.0071494,1,0,0
0.44,0.74,0.010457,1,0,0
0.46,0.74,0.01764,1,0,0
0.48,0.74,0.012822,1,0,0
0.5,0.74,0.019333,1,0,0
0.52,0.74,0.014652,1,0,0
0.54,0.74,0.013126,1,0,0
0.56,0.74,0.011209,1,0,0
0.58,0.74,0.01877,1,0,0
0.6,0.74,0.0085694,1,0,0
0.62,0.74,-0.0025089,1,0,0
0.64,0.74,-0.012974,1,0,0
0.66,0.74,-0.03006,1,0,0
0.68,0.74,-0.024876,1,0,0
0.7,0.74,-0.026112,1,0,0
0.72,0.74,-0.022958,1,0,0
0.74,0.74,-0.017031,1,0,0
0.76,0.74,-0.01637,1,0,0
0.78,0.74,-0.02899,1,0,0
0.8,0.74,-0.016543,1,0,0
0.82,0.74,-0.012301,1,0,0
0.84,0.74,-0.0053887,1,0,0
0.86,0.74,0.0060517,1,0,0
0.88,0.74,0.0074391,1,0,0
0.9,0.74,-0.0070038,1,0,0
0.92,0.74,-0.0057052,1,0,0
0.94,0.74,0.0092564,1,0,0
0.96,0.74,0.018762,1,0,0
0.98,0.74,0.018841,1,0,0
0.02,0.76,0.031271,1,0,0
0.04,0.76,0.029201,1,0,0
0.06,0.76,0.024901,1,0,0
0.08,0.76,0.022913,1,0,0
0.1,0.76,0.016033,1,0,0
0.12,0.76,0.024971,1,0,0
0.14,0.76,0.039614,1,0,0
0.16,0.76,0.039551,1,0,0
0.18,0.76,0.030973,1,0,0
0.2,0.76,0.021721,1,0,0
0.22,0.76,0.02015,1,0,0
0.24,0.76,0.008317,1,0,0
0.26,0.76,0.0019856,1,0,0
0.28,0.76,-0.00029111,1,0,0
0.3,0.76,0.0061248,1,0,0
0.32,0.76,0.0045414,1,0,0
0.34,0.76,-0.012124,1,0,0
0.36,0.76,-0.03113,1,0,0
0.38,0.76,-0.034531,1,0,0
0.4,0.76,-0.026558,1,0,0
0.42,0.76,-0.010403,1,0,0
0.44,0.76,0.0061353,1,0,0
0.46,0.76,0.014147,1,0,0
0.48,0.76,0.012136,1,0,0
0.5,0.76,0.025618,1,0,0
0.52,0.76,0.035336,1,0,0
0.54,0.76,0.01622,1,0,0
0.56,0.76,0.020859,1,0,0
0.58,0.76,0.0097261,1,0,0
0.6,0.76,0.0052767,1,0,0
0.62,0.76,-0.0052439,1,0,0
0.64,0.76,-0.014782,1,0,0
0.66,0.76,-0.025734,1,0,0
0.68,0.76,-0.032758,1,0,0
0.7,0.76,-0.032856,1,0,0
0.72,0.76,-0.027439,1,0,0
0.74,0.76,-0.018918,1,0,0
0.76,0.76,-0.0081182,1,0,0
0.78,0.76,-0.016028,1,0,0
0.8,0.76,-0.0055359,1,0,0
0.82,0.76,-0.00093678,1,0,0
0.84,0.76,0.011092,1,0,0
0.86,0.76,0.021594,1,0,0
0.88,0.76,0.020637,1,0,0
0.9,0.76,0.0031587,1,0,0
0.92,0.76,0.0020153,1,0,0
0.94,0.76,0.011011,1,0,0
0.96,0.76,0.014964,1,0,0
0.98,0.76,0.013037,1,0,0
0.02,0.78,0.030533,1,0,0
0.04,0.78,0.032592,1,0,0
0.06,0.78,0.036277,1,0,0
0.08,0.78,0.025398,1,0,0
0.1,0.78,0.0268,1,0,0
0.12,0.78,0.027234,1,0,0
0.14,0.78,0.031646,1,0,0
0.16,0.78,0.040252,1,0,0
0.18,0.78,0.046048,1,0,0
0.2,0.78,0.04428,1,0,0
0.22,0.78,0.035484,1,0,0
0.24,0.78,0.022782,1,0,0
0.26,0.78,0.011124,1,0,0
0.28,0.78,0.0005452,1,0,0
0.3,0.78,0.0048426,1,0,0
0.32,0.78,0.0079803,1,0,0
0.34,0.78,-0.0081213,1,0,0
0.36,0.78,-0.032774,1,0,0
0.38,0.78,-0.038074,1,0,0
0.4,0.78,-0.023712,1,0,0
0.42,0.78,-0.010213,1,0,0
0.44,0.78,-0.0025681,1,0,0
0.46,0.78,0.0086773,1,0,0
0.48,0.78,0.025389,1,0,0
0.5,0.78,0.037107,1,0,0
0.52,0.78,0.037038,1,0,0
0.54,0.78,0.026658,1,0,0
0.56,0.78,0.027078,1,0,0
0.58,0.78,0.03101,1,0,0
0.6,0.78,0.024,1,0,0
0.62,0.78,0.0069367,1,0,0
0.64,0.78,-0.0075284,1,0,0
0.66,0.78,-0.025563,1,0,0
0.68,0.78,-0.023524,1,0,0
0.7,0.78,-0.01902,1,0,0
0.72,0.78,-0.022849,1,0,0
0.74,0.78,-0.015579,1,0,0
0.76,0.78,0.0025463,1,0,0
0.78,0.78,0.0057699,1,0,0
0.8,0.78,0.018227,1,0,0
0.82,0.78,0.018636,1,0,0
0.84,0.78,0.027638,1,0,0
0.86,0.78,0.031946,1,0,0
0.88,0.78,0.026482,1,0,0
0.9,0.78,0.014236,1,0,0
0.92,0.78,0.02043,1,0,0
0.94,0.78,0.020141,1,0,0
0.96,0.78,0.027133,1,0,0
0.98,0.78,0.03013,1,0,0
0.02,0.8,0.022386,1,0,0
0.04,0.8,0.037783,1,0,0
0.06,0.8,0.037652,1,0,0
0.08,0.8,0.023309,1,0,0
0.1,0.8,0.029889,1,0,0
0.12,0.8,0.030307,1,0,0
0.14,0.8,0.038409,1,0,0
0.16,0.8,0.041766,1,0,0
0.18,0.8,0.040581,1,0,0
0.2,0.8,0.03691,1,0,0
0.22,0.8,0.032142,1,0,0
0.24,0.8,0.022754,1,0,0
0.26,0.8,0.014999,1,0,0
0.28,0.8,0.0022497,1,0,0
0.3,0.8,0.003471,1,0,0
0.32,0.8,-0.0018701,1,0,0
0.34,0.8,-0.0063539,1,0,0
0.36,0.8,-0.031787,1,0,0
0.38,0.8,-0.041721,1,0,0
0.4,0.8,-0.026095,1,0,0
0.42,0.8,-0.017765,1,0,0
0.44,0.8,-0.017249,1,0,0
0.46,0.8,-8.4289e-05,1,0,0
0.48,0.8,0.021945,1,0,0
0.5,0.8,0.036586,1,0,0
0.52,0.8,0.033106,1,0,0
0.54,0.8,0.036528,1,0,0
0.56,0.8,0.028118,1,0,0
0.58,0.8,0.025498,1,0,0
0.6,0.8,0.024065,1,0,0
0.62,0.8,0.016246,1,0,0
0.64,0.8,-3.0744e-05,1,0,0
0.66,0.8,-0.011878,1,0,0
0.68,0.8,-0.0059301,1,0,0
0.7,0.8,-0.010723,1,0,0
0.72,0.8,-0.017091,1,0,0
0.74,0.8,-0.013065,1,0,0
0.76,0.8,0.0022691,1,0,0
0.78,0.8,0.013437,1,0,0
0.8,0.8,0.017746,1,0,0
0.82,0.8,0.020842,1,0,0
0.84,0.8,0.022221,1,0,0
0.86,0.8,0.029699,1,0,0
0.88,0.8,0.031445,1,0,0
0.9,0.8,0.027444,1,0,0
0.92,0.8,0.032179,1,0,0
0.94,0.8,0.03044,1,0,0
0.96,0.8,0.028487,1,0,0
0.98,0.8,0.029229,1,0,0
0.02,0.82,0.002306,1,0,0
0.04,0.82,0.030745,1,0,0
0.06,0.82,0.035075,1,0,0
0.08,0.82,0.029592,1,0,0
0.1,0.82,0.027934,1,0,0
0.12,0.82,0.037348,1,0,0
0.14,0.82,0.038204,1,0,0
0.16,0.82,0.038881,1,0,0
0.18,0.82,0.032091,1,0,0
0.2,0.82,0.01725,1,0,0
0.22,0.82,0.023259,1,0,0
0.24,0.82,0.018152,1,0,0
0.26,0.82,0.0071189,1,0,0
0.28,0.82,-0.0083538,1,0,0
0.3,0.82,-0.001028,1,0,0
0.32,0.82,-0.0095161,1,0,0
0.34,0.82,-0.011957,1,0,0
0.36,0.82,-0.023169,1,0,0
0.38,0.82,-0.033227,1,0,0
0.4,0.82,-0.039785,1,0,0
0.42,0.82,-0.024131,1,0,0
0.44,0.82,-0.018941,1,0,0
0.46,0.82,0.0027514,1,0,0
0.48,0.82,0.012812,1,0,0
0.5,0.82,0.023554,1,0,0
0.52,0.82,0.03124,1,0,0
0.54,0.82,0.031637,1,0,0
0.56,0.82,0.033395,1,0,0
0.58,0.82,0.035405,1,0,0
0.6,0.82,0.028132,1,0,0
0.62,0.82,0.013739,1,0,0
0.64,0.82,0.000856,1,0,0
0.66,0.82,0.0028199,1,0,0
0.68,0.82,-0.0015309,1,0,0
0.7,0.82,0.0081843,1,0,0
0.72,0.82,-0.0027353,1,0,0
0.74,0.82,-0.0028525,1,0,0
0.76,0.82,-0.00060753,1,0,0
0.78,0.82,0.0091328,1,0,0
0.8,0.82,0.01476,1,0,0
0.82,0.82,0.015884,1,0,0
0.84,0.82,0.023476,1,0,0
0.86,0.82,0.035991,1,0,0
0.88,0.82,0.031013,1,0,0
0.9,0.82,0.033779,1,0,0
0.92,0.82,0.037491,1,0,0
0.94,0.82,0.032828,1,0,0
0.96,0.82,0.038273,1,0,0
0.98,0.82,0.030593,1,0,0
0.02,0.84,0.0056416,1,0,0
0.04,0.84,0.016888,1,0,0
0.06,0.84,0.026719,1,0,0
0.08,0.84,0.01871,1,0,0
0.1,0.84,0.02096,1,0,0
0.12,0.84,0.019985,1,0,0
0.14,0.84,0.029192,1,0,0
0.16,0.84,0.027661,1,0,0
0.18,0.84,0.0099465,1,0,0
0.2,0.84,0.00021047,1,0,0
0.22,0.84,0.016629,1,0,0
0.24,0.84,0.01547,1,0,0
0.26,0.84,0.0027814,1,0,0
0.28,0.84,-0.0024589,1,0,0
0.3,0.84,-0.014572,1,0,0
0.32,0.84,-0.027141,1,0,0
0.34,0.84,-0.03102,1,0,0
0.36,0.84,-0.030077,1,0,0
0.38,0.84,-0.034846,1,0,0
0.4,0.84,-0.029755,1,0,0
0.42,0.84,-0.016944,1,0,0
0.44,0.84,-0.020916,1,0,0
0.46,0.84,-0.0080571,1,0,0
0.48,0.84,-0.00050203,1,0,0
0.5,0.84,0.016349,1,0,0
0.52,0.84,0.022156,1,0,0
0.54,0.84,0.036343,1,0,0
0.56,0.84,0.03402,1,0,0
0.58,0.84,0.040784,1,0,0
0.6,0.84,0.032005,1,0,0
0.62,0.84,0.014326,1,0,0
0.64,0.84,-0.0059425,1,0,0
0.66,0.84,0.0038125,1,0,0
0.68,0.84,-8.4351e-05,1,0,0
0.7,0.84,-0.0031777,1,0,0
0.72,0.84,-0.0061513,1,0,0
0.74,0.84,-0.004186,1,0,0
0.76,0.84,-0.0035669,1,0,0
0.78,0.84,0.0010866,1,0,0
0.8,0.84,0.015033,1,0,0
0.82,0.84,0.011541,1,0,0
0.84,0.84,0.017395,1,0,0
0.86,0.84,0.030475,1,0,0
0.88,0.84,0.034622,1,0,0
0.9,0.84,0.037881,1,0,0
0.92,0.84,0.035217,1,0,0
0.94,0.84,0.031034,1,0,0
0.96,0.84,0.02537,1,0,0
0.98,0.84,0.015051,1,0,0
0.02,0.86,-0.0030917,1,0,0
0.04,0.86,0.0041494,1,0,0
0.06,0.86,0.016349,1,0,0
0.08,0.86,0.011366,1,0,0
0.1,0.86,0.018071,1,0,0
0.12,0.86,0.010622,1,0,0
0.14,0.86,0.0060136,1,0,0
0.16,0.86,0.0057732,1,0,0
0.18,0.86,-0.00025435,1,0,0
0.2,0.86,-0.0027336,1,0,0
0.22,0.86,0.0028388,1,0,0
0.24,0.86,0.007324,1,0,0
0.26,0.86,-0.0040949,1,0,0
0.28,0.86,-0.014849,1,0,0
0.3,0.86,-0.017865,1,0,0
0.32,0.86,-0.037477,1,0,0
0.34,0.86,-0.037802,1,0,0
0.36,0.86,-0.039469,1,0,0
0.38,0.86,-0.038376,1,0,0
0.4,0.86,-0.022555,1,0,0
0.42,0.86,-0.016359,1,0,0
0.44,0.86,-0.013571,1,0,0
0.46,0.86,-0.0079157,1,0,0
0.48,0.86,0.0028405,1,0,0
0.5,0.86,0.016374,1,0,0
0.52,0.86,0.021442,1,0,0
0.54,0.86,0.027836,1,0,0
0.56,0.86,0.03704,1,0,0
0.58,0.86,0.047273,1,0,0
0.6,0.86,0.033932,1,0,0
0.62,0.86,0.0087887,1,0,0
0.64,0.86,-0.0019897,1,0,0
0.66,0.86,-0.0029097,1,0,0
0.68,0.86,0.00057804,1,0,0
0.7,0.86,0.00080024,1,0,0
0.72,0.86,-0.0016069,1,0,0
0.74,0.86,-0.010328,1,0,0
0.76,0.86,-0.013289,1,0,0
0.78,0.86,-0.0018784,1,0,0
0.8,0.86,0.0054043,1,0,0
0.82,0.86,0.014423,1,0,0
0.84,0.86,0.027153,1,0,0
0.86,0.86,0.03887,1,0,0
0.88,0.86,0.040524,1,0,0
0.9,0.86,0.036647,1,0,0
0.92,0.86,0.03764,1,0,0
0.94,0.86,0.02025,1,0,0
0.96,0.86,0.013293,1,0,0
0.98,0.86,0.010504,1,0,0
0.02,0.88,-0.0057735,1,0,0
0.04,0.88,0.00024732,1,0,0
0.06,0.88,0.0054082,1,0,0
0.08,0.88,-0.00010521,1,0,0
0.1,0.88,0.010033,1,0,0
0.12,0.88,0.010613,1,0,0
0.14,0.88,-0.0005906,1,0,0
0.16,0.88,0.00031563,1,0,0
0.18,0.88,-0.0041818,1,0,0
0.2,0.88,-0.0096025,1,0,0
0.22,0.88,-0.0063749,1,0,0
0.24,0.88,-0.011959,1,0,0
0.26,0.88,-0.011501,1,0,0
0.28,0.88,-0.019873,1,0,0
0.3,0.88,-0.032545,1,0,0
0.32,0.88,-0.037374,1,0,0
0.34,0.88,-0.036229,1,0,0
0.36,0.88,-0.038005,1,0,0
0.38,0.88,-0.029413,1,0,0
0.4,0.88,-0.012324,1,0,0
0.42,0.88,-0.0092118,1,0,0
0.44,0.88,-0.009074,1,0,0
0.46,0.88,-0.006555,1,0,0
0.48,0.88,0.0049091,1,0,0
0.5,0.88,0.010585,1,0,0
0.52,0.88,0.023556,1,0,0
0.54,0.88,0.029723,1,0,0
0.56,0.88,0.038146,1,0,0
0.58,0.88,0.026582,1,0,0
0.6,0.88,0.023783,1,0,0
0.62,0.88,0.017382,1,0,0
0.64,0.88,0.016507,1,0,0
0.66,0.88,0.0095431,1,0,0
0.68,0.88,0.0066767,1,0,0
0.7,0.88,0.0012621,1,0,0
0.72,0.88,-0.0082551,1,0,0
0.74,0.88,-0.012908,1,0,0
0.76,0.88,-0.013134,1,0,0
0.78,0.88,-0.01098,1,0,0
0.8,0.88,-0.00095333,1,0,0
0.82,0.88,0.0090056,1,0,0
0.84,0.88,0.030345,1,0,0
0.86,0.88,0.039826,1,0,0
0.88,0.88,0.038132,1,0,0
0.9,0.88,0.038072,1,0,0
0.92,0.88,0.035973,1,0,0
0.94,0.88,0.021638,1,0,0
0.96,0.88,0.012369,1,0,0
0.98,0.88,-0.0041005,1,0,0
0.02,0.9,-0.0024021,1,0,0
0.04,0.9,0.00042909,1,0,0
0.06,0.9,0.0072664,1,0,0
0.08,0.9,0.0070492,1,0,0
0.1,0.9,0.0079277,1,0,0
0.12,0.9,-0.001454,1,0,0
0.14,0.9,-0.0046001,1,0,0
0.16,0.9,-0.0091319,1,0,0
0.18,0.9,0.00079776,1,0,0
0.2,0.9,0.00095404,1,0,0
0.22,0.9,-0.00069834,1,0,0
0.24,0.9,-0.0086714,1,0,0
0.26,0.9,-0.01696,1,0,0
0.28,0.9,-0.025361,1,0,0
0.3,0.9,-0.038117,1,0,0
0.32,0.9,-0.033164,1,0,0
0.34,0.9,-0.02991,1,0,0
0.36,0.9,-0.024575,1,0,0
0.38,0.9,-0.020156,1,0,0
0.4,0.9,-0.0019414,1,0,0
0.42,0.9,-0.0023556,1,0,0
0.44,0.9,-0.00062614,1,0,0
0.46,0.9,0.0088447,1,0,0
0.48,0.9,0.0020146,1,0,0
0.5,0.9,0.0045761,1,0,0
0.52,0.9,0.015525,1,0,0
0.54,0.9,0.022421,1,0,0
0.56,0.9,0.033876,1,0,0
0.58,0.9,0.023235,1,0,0
0.6,0.9,0.025812,1,0,0
0.62,0.9,0.037187,1,0,0
0.64,0.9,0.037609,1,0,0
0.66,0.9,0.028654,1,0,0
0.68,0.9,0.019038,1,0,0
0.7,0.9,0.002603,1,0,0
0.72,0.9,-0.0095275,1,0,0
0.74,0.9,-0.016647,1,0,0
0.76,0.9,-0.0089741,1,0,0
0.78,0.9,-0.021148,1,0,0
0.8,0.9,-0.0049831,1,0,0
0.82,0.9,0.013783,1,0,0
0.84,0.9,0.034084,1,0,0
0.86,0.9,0.037267,1,0,0
0.88,0.9,0.031894,1,0,0
0.9,0.9,0.029944,1,0,0
0.92,0.9,0.031617,1,0,0
0.94,0.9,0.033904,1,0,0
0.96,0.9,0.020465,1,0,0
0.98,0.9,0.0039353,1,0,0
0.02,0.92,-0.015218,1,0,0
0.04,0.92,-0.020272,1,0,0
0.06,0.92,-0.010109,1,0,0
0.08,0.92,-0.0066591,1,0,0
0.1,0.92,-0.0021161,1,0,0
0.12,0.92,-0.010408,1,0,0
0.14,0.92,-0.015024,1,0,0
0.16,0.92,-0.0056637,1,0,0
0.18,0.92,-0.0064856,1,0,0
0.2,0.92,-0.0032259,1,0,0
0.22,0.92,-0.0041882,1,0,0
0.24,0.92,-0.017206,1,0,0
0.26,0.92,-0.018007,1,0,0
0.28,0.92,-0.029063,1,0,0
0.3,0.92,-0.031444,1,0,0
0.32,0.92,-0.037193,1,0,0
0.34,0.92,-0.034827,1,0,0
0.36,0.92,-0.038367,1,0,0
0.38,0.92,-0.015626,1,0,0
0.4,0.92,-0.0099844,1,0,0
0.42,0.92,-0.013328,1,0,0
0.44,0.92,-0.0050402,1,0,0
0.46,0.92,-0.0082182,1,0,0
0.48,0.92,-0.010384,1,0,0
0.5,0.92,0.0027131,1,0,0
0.52,0.92,0.011888,1,0,0
0.54,0.92,0.0081141,1,0,0
0.56,0.92,0.014999,1,0,0
0.58,0.92,0.019661,1,0,0
0.6,0.92,0.020515,1,0,0
0.62,0.92,0.031005,1,0,0
0.64,0.92,0.047228,1,0,0
0.66,0.92,0.036211,1,0,0
0.68,0.92,0.022461,1,0,0
0.7,0.92,0.0030077,1,0,0
0.72,0.92,-0.018585,1,0,0
0.74,0.92,-0.019103,1,0,0
0.76,0.92,-0.019683,1,0,0
0.78,0.92,-0.021774,1,0,0
0.8,0.92,-0.01219,1,0,0
0.82,0.92,0.0085169,1,0,0
0.84,0.92,0.020115,1,0,0
0.86,0.92,0.019691,1,0,0
0.88,0.92,0.019082,1,0,0
0.9,0.92,0.020708,1,0,0
0.92,0.92,0.025886,1,0,0
0.94,0.92,0.020281,1,0,0
0.96,0.92,0.010596,1,0,0
0.98,0.92,-0.009425,1,0,0
0.02,0.94,-0.02982,1,0,0
0.04,0.94,-0.042445,1,0,0
0.06,0.94,-0.030502,1,0,0
0.08,0.94,-0.011019,1,0,0
0.1,0.94,-0.0089703,1,0,0
0.12,0.94,-0.015839,1,0,0
0.14,0.94,-0.0061909,1,0,0
0.16,0.94,-0.0055267,1,0,0
0.18,0.94,-0.0067549,1,0,0
0.2,0.94,0.000304,1,0,0
0.22,0.94,-0.0030153,1,0,0
0.24,0.94,-0.014079,1,0,0
0.26,0.94,-0.013995,1,0,0
0.28,0.94,-0.017229,1,0,0
0.3,0.94,-0.0224,1,0,0
0.32,0.94,-0.035292,1,0,0
0.34,0.94,-0.034681,1,0,0
0.36,0.94,-0.042107,1,0,0
0.38,0.94,-0.03395,1,0,0
0.4,0.94,-0.025553,1,0,0
0.42,0.94,-0.023955,1,0,0
0.44,0.94,-0.016809,1,0,0
0.46,0.94,-0.0041977,1,0,0
0.48,0.94,-0.011488,1,0,0
0.5,0.94,0.0054306,1,0,0
0.52,0.94,0.0015291,1,0,0
0.54,0.94,0.00079876,1,0,0
0.56,0.94,0.0074419,1,0,0
0.58,0.94,0.01856,1,0,0
0.6,0.94,0.012065,1,0,0
0.62,0.94,0.02275,1,0,0
0.64,0.94,0.028812,1,0,0
0.66,0.94,0.03035,1,0,0
0.68,0.94,0.021263,1,0,0
0.7,0.94,0.0052614,1,0,0
0.72,0.94,-0.012461,1,0,0
0.74,0.94,-0.018239,1,0,0
0.76,0.94,-0.024467,1,0,0
0.78,0.94,-0.03004,1,0,0
0.8,0.94,-0.013033,1,0,0
0.82,0.94,0.0077453,1,0,0
0.84,0.94,0.0085486,1,0,0
0.86,0.94,0.011563,1,0,0
0.88,0.94,0.012908,1,0,0
0.9,0.94,-0.0028518,1,0,0
0.92,0.94,0.0026365,1,0,0
0.94,0.94,0.0057295,1,0,0
0.96,0.94,-0.010014,1,0,0
0.98,0.94,-0.022936,1,0,0
0.02,0.96,-0.039867,1,0,0
0.04,0.96,-0.038863,1,0,0
0.06,0.96,-0.035272,1,0,0
0.08,0.96,-0.032726,1,0,0
0.1,0.96,-0.024925,1,0,0
0.12,0.96,-0.015305,1,0,0
0.14,0.96,-0.0085262,1,0,0
0.16,0.96,-0.0077186,1,0,0
0.18,0.96,-0.0068771,1,0,0
0.2,0.96,-0.010062,1,0,0
0.22,0.96,-0.0045019,1,0,0
0.24,0.96,-0.0060422,1,0,0
0.26,0.96,0.003764,1,0,0
0.28,0.96,-0.0052863,1,0,0
0.3,0.96,-0.025466,1,0,0
0.32,0.96,-0.034816,1,0,0
0.34,0.96,-0.047379,1,0,0
0.36,0.96,-0.050268,1,0,0
0.38,0.96,-0.040115,1,0,0
0.4,0.96,-0.043293,1,0,0
0.42,0.96,-0.032796,1,0,0
0.44,0.96,-0.022526,1,0,0
0.46,0.96,-0.0060303,1,0,0
0.48,0.96,-0.016338,1,0,0
0.5,0.96,-0.0011178,1,0,0
0.52,0.96,-0.002795,1,0,0
0.54,0.96,-0.00051327,1,0,0
0.56,0.96,0.006309,1,0,0
0.58,0.96,0.014216,1,0,0
0.6,0.96,-0.0011845,1,0,0
0.62,0.96,0.0091554,1,0,0
0.64,0.96,0.019941,1,0,0
0.66,0.96,0.018611,1,0,0
0.68,0.96,0.0026743,1,0,0
0.7,0.96,0.00099175,1,0,0
0.72,0.96,-0.015386,1,0,0
0.74,0.96,-0.022434,1,0,0
0.76,0.96,-0.01942,1,0,0
0.78,0.96,-0.022749,1,0,0
0.8,0.96,-0.0062436,1,0,0
0.82,0.96,-0.0023304,1,0,0
0.84,0.96,0.0035699,1,0,0
0.86,0.96,0.0046717,1,0,0
0.88,0.96,-0.0065312,1,0,0
0.9,0.96,-0.010377,1,0,0
0.92,0.96,-0.0099584,1,0,0
0.94,0.96,-0.0089327,1,0,0
0.96,0.96,-0.02001,1,0,0
0.98,0.96,-0.032327,1,0,0
0.02,0.98,-0.05022,1,0,0
0.04,0.98,-0.040359,1,0,0
0.06,0.98,-0.038681,1,0,0
0.08,0.98,-0.034344,1,0,0
0.1,0.98,-0.030952,1,0,0
0.12,0.98,-0.02349,1,0,0
0.14,0.98,-0.016054,1,0,0
0.16,0.98,-0.014677,1,0,0
0.18,0.98,-0.018313,1,0,0
0.2,0.98,-0.016237,1,0,0
0.22,0.98,-0.013336,1,0,0
0.24,0.98,-0.0098083,1,0,0
0.26,0.98,-0.00063587,1,0,0
0.28,0.98,-0.016043,1,0,0
0.3,0.98,-0.025488,1,0,0
0.32,0.98,-0.043591,1,0,0
0.34,0.98,-0.039968,1,0,0
0.36,0.98,-0.054257,1,0,0
0.38,0.98,-0.053582,1,0,0
0.4,0.98,-0.04951,1,0,0
0.42,0.98,-0.042383,1,0,0
0.44,0.98,-0.030777,1,0,0
0.46,0.98,-0.010096,1,0,0
0.48,0.98,-0.0083758,1,0,0
0.5,0.98,-0.012797,1,0,0
0.52,0.98,-0.013696,1,0,0
0.54,0.98,-0.011841,1,0,0
0.56,0.98,-0.0029736,1,0,0
0.58,0.98,-0.0069355,1,0,0
0.6,0.98,-0.0092747,1,0,0
0.62,0.98,-0.0062368,1,0,0
0.64,0.98,-0.0041446,1,0,0
0.66,0.98,-0.0045907,1,0,0
0.68,0.98,-0.0056219,1,0,0
0.7,0.98,-0.010176,1,0,0
0.72,0.98,-0.028005,1,0,0
0.74,0.98,-0.029427,1,0,0
0.76,0.98,-0.026616,1,0,0
0.78,0.98,-0.025614,1,0,0
0.8,0.98,-0.016975,1,0,0
0.82,0.98,-0.0030041,1,0,0
0.84,0.98,-0.0049891,1,0,0
0.86,0.98,-0.011674,1,0,0
0.88,0.98,-0.01792,1,0,0
0.9,0.98,-0.026066,1,0,0
0.92,0.98,-0.018692,1,0,0
0.94,0.98,-0.022076,1,0,0
0.96,0.98,-0.027585,1,0,0
0.98,0.98,-0.033181,1,0,0
0,0,-0.019762,-1,0,0
0.02,0,-0.019762,-1,0,0
0.04,0,-0.014431,-1,0,0
0.06,0,0.0027292,-1,0,0
0.08,0,0.0053095,-1,0,0
0.1,0,0.018974,-1,0,0
0.12,0,0.013009,-1,0,0
0.14,0,0.011251,-1,0,0
0.16,0,0.0037408,-1,0,0
0.18,0,0.010986,-1,0,0
0.2,0,0.02133,-1,0,0
0.22,0,0.021723,-1,0,0
0.24,0,0.027676,-1,0,0
0.26,0,0.032085,-1,0,0
0.28,0,0.029455,-1,0,0
0.3,0,0.035865,-1,0,0
0.32,0,0.04186,-1,0,0
0.34,0,0.030603,-1,0,0
0.36,0,0.024265,-1,0,0
0.38,0,0.034926,-1,0,0
0.4,0,0.050496,-1,0,0
0.42,0,0.045983,-1,0,0
0.44,0,0.053456,-1,0,0
0.46,0,0.053554,-1,0,0
0.48,0,0.054155,-1,0,0
0.5,0,0.066361,-1,0,0
0.52,0,0.076269,-1,0,0
0.54,0,0.077408,-1,0,0
0.56,0,0.075538,-1,0,0
0.58,0,0.076153,-1,0,0
0.6,0,0.059881,-1,0,0
0.62,0,0.045884,-1,0,0
0.64,0,0.039393,-1,0,0
0.66,0,0.016849,-1,0,0
0.68,0,0.030665,-1,0,0
0.7,0,0.03403,-1,0,0
0.72,0,0.023793,-1,0,0
0.74,0,0.012871,-1,0,0
0.76,0,0.016248,-1,0,0
0.78,0,-0.0023886,-1,0,0
0.8,0,-0.0083432,-1,0,0
0.82,0,-0.0063012,-1,0,0
0.84,0,-0.0043661,-1,0,0
0.86,0,-0.0030759,-1,0,0
0.88,0,-0.00020932,-1,0,0
0.9,0,-0.0061476,-1,0,0
0.92,0,0.0013341,-1,0,0
0.94,0,0.0048315,-1,0,0
0.96,0,0.015094,-1,0,0
0.98,0,0.028079,-1,0,0
1,0,0.020175,-1,0,0
1,0.02,0.01879,-1,0,0
1,0.04,0.010508,-1,0,0
1,0.06,0.0027107,-1,0,0
1,0.08,0.004905,-1,0,0
1,0.1,0.0037839,-1,0,0
1,0.12,0.0042045,-1,0,0
1,0.14,-0.0041807,-1,0,0
1,0.16,-0.0065927,-1,0,0
1,0.18,-0.011187,-1,0,0
1,0.2,-0.017901,-1,0,0
1,0.22,-0.027141,-1,0,0
1,0.24,-0.038448,-1,0,0
1,0.26,-0.036502,-1,0,0
1,0.28,-0.033318,-1,0,0
1,0.3,-0.032547,-1,0,0
1,0.32,-0.034074,-1,0,0
1,0.34,-0.027139,-1,0,0
1,0.36,-0.012975,-1,0,0
1,0.38,-0.016488,-1,0,0
1,0.4,-0.019363,-1,0,0
1,0.42,-0.011007,-1,0,0
1,0.44,-0.012751,-1,0,0
1,0.46,-0.016411,-1,0,0
1,0.48,-0.0094963,-1,0,0
1,0.5,0.0033179,-1,0,0
1,0.52,0.0059084,-1,0,0
1,0.54,0.016105,-1,0,0
1,0.56,0.013043,-1,0,0
1,0.58,-0.0056633,-1,0,0
1,0.6,-0.008417,-1,0,0
1,0.62,0.0024577,-1,0,0
1,0.64,0.015697,-1,0,0
1,0.66,0.026699,-1,0,0
1,0.68,0.020846,-1,0,0
1,0.7,0.032619,-1,0,0
1,0.72,0.034282,-1,0,0
1,0.74,0.021398,-1,0,0
1,0.76,0.014369,-1,0,0
1,0.78,0.020413,-1,0,0
1,0.8,0.015532,-1,0,0
1,0.82,0.013909,-1,0,0
1,0.84,0.01081,-1,0,0
1,0.86,0.0023071,-1,0,0
1,0.88,-0.0040507,-1,0,0
1,0.9,-0.010017,-1,0,0
1,0.92,-0.013989,-1,0,0
1,0.94,-0.014946,-1,0,0
1,0.96,-0.020466,-1,0,0
1,0.98,-0.031598,-1,0,0
1,1,-0.04096,-1,0,0
0.98,1,-0.034409,-1,0,0
0.96,1,-0.037498,-1,0,0
0.94,1,-0.034021,-1,0,0
0.92,1,-0.019928,-1,0,0
0.9,1,-0.023605,-1,0,0
0.88,1,-0.027799,-1,0,0
0.86,1,-0.025926,-1,0,0
0.84,1,-0.01715,-1,0,0
0.82,1,-0.017384,-1,0,0
0.8,1,-0.022348,-1,0,0
0.78,1,-0.031214,-1,0,0
0.76,1,-0.0317,-1,0,0
0.74,1,-0.042992,-1,0,0
0.72,1,-0.036937,-1,0,0
0.7,1,-0.020808,-1,0,0
0.68,1,-0.010271,-1,0,0
0.66,1,-0.021039,-1,0,0
0.64,1,-0.022447,-1,0,0
0.62,1,-0.02915,-1,0,0
0.6,1,-0.025888,-1,0,0
0.58,1,-0.02676,-1,0,0
0.56,1,-0.028205,-1,0,0
0.54,1,-0.019188,-1,0,0
0.52,1,-0.013382,-1,0,0
0.5,1,-0.0036253,-1,0,0
0.48,1,-0.001771,-1,0,0
0.46,1,-0.017537,-1,0,0
0.44,1,-0.03491,-1,0,0
0.42,1,-0.043446,-1,0,0
0.4,1,-0.045657,-1,0,0
0.38,1,-0.056318,-1,0,0
0.36,1,-0.052836,-1,0,0
0.34,1,-0.043218,-1,0,0
0.32,1,-0.037198,-1,0,0
0.3,1,-0.028999,-1,0,0
0.28,1,-0.024585,-1,0,0
0.26,1,-0.019682,-1,0,0
0.24,1,-0.022334,-1,0,0
0.22,1,-0.027504,-1,0,0
0.2,1,-0.027861,-1,0,0
0.18,1,-0.023051,-1,0,0
0.16,1,-0.018155,-1,0,0
0.14,1,-0.02175,-1,0,0
0.12,1,-0.027376,-1,0,0
0.1,1,-0.024932,-1,0,0
0.08,1,-0.038573,-1,0,0
0.06,1,-0.03325,-1,0,0
0.04,1,-0.04695,-1,0,0
0.02,1,-0.057089,-1,0,0
0,1,-0.066121,-1,0,0
0,0.98,-0.056441,-1,0,0
0,0.96,-0.037501,-1,0,0
0,0.94,-0.021313,-1,0,0
0,0.92,-0.0050181,-1,0,0
0,0.9,-0.0048039,-1,0,0
0,0.88,1.9671e-05,-1,0,0
0,0.86,0.0049837,-1,0,0
0,0.84,0.0020713,-1,0,0
0,0.82,-0.0038247,-1,0,0
0,0.8,0.014695,-1,0,0
0,0.78,0.031658,-1,0,0
0,0.76,0.03269,-1,0,0
0,0.74,0.039038,-1,0,0
0,0.72,0.035889,-1,0,0
0,0.7,0.019754,-1,0,0
0,0.68,0.0095892,-1,0,0
0,0.66,0.017241,-1,0,0
0,0.64,0.013027,-1,0,0
0,0.62,0.0062078,-1,0,0
0,0.6,0.0036888,-1,0,0
0,0.58,-0.0044069,-1,0,0
0,0.56,-0.0099954,-1,0,0
0,0.54,-0.019496,-1,0,0
0,0.52,-0.030133,-1,0,0
0,0.5,-0.030598,-1,0,0
0,0.48,-0.032044,-1,0,0
0,0.46,-0.044012,-1,0,0
0,0.44,-0.045484,-1,0,0
0,0.42,-0.047101,-1,0,0
0,0.4,-0.065338,-1,0,0
0,0.38,-0.071059,-1,0,0
0,0.36,-0.060235,-1,0,0
0,0.34,-0.054985,-1,0,0
0,0.32,-0.056157,-1,0,0
0,0.3,-0.055292,-1,0,0
0,0.28,-0.063893,-1,0,0
0,0.26,-0.065595,-1,0,0
0,0.24,-0.066438,-1,0,0
0,0.22,-0.056653,-1,0,0
0,0.2,-0.049839,-1,0,0
0,0.18,-0.04606,-1,0,0
0,0.16,-0.04072,-1,0,0
0,0.14,-0.032452,-1,0,0
0,0.12,-0.028583,-1,0,0
0,0.1,-0.031581,-1,0,0
0,0.08,-0.025544,-1,0,0
0,0.06,-0.022306,-1,0,0
0,0.04,-0.023823,-1,0,0
0,0.02,-0.026564,-1,0,0
