-0.037488,-0.037488,-0.091224,-0.03481,-0.062741,-0.032758,-0.063159,-0.049975,-0.049922,-0.015366,-0.0069619,-0.034023,-0.047195,-0.057613,-0.048843,-0.073316,-0.089198,-0.085354,-0.068406,-0.048918,-0.022254,-0.040038,-0.048844,-0.060534,-0.045849,-0.071202,-0.080818,-0.11746,-0.057247,-0.095939,-0.050577,-0.053289,-0.06342,-0.07162,-0.041828,-0.024065,-0.013065,-0.010951,-0.019309,0.01932,0.012394,0.0022075,-0.031043,-0.043969,-0.039012,-0.040488,-0.022494,-0.064702,-0.031121,-0.064187,-0.072056
-0.064953,-0.039148,-0.08146,-0.079097,-0.087161,-0.043954,-0.039692,-0.067637,-0.038484,-0.024999,-0.053737,-0.054151,-0.027315,-0.0020411,-0.041821,-0.057197,-0.08061,-0.088973,-0.061084,-0.053725,-0.03954,-0.055243,-0.030317,-0.041396,-0.061751,-0.075677,-0.087667,-0.090211,-0.085666,-0.1036,-0.080422,-0.050864,-0.056248,-0.074099,-0.041057,-0.038099,-0.012444,0.00067306,0.0083032,0.020545,-0.0045669,-0.017771,0.0089467,0.014654,-0.014474,-0.034814,-0.0057732,-0.060795,-0.081687,-0.080837,-0.083372
-0.027804,-0.022396,-0.03859,-0.080708,-0.065271,-0.049768,-0.031658,-0.06052,-0.0393,-0.0071438,-0.0436,-0.036264,-0.014526,-0.018342,-0.034119,-0.037734,-0.033213,-0.051725,-0.033597,-0.0071045,0.0050518,-0.0011625,-0.0044343,-0.0088083,-0.07261,-0.10391,-0.092542,-0.07723,-0.065869,-0.057959,-0.075972,-0.030751,-0.057126,-0.041963,-0.029112,-0.045022,0.0079599,0.016222,0.015736,0.016471,0.048662,0.028739,0.015208,0.022751,-0.028791,-0.027477,-0.0097167,-0.043224,-0.054437,-0.039226,-0.047185
-0.037317,-0.042361,-0.079591,-0.093427,-0.087968,-0.063547,-0.050382,-0.047785,-0.073438,-0.053611,-0.048254,-0.049475,-0.058536,-0.078536,-0.05595,-0.058122,-0.074787,-0.079077,-0.013775,-0.0058855,-0.025181,-0.022927,-0.031454,-0.055601,-0.078705,-0.079635,-0.11832,-0.11412,-0.08246,-0.099707,-0.12682,-0.051792,-0.055184,-0.042966,-0.046774,-0.048213,-0.037515,-0.0015462,-0.0052584,0.021257,0.026728,0.011468,-0.021557,-0.0090406,-0.018162,-0.027545,-0.036301,-0.068382,-0.052457,-0.036072,-0.022297
-0.023065,-0.050724,-0.081943,-0.054137,-0.062277,-0.058965,-0.045874,-0.065301,-0.068913,-0.024898,-0.0038075,-0.020242,-0.072965,-0.04859,-0.069522,-0.064311,-0.07335,-0.044649,-0.024217,-0.027576,-0.025407,-0.024512,0.018595,0.012139,-0.017956,-0.044455,-0.071859,-0.083784,-0.081466,-0.098468,-0.12716,-0.093699,-0.045315,-0.031109,-0.0052217,-0.017557,-0.019693,0.0026355,-0.021914,0.0070924,0.032158,-0.0018174,0.011234,0.012798,-0.017347,-0.059739,-0.037749,-0.052962,-0.066296,-0.029206,-0.032916
-0.056782,-0.020106,-0.043657,-0.082386,-0.088718,-0.057084,-0.052902,-0.05312,-0.042588,-0.032889,-0.040644,-0.032699,-0.047456,-0.034852,-0.064911,-0.10086,-0.096331,-0.05341,-0.043293,-0.00066912,-0.02374,-0.01675,0.017849,-0.012684,-0.033565,-0.036544,-0.044341,-0.054782,-0.056206,-0.12045,-0.10602,-0.08097,-0.020143,-0.035102,-0.029062,-0.025413,-0.0056048,-0.026282,0.031896,0.01241,-0.020548,0.01569,0.0084092,-0.0053751,-0.041302,-0.070219,-0.036701,-0.054668,-0.041244,-0.043069,0.0036664
-0.050136,-0.019465,-0.043877,-0.062975,-0.085673,-0.052784,-0.085129,-0.067689,-0.062958,-0.045055,-0.048811,-0.055165,-0.083572,-0.065344,-0.072211,-0.09591,-0.070963,-0.082642,-0.067224,-0.0076591,0.0010658,-0.0086119,-0.012748,-0.0084969,-0.032302,-0.094425,-0.060015,-0.07562,-0.074856,-0.083386,-0.084855,-0.061748,-0.041058,-0.051077,0.00085977,-0.0059424,-0.0044962,-0.021061,-0.014623,-0.048697,-0.0082323,-0.0014239,0.0003906,-0.050394,-0.062808,-0.061899,-0.056616,-0.081601,-0.027281,-0.050938,-0.01771
-0.052061,-0.055191,-0.0609,-0.094863,-0.080666,-0.084442,-0.086825,-0.075283,-0.077841,-0.080518,-0.058819,-0.066725,-0.095112,-0.046031,-0.041834,-0.064839,-0.086945,-0.097229,-0.085084,-0.019461,-0.024791,-0.051731,-0.023451,-0.021691,-0.031551,-0.031866,-0.07036,-0.066979,-0.085319,-0.092069,-0.060014,-0.065747,-0.040769,-0.02941,-0.0095568,-0.019142,0.01152,-0.046199,-0.031652,-0.077116,-0.03988,-0.046766,-0.029002,-0.057605,-0.0071877,-0.059896,-0.079666,-0.10012,-0.11873,-0.080806,-0.10346
-0.069003,-0.06708,-0.067439,-0.082238,-0.10298,-0.10282,-0.098744,-0.095904,-0.054946,-0.065366,-0.048076,-0.061152,-0.087343,-0.067428,-0.056795,-0.090888,-0.089736,-0.084393,-0.069705,-0.038048,-0.050441,-0.0273,-0.025721,-0.045585,-0.069111,-0.06448,-0.065593,-0.066716,-0.063042,-0.037861,-0.040912,-0.047316,-0.035128,-0.062876,-0.035943,-0.01982,-0.017976,-0.027344,-0.030293,-0.026298,-0.018424,-0.012199,-0.030767,-0.046475,-0.084353,-0.10791,-0.11099,-0.092188,-0.085596,-0.096595,-0.077049
-0.082668,-0.071316,-0.048658,-0.098367,-0.083916,-0.087248,-0.072953,-0.044189,-0.066154,-0.059124,-0.073455,-0.058785,-0.061767,-0.037875,-0.049231,-0.10823,-0.070021,-0.067035,-0.066374,-0.046147,-0.027165,-0.036238,-0.017158,-0.052333,-0.043387,-0.042242,-0.035695,-0.030111,-0.045176,-0.055026,-0.050101,-0.022287,-0.043348,-0.013647,-0.056026,-0.030318,-0.017164,-0.036202,-0.022245,-0.00020042,-0.028232,-0.026619,-0.066063,-0.051856,-0.10543,-0.12407,-0.1008,-0.087312,-0.10033,-0.087901,-0.053027
-0.084448,-0.083166,-0.060147,-0.077019,-0.072536,-0.055199,-0.046917,-0.064185,-0.058769,-0.049793,-0.042319,-0.053931,-0.05095,-0.069369,-0.064784,-0.039552,-0.054384,-0.071923,-0.053633,-0.048105,-0.054867,-0.03233,-0.038915,-0.041558,-0.03102,-0.024732,-0.028626,-0.037438,0.0063783,-0.0085819,-0.037547,-0.017297,-0.018344,-0.057843,-0.02705,-0.017665,-0.046821,-0.047507,-0.061781,0.015837,0.0067663,-0.044321,-0.054506,-0.043994,-0.097645,-0.08058,-0.097227,-0.10157,-0.096514,-0.046803,-0.061055
-0.10905,-0.072865,-0.093047,-0.082933,-0.091538,-0.038096,-0.036219,-0.057372,-0.068914,-0.069229,-0.070425,-0.082081,-0.043736,-0.073583,-0.078219,-0.077057,-0.051915,-0.076783,-0.078711,-0.057643,-0.051524,-0.074548,-0.05127,-0.049633,-0.057103,-0.054384,-0.033816,-0.021483,-0.0030216,-0.022491,0.0076438,-0.029754,-0.056333,-0.056896,-0.06408,-0.096471,-0.084689,-0.05722,-0.070914,-0.016811,-0.026544,-0.063029,-0.085042,-0.055332,-0.046333,-0.070876,-0.095046,-0.12282,-0.092935,-0.047829,-0.070927
-0.085622,-0.068464,-0.063185,-0.07059,-0.069457,-0.061726,-0.044006,-0.036883,-0.073535,-0.06094,-0.085597,-0.053682,-0.040785,-0.059064,-0.045334,-0.077515,-0.06596,-0.054739,-0.051365,-0.075323,-0.03849,-0.02446,-0.0072555,-0.047323,-0.064202,-0.081455,-0.035524,-0.031968,-0.014577,-0.012743,-0.024813,-0.0095014,-0.049718,-0.060314,-0.058878,-0.087812,-0.070448,-0.081177,-0.050441,-0.066654,-0.03887,-0.083021,-0.064146,-0.059708,-0.073187,-0.077253,-0.072837,-0.08991,-0.055381,-0.061427,-0.071004
-0.077571,-0.067522,-0.072707,-0.082657,-0.056753,-0.0446,-0.027424,-0.029497,-0.055709,-0.068119,-0.062016,-0.054114,-0.037306,-0.026533,-0.020748,-0.05245,-0.062686,-0.047436,-0.068823,-0.065525,-0.041633,-0.03133,-0.047839,-0.035812,-0.022264,-0.032166,-0.019169,-0.029132,-0.030319,-0.063749,-0.052149,-0.039298,-0.042352,-0.074571,-0.023656,-0.062284,-0.040401,-0.064032,-0.047105,-0.046098,-0.038815,-0.074464,-0.056128,-0.04571,-0.049527,-0.025972,-0.054193,-0.061993,-0.054137,-0.059396,-0.05642
-0.088555,-0.078302,-0.080293,-0.061073,-0.059943,-0.052041,-0.065716,-0.044792,-0.069405,-0.023788,-0.0046085,-0.015636,-0.037693,-0.040088,-0.031103,-0.05266,-0.060328,-0.045185,-0.046149,-0.040436,-0.0014648,-0.060147,-0.056658,-0.026374,-0.008521,-0.03078,-0.029604,-0.033747,-0.043941,-0.054972,-0.052967,-0.048731,-0.058526,-0.071507,-0.063472,-0.048768,-0.047164,-0.047133,-0.064003,-0.0085781,-0.002671,-0.056806,-0.050829,-0.066316,-0.077911,-0.076914,-0.044927,-0.059734,-0.06001,-0.036979,-0.052854
-0.070291,-0.069993,-0.020572,-0.06185,-0.049736,-0.040093,-0.08137,-0.079055,-0.064674,-0.047466,-0.046503,0.0037408,-0.036214,-0.036734,-0.020307,-0.059368,-0.068582,-0.042863,-0.028705,-0.011569,-0.039472,-0.05492,-0.064597,-0.069054,-0.037456,-0.02271,-0.024786,-0.067503,-0.09008,-0.076838,-0.091026,-0.048501,-0.020165,-0.039419,-0.070057,-0.03471,-0.032443,-0.055153,-0.04837,-0.022716,-0.039566,-0.052248,-0.050024,-0.07584,-0.085836,-0.0479,-0.039674,-0.04137,-0.045049,-0.055448,-0.058126
-0.093261,-0.053085,-0.020698,-0.073401,-0.031059,-0.043811,-0.049803,-0.064518,-0.047381,-0.055957,-0.049148,-0.046398,-0.038601,-0.042135,-0.039639,-0.072441,-0.055768,-0.0060019,-0.045386,-0.0036151,-0.069455,-0.079622,-0.072008,-0.044495,-0.082182,-0.056815,-0.021844,-0.033178,-0.084931,-0.093945,-0.067763,-0.080374,-0.035862,-0.024068,-0.046356,-0.064363,-0.035114,-0.053918,-0.042042,-0.045949,-0.053541,-0.013699,-0.042061,-0.047742,-0.078232,-0.064091,-0.039733,-0.029888,-0.034324,-0.080101,-0.081385
-0.049541,-0.052918,-0.057504,-0.081845,-0.061251,0.0009638,-0.040202,-0.059537,-0.052282,-0.040046,-0.028732,-0.031852,-0.05726,-0.034697,-0.047117,-0.047695,-0.053131,-0.067045,-0.03457,-0.015356,-0.051888,-0.09753,-0.073011,-0.066245,-0.050009,-0.035739,-0.032337,-0.026543,-0.065677,-0.049568,-0.081455,-0.063189,-0.039321,-0.06222,-0.048592,-0.047748,-0.054142,-0.036891,-0.039206,-0.025769,-0.019752,-0.064643,-0.038164,-0.087394,-0.04586,-0.045402,-0.03902,-0.063498,-0.063114,-0.068277,-0.051259
-0.045112,-0.044388,-0.048953,-0.070437,-0.042791,-0.015458,-0.034567,-0.02241,-0.053225,-0.03247,-0.014567,-0.01998,-0.057392,-0.061163,-0.074658,-0.097759,-0.082779,-0.061694,-0.074325,-0.03989,-0.060224,-0.080221,-0.049442,-0.049323,-0.033988,-0.05783,-0.079657,-0.03176,-0.03428,-0.07827,-0.0634,-0.059061,-0.032135,-0.04677,-0.047396,-0.065732,-0.033445,-0.04704,-0.0011012,-0.039381,-0.025344,-0.050724,-0.044735,-0.067525,-0.02805,-0.052609,-0.037783,-0.048807,-0.070863,-0.029251,-0.031495
-0.024556,-0.056108,-0.078522,-0.05832,-0.052527,-0.011834,0.0027981,0.011437,-0.040205,-0.026091,-0.018132,-0.023002,-0.071357,-0.050152,-0.045034,-0.091797,-0.073743,-0.041494,-0.046963,-0.043317,-0.072334,-0.058948,-0.04888,-0.062528,-0.021885,-0.046463,-0.026117,-0.023886,-0.03076,-0.074238,-0.063645,-0.033146,-0.0024165,-0.035697,-0.01349,-0.058012,-0.038666,-0.035825,-0.019201,-0.041928,-0.028014,-0.048488,-0.061832,-0.040299,-0.04534,-0.03536,-0.015922,-0.034229,-0.061761,-0.073303,-0.018092
-0.041471,-0.033005,-0.056422,-0.04632,-0.056095,-0.018326,-0.026663,-0.014082,-0.048945,-0.0049909,-0.020314,-0.024855,-0.03245,-0.02081,-0.055523,-0.060241,-0.061416,-0.061593,-0.023926,-0.054949,-0.083538,-0.099064,-0.012961,-0.078579,-0.046723,-0.030548,-0.032461,-0.018267,-0.0059955,-0.039404,-0.05578,-0.021148,-0.0069856,-0.0051094,-0.019698,-0.045687,-0.053871,-0.0238,-0.033179,-0.016698,-0.032767,-0.036424,-0.04326,-0.042408,-0.02753,-0.045572,0.0073241,-0.00427,-0.015471,-0.040491,-0.06482
-0.020059,-0.031866,-0.05766,-0.02156,-0.022432,-0.024175,-0.016742,-0.061292,-0.057805,-0.023099,0.013414,-0.037595,-0.0090727,-0.017887,-0.031126,-0.020853,-0.05051,-0.069076,-0.059978,-0.0095125,-0.0446,-0.067267,-0.071798,-0.043643,-0.042878,-0.02804,-0.034773,-0.046105,-0.027446,-0.022975,-0.0071747,0.0027783,0.007266,-0.03578,0.0098331,-0.020796,-0.038759,0.0025733,-0.059745,-0.0081976,-0.0049608,-0.039788,-0.062614,-0.038052,-0.029539,0.0038283,0.025364,-0.0055631,-0.025654,-0.01223,-0.049703
-0.042503,-0.033272,-0.018031,-0.061276,-0.035905,-0.014982,-0.024206,-0.029076,-0.019876,0.0030429,-0.019614,-0.010061,0.03765,0.01781,0.020049,-0.00021033,-9.1223e-07,-0.038561,-0.046611,-0.0086069,-0.027587,-0.039469,-0.030789,-0.030339,-0.018508,-0.0076143,-0.028495,-0.0068998,-0.0017608,-0.015626,-0.01976,0.034324,0.004807,-0.0079987,-0.00077018,0.023996,0.017708,0.016731,-0.0020863,-0.021432,-0.03395,-0.027069,-0.039846,-0.03337,-0.011597,0.022095,0.022923,0.015837,-0.0072008,-0.011035,-0.048198
-0.026398,-0.028182,-0.043322,-0.061568,-0.048258,-0.047545,-0.021245,-0.0108,-0.024744,0.012891,-0.01468,0.0037687,0.030639,0.041632,0.033817,-0.0088301,-0.039846,-0.052979,-0.053727,-0.063883,-0.0095902,-0.041104,-0.0085773,-0.022768,-0.035936,-0.016915,-0.0049932,0.0044452,-0.014723,0.010538,-0.019604,0.011044,-0.019501,-0.033981,-0.0049331,0.01289,0.023672,0.018344,-0.012716,-0.0052165,0.0058256,-0.044494,-0.01734,0.010496,-0.0085172,-0.0117,0.042971,0.032305,-0.0097994,-0.024308,-0.031954
-0.030851,-0.022146,-0.037159,-0.030113,-0.026679,-0.027107,-0.01899,-0.0080247,-0.018792,-0.037594,0.0072884,0.0079618,0.0046437,0.041072,0.031456,0.0028568,-0.04618,-0.027315,-0.041913,-0.042901,-0.028018,-0.011123,-0.013769,-0.033045,-0.028497,-0.0068195,-0.0089647,-0.0095893,0.021192,0.017399,0.017399,-0.012197,0.018286,-0.040495,0.012945,-0.0071579,0.010674,-0.0081209,-0.033965,0.0028652,-0.0082485,-0.04778,-0.028329,-0.0094395,0.0019468,-0.003083,-0.0042828,0.024903,0.0047057,-0.0077958,-0.013749
-0.043209,-0.013705,-0.0080665,-0.022421,-0.018647,0.0051258,-0.006761,0.023003,-0.027133,-0.009609,-0.02588,0.0057189,-0.014864,-0.034647,-0.0035666,-0.0086455,-0.0091321,-9.6604e-05,-0.032759,-0.032632,-0.018116,-0.054546,-0.045935,-0.047948,-0.026183,-0.031768,0.01816,-0.005835,0.02665,0.015948,0.016141,0.0096981,0.0094717,-0.017529,-0.01001,-0.0017843,-0.012712,-0.038265,-0.01834,-0.018281,-0.001939,-0.026806,-0.021424,-0.037231,0.00965,0.0058178,-0.0059066,-0.021542,0.03678,0.031062,0.0024081
-0.043989,-0.015861,0.01281,-0.032616,-0.042133,0.005026,-0.0044927,0.0041466,-0.015037,-0.03505,-0.03327,-0.011049,-0.030454,-0.030727,-0.031787,-0.05962,-0.0068922,-0.01084,-0.062801,-0.039703,-0.055402,-0.070976,-0.064123,-0.052423,-0.043678,-0.049799,0.01288,0.016232,-0.010762,-0.015661,-0.0031184,-0.011777,0.013066,-0.0015936,-0.016307,-0.02801,-0.027576,-0.076147,-0.04078,-0.014543,-0.01273,-0.033484,-0.0067638,-0.022158,-0.01693,-0.015851,-0.02244,-0.02953,-0.0079649,-0.0065482,0.0054381
-0.034748,0.024768,0.034224,-0.041148,-0.0065089,-0.0030332,0.0075131,-0.013478,0.023879,-0.0048675,-0.010242,-0.015528,-0.0015882,-0.024742,-0.045976,-0.04444,-0.039152,-0.00019414,-0.034198,-0.027256,-0.036568,-0.036657,-0.025728,-0.023825,-0.068977,-0.044541,-0.034754,0.028276,0.004952,-0.0094236,0.012457,0.00033803,0.01854,-0.0045212,0.024974,-0.020585,-0.036022,-0.044326,0.0040508,0.0038757,-0.0098435,0.0028947,0.0087944,-0.025109,-0.046455,-0.053446,-0.070251,-0.051283,-0.0061147,0.022277,-0.027824
0.02419,-0.026789,0.0061663,-0.021602,-0.0046487,0.0085034,0.0019807,0.017974,-0.011988,-0.035259,-0.014325,-0.029853,-0.085803,-0.046783,-0.019652,-0.050239,-0.032925,-0.05052,-0.04189,-0.048022,-0.052551,-0.060949,-0.071549,-0.083798,-0.051505,-0.048373,-0.039783,-0.020547,-0.056394,-0.011932,-0.02329,-0.016197,-0.036946,-0.0015674,-0.0060424,0.0087851,0.0099522,0.0011855,-0.028216,-0.0027543,0.0082254,-0.046596,-0.028607,-0.039994,-0.037812,-0.048134,-0.069018,-0.062667,-0.060014,-0.012702,0.012879
-0.0023329,0.0036557,0.045978,0.0023995,-0.011195,-0.017995,-0.015728,-0.0031153,-0.030915,-0.030755,-0.032743,-0.029414,-0.036711,-0.050869,0.0045048,-0.029593,-0.035288,-0.043736,-0.050617,-0.033787,-0.080988,-0.063873,-0.061694,-0.083882,-0.074458,-0.062099,-0.055329,-0.055895,-0.024816,-0.029841,-0.026196,-0.024245,-0.0038298,0.0084694,-0.038644,8.8685e-05,0.029507,-0.01222,-0.034669,-0.017461,-0.019742,-0.01466,-0.041439,-0.016301,-0.065931,-0.0713,-0.071524,-0.078631,-0.075606,-0.03909,-0.022257
0.0078496,0.02628,0.033913,0.014641,-0.0081515,0.0017492,-0.024101,-0.047601,-0.033663,-0.020629,-0.036804,-0.043063,-0.045331,-0.013472,-0.019543,-0.039792,-0.057548,-0.08214,-0.06146,-0.039289,-0.063261,-0.093058,-0.080041,-0.10168,-0.081168,-0.090375,-0.068657,-0.055229,-0.052518,-0.05885,-0.029837,-0.021509,-0.011093,-0.034716,-0.0094101,-0.025235,-0.015374,-0.023174,-0.04485,-0.024439,-0.019927,-0.029226,-0.026884,-0.038206,-0.087441,-0.069566,-0.049345,-0.056213,-0.069475,-0.045758,-0.03945
-0.0042619,0.049386,0.020531,0.027424,0.0098045,0.022406,-0.021939,-0.012942,-0.021938,0.019251,-0.011077,-0.037194,-0.022951,-0.009235,-0.031431,-0.0578,-0.050085,-0.055185,-0.030995,-0.050858,-0.048978,-0.092312,-0.053811,-0.081015,-0.062594,-0.089592,-0.075223,-0.053699,-0.038302,-0.059834,-0.048058,-0.027905,-0.019607,-0.012645,0.0014111,-0.025361,-0.020559,-0.012101,-0.028437,-0.01912,-0.019161,-0.03483,-0.01577,-0.030877,-0.07713,-0.087431,-0.017362,-0.030214,-0.016468,-0.011832,-0.015744
-0.025607,0.0041798,-0.0077663,-0.023852,-0.010694,0.028586,-0.0026705,-0.033447,-0.021947,0.0078087,0.0067679,-0.011393,0.009915,-0.027411,0.0068164,-0.027574,-0.058347,-0.085012,-0.08368,-0.033829,-0.079054,-0.078034,-0.086583,-0.050009,-0.041875,-0.062815,-0.039709,-0.08195,-0.060129,-0.081289,-0.065409,-0.041292,-0.033525,-0.055903,-0.017742,-0.04427,-0.03642,-0.044437,-0.040105,-0.056075,-0.023898,-0.034216,-0.045595,-0.049446,-0.047833,-0.01794,-0.038136,-0.074391,-0.039662,-0.042336,-0.01921
0.0018365,-0.014842,-0.018309,-0.024265,-0.019883,-0.03226,-0.0045712,0.012785,-0.024678,-0.0030167,0.024968,0.028394,-0.0089675,0.0014004,-0.0029817,-0.066368,-0.081055,-0.063044,-0.070306,-0.061462,-0.049679,-0.0563,-0.041566,-0.05216,-0.081154,-0.11942,-0.11219,-0.07234,-0.04415,-0.0503,-0.083571,-0.053275,-0.040926,-0.047542,-0.069073,-0.083334,-0.052642,-0.051853,-0.040031,-0.044193,-0.012377,-0.031744,-0.035603,-0.035708,-0.032983,-0.047353,-0.038347,-0.020421,-0.020889,-0.012265,-0.020637
-0.023271,-0.020054,-0.071762,-0.063582,-0.033591,-0.0086516,0.0091291,-1.1155e-05,-0.016757,0.0031671,-0.0089432,0.0023783,0.0035632,0.020816,0.013108,-0.018761,-0.061849,-0.0442,-0.030046,-0.053389,-0.029996,-0.061594,-0.038678,-0.071023,-0.11081,-0.1059,-0.12313,-0.089558,-0.049541,-0.044072,-0.096872,-0.038775,-0.027663,-0.06618,-0.06092,-0.060407,-0.086824,-0.065885,-0.060658,-0.040808,-0.071369,-0.065991,-0.04344,-0.023001,-0.03066,-0.026787,-0.017247,-0.042938,-0.041454,-0.04229,-0.030286
-0.04656,-0.047268,-0.036797,-0.082164,-0.035189,-0.0033788,-0.022866,-0.028787,-0.015418,0.009474,0.014704,0.013752,0.015374,0.040516,0.006878,-0.014357,-0.012149,-0.023414,-0.052837,-0.022328,-0.051498,-0.048816,-0.056593,-0.051662,-0.096637,-0.11925,-0.10219,-0.099236,-0.077291,-0.063859,-0.069468,-0.049706,-0.033328,-0.059495,-0.057746,-0.066072,-0.065169,-0.07736,-0.067668,-0.039238,-0.056312,-0.049894,-0.028631,-0.0051307,-0.033011,-0.023718,-0.032665,-0.039021,-0.064406,-0.064311,-0.019096
-0.060199,-0.04475,-0.054086,-0.087152,-0.063262,-0.038173,-0.043418,-0.029748,-0.028468,0.022676,0.020265,0.050973,0.03955,0.015798,0.0095226,-0.010704,-0.03632,-0.033609,-0.049711,-0.0036245,-0.02449,-0.074168,-0.082461,-0.076424,-0.095876,-0.092228,-0.076834,-0.10989,-0.096566,-0.093851,-0.071832,-0.046657,-0.048642,-0.064627,-0.083247,-0.072452,-0.062747,-0.069527,-0.041381,-0.035887,-0.012544,-0.040789,-0.062614,-0.073876,-0.040135,-0.050486,-0.028866,-0.056216,-0.045099,-0.036106,-0.036487
-0.091595,-0.051482,-0.064353,-0.041361,-0.068888,-0.046782,-0.06136,-0.04099,0.0069201,0.0068791,0.049833,0.050754,0.021523,0.024789,-0.01515,-0.022174,-0.027269,-0.04622,-0.025787,-0.0016579,-0.042177,-0.052381,-0.040159,-0.065805,-0.07479,-0.067107,-0.094536,-0.095179,-0.10229,-0.11412,-0.081429,-0.073569,-0.033859,-0.060404,-0.032133,-0.065904,-0.05254,-0.060786,-0.059216,-0.049706,-0.024703,-0.033825,-0.052059,-0.10483,-0.063321,-0.094111,-0.056239,-0.051185,-0.029977,-0.068034,-0.06131
-0.068202,-0.059699,-0.067959,-0.060409,-0.066022,-0.08305,-0.041538,-0.029953,-0.042181,-0.00049606,0.0093972,0.016078,0.0097403,0.030491,-0.031445,-0.065504,-0.074295,-0.056452,-0.061899,-0.062505,-0.063023,-0.080936,-0.071164,-0.083089,-0.07445,-0.051667,-0.077352,-0.10371,-0.13039,-0.14476,-0.099824,-0.06298,-0.048972,-0.053485,-0.033034,-0.091783,-0.055652,-0.094799,-0.064575,-0.090178,-0.050998,-0.09255,-0.07738,-0.050957,-0.04775,-0.085115,-0.041189,-0.061887,-0.09774,-0.088602,-0.095351
-0.040393,-0.051744,-0.015129,-0.045426,-0.069341,-0.023302,-0.050034,-0.031942,-0.026706,0.012643,0.03257,0.056326,0.0032182,0.0067728,-0.029157,-0.055173,-0.034358,-0.073651,-0.03785,-0.039436,-0.055936,-0.034272,-0.043055,-0.093678,-0.046161,-0.058315,-0.070547,-0.087786,-0.082687,-0.084336,-0.062395,-0.013639,-0.051474,-0.066143,-0.046765,-0.031865,-0.050318,-0.093953,-0.062766,-0.055275,-0.053644,-0.079169,-0.067479,-0.073848,-0.068629,-0.056081,-0.054309,-0.067056,-0.077954,-0.070143,-0.050697
-0.059466,-0.034541,-0.052974,-0.021698,-0.059022,-0.026009,0.015758,0.010696,-0.014317,-0.017716,0.01412,0.023052,0.022554,-0.0068565,-0.036176,-0.066388,-0.069718,-0.059797,-0.051402,-0.041851,-0.034961,-0.052607,-0.052213,-0.065511,-0.05763,-0.045502,-0.061311,-0.06581,-0.06149,-0.099473,-0.06286,-0.042369,-0.026347,-0.018781,-0.044488,-0.044574,-0.06945,-0.052582,-0.07963,-0.029858,-0.057263,-0.065921,-0.097464,-0.045619,-0.050557,-0.057793,-0.049729,-0.10106,-0.088543,-0.041108,-0.062971
-0.080859,-0.0759,-0.048213,-0.05058,-0.044342,-0.021624,0.0002314,-0.031894,0.0004826,-0.014656,0.0056764,0.023771,0.0025561,-0.01484,-0.06995,-0.059335,-0.048781,-0.070787,-0.051424,-0.052171,-0.074653,-0.077671,-0.042791,-0.052148,-0.068543,-0.058095,-0.058562,-0.055582,-0.086922,-0.0924,-0.079542,-0.064517,-0.051007,-0.019814,-0.0066091,-0.039183,-0.063743,-0.047187,-0.068838,-0.03901,-0.046345,-0.050512,-0.075062,-0.071757,-0.081308,-0.06863,-0.092592,-0.10183,-0.074557,-0.054819,-0.091948
-0.090528,-0.051375,-0.063143,-0.076678,-0.054012,-0.025508,-0.012438,-0.0094976,0.00089245,0.0057657,0.01943,0.035745,0.029148,-0.016498,-0.030514,-0.08624,-0.058809,-0.039366,-0.020368,-0.038665,-0.049504,-0.057491,-0.06861,-0.060769,-0.075468,-0.062395,-0.022562,-0.05348,-0.068917,-0.068228,-0.06141,-0.026781,-0.027056,-0.023067,-0.053755,-0.06988,-0.064961,-0.050236,-0.016059,0.0070733,-0.011784,-0.040491,-0.070553,-0.052459,-0.09628,-0.088227,-0.092163,-0.11172,-0.064724,-0.067427,-0.047214
-0.093151,-0.060523,-0.066487,-0.048555,-0.018804,0.0083711,-0.018386,-0.031649,-0.022476,-0.017078,0.0067123,0.010031,-0.034658,-0.034291,-0.005439,-0.051221,-0.034234,-0.033476,-0.049892,-0.050156,-0.02473,-0.0679,-0.10304,-0.067359,-0.075048,-0.097617,-0.065742,-0.073524,-0.071515,-0.059592,-0.035988,-0.030162,-0.032748,-0.042432,-0.030988,-0.033857,-0.029726,-0.072521,-0.042508,-0.012012,0.0089411,-0.035637,-0.044736,-0.066275,-0.081315,-0.073059,-0.061763,-0.077521,-0.064961,-0.052277,-0.031061
-0.099953,-0.071369,-0.073443,-0.070528,-0.046793,-0.017023,-0.015798,-0.017843,-0.0099246,-0.026741,-0.044444,-0.013077,-0.034773,-0.0017782,0.0020411,-0.025406,-0.064275,-0.059399,-0.0577,-0.068008,-0.049709,-0.097719,-0.097541,-0.089134,-0.076874,-0.087469,-0.067553,-0.067389,-0.029243,-0.044685,-0.060163,-0.047715,-0.0092639,-0.058666,-0.065514,-0.06526,-0.028548,-0.064534,-0.039701,-0.037165,-0.027265,-0.06673,-0.041665,-0.061835,-0.070863,-0.060485,-0.049141,-0.071342,-0.066965,-0.05525,-0.066236
-0.10073,-0.072753,-0.076138,-0.049615,-0.035443,-0.022282,-0.016449,-0.0065157,-0.017453,0.0016063,-0.01229,-0.021844,-0.044888,-0.02123,0.005645,-0.053861,-0.078792,-0.072317,-0.089589,-0.084019,-0.071199,-0.084901,-0.074332,-0.064725,-0.085998,-0.096048,-0.043505,-0.063358,-0.015966,-0.016143,-0.026677,-0.045447,-0.045908,-0.070018,-0.091527,-0.071153,-0.0061813,-0.04071,-0.038143,-0.021634,-0.029309,-0.033188,-0.047945,-0.027552,-0.085986,-0.062751,-0.023398,-0.045885,-0.025463,-0.064251,-0.017991
-0.079386,-0.068364,-0.044868,-0.09955,-0.058471,-0.0088121,-0.032621,-0.039728,-0.010721,-0.0088391,-0.020916,-0.02538,-0.034307,-0.019696,-0.036376,-0.084768,-0.10423,-0.12763,-0.12034,-0.083271,-0.099984,-0.083418,-0.09032,-0.063721,-0.078141,-0.092872,-0.049635,-0.060269,-0.051767,-0.044389,-0.041702,-0.023172,-0.055169,-0.072351,-0.069647,-0.060048,-0.043551,-0.04665,-0.01833,-0.053474,-0.060343,-0.040904,-0.038953,-0.065682,-0.055928,-0.020529,-0.047479,-0.045995,-0.010136,-0.040567,-0.026737
-0.074708,-0.073415,-0.077116,-0.077138,-0.037828,-0.030943,-0.0084489,-0.0428,-0.029432,-0.012997,-0.011157,-0.048432,-0.05867,-0.051711,-0.050512,-0.068884,-0.094947,-0.10809,-0.13707,-0.10684,-0.1056,-0.11259,-0.10347,-0.046615,-0.063373,-0.048844,-0.06925,-0.033201,-0.020771,-0.061685,-0.071866,-0.060301,-0.071118,-0.048145,-0.037172,-0.03783,-0.029257,-0.053156,-0.057075,-0.058063,-0.041707,-0.037871,-0.052896,-0.052463,-0.050169,-0.050573,-0.017398,-0.030376,-0.048592,-0.010687,-0.052674
-0.057113,-0.044144,-0.050588,-0.069408,-0.080736,-0.062056,-0.038647,-0.039289,-0.039164,-0.051211,-0.030273,-0.048892,-0.057577,-0.043495,-0.076266,-0.10989,-0.088139,-0.12622,-0.1081,-0.094898,-0.14226,-0.12097,-0.11276,-0.091817,-0.082785,-0.086232,-0.076302,-0.02008,-0.015984,-0.061963,-0.068906,-0.024547,-0.038841,-0.025289,-0.041696,-0.07688,-0.049631,-0.038294,-0.039328,-0.036345,-0.027607,-0.028438,-0.042246,-0.024244,-0.049677,-0.065225,-0.026516,-0.031518,-0.03154,-0.029853,-0.0082959
-0.038243,-0.036952,-0.026387,-0.050037,-0.041144,-0.044264,-0.022694,-0.018096,-0.061178,-0.021304,-0.04393,-0.029279,-0.066509,-0.054779,-0.054988,-0.071036,-0.073497,-0.076346,-0.063713,-0.10262,-0.11817,-0.081149,-0.040535,-0.078472,-0.070135,-0.057132,-0.048666,-0.044489,-0.0041361,-0.042098,-0.059466,-0.010019,-0.02585,0.00089056,0.00079982,-0.014646,0.019068,-0.023023,0.0022464,-0.038439,-0.0092056,-0.014312,-0.030704,-0.0042609,-0.035641,-0.067568,-0.036771,-0.038301,-0.037341,-0.029282,-0.023403
-0.030748,-0.049653,-0.086215,-0.064384,-0.094608,-0.020784,-0.016359,-0.0031526,-0.029817,-0.036526,-0.031991,-0.064607,-0.095465,-0.047701,-0.072735,-0.076003,-0.063465,-0.10659,-0.071562,-0.056063,-0.089014,-0.078026,-0.052346,-0.082838,-0.06607,-0.054145,-0.018329,-0.047372,-0.024201,-0.044642,-0.029758,-0.050428,-0.026196,-0.013721,0.010777,-0.00026133,0.028734,0.012116,-0.0058413,0.01062,0.011365,-0.022229,-0.027842,-0.011344,-0.031513,-0.070945,-0.056392,-0.065658,-0.074317,-0.032908,0.017282
