0.02,0.02,-0.00045633,1,0,0
0.04,0.02,0.0080457,1,0,0
0.06,0.02,0.012808,1,0,0
0.08,0.02,0.0050871,1,0,0
0.1,0.02,-0.0047352,1,0,0
0.12,0.02,-0.0103,1,0,0
0.14,0.02,-0.0067691,1,0,0
0.16,0.02,-0.01139,1,0,0
0.18,0.02,-0.011881,1,0,0
0.2,0.02,-0.001566,1,0,0
0.22,0.02,0.0092756,1,0,0
0.24,0.02,0.012873,1,0,0
0.26,0.02,0.021992,1,0,0
0.28,0.02,0.029826,1,0,0
0.3,0.02,0.028271,1,0,0
0.32,0.02,0.020137,1,0,0
0.34,0.02,0.013743,1,0,0
0.36,0.02,0.0051955,1,0,0
0.38,0.02,0.0061274,1,0,0
0.4,0.02,-0.0079816,1,0,0
0.42,0.02,-0.024655,1,0,0
0.44,0.02,-0.034602,1,0,0
0.46,0.02,-0.041765,1,0,0
0.48,0.02,-0.054035,1,0,0
0.5,0.02,-0.064261,1,0,0
0.52,0.02,-0.067453,1,0,0
0.54,0.02,-0.06146,1,0,0
0.56,0.02,-0.064144,1,0,0
0.58,0.02,-0.036776,1,0,0
0.6,0.02,-0.025923,1,0,0
0.62,0.02,-0.023033,1,0,0
0.64,0.02,-0.014774,1,0,0
0.66,0.02,-0.0060562,1,0,0
0.68,0.02,-0.012777,1,0,0
0.7,0.02,-0.014606,1,0,0
0.72,0.02,-0.013418,1,0,0
0.74,0.02,-0.015302,1,0,0
0.76,0.02,-0.013385,1,0,0
0.78,0.02,-0.0066821,1,0,0
0.8,0.02,0.003938,1,0,0
0.82,0.02,0.0074244,1,0,0
0.84,0.02,0.0014946,1,0,0
0.86,0.02,-0.0033293,1,0,0
0.88,0.02,-0.00052447,1,0,0
0.9,0.02,-0.011993,1,0,0
0.92,0.02,-0.01751,1,0,0
0.94,0.02,-0.011432,1,0,0
0.96,0.02,-0.0095239,1,0,0
0.98,0.02,-0.027214,1,0,0
0.02,0.04,0.006594,1,0,0
0.04,0.04,0.018033,1,0,0
0.06,0.04,0.0050287,1,0,0
0.08,0.04,0.0019035,1,0,0
0.1,0.04,-0.0092935,1,0,0
0.12,0.04,-0.022272,1,0,0
0.14,0.04,-0.020044,1,0,0
0.16,0.04,-0.015969,1,0,0
0.18,0.04,-0.018601,1,0,0
0.2,0.04,-0.0070703,1,0,0
0.22,0.04,-0.0024053,1,0,0
0.24,0.04,0.0021997,1,0,0
0.26,0.04,0.0066346,1,0,0
0.28,0.04,0.015552,1,0,0
0.3,0.04,0.03303,1,0,0
0.32,0.04,0.024266,1,0,0
0.34,0.04,0.016022,1,0,0
0.36,0.04,0.0043266,1,0,0
0.38,0.04,0.0092653,1,0,0
0.4,0.04,0.00029585,1,0,0
0.42,0.04,-0.011118,1,0,0
0.44,0.04,-0.031548,1,0,0
0.46,0.04,-0.041652,1,0,0
0.48,0.04,-0.054862,1,0,0
0.5,0.04,-0.054776,1,0,0
0.52,0.04,-0.058039,1,0,0
0.54,0.04,-0.059708,1,0,0
0.56,0.04,-0.056591,1,0,0
0.58,0.04,-0.035689,1,0,0
0.6,0.04,-0.025615,1,0,0
0.62,0.04,-0.019676,1,0,0
0.64,0.04,-0.02098,1,0,0
0.66,0.04,-0.014516,1,0,0
0.68,0.04,-0.014421,1,0,0
0.7,0.04,-0.0096071,1,0,0
0.72,0.04,-0.024592,1,0,0
0.74,0.04,-0.037358,1,0,0
0.76,0.04,-0.039719,1,0,0
0.78,0.04,-0.024311,1,0,0
0.8,0.04,-0.019957,1,0,0
0.82,0.04,0.0076733,1,0,0
0.84,0.04,-0.0016124,1,0,0
0.86,0.04,-0.01046,1,0,0
0.88,0.04,-0.0026438,1,0,0
0.9,0.04,-0.0038385,1,0,0
0.92,0.04,-0.010461,1,0,0
0.94,0.04,-0.0031867,1,0,0
0.96,0.04,-0.0056629,1,0,0
0.98,0.04,-0.023778,1,0,0
0.02,0.06,0.0025492,1,0,0
0.04,0.06,0.0026719,1,0,0
0.06,0.06,-0.0075563,1,0,0
0.08,0.06,-0.015829,1,0,0
0.1,0.06,-0.029597,1,0,0
0.12,0.06,-0.023571,1,0,0
0.14,0.06,-0.02755,1,0,0
0.16,0.06,-0.027329,1,0,0
0.18,0.06,-0.021345,1,0,0
0.2,0.06,-0.020116,1,0,0
0.22,0.06,-0.012031,1,0,0
0.24,0.06,-0.013926,1,0,0
0.26,0.06,0.0017565,1,0,0
0.28,0.06,0.0065044,1,0,0
0.3,0.06,0.010157,1,0,0
0.32,0.06,0.017835,1,0,0
0.34,0.06,0.010909,1,0,0
0.36,0.06,-0.0017898,1,0,0
0.38,0.06,-0.0015587,1,0,0
0.4,0.06,-0.00069858,1,0,0
0.42,0.06,-0.012528,1,0,0
0.44,0.06,-0.036548,1,0,0
0.46,0.06,-0.039059,1,0,0
0.48,0.06,-0.049505,1,0,0
0.5,0.06,-0.051603,1,0,0
0.52,0.06,-0.05966,1,0,0
0.54,0.06,-0.057815,1,0,0
0.56,0.06,-0.059364,1,0,0
0.58,0.06,-0.04013,1,0,0
0.6,0.06,-0.035515,1,0,0
0.62,0.06,-0.034671,1,0,0
0.64,0.06,-0.038611,1,0,0
0.66,0.06,-0.032057,1,0,0
0.68,0.06,-0.034881,1,0,0
0.7,0.06,-0.021513,1,0,0
0.72,0.06,-0.041772,1,0,0
0.74,0.06,-0.051984,1,0,0
0.76,0.06,-0.052381,1,0,0
0.78,0.06,-0.050388,1,0,0
0.8,0.06,-0.039016,1,0,0
0.82,0.06,-0.02571,1,0,0
0.84,0.06,-0.0069786,1,0,0
0.86,0.06,-0.0035771,1,0,0
0.88,0.06,-0.0082509,1,0,0
0.9,0.06,-0.008035,1,0,0
0.92,0.06,-0.015617,1,0,0
0.94,0.06,-0.015538,1,0,0
0.96,0.06,-0.020373,1,0,0
0.98,0.06,-0.019407,1,0,0
0.02,0.08,0.0072982,1,0,0
0.04,0.08,0.008749,1,0,0
0.06,0.08,-0.0087393,1,0,0
0.08,0.08,-0.030844,1,0,0
0.1,0.08,-0.04559,1,0,0
0.12,0.08,-0.043035,1,0,0
0.14,0.08,-0.035118,1,0,0
0.16,0.08,-0.031914,1,0,0
0.18,0.08,-0.024475,1,0,0
0.2,0.08,-0.014502,1,0,0
0.22,0.08,-0.016609,1,0,0
0.24,0.08,-0.0089845,1,0,0
0.26,0.08,0.00036388,1,0,0
0.28,0.08,0.0070374,1,0,0
0.3,0.08,0.011391,1,0,0
0.32,0.08,0.0046991,1,0,0
0.34,0.08,0.00075161,1,0,0
0.36,0.08,-0.0084782,1,0,0
0.38,0.08,-0.010166,1,0,0
0.4,0.08,-0.0057615,1,0,0
0.42,0.08,-0.0020305,1,0,0
0.44,0.08,-0.020005,1,0,0
0.46,0.08,-0.026568,1,0,0
0.48,0.08,-0.04584,1,0,0
0.5,0.08,-0.057359,1,0,0
0.52,0.08,-0.064092,1,0,0
0.54,0.08,-0.051716,1,0,0
0.56,0.08,-0.042232,1,0,0
0.58,0.08,-0.036114,1,0,0
0.6,0.08,-0.042393,1,0,0
0.62,0.08,-0.045794,1,0,0
0.64,0.08,-0.045326,1,0,0
0.66,0.08,-0.040983,1,0,0
0.68,0.08,-0.039093,1,0,0
0.7,0.08,-0.03979,1,0,0
0.72,0.08,-0.048723,1,0,0
0.74,0.08,-0.062737,1,0,0
0.76,0.08,-0.056092,1,0,0
0.78,0.08,-0.048059,1,0,0
0.8,0.08,-0.043324,1,0,0
0.82,0.08,-0.024293,1,0,0
0.84,0.08,-0.004821,1,0,0
0.86,0.08,-0.003097,1,0,0
0.88,0.08,-0.0039003,1,0,0
0.9,0.08,-0.017122,1,0,0
0.92,0.08,-0.02442,1,0,0
0.94,0.08,-0.022221,1,0,0
0.96,0.08,-0.016207,1,0,0
0.98,0.08,-0.011029,1,0,0
0.02,0.1,0.019066,1,0,0
0.04,0.1,0.0064017,1,0,0
0.06,0.1,-0.0066584,1,0,0
0.08,0.1,-0.035945,1,0,0
0.1,0.1,-0.041649,1,0,0
0.12,0.1,-0.040862,1,0,0
0.14,0.1,-0.040751,1,0,0
0.16,0.1,-0.043477,1,0,0
0.18,0.1,-0.032766,1,0,0
0.2,0.1,-0.02254,1,0,0
0.22,0.1,-0.0097197,1,0,0
0.24,0.1,-0.0033387,1,0,0
0.26,0.1,-0.0054535,1,0,0
0.28,0.1,0.0037637,1,0,0
0.3,0.1,0.013359,1,0,0
0.32,0.1,0.00026251,1,0,0
0.34,0.1,-0.0024643,1,0,0
0.36,0.1,-0.008904,1,0,0
0.38,0.1,-0.013466,1,0,0
0.4,0.1,-0.014246,1,0,0
0.42,0.1,-0.008235,1,0,0
0.44,0.1,-0.014163,1,0,0
0.46,0.1,-0.028435,1,0,0
0.48,0.1,-0.038623,1,0,0
0.5,0.1,-0.055525,1,0,0
0.52,0.1,-0.058109,1,0,0
0.54,0.1,-0.053174,1,0,0
0.56,0.1,-0.049636,1,0,0
0.58,0.1,-0.049109,1,0,0
0.6,0.1,-0.052654,1,0,0
0.62,0.1,-0.056437,1,0,0
0.64,0.1,-0.047452,1,0,0
0.66,0.1,-0.048423,1,0,0
0.68,0.1,-0.041066,1,0,0
0.7,0.1,-0.042843,1,0,0
0.72,0.1,-0.044076,1,0,0
0.74,0.1,-0.052277,1,0,0
0.76,0.1,-0.05633,1,0,0
0.78,0.1,-0.053221,1,0,0
0.8,0.1,-0.044182,1,0,0
0.82,0.1,-0.028192,1,0,0
0.84,0.1,-0.011394,1,0,0
0.86,0.1,0.0013309,1,0,0
0.88,0.1,0.00089185,1,0,0
0.9,0.1,-0.011369,1,0,0
0.92,0.1,-0.023531,1,0,0
0.94,0.1,-0.03155,1,0,0
0.96,0.1,-0.0098744,1,0,0
0.98,0.1,-0.0083835,1,0,0
0.02,0.12,0.030232,1,0,0
0.04,0.12,0.014636,1,0,0
0.06,0.12,-0.00014017,1,0,0
0.08,0.12,-0.020061,1,0,0
0.1,0.12,-0.033895,1,0,0
0.12,0.12,-0.041237,1,0,0
0.14,0.12,-0.043015,1,0,0
0.16,0.12,-0.045781,1,0,0
0.18,0.12,-0.027222,1,0,0
0.2,0.12,-0.023956,1,0,0
0.22,0.12,-0.010619,1,0,0
0.24,0.12,-0.0097801,1,0,0
0.26,0.12,-0.007592,1,0,0
0.28,0.12,-0.0038833,1,0,0
0.3,0.12,0.01447,1,0,0
0.32,0.12,0.0094869,1,0,0
0.34,0.12,-0.0086072,1,0,0
0.36,0.12,-0.011381,1,0,0
0.38,0.12,-0.02296,1,0,0
0.4,0.12,-0.017455,1,0,0
0.42,0.12,-0.013191,1,0,0
0.44,0.12,-0.017419,1,0,0
0.46,0.12,-0.02743,1,0,0
0.48,0.12,-0.041723,1,0,0
0.5,0.12,-0.054147,1,0,0
0.52,0.12,-0.051178,1,0,0
0.54,0.12,-0.050875,1,0,0
0.56,0.12,-0.056361,1,0,0
0.58,0.12,-0.06317,1,0,0
0.6,0.12,-0.060936,1,0,0
0.62,0.12,-0.066637,1,0,0
0.64,0.12,-0.060288,1,0,0
0.66,0.12,-0.037382,1,0,0
0.68,0.12,-0.031245,1,0,0
0.7,0.12,-0.033829,1,0,0
0.72,0.12,-0.032538,1,0,0
0.74,0.12,-0.045399,1,0,0
0.76,0.12,-0.053655,1,0,0
0.78,0.12,-0.053312,1,0,0
0.8,0.12,-0.031766,1,0,0
0.82,0.12,-0.024006,1,0,0
0.84,0.12,-0.0070594,1,0,0
0.86,0.12,-0.0026958,1,0,0
0.88,0.12,0.00087668,1,0,0
0.9,0.12,-0.0052502,1,0,0
0.92,0.12,-0.011102,1,0,0
0.94,0.12,-0.012841,1,0,0
0.96,0.12,-0.011742,1,0,0
0.98,0.12,-0.0060415,1,0,0
0.02,0.14,0.035514,1,0,0
0.04,0.14,0.022223,1,0,0
0.06,0.14,0.011441,1,0,0
0.08,0.14,-0.0090157,1,0,0
0.1,0.14,-0.02611,1,0,0
0.12,0.14,-0.039627,1,0,0
0.14,0.14,-0.053704,1,0,0
0.16,0.14,-0.042406,1,0,0
0.18,0.14,-0.027631,1,0,0
0.2,0.14,-0.028817,1,0,0
0.22,0.14,-0.01435,1,0,0
0.24,0.14,0.00056406,1,0,0
0.26,0.14,-0.0029985,1,0,0
0.28,0.14,-0.005329,1,0,0
0.3,0.14,0.0014261,1,0,0
0.32,0.14,-0.013835,1,0,0
0.34,0.14,-0.024627,1,0,0
0.36,0.14,-0.02371,1,0,0
0.38,0.14,-0.029308,1,0,0
0.4,0.14,-0.03521,1,0,0
0.42,0.14,-0.023094,1,0,0
0.44,0.14,-0.025105,1,0,0
0.46,0.14,-0.026703,1,0,0
0.48,0.14,-0.036251,1,0,0
0.5,0.14,-0.049546,1,0,0
0.52,0.14,-0.056399,1,0,0
0.54,0.14,-0.056105,1,0,0
0.56,0.14,-0.05811,1,0,0
0.58,0.14,-0.069483,1,0,0
0.6,0.14,-0.06651,1,0,0
0.62,0.14,-0.064888,1,0,0
0.64,0.14,-0.055341,1,0,0
0.66,0.14,-0.041408,1,0,0
0.68,0.14,-0.0337,1,0,0
0.7,0.14,-0.033144,1,0,0
0.72,0.14,-0.036058,1,0,0
0.74,0.14,-0.033468,1,0,0
0.76,0.14,-0.03812,1,0,0
0.78,0.14,-0.038675,1,0,0
0.8,0.14,-0.027797,1,0,0
0.82,0.14,-0.01139,1,0,0
0.84,0.14,0.0016907,1,0,0
0.86,0.14,0.0035761,1,0,0
0.88,0.14,-0.0037271,1,0,0
0.9,0.14,-0.0034705,1,0,0
0.92,0.14,-0.0076723,1,0,0
0.94,0.14,-0.0096142,1,0,0
0.96,0.14,-0.00010147,1,0,0
0.98,0.14,-0.0024664,1,0,0
0.02,0.16,0.020697,1,0,0
0.04,0.16,0.026996,1,0,0
0.06,0.16,0.022931,1,0,0
0.08,0.16,-0.0053832,1,0,0
0.1,0.16,-0.026157,1,0,0
0.12,0.16,-0.036727,1,0,0
0.14,0.16,-0.040335,1,0,0
0.16,0.16,-0.039531,1,0,0
0.18,0.16,-0.022599,1,0,0
0.2,0.16,-0.020886,1,0,0
0.22,0.16,-0.026974,1,0,0
0.24,0.16,-0.01619,1,0,0
0.26,0.16,-0.003069,1,0,0
0.28,0.16,-0.0067094,1,0,0
0.3,0.16,-0.015381,1,0,0
0.32,0.16,-0.040354,1,0,0
0.34,0.16,-0.053603,1,0,0
0.36,0.16,-0.06155,1,0,0
0.38,0.16,-0.059758,1,0,0
0.4,0.16,-0.055305,1,0,0
0.42,0.16,-0.041007,1,0,0
0.44,0.16,-0.030719,1,0,0
0.46,0.16,-0.02542,1,0,0
0.48,0.16,-0.030418,1,0,0
0.5,0.16,-0.053144,1,0,0
0.52,0.16,-0.062839,1,0,0
0.54,0.16,-0.052113,1,0,0
0.56,0.16,-0.063075,1,0,0
0.58,0.16,-0.07134,1,0,0
0.6,0.16,-0.079205,1,0,0
0.62,0.16,-0.075045,1,0,0
0.64,0.16,-0.069273,1,0,0
0.66,0.16,-0.050351,1,0,0
0.68,0.16,-0.04476,1,0,0
0.7,0.16,-0.036156,1,0,0
0.72,0.16,-0.02839,1,0,0
0.74,0.16,-0.029639,1,0,0
0.76,0.16,-0.03811,1,0,0
0.78,0.16,-0.026775,1,0,0
0.8,0.16,-0.019693,1,0,0
0.82,0.16,-0.0016561,1,0,0
0.84,0.16,0.0018207,1,0,0
0.86,0.16,0.0026932,1,0,0
0.88,0.16,-0.0064253,1,0,0
0.9,0.16,-0.0072356,1,0,0
0.92,0.16,0.0010972,1,0,0
0.94,0.16,-0.0026691,1,0,0
0.96,0.16,-0.0072888,1,0,0
0.98,0.16,-0.010546,1,0,0
0.02,0.18,0.018685,1,0,0
0.04,0.18,0.018926,1,0,0
0.06,0.18,0.01058,1,0,0
0.08,0.18,-0.0021318,1,0,0
0.1,0.18,-0.013093,1,0,0
0.12,0.18,-0.011272,1,0,0
0.14,0.18,-0.019086,1,0,0
0.16,0.18,-0.021932,1,0,0
0.18,0.18,-0.016062,1,0,0
0.2,0.18,-0.019931,1,0,0
0.22,0.18,-0.02953,1,0,0
0.24,0.18,-0.027768,1,0,0
0.26,0.18,-0.017033,1,0,0
0.28,0.18,-0.018251,1,0,0
0.3,0.18,-0.031566,1,0,0
0.32,0.18,-0.060554,1,0,0
0.34,0.18,-0.078858,1,0,0
0.36,0.18,-0.080374,1,0,0
0.38,0.18,-0.078156,1,0,0
0.4,0.18,-0.070869,1,0,0
0.42,0.18,-0.049137,1,0,0
0.44,0.18,-0.038903,1,0,0
0.46,0.18,-0.02455,1,0,0
0.48,0.18,-0.029334,1,0,0
0.5,0.18,-0.036704,1,0,0
0.52,0.18,-0.055174,1,0,0
0.54,0.18,-0.052768,1,0,0
0.56,0.18,-0.058361,1,0,0
0.58,0.18,-0.063754,1,0,0
0.6,0.18,-0.072053,1,0,0
0.62,0.18,-0.062822,1,0,0
0.64,0.18,-0.067264,1,0,0
0.66,0.18,-0.062605,1,0,0
0.68,0.18,-0.056694,1,0,0
0.7,0.18,-0.030125,1,0,0
0.72,0.18,-0.015621,1,0,0
0.74,0.18,-0.015911,1,0,0
0.76,0.18,-0.021859,1,0,0
0.78,0.18,-0.021465,1,0,0
0.8,0.18,-0.011268,1,0,0
0.82,0.18,0.0067533,1,0,0
0.84,0.18,0.011333,1,0,0
0.86,0.18,0.0063509,1,0,0
0.88,0.18,0.0058827,1,0,0
0.9,0.18,0.011707,1,0,0
0.92,0.18,0.0079825,1,0,0
0.94,0.18,0.0015916,1,0,0
0.96,0.18,-0.012127,1,0,0
0.98,0.18,-0.015031,1,0,0
0.02,0.2,0.03454,1,0,0
0.04,0.2,0.025464,1,0,0
0.06,0.2,0.02297,1,0,0
0.08,0.2,0.019275,1,0,0
0.1,0.2,0.0052874,1,0,0
0.12,0.2,0.0014891,1,0,0
0.14,0.2,-0.0059027,1,0,0
0.16,0.2,-0.0011476,1,0,0
0.18,0.2,-0.0040764,1,0,0
0.2,0.2,-0.01252,1,0,0
0.22,0.2,-0.02631,1,0,0
0.24,0.2,-0.03251,1,0,0
0.26,0.2,-0.019935,1,0,0
0.28,0.2,-0.023214,1,0,0
0.3,0.2,-0.041229,1,0,0
0.32,0.2,-0.064787,1,0,0
0.34,0.2,-0.089392,1,0,0
0.36,0.2,-0.094717,1,0,0
0.38,0.2,-0.080623,1,0,0
0.4,0.2,-0.070237,1,0,0
0.42,0.2,-0.042258,1,0,0
0.44,0.2,-0.031582,1,0,0
0.46,0.2,-0.021623,1,0,0
0.48,0.2,-0.032424,1,0,0
0.5,0.2,-0.039466,1,0,0
0.52,0.2,-0.05044,1,0,0
0.54,0.2,-0.046975,1,0,0
0.56,0.2,-0.042852,1,0,0
0.58,0.2,-0.042998,1,0,0
0.6,0.2,-0.040581,1,0,0
0.62,0.2,-0.045269,1,0,0
0.64,0.2,-0.046622,1,0,0
0.66,0.2,-0.047054,1,0,0
0.68,0.2,-0.045815,1,0,0
0.7,0.2,-0.024468,1,0,0
0.72,0.2,-0.017463,1,0,0
0.74,0.2,-0.014647,1,0,0
0.76,0.2,-0.011994,1,0,0
0.78,0.2,-0.0093501,1,0,0
0.8,0.2,0.0087182,1,0,0
0.82,0.2,0.031409,1,0,0
0.84,0.2,0.030081,1,0,0
0.86,0.2,0.021144,1,0,0
0.88,0.2,0.020544,1,0,0
0.9,0.2,0.028489,1,0,0
0.92,0.2,0.025757,1,0,0
0.94,0.2,0.020109,1,0,0
0.96,0.2,0.001537,1,0,0
0.98,0.2,-0.01121,1,0,0
0.02,0.22,0.03226,1,0,0
0.04,0.22,0.02458,1,0,0
0.06,0.22,0.025022,1,0,0
0.08,0.22,0.028357,1,0,0
0.1,0.22,0.02293,1,0,0
0.12,0.22,0.0028451,1,0,0
0.14,0.22,0.0090173,1,0,0
0.16,0.22,0.0019281,1,0,0
0.18,0.22,-0.0032604,1,0,0
0.2,0.22,-0.017182,1,0,0
0.22,0.22,-0.027239,1,0,0
0.24,0.22,-0.02991,1,0,0
0.26,0.22,-0.02521,1,0,0
0.28,0.22,-0.039792,1,0,0
0.3,0.22,-0.054354,1,0,0
0.32,0.22,-0.074187,1,0,0
0.34,0.22,-0.086513,1,0,0
0.36,0.22,-0.085709,1,0,0
0.38,0.22,-0.076707,1,0,0
0.4,0.22,-0.067839,1,0,0
0.42,0.22,-0.060171,1,0,0
0.44,0.22,-0.03521,1,0,0
0.46,0.22,-0.0256,1,0,0
0.48,0.22,-0.034051,1,0,0
0.5,0.22,-0.04659,1,0,0
0.52,0.22,-0.043378,1,0,0
0.54,0.22,-0.03967,1,0,0
0.56,0.22,-0.035047,1,0,0
0.58,0.22,-0.027984,1,0,0
0.6,0.22,-0.028982,1,0,0
0.62,0.22,-0.026036,1,0,0
0.64,0.22,-0.02473,1,0,0
0.66,0.22,-0.024688,1,0,0
0.68,0.22,-0.029961,1,0,0
0.7,0.22,-0.029695,1,0,0
0.72,0.22,-0.016915,1,0,0
0.74,0.22,-0.011366,1,0,0
0.76,0.22,-0.00024894,1,0,0
0.78,0.22,0.0015479,1,0,0
0.8,0.22,0.014004,1,0,0
0.82,0.22,0.039069,1,0,0
0.84,0.22,0.043687,1,0,0
0.86,0.22,0.035691,1,0,0
0.88,0.22,0.043063,1,0,0
0.9,0.22,0.032823,1,0,0
0.92,0.22,0.032352,1,0,0
0.94,0.22,0.028616,1,0,0
0.96,0.22,0.016193,1,0,0
0.98,0.22,0.0011585,1,0,0
0.02,0.24,0.022856,1,0,0
0.04,0.24,0.014034,1,0,0
0.06,0.24,0.014991,1,0,0
0.08,0.24,0.01475,1,0,0
0.1,0.24,0.013716,1,0,0
0.12,0.24,0.0020802,1,0,0
0.14,0.24,0.00018206,1,0,0
0.16,0.24,0.00082118,1,0,0
0.18,0.24,-0.0060624,1,0,0
0.2,0.24,-0.014082,1,0,0
0.22,0.24,-0.024452,1,0,0
0.24,0.24,-0.03996,1,0,0
0.26,0.24,-0.048512,1,0,0
0.28,0.24,-0.056432,1,0,0
0.3,0.24,-0.064552,1,0,0
0.32,0.24,-0.076548,1,0,0
0.34,0.24,-0.086416,1,0,0
0.36,0.24,-0.085844,1,0,0
0.38,0.24,-0.075804,1,0,0
0.4,0.24,-0.07805,1,0,0
0.42,0.24,-0.064703,1,0,0
0.44,0.24,-0.044766,1,0,0
0.46,0.24,-0.038993,1,0,0
0.48,0.24,-0.04319,1,0,0
0.5,0.24,-0.047497,1,0,0
0.52,0.24,-0.040338,1,0,0
0.54,0.24,-0.030946,1,0,0
0.56,0.24,-0.024365,1,0,0
0.58,0.24,-0.026015,1,0,0
0.6,0.24,-0.02891,1,0,0
0.62,0.24,-0.025781,1,0,0
0.64,0.24,-0.0092361,1,0,0
0.66,0.24,-0.013509,1,0,0
0.68,0.24,-0.016902,1,0,0
0.7,0.24,-0.016323,1,0,0
0.72,0.24,-0.015455,1,0,0
0.74,0.24,-0.014618,1,0,0
0.76,0.24,0.0041735,1,0,0
0.78,0.24,0.0093079,1,0,0
0.8,0.24,0.027987,1,0,0
0.82,0.24,0.047349,1,0,0
0.84,0.24,0.048086,1,0,0
0.86,0.24,0.037582,1,0,0
0.88,0.24,0.044109,1,0,0
0.9,0.24,0.035403,1,0,0
0.92,0.24,0.028026,1,0,0
0.94,0.24,0.021448,1,0,0
0.96,0.24,0.019768,1,0,0
0.98,0.24,-0.0014338,1,0,0
0.02,0.26,0.016784,1,0,0
0.04,0.26,0.0077692,1,0,0
0.06,0.26,0.0050302,1,0,0
0.08,0.26,0.0051031,1,0,0
0.1,0.26,-0.00050104,1,0,0
0.12,0.26,0.0040387,1,0,0
0.14,0.26,-0.0042882,1,0,0
0.16,0.26,-0.018636,1,0,0
0.18,0.26,-0.014869,1,0,0
0.2,0.26,-0.0051673,1,0,0
0.22,0.26,-0.014477,1,0,0
0.24,0.26,-0.035289,1,0,0
0.26,0.26,-0.043851,1,0,0
0.28,0.26,-0.063338,1,0,0
0.3,0.26,-0.073347,1,0,0
0.32,0.26,-0.077848,1,0,0
0.34,0.26,-0.082977,1,0,0
0.36,0.26,-0.085472,1,0,0
0.38,0.26,-0.084625,1,0,0
0.4,0.26,-0.076314,1,0,0
0.42,0.26,-0.065786,1,0,0
0.44,0.26,-0.061434,1,0,0
0.46,0.26,-0.043507,1,0,0
0.48,0.26,-0.047523,1,0,0
0.5,0.26,-0.041924,1,0,0
0.52,0.26,-0.030709,1,0,0
0.54,0.26,-0.027111,1,0,0
0.56,0.26,-0.019949,1,0,0
0.58,0.26,-0.021647,1,0,0
0.6,0.26,-0.015492,1,0,0
0.62,0.26,-0.011104,1,0,0
0.64,0.26,-0.0039099,1,0,0
0.66,0.26,-0.0019848,1,0,0
0.68,0.26,-0.014077,1,0,0
0.7,0.26,-0.013427,1,0,0
0.72,0.26,-0.0073619,1,0,0
0.74,0.26,-0.0052432,1,0,0
0.76,0.26,0.0095148,1,0,0
0.78,0.26,0.022373,1,0,0
0.8,0.26,0.039316,1,0,0
0.82,0.26,0.04846,1,0,0
0.84,0.26,0.05207,1,0,0
0.86,0.26,0.045836,1,0,0
0.88,0.26,0.046179,1,0,0
0.9,0.26,0.033962,1,0,0
0.92,0.26,0.022975,1,0,0
0.94,0.26,0.018267,1,0,0
0.96,0.26,0.0093839,1,0,0
0.98,0.26,0.0066012,1,0,0
0.02,0.28,0.0044583,1,0,0
0.04,0.28,0.0047839,1,0,0
0.06,0.28,0.00069382,1,0,0
0.08,0.28,-0.0088229,1,0,0
0.1,0.28,-0.011479,1,0,0
0.12,0.28,-0.011506,1,0,0
0.14,0.28,-0.022428,1,0,0
0.16,0.28,-0.026477,1,0,0
0.18,0.28,-0.018792,1,0,0
0.2,0.28,-0.020452,1,0,0
0.22,0.28,-0.023303,1,0,0
0.24,0.28,-0.038626,1,0,0
0.26,0.28,-0.050548,1,0,0
0.28,0.28,-0.064348,1,0,0
0.3,0.28,-0.073248,1,0,0
0.32,0.28,-0.083127,1,0,0
0.34,0.28,-0.08864,1,0,0
0.36,0.28,-0.094254,1,0,0
0.38,0.28,-0.09571,1,0,0
0.4,0.28,-0.085278,1,0,0
0.42,0.28,-0.066953,1,0,0
0.44,0.28,-0.064473,1,0,0
0.46,0.28,-0.060074,1,0,0
0.48,0.28,-0.05027,1,0,0
0.5,0.28,-0.042197,1,0,0
0.52,0.28,-0.038021,1,0,0
0.54,0.28,-0.01928,1,0,0
0.56,0.28,-0.014908,1,0,0
0.58,0.28,-0.0071267,1,0,0
0.6,0.28,-0.012543,1,0,0
0.62,0.28,-0.0039921,1,0,0
0.64,0.28,-0.0010825,1,0,0
0.66,0.28,0.0018214,1,0,0
0.68,0.28,-0.0028092,1,0,0
0.7,0.28,-0.00048721,1,0,0
0.72,0.28,-0.0093604,1,0,0
0.74,0.28,-0.0069801,1,0,0
0.76,0.28,0.010955,1,0,0
0.78,0.28,0.021905,1,0,0
0.8,0.28,0.03252,1,0,0
0.82,0.28,0.043686,1,0,0
0.84,0.28,0.050218,1,0,0
0.86,0.28,0.045682,1,0,0
0.88,0.28,0.037766,1,0,0
0.9,0.28,0.034736,1,0,0
0.92,0.28,0.024899,1,0,0
0.94,0.28,0.011329,1,0,0
0.96,0.28,0.009058,1,0,0
0.98,0.28,0.003038,1,0,0
0.02,0.3,-0.0090961,1,0,0
0.04,0.3,-0.0048614,1,0,0
0.06,0.3,-0.0072858,1,0,0
0.08,0.3,-0.014374,1,0,0
0.1,0.3,-0.016801,1,0,0
0.12,0.3,-0.015174,1,0,0
0.14,0.3,-0.021784,1,0,0
0.16,0.3,-0.025072,1,0,0
0.18,0.3,-0.03052,1,0,0
0.2,0.3,-0.034198,1,0,0
0.22,0.3,-0.047859,1,0,0
0.24,0.3,-0.045587,1,0,0
0.26,0.3,-0.062516,1,0,0
0.28,0.3,-0.076668,1,0,0
0.3,0.3,-0.07842,1,0,0
0.32,0.3,-0.091065,1,0,0
0.34,0.3,-0.089271,1,0,0
0.36,0.3,-0.093214,1,0,0
0.38,0.3,-0.092181,1,0,0
0.4,0.3,-0.093496,1,0,0
0.42,0.3,-0.083221,1,0,0
0.44,0.3,-0.087429,1,0,0
0.46,0.3,-0.065377,1,0,0
0.48,0.3,-0.055765,1,0,0
0.5,0.3,-0.045983,1,0,0
0.52,0.3,-0.036554,1,0,0
0.54,0.3,-0.015213,1,0,0
0.56,0.3,-0.012738,1,0,0
0.58,0.3,-0.0045073,1,0,0
0.6,0.3,-0.0030988,1,0,0
0.62,0.3,-0.00017257,1,0,0
0.64,0.3,-0.003047,1,0,0
0.66,0.3,0.0063589,1,0,0
0.68,0.3,0.0036329,1,0,0
0.7,0.3,-0.0026553,1,0,0
0.72,0.3,-0.0019464,1,0,0
0.74,0.3,-0.0011776,1,0,0
0.76,0.3,0.0011523,1,0,0
0.78,0.3,0.01377,1,0,0
0.8,0.3,0.0090066,1,0,0
0.82,0.3,0.024134,1,0,0
0.84,0.3,0.033787,1,0,0
0.86,0.3,0.04499,1,0,0
0.88,0.3,0.040058,1,0,0
0.9,0.3,0.032819,1,0,0
0.92,0.3,0.025061,1,0,0
0.94,0.3,0.012101,1,0,0
0.96,0.3,0.0078507,1,0,0
0.98,0.3,0.0017345,1,0,0
0.02,0.32,-0.015943,1,0,0
0.04,0.32,-0.0089161,1,0,0
0.06,0.32,-0.0053524,1,0,0
0.08,0.32,-0.01433,1,0,0
0.1,0.32,-0.023757,1,0,0
0.12,0.32,-0.024358,1,0,0
0.14,0.32,-0.035717,1,0,0
0.16,0.32,-0.037354,1,0,0
0.18,0.32,-0.03421,1,0,0
0.2,0.32,-0.048624,1,0,0
0.22,0.32,-0.045402,1,0,0
0.24,0.32,-0.059551,1,0,0
0.26,0.32,-0.077782,1,0,0
0.28,0.32,-0.086279,1,0,0
0.3,0.32,-0.081806,1,0,0
0.32,0.32,-0.096716,1,0,0
0.34,0.32,-0.10989,1,0,0
0.36,0.32,-0.10204,1,0,0
0.38,0.32,-0.1004,1,0,0
0.4,0.32,-0.097895,1,0,0
0.42,0.32,-0.092601,1,0,0
0.44,0.32,-0.096413,1,0,0
0.46,0.32,-0.078048,1,0,0
0.48,0.32,-0.06228,1,0,0
0.5,0.32,-0.04747,1,0,0
0.52,0.32,-0.032313,1,0,0
0.54,0.32,-0.017428,1,0,0
0.56,0.32,-0.014451,1,0,0
0.58,0.32,-0.0040615,1,0,0
0.6,0.32,0.0067086,1,0,0
0.62,0.32,0.0044839,1,0,0
0.64,0.32,-0.0038954,1,0,0
0.66,0.32,0.0070641,1,0,0
0.68,0.32,0.000532,1,0,0
0.7,0.32,-0.00029471,1,0,0
0.72,0.32,-0.010257,1,0,0
0.74,0.32,-0.012631,1,0,0
0.76,0.32,-0.018505,1,0,0
0.78,0.32,-0.0059761,1,0,0
0.8,0.32,0.012476,1,0,0
0.82,0.32,0.017453,1,0,0
0.84,0.32,0.021986,1,0,0
0.86,0.32,0.02922,1,0,0
0.88,0.32,0.026022,1,0,0
0.9,0.32,0.030891,1,0,0
0.92,0.32,0.019591,1,0,0
0.94,0.32,0.011155,1,0,0
0.96,0.32,0.0075414,1,0,0
0.98,0.32,-0.0061752,1,0,0
0.02,0.34,-0.032176,1,0,0
0.04,0.34,-0.02231,1,0,0
0.06,0.34,-0.016632,1,0,0
0.08,0.34,-0.025008,1,0,0
0.1,0.34,-0.029062,1,0,0
0.12,0.34,-0.034555,1,0,0
0.14,0.34,-0.041417,1,0,0
0.16,0.34,-0.046751,1,0,0
0.18,0.34,-0.042031,1,0,0
0.2,0.34,-0.048138,1,0,0
0.22,0.34,-0.044451,1,0,0
0.24,0.34,-0.061413,1,0,0
0.26,0.34,-0.083995,1,0,0
0.28,0.34,-0.099224,1,0,0
0.3,0.34,-0.095516,1,0,0
0.32,0.34,-0.11151,1,0,0
0.34,0.34,-0.11774,1,0,0
0.36,0.34,-0.104,1,0,0
0.38,0.34,-0.10537,1,0,0
0.4,0.34,-0.10251,1,0,0
0.42,0.34,-0.098459,1,0,0
0.44,0.34,-0.10244,1,0,0
0.46,0.34,-0.090175,1,0,0
0.48,0.34,-0.060255,1,0,0
0.5,0.34,-0.037615,1,0,0
0.52,0.34,-0.023645,1,0,0
0.54,0.34,-0.020285,1,0,0
0.56,0.34,-0.015206,1,0,0
0.58,0.34,-0.0048312,1,0,0
0.6,0.34,0.010186,1,0,0
0.62,0.34,0.0065585,1,0,0
0.64,0.34,-0.0025459,1,0,0
0.66,0.34,0.0019829,1,0,0
0.68,0.34,-0.0057465,1,0,0
0.7,0.34,-0.010841,1,0,0
0.72,0.34,-0.01441,1,0,0
0.74,0.34,-0.022426,1,0,0
0.76,0.34,-0.020947,1,0,0
0.78,0.34,-0.0056369,1,0,0
0.8,0.34,0.011248,1,0,0
0.82,0.34,0.017798,1,0,0
0.84,0.34,0.017789,1,0,0
0.86,0.34,0.013893,1,0,0
0.88,0.34,0.012349,1,0,0
0.9,0.34,0.012554,1,0,0
0.92,0.34,0.0059791,1,0,0
0.94,0.34,0.00023351,1,0,0
0.96,0.34,-0.0021985,1,0,0
0.98,0.34,-0.014313,1,0,0
0.02,0.36,-0.048636,1,0,0
0.04,0.36,-0.040931,1,0,0
0.06,0.36,-0.022947,1,0,0
0.08,0.36,-0.036051,1,0,0
0.1,0.36,-0.036185,1,0,0
0.12,0.36,-0.033925,1,0,0
0.14,0.36,-0.034699,1,0,0
0.16,0.36,-0.036066,1,0,0
0.18,0.36,-0.033029,1,0,0
0.2,0.36,-0.036443,1,0,0
0.22,0.36,-0.05228,1,0,0
0.24,0.36,-0.064954,1,0,0
0.26,0.36,-0.085203,1,0,0
0.28,0.36,-0.09941,1,0,0
0.3,0.36,-0.1034,1,0,0
0.32,0.36,-0.11153,1,0,0
0.34,0.36,-0.10414,1,0,0
0.36,0.36,-0.10471,1,0,0
0.38,0.36,-0.10106,1,0,0
0.4,0.36,-0.096382,1,0,0
0.42,0.36,-0.093003,1,0,0
0.44,0.36,-0.096588,1,0,0
0.46,0.36,-0.081291,1,0,0
0.48,0.36,-0.053764,1,0,0
0.5,0.36,-0.037221,1,0,0
0.52,0.36,-0.018927,1,0,0
0.54,0.36,-0.011483,1,0,0
0.56,0.36,-0.0091898,1,0,0
0.58,0.36,-0.0024019,1,0,0
0.6,0.36,0.0046105,1,0,0
0.62,0.36,-0.0045684,1,0,0
0.64,0.36,-0.0015852,1,0,0
0.66,0.36,0.00050084,1,0,0
0.68,0.36,4.9808e-05,1,0,0
0.7,0.36,-0.015128,1,0,0
0.72,0.36,-0.014369,1,0,0
0.74,0.36,-0.022707,1,0,0
0.76,0.36,-0.013656,1,0,0
0.78,0.36,0.005508,1,0,0
0.8,0.36,0.015921,1,0,0
0.82,0.36,0.01853,1,0,0
0.84,0.36,0.018147,1,0,0
0.86,0.36,0.011775,1,0,0
0.88,0.36,-0.001129,1,0,0
0.9,0.36,-0.0073244,1,0,0
0.92,0.36,-0.00014712,1,0,0
0.94,0.36,-0.01261,1,0,0
0.96,0.36,-0.014515,1,0,0
0.98,0.36,-0.027412,1,0,0
0.02,0.38,-0.051457,1,0,0
0.04,0.38,-0.043377,1,0,0
0.06,0.38,-0.039371,1,0,0
0.08,0.38,-0.040242,1,0,0
0.1,0.38,-0.030529,1,0,0
0.12,0.38,-0.028401,1,0,0
0.14,0.38,-0.028212,1,0,0
0.16,0.38,-0.034479,1,0,0
0.18,0.38,-0.032966,1,0,0
0.2,0.38,-0.042785,1,0,0
0.22,0.38,-0.046003,1,0,0
0.24,0.38,-0.063986,1,0,0
0.26,0.38,-0.073435,1,0,0
0.28,0.38,-0.089177,1,0,0
0.3,0.38,-0.094311,1,0,0
0.32,0.38,-0.093902,1,0,0
0.34,0.38,-0.092272,1,0,0
0.36,0.38,-0.083254,1,0,0
0.38,0.38,-0.084756,1,0,0
0.4,0.38,-0.080429,1,0,0
0.42,0.38,-0.075089,1,0,0
0.44,0.38,-0.07418,1,0,0
0.46,0.38,-0.062549,1,0,0
0.48,0.38,-0.042332,1,0,0
0.5,0.38,-0.033161,1,0,0
0.52,0.38,-0.025216,1,0,0
0.54,0.38,-0.0073933,1,0,0
0.56,0.38,0.0055929,1,0,0
0.58,0.38,0.0051667,1,0,0
0.6,0.38,0.0079945,1,0,0
0.62,0.38,0.011543,1,0,0
0.64,0.38,0.011477,1,0,0
0.66,0.38,0.0046208,1,0,0
0.68,0.38,-0.0051336,1,0,0
0.7,0.38,-0.0056525,1,0,0
0.72,0.38,-0.011876,1,0,0
0.74,0.38,-0.014692,1,0,0
0.76,0.38,0.01162,1,0,0
0.78,0.38,0.018544,1,0,0
0.8,0.38,0.017977,1,0,0
0.82,0.38,0.018722,1,0,0
0.84,0.38,0.024325,1,0,0
0.86,0.38,0.0094745,1,0,0
0.88,0.38,0.0023243,1,0,0
0.9,0.38,-0.0061569,1,0,0
0.92,0.38,-0.01486,1,0,0
0.94,0.38,-0.020901,1,0,0
0.96,0.38,-0.023257,1,0,0
0.98,0.38,-0.028903,1,0,0
0.02,0.4,-0.050986,1,0,0
0.04,0.4,-0.0587,1,0,0
0.06,0.4,-0.059555,1,0,0
0.08,0.4,-0.050412,1,0,0
0.1,0.4,-0.043934,1,0,0
0.12,0.4,-0.033341,1,0,0
0.14,0.4,-0.037366,1,0,0
0.16,0.4,-0.046388,1,0,0
0.18,0.4,-0.050262,1,0,0
0.2,0.4,-0.049286,1,0,0
0.22,0.4,-0.056431,1,0,0
0.24,0.4,-0.073473,1,0,0
0.26,0.4,-0.078415,1,0,0
0.28,0.4,-0.086086,1,0,0
0.3,0.4,-0.08376,1,0,0
0.32,0.4,-0.08082,1,0,0
0.34,0.4,-0.084925,1,0,0
0.36,0.4,-0.086116,1,0,0
0.38,0.4,-0.076272,1,0,0
0.4,0.4,-0.064589,1,0,0
0.42,0.4,-0.056335,1,0,0
0.44,0.4,-0.058326,1,0,0
0.46,0.4,-0.043627,1,0,0
0.48,0.4,-0.05346,1,0,0
0.5,0.4,-0.048277,1,0,0
0.52,0.4,-0.033577,1,0,0
0.54,0.4,-0.015679,1,0,0
0.56,0.4,-0.0014427,1,0,0
0.58,0.4,0.0052373,1,0,0
0.6,0.4,0.011851,1,0,0
0.62,0.4,0.011659,1,0,0
0.64,0.4,0.0051318,1,0,0
0.66,0.4,-0.0021299,1,0,0
0.68,0.4,-0.017568,1,0,0
0.7,0.4,-0.017329,1,0,0
0.72,0.4,-0.018336,1,0,0
0.74,0.4,-0.01352,1,0,0
0.76,0.4,0.0021704,1,0,0
0.78,0.4,0.013752,1,0,0
0.8,0.4,0.016729,1,0,0
0.82,0.4,0.016446,1,0,0
0.84,0.4,0.0063588,1,0,0
0.86,0.4,-0.0043516,1,0,0
0.88,0.4,-0.0096322,1,0,0
0.9,0.4,-0.017236,1,0,0
0.92,0.4,-0.031064,1,0,0
0.94,0.4,-0.034674,1,0,0
0.96,0.4,-0.042586,1,0,0
0.98,0.4,-0.046204,1,0,0
0.02,0.42,-0.059629,1,0,0
0.04,0.42,-0.075211,1,0,0
0.06,0.42,-0.079373,1,0,0
0.08,0.42,-0.063131,1,0,0
0.1,0.42,-0.047303,1,0,0
0.12,0.42,-0.042287,1,0,0
0.14,0.42,-0.041032,1,0,0
0.16,0.42,-0.04329,1,0,0
0.18,0.42,-0.059084,1,0,0
0.2,0.42,-0.059568,1,0,0
0.22,0.42,-0.066159,1,0,0
0.24,0.42,-0.077068,1,0,0
0.26,0.42,-0.081324,1,0,0
0.28,0.42,-0.082017,1,0,0
0.3,0.42,-0.075373,1,0,0
0.32,0.42,-0.073366,1,0,0
0.34,0.42,-0.073533,1,0,0
0.36,0.42,-0.074398,1,0,0
0.38,0.42,-0.059438,1,0,0
0.4,0.42,-0.060248,1,0,0
0.42,0.42,-0.044942,1,0,0
0.44,0.42,-0.034644,1,0,0
0.46,0.42,-0.033638,1,0,0
0.48,0.42,-0.041449,1,0,0
0.5,0.42,-0.034124,1,0,0
0.52,0.42,-0.026511,1,0,0
0.54,0.42,-0.0094633,1,0,0
0.56,0.42,-0.0082153,1,0,0
0.58,0.42,0.0079229,1,0,0
0.6,0.42,0.0023527,1,0,0
0.62,0.42,-0.0017917,1,0,0
0.64,0.42,-0.0062669,1,0,0
0.66,0.42,-0.010614,1,0,0
0.68,0.42,-0.026122,1,0,0
0.7,0.42,-0.022957,1,0,0
0.72,0.42,-0.0181,1,0,0
0.74,0.42,-0.0069154,1,0,0
0.76,0.42,0.0044169,1,0,0
0.78,0.42,0.0060388,1,0,0
0.8,0.42,0.0014858,1,0,0
0.82,0.42,0.010385,1,0,0
0.84,0.42,-0.01079,1,0,0
0.86,0.42,-0.020046,1,0,0
0.88,0.42,-0.018068,1,0,0
0.9,0.42,-0.02754,1,0,0
0.92,0.42,-0.04255,1,0,0
0.94,0.42,-0.044991,1,0,0
0.96,0.42,-0.046865,1,0,0
0.98,0.42,-0.0577,1,0,0
0.02,0.44,-0.070082,1,0,0
0.04,0.44,-0.075103,1,0,0
0.06,0.44,-0.075785,1,0,0
0.08,0.44,-0.065248,1,0,0
0.1,0.44,-0.064115,1,0,0
0.12,0.44,-0.064222,1,0,0
0.14,0.44,-0.054381,1,0,0
0.16,0.44,-0.05548,1,0,0
0.18,0.44,-0.057259,1,0,0
0.2,0.44,-0.064319,1,0,0
0.22,0.44,-0.070864,1,0,0
0.24,0.44,-0.076236,1,0,0
0.26,0.44,-0.069348,1,0,0
0.28,0.44,-0.073007,1,0,0
0.3,0.44,-0.071025,1,0,0
0.32,0.44,-0.075434,1,0,0
0.34,0.44,-0.071426,1,0,0
0.36,0.44,-0.063789,1,0,0
0.38,0.44,-0.057465,1,0,0
0.4,0.44,-0.050276,1,0,0
0.42,0.44,-0.036238,1,0,0
0.44,0.44,-0.017875,1,0,0
0.46,0.44,-0.0072373,1,0,0
0.48,0.44,-0.017361,1,0,0
0.5,0.44,-0.015359,1,0,0
0.52,0.44,-0.0088651,1,0,0
0.54,0.44,-0.00010964,1,0,0
0.56,0.44,0.0024066,1,0,0
0.58,0.44,0.0054789,1,0,0
0.6,0.44,-0.012609,1,0,0
0.62,0.44,-0.014156,1,0,0
0.64,0.44,-0.019995,1,0,0
0.66,0.44,-0.015499,1,0,0
0.68,0.44,-0.031646,1,0,0
0.7,0.44,-0.029943,1,0,0
0.72,0.44,-0.023931,1,0,0
0.74,0.44,-0.0092312,1,0,0
0.76,0.44,-0.00098315,1,0,0
0.78,0.44,0.00029956,1,0,0
0.8,0.44,-0.0048213,1,0,0
0.82,0.44,0.00084525,1,0,0
0.84,0.44,-0.01758,1,0,0
0.86,0.44,-0.035366,1,0,0
0.88,0.44,-0.03728,1,0,0
0.9,0.44,-0.046971,1,0,0
0.92,0.44,-0.050771,1,0,0
0.94,0.44,-0.042262,1,0,0
0.96,0.44,-0.045198,1,0,0
0.98,0.44,-0.054002,1,0,0
0.02,0.46,-0.058721,1,0,0
0.04,0.46,-0.06641,1,0,0
0.06,0.46,-0.06249,1,0,0
0.08,0.46,-0.065012,1,0,0
0.1,0.46,-0.074577,1,0,0
0.12,0.46,-0.068491,1,0,0
0.14,0.46,-0.074437,1,0,0
0.16,0.46,-0.06653,1,0,0
0.18,0.46,-0.058027,1,0,0
0.2,0.46,-0.056276,1,0,0
0.22,0.46,-0.064759,1,0,0
0.24,0.46,-0.070614,1,0,0
0.26,0.46,-0.056819,1,0,0
0.28,0.46,-0.060509,1,0,0
0.3,0.46,-0.068402,1,0,0
0.32,0.46,-0.067109,1,0,0
0.34,0.46,-0.066703,1,0,0
0.36,0.46,-0.057137,1,0,0
0.38,0.46,-0.039721,1,0,0
0.4,0.46,-0.036739,1,0,0
0.42,0.46,-0.020703,1,0,0
0.44,0.46,-0.012358,1,0,0
0.46,0.46,0.0099585,1,0,0
0.48,0.46,0.0085923,1,0,0
0.5,0.46,0.0049725,1,0,0
0.52,0.46,0.0046438,1,0,0
0.54,0.46,0.013263,1,0,0
0.56,0.46,0.011872,1,0,0
0.58,0.46,-0.001635,1,0,0
0.6,0.46,-0.0058629,1,0,0
0.62,0.46,-0.015832,1,0,0
0.64,0.46,-0.019646,1,0,0
0.66,0.46,-0.028612,1,0,0
0.68,0.46,-0.041775,1,0,0
0.7,0.46,-0.030678,1,0,0
0.72,0.46,-0.026769,1,0,0
0.74,0.46,-0.019486,1,0,0
0.76,0.46,-0.012439,1,0,0
0.78,0.46,-0.011894,1,0,0
0.8,0.46,-0.0059611,1,0,0
0.82,0.46,-0.0084604,1,0,0
0.84,0.46,-0.023154,1,0,0
0.86,0.46,-0.044411,1,0,0
0.88,0.46,-0.056691,1,0,0
0.9,0.46,-0.05468,1,0,0
0.92,0.46,-0.047359,1,0,0
0.94,0.46,-0.039852,1,0,0
0.96,0.46,-0.038176,1,0,0
0.98,0.46,-0.038921,1,0,0
0.02,0.48,-0.052012,1,0,0
0.04,0.48,-0.055106,1,0,0
0.06,0.48,-0.059867,1,0,0
0.08,0.48,-0.070194,1,0,0
0.1,0.48,-0.07172,1,0,0
0.12,0.48,-0.074826,1,0,0
0.14,0.48,-0.076981,1,0,0
0.16,0.48,-0.072305,1,0,0
0.18,0.48,-0.057434,1,0,0
0.2,0.48,-0.062178,1,0,0
0.22,0.48,-0.074224,1,0,0
0.24,0.48,-0.070213,1,0,0
0.26,0.48,-0.061043,1,0,0
0.28,0.48,-0.055287,1,0,0
0.3,0.48,-0.046192,1,0,0
0.32,0.48,-0.05444,1,0,0
0.34,0.48,-0.052329,1,0,0
0.36,0.48,-0.038695,1,0,0
0.38,0.48,-0.032218,1,0,0
0.4,0.48,-0.020978,1,0,0
0.42,0.48,-0.0087361,1,0,0
0.44,0.48,-0.002174,1,0,0
0.46,0.48,0.011404,1,0,0
0.48,0.48,0.0199,1,0,0
0.5,0.48,0.019361,1,0,0
0.52,0.48,0.015592,1,0,0
0.54,0.48,0.020962,1,0,0
0.56,0.48,0.019242,1,0,0
0.58,0.48,0.00067458,1,0,0
0.6,0.48,-0.013203,1,0,0
0.62,0.48,-0.011149,1,0,0
0.64,0.48,-0.022939,1,0,0
0.66,0.48,-0.037659,1,0,0
0.68,0.48,-0.031728,1,0,0
0.7,0.48,-0.022072,1,0,0
0.72,0.48,-0.013108,1,0,0
0.74,0.48,-0.027168,1,0,0
0.76,0.48,-0.024608,1,0,0
0.78,0.48,-0.029623,1,0,0
0.8,0.48,-0.024705,1,0,0
0.82,0.48,-0.022273,1,0,0
0.84,0.48,-0.028742,1,0,0
0.86,0.48,-0.05737,1,0,0
0.88,0.48,-0.06129,1,0,0
0.9,0.48,-0.05196,1,0,0
0.92,0.48,-0.034348,1,0,0
0.94,0.48,-0.036198,1,0,0
0.96,0.48,-0.035456,1,0,0
0.98,0.48,-0.030708,1,0,0
0.02,0.5,-0.039332,1,0,0
0.04,0.5,-0.052864,1,0,0
0.06,0.5,-0.048394,1,0,0
0.08,0.5,-0.067031,1,0,0
0.1,0.5,-0.07488,1,0,0
0.12,0.5,-0.079058,1,0,0
0.14,0.5,-0.077322,1,0,0
0.16,0.5,-0.072499,1,0,0
0.18,0.5,-0.059058,1,0,0
0.2,0.5,-0.068155,1,0,0
0.22,0.5,-0.074498,1,0,0
0.24,0.5,-0.066226,1,0,0
0.26,0.5,-0.049067,1,0,0
0.28,0.5,-0.038226,1,0,0
0.3,0.5,-0.030798,1,0,0
0.32,0.5,-0.036975,1,0,0
0.34,0.5,-0.034949,1,0,0
0.36,0.5,-0.025087,1,0,0
0.38,0.5,-0.017044,1,0,0
0.4,0.5,-0.01124,1,0,0
0.42,0.5,0.00019103,1,0,0
0.44,0.5,0.0089106,1,0,0
0.46,0.5,0.012254,1,0,0
0.48,0.5,0.020825,1,0,0
0.5,0.5,0.01223,1,0,0
0.52,0.5,0.014788,1,0,0
0.54,0.5,0.021929,1,0,0
0.56,0.5,0.01493,1,0,0
0.58,0.5,0.0075949,1,0,0
0.6,0.5,4.6295e-05,1,0,0
0.62,0.5,-0.016637,1,0,0
0.64,0.5,-0.02355,1,0,0
0.66,0.5,-0.026435,1,0,0
0.68,0.5,-0.02289,1,0,0
0.7,0.5,-0.020772,1,0,0
0.72,0.5,-0.0086164,1,0,0
0.74,0.5,-0.017638,1,0,0
0.76,0.5,-0.032886,1,0,0
0.78,0.5,-0.043246,1,0,0
0.8,0.5,-0.035688,1,0,0
0.82,0.5,-0.03412,1,0,0
0.84,0.5,-0.038912,1,0,0
0.86,0.5,-0.049097,1,0,0
0.88,0.5,-0.057868,1,0,0
0.9,0.5,-0.052193,1,0,0
0.92,0.5,-0.033257,1,0,0
0.94,0.5,-0.037571,1,0,0
0.96,0.5,-0.031597,1,0,0
0.98,0.5,-0.029581,1,0,0
0.02,0.52,-0.029791,1,0,0
0.04,0.52,-0.046892,1,0,0
0.06,0.52,-0.056301,1,0,0
0.08,0.52,-0.073039,1,0,0
0.1,0.52,-0.090615,1,0,0
0.12,0.52,-0.091634,1,0,0
0.14,0.52,-0.086612,1,0,0
0.16,0.52,-0.070602,1,0,0
0.18,0.52,-0.060069,1,0,0
0.2,0.52,-0.069387,1,0,0
0.22,0.52,-0.066406,1,0,0
0.24,0.52,-0.052721,1,0,0
0.26,0.52,-0.044186,1,0,0
0.28,0.52,-0.032661,1,0,0
0.3,0.52,-0.019547,1,0,0
0.32,0.52,-0.032124,1,0,0
0.34,0.52,-0.032391,1,0,0
0.36,0.52,-0.011208,1,0,0
0.38,0.52,-0.011936,1,0,0
0.4,0.52,-0.014912,1,0,0
0.42,0.52,0.0048413,1,0,0
0.44,0.52,0.0073695,1,0,0
0.46,0.52,0.011523,1,0,0
0.48,0.52,-0.0018396,1,0,0
0.5,0.52,-0.006257,1,0,0
0.52,0.52,-0.0035389,1,0,0
0.54,0.52,0.0058029,1,0,0
0.56,0.52,0.018353,1,0,0
0.58,0.52,0.0075199,1,0,0
0.6,0.52,-0.0021501,1,0,0
0.62,0.52,-0.018603,1,0,0
0.64,0.52,-0.025563,1,0,0
0.66,0.52,-0.021255,1,0,0
0.68,0.52,-0.025183,1,0,0
0.7,0.52,-0.026349,1,0,0
0.72,0.52,-0.019779,1,0,0
0.74,0.52,-0.017739,1,0,0
0.76,0.52,-0.032749,1,0,0
0.78,0.52,-0.044288,1,0,0
0.8,0.52,-0.041544,1,0,0
0.82,0.52,-0.037879,1,0,0
0.84,0.52,-0.040801,1,0,0
0.86,0.52,-0.049682,1,0,0
0.88,0.52,-0.058493,1,0,0
0.9,0.52,-0.062297,1,0,0
0.92,0.52,-0.063915,1,0,0
0.94,0.52,-0.053214,1,0,0
0.96,0.52,-0.038025,1,0,0
0.98,0.52,-0.032737,1,0,0
0.02,0.54,-0.022384,1,0,0
0.04,0.54,-0.042777,1,0,0
0.06,0.54,-0.060515,1,0,0
0.08,0.54,-0.078023,1,0,0
0.1,0.54,-0.085757,1,0,0
0.12,0.54,-0.078449,1,0,0
0.14,0.54,-0.076027,1,0,0
0.16,0.54,-0.068444,1,0,0
0.18,0.54,-0.049382,1,0,0
0.2,0.54,-0.050379,1,0,0
0.22,0.54,-0.044184,1,0,0
0.24,0.54,-0.043265,1,0,0
0.26,0.54,-0.037027,1,0,0
0.28,0.54,-0.026745,1,0,0
0.3,0.54,-0.0070854,1,0,0
0.32,0.54,-0.0081354,1,0,0
0.34,0.54,-0.013527,1,0,0
0.36,0.54,-0.0050621,1,0,0
0.38,0.54,-0.0044016,1,0,0
0.4,0.54,-0.0035368,1,0,0
0.42,0.54,0.0024967,1,0,0
0.44,0.54,0.0027093,1,0,0
0.46,0.54,0.002094,1,0,0
0.48,0.54,-0.0067676,1,0,0
0.5,0.54,-0.01182,1,0,0
0.52,0.54,-0.0047484,1,0,0
0.54,0.54,0.011769,1,0,0
0.56,0.54,0.0088556,1,0,0
0.58,0.54,0.0058968,1,0,0
0.6,0.54,-0.0057399,1,0,0
0.62,0.54,-0.012788,1,0,0
0.64,0.54,-0.022271,1,0,0
0.66,0.54,-0.011846,1,0,0
0.68,0.54,-0.015666,1,0,0
0.7,0.54,-0.0082038,1,0,0
0.72,0.54,-0.0077487,1,0,0
0.74,0.54,-0.011626,1,0,0
0.76,0.54,-0.029557,1,0,0
0.78,0.54,-0.036189,1,0,0
0.8,0.54,-0.03088,1,0,0
0.82,0.54,-0.032942,1,0,0
0.84,0.54,-0.038216,1,0,0
0.86,0.54,-0.042866,1,0,0
0.88,0.54,-0.055604,1,0,0
0.9,0.54,-0.062318,1,0,0
0.92,0.54,-0.070069,1,0,0
0.94,0.54,-0.06623,1,0,0
0.96,0.54,-0.051887,1,0,0
0.98,0.54,-0.034738,1,0,0
0.02,0.56,-0.014909,1,0,0
0.04,0.56,-0.028457,1,0,0
0.06,0.56,-0.049595,1,0,0
0.08,0.56,-0.069975,1,0,0
0.1,0.56,-0.070662,1,0,0
0.12,0.56,-0.063406,1,0,0
0.14,0.56,-0.062187,1,0,0
0.16,0.56,-0.058321,1,0,0
0.18,0.56,-0.043061,1,0,0
0.2,0.56,-0.030815,1,0,0
0.22,0.56,-0.033287,1,0,0
0.24,0.56,-0.029253,1,0,0
0.26,0.56,-0.02759,1,0,0
0.28,0.56,-0.023794,1,0,0
0.3,0.56,-0.0033809,1,0,0
0.32,0.56,0.0018461,1,0,0
0.34,0.56,0.0077752,1,0,0
0.36,0.56,-0.0024204,1,0,0
0.38,0.56,-0.0014529,1,0,0
0.4,0.56,-0.00020598,1,0,0
0.42,0.56,0.0014244,1,0,0
0.44,0.56,-0.008997,1,0,0
0.46,0.56,-0.013774,1,0,0
0.48,0.56,-0.017866,1,0,0
0.5,0.56,-0.023163,1,0,0
0.52,0.56,-0.014046,1,0,0
0.54,0.56,0.0049316,1,0,0
0.56,0.56,0.0033417,1,0,0
0.58,0.56,-0.00033157,1,0,0
0.6,0.56,-0.0095841,1,0,0
0.62,0.56,-0.0083245,1,0,0
0.64,0.56,-0.011801,1,0,0
0.66,0.56,-0.0064392,1,0,0
0.68,0.56,-0.0048489,1,0,0
0.7,0.56,-0.0018819,1,0,0
0.72,0.56,-0.010119,1,0,0
0.74,0.56,-0.020408,1,0,0
0.76,0.56,-0.030721,1,0,0
0.78,0.56,-0.02634,1,0,0
0.8,0.56,-0.037143,1,0,0
0.82,0.56,-0.026672,1,0,0
0.84,0.56,-0.034732,1,0,0
0.86,0.56,-0.040052,1,0,0
0.88,0.56,-0.058111,1,0,0
0.9,0.56,-0.067208,1,0,0
0.92,0.56,-0.070278,1,0,0
0.94,0.56,-0.070805,1,0,0
0.96,0.56,-0.054743,1,0,0
0.98,0.56,-0.037846,1,0,0
0.02,0.58,-0.0074488,1,0,0
0.04,0.58,-0.014162,1,0,0
0.06,0.58,-0.030846,1,0,0
0.08,0.58,-0.047966,1,0,0
0.1,0.58,-0.058275,1,0,0
0.12,0.58,-0.05514,1,0,0
0.14,0.58,-0.053874,1,0,0
0.16,0.58,-0.045627,1,0,0
0.18,0.58,-0.034149,1,0,0
0.2,0.58,-0.025947,1,0,0
0.22,0.58,-0.023607,1,0,0
0.24,0.58,-0.022392,1,0,0
0.26,0.58,-0.017718,1,0,0
0.28,0.58,-0.013422,1,0,0
0.3,0.58,-0.0048112,1,0,0
0.32,0.58,0.0036324,1,0,0
0.34,0.58,0.007777,1,0,0
0.36,0.58,0.0030115,1,0,0
0.38,0.58,-0.00081162,1,0,0
0.4,0.58,-0.00056288,1,0,0
0.42,0.58,0.0016971,1,0,0
0.44,0.58,-0.017129,1,0,0
0.46,0.58,-0.023536,1,0,0
0.48,0.58,-0.03534,1,0,0
0.5,0.58,-0.035475,1,0,0
0.52,0.58,-0.032434,1,0,0
0.54,0.58,-0.014091,1,0,0
0.56,0.58,0.0007735,1,0,0
0.58,0.58,0.0048896,1,0,0
0.6,0.58,0.00040084,1,0,0
0.62,0.58,0.00089816,1,0,0
0.64,0.58,0.0016127,1,0,0
0.66,0.58,0.0021616,1,0,0
0.68,0.58,-0.0022796,1,0,0
0.7,0.58,-0.0063327,1,0,0
0.72,0.58,-0.025655,1,0,0
0.74,0.58,-0.037498,1,0,0
0.76,0.58,-0.030628,1,0,0
0.78,0.58,-0.033423,1,0,0
0.8,0.58,-0.037639,1,0,0
0.82,0.58,-0.030843,1,0,0
0.84,0.58,-0.028042,1,0,0
0.86,0.58,-0.0426,1,0,0
0.88,0.58,-0.057533,1,0,0
0.9,0.58,-0.069144,1,0,0
0.92,0.58,-0.076201,1,0,0
0.94,0.58,-0.065904,1,0,0
0.96,0.58,-0.050487,1,0,0
0.98,0.58,-0.040323,1,0,0
0.02,0.6,-0.007599,1,0,0
0.04,0.6,-0.011812,1,0,0
0.06,0.6,-0.017908,1,0,0
0.08,0.6,-0.029201,1,0,0
0.1,0.6,-0.038688,1,0,0
0.12,0.6,-0.033959,1,0,0
0.14,0.6,-0.021748,1,0,0
0.16,0.6,-0.026055,1,0,0
0.18,0.6,-0.024807,1,0,0
0.2,0.6,-0.022996,1,0,0
0.22,0.6,-0.017561,1,0,0
0.24,0.6,-0.024519,1,0,0
0.26,0.6,-0.0079829,1,0,0
0.28,0.6,-0.00027414,1,0,0
0.3,0.6,0.003219,1,0,0
0.32,0.6,0.011113,1,0,0
0.34,0.6,0.0038747,1,0,0
0.36,0.6,-0.00075687,1,0,0
0.38,0.6,-0.0042507,1,0,0
0.4,0.6,-0.005909,1,0,0
0.42,0.6,-0.012105,1,0,0
0.44,0.6,-0.020393,1,0,0
0.46,0.6,-0.024585,1,0,0
0.48,0.6,-0.03618,1,0,0
0.5,0.6,-0.039309,1,0,0
0.52,0.6,-0.032173,1,0,0
0.54,0.6,-0.021602,1,0,0
0.56,0.6,-0.0088598,1,0,0
0.58,0.6,0.0036374,1,0,0
0.6,0.6,0.0060032,1,0,0
0.62,0.6,-0.0063612,1,0,0
0.64,0.6,-0.0041273,1,0,0
0.66,0.6,0.0008499,1,0,0
0.68,0.6,-0.0082432,1,0,0
0.7,0.6,-0.011437,1,0,0
0.72,0.6,-0.020819,1,0,0
0.74,0.6,-0.036344,1,0,0
0.76,0.6,-0.036201,1,0,0
0.78,0.6,-0.046808,1,0,0
0.8,0.6,-0.044025,1,0,0
0.82,0.6,-0.04549,1,0,0
0.84,0.6,-0.040368,1,0,0
0.86,0.6,-0.046232,1,0,0
0.88,0.6,-0.047464,1,0,0
0.9,0.6,-0.064027,1,0,0
0.92,0.6,-0.072358,1,0,0
0.94,0.6,-0.058498,1,0,0
0.96,0.6,-0.051207,1,0,0
0.98,0.6,-0.052082,1,0,0
0.02,0.62,0.0050132,1,0,0
0.04,0.62,-0.00061137,1,0,0
0.06,0.62,-0.010171,1,0,0
0.08,0.62,-0.0154,1,0,0
0.1,0.62,-0.0085261,1,0,0
0.12,0.62,-0.010859,1,0,0
0.14,0.62,0.0023659,1,0,0
0.16,0.62,0.0010741,1,0,0
0.18,0.62,-0.0078108,1,0,0
0.2,0.62,-0.0043256,1,0,0
0.22,0.62,-0.00057976,1,0,0
0.24,0.62,0.00018598,1,0,0
0.26,0.62,0.0035611,1,0,0
0.28,0.62,0.019367,1,0,0
0.3,0.62,0.035008,1,0,0
0.32,0.62,0.018111,1,0,0
0.34,0.62,0.0019389,1,0,0
0.36,0.62,-0.0096825,1,0,0
0.38,0.62,-0.0037377,1,0,0
0.4,0.62,-0.0017417,1,0,0
0.42,0.62,-0.0030392,1,0,0
0.44,0.62,-0.0069743,1,0,0
0.46,0.62,-0.016964,1,0,0
0.48,0.62,-0.024053,1,0,0
0.5,0.62,-0.026135,1,0,0
0.52,0.62,-0.020946,1,0,0
0.54,0.62,-0.023412,1,0,0
0.56,0.62,-0.0098907,1,0,0
0.58,0.62,0.0054253,1,0,0
0.6,0.62,0.010862,1,0,0
0.62,0.62,0.0002162,1,0,0
0.64,0.62,-0.0051862,1,0,0
0.66,0.62,-0.014701,1,0,0
0.68,0.62,-0.0081381,1,0,0
0.7,0.62,-0.0065359,1,0,0
0.72,0.62,-0.0093136,1,0,0
0.74,0.62,-0.031123,1,0,0
0.76,0.62,-0.037291,1,0,0
0.78,0.62,-0.040669,1,0,0
0.8,0.62,-0.043682,1,0,0
0.82,0.62,-0.032607,1,0,0
0.84,0.62,-0.044046,1,0,0
0.86,0.62,-0.05371,1,0,0
0.88,0.62,-0.043014,1,0,0
0.9,0.62,-0.051805,1,0,0
0.92,0.62,-0.05991,1,0,0
0.94,0.62,-0.057784,1,0,0
0.96,0.62,-0.047283,1,0,0
0.98,0.62,-0.06058,1,0,0
0.02,0.64,0.00068979,1,0,0
0.04,0.64,-0.00014819,1,0,0
0.06,0.64,-0.0033365,1,0,0
0.08,0.64,-0.0065603,1,0,0
0.1,0.64,-0.0037303,1,0,0
0.12,0.64,-0.0013274,1,0,0
0.14,0.64,0.0076385,1,0,0
0.16,0.64,0.009284,1,0,0
0.18,0.64,0.0055497,1,0,0
0.2,0.64,0.0062867,1,0,0
0.22,0.64,0.014545,1,0,0
0.24,0.64,0.017594,1,0,0
0.26,0.64,0.029892,1,0,0
0.28,0.64,0.034534,1,0,0
0.3,0.64,0.03422,1,0,0
0.32,0.64,0.025112,1,0,0
0.34,0.64,0.0032831,1,0,0
0.36,0.64,-0.010545,1,0,0
0.38,0.64,-0.0016748,1,0,0
0.4,0.64,0.0036621,1,0,0
0.42,0.64,0.0016274,1,0,0
0.44,0.64,-0.0038333,1,0,0
0.46,0.64,-0.0098564,1,0,0
0.48,0.64,-0.015992,1,0,0
0.5,0.64,-0.025165,1,0,0
0.52,0.64,-0.027222,1,0,0
0.54,0.64,-0.020749,1,0,0
0.56,0.64,-0.020354,1,0,0
0.58,0.64,0.0028457,1,0,0
0.6,0.64,0.013201,1,0,0
0.62,0.64,-0.00034205,1,0,0
0.64,0.64,-0.012148,1,0,0
0.66,0.64,-0.015729,1,0,0
0.68,0.64,-0.021493,1,0,0
0.7,0.64,-0.018154,1,0,0
0.72,0.64,-0.020122,1,0,0
0.74,0.64,-0.034458,1,0,0
0.76,0.64,-0.033478,1,0,0
0.78,0.64,-0.038222,1,0,0
0.8,0.64,-0.036039,1,0,0
0.82,0.64,-0.037147,1,0,0
0.84,0.64,-0.041185,1,0,0
0.86,0.64,-0.053875,1,0,0
0.88,0.64,-0.054058,1,0,0
0.9,0.64,-0.060631,1,0,0
0.92,0.64,-0.060573,1,0,0
0.94,0.64,-0.058078,1,0,0
0.96,0.64,-0.056519,1,0,0
0.98,0.64,-0.061442,1,0,0
0.02,0.66,-0.011495,1,0,0
0.04,0.66,0.004148,1,0,0
0.06,0.66,0.0064531,1,0,0
0.08,0.66,0.0082168,1,0,0
0.1,0.66,0.003454,1,0,0
0.12,0.66,0.010073,1,0,0
0.14,0.66,0.011913,1,0,0
0.16,0.66,0.015514,1,0,0
0.18,0.66,0.020472,1,0,0
0.2,0.66,0.016248,1,0,0
0.22,0.66,0.020885,1,0,0
0.24,0.66,0.029472,1,0,0
0.26,0.66,0.044259,1,0,0
0.28,0.66,0.046288,1,0,0
0.3,0.66,0.04633,1,0,0
0.32,0.66,0.03409,1,0,0
0.34,0.66,0.022031,1,0,0
0.36,0.66,0.012908,1,0,0
0.38,0.66,0.0039541,1,0,0
0.4,0.66,0.0048611,1,0,0
0.42,0.66,0.0072249,1,0,0
0.44,0.66,-0.0083142,1,0,0
0.46,0.66,-0.004334,1,0,0
0.48,0.66,-0.015091,1,0,0
0.5,0.66,-0.022144,1,0,0
0.52,0.66,-0.032103,1,0,0
0.54,0.66,-0.028487,1,0,0
0.56,0.66,-0.017822,1,0,0
0.58,0.66,-0.011114,1,0,0
0.6,0.66,-0.0075909,1,0,0
0.62,0.66,-0.0074541,1,0,0
0.64,0.66,-0.01446,1,0,0
0.66,0.66,-0.0089492,1,0,0
0.68,0.66,-0.019045,1,0,0
0.7,0.66,-0.018623,1,0,0
0.72,0.66,-0.033284,1,0,0
0.74,0.66,-0.040764,1,0,0
0.76,0.66,-0.040051,1,0,0
0.78,0.66,-0.037396,1,0,0
0.8,0.66,-0.045717,1,0,0
0.82,0.66,-0.045997,1,0,0
0.84,0.66,-0.040826,1,0,0
0.86,0.66,-0.051617,1,0,0
0.88,0.66,-0.059249,1,0,0
0.9,0.66,-0.05891,1,0,0
0.92,0.66,-0.058578,1,0,0
0.94,0.66,-0.054437,1,0,0
0.96,0.66,-0.059655,1,0,0
0.98,0.66,-0.063153,1,0,0
0.02,0.68,-0.027987,1,0,0
0.04,0.68,-0.011281,1,0,0
0.06,0.68,-0.0026762,1,0,0
0.08,0.68,-0.0025749,1,0,0
0.1,0.68,0.003545,1,0,0
0.12,0.68,0.014979,1,0,0
0.14,0.68,0.0063674,1,0,0
0.16,0.68,0.0070498,1,0,0
0.18,0.68,0.011786,1,0,0
0.2,0.68,0.021389,1,0,0
0.22,0.68,0.024751,1,0,0
0.24,0.68,0.030001,1,0,0
0.26,0.68,0.033825,1,0,0
0.28,0.68,0.039169,1,0,0
0.3,0.68,0.043372,1,0,0
0.32,0.68,0.034707,1,0,0
0.34,0.68,0.032408,1,0,0
0.36,0.68,0.021996,1,0,0
0.38,0.68,0.015403,1,0,0
0.4,0.68,-0.0006456,1,0,0
0.42,0.68,0.0025647,1,0,0
0.44,0.68,-0.015645,1,0,0
0.46,0.68,-0.021863,1,0,0
0.48,0.68,-0.024924,1,0,0
0.5,0.68,-0.033908,1,0,0
0.52,0.68,-0.047405,1,0,0
0.54,0.68,-0.034295,1,0,0
0.56,0.68,-0.038252,1,0,0
0.58,0.68,-0.031029,1,0,0
0.6,0.68,-0.025428,1,0,0
0.62,0.68,-0.018914,1,0,0
0.64,0.68,-0.017081,1,0,0
0.66,0.68,-0.016516,1,0,0
0.68,0.68,-0.030136,1,0,0
0.7,0.68,-0.034888,1,0,0
0.72,0.68,-0.047855,1,0,0
0.74,0.68,-0.054827,1,0,0
0.76,0.68,-0.059632,1,0,0
0.78,0.68,-0.052432,1,0,0
0.8,0.68,-0.057594,1,0,0
0.82,0.68,-0.054481,1,0,0
0.84,0.68,-0.057935,1,0,0
0.86,0.68,-0.059381,1,0,0
0.88,0.68,-0.066924,1,0,0
0.9,0.68,-0.064423,1,0,0
0.92,0.68,-0.066811,1,0,0
0.94,0.68,-0.071609,1,0,0
0.96,0.68,-0.067989,1,0,0
0.98,0.68,-0.072994,1,0,0
0.02,0.7,-0.029428,1,0,0
0.04,0.7,-0.018116,1,0,0
0.06,0.7,-0.011403,1,0,0
0.08,0.7,-0.010334,1,0,0
0.1,0.7,-0.0027034,1,0,0
0.12,0.7,0.0061784,1,0,0
0.14,0.7,0.0027876,1,0,0
0.16,0.7,-0.0019219,1,0,0
0.18,0.7,0.01639,1,0,0
0.2,0.7,0.031016,1,0,0
0.22,0.7,0.036168,1,0,0
0.24,0.7,0.041409,1,0,0
0.26,0.7,0.033836,1,0,0
0.28,0.7,0.034766,1,0,0
0.3,0.7,0.044487,1,0,0
0.32,0.7,0.030453,1,0,0
0.34,0.7,0.026114,1,0,0
0.36,0.7,0.019439,1,0,0
0.38,0.7,0.0071871,1,0,0
0.4,0.7,0.0043838,1,0,0
0.42,0.7,0.0010132,1,0,0
0.44,0.7,-0.015608,1,0,0
0.46,0.7,-0.025264,1,0,0
0.48,0.7,-0.041808,1,0,0
0.5,0.7,-0.053576,1,0,0
0.52,0.7,-0.056838,1,0,0
0.54,0.7,-0.041488,1,0,0
0.56,0.7,-0.048234,1,0,0
0.58,0.7,-0.037505,1,0,0
0.6,0.7,-0.034252,1,0,0
0.62,0.7,-0.020961,1,0,0
0.64,0.7,-0.025985,1,0,0
0.66,0.7,-0.023949,1,0,0
0.68,0.7,-0.040502,1,0,0
0.7,0.7,-0.061145,1,0,0
0.72,0.7,-0.064247,1,0,0
0.74,0.7,-0.07415,1,0,0
0.76,0.7,-0.079459,1,0,0
0.78,0.7,-0.066405,1,0,0
0.8,0.7,-0.055289,1,0,0
0.82,0.7,-0.055792,1,0,0
0.84,0.7,-0.059935,1,0,0
0.86,0.7,-0.066294,1,0,0
0.88,0.7,-0.069915,1,0,0
0.9,0.7,-0.071938,1,0,0
0.92,0.7,-0.073817,1,0,0
0.94,0.7,-0.080843,1,0,0
0.96,0.7,-0.080922,1,0,0
0.98,0.7,-0.074708,1,0,0
0.02,0.72,-0.024556,1,0,0
0.04,0.72,-0.030418,1,0,0
0.06,0.72,-0.020665,1,0,0
0.08,0.72,-0.0084266,1,0,0
0.1,0.72,0.0047255,1,0,0
0.12,0.72,0.008889,1,0,0
0.14,0.72,0.005979,1,0,0
0.16,0.72,0.019002,1,0,0
0.18,0.72,0.034415,1,0,0
0.2,0.72,0.03095,1,0,0
0.22,0.72,0.047303,1,0,0
0.24,0.72,0.052537,1,0,0
0.26,0.72,0.045485,1,0,0
0.28,0.72,0.038923,1,0,0
0.3,0.72,0.043254,1,0,0
0.32,0.72,0.031412,1,0,0
0.34,0.72,0.020006,1,0,0
0.36,0.72,0.022421,1,0,0
0.38,0.72,0.010142,1,0,0
0.4,0.72,-0.0088105,1,0,0
0.42,0.72,-0.0065996,1,0,0
0.44,0.72,-0.015501,1,0,0
0.46,0.72,-0.025079,1,0,0
0.48,0.72,-0.036442,1,0,0
0.5,0.72,-0.049596,1,0,0
0.52,0.72,-0.050475,1,0,0
0.54,0.72,-0.041802,1,0,0
0.56,0.72,-0.038336,1,0,0
0.58,0.72,-0.044248,1,0,0
0.6,0.72,-0.033937,1,0,0
0.62,0.72,-0.03582,1,0,0
0.64,0.72,-0.029534,1,0,0
0.66,0.72,-0.031164,1,0,0
0.68,0.72,-0.047745,1,0,0
0.7,0.72,-0.061366,1,0,0
0.72,0.72,-0.072813,1,0,0
0.74,0.72,-0.069328,1,0,0
0.76,0.72,-0.07252,1,0,0
0.78,0.72,-0.075104,1,0,0
0.8,0.72,-0.068647,1,0,0
0.82,0.72,-0.061387,1,0,0
0.84,0.72,-0.056007,1,0,0
0.86,0.72,-0.055964,1,0,0
0.88,0.72,-0.059694,1,0,0
0.9,0.72,-0.058293,1,0,0
0.92,0.72,-0.071522,1,0,0
0.94,0.72,-0.080097,1,0,0
0.96,0.72,-0.07647,1,0,0
0.98,0.72,-0.077045,1,0,0
0.02,0.74,-0.024317,1,0,0
0.04,0.74,-0.027054,1,0,0
0.06,0.74,-0.0090018,1,0,0
0.08,0.74,-0.0017392,1,0,0
0.1,0.74,0.0023411,1,0,0
0.12,0.74,0.0058379,1,0,0
0.14,0.74,0.017104,1,0,0
0.16,0.74,0.026696,1,0,0
0.18,0.74,0.050382,1,0,0
0.2,0.74,0.047785,1,0,0
0.22,0.74,0.048598,1,0,0
0.24,0.74,0.055907,1,0,0
0.26,0.74,0.056665,1,0,0
0.28,0.74,0.045996,1,0,0
0.3,0.74,0.041685,1,0,0
0.32,0.74,0.027907,1,0,0
0.34,0.74,0.021186,1,0,0
0.36,0.74,0.018979,1,0,0
0.38,0.74,0.0050541,1,0,0
0.4,0.74,-0.0063513,1,0,0
0.42,0.74,-0.01632,1,0,0
0.44,0.74,-0.018857,1,0,0
0.46,0.74,-0.019322,1,0,0
0.48,0.74,-0.034711,1,0,0
0.5,0.74,-0.051752,1,0,0
0.52,0.74,-0.04359,1,0,0
0.54,0.74,-0.036839,1,0,0
0.56,0.74,-0.032274,1,0,0
0.58,0.74,-0.038002,1,0,0
0.6,0.74,-0.035811,1,0,0
0.62,0.74,-0.037576,1,0,0
0.64,0.74,-0.029565,1,0,0
0.66,0.74,-0.026945,1,0,0
0.68,0.74,-0.039308,1,0,0
0.7,0.74,-0.060839,1,0,0
0.72,0.74,-0.065012,1,0,0
0.74,0.74,-0.067725,1,0,0
0.76,0.74,-0.075621,1,0,0
0.78,0.74,-0.078258,1,0,0
0.8,0.74,-0.068132,1,0,0
0.82,0.74,-0.06102,1,0,0
0.84,0.74,-0.048047,1,0,0
0.86,0.74,-0.045687,1,0,0
0.88,0.74,-0.046144,1,0,0
0.9,0.74,-0.050436,1,0,0
0.92,0.74,-0.0515,1,0,0
0.94,0.74,-0.06099,1,0,0
0.96,0.74,-0.067897,1,0,0
0.98,0.74,-0.065031,1,0,0
0.02,0.76,-0.018358,1,0,0
0.04,0.76,-0.010815,1,0,0
0.06,0.76,0.0019019,1,0,0
0.08,0.76,0.0013843,1,0,0
0.1,0.76,0.005508,1,0,0
0.12,0.76,0.0020307,1,0,0
0.14,0.76,0.0064909,1,0,0
0.16,0.76,0.011092,1,0,0
0.18,0.76,0.038014,1,0,0
0.2,0.76,0.055138,1,0,0
0.22,0.76,0.058099,1,0,0
0.24,0.76,0.058694,1,0,0
0.26,0.76,0.058168,1,0,0
0.28,0.76,0.050507,1,0,0
0.3,0.76,0.039604,1,0,0
0.32,0.76,0.018836,1,0,0
0.34,0.76,0.014116,1,0,0
0.36,0.76,0.01134,1,0,0
0.38,0.76,0.0022362,1,0,0
0.4,0.76,-0.013648,1,0,0
0.42,0.76,-0.027844,1,0,0
0.44,0.76,-0.033989,1,0,0
0.46,0.76,-0.044137,1,0,0
0.48,0.76,-0.041889,1,0,0
0.5,0.76,-0.049223,1,0,0
0.52,0.76,-0.051772,1,0,0
0.54,0.76,-0.045304,1,0,0
0.56,0.76,-0.045667,1,0,0
0.58,0.76,-0.042318,1,0,0
0.6,0.76,-0.040929,1,0,0
0.62,0.76,-0.026247,1,0,0
0.64,0.76,-0.019267,1,0,0
0.66,0.76,-0.035113,1,0,0
0.68,0.76,-0.045564,1,0,0
0.7,0.76,-0.05337,1,0,0
0.72,0.76,-0.06055,1,0,0
0.74,0.76,-0.079209,1,0,0
0.76,0.76,-0.084281,1,0,0
0.78,0.76,-0.085195,1,0,0
0.8,0.76,-0.070387,1,0,0
0.82,0.76,-0.052118,1,0,0
0.84,0.76,-0.04572,1,0,0
0.86,0.76,-0.051292,1,0,0
0.88,0.76,-0.041868,1,0,0
0.9,0.76,-0.036639,1,0,0
0.92,0.76,-0.033407,1,0,0
0.94,0.76,-0.044024,1,0,0
0.96,0.76,-0.049574,1,0,0
0.98,0.76,-0.048742,1,0,0
0.02,0.78,-0.010122,1,0,0
0.04,0.78,0.0031048,1,0,0
0.06,0.78,0.015679,1,0,0
0.08,0.78,0.014205,1,0,0
0.1,0.78,-0.00087948,1,0,0
0.12,0.78,-0.0037703,1,0,0
0.14,0.78,-0.0043899,1,0,0
0.16,0.78,0.0065908,1,0,0
0.18,0.78,0.034032,1,0,0
0.2,0.78,0.056412,1,0,0
0.22,0.78,0.059818,1,0,0
0.24,0.78,0.060168,1,0,0
0.26,0.78,0.068769,1,0,0
0.28,0.78,0.061797,1,0,0
0.3,0.78,0.046558,1,0,0
0.32,0.78,0.027603,1,0,0
0.34,0.78,0.01944,1,0,0
0.36,0.78,0.0082747,1,0,0
0.38,0.78,-0.00052671,1,0,0
0.4,0.78,-0.020682,1,0,0
0.42,0.78,-0.034915,1,0,0
0.44,0.78,-0.047863,1,0,0
0.46,0.78,-0.044205,1,0,0
0.48,0.78,-0.046742,1,0,0
0.5,0.78,-0.044506,1,0,0
0.52,0.78,-0.04445,1,0,0
0.54,0.78,-0.045,1,0,0
0.56,0.78,-0.044719,1,0,0
0.58,0.78,-0.048195,1,0,0
0.6,0.78,-0.043624,1,0,0
0.62,0.78,-0.028732,1,0,0
0.64,0.78,-0.013176,1,0,0
0.66,0.78,-0.017763,1,0,0
0.68,0.78,-0.027402,1,0,0
0.7,0.78,-0.02759,1,0,0
0.72,0.78,-0.047627,1,0,0
0.74,0.78,-0.066668,1,0,0
0.76,0.78,-0.08013,1,0,0
0.78,0.78,-0.076507,1,0,0
0.8,0.78,-0.062433,1,0,0
0.82,0.78,-0.038976,1,0,0
0.84,0.78,-0.038217,1,0,0
0.86,0.78,-0.041539,1,0,0
0.88,0.78,-0.034399,1,0,0
0.9,0.78,-0.016685,1,0,0
0.92,0.78,-0.0087315,1,0,0
0.94,0.78,-0.0092046,1,0,0
0.96,0.78,-0.024384,1,0,0
0.98,0.78,-0.034878,1,0,0
0.02,0.8,-0.01132,1,0,0
0.04,0.8,-0.0021876,1,0,0
0.06,0.8,0.0039297,1,0,0
0.08,0.8,0.013105,1,0,0
0.1,0.8,-0.0058456,1,0,0
0.12,0.8,-0.016277,1,0,0
0.14,0.8,-0.010464,1,0,0
0.16,0.8,0.0056631,1,0,0
0.18,0.8,0.031144,1,0,0
0.2,0.8,0.048993,1,0,0
0.22,0.8,0.058671,1,0,0
0.24,0.8,0.066187,1,0,0
0.26,0.8,0.078011,1,0,0
0.28,0.8,0.064643,1,0,0
0.3,0.8,0.043394,1,0,0
0.32,0.8,0.029892,1,0,0
0.34,0.8,0.016686,1,0,0
0.36,0.8,0.0074681,1,0,0
0.38,0.8,-0.0044353,1,0,0
0.4,0.8,-0.029362,1,0,0
0.42,0.8,-0.048007,1,0,0
0.44,0.8,-0.055347,1,0,0
0.46,0.8,-0.041565,1,0,0
0.48,0.8,-0.045382,1,0,0
0.5,0.8,-0.038857,1,0,0
0.52,0.8,-0.046384,1,0,0
0.54,0.8,-0.04598,1,0,0
0.56,0.8,-0.053505,1,0,0
0.58,0.8,-0.050273,1,0,0
0.6,0.8,-0.049931,1,0,0
0.62,0.8,-0.032379,1,0,0
0.64,0.8,-0.01988,1,0,0
0.66,0.8,-0.0095911,1,0,0
0.68,0.8,-0.018837,1,0,0
0.7,0.8,-0.016969,1,0,0
0.72,0.8,-0.034229,1,0,0
0.74,0.8,-0.044268,1,0,0
0.76,0.8,-0.050519,1,0,0
0.78,0.8,-0.059122,1,0,0
0.8,0.8,-0.053582,1,0,0
0.82,0.8,-0.035251,1,0,0
0.84,0.8,-0.027606,1,0,0
0.86,0.8,-0.030629,1,0,0
0.88,0.8,-0.019244,1,0,0
0.9,0.8,-0.0078881,1,0,0
0.92,0.8,-0.0020257,1,0,0
0.94,0.8,0.0085449,1,0,0
0.96,0.8,-0.010747,1,0,0
0.98,0.8,-0.018498,1,0,0
0.02,0.82,-0.0056987,1,0,0
0.04,0.82,-0.0025903,1,0,0
0.06,0.82,-0.0053466,1,0,0
0.08,0.82,-0.0048131,1,0,0
0.1,0.82,-0.016075,1,0,0
0.12,0.82,-0.031735,1,0,0
0.14,0.82,-0.023375,1,0,0
0.16,0.82,-0.0023286,1,0,0
0.18,0.82,0.017059,1,0,0
0.2,0.82,0.039098,1,0,0
0.22,0.82,0.056307,1,0,0
0.24,0.82,0.072236,1,0,0
0.26,0.82,0.07426,1,0,0
0.28,0.82,0.066095,1,0,0
0.3,0.82,0.052448,1,0,0
0.32,0.82,0.027192,1,0,0
0.34,0.82,0.0057881,1,0,0
0.36,0.82,-0.013421,1,0,0
0.38,0.82,-0.017365,1,0,0
0.4,0.82,-0.03924,1,0,0
0.42,0.82,-0.044445,1,0,0
0.44,0.82,-0.040014,1,0,0
0.46,0.82,-0.040343,1,0,0
0.48,0.82,-0.048711,1,0,0
0.5,0.82,-0.051127,1,0,0
0.52,0.82,-0.056379,1,0,0
0.54,0.82,-0.04889,1,0,0
0.56,0.82,-0.055271,1,0,0
0.58,0.82,-0.046582,1,0,0
0.6,0.82,-0.048111,1,0,0
0.62,0.82,-0.034215,1,0,0
0.64,0.82,-0.020186,1,0,0
0.66,0.82,-0.012515,1,0,0
0.68,0.82,-0.013917,1,0,0
0.7,0.82,-0.016081,1,0,0
0.72,0.82,-0.028452,1,0,0
0.74,0.82,-0.031342,1,0,0
0.76,0.82,-0.033861,1,0,0
0.78,0.82,-0.037872,1,0,0
0.8,0.82,-0.038152,1,0,0
0.82,0.82,-0.017165,1,0,0
0.84,0.82,-0.02198,1,0,0
0.86,0.82,-0.023561,1,0,0
0.88,0.82,-0.0083586,1,0,0
0.9,0.82,-0.00016952,1,0,0
0.92,0.82,0.0038667,1,0,0
0.94,0.82,0.01223,1,0,0
0.96,0.82,0.0083902,1,0,0
0.98,0.82,-0.0093254,1,0,0
0.02,0.84,-0.013214,1,0,0
0.04,0.84,-0.019583,1,0,0
0.06,0.84,-0.025693,1,0,0
0.08,0.84,-0.027467,1,0,0
0.1,0.84,-0.026232,1,0,0
0.12,0.84,-0.023285,1,0,0
0.14,0.84,-0.021075,1,0,0
0.16,0.84,-0.024939,1,0,0
0.18,0.84,-0.0067162,1,0,0
0.2,0.84,0.023157,1,0,0
0.22,0.84,0.041812,1,0,0
0.24,0.84,0.052512,1,0,0
0.26,0.84,0.058124,1,0,0
0.28,0.84,0.05209,1,0,0
0.3,0.84,0.047709,1,0,0
0.32,0.84,0.024077,1,0,0
0.34,0.84,-0.0013741,1,0,0
0.36,0.84,-0.025597,1,0,0
0.38,0.84,-0.03218,1,0,0
0.4,0.84,-0.039052,1,0,0
0.42,0.84,-0.04281,1,0,0
0.44,0.84,-0.042374,1,0,0
0.46,0.84,-0.042194,1,0,0
0.48,0.84,-0.052188,1,0,0
0.5,0.84,-0.059309,1,0,0
0.52,0.84,-0.056717,1,0,0
0.54,0.84,-0.056721,1,0,0
0.56,0.84,-0.058521,1,0,0
0.58,0.84,-0.049976,1,0,0
0.6,0.84,-0.036393,1,0,0
0.62,0.84,-0.030407,1,0,0
0.64,0.84,-0.02296,1,0,0
0.66,0.84,-0.015785,1,0,0
0.68,0.84,-0.020784,1,0,0
0.7,0.84,-0.020875,1,0,0
0.72,0.84,-0.017045,1,0,0
0.74,0.84,-0.02306,1,0,0
0.76,0.84,-0.033297,1,0,0
0.78,0.84,-0.029858,1,0,0
0.8,0.84,-0.02889,1,0,0
0.82,0.84,-0.020733,1,0,0
0.84,0.84,-0.021823,1,0,0
0.86,0.84,-0.012089,1,0,0
0.88,0.84,0.00937,1,0,0
0.9,0.84,0.013565,1,0,0
0.92,0.84,0.014193,1,0,0
0.94,0.84,0.015228,1,0,0
0.96,0.84,0.0089029,1,0,0
0.98,0.84,3.2671e-05,1,0,0
0.02,0.86,-0.028403,1,0,0
0.04,0.86,-0.028178,1,0,0
0.06,0.86,-0.032556,1,0,0
0.08,0.86,-0.039876,1,0,0
0.1,0.86,-0.034659,1,0,0
0.12,0.86,-0.022958,1,0,0
0.14,0.86,-0.024758,1,0,0
0.16,0.86,-0.02457,1,0,0
0.18,0.86,-0.0098459,1,0,0
0.2,0.86,-0.0012683,1,0,0
0.22,0.86,0.019007,1,0,0
0.24,0.86,0.021864,1,0,0
0.26,0.86,0.029562,1,0,0
0.28,0.86,0.031453,1,0,0
0.3,0.86,0.02894,1,0,0
0.32,0.86,0.016519,1,0,0
0.34,0.86,-0.0092974,1,0,0
0.36,0.86,-0.024317,1,0,0
0.38,0.86,-0.040577,1,0,0
0.4,0.86,-0.044676,1,0,0
0.42,0.86,-0.034607,1,0,0
0.44,0.86,-0.038549,1,0,0
0.46,0.86,-0.051447,1,0,0
0.48,0.86,-0.057694,1,0,0
0.5,0.86,-0.066427,1,0,0
0.52,0.86,-0.07294,1,0,0
0.54,0.86,-0.058705,1,0,0
0.56,0.86,-0.049863,1,0,0
0.58,0.86,-0.046529,1,0,0
0.6,0.86,-0.038247,1,0,0
0.62,0.86,-0.033918,1,0,0
0.64,0.86,-0.022564,1,0,0
0.66,0.86,-0.016577,1,0,0
0.68,0.86,-0.021469,1,0,0
0.7,0.86,-0.021995,1,0,0
0.72,0.86,-0.030087,1,0,0
0.74,0.86,-0.037633,1,0,0
0.76,0.86,-0.027803,1,0,0
0.78,0.86,-0.033766,1,0,0
0.8,0.86,-0.025406,1,0,0
0.82,0.86,-0.029311,1,0,0
0.84,0.86,-0.0096896,1,0,0
0.86,0.86,-0.0060107,1,0,0
0.88,0.86,0.012261,1,0,0
0.9,0.86,0.020639,1,0,0
0.92,0.86,0.021343,1,0,0
0.94,0.86,0.023246,1,0,0
0.96,0.86,0.022215,1,0,0
0.98,0.86,0.012399,1,0,0
0.02,0.88,-0.04457,1,0,0
0.04,0.88,-0.039347,1,0,0
0.06,0.88,-0.035983,1,0,0
0.08,0.88,-0.044485,1,0,0
0.1,0.88,-0.040674,1,0,0
0.12,0.88,-0.033882,1,0,0
0.14,0.88,-0.033132,1,0,0
0.16,0.88,-0.035904,1,0,0
0.18,0.88,-0.022416,1,0,0
0.2,0.88,-0.0099099,1,0,0
0.22,0.88,-0.0045256,1,0,0
0.24,0.88,0.013328,1,0,0
0.26,0.88,0.013039,1,0,0
0.28,0.88,0.0066972,1,0,0
0.3,0.88,0.0046996,1,0,0
0.32,0.88,-0.0096393,1,0,0
0.34,0.88,-0.015026,1,0,0
0.36,0.88,-0.031161,1,0,0
0.38,0.88,-0.041719,1,0,0
0.4,0.88,-0.040613,1,0,0
0.42,0.88,-0.034686,1,0,0
0.44,0.88,-0.045766,1,0,0
0.46,0.88,-0.048092,1,0,0
0.48,0.88,-0.05156,1,0,0
0.5,0.88,-0.066764,1,0,0
0.52,0.88,-0.072603,1,0,0
0.54,0.88,-0.062001,1,0,0
0.56,0.88,-0.049799,1,0,0
0.58,0.88,-0.043059,1,0,0
0.6,0.88,-0.028408,1,0,0
0.62,0.88,-0.025473,1,0,0
0.64,0.88,-0.020843,1,0,0
0.66,0.88,-0.019781,1,0,0
0.68,0.88,-0.021979,1,0,0
0.7,0.88,-0.040616,1,0,0
0.72,0.88,-0.041663,1,0,0
0.74,0.88,-0.044265,1,0,0
0.76,0.88,-0.033451,1,0,0
0.78,0.88,-0.02232,1,0,0
0.8,0.88,-0.025673,1,0,0
0.82,0.88,-0.022162,1,0,0
0.84,0.88,-0.00040611,1,0,0
0.86,0.88,0.008058,1,0,0
0.88,0.88,0.013277,1,0,0
0.9,0.88,0.01243,1,0,0
0.92,0.88,0.024127,1,0,0
0.94,0.88,0.023034,1,0,0
0.96,0.88,0.028569,1,0,0
0.98,0.88,0.026948,1,0,0
0.02,0.9,-0.049865,1,0,0
0.04,0.9,-0.040925,1,0,0
0.06,0.9,-0.041753,1,0,0
0.08,0.9,-0.052199,1,0,0
0.1,0.9,-0.045924,1,0,0
0.12,0.9,-0.040542,1,0,0
0.14,0.9,-0.037208,1,0,0
0.16,0.9,-0.031012,1,0,0
0.18,0.9,-0.018306,1,0,0
0.2,0.9,-0.015337,1,0,0
0.22,0.9,-0.0052352,1,0,0
0.24,0.9,0.0011421,1,0,0
0.26,0.9,-0.0063543,1,0,0
0.28,0.9,-0.005201,1,0,0
0.3,0.9,0.0023021,1,0,0
0.32,0.9,-0.012872,1,0,0
0.34,0.9,-0.027605,1,0,0
0.36,0.9,-0.039036,1,0,0
0.38,0.9,-0.040143,1,0,0
0.4,0.9,-0.038413,1,0,0
0.42,0.9,-0.030794,1,0,0
0.44,0.9,-0.039221,1,0,0
0.46,0.9,-0.049835,1,0,0
0.48,0.9,-0.046631,1,0,0
0.5,0.9,-0.057805,1,0,0
0.52,0.9,-0.062268,1,0,0
0.54,0.9,-0.04681,1,0,0
0.56,0.9,-0.048139,1,0,0
0.58,0.9,-0.035954,1,0,0
0.6,0.9,-0.025026,1,0,0
0.62,0.9,-0.025235,1,0,0
0.64,0.9,-0.025607,1,0,0
0.66,0.9,-0.023176,1,0,0
0.68,0.9,-0.02347,1,0,0
0.7,0.9,-0.030431,1,0,0
0.72,0.9,-0.037604,1,0,0
0.74,0.9,-0.043312,1,0,0
0.76,0.9,-0.036704,1,0,0
0.78,0.9,-0.018539,1,0,0
0.8,0.9,-0.0071388,1,0,0
0.82,0.9,5.5505e-05,1,0,0
0.84,0.9,0.0090631,1,0,0
0.86,0.9,0.010361,1,0,0
0.88,0.9,0.0088392,1,0,0
0.9,0.9,0.016387,1,0,0
0.92,0.9,0.025618,1,0,0
0.94,0.9,0.026045,1,0,0
0.96,0.9,0.035535,1,0,0
0.98,0.9,0.02916,1,0,0
0.02,0.92,-0.060897,1,0,0
0.04,0.92,-0.05703,1,0,0
0.06,0.92,-0.064218,1,0,0
0.08,0.92,-0.062262,1,0,0
0.1,0.92,-0.058975,1,0,0
0.12,0.92,-0.044713,1,0,0
0.14,0.92,-0.038922,1,0,0
0.16,0.92,-0.034333,1,0,0
0.18,0.92,-0.026537,1,0,0
0.2,0.92,-0.028472,1,0,0
0.22,0.92,-0.016847,1,0,0
0.24,0.92,-0.015136,1,0,0
0.26,0.92,-0.02454,1,0,0
0.28,0.92,-0.017468,1,0,0
0.3,0.92,-0.003857,1,0,0
0.32,0.92,-0.023896,1,0,0
0.34,0.92,-0.041421,1,0,0
0.36,0.92,-0.03887,1,0,0
0.38,0.92,-0.042766,1,0,0
0.4,0.92,-0.041051,1,0,0
0.42,0.92,-0.038996,1,0,0
0.44,0.92,-0.052956,1,0,0
0.46,0.92,-0.050927,1,0,0
0.48,0.92,-0.057169,1,0,0
0.5,0.92,-0.053956,1,0,0
0.52,0.92,-0.05868,1,0,0
0.54,0.92,-0.057276,1,0,0
0.56,0.92,-0.057322,1,0,0
0.58,0.92,-0.040339,1,0,0
0.6,0.92,-0.03038,1,0,0
0.62,0.92,-0.029936,1,0,0
0.64,0.92,-0.041087,1,0,0
0.66,0.92,-0.032138,1,0,0
0.68,0.92,-0.032441,1,0,0
0.7,0.92,-0.025461,1,0,0
0.72,0.92,-0.026069,1,0,0
0.74,0.92,-0.030062,1,0,0
0.76,0.92,-0.0366,1,0,0
0.78,0.92,-0.024257,1,0,0
0.8,0.92,-0.0060945,1,0,0
0.82,0.92,-7.3939e-05,1,0,0
0.84,0.92,0.0054696,1,0,0
0.86,0.92,0.005175,1,0,0
0.88,0.92,0.0082957,1,0,0
0.9,0.92,0.01402,1,0,0
0.92,0.92,0.0059397,1,0,0
0.94,0.92,0.014717,1,0,0
0.96,0.92,0.020571,1,0,0
0.98,0.92,0.021552,1,0,0
0.02,0.94,-0.075043,1,0,0
0.04,0.94,-0.06613,1,0,0
0.06,0.94,-0.061179,1,0,0
0.08,0.94,-0.06923,1,0,0
0.1,0.94,-0.078495,1,0,0
0.12,0.94,-0.06753,1,0,0
0.14,0.94,-0.054985,1,0,0
0.16,0.94,-0.046725,1,0,0
0.18,0.94,-0.041944,1,0,0
0.2,0.94,-0.042814,1,0,0
0.22,0.94,-0.042696,1,0,0
0.24,0.94,-0.037667,1,0,0
0.26,0.94,-0.026826,1,0,0
0.28,0.94,-0.016409,1,0,0
0.3,0.94,-0.013994,1,0,0
0.32,0.94,-0.030081,1,0,0
0.34,0.94,-0.042205,1,0,0
0.36,0.94,-0.053269,1,0,0
0.38,0.94,-0.050034,1,0,0
0.4,0.94,-0.051895,1,0,0
0.42,0.94,-0.04773,1,0,0
0.44,0.94,-0.058748,1,0,0
0.46,0.94,-0.063548,1,0,0
0.48,0.94,-0.072971,1,0,0
0.5,0.94,-0.081303,1,0,0
0.52,0.94,-0.08012,1,0,0
0.54,0.94,-0.069757,1,0,0
0.56,0.94,-0.062962,1,0,0
0.58,0.94,-0.041622,1,0,0
0.6,0.94,-0.033866,1,0,0
0.62,0.94,-0.046645,1,0,0
0.64,0.94,-0.046001,1,0,0
0.66,0.94,-0.031997,1,0,0
0.68,0.94,-0.031327,1,0,0
0.7,0.94,-0.023135,1,0,0
0.72,0.94,-0.027235,1,0,0
0.74,0.94,-0.026441,1,0,0
0.76,0.94,-0.039907,1,0,0
0.78,0.94,-0.028483,1,0,0
0.8,0.94,-0.020039,1,0,0
0.82,0.94,-0.0064581,1,0,0
0.84,0.94,-0.0050887,1,0,0
0.86,0.94,0.0025357,1,0,0
0.88,0.94,-0.0045559,1,0,0
0.9,0.94,-0.0042213,1,0,0
0.92,0.94,-0.0053205,1,0,0
0.94,0.94,0.0037948,1,0,0
0.96,0.94,0.0094405,1,0,0
0.98,0.94,0.0041742,1,0,0
0.02,0.96,-0.075288,1,0,0
0.04,0.96,-0.063963,1,0,0
0.06,0.96,-0.06744,1,0,0
0.08,0.96,-0.074054,1,0,0
0.1,0.96,-0.072392,1,0,0
0.12,0.96,-0.072741,1,0,0
0.14,0.96,-0.059078,1,0,0
0.16,0.96,-0.057121,1,0,0
0.18,0.96,-0.04745,1,0,0
0.2,0.96,-0.051569,1,0,0
0.22,0.96,-0.04991,1,0,0
0.24,0.96,-0.03713,1,0,0
0.26,0.96,-0.026635,1,0,0
0.28,0.96,-0.019131,1,0,0
0.3,0.96,-0.015379,1,0,0
0.32,0.96,-0.030635,1,0,0
0.34,0.96,-0.033589,1,0,0
0.36,0.96,-0.045077,1,0,0
0.38,0.96,-0.053349,1,0,0
0.4,0.96,-0.052844,1,0,0
0.42,0.96,-0.060527,1,0,0
0.44,0.96,-0.069157,1,0,0
0.46,0.96,-0.079277,1,0,0
0.48,0.96,-0.084747,1,0,0
0.5,0.96,-0.093909,1,0,0
0.52,0.96,-0.093325,1,0,0
0.54,0.96,-0.080462,1,0,0
0.56,0.96,-0.064834,1,0,0
0.58,0.96,-0.042973,1,0,0
0.6,0.96,-0.045428,1,0,0
0.62,0.96,-0.038657,1,0,0
0.64,0.96,-0.038106,1,0,0
0.66,0.96,-0.035709,1,0,0
0.68,0.96,-0.025649,1,0,0
0.7,0.96,-0.016722,1,0,0
0.72,0.96,-0.02123,1,0,0
0.74,0.96,-0.027326,1,0,0
0.76,0.96,-0.03079,1,0,0
0.78,0.96,-0.033027,1,0,0
0.8,0.96,-0.036813,1,0,0
0.82,0.96,-0.01732,1,0,0
0.84,0.96,-0.0027009,1,0,0
0.86,0.96,-0.0043295,1,0,0
0.88,0.96,-0.0052954,1,0,0
0.9,0.96,-0.010412,1,0,0
0.92,0.96,-0.014305,1,0,0
0.94,0.96,-0.012383,1,0,0
0.96,0.96,-0.0023047,1,0,0
0.98,0.96,0.0029785,1,0,0
0.02,0.98,-0.072795,1,0,0
0.04,0.98,-0.070252,1,0,0
0.06,0.98,-0.073489,1,0,0
0.08,0.98,-0.077605,1,0,0
0.1,0.98,-0.076374,1,0,0
0.12,0.98,-0.06523,1,0,0
0.14,0.98,-0.057245,1,0,0
0.16,0.98,-0.05575,1,0,0
0.18,0.98,-0.044269,1,0,0
0.2,0.98,-0.036361,1,0,0
0.22,0.98,-0.043634,1,0,0
0.24,0.98,-0.047514,1,0,0
0.26,0.98,-0.032892,1,0,0
0.28,0.98,-0.023739,1,0,0
0.3,0.98,-0.019329,1,0,0
0.32,0.98,-0.016199,1,0,0
0.34,0.98,-0.026333,1,0,0
0.36,0.98,-0.047919,1,0,0
0.38,0.98,-0.053624,1,0,0
0.4,0.98,-0.054631,1,0,0
0.42,0.98,-0.064415,1,0,0
0.44,0.98,-0.081248,1,0,0
0.46,0.98,-0.084547,1,0,0
0.48,0.98,-0.095085,1,0,0
0.5,0.98,-0.10086,1,0,0
0.52,0.98,-0.087796,1,0,0
0.54,0.98,-0.066618,1,0,0
0.56,0.98,-0.056028,1,0,0
0.58,0.98,-0.052082,1,0,0
0.6,0.98,-0.04682,1,0,0
0.62,0.98,-0.045891,1,0,0
0.64,0.98,-0.033402,1,0,0
0.66,0.98,-0.029039,1,0,0
0.68,0.98,-0.017995,1,0,0
0.7,0.98,-0.0041623,1,0,0
0.72,0.98,-0.0093671,1,0,0
0.74,0.98,-0.029945,1,0,0
0.76,0.98,-0.032563,1,0,0
0.78,0.98,-0.03673,1,0,0
0.8,0.98,-0.029467,1,0,0
0.82,0.98,-0.019466,1,0,0
0.84,0.98,-0.0077954,1,0,0
0.86,0.98,-0.016731,1,0,0
0.88,0.98,-0.017206,1,0,0
0.9,0.98,-0.018892,1,0,0
0.92,0.98,-0.019316,1,0,0
0.94,0.98,-0.015289,1,0,0
0.96,0.98,-0.012846,1,0,0
0.98,0.98,-0.00067842,1,0,0
0,0,-0.0096432,-1,0,0
0.02,0,-0.0096432,-1,0,0
0.04,0,-0.0027965,-1,0,0
0.06,0,-0.00081034,-1,0,0
0.08,0,0.0025097,-1,0,0
0.1,0,0.005585,-1,0,0
0.12,0,0.0036001,-1,0,0
0.14,0,0.0057028,-1,0,0
0.16,0,0.0020457,-1,0,0
0.18,0,0.0030918,-1,0,0
0.2,0,-0.00048036,-1,0,0
0.22,0,0.0080655,-1,0,0
0.24,0,0.01129,-1,0,0
0.26,0,0.023207,-1,0,0
0.28,0,0.028872,-1,0,0
0.3,0,0.032548,-1,0,0
0.32,0,0.022523,-1,0,0
0.34,0,0.0068528,-1,0,0
0.36,0,-0.00046186,-1,0,0
0.38,0,-0.016069,-1,0,0
0.4,0,-0.025477,-1,0,0
0.42,0,-0.026185,-1,0,0
0.44,0,-0.036812,-1,0,0
0.46,0,-0.046121,-1,0,0
0.48,0,-0.057754,-1,0,0
0.5,0,-0.066376,-1,0,0
0.52,0,-0.071528,-1,0,0
0.54,0,-0.065809,-1,0,0
0.56,0,-0.051747,-1,0,0
0.58,0,-0.048535,-1,0,0
0.6,0,-0.037722,-1,0,0
0.62,0,-0.034432,-1,0,0
0.64,0,-0.022375,-1,0,0
0.66,0,-0.011581,-1,0,0
0.68,0,-0.010632,-1,0,0
0.7,0,-0.0056193,-1,0,0
0.72,0,-0.0033558,-1,0,0
0.74,0,-0.0037598,-1,0,0
0.76,0,0.0080325,-1,0,0
0.78,0,0.007288,-1,0,0
0.8,0,0.0045457,-1,0,0
0.82,0,0.0034363,-1,0,0
0.84,0,0.00443,-1,0,0
0.86,0,-0.0092048,-1,0,0
0.88,0,-0.0051649,-1,0,0
0.9,0,-0.0084999,-1,0,0
0.92,0,-0.016808,-1,0,0
0.94,0,-0.016466,-1,0,0
0.96,0,-0.026359,-1,0,0
0.98,0,-0.041474,-1,0,0
1,0,-0.048167,-1,0,0
1,0.02,-0.037374,-1,0,0
1,0.04,-0.026049,-1,0,0
1,0.06,-0.015343,-1,0,0
1,0.08,-0.010397,-1,0,0
1,0.1,-0.0078047,-1,0,0
1,0.12,-0.008522,-1,0,0
1,0.14,-0.010609,-1,0,0
1,0.16,-0.01987,-1,0,0
1,0.18,-0.017056,-1,0,0
1,0.2,-0.0019384,-1,0,0
1,0.22,0.00186,-1,0,0
1,0.24,-0.0025213,-1,0,0
1,0.26,0.012153,-1,0,0
1,0.28,0.00016794,-1,0,0
1,0.3,-0.0060386,-1,0,0
1,0.32,-0.018971,-1,0,0
1,0.34,-0.024879,-1,0,0
1,0.36,-0.034677,-1,0,0
1,0.38,-0.036048,-1,0,0
1,0.4,-0.041724,-1,0,0
1,0.42,-0.050016,-1,0,0
1,0.44,-0.051688,-1,0,0
1,0.46,-0.030312,-1,0,0
1,0.48,-0.028217,-1,0,0
1,0.5,-0.022098,-1,0,0
1,0.52,-0.028432,-1,0,0
1,0.54,-0.02846,-1,0,0
1,0.56,-0.028933,-1,0,0
1,0.58,-0.037649,-1,0,0
1,0.6,-0.049738,-1,0,0
1,0.62,-0.052498,-1,0,0
1,0.64,-0.054651,-1,0,0
1,0.66,-0.064759,-1,0,0
1,0.68,-0.076433,-1,0,0
1,0.7,-0.077542,-1,0,0
1,0.72,-0.066889,-1,0,0
1,0.74,-0.053599,-1,0,0
1,0.76,-0.039575,-1,0,0
1,0.78,-0.027877,-1,0,0
1,0.8,-0.018226,-1,0,0
1,0.82,-0.012306,-1,0,0
1,0.84,0.0017552,-1,0,0
1,0.86,0.00014391,-1,0,0
1,0.88,0.014213,-1,0,0
1,0.9,0.015493,-1,0,0
1,0.92,0.012692,-1,0,0
1,0.94,0.0052845,-1,0,0
1,0.96,0.0050547,-1,0,0
1,0.98,0.014222,-1,0,0
1,1,0.025524,-1,0,0
0.98,1,0.0078696,-1,0,0
0.96,1,-0.0041026,-1,0,0
0.94,1,-0.02408,-1,0,0
0.92,1,-0.03614,-1,0,0
0.9,1,-0.026655,-1,0,0
0.88,1,-0.019569,-1,0,0
0.86,1,-0.021014,-1,0,0
0.84,1,-0.010298,-1,0,0
0.82,1,-0.015129,-1,0,0
0.8,1,-0.028122,-1,0,0
0.78,1,-0.037035,-1,0,0
0.76,1,-0.028682,-1,0,0
0.74,1,-0.027498,-1,0,0
0.72,1,-0.018008,-1,0,0
0.7,1,-0.011484,-1,0,0
0.68,1,-0.016314,-1,0,0
0.66,1,-0.019606,-1,0,0
0.64,1,-0.019038,-1,0,0
0.62,1,-0.036938,-1,0,0
0.6,1,-0.041239,-1,0,0
0.58,1,-0.046249,-1,0,0
0.56,1,-0.04714,-1,0,0
0.54,1,-0.062784,-1,0,0
0.52,1,-0.078671,-1,0,0
0.5,1,-0.094133,-1,0,0
0.48,1,-0.093272,-1,0,0
0.46,1,-0.082038,-1,0,0
0.44,1,-0.077263,-1,0,0
0.42,1,-0.070133,-1,0,0
0.4,1,-0.059675,-1,0,0
0.38,1,-0.04619,-1,0,0
0.36,1,-0.037247,-1,0,0
0.34,1,-0.028239,-1,0,0
0.32,1,-0.022734,-1,0,0
0.3,1,-0.020705,-1,0,0
0.28,1,-0.024024,-1,0,0
0.26,1,-0.027295,-1,0,0
0.24,1,-0.02886,-1,0,0
0.22,1,-0.021742,-1,0,0
0.2,1,-0.027883,-1,0,0
0.18,1,-0.036034,-1,0,0
0.16,1,-0.049339,-1,0,0
0.14,1,-0.055501,-1,0,0
0.12,1,-0.062698,-1,0,0
0.1,1,-0.065515,-1,0,0
0.08,1,-0.069098,-1,0,0
0.06,1,-0.072593,-1,0,0
0.04,1,-0.070983,-1,0,0
0.02,1,-0.067019,-1,0,0
0,1,-0.094427,-1,0,0
0,0.98,-0.098358,-1,0,0
0,0.96,-0.09021,-1,0,0
0,0.94,-0.088204,-1,0,0
0,0.92,-0.072738,-1,0,0
0,0.9,-0.061063,-1,0,0
0,0.88,-0.049123,-1,0,0
0,0.86,-0.036001,-1,0,0
0,0.84,-0.019341,-1,0,0
0,0.82,-0.020733,-1,0,0
0,0.8,-0.024331,-1,0,0
0,0.78,-0.033402,-1,0,0
0,0.76,-0.031647,-1,0,0
0,0.74,-0.033229,-1,0,0
0,0.72,-0.036792,-1,0,0
0,0.7,-0.034019,-1,0,0
0,0.68,-0.03354,-1,0,0
0,0.66,-0.022198,-1,0,0
0,0.64,-0.012522,-1,0,0
0,0.62,-0.014538,-1,0,0
0,0.6,-0.017372,-1,0,0
0,0.58,-0.015297,-1,0,0
0,0.56,-0.012121,-1,0,0
0,0.54,-0.015082,-1,0,0
0,0.52,-0.031209,-1,0,0
0,0.5,-0.034651,-1,0,0
0,0.48,-0.056734,-1,0,0
0,0.46,-0.061596,-1,0,0
0,0.44,-0.061867,-1,0,0
0,0.42,-0.055806,-1,0,0
0,0.4,-0.05953,-1,0,0
0,0.38,-0.05948,-1,0,0
0,0.36,-0.056899,-1,0,0
0,0.34,-0.048821,-1,0,0
0,0.32,-0.031238,-1,0,0
0,0.3,-0.010296,-1,0,0
0,0.28,0.0037632,-1,0,0
0,0.26,0.011295,-1,0,0
0,0.24,0.0090806,-1,0,0
0,0.22,0.026416,-1,0,0
0,0.2,0.02473,-1,0,0
0,0.18,0.019778,-1,0,0
0,0.16,0.019236,-1,0,0
0,0.14,0.019124,-1,0,0
0,0.12,0.01636,-1,0,0
0,0.1,0.0097454,-1,0,0
0,0.08,-0.0032871,-1,0,0
0,0.06,-0.0090227,-1,0,0
0,0.04,-0.018496,-1,0,0
0,0.02,-0.011633,-1,0,0
