-0.056351,-0.056351,-0.02706,-0.020349,-0.009368,-0.021083,-0.008606,0.011179,0.020498,0.039455,0.031553,0.0038378,0.00040371,0.001031,0.016349,0.011163,0.0068886,-0.014635,-0.011107,-0.015039,-0.042481,-0.034216,-0.040216,-0.034075,-0.010036,-0.0019082,-0.020785,0.006683,0.033199,0.0036618,0.016315,0.024652,0.035805,0.050474,0.048034,0.042155,0.062572,0.033542,0.0079684,0.032356,0.037471,0.062417,0.06687,0.066862,0.029336,0.038071,0.034214,0.048722,0.00015177,0.027747,-0.02349
-0.013377,-0.0312,-0.013105,-0.027877,-0.018756,-0.017785,0.019486,0.022772,0.036195,0.028657,0.018576,0.00078218,-0.0021755,-0.018513,-0.0044986,0.00066131,-0.015367,-0.032949,-0.033383,-0.040965,-0.063814,-0.045356,-0.020755,-0.047195,-0.0099023,-0.013702,-0.0082886,0.010232,0.0023913,0.013396,0.0061439,0.023508,0.017983,0.028926,0.02905,0.028848,0.027324,0.03464,0.0014257,0.026285,0.035025,0.061521,0.059339,0.061688,0.036738,0.037353,0.038066,0.014347,0.0070842,0.006852,-0.040594
-0.0049275,0.003371,-0.0015677,-0.038044,-0.024346,-0.027459,0.010412,0.038769,0.039964,0.032936,0.040635,0.013136,-0.0082072,-0.028402,-0.022889,-0.025874,-0.011881,-0.040318,-0.047575,-0.072309,-0.070958,-0.045314,-0.0202,-0.030764,-0.023547,-0.020661,-0.013679,0.025728,0.024577,0.021777,0.034257,0.026196,-0.015922,0.015485,0.018389,0.011731,0.026392,0.036217,0.02479,0.03861,0.043868,0.060324,0.050523,0.047911,0.041978,0.021375,0.017375,0.023023,8.381e-05,0.0014583,-0.036494
-0.01492,0.0045391,-0.0014003,-0.016656,-0.0075994,0.0053382,0.026273,0.023211,0.033304,0.030389,0.0040541,0.004363,0.004166,-0.0066309,-0.010266,-0.010757,-0.0078304,-0.066657,-0.081021,-0.070347,-0.09391,-0.078221,-0.055293,-0.027247,-0.010171,-0.012729,-0.0019403,0.0071665,0.024064,0.018776,0.019924,-0.009488,-0.005582,0.001274,0.034564,0.025969,0.014147,0.029243,0.036545,0.032588,0.037743,0.028422,0.034298,0.046811,0.035986,0.044352,-0.0079772,-0.016201,-0.0043652,0.0068238,-0.034324
-0.023207,0.008536,0.022433,0.0056784,0.014306,0.013004,0.014031,0.03827,0.018234,0.0056179,0.014874,0.0090991,0.0045493,-0.011199,-0.013593,-0.017979,-0.028379,-0.04663,-0.096625,-0.087814,-0.081016,-0.087178,-0.063289,-0.056893,-0.03744,-0.043898,-0.013373,0.0027556,0.032818,0.016177,-0.0015699,-0.019695,-0.021027,-0.0025081,0.021765,0.015109,0.030009,0.012785,0.01447,0.033323,0.017648,0.03081,0.034203,0.017279,0.021069,-0.014647,-0.0059844,-0.0079167,0.0034002,-0.0036511,-0.018706
-0.0053259,0.029721,0.03613,0.031752,0.021901,0.021124,0.020919,0.023851,0.0053329,-0.0083927,0.0070415,0.018093,0.0087641,-0.013536,0.00087518,-0.02532,-0.029994,-0.055369,-0.069851,-0.071204,-0.074674,-0.075297,-0.068676,-0.085043,-0.077455,-0.037001,-0.0047263,-0.0040647,0.011447,0.04066,0.0046188,-0.0098731,0.0029877,-0.025568,0.0028024,0.016979,0.029406,0.0042829,0.0063408,0.015125,0.010594,0.010125,0.022708,0.018092,0.0028679,0.0011447,-0.00076691,-0.0014685,0.013352,-0.012125,-0.018493
0.0046913,0.028664,0.05327,0.041167,0.06796,0.027374,0.035808,0.024195,0.017197,0.0013138,0.01489,0.0077478,-0.01536,-0.0070095,0.011523,-0.008724,-0.015519,-0.052678,-0.071745,-0.077006,-0.072871,-0.076096,-0.067911,-0.072867,-0.077365,-0.04378,-0.012546,-0.017279,0.010863,0.029186,0.011317,-0.011509,-0.034169,-0.028371,-0.015376,0.0109,0.0088326,0.005276,-0.011389,-0.009197,-0.0052752,0.0066306,0.017568,0.0093197,0.0085765,0.0037851,-0.0097201,0.017166,0.021009,-0.0010744,-0.011126
0.01955,0.026346,0.033238,0.029377,0.051578,0.021782,0.028706,0.031326,0.037083,0.0087325,0.01378,-0.018208,-0.013096,-0.018734,0.0065718,-0.032091,-0.04305,-0.076689,-0.089616,-0.068181,-0.049736,-0.073971,-0.066017,-0.055046,-0.044391,-0.048458,-0.036257,-0.022584,-0.0088016,0.018826,-0.013014,-0.0089183,-0.053005,-0.046996,-0.04364,-0.023328,-0.029516,-0.0020381,-0.0182,-0.015263,-0.018277,8.6907e-05,0.0043531,-0.0018104,0.0084258,-0.0033408,-0.023598,-0.022169,0.0024127,-0.0016607,-0.003883
0.030833,0.044093,0.048405,0.023381,0.02485,0.024753,0.019233,0.022284,0.034565,0.020769,0.013006,-0.025805,-0.013835,-0.045162,-0.026348,-0.036506,-0.026056,-0.061015,-0.078778,-0.058145,-0.053882,-0.062195,-0.054305,-0.061559,-0.07386,-0.069369,-0.054828,-0.016177,-0.0009326,0.018317,-0.011494,-0.017521,-0.053616,-0.078693,-0.059845,-0.054012,-0.038967,-0.032074,-0.038563,-0.031631,-0.039998,0.0066908,-0.010533,-0.024051,-0.032658,-0.0033966,-0.017527,-0.0052456,0.010306,0.013125,-0.0032108
0.052897,0.058293,0.059292,0.033035,0.052699,0.028647,0.053105,0.039077,0.015564,0.008378,0.0060701,-0.0072762,-0.023433,-0.0063951,-0.021423,-0.023757,-0.01797,-0.022644,-0.038142,-0.047546,-0.059839,-0.055243,-0.053839,-0.064024,-0.060638,-0.059493,-0.031364,-0.014721,0.005872,-0.014741,0.0045873,-0.0066578,-0.029416,-0.044129,-0.0515,-0.061429,-0.053354,-0.039825,-0.062216,-0.048652,-0.035785,-0.013627,-0.014254,0.00026335,-0.010982,-0.0072825,-0.0037782,0.0068494,-0.00040925,0.020155,0.034191
0.037884,0.034948,0.02583,0.041254,0.027256,0.022151,0.01318,0.0089194,0.0061355,0.023534,0.012945,-0.0026812,-0.021598,-0.028187,-0.025631,-0.027017,-0.027262,-0.043309,-0.017295,-0.029139,-0.080779,-0.058861,-0.034521,-0.064881,-0.060652,-0.053719,-0.049805,-0.031514,0.0045592,0.0045229,-0.013854,-0.028352,-0.015021,-0.022307,-0.033632,-0.056099,-0.061794,-0.075738,-0.080804,-0.05971,-0.026759,-0.031808,-0.016639,-0.017785,-0.03675,-0.038325,-0.030247,-0.029133,-0.0035902,0.027653,0.024598
0.04332,0.031889,0.017605,0.0062964,-0.0064673,-0.0043645,-0.01657,0.015255,0.00018785,0.011417,0.015697,-0.002112,-0.0052519,-0.026261,-0.037694,-0.041995,-0.051474,-0.040466,-0.034314,-0.039178,-0.075621,-0.080219,-0.061401,-0.072946,-0.054598,-0.059069,-0.053918,-0.018817,0.0011091,-0.022721,-0.033497,-0.031564,-0.025713,-0.026405,-0.047065,-0.089627,-0.053657,-0.073369,-0.073639,-0.060044,-0.056512,-0.050107,-0.057446,-0.061644,-0.058706,-0.068153,-0.041144,-0.033976,-0.027314,0.021037,0.015878
0.023623,0.026408,0.013118,-0.017626,-0.01038,-0.021528,-0.020075,-0.027675,0.0028084,0.021325,0.0067692,0.0019986,-0.020611,-0.024209,-0.040996,-0.030125,-0.022615,-0.046832,-0.060201,-0.066533,-0.085472,-0.078156,-0.053156,-0.045659,-0.0291,-0.052688,-0.034634,-0.0073731,-0.011015,-0.024528,-0.013546,-0.01625,-0.030784,-0.035005,-0.047213,-0.054153,-0.062586,-0.054468,-0.082473,-0.082409,-0.059837,-0.052677,-0.063378,-0.081612,-0.087365,-0.063317,-0.042616,-0.046608,-0.035419,-0.012974,-0.0089749
0.020721,0.031398,0.012591,-0.031085,-0.017535,-0.021264,-0.027992,-0.017662,0.01107,0.018429,0.012579,-0.008019,-0.011485,-0.026617,-0.027942,-0.045515,-0.031973,-0.061624,-0.044968,-0.061915,-0.075662,-0.064158,-0.040286,-0.018676,-0.029469,-0.014501,-0.023243,-0.0036965,-0.017323,-0.024465,0.0035748,0.018877,-0.013339,-0.021672,-0.056808,-0.066883,-0.059889,-0.056441,-0.068975,-0.077174,-0.089626,-0.06239,-0.065286,-0.071663,-0.075985,-0.050434,-0.055596,-0.037467,-0.051654,-0.025204,-0.02877
0.046066,0.0065647,0.011847,0.0091178,0.01632,-0.024372,-0.035126,-0.02443,0.019901,0.025228,0.035127,6.6012e-05,-0.034127,-0.038894,-0.011855,-0.0307,-0.050324,-0.037953,-0.041008,-0.027945,-0.044109,-0.043889,-0.035088,-0.015074,0.0027676,-0.015696,-0.0070455,0.0023432,0.008087,0.028438,0.02494,0.0087383,-0.011921,-0.024293,-0.039334,-0.051439,-0.06394,-0.05286,-0.088359,-0.071593,-0.07689,-0.057684,-0.078297,-0.060147,-0.06966,-0.032523,-0.032449,-0.019069,-0.014801,-0.017325,-0.043125
0.029112,0.0072476,0.025814,-0.00076232,0.0014615,-0.016319,-0.014347,-0.003852,0.013313,0.010733,0.031192,0.025636,0.0062253,-0.02227,-0.018556,-0.027203,-0.035761,-0.024255,-0.014614,-0.0025559,-0.0056712,-0.015032,-0.0075167,-0.0016663,0.0047076,0.02527,0.029246,0.019622,0.037689,0.042265,0.033244,0.040087,0.028514,0.0077587,-0.046461,-0.048051,-0.042128,-0.06012,-0.078044,-0.05716,-0.078185,-0.042914,-0.037989,-0.048329,-0.041851,-0.015427,-0.017827,-0.013949,-0.013929,-0.014134,-0.027239
-0.00919,0.0025686,-0.016798,-0.0062416,-0.010834,-0.024923,-0.017395,-0.015991,-0.0011757,0.019465,0.041697,0.041868,0.0031841,-0.023613,-0.020185,-0.052109,-0.022121,-0.029454,-0.01631,-0.026879,0.004944,0.0099255,-0.0021306,0.022037,0.0089329,0.01631,0.011134,0.020004,0.018694,0.029772,0.024573,0.026294,0.0050831,-0.019511,-0.033629,-0.038311,-0.054382,-0.07023,-0.08038,-0.073535,-0.044517,-0.059712,-0.033846,-0.035857,-0.056293,-0.036666,-0.032195,-0.037372,-0.034716,-0.035254,-0.014537
0.001113,0.0043491,-0.0074703,-0.046309,-0.032274,-0.017371,-0.012051,-0.007874,0.020665,0.030992,0.037743,0.046888,0.032136,0.0072561,-0.024755,-0.02201,-0.011957,0.00076691,0.01131,0.027227,0.023055,0.014348,0.032369,0.023227,0.018755,0.011049,0.028213,0.030357,0.043184,0.043501,0.046561,0.035455,-0.0018178,-0.0090123,-0.020254,-0.040685,-0.043529,-0.030207,-0.021516,-0.0259,-0.048636,-0.061304,-0.04151,-0.043499,-0.023919,-0.026992,-0.028113,-0.039529,-0.0060119,-0.016457,-0.014306
0.012929,0.003526,-0.012647,-0.017217,-0.031003,-0.028226,-0.02583,-0.0099377,0.0021663,0.015915,0.03281,0.031937,0.035022,-0.0005012,0.011077,0.022397,0.027001,0.020667,0.024177,0.033068,0.035034,0.029347,0.03599,0.031547,0.01383,-0.0071772,-0.0056133,0.0078075,0.04071,0.066566,0.055603,0.035832,0.0066044,0.0095082,0.01203,-0.028,-0.036694,-0.031822,-0.038816,-0.038122,-0.036694,-0.052627,-0.055505,-0.033658,-0.010277,-0.0082899,-0.022238,-0.033429,-0.0035955,-0.0049023,-0.019857
0.0077422,0.0059225,-0.0041202,-0.022496,-0.031619,-0.039534,-0.0036727,0.0010255,-0.0065347,-0.017637,0.010397,0.028624,0.021258,0.00545,0.0090688,0.017904,0.049231,0.02114,0.033205,0.031064,0.026476,0.03947,0.030936,0.017059,0.0037792,0.0078919,-0.006214,0.0018506,0.024478,0.028109,0.046913,0.032093,0.011257,0.0098782,-0.012693,-0.031993,-0.028078,-0.015696,-0.040058,-0.043254,-0.04073,-0.052086,-0.058627,-0.028467,-0.026366,-0.0087274,-0.03166,-0.021829,-0.023311,-0.0045678,0.00085776
-0.0067788,-0.011747,0.01793,-0.016398,-0.014357,-0.043973,-0.016417,-0.035165,-0.02663,-0.011942,0.0052056,-0.00086584,0.00096194,0.00057183,-0.010106,0.025745,0.0362,0.023785,0.031543,0.026235,0.015122,0.033652,0.038307,0.0059118,0.008113,0.019787,0.012808,0.0029162,0.039522,0.021218,0.01774,0.014372,-0.0013637,-0.014732,-0.01438,0.003391,-0.0094845,-0.019095,-0.037957,-0.023069,-0.052454,-0.049043,-0.055611,-0.034488,-0.069609,-0.042567,-0.023634,-0.0070957,-0.0040564,0.014798,-0.0093318
0.026797,0.011299,0.0093552,0.016374,-0.0058561,-0.016813,-0.027446,-0.018269,-0.015285,-0.013131,0.018165,-0.01819,-0.014377,-0.00060016,0.015141,-0.0078519,0.018825,0.011953,0.026484,0.041634,0.035103,0.026138,0.01986,0.0045347,0.035198,0.034182,0.019592,0.036501,0.022612,0.024874,0.016864,0.010915,-0.01094,-0.0089525,-0.00027491,-0.010966,-0.014135,-0.024617,-0.02691,-0.022432,-0.026386,-0.02881,-0.043198,-0.027128,-0.054584,-0.056216,-0.037031,-0.0016721,0.010505,0.025488,0.020347
-0.0050952,0.016189,0.027206,0.014183,0.018739,-0.0084852,-0.02418,-0.019115,-0.019459,-0.023198,-0.021618,-0.037171,-0.034585,-0.025389,-0.010662,0.019361,0.024765,-0.0042509,0.0033926,0.017243,0.021859,0.0098451,0.028133,0.029211,0.03256,0.036855,0.040051,0.02349,0.034787,0.015135,0.012573,0.0056729,-0.01029,0.01005,0.0035876,0.0053386,-0.0032789,-0.025142,-0.032809,-0.05089,-0.028625,6.6677e-05,-0.014858,-0.057054,-0.047096,-0.054005,-0.048558,-0.02166,0.010981,0.020128,-0.0025855
0.018671,0.042341,0.028158,0.012487,0.012809,-0.0055855,-0.0038261,0.0059862,0.0036008,-0.02284,-0.033181,-0.035218,-0.066236,-0.031371,-0.018916,0.0017862,0.026001,0.010372,0.013079,0.025693,0.015433,0.011758,0.024012,0.021496,0.024879,0.024608,0.046266,0.041293,0.047521,0.030852,0.045831,0.019701,0.018433,-0.0014921,-0.0041287,-0.0014929,0.0079816,0.0062323,-0.0055083,-0.037486,-0.014098,-0.0034029,-0.021174,-0.046625,-0.048185,-0.033991,-0.03888,-0.022728,0.0061212,0.0027336,0.013836
0.016838,0.045222,0.024655,0.0052861,-0.0022106,0.0057113,-0.022857,0.0061772,-0.0027698,-0.022443,-0.024513,-0.06508,-0.060681,-0.046335,-0.015417,-0.010403,0.013316,0.016664,0.0071205,-0.00011775,-0.00017416,-0.00080449,0.031638,0.032423,-0.0018433,-0.0017706,0.017036,0.037834,0.051766,0.051937,0.041232,0.027907,0.025419,0.009642,0.010072,-0.0070792,0.015756,-0.017269,-0.011015,-0.019207,-0.028072,0.0011167,-0.012099,-0.025978,-0.043627,-0.057846,-0.045863,-0.031119,-0.017588,-0.021622,-0.0041465
0.0050898,-0.0050127,-0.00956,-0.028134,-0.0092147,-0.0017445,0.0021519,-0.0111,0.0067203,-0.021535,-0.034004,-0.060236,-0.062628,-0.037175,-0.010824,-0.013917,-0.013747,-0.003725,-0.0054094,0.0034892,-0.0053276,-0.0057145,0.019641,0.028039,0.024619,0.012971,0.029082,0.031351,0.065669,0.060467,0.023055,0.017328,0.030816,0.022818,0.0096751,0.032143,0.0075378,-0.0088993,-0.007026,0.011864,-0.0071635,-0.0065239,-0.0051673,-0.018253,-0.047842,-0.046623,-0.059982,-0.073132,-0.043673,-0.025703,-0.0010329
-0.018254,-0.012723,-0.012783,-0.026067,0.0031545,-0.01974,0.00036712,0.0026304,0.0049006,-0.028527,-0.014131,-0.027439,-0.042381,-0.049727,-0.027896,-0.035492,-0.017631,-0.016979,-0.0019917,-0.014002,0.0021106,0.010471,0.024673,0.042804,0.0078808,0.015607,0.026865,0.052993,0.07141,0.041726,0.014317,0.011813,0.0011628,0.029429,0.0056699,0.020093,0.029405,0.027246,-0.0043135,-0.0023433,0.0054183,0.019246,-0.0020102,-0.020668,-0.05333,-0.044705,-0.064526,-0.04557,-0.04817,-0.022311,-0.013463
-0.0071113,-0.0075892,-0.0030071,0.0025217,0.004631,0.0010728,0.0092846,-0.011483,0.0045296,-0.013922,-0.013002,-0.02999,-0.013662,-0.03448,-0.015737,-0.019812,-0.0080444,-0.014948,0.021327,0.020173,0.024809,0.021955,0.044227,0.042162,0.020796,0.032046,0.045648,0.078519,0.068277,0.072042,0.034416,0.047255,0.014527,0.02585,0.022587,0.028394,0.033248,0.050498,0.013781,0.0040018,0.016506,0.030307,0.016035,0.0010017,-0.023898,-0.0062416,-0.01832,-0.038347,-0.0037855,-0.010176,-0.023735
-0.02983,-0.027276,-0.001814,0.0079356,0.024317,0.020256,0.00053116,-0.024821,-0.016779,-0.031726,-0.041105,-0.063686,-0.048196,-0.019802,-0.0044781,0.0024719,-0.0074696,-0.0052682,-0.0050575,0.0048716,0.010621,0.020679,0.042652,0.044997,0.046878,0.026214,0.041639,0.066528,0.059678,0.03622,0.037562,0.026434,-0.013477,0.016358,0.035271,0.030008,0.038666,0.045057,0.0048393,-0.0066206,-0.0073617,0.011078,0.0098917,0.0099931,-0.0055288,0.00020054,0.0051711,-0.0089246,6.987e-05,-0.021901,-0.042885
-0.02934,-0.013726,-0.01178,0.014352,0.0089401,0.013877,0.0023557,-0.011203,-0.01053,0.00025871,-0.032739,-0.046165,-0.038446,-0.025125,-0.003371,0.011909,-0.0058845,-0.028139,0.0018004,0.016141,0.028494,0.048518,0.036514,0.055101,0.053988,0.056909,0.04145,0.039578,0.067765,0.03385,0.037703,0.014347,-0.0064531,-0.0095128,0.018339,0.037051,0.06373,0.0544,0.033814,0.017199,0.019909,-0.0058431,0.0046499,0.017533,-0.0080547,0.02843,0.023996,0.0074588,-0.005236,0.00053732,-0.0315
-0.042626,-0.032019,-0.0063412,0.0071187,-0.023809,-0.024684,-0.016768,-0.01726,-0.02321,-0.025268,-0.027413,-0.025485,-0.040969,-0.023525,-0.023522,-0.00028732,0.0024204,-0.017889,-0.00060193,0.0077307,0.012512,0.048732,0.054631,0.031521,0.047444,0.043126,0.024188,0.031397,0.048878,0.018783,0.023814,0.010245,0.00044594,0.0043409,0.0070261,0.034932,0.07664,0.06984,0.032973,0.01732,0.018026,-0.0025538,0.0067678,0.0056816,-0.014379,-0.0019837,0.02202,0.0011726,-0.0066569,-0.019788,-0.032456
-0.041859,-0.039615,-0.019777,-0.014656,-0.0079102,-0.011136,-0.013641,-0.0087301,-0.026289,-0.038268,-0.0259,-0.026123,-0.029963,-0.025214,-0.017418,0.0096873,-0.0040312,1.7742e-05,0.005117,-0.00064365,0.0043282,0.022306,0.035291,0.025831,0.033209,0.031395,0.027268,0.015618,0.0069734,-0.00084726,0.0048944,-0.0039756,-0.0047542,0.026064,0.046251,0.041365,0.069209,0.06157,0.028405,0.022067,0.016689,0.013514,-0.0086791,0.016256,-0.0024001,-0.011148,-0.0039804,-0.0087128,-0.011902,-0.020725,-0.048259
-0.03894,-0.020871,-0.010125,-0.029684,-0.024047,-0.0051528,-0.017299,-0.027895,-0.0089887,-0.026966,-0.017233,-0.015856,-0.028904,-0.030746,-0.020954,-0.016832,0.021873,-0.0013454,0.027948,0.031018,0.013157,0.02111,0.020657,0.011387,0.0044594,0.011291,-0.0038381,0.0029202,0.00039177,0.0092308,0.011591,0.0030503,0.013411,0.059099,0.063227,0.080573,0.051814,0.03937,0.048294,0.044851,0.025905,0.01405,0.0048884,0.0054936,-0.011635,0.001503,-0.037144,-0.012945,-0.0060421,-0.0074558,-0.047307
-0.02282,0.0067692,0.0053479,-0.038366,-0.010331,-0.028364,-0.011598,-0.013083,-0.011649,-0.027492,-0.0078786,-0.01531,-0.026914,-0.035836,-0.042079,-0.016869,0.02518,0.020936,0.015751,0.014235,0.03198,0.0010516,-0.0099114,0.012351,-0.0083286,-0.022636,-0.014485,-0.01187,-0.00089845,-0.0023956,0.019456,0.030328,0.014516,0.072092,0.058087,0.068404,0.038633,0.050669,0.042884,0.03896,0.026741,0.025281,0.0023685,0.0016453,0.0088597,-0.0021713,-0.026824,-0.017591,-0.019093,-0.014061,-0.046491
-0.0084551,-0.0047951,0.011857,-0.015297,-0.026416,-0.01687,-0.00612,0.0024078,0.00060817,-0.035649,-0.018251,-0.020161,-0.040045,-0.043074,-0.038494,-0.015999,0.024881,0.016409,-0.0076617,-0.0052492,-0.02047,-0.016357,-0.00059186,-0.0055342,-0.0080353,-0.011556,-0.025285,-0.028855,-0.021518,-0.0091705,-0.0035605,0.0073643,0.042989,0.037555,0.043188,0.052636,0.054248,0.037497,0.041298,0.038823,0.0045358,0.023072,0.0025504,0.009811,-0.011916,0.0092559,-0.022368,-0.025012,-0.023782,-0.038103,-0.0501
0.015666,0.023131,0.011494,0.0050039,0.0017266,-0.008274,-0.0030487,0.020978,0.01165,0.00032722,0.020082,-0.0029344,-0.033842,-0.035402,-0.010459,-0.0082279,-0.0022379,0.0050962,0.00083077,-0.016777,-0.0082046,-0.0042157,0.010009,0.018005,0.0041053,0.018717,0.0084868,-0.025078,-0.0048929,0.0071961,0.011591,0.015644,0.027815,0.033781,0.040752,0.055391,0.064182,0.048687,0.062238,0.060694,0.040076,0.034894,0.021334,0.015694,0.011139,0.0029139,-0.0024249,-0.0041547,-0.0030353,-0.029737,-0.033159
0.030557,0.039338,0.021701,0.033848,0.032877,0.0030039,0.0019775,0.00038309,0.013896,0.012756,0.019444,0.0022069,-0.033458,-0.017851,-0.00036988,-0.0093774,0.0028786,-0.0095345,-0.00016578,0.00040753,-0.0088786,-0.026509,-0.024029,-0.0072549,-0.0018896,0.0086003,0.0091408,-0.015637,0.0013984,0.0014876,0.016561,0.012784,0.0032391,0.019035,0.022364,0.044918,0.039246,0.050705,0.055999,0.042841,0.054804,0.021836,0.024292,0.005272,0.017185,0.014557,0.012373,0.014742,0.026323,-0.013213,-0.015719
-0.0046091,0.014571,0.029049,0.043478,0.042027,0.01965,-0.0035816,-0.016978,-0.015595,-0.00841,-0.0012018,-0.016615,0.0030812,-0.01186,-0.0044221,0.0087117,0.017865,-0.0079999,-0.013667,-0.020597,-0.032131,-0.057654,-0.04087,-0.02221,-0.017092,0.0039702,-0.0041902,-0.0076835,-0.0010152,-0.014154,-0.013142,0.018754,0.012493,0.0080474,0.023247,0.019667,0.039799,0.031185,0.022145,0.0065321,0.014115,0.034189,0.031675,0.017758,0.0071103,0.02765,0.03152,0.014902,0.0095001,-0.0098916,-0.034575
0.0030267,0.0024898,0.006252,0.011942,0.026199,3.2469e-06,-0.0094583,-0.03095,-0.0094002,-0.010602,0.0056964,-0.0032664,0.0094245,-0.0064141,-0.012394,-0.010654,-0.00096363,-0.018393,-0.019734,-0.025778,-0.036903,-0.067908,-0.048501,-0.042633,-0.033102,-0.03423,-0.019443,-0.0026782,-0.014027,-0.017791,-0.014322,0.012219,-0.016709,-0.0067641,-0.0054736,-0.0066982,0.0094286,0.040742,0.0091884,0.0056028,0.019832,0.029227,0.011189,0.0062096,-0.0039635,0.0049236,0.019747,-0.005514,-0.0016695,-0.022611,-0.025983
0.0087687,-0.013069,-0.002534,-0.0071756,0.0041756,-0.011485,-0.0056917,-0.036214,-0.006406,0.010147,0.021093,0.0045462,0.0080536,0.0053357,0.0045547,-0.0056213,-0.010451,-0.03883,-0.014573,-0.033008,-0.072626,-0.061869,-0.041163,-0.044726,-0.055227,-0.034558,-0.028097,-0.020649,0.012263,0.00074992,-0.0058324,-0.015734,-0.027585,-0.022529,-0.02978,-0.0091209,-0.0018428,0.019524,0.013461,0.024393,0.016315,0.006652,-0.00095022,0.010863,-0.012903,0.019656,0.0020578,-0.0032159,-0.018858,-0.013686,-0.030505
0.01502,-0.022693,-0.033865,-0.021337,-0.012234,-0.026681,-0.016789,-0.011858,-0.018229,-0.010743,0.0097283,-0.0098589,-0.0053493,-0.0065294,0.0020843,-0.010776,-0.025058,-0.031856,-0.024072,-0.046183,-0.076642,-0.064419,-0.047124,-0.042369,-0.04956,-0.045616,-0.040199,-0.022239,0.019777,0.0068398,0.0048913,-0.0086056,-0.015208,-0.024523,-0.034688,-0.045651,-0.0081981,0.009407,-0.0023682,0.0087221,0.0042473,-0.002819,-0.019088,0.020438,-0.001474,0.013468,-0.011651,-0.02438,-0.053487,-0.025456,-0.025834
0.0069243,-0.004653,-0.00035569,-0.009098,-0.018717,-0.013189,-0.019839,-0.012003,-0.0062861,-0.015019,0.0039603,-0.0032452,-0.013032,-0.015677,-0.033367,-0.035682,-0.0253,-0.031416,-0.042469,-0.050771,-0.065012,-0.055526,-0.024109,-0.04994,-0.035544,-0.065625,-0.051026,-0.0016297,0.024415,0.018382,0.0046372,0.0075192,-0.0021877,-0.02568,-0.048499,-0.049152,-0.022718,-0.016251,-0.020378,-0.018016,-0.012003,0.010944,0.015222,0.0010446,-0.0013947,-0.0021971,0.0019919,-0.045507,-0.038419,-0.039723,-0.022734
0.013841,0.02969,0.0083646,-0.020773,-0.015642,-0.0050353,-0.02958,-0.026773,-0.02313,-0.016842,-0.021667,-0.026853,-0.038102,-0.039573,-0.050695,-0.053318,-0.041313,-0.043328,-0.030279,-0.037403,-0.03583,-0.053432,-0.058914,-0.051895,-0.059239,-0.05718,-0.022495,0.013759,0.035297,0.026673,0.033874,0.018301,-0.0025612,-0.027054,-0.035262,-0.045497,-0.030071,-0.039797,-0.019757,-0.035191,-0.017193,-0.00054099,0.0002972,-0.021555,-0.018162,-0.008951,-0.019334,-0.027105,-0.022573,-0.020746,-0.029096
0.020802,0.026433,0.016742,0.0027133,0.0095052,-0.0031345,-0.043779,-0.041949,-0.023739,-0.033259,-0.031666,-0.040149,-0.073662,-0.041393,-0.035196,-0.054704,-0.047971,-0.060465,-0.05395,-0.042947,-0.05643,-0.055978,-0.049753,-0.041847,-0.028338,-0.035747,6.424e-05,0.02474,0.029664,0.028198,0.048383,0.0070872,-0.0082488,0.0020498,-0.0089322,-0.022435,-0.034636,-0.044029,-0.045702,-0.050134,-0.015527,0.00062738,0.00049148,-0.017141,-0.024368,-0.033984,-0.052458,-0.02721,-0.015243,-0.028923,-0.034617
0.049545,0.040661,0.042152,0.0035803,-0.0063819,-0.021003,-0.03587,-0.022951,-0.014299,-0.024507,-0.022517,-0.045987,-0.042048,-0.062463,-0.043912,-0.036452,-0.060792,-0.062835,-0.054954,-0.046299,-0.044623,-0.047739,-0.028934,-0.030261,-0.019617,0.0050149,0.019562,0.013147,0.034391,0.051,0.031766,0.032215,0.019558,0.012678,-0.01153,-0.0066181,0.0058811,-0.014012,-0.029654,-0.014495,-0.027839,0.0052112,-0.0067306,-0.030984,-0.050658,-0.057423,-0.049774,-0.051433,-0.01864,-0.005466,-0.026144
0.061472,0.046205,0.045581,0.00153,-0.028588,-0.053958,-0.041825,-0.026631,-0.0088775,-0.041072,-0.027634,-0.038765,-0.06765,-0.072972,-0.044612,-0.051114,-0.031775,-0.056216,-0.071235,-0.063761,-0.052912,-0.026863,-0.025286,-0.019363,-0.013321,0.00096989,0.0052536,0.036501,0.039888,0.055329,0.050139,0.030229,0.028193,0.018077,0.0032531,0.013687,0.029812,0.0070311,-0.033353,-0.017091,-0.024311,-0.0082178,-0.032334,-0.028236,-0.0827,-0.058678,-0.058702,-0.023659,-0.031952,-0.030221,-0.033878
0.076462,0.070073,0.05081,-0.017687,-0.026616,-0.054089,-0.020344,-0.041228,-0.02891,-0.034638,-0.047979,-0.065106,-0.061557,-0.05942,-0.038052,-0.029532,-0.034861,-0.054799,-0.054443,-0.060752,-0.040034,-0.034706,-0.038888,-0.025348,-0.024507,-0.006198,0.0012531,0.0059386,0.038721,0.048435,0.050901,0.059994,0.026712,0.042268,0.024599,0.036152,-0.0058102,-0.014035,-0.036309,-0.014444,-0.032124,-0.040433,-0.030698,-0.025761,-0.055244,-0.053604,-0.05554,-0.050171,-0.03621,-0.015266,-0.034682
0.06547,0.066129,0.034039,0.0045522,-0.025582,-0.036216,-0.03462,-0.031969,-0.017894,-0.026271,-0.030824,-0.04769,-0.039939,-0.064844,-0.044466,-0.039742,-0.025388,-0.048977,-0.046716,-0.038305,-0.038262,-0.023591,-0.00062651,-0.0059452,-0.0065776,-0.007477,-0.0070687,0.032995,0.042894,0.05895,0.053594,0.057182,0.016447,0.054915,0.063329,0.026264,-0.008194,-0.011408,-0.02816,-0.022538,-0.013215,-0.016734,-0.0067797,-0.012392,-0.026252,-0.049401,-0.058369,-0.051907,-0.0084513,-0.0089183,-0.043154
0.065548,0.051844,0.014511,-0.0066912,-0.04138,-0.053646,-0.024234,-0.0055636,-0.025639,-0.022681,-0.021422,-0.019346,-0.028132,-0.070144,-0.075033,-0.060342,-0.056476,-0.049219,-0.041641,-0.027993,-0.015035,-0.01047,-0.0068015,-0.010063,-0.010988,-0.0026867,0.0095269,0.033281,0.048867,0.043062,0.040121,0.033562,0.0087656,0.018457,0.039537,-0.011609,-0.0056216,-0.0019787,-0.020501,-0.021404,-0.0020812,-0.0024752,-0.015612,-0.012889,-0.024853,-0.033202,-0.04376,-0.046725,-0.01226,-0.0006666,-0.032714
0.044856,0.039796,0.024834,-0.010458,-0.036,-0.049208,-0.01452,-0.017517,-0.01799,-0.0089835,-0.018389,-0.0029789,-0.035456,-0.053302,-0.079075,-0.058446,-0.047949,-0.067369,-0.056783,-0.036508,-0.023775,0.0019336,0.013955,-0.0051795,-0.012153,-0.0084931,0.0042335,0.016314,0.054577,0.032837,0.030262,0.013965,0.0014517,-0.0012144,-0.0028351,-0.0070908,-0.026131,-0.03369,-0.044144,-0.02694,0.00024011,0.0092416,0.027023,0.0069943,-0.012774,-0.018041,-0.026174,-0.030662,-0.0099612,-0.014164,-0.03305
0.055627,0.039628,0.00016338,-0.0089731,-0.017848,-0.02644,-0.020759,-0.0053757,-0.0090781,-0.0018421,-0.0036588,-0.032861,-0.045116,-0.041645,-0.034721,-0.06331,-0.062088,-0.068091,-0.047096,-0.021109,-0.012115,0.0071452,0.0030667,0.00049595,0.0026689,0.0039639,-0.0048106,0.0077241,0.03374,0.038643,0.034886,0.017216,-0.0029413,-0.023139,-0.013202,-0.021563,-0.026983,-0.030836,-0.027328,-0.005188,0.0019397,-0.0026896,0.016485,0.045671,0.016115,0.0067874,-0.005712,-0.009728,-0.031915,-0.017123,-0.025431
