0.02,0.02,-0.030136,1,0,0
0.04,0.02,-0.048477,1,0,0
0.06,0.02,-0.043056,1,0,0
0.08,0.02,-0.030623,1,0,0
0.1,0.02,-0.047922,1,0,0
0.12,0.02,-0.060244,1,0,0
0.14,0.02,-0.083083,1,0,0
0.16,0.02,-0.076153,1,0,0
0.18,0.02,-0.071114,1,0,0
0.2,0.02,-0.05716,1,0,0
0.22,0.02,-0.061636,1,0,0
0.24,0.02,-0.056518,1,0,0
0.26,0.02,-0.055197,1,0,0
0.28,0.02,-0.056254,1,0,0
0.3,0.02,-0.034177,1,0,0
0.32,0.02,-0.022501,1,0,0
0.34,0.02,-0.013505,1,0,0
0.36,0.02,-0.000735,1,0,0
0.38,0.02,0.041203,1,0,0
0.4,0.02,0.01331,1,0,0
0.42,0.02,0.00062203,1,0,0
0.44,0.02,0.03152,1,0,0
0.46,0.02,0.043803,1,0,0
0.48,0.02,0.0095406,1,0,0
0.5,0.02,0.015194,1,0,0
0.52,0.02,0.002372,1,0,0
0.54,0.02,-0.0037374,1,0,0
0.56,0.02,-0.011557,1,0,0
0.58,0.02,-0.026524,1,0,0
0.6,0.02,-0.037321,1,0,0
0.62,0.02,-0.029032,1,0,0
0.64,0.02,-0.026343,1,0,0
0.66,0.02,-0.039091,1,0,0
0.68,0.02,-0.036243,1,0,0
0.7,0.02,-0.05739,1,0,0
0.72,0.02,-0.043062,1,0,0
0.74,0.02,-0.028449,1,0,0
0.76,0.02,-0.045163,1,0,0
0.78,0.02,-0.064161,1,0,0
0.8,0.02,-0.033835,1,0,0
0.82,0.02,-0.015211,1,0,0
0.84,0.02,-0.026105,1,0,0
0.86,0.02,-0.019737,1,0,0
0.88,0.02,-0.015081,1,0,0
0.9,0.02,-0.013889,1,0,0
0.92,0.02,0.011351,1,0,0
0.94,0.02,0.019481,1,0,0
0.96,0.02,0.0057432,1,0,0
0.98,0.02,0.0095468,1,0,0
0.02,0.04,-0.02258,1,0,0
0.04,0.04,-0.024164,1,0,0
0.06,0.04,-0.038638,1,0,0
0.08,0.04,-0.053527,1,0,0
0.1,0.04,-0.051313,1,0,0
0.12,0.04,-0.050579,1,0,0
0.14,0.04,-0.060111,1,0,0
0.16,0.04,-0.067539,1,0,0
0.18,0.04,-0.071121,1,0,0
0.2,0.04,-0.068402,1,0,0
0.22,0.04,-0.074605,1,0,0
0.24,0.04,-0.094406,1,0,0
0.26,0.04,-0.035544,1,0,0
0.28,0.04,-0.035539,1,0,0
0.3,0.04,-0.033886,1,0,0
0.32,0.04,-0.025045,1,0,0
0.34,0.04,-7.08e-05,1,0,0
0.36,0.04,0.007235,1,0,0
0.38,0.04,0.025818,1,0,0
0.4,0.04,-0.00077995,1,0,0
0.42,0.04,-0.0028417,1,0,0
0.44,0.04,0.016314,1,0,0
0.46,0.04,0.022555,1,0,0
0.48,0.04,0.012643,1,0,0
0.5,0.04,0.010609,1,0,0
0.52,0.04,-0.0059374,1,0,0
0.54,0.04,0.0040382,1,0,0
0.56,0.04,0.0048728,1,0,0
0.58,0.04,-0.013852,1,0,0
0.6,0.04,-0.038428,1,0,0
0.62,0.04,-0.010307,1,0,0
0.64,0.04,-0.0094449,1,0,0
0.66,0.04,-0.012535,1,0,0
0.68,0.04,-0.024001,1,0,0
0.7,0.04,-0.040574,1,0,0
0.72,0.04,-0.048556,1,0,0
0.74,0.04,-0.049254,1,0,0
0.76,0.04,-0.04091,1,0,0
0.78,0.04,-0.035405,1,0,0
0.8,0.04,-0.02386,1,0,0
0.82,0.04,-0.022402,1,0,0
0.84,0.04,-0.010151,1,0,0
0.86,0.04,-0.017625,1,0,0
0.88,0.04,0.0044493,1,0,0
0.9,0.04,-0.0062196,1,0,0
0.92,0.04,0.01398,1,0,0
0.94,0.04,0.011386,1,0,0
0.96,0.04,0.0044133,1,0,0
0.98,0.04,-0.00030895,1,0,0
0.02,0.06,-0.010753,1,0,0
0.04,0.06,-0.033429,1,0,0
0.06,0.06,-0.053488,1,0,0
0.08,0.06,-0.067693,1,0,0
0.1,0.06,-0.062443,1,0,0
0.12,0.06,-0.05706,1,0,0
0.14,0.06,-0.054537,1,0,0
0.16,0.06,-0.071759,1,0,0
0.18,0.06,-0.077753,1,0,0
0.2,0.06,-0.082075,1,0,0
0.22,0.06,-0.060199,1,0,0
0.24,0.06,-0.070331,1,0,0
0.26,0.06,-0.052444,1,0,0
0.28,0.06,-0.020717,1,0,0
0.3,0.06,-0.030296,1,0,0
0.32,0.06,-0.019682,1,0,0
0.34,0.06,-0.0042395,1,0,0
0.36,0.06,-0.014553,1,0,0
0.38,0.06,-0.0157,1,0,0
0.4,0.06,-0.039672,1,0,0
0.42,0.06,-0.0095178,1,0,0
0.44,0.06,-0.011704,1,0,0
0.46,0.06,0.016638,1,0,0
0.48,0.06,0.01343,1,0,0
0.5,0.06,0.0055488,1,0,0
0.52,0.06,-0.024379,1,0,0
0.54,0.06,-0.0073904,1,0,0
0.56,0.06,0.031333,1,0,0
0.58,0.06,-0.0023311,1,0,0
0.6,0.06,-0.015413,1,0,0
0.62,0.06,-0.0019721,1,0,0
0.64,0.06,-0.017371,1,0,0
0.66,0.06,-0.028788,1,0,0
0.68,0.06,-0.033606,1,0,0
0.7,0.06,-0.033978,1,0,0
0.72,0.06,-0.04693,1,0,0
0.74,0.06,-0.050343,1,0,0
0.76,0.06,-0.034204,1,0,0
0.78,0.06,-0.044554,1,0,0
0.8,0.06,-0.0322,1,0,0
0.82,0.06,-0.010235,1,0,0
0.84,0.06,-0.013995,1,0,0
0.86,0.06,-0.01362,1,0,0
0.88,0.06,-0.020092,1,0,0
0.9,0.06,-0.0080964,1,0,0
0.92,0.06,-0.021993,1,0,0
0.94,0.06,-0.029111,1,0,0
0.96,0.06,-0.015124,1,0,0
0.98,0.06,-0.0078263,1,0,0
0.02,0.08,0.001784,1,0,0
0.04,0.08,0.00068271,1,0,0
0.06,0.08,-0.038897,1,0,0
0.08,0.08,-0.059089,1,0,0
0.1,0.08,-0.050661,1,0,0
0.12,0.08,-0.034111,1,0,0
0.14,0.08,-0.047035,1,0,0
0.16,0.08,-0.052495,1,0,0
0.18,0.08,-0.067191,1,0,0
0.2,0.08,-0.074626,1,0,0
0.22,0.08,-0.071095,1,0,0
0.24,0.08,-0.070345,1,0,0
0.26,0.08,-0.041468,1,0,0
0.28,0.08,-0.024243,1,0,0
0.3,0.08,-0.0083339,1,0,0
0.32,0.08,0.0024898,1,0,0
0.34,0.08,-0.0093824,1,0,0
0.36,0.08,-0.035028,1,0,0
0.38,0.08,-0.014847,1,0,0
0.4,0.08,-0.0017914,1,0,0
0.42,0.08,-0.01947,1,0,0
0.44,0.08,-0.02187,1,0,0
0.46,0.08,-0.0031501,1,0,0
0.48,0.08,-0.0064081,1,0,0
0.5,0.08,-0.018434,1,0,0
0.52,0.08,-0.01175,1,0,0
0.54,0.08,0.0073763,1,0,0
0.56,0.08,0.015029,1,0,0
0.58,0.08,0.017028,1,0,0
0.6,0.08,0.01586,1,0,0
0.62,0.08,0.0072108,1,0,0
0.64,0.08,-0.0067857,1,0,0
0.66,0.08,-0.0043064,1,0,0
0.68,0.08,-0.016555,1,0,0
0.7,0.08,-0.01795,1,0,0
0.72,0.08,-0.014237,1,0,0
0.74,0.08,-0.017845,1,0,0
0.76,0.08,-0.021318,1,0,0
0.78,0.08,-0.010769,1,0,0
0.8,0.08,-0.016092,1,0,0
0.82,0.08,-0.025252,1,0,0
0.84,0.08,-0.031038,1,0,0
0.86,0.08,-0.043396,1,0,0
0.88,0.08,-0.042469,1,0,0
0.9,0.08,-0.0052194,1,0,0
0.92,0.08,-0.0050539,1,0,0
0.94,0.08,-0.025306,1,0,0
0.96,0.08,-0.026354,1,0,0
0.98,0.08,0.026001,1,0,0
0.02,0.1,0.00071298,1,0,0
0.04,0.1,0.0090282,1,0,0
0.06,0.1,-0.026406,1,0,0
0.08,0.1,-0.029827,1,0,0
0.1,0.1,-0.023116,1,0,0
0.12,0.1,-0.046001,1,0,0
0.14,0.1,-0.061959,1,0,0
0.16,0.1,-0.045484,1,0,0
0.18,0.1,-0.083503,1,0,0
0.2,0.1,-0.084401,1,0,0
0.22,0.1,-0.064122,1,0,0
0.24,0.1,-0.069637,1,0,0
0.26,0.1,-0.068526,1,0,0
0.28,0.1,-0.040322,1,0,0
0.3,0.1,-0.022743,1,0,0
0.32,0.1,-0.025326,1,0,0
0.34,0.1,-0.026479,1,0,0
0.36,0.1,-0.018601,1,0,0
0.38,0.1,-0.045239,1,0,0
0.4,0.1,-0.029642,1,0,0
0.42,0.1,-0.044,1,0,0
0.44,0.1,-0.018004,1,0,0
0.46,0.1,-0.010253,1,0,0
0.48,0.1,-0.010934,1,0,0
0.5,0.1,-0.033103,1,0,0
0.52,0.1,-0.024624,1,0,0
0.54,0.1,-0.01431,1,0,0
0.56,0.1,-0.020706,1,0,0
0.58,0.1,0.0033158,1,0,0
0.6,0.1,0.003527,1,0,0
0.62,0.1,0.0071506,1,0,0
0.64,0.1,0.00017114,1,0,0
0.66,0.1,0.0038713,1,0,0
0.68,0.1,-0.001127,1,0,0
0.7,0.1,0.001336,1,0,0
0.72,0.1,-0.0067659,1,0,0
0.74,0.1,-0.0023662,1,0,0
0.76,0.1,-0.033439,1,0,0
0.78,0.1,-0.02957,1,0,0
0.8,0.1,-0.053657,1,0,0
0.82,0.1,-0.040722,1,0,0
0.84,0.1,-0.040677,1,0,0
0.86,0.1,-0.034024,1,0,0
0.88,0.1,-0.040498,1,0,0
0.9,0.1,-0.031883,1,0,0
0.92,0.1,-0.048238,1,0,0
0.94,0.1,-0.0313,1,0,0
0.96,0.1,-0.0047723,1,0,0
0.98,0.1,0.0099064,1,0,0
0.02,0.12,0.010329,1,0,0
0.04,0.12,0.020126,1,0,0
0.06,0.12,-0.0088244,1,0,0
0.08,0.12,-0.015423,1,0,0
0.1,0.12,-0.031822,1,0,0
0.12,0.12,-0.032848,1,0,0
0.14,0.12,-0.063775,1,0,0
0.16,0.12,-0.056517,1,0,0
0.18,0.12,-0.074241,1,0,0
0.2,0.12,-0.081786,1,0,0
0.22,0.12,-0.076663,1,0,0
0.24,0.12,-0.066448,1,0,0
0.26,0.12,-0.076176,1,0,0
0.28,0.12,-0.026611,1,0,0
0.3,0.12,-0.034248,1,0,0
0.32,0.12,-0.03162,1,0,0
0.34,0.12,-0.040076,1,0,0
0.36,0.12,-0.037577,1,0,0
0.38,0.12,-0.044077,1,0,0
0.4,0.12,-0.031932,1,0,0
0.42,0.12,-0.036305,1,0,0
0.44,0.12,-0.039178,1,0,0
0.46,0.12,-0.020297,1,0,0
0.48,0.12,-0.027658,1,0,0
0.5,0.12,-0.011969,1,0,0
0.52,0.12,0.0080369,1,0,0
0.54,0.12,-0.00094135,1,0,0
0.56,0.12,-0.017941,1,0,0
0.58,0.12,-0.012027,1,0,0
0.6,0.12,-0.0099037,1,0,0
0.62,0.12,-0.01677,1,0,0
0.64,0.12,-0.01274,1,0,0
0.66,0.12,0.011755,1,0,0
0.68,0.12,-0.010859,1,0,0
0.7,0.12,0.00013659,1,0,0
0.72,0.12,0.004058,1,0,0
0.74,0.12,-0.0063002,1,0,0
0.76,0.12,-0.028887,1,0,0
0.78,0.12,-0.031272,1,0,0
0.8,0.12,-0.044652,1,0,0
0.82,0.12,-0.05232,1,0,0
0.84,0.12,-0.067517,1,0,0
0.86,0.12,-0.036257,1,0,0
0.88,0.12,-0.065982,1,0,0
0.9,0.12,-0.049695,1,0,0
0.92,0.12,-0.051624,1,0,0
0.94,0.12,-0.034223,1,0,0
0.96,0.12,-0.010239,1,0,0
0.98,0.12,-0.0090152,1,0,0
0.02,0.14,0.01609,1,0,0
0.04,0.14,0.044436,1,0,0
0.06,0.14,0.020225,1,0,0
0.08,0.14,0.0024426,1,0,0
0.1,0.14,-0.020473,1,0,0
0.12,0.14,-0.037082,1,0,0
0.14,0.14,-0.068884,1,0,0
0.16,0.14,-0.066438,1,0,0
0.18,0.14,-0.080649,1,0,0
0.2,0.14,-0.059099,1,0,0
0.22,0.14,-0.050681,1,0,0
0.24,0.14,-0.057969,1,0,0
0.26,0.14,-0.07099,1,0,0
0.28,0.14,-0.057274,1,0,0
0.3,0.14,-0.039696,1,0,0
0.32,0.14,-0.040058,1,0,0
0.34,0.14,-0.050659,1,0,0
0.36,0.14,-0.051023,1,0,0
0.38,0.14,-0.041097,1,0,0
0.4,0.14,-0.021822,1,0,0
0.42,0.14,-0.010262,1,0,0
0.44,0.14,-0.038205,1,0,0
0.46,0.14,-0.022223,1,0,0
0.48,0.14,-0.011761,1,0,0
0.5,0.14,-0.0027999,1,0,0
0.52,0.14,0.0032057,1,0,0
0.54,0.14,-0.00042335,1,0,0
0.56,0.14,-0.0054625,1,0,0
0.58,0.14,0.0068457,1,0,0
0.6,0.14,-0.0082104,1,0,0
0.62,0.14,-0.005215,1,0,0
0.64,0.14,-0.025824,1,0,0
0.66,0.14,-0.017245,1,0,0
0.68,0.14,-0.025183,1,0,0
0.7,0.14,-0.0036728,1,0,0
0.72,0.14,0.0022873,1,0,0
0.74,0.14,0.0045369,1,0,0
0.76,0.14,-0.027775,1,0,0
0.78,0.14,-0.027769,1,0,0
0.8,0.14,-0.019921,1,0,0
0.82,0.14,-0.041639,1,0,0
0.84,0.14,-0.033771,1,0,0
0.86,0.14,-0.043902,1,0,0
0.88,0.14,-0.057578,1,0,0
0.9,0.14,-0.057879,1,0,0
0.92,0.14,-0.04959,1,0,0
0.94,0.14,-0.040392,1,0,0
0.96,0.14,-0.015338,1,0,0
0.98,0.14,-0.0025155,1,0,0
0.02,0.16,0.046486,1,0,0
0.04,0.16,0.033923,1,0,0
0.06,0.16,0.034135,1,0,0
0.08,0.16,-0.0028615,1,0,0
0.1,0.16,-0.0067894,1,0,0
0.12,0.16,-0.025313,1,0,0
0.14,0.16,-0.036725,1,0,0
0.16,0.16,-0.053738,1,0,0
0.18,0.16,-0.067188,1,0,0
0.2,0.16,-0.061353,1,0,0
0.22,0.16,-0.055162,1,0,0
0.24,0.16,-0.052889,1,0,0
0.26,0.16,-0.064813,1,0,0
0.28,0.16,-0.046196,1,0,0
0.3,0.16,-0.02059,1,0,0
0.32,0.16,-0.040811,1,0,0
0.34,0.16,-0.02722,1,0,0
0.36,0.16,-0.037805,1,0,0
0.38,0.16,-0.025993,1,0,0
0.4,0.16,0.010679,1,0,0
0.42,0.16,0.012412,1,0,0
0.44,0.16,-0.012694,1,0,0
0.46,0.16,-0.010515,1,0,0
0.48,0.16,-0.002689,1,0,0
0.5,0.16,0.016147,1,0,0
0.52,0.16,-0.00034331,1,0,0
0.54,0.16,0.019592,1,0,0
0.56,0.16,0.015114,1,0,0
0.58,0.16,0.0091974,1,0,0
0.6,0.16,-0.0024638,1,0,0
0.62,0.16,0.0061039,1,0,0
0.64,0.16,-0.0098504,1,0,0
0.66,0.16,-0.031101,1,0,0
0.68,0.16,-0.014605,1,0,0
0.7,0.16,0.0041192,1,0,0
0.72,0.16,-0.01533,1,0,0
0.74,0.16,-0.00094511,1,0,0
0.76,0.16,-0.016652,1,0,0
0.78,0.16,-0.020245,1,0,0
0.8,0.16,-0.035153,1,0,0
0.82,0.16,-0.033909,1,0,0
0.84,0.16,-0.038822,1,0,0
0.86,0.16,-0.036738,1,0,0
0.88,0.16,-0.043831,1,0,0
0.9,0.16,-0.042844,1,0,0
0.92,0.16,-0.027213,1,0,0
0.94,0.16,-0.067031,1,0,0
0.96,0.16,-0.03941,1,0,0
0.98,0.16,-0.018695,1,0,0
0.02,0.18,-0.0063767,1,0,0
0.04,0.18,0.0085834,1,0,0
0.06,0.18,-0.0012101,1,0,0
0.08,0.18,-0.019908,1,0,0
0.1,0.18,-0.011566,1,0,0
0.12,0.18,-0.018707,1,0,0
0.14,0.18,-0.029873,1,0,0
0.16,0.18,-0.058518,1,0,0
0.18,0.18,-0.069484,1,0,0
0.2,0.18,-0.073114,1,0,0
0.22,0.18,-0.072212,1,0,0
0.24,0.18,-0.086778,1,0,0
0.26,0.18,-0.056587,1,0,0
0.28,0.18,-0.074862,1,0,0
0.3,0.18,-0.051309,1,0,0
0.32,0.18,-0.037159,1,0,0
0.34,0.18,-0.03254,1,0,0
0.36,0.18,-0.028025,1,0,0
0.38,0.18,-0.011629,1,0,0
0.4,0.18,-0.008926,1,0,0
0.42,0.18,-0.0025427,1,0,0
0.44,0.18,-0.0044213,1,0,0
0.46,0.18,0.010607,1,0,0
0.48,0.18,-0.0047129,1,0,0
0.5,0.18,-0.014129,1,0,0
0.52,0.18,-0.012132,1,0,0
0.54,0.18,0.0010202,1,0,0
0.56,0.18,0.0023281,1,0,0
0.58,0.18,0.0069378,1,0,0
0.6,0.18,-0.0088065,1,0,0
0.62,0.18,-0.012457,1,0,0
0.64,0.18,-0.045321,1,0,0
0.66,0.18,-0.054409,1,0,0
0.68,0.18,-0.029306,1,0,0
0.7,0.18,-0.01667,1,0,0
0.72,0.18,-0.020637,1,0,0
0.74,0.18,-0.014575,1,0,0
0.76,0.18,-0.025779,1,0,0
0.78,0.18,-0.034922,1,0,0
0.8,0.18,-0.054111,1,0,0
0.82,0.18,-0.073262,1,0,0
0.84,0.18,-0.057076,1,0,0
0.86,0.18,-0.041968,1,0,0
0.88,0.18,-0.058507,1,0,0
0.9,0.18,-0.059308,1,0,0
0.92,0.18,-0.067988,1,0,0
0.94,0.18,-0.077903,1,0,0
0.96,0.18,-0.06463,1,0,0
0.98,0.18,-0.042503,1,0,0
0.02,0.2,-0.00087645,1,0,0
0.04,0.2,0.00050657,1,0,0
0.06,0.2,-0.027624,1,0,0
0.08,0.2,-0.029582,1,0,0
0.1,0.2,-0.048165,1,0,0
0.12,0.2,-0.02122,1,0,0
0.14,0.2,-0.021942,1,0,0
0.16,0.2,-0.04612,1,0,0
0.18,0.2,-0.051795,1,0,0
0.2,0.2,-0.078805,1,0,0
0.22,0.2,-0.062604,1,0,0
0.24,0.2,-0.068975,1,0,0
0.26,0.2,-0.068953,1,0,0
0.28,0.2,-0.071844,1,0,0
0.3,0.2,-0.055365,1,0,0
0.32,0.2,-0.052048,1,0,0
0.34,0.2,-0.03157,1,0,0
0.36,0.2,-0.0066229,1,0,0
0.38,0.2,0.016583,1,0,0
0.4,0.2,0.017949,1,0,0
0.42,0.2,0.015921,1,0,0
0.44,0.2,0.023302,1,0,0
0.46,0.2,0.0014632,1,0,0
0.48,0.2,-0.027017,1,0,0
0.5,0.2,-0.026278,1,0,0
0.52,0.2,-0.030685,1,0,0
0.54,0.2,-0.01459,1,0,0
0.56,0.2,0.015042,1,0,0
0.58,0.2,0.0053046,1,0,0
0.6,0.2,-0.0083722,1,0,0
0.62,0.2,-0.0082025,1,0,0
0.64,0.2,-0.035623,1,0,0
0.66,0.2,-0.026686,1,0,0
0.68,0.2,-0.026687,1,0,0
0.7,0.2,-0.031176,1,0,0
0.72,0.2,-0.043479,1,0,0
0.74,0.2,-0.025285,1,0,0
0.76,0.2,-0.025063,1,0,0
0.78,0.2,-0.052327,1,0,0
0.8,0.2,-0.038337,1,0,0
0.82,0.2,-0.066011,1,0,0
0.84,0.2,-0.092939,1,0,0
0.86,0.2,-0.06744,1,0,0
0.88,0.2,-0.067478,1,0,0
0.9,0.2,-0.072693,1,0,0
0.92,0.2,-0.077673,1,0,0
0.94,0.2,-0.072091,1,0,0
0.96,0.2,-0.061822,1,0,0
0.98,0.2,-0.037238,1,0,0
0.02,0.22,-0.04412,1,0,0
0.04,0.22,-0.046016,1,0,0
0.06,0.22,-0.043034,1,0,0
0.08,0.22,-0.064257,1,0,0
0.1,0.22,-0.046807,1,0,0
0.12,0.22,-0.047364,1,0,0
0.14,0.22,-0.051189,1,0,0
0.16,0.22,-0.057084,1,0,0
0.18,0.22,-0.083674,1,0,0
0.2,0.22,-0.04726,1,0,0
0.22,0.22,-0.07,1,0,0
0.24,0.22,-0.07155,1,0,0
0.26,0.22,-0.077366,1,0,0
0.28,0.22,-0.084397,1,0,0
0.3,0.22,-0.064878,1,0,0
0.32,0.22,-0.026227,1,0,0
0.34,0.22,-0.028024,1,0,0
0.36,0.22,-0.0053233,1,0,0
0.38,0.22,0.026202,1,0,0
0.4,0.22,0.021104,1,0,0
0.42,0.22,-0.00078865,1,0,0
0.44,0.22,0.0030237,1,0,0
0.46,0.22,-0.0072871,1,0,0
0.48,0.22,-0.021274,1,0,0
0.5,0.22,-0.021671,1,0,0
0.52,0.22,-0.037251,1,0,0
0.54,0.22,-0.029823,1,0,0
0.56,0.22,-0.012186,1,0,0
0.58,0.22,-0.0070519,1,0,0
0.6,0.22,-0.01321,1,0,0
0.62,0.22,-0.024628,1,0,0
0.64,0.22,-0.026751,1,0,0
0.66,0.22,-0.034594,1,0,0
0.68,0.22,-0.028681,1,0,0
0.7,0.22,-0.048218,1,0,0
0.72,0.22,-0.054023,1,0,0
0.74,0.22,-0.046541,1,0,0
0.76,0.22,-0.083966,1,0,0
0.78,0.22,-0.064657,1,0,0
0.8,0.22,-0.065602,1,0,0
0.82,0.22,-0.070636,1,0,0
0.84,0.22,-0.099656,1,0,0
0.86,0.22,-0.10203,1,0,0
0.88,0.22,-0.099598,1,0,0
0.9,0.22,-0.089475,1,0,0
0.92,0.22,-0.10001,1,0,0
0.94,0.22,-0.092469,1,0,0
0.96,0.22,-0.095285,1,0,0
0.98,0.22,-0.051085,1,0,0
0.02,0.24,-0.048005,1,0,0
0.04,0.24,-0.055125,1,0,0
0.06,0.24,-0.080625,1,0,0
0.08,0.24,-0.064734,1,0,0
0.1,0.24,-0.073273,1,0,0
0.12,0.24,-0.063841,1,0,0
0.14,0.24,-0.07595,1,0,0
0.16,0.24,-0.056467,1,0,0
0.18,0.24,-0.081963,1,0,0
0.2,0.24,-0.063535,1,0,0
0.22,0.24,-0.064287,1,0,0
0.24,0.24,-0.064733,1,0,0
0.26,0.24,-0.076523,1,0,0
0.28,0.24,-0.064721,1,0,0
0.3,0.24,-0.052817,1,0,0
0.32,0.24,-0.039132,1,0,0
0.34,0.24,-0.018601,1,0,0
0.36,0.24,7.7199e-05,1,0,0
0.38,0.24,0.01103,1,0,0
0.4,0.24,0.0036314,1,0,0
0.42,0.24,-0.02714,1,0,0
0.44,0.24,-0.014042,1,0,0
0.46,0.24,-0.012509,1,0,0
0.48,0.24,-0.017315,1,0,0
0.5,0.24,-0.011347,1,0,0
0.52,0.24,-0.017977,1,0,0
0.54,0.24,-0.011688,1,0,0
0.56,0.24,-0.010452,1,0,0
0.58,0.24,-0.030924,1,0,0
0.6,0.24,-0.038724,1,0,0
0.62,0.24,-0.023831,1,0,0
0.64,0.24,-0.023232,1,0,0
0.66,0.24,-0.03419,1,0,0
0.68,0.24,-0.040098,1,0,0
0.7,0.24,-0.055266,1,0,0
0.72,0.24,-0.07978,1,0,0
0.74,0.24,-0.067036,1,0,0
0.76,0.24,-0.065208,1,0,0
0.78,0.24,-0.074305,1,0,0
0.8,0.24,-0.070394,1,0,0
0.82,0.24,-0.072244,1,0,0
0.84,0.24,-0.094008,1,0,0
0.86,0.24,-0.10686,1,0,0
0.88,0.24,-0.10767,1,0,0
0.9,0.24,-0.095562,1,0,0
0.92,0.24,-0.094747,1,0,0
0.94,0.24,-0.088709,1,0,0
0.96,0.24,-0.085337,1,0,0
0.98,0.24,-0.056915,1,0,0
0.02,0.26,-0.055656,1,0,0
0.04,0.26,-0.05325,1,0,0
0.06,0.26,-0.089402,1,0,0
0.08,0.26,-0.076394,1,0,0
0.1,0.26,-0.076418,1,0,0
0.12,0.26,-0.083598,1,0,0
0.14,0.26,-0.099368,1,0,0
0.16,0.26,-0.072394,1,0,0
0.18,0.26,-0.067753,1,0,0
0.2,0.26,-0.047902,1,0,0
0.22,0.26,-0.057899,1,0,0
0.24,0.26,-0.081437,1,0,0
0.26,0.26,-0.064386,1,0,0
0.28,0.26,-0.056158,1,0,0
0.3,0.26,-0.072238,1,0,0
0.32,0.26,-0.046555,1,0,0
0.34,0.26,-0.027125,1,0,0
0.36,0.26,-0.0047499,1,0,0
0.38,0.26,0.016974,1,0,0
0.4,0.26,0.0020009,1,0,0
0.42,0.26,-0.011234,1,0,0
0.44,0.26,-0.011266,1,0,0
0.46,0.26,-0.0012217,1,0,0
0.48,0.26,-0.0086434,1,0,0
0.5,0.26,-0.016463,1,0,0
0.52,0.26,-0.025579,1,0,0
0.54,0.26,-0.017043,1,0,0
0.56,0.26,-0.0095111,1,0,0
0.58,0.26,-0.035632,1,0,0
0.6,0.26,-0.027725,1,0,0
0.62,0.26,-0.0089218,1,0,0
0.64,0.26,-0.022159,1,0,0
0.66,0.26,-0.039312,1,0,0
0.68,0.26,-0.064922,1,0,0
0.7,0.26,-0.067698,1,0,0
0.72,0.26,-0.07816,1,0,0
0.74,0.26,-0.0867,1,0,0
0.76,0.26,-0.067043,1,0,0
0.78,0.26,-0.072839,1,0,0
0.8,0.26,-0.084323,1,0,0
0.82,0.26,-0.085314,1,0,0
0.84,0.26,-0.084851,1,0,0
0.86,0.26,-0.10612,1,0,0
0.88,0.26,-0.13135,1,0,0
0.9,0.26,-0.10383,1,0,0
0.92,0.26,-0.094861,1,0,0
0.94,0.26,-0.066723,1,0,0
0.96,0.26,-0.069622,1,0,0
0.98,0.26,-0.058064,1,0,0
0.02,0.28,-0.033908,1,0,0
0.04,0.28,-0.054439,1,0,0
0.06,0.28,-0.061165,1,0,0
0.08,0.28,-0.080186,1,0,0
0.1,0.28,-0.064755,1,0,0
0.12,0.28,-0.076824,1,0,0
0.14,0.28,-0.075777,1,0,0
0.16,0.28,-0.077352,1,0,0
0.18,0.28,-0.070081,1,0,0
0.2,0.28,-0.071117,1,0,0
0.22,0.28,-0.080095,1,0,0
0.24,0.28,-0.091132,1,0,0
0.26,0.28,-0.07304,1,0,0
0.28,0.28,-0.055559,1,0,0
0.3,0.28,-0.05192,1,0,0
0.32,0.28,-0.051274,1,0,0
0.34,0.28,-0.027915,1,0,0
0.36,0.28,-0.017416,1,0,0
0.38,0.28,0.0072589,1,0,0
0.4,0.28,0.018922,1,0,0
0.42,0.28,-0.00084011,1,0,0
0.44,0.28,0.0029826,1,0,0
0.46,0.28,0.0094158,1,0,0
0.48,0.28,-0.011546,1,0,0
0.5,0.28,-0.015182,1,0,0
0.52,0.28,-0.022224,1,0,0
0.54,0.28,-0.025119,1,0,0
0.56,0.28,-0.0278,1,0,0
0.58,0.28,-0.037617,1,0,0
0.6,0.28,-0.036112,1,0,0
0.62,0.28,-0.016284,1,0,0
0.64,0.28,0.0071658,1,0,0
0.66,0.28,-0.015076,1,0,0
0.68,0.28,-0.055743,1,0,0
0.7,0.28,-0.063929,1,0,0
0.72,0.28,-0.063937,1,0,0
0.74,0.28,-0.064069,1,0,0
0.76,0.28,-0.081927,1,0,0
0.78,0.28,-0.084122,1,0,0
0.8,0.28,-0.095407,1,0,0
0.82,0.28,-0.096539,1,0,0
0.84,0.28,-0.098514,1,0,0
0.86,0.28,-0.10705,1,0,0
0.88,0.28,-0.11931,1,0,0
0.9,0.28,-0.086106,1,0,0
0.92,0.28,-0.056484,1,0,0
0.94,0.28,-0.050133,1,0,0
0.96,0.28,-0.0498,1,0,0
0.98,0.28,-0.053807,1,0,0
0.02,0.3,-0.047955,1,0,0
0.04,0.3,-0.063952,1,0,0
0.06,0.3,-0.086773,1,0,0
0.08,0.3,-0.065846,1,0,0
0.1,0.3,-0.039156,1,0,0
0.12,0.3,-0.071447,1,0,0
0.14,0.3,-0.075811,1,0,0
0.16,0.3,-0.069132,1,0,0
0.18,0.3,-0.078127,1,0,0
0.2,0.3,-0.078061,1,0,0
0.22,0.3,-0.072276,1,0,0
0.24,0.3,-0.10746,1,0,0
0.26,0.3,-0.092811,1,0,0
0.28,0.3,-0.070478,1,0,0
0.3,0.3,-0.041293,1,0,0
0.32,0.3,-0.056219,1,0,0
0.34,0.3,-0.03578,1,0,0
0.36,0.3,-0.029362,1,0,0
0.38,0.3,-0.0083155,1,0,0
0.4,0.3,-0.0017006,1,0,0
0.42,0.3,-0.021442,1,0,0
0.44,0.3,-0.012624,1,0,0
0.46,0.3,-0.0066841,1,0,0
0.48,0.3,-0.0012659,1,0,0
0.5,0.3,0.0048077,1,0,0
0.52,0.3,-0.018838,1,0,0
0.54,0.3,-0.025201,1,0,0
0.56,0.3,-0.033745,1,0,0
0.58,0.3,-0.026905,1,0,0
0.6,0.3,-0.027516,1,0,0
0.62,0.3,-0.015538,1,0,0
0.64,0.3,-0.0081369,1,0,0
0.66,0.3,-0.024379,1,0,0
0.68,0.3,-0.061166,1,0,0
0.7,0.3,-0.058571,1,0,0
0.72,0.3,-0.054213,1,0,0
0.74,0.3,-0.055376,1,0,0
0.76,0.3,-0.075614,1,0,0
0.78,0.3,-0.099351,1,0,0
0.8,0.3,-0.092775,1,0,0
0.82,0.3,-0.087962,1,0,0
0.84,0.3,-0.097379,1,0,0
0.86,0.3,-0.12575,1,0,0
0.88,0.3,-0.086312,1,0,0
0.9,0.3,-0.059181,1,0,0
0.92,0.3,-0.05081,1,0,0
0.94,0.3,-0.044948,1,0,0
0.96,0.3,-0.044061,1,0,0
0.98,0.3,-0.059207,1,0,0
0.02,0.32,-0.014578,1,0,0
0.04,0.32,-0.033495,1,0,0
0.06,0.32,-0.058153,1,0,0
0.08,0.32,-0.060066,1,0,0
0.1,0.32,-0.059613,1,0,0
0.12,0.32,-0.063954,1,0,0
0.14,0.32,-0.072906,1,0,0
0.16,0.32,-0.065787,1,0,0
0.18,0.32,-0.058694,1,0,0
0.2,0.32,-0.048901,1,0,0
0.22,0.32,-0.05511,1,0,0
0.24,0.32,-0.056314,1,0,0
0.26,0.32,-0.060593,1,0,0
0.28,0.32,-0.059529,1,0,0
0.3,0.32,-0.069566,1,0,0
0.32,0.32,-0.053283,1,0,0
0.34,0.32,-0.040402,1,0,0
0.36,0.32,-0.013604,1,0,0
0.38,0.32,0.007873,1,0,0
0.4,0.32,0.0036512,1,0,0
0.42,0.32,-0.013955,1,0,0
0.44,0.32,-0.015539,1,0,0
0.46,0.32,0.024554,1,0,0
0.48,0.32,-0.010135,1,0,0
0.5,0.32,-0.014373,1,0,0
0.52,0.32,0.0051878,1,0,0
0.54,0.32,0.0016853,1,0,0
0.56,0.32,-0.0077737,1,0,0
0.58,0.32,0.0021222,1,0,0
0.6,0.32,-0.00058369,1,0,0
0.62,0.32,0.010917,1,0,0
0.64,0.32,0.017397,1,0,0
0.66,0.32,-0.0013357,1,0,0
0.68,0.32,-0.045621,1,0,0
0.7,0.32,-0.063725,1,0,0
0.72,0.32,-0.067294,1,0,0
0.74,0.32,-0.052812,1,0,0
0.76,0.32,-0.051911,1,0,0
0.78,0.32,-0.063009,1,0,0
0.8,0.32,-0.053469,1,0,0
0.82,0.32,-0.066126,1,0,0
0.84,0.32,-0.078128,1,0,0
0.86,0.32,-0.080259,1,0,0
0.88,0.32,-0.096398,1,0,0
0.9,0.32,-0.057149,1,0,0
0.92,0.32,-0.053055,1,0,0
0.94,0.32,-0.04735,1,0,0
0.96,0.32,-0.040394,1,0,0
0.98,0.32,-0.058566,1,0,0
0.02,0.34,-0.012058,1,0,0
0.04,0.34,-0.035518,1,0,0
0.06,0.34,-0.059522,1,0,0
0.08,0.34,-0.039018,1,0,0
0.1,0.34,-0.051184,1,0,0
0.12,0.34,-0.054349,1,0,0
0.14,0.34,-0.067038,1,0,0
0.16,0.34,-0.052935,1,0,0
0.18,0.34,-0.057205,1,0,0
0.2,0.34,-0.045292,1,0,0
0.22,0.34,-0.050299,1,0,0
0.24,0.34,-0.044431,1,0,0
0.26,0.34,-0.068034,1,0,0
0.28,0.34,-0.058924,1,0,0
0.3,0.34,-0.076497,1,0,0
0.32,0.34,-0.064154,1,0,0
0.34,0.34,-0.035405,1,0,0
0.36,0.34,0.0019754,1,0,0
0.38,0.34,-0.00098732,1,0,0
0.4,0.34,-0.010706,1,0,0
0.42,0.34,-0.04087,1,0,0
0.44,0.34,-0.023494,1,0,0
0.46,0.34,-0.010909,1,0,0
0.48,0.34,-0.011017,1,0,0
0.5,0.34,-0.0059081,1,0,0
0.52,0.34,-0.0050545,1,0,0
0.54,0.34,0.02008,1,0,0
0.56,0.34,0.028526,1,0,0
0.58,0.34,0.0073678,1,0,0
0.6,0.34,0.0056552,1,0,0
0.62,0.34,0.023974,1,0,0
0.64,0.34,0.0079424,1,0,0
0.66,0.34,0.0057706,1,0,0
0.68,0.34,-0.025033,1,0,0
0.7,0.34,-0.034851,1,0,0
0.72,0.34,-0.075727,1,0,0
0.74,0.34,-0.051852,1,0,0
0.76,0.34,-0.03496,1,0,0
0.78,0.34,-0.045166,1,0,0
0.8,0.34,-0.042617,1,0,0
0.82,0.34,-0.038246,1,0,0
0.84,0.34,-0.066854,1,0,0
0.86,0.34,-0.073977,1,0,0
0.88,0.34,-0.077351,1,0,0
0.9,0.34,-0.057724,1,0,0
0.92,0.34,-0.05026,1,0,0
0.94,0.34,-0.05073,1,0,0
0.96,0.34,-0.036604,1,0,0
0.98,0.34,-0.043123,1,0,0
0.02,0.36,-0.047377,1,0,0
0.04,0.36,-0.037566,1,0,0
0.06,0.36,-0.049521,1,0,0
0.08,0.36,-0.051591,1,0,0
0.1,0.36,-0.050735,1,0,0
0.12,0.36,-0.024845,1,0,0
0.14,0.36,-0.047414,1,0,0
0.16,0.36,-0.053786,1,0,0
0.18,0.36,-0.074054,1,0,0
0.2,0.36,-0.025946,1,0,0
0.22,0.36,-0.055305,1,0,0
0.24,0.36,-0.045456,1,0,0
0.26,0.36,-0.0602,1,0,0
0.28,0.36,-0.074535,1,0,0
0.3,0.36,-0.076203,1,0,0
0.32,0.36,-0.056952,1,0,0
0.34,0.36,-0.031508,1,0,0
0.36,0.36,-0.0093072,1,0,0
0.38,0.36,-0.016552,1,0,0
0.4,0.36,-0.0042903,1,0,0
0.42,0.36,-0.030425,1,0,0
0.44,0.36,-0.036616,1,0,0
0.46,0.36,-0.024915,1,0,0
0.48,0.36,-0.0062719,1,0,0
0.5,0.36,0.00073056,1,0,0
0.52,0.36,0.0049252,1,0,0
0.54,0.36,0.021566,1,0,0
0.56,0.36,0.034744,1,0,0
0.58,0.36,0.023693,1,0,0
0.6,0.36,-0.0018128,1,0,0
0.62,0.36,0.023807,1,0,0
0.64,0.36,0.026805,1,0,0
0.66,0.36,-0.0016535,1,0,0
0.68,0.36,-0.012027,1,0,0
0.7,0.36,-0.023787,1,0,0
0.72,0.36,-0.063996,1,0,0
0.74,0.36,-0.044315,1,0,0
0.76,0.36,-0.055329,1,0,0
0.78,0.36,-0.038658,1,0,0
0.8,0.36,-0.033168,1,0,0
0.82,0.36,-0.050107,1,0,0
0.84,0.36,-0.059138,1,0,0
0.86,0.36,-0.069925,1,0,0
0.88,0.36,-0.077241,1,0,0
0.9,0.36,-0.052607,1,0,0
0.92,0.36,-0.045791,1,0,0
0.94,0.36,-0.062697,1,0,0
0.96,0.36,-0.080755,1,0,0
0.98,0.36,-0.045695,1,0,0
0.02,0.38,-0.041792,1,0,0
0.04,0.38,-0.040191,1,0,0
0.06,0.38,-0.043856,1,0,0
0.08,0.38,-0.044929,1,0,0
0.1,0.38,-0.043079,1,0,0
0.12,0.38,-0.021496,1,0,0
0.14,0.38,-0.032617,1,0,0
0.16,0.38,-0.054768,1,0,0
0.18,0.38,-0.050337,1,0,0
0.2,0.38,-0.028357,1,0,0
0.22,0.38,-0.043237,1,0,0
0.24,0.38,-0.045538,1,0,0
0.26,0.38,-0.079031,1,0,0
0.28,0.38,-0.082418,1,0,0
0.3,0.38,-0.090782,1,0,0
0.32,0.38,-0.064496,1,0,0
0.34,0.38,-0.047283,1,0,0
0.36,0.38,-0.019651,1,0,0
0.38,0.38,-0.00024975,1,0,0
0.4,0.38,0.0062388,1,0,0
0.42,0.38,-0.012018,1,0,0
0.44,0.38,-0.018628,1,0,0
0.46,0.38,-0.018166,1,0,0
0.48,0.38,-0.015192,1,0,0
0.5,0.38,0.0089081,1,0,0
0.52,0.38,0.0051369,1,0,0
0.54,0.38,0.011055,1,0,0
0.56,0.38,0.048839,1,0,0
0.58,0.38,0.045974,1,0,0
0.6,0.38,0.036338,1,0,0
0.62,0.38,0.022155,1,0,0
0.64,0.38,0.011625,1,0,0
0.66,0.38,-0.0090982,1,0,0
0.68,0.38,-0.035286,1,0,0
0.7,0.38,-0.033315,1,0,0
0.72,0.38,-0.048332,1,0,0
0.74,0.38,-0.035712,1,0,0
0.76,0.38,-0.038822,1,0,0
0.78,0.38,-0.030479,1,0,0
0.8,0.38,-0.019298,1,0,0
0.82,0.38,-0.039769,1,0,0
0.84,0.38,-0.081525,1,0,0
0.86,0.38,-0.048864,1,0,0
0.88,0.38,-0.072786,1,0,0
0.9,0.38,-0.050724,1,0,0
0.92,0.38,-0.057746,1,0,0
0.94,0.38,-0.065086,1,0,0
0.96,0.38,-0.075233,1,0,0
0.98,0.38,-0.041912,1,0,0
0.02,0.4,-0.034263,1,0,0
0.04,0.4,-0.015795,1,0,0
0.06,0.4,-0.039223,1,0,0
0.08,0.4,-0.02908,1,0,0
0.1,0.4,-0.018487,1,0,0
0.12,0.4,-0.027404,1,0,0
0.14,0.4,-0.026238,1,0,0
0.16,0.4,-0.042639,1,0,0
0.18,0.4,-0.048378,1,0,0
0.2,0.4,-0.064353,1,0,0
0.22,0.4,-0.046496,1,0,0
0.24,0.4,-0.064832,1,0,0
0.26,0.4,-0.062964,1,0,0
0.28,0.4,-0.090005,1,0,0
0.3,0.4,-0.067245,1,0,0
0.32,0.4,-0.060982,1,0,0
0.34,0.4,-0.061785,1,0,0
0.36,0.4,-0.021447,1,0,0
0.38,0.4,-0.002736,1,0,0
0.4,0.4,-0.0029257,1,0,0
0.42,0.4,-0.0022168,1,0,0
0.44,0.4,0.0075824,1,0,0
0.46,0.4,-0.0018221,1,0,0
0.48,0.4,-0.006054,1,0,0
0.5,0.4,0.0058274,1,0,0
0.52,0.4,0.027824,1,0,0
0.54,0.4,0.038521,1,0,0
0.56,0.4,0.055678,1,0,0
0.58,0.4,0.051438,1,0,0
0.6,0.4,0.034195,1,0,0
0.62,0.4,0.036037,1,0,0
0.64,0.4,-0.0060678,1,0,0
0.66,0.4,-0.019892,1,0,0
0.68,0.4,-0.033343,1,0,0
0.7,0.4,-0.040854,1,0,0
0.72,0.4,-0.053161,1,0,0
0.74,0.4,-0.024303,1,0,0
0.76,0.4,-0.030697,1,0,0
0.78,0.4,-0.042453,1,0,0
0.8,0.4,-0.028555,1,0,0
0.82,0.4,-0.053025,1,0,0
0.84,0.4,-0.05395,1,0,0
0.86,0.4,-0.038046,1,0,0
0.88,0.4,-0.049392,1,0,0
0.9,0.4,-0.045229,1,0,0
0.92,0.4,-0.05969,1,0,0
0.94,0.4,-0.04865,1,0,0
0.96,0.4,-0.046441,1,0,0
0.98,0.4,-0.046777,1,0,0
0.02,0.42,-0.027635,1,0,0
0.04,0.42,-0.031475,1,0,0
0.06,0.42,-0.022444,1,0,0
0.08,0.42,-0.024926,1,0,0
0.1,0.42,-0.018381,1,0,0
0.12,0.42,-0.025096,1,0,0
0.14,0.42,-0.02993,1,0,0
0.16,0.42,-0.036942,1,0,0
0.18,0.42,-0.051474,1,0,0
0.2,0.42,-0.064153,1,0,0
0.22,0.42,-0.062401,1,0,0
0.24,0.42,-0.062548,1,0,0
0.26,0.42,-0.067385,1,0,0
0.28,0.42,-0.077893,1,0,0
0.3,0.42,-0.042643,1,0,0
0.32,0.42,-0.059002,1,0,0
0.34,0.42,-0.044969,1,0,0
0.36,0.42,-0.049398,1,0,0
0.38,0.42,-0.002209,1,0,0
0.4,0.42,-0.00093962,1,0,0
0.42,0.42,-0.0097238,1,0,0
0.44,0.42,0.010279,1,0,0
0.46,0.42,0.02437,1,0,0
0.48,0.42,0.0094879,1,0,0
0.5,0.42,0.053574,1,0,0
0.52,0.42,0.059125,1,0,0
0.54,0.42,0.081885,1,0,0
0.56,0.42,0.061296,1,0,0
0.58,0.42,0.047515,1,0,0
0.6,0.42,0.041726,1,0,0
0.62,0.42,0.0064693,1,0,0
0.64,0.42,-0.025286,1,0,0
0.66,0.42,-0.039796,1,0,0
0.68,0.42,-0.043219,1,0,0
0.7,0.42,-0.057043,1,0,0
0.72,0.42,-0.048726,1,0,0
0.74,0.42,-0.038908,1,0,0
0.76,0.42,-0.039117,1,0,0
0.78,0.42,-0.045273,1,0,0
0.8,0.42,-0.034985,1,0,0
0.82,0.42,-0.050926,1,0,0
0.84,0.42,-0.038915,1,0,0
0.86,0.42,-0.027991,1,0,0
0.88,0.42,-0.037581,1,0,0
0.9,0.42,-0.050467,1,0,0
0.92,0.42,-0.044347,1,0,0
0.94,0.42,-0.058862,1,0,0
0.96,0.42,-0.055871,1,0,0
0.98,0.42,-0.03741,1,0,0
0.02,0.44,-0.00476,1,0,0
0.04,0.44,0.0095763,1,0,0
0.06,0.44,-0.0026699,1,0,0
0.08,0.44,-0.024271,1,0,0
0.1,0.44,-0.00097112,1,0,0
0.12,0.44,-0.045205,1,0,0
0.14,0.44,-0.047001,1,0,0
0.16,0.44,-0.041182,1,0,0
0.18,0.44,-0.060114,1,0,0
0.2,0.44,-0.030094,1,0,0
0.22,0.44,-0.013446,1,0,0
0.24,0.44,-0.045493,1,0,0
0.26,0.44,-0.065342,1,0,0
0.28,0.44,-0.064523,1,0,0
0.3,0.44,-0.044038,1,0,0
0.32,0.44,-0.053251,1,0,0
0.34,0.44,-0.050906,1,0,0
0.36,0.44,-0.051614,1,0,0
0.38,0.44,-0.014199,1,0,0
0.4,0.44,0.01046,1,0,0
0.42,0.44,0.03201,1,0,0
0.44,0.44,0.0057599,1,0,0
0.46,0.44,0.023684,1,0,0
0.48,0.44,0.04906,1,0,0
0.5,0.44,0.083411,1,0,0
0.52,0.44,0.073552,1,0,0
0.54,0.44,0.081977,1,0,0
0.56,0.44,0.070871,1,0,0
0.58,0.44,0.052664,1,0,0
0.6,0.44,0.049507,1,0,0
0.62,0.44,0.031131,1,0,0
0.64,0.44,-0.014074,1,0,0
0.66,0.44,-0.049465,1,0,0
0.68,0.44,-0.053366,1,0,0
0.7,0.44,-0.052611,1,0,0
0.72,0.44,-0.057176,1,0,0
0.74,0.44,-0.04541,1,0,0
0.76,0.44,-0.047437,1,0,0
0.78,0.44,-0.036199,1,0,0
0.8,0.44,-0.020623,1,0,0
0.82,0.44,-0.015822,1,0,0
0.84,0.44,-0.0087595,1,0,0
0.86,0.44,-0.035734,1,0,0
0.88,0.44,-0.033605,1,0,0
0.9,0.44,-0.026631,1,0,0
0.92,0.44,-0.045867,1,0,0
0.94,0.44,-0.045522,1,0,0
0.96,0.44,-0.028651,1,0,0
0.98,0.44,-0.029598,1,0,0
0.02,0.46,-0.03735,1,0,0
0.04,0.46,0.015562,1,0,0
0.06,0.46,-0.0017332,1,0,0
0.08,0.46,-0.021601,1,0,0
0.1,0.46,-0.029109,1,0,0
0.12,0.46,-0.020506,1,0,0
0.14,0.46,-0.038524,1,0,0
0.16,0.46,-0.051882,1,0,0
0.18,0.46,-0.054276,1,0,0
0.2,0.46,-0.048307,1,0,0
0.22,0.46,-0.040394,1,0,0
0.24,0.46,-0.070632,1,0,0
0.26,0.46,-0.066118,1,0,0
0.28,0.46,-0.057987,1,0,0
0.3,0.46,-0.060086,1,0,0
0.32,0.46,-0.050205,1,0,0
0.34,0.46,-0.028159,1,0,0
0.36,0.46,-0.035766,1,0,0
0.38,0.46,-0.022904,1,0,0
0.4,0.46,0.010752,1,0,0
0.42,0.46,0.0096456,1,0,0
0.44,0.46,-0.0021106,1,0,0
0.46,0.46,0.022142,1,0,0
0.48,0.46,0.050225,1,0,0
0.5,0.46,0.064811,1,0,0
0.52,0.46,0.066749,1,0,0
0.54,0.46,0.068404,1,0,0
0.56,0.46,0.064263,1,0,0
0.58,0.46,0.041168,1,0,0
0.6,0.46,0.026558,1,0,0
0.62,0.46,0.01048,1,0,0
0.64,0.46,-0.020661,1,0,0
0.66,0.46,-0.027203,1,0,0
0.68,0.46,-0.063641,1,0,0
0.7,0.46,-0.048961,1,0,0
0.72,0.46,-0.058107,1,0,0
0.74,0.46,-0.064683,1,0,0
0.76,0.46,-0.058277,1,0,0
0.78,0.46,-0.046575,1,0,0
0.8,0.46,-0.039643,1,0,0
0.82,0.46,-0.059663,1,0,0
0.84,0.46,-0.046253,1,0,0
0.86,0.46,-0.047154,1,0,0
0.88,0.46,-0.068184,1,0,0
0.9,0.46,-0.047733,1,0,0
0.92,0.46,-0.046985,1,0,0
0.94,0.46,-0.043021,1,0,0
0.96,0.46,-0.023235,1,0,0
0.98,0.46,-0.016196,1,0,0
0.02,0.48,-0.033667,1,0,0
0.04,0.48,-0.00017752,1,0,0
0.06,0.48,-0.020159,1,0,0
0.08,0.48,-0.037601,1,0,0
0.1,0.48,-0.023307,1,0,0
0.12,0.48,-0.022581,1,0,0
0.14,0.48,-0.035693,1,0,0
0.16,0.48,-0.021226,1,0,0
0.18,0.48,-0.064805,1,0,0
0.2,0.48,-0.049239,1,0,0
0.22,0.48,-0.060058,1,0,0
0.24,0.48,-0.065606,1,0,0
0.26,0.48,-0.059774,1,0,0
0.28,0.48,-0.038786,1,0,0
0.3,0.48,-0.045292,1,0,0
0.32,0.48,-0.045053,1,0,0
0.34,0.48,-0.025264,1,0,0
0.36,0.48,-0.02742,1,0,0
0.38,0.48,-0.035942,1,0,0
0.4,0.48,-0.021816,1,0,0
0.42,0.48,-0.013095,1,0,0
0.44,0.48,0.0086288,1,0,0
0.46,0.48,0.029374,1,0,0
0.48,0.48,0.039456,1,0,0
0.5,0.48,0.049016,1,0,0
0.52,0.48,0.036598,1,0,0
0.54,0.48,0.061233,1,0,0
0.56,0.48,0.050651,1,0,0
0.58,0.48,0.02808,1,0,0
0.6,0.48,0.026369,1,0,0
0.62,0.48,0.00016696,1,0,0
0.64,0.48,-0.0080445,1,0,0
0.66,0.48,-0.022936,1,0,0
0.68,0.48,-0.034186,1,0,0
0.7,0.48,-0.04897,1,0,0
0.72,0.48,-0.056834,1,0,0
0.74,0.48,-0.071771,1,0,0
0.76,0.48,-0.075383,1,0,0
0.78,0.48,-0.052366,1,0,0
0.8,0.48,-0.076159,1,0,0
0.82,0.48,-0.065096,1,0,0
0.84,0.48,-0.059793,1,0,0
0.86,0.48,-0.049484,1,0,0
0.88,0.48,-0.073199,1,0,0
0.9,0.48,-0.05144,1,0,0
0.92,0.48,-0.072087,1,0,0
0.94,0.48,-0.042912,1,0,0
0.96,0.48,-0.037443,1,0,0
0.98,0.48,-0.027031,1,0,0
0.02,0.5,0.0014868,1,0,0
0.04,0.5,-0.0010318,1,0,0
0.06,0.5,-0.04251,1,0,0
0.08,0.5,-0.058958,1,0,0
0.1,0.5,-0.03196,1,0,0
0.12,0.5,-0.0324,1,0,0
0.14,0.5,-0.02479,1,0,0
0.16,0.5,-0.0073619,1,0,0
0.18,0.5,-0.036381,1,0,0
0.2,0.5,-0.046044,1,0,0
0.22,0.5,-0.036673,1,0,0
0.24,0.5,-0.031118,1,0,0
0.26,0.5,-0.041598,1,0,0
0.28,0.5,-0.030003,1,0,0
0.3,0.5,-0.016325,1,0,0
0.32,0.5,-0.029034,1,0,0
0.34,0.5,-0.035585,1,0,0
0.36,0.5,-0.036692,1,0,0
0.38,0.5,-0.044338,1,0,0
0.4,0.5,-0.012227,1,0,0
0.42,0.5,-0.034267,1,0,0
0.44,0.5,0.0091069,1,0,0
0.46,0.5,0.031716,1,0,0
0.48,0.5,0.028404,1,0,0
0.5,0.5,0.018058,1,0,0
0.52,0.5,0.037512,1,0,0
0.54,0.5,0.056286,1,0,0
0.56,0.5,0.049133,1,0,0
0.58,0.5,0.05563,1,0,0
0.6,0.5,0.045416,1,0,0
0.62,0.5,0.018512,1,0,0
0.64,0.5,-0.010246,1,0,0
0.66,0.5,-0.019974,1,0,0
0.68,0.5,-0.043555,1,0,0
0.7,0.5,-0.049532,1,0,0
0.72,0.5,-0.073684,1,0,0
0.74,0.5,-0.053483,1,0,0
0.76,0.5,-0.066992,1,0,0
0.78,0.5,-0.045253,1,0,0
0.8,0.5,-0.054868,1,0,0
0.82,0.5,-0.053363,1,0,0
0.84,0.5,-0.060507,1,0,0
0.86,0.5,-0.062638,1,0,0
0.88,0.5,-0.066453,1,0,0
0.9,0.5,-0.044507,1,0,0
0.92,0.5,-0.062397,1,0,0
0.94,0.5,-0.065515,1,0,0
0.96,0.5,-0.052445,1,0,0
0.98,0.5,-0.029158,1,0,0
0.02,0.52,0.0042916,1,0,0
0.04,0.52,-0.0085607,1,0,0
0.06,0.52,-0.055322,1,0,0
0.08,0.52,-0.044607,1,0,0
0.1,0.52,-0.033267,1,0,0
0.12,0.52,-0.031344,1,0,0
0.14,0.52,-0.023106,1,0,0
0.16,0.52,-0.016089,1,0,0
0.18,0.52,-0.031976,1,0,0
0.2,0.52,-0.036112,1,0,0
0.22,0.52,-0.023319,1,0,0
0.24,0.52,-0.030584,1,0,0
0.26,0.52,-0.035949,1,0,0
0.28,0.52,-0.020098,1,0,0
0.3,0.52,-0.0029735,1,0,0
0.32,0.52,-0.00039335,1,0,0
0.34,0.52,-0.027065,1,0,0
0.36,0.52,-0.039399,1,0,0
0.38,0.52,-0.026904,1,0,0
0.4,0.52,-0.024881,1,0,0
0.42,0.52,-0.035544,1,0,0
0.44,0.52,-0.0072768,1,0,0
0.46,0.52,0.026369,1,0,0
0.48,0.52,0.017042,1,0,0
0.5,0.52,0.019007,1,0,0
0.52,0.52,0.024089,1,0,0
0.54,0.52,0.031764,1,0,0
0.56,0.52,0.043324,1,0,0
0.58,0.52,0.064988,1,0,0
0.6,0.52,0.056038,1,0,0
0.62,0.52,0.021014,1,0,0
0.64,0.52,-0.013733,1,0,0
0.66,0.52,-0.0099321,1,0,0
0.68,0.52,-0.058981,1,0,0
0.7,0.52,-0.052254,1,0,0
0.72,0.52,-0.057984,1,0,0
0.74,0.52,-0.057324,1,0,0
0.76,0.52,-0.068353,1,0,0
0.78,0.52,-0.071137,1,0,0
0.8,0.52,-0.047729,1,0,0
0.82,0.52,-0.055802,1,0,0
0.84,0.52,-0.066367,1,0,0
0.86,0.52,-0.069066,1,0,0
0.88,0.52,-0.064109,1,0,0
0.9,0.52,-0.043537,1,0,0
0.92,0.52,-0.064443,1,0,0
0.94,0.52,-0.08016,1,0,0
0.96,0.52,-0.072553,1,0,0
0.98,0.52,-0.045344,1,0,0
0.02,0.54,0.01287,1,0,0
0.04,0.54,-0.015522,1,0,0
0.06,0.54,-0.030469,1,0,0
0.08,0.54,-0.044356,1,0,0
0.1,0.54,-0.03577,1,0,0
0.12,0.54,-0.024341,1,0,0
0.14,0.54,-0.014795,1,0,0
0.16,0.54,-0.0076901,1,0,0
0.18,0.54,-0.03161,1,0,0
0.2,0.54,-0.02576,1,0,0
0.22,0.54,-0.046255,1,0,0
0.24,0.54,-0.038587,1,0,0
0.26,0.54,-0.031423,1,0,0
0.28,0.54,-0.010789,1,0,0
0.3,0.54,-0.0048053,1,0,0
0.32,0.54,-0.02602,1,0,0
0.34,0.54,-0.015534,1,0,0
0.36,0.54,-0.016617,1,0,0
0.38,0.54,-0.033995,1,0,0
0.4,0.54,-0.046956,1,0,0
0.42,0.54,-0.02031,1,0,0
0.44,0.54,-0.0218,1,0,0
0.46,0.54,0.012223,1,0,0
0.48,0.54,0.00040655,1,0,0
0.5,0.54,0.020456,1,0,0
0.52,0.54,0.0029885,1,0,0
0.54,0.54,0.033784,1,0,0
0.56,0.54,0.05234,1,0,0
0.58,0.54,0.037978,1,0,0
0.6,0.54,-0.00023703,1,0,0
0.62,0.54,0.017538,1,0,0
0.64,0.54,0.018771,1,0,0
0.66,0.54,-0.025469,1,0,0
0.68,0.54,-0.03427,1,0,0
0.7,0.54,-0.051395,1,0,0
0.72,0.54,-0.075342,1,0,0
0.74,0.54,-0.061557,1,0,0
0.76,0.54,-0.068509,1,0,0
0.78,0.54,-0.082039,1,0,0
0.8,0.54,-0.062401,1,0,0
0.82,0.54,-0.054289,1,0,0
0.84,0.54,-0.049766,1,0,0
0.86,0.54,-0.041089,1,0,0
0.88,0.54,-0.053997,1,0,0
0.9,0.54,-0.046651,1,0,0
0.92,0.54,-0.050607,1,0,0
0.94,0.54,-0.061103,1,0,0
0.96,0.54,-0.053536,1,0,0
0.98,0.54,-0.065274,1,0,0
0.02,0.56,0.0090883,1,0,0
0.04,0.56,-0.009747,1,0,0
0.06,0.56,-0.002135,1,0,0
0.08,0.56,-0.022725,1,0,0
0.1,0.56,-0.028022,1,0,0
0.12,0.56,-0.025117,1,0,0
0.14,0.56,-0.029772,1,0,0
0.16,0.56,-0.038272,1,0,0
0.18,0.56,-0.0076472,1,0,0
0.2,0.56,0.0012528,1,0,0
0.22,0.56,-0.037582,1,0,0
0.24,0.56,-0.043861,1,0,0
0.26,0.56,-0.011287,1,0,0
0.28,0.56,-0.022318,1,0,0
0.3,0.56,-0.020664,1,0,0
0.32,0.56,-0.033753,1,0,0
0.34,0.56,-0.010272,1,0,0
0.36,0.56,-0.01269,1,0,0
0.38,0.56,-0.0061513,1,0,0
0.4,0.56,-0.0071523,1,0,0
0.42,0.56,-0.031001,1,0,0
0.44,0.56,0.010552,1,0,0
0.46,0.56,0.0075777,1,0,0
0.48,0.56,-0.0020225,1,0,0
0.5,0.56,0.013845,1,0,0
0.52,0.56,-0.003491,1,0,0
0.54,0.56,0.025763,1,0,0
0.56,0.56,0.032688,1,0,0
0.58,0.56,0.022481,1,0,0
0.6,0.56,0.00035668,1,0,0
0.62,0.56,0.013614,1,0,0
0.64,0.56,0.0066173,1,0,0
0.66,0.56,-0.013121,1,0,0
0.68,0.56,-0.048845,1,0,0
0.7,0.56,-0.04505,1,0,0
0.72,0.56,-0.069884,1,0,0
0.74,0.56,-0.061245,1,0,0
0.76,0.56,-0.079776,1,0,0
0.78,0.56,-0.077971,1,0,0
0.8,0.56,-0.064229,1,0,0
0.82,0.56,-0.050527,1,0,0
0.84,0.56,-0.037167,1,0,0
0.86,0.56,-0.03395,1,0,0
0.88,0.56,-0.043354,1,0,0
0.9,0.56,-0.075366,1,0,0
0.92,0.56,-0.028612,1,0,0
0.94,0.56,-0.04492,1,0,0
0.96,0.56,-0.044958,1,0,0
0.98,0.56,-0.045026,1,0,0
0.02,0.58,0.020923,1,0,0
0.04,0.58,0.0040184,1,0,0
0.06,0.58,-0.0077706,1,0,0
0.08,0.58,-0.0049783,1,0,0
0.1,0.58,-0.014725,1,0,0
0.12,0.58,-0.024017,1,0,0
0.14,0.58,-0.036112,1,0,0
0.16,0.58,-0.040314,1,0,0
0.18,0.58,-0.023479,1,0,0
0.2,0.58,-0.001531,1,0,0
0.22,0.58,-0.02592,1,0,0
0.24,0.58,-0.032194,1,0,0
0.26,0.58,-0.024205,1,0,0
0.28,0.58,-0.02116,1,0,0
0.3,0.58,-0.0085795,1,0,0
0.32,0.58,-0.011118,1,0,0
0.34,0.58,-0.025853,1,0,0
0.36,0.58,-0.016293,1,0,0
0.38,0.58,0.0039615,1,0,0
0.4,0.58,0.008382,1,0,0
0.42,0.58,0.002122,1,0,0
0.44,0.58,-0.012032,1,0,0
0.46,0.58,0.0018875,1,0,0
0.48,0.58,-0.0051706,1,0,0
0.5,0.58,0.0059449,1,0,0
0.52,0.58,0.015123,1,0,0
0.54,0.58,0.009996,1,0,0
0.56,0.58,0.021341,1,0,0
0.58,0.58,0.00035448,1,0,0
0.6,0.58,-0.016875,1,0,0
0.62,0.58,0.014347,1,0,0
0.64,0.58,0.0035991,1,0,0
0.66,0.58,-0.040091,1,0,0
0.68,0.58,-0.039665,1,0,0
0.7,0.58,-0.036017,1,0,0
0.72,0.58,-0.061945,1,0,0
0.74,0.58,-0.040089,1,0,0
0.76,0.58,-0.066912,1,0,0
0.78,0.58,-0.096729,1,0,0
0.8,0.58,-0.065716,1,0,0
0.82,0.58,-0.047863,1,0,0
0.84,0.58,-0.043897,1,0,0
0.86,0.58,-0.040342,1,0,0
0.88,0.58,-0.048462,1,0,0
0.9,0.58,-0.017153,1,0,0
0.92,0.58,-0.012185,1,0,0
0.94,0.58,-0.015949,1,0,0
0.96,0.58,-0.04125,1,0,0
0.98,0.58,-0.042001,1,0,0
0.02,0.6,0.015079,1,0,0
0.04,0.6,-0.00388,1,0,0
0.06,0.6,-0.016544,1,0,0
0.08,0.6,0.0038325,1,0,0
0.1,0.6,-0.028804,1,0,0
0.12,0.6,-0.040476,1,0,0
0.14,0.6,-0.05472,1,0,0
0.16,0.6,-0.053458,1,0,0
0.18,0.6,-0.039739,1,0,0
0.2,0.6,-0.021287,1,0,0
0.22,0.6,-0.027901,1,0,0
0.24,0.6,-0.019148,1,0,0
0.26,0.6,-0.014587,1,0,0
0.28,0.6,-0.0047111,1,0,0
0.3,0.6,-0.0062544,1,0,0
0.32,0.6,-0.0011261,1,0,0
0.34,0.6,-0.037927,1,0,0
0.36,0.6,-0.034658,1,0,0
0.38,0.6,-0.0063084,1,0,0
0.4,0.6,-0.0071458,1,0,0
0.42,0.6,-0.031815,1,0,0
0.44,0.6,-0.0061651,1,0,0
0.46,0.6,0.0049542,1,0,0
0.48,0.6,-0.0037585,1,0,0
0.5,0.6,0.00087961,1,0,0
0.52,0.6,-0.0077744,1,0,0
0.54,0.6,-0.009055,1,0,0
0.56,0.6,0.0050089,1,0,0
0.58,0.6,-0.017774,1,0,0
0.6,0.6,-0.017716,1,0,0
0.62,0.6,-0.020287,1,0,0
0.64,0.6,-0.029833,1,0,0
0.66,0.6,-0.036729,1,0,0
0.68,0.6,-0.045573,1,0,0
0.7,0.6,-0.038974,1,0,0
0.72,0.6,-0.044856,1,0,0
0.74,0.6,-0.037692,1,0,0
0.76,0.6,-0.064596,1,0,0
0.78,0.6,-0.10809,1,0,0
0.8,0.6,-0.083998,1,0,0
0.82,0.6,-0.044462,1,0,0
0.84,0.6,-0.049873,1,0,0
0.86,0.6,-0.017528,1,0,0
0.88,0.6,-0.023836,1,0,0
0.9,0.6,0.0055798,1,0,0
0.92,0.6,-0.016127,1,0,0
0.94,0.6,-0.027997,1,0,0
0.96,0.6,-0.057825,1,0,0
0.98,0.6,-0.047415,1,0,0
0.02,0.62,0.014271,1,0,0
0.04,0.62,0.0077735,1,0,0
0.06,0.62,-0.02098,1,0,0
0.08,0.62,-0.036589,1,0,0
0.1,0.62,-0.053033,1,0,0
0.12,0.62,-0.055179,1,0,0
0.14,0.62,-0.059441,1,0,0
0.16,0.62,-0.045764,1,0,0
0.18,0.62,-0.050909,1,0,0
0.2,0.62,-0.025547,1,0,0
0.22,0.62,-0.024014,1,0,0
0.24,0.62,-0.0060195,1,0,0
0.26,0.62,0.02284,1,0,0
0.28,0.62,0.0069283,1,0,0
0.3,0.62,-0.0011754,1,0,0
0.32,0.62,-0.02277,1,0,0
0.34,0.62,-0.04538,1,0,0
0.36,0.62,-0.024923,1,0,0
0.38,0.62,-0.02721,1,0,0
0.4,0.62,-0.012296,1,0,0
0.42,0.62,-0.035622,1,0,0
0.44,0.62,0.013727,1,0,0
0.46,0.62,0.00038151,1,0,0
0.48,0.62,-0.018769,1,0,0
0.5,0.62,-0.027402,1,0,0
0.52,0.62,-0.0095785,1,0,0
0.54,0.62,-0.00027044,1,0,0
0.56,0.62,-0.0038432,1,0,0
0.58,0.62,-0.013623,1,0,0
0.6,0.62,-0.045462,1,0,0
0.62,0.62,-0.039797,1,0,0
0.64,0.62,-0.038603,1,0,0
0.66,0.62,-0.04507,1,0,0
0.68,0.62,-0.050009,1,0,0
0.7,0.62,-0.057294,1,0,0
0.72,0.62,-0.0531,1,0,0
0.74,0.62,-0.02033,1,0,0
0.76,0.62,-0.061969,1,0,0
0.78,0.62,-0.076761,1,0,0
0.8,0.62,-0.071561,1,0,0
0.82,0.62,-0.059221,1,0,0
0.84,0.62,-0.04475,1,0,0
0.86,0.62,-0.022445,1,0,0
0.88,0.62,-0.013017,1,0,0
0.9,0.62,-0.011706,1,0,0
0.92,0.62,-0.021339,1,0,0
0.94,0.62,-0.023185,1,0,0
0.96,0.62,-0.057077,1,0,0
0.98,0.62,-0.078732,1,0,0
0.02,0.64,0.0041112,1,0,0
0.04,0.64,-0.00072543,1,0,0
0.06,0.64,-0.033528,1,0,0
0.08,0.64,-0.043725,1,0,0
0.1,0.64,-0.047135,1,0,0
0.12,0.64,-0.05366,1,0,0
0.14,0.64,-0.076355,1,0,0
0.16,0.64,-0.061202,1,0,0
0.18,0.64,-0.072399,1,0,0
0.2,0.64,-0.03148,1,0,0
0.22,0.64,-0.026359,1,0,0
0.24,0.64,-0.017166,1,0,0
0.26,0.64,-0.018752,1,0,0
0.28,0.64,0.0013582,1,0,0
0.3,0.64,-0.031569,1,0,0
0.32,0.64,-0.045237,1,0,0
0.34,0.64,-0.026988,1,0,0
0.36,0.64,-0.031013,1,0,0
0.38,0.64,-0.025308,1,0,0
0.4,0.64,-0.037135,1,0,0
0.42,0.64,-0.032671,1,0,0
0.44,0.64,-0.02913,1,0,0
0.46,0.64,-0.019488,1,0,0
0.48,0.64,-0.036236,1,0,0
0.5,0.64,-0.030556,1,0,0
0.52,0.64,-0.060543,1,0,0
0.54,0.64,-0.039742,1,0,0
0.56,0.64,-0.018887,1,0,0
0.58,0.64,-0.044335,1,0,0
0.6,0.64,-0.047533,1,0,0
0.62,0.64,-0.058373,1,0,0
0.64,0.64,-0.057161,1,0,0
0.66,0.64,-0.06689,1,0,0
0.68,0.64,-0.051492,1,0,0
0.7,0.64,-0.036945,1,0,0
0.72,0.64,-0.037866,1,0,0
0.74,0.64,-0.053107,1,0,0
0.76,0.64,-0.04611,1,0,0
0.78,0.64,-0.062887,1,0,0
0.8,0.64,-0.072751,1,0,0
0.82,0.64,-0.064483,1,0,0
0.84,0.64,-0.057633,1,0,0
0.86,0.64,-0.036004,1,0,0
0.88,0.64,-0.019185,1,0,0
0.9,0.64,-0.0037965,1,0,0
0.92,0.64,-0.025145,1,0,0
0.94,0.64,-0.025055,1,0,0
0.96,0.64,-0.047258,1,0,0
0.98,0.64,-0.057731,1,0,0
0.02,0.66,0.0035174,1,0,0
0.04,0.66,0.016182,1,0,0
0.06,0.66,-0.024985,1,0,0
0.08,0.66,-0.038673,1,0,0
0.1,0.66,-0.028338,1,0,0
0.12,0.66,-0.042072,1,0,0
0.14,0.66,-0.051757,1,0,0
0.16,0.66,-0.062388,1,0,0
0.18,0.66,-0.071599,1,0,0
0.2,0.66,-0.048058,1,0,0
0.22,0.66,-0.012579,1,0,0
0.24,0.66,-0.027593,1,0,0
0.26,0.66,-0.024253,1,0,0
0.28,0.66,-0.025836,1,0,0
0.3,0.66,-0.030037,1,0,0
0.32,0.66,-0.022384,1,0,0
0.34,0.66,-0.024428,1,0,0
0.36,0.66,-0.034127,1,0,0
0.38,0.66,-0.014193,1,0,0
0.4,0.66,-0.015535,1,0,0
0.42,0.66,-0.018643,1,0,0
0.44,0.66,-0.044881,1,0,0
0.46,0.66,-0.022559,1,0,0
0.48,0.66,-0.027727,1,0,0
0.5,0.66,-0.036831,1,0,0
0.52,0.66,-0.036683,1,0,0
0.54,0.66,-0.054736,1,0,0
0.56,0.66,-0.054382,1,0,0
0.58,0.66,-0.063445,1,0,0
0.6,0.66,-0.066393,1,0,0
0.62,0.66,-0.055841,1,0,0
0.64,0.66,-0.046436,1,0,0
0.66,0.66,-0.027395,1,0,0
0.68,0.66,-0.036505,1,0,0
0.7,0.66,-0.020389,1,0,0
0.72,0.66,-0.034165,1,0,0
0.74,0.66,-0.056168,1,0,0
0.76,0.66,-0.054987,1,0,0
0.78,0.66,-0.049583,1,0,0
0.8,0.66,-0.039441,1,0,0
0.82,0.66,-0.056258,1,0,0
0.84,0.66,-0.028626,1,0,0
0.86,0.66,-0.036538,1,0,0
0.88,0.66,-0.021361,1,0,0
0.9,0.66,0.019494,1,0,0
0.92,0.66,-0.00115,1,0,0
0.94,0.66,-0.040088,1,0,0
0.96,0.66,-0.055944,1,0,0
0.98,0.66,-0.057508,1,0,0
0.02,0.68,0.0072399,1,0,0
0.04,0.68,0.01802,1,0,0
0.06,0.68,-0.0075398,1,0,0
0.08,0.68,-0.026476,1,0,0
0.1,0.68,-0.014278,1,0,0
0.12,0.68,-0.045532,1,0,0
0.14,0.68,-0.046262,1,0,0
0.16,0.68,-0.041054,1,0,0
0.18,0.68,-0.051649,1,0,0
0.2,0.68,-0.050371,1,0,0
0.22,0.68,-0.005213,1,0,0
0.24,0.68,-0.023382,1,0,0
0.26,0.68,-0.028518,1,0,0
0.28,0.68,-0.043643,1,0,0
0.3,0.68,-0.029906,1,0,0
0.32,0.68,-0.036279,1,0,0
0.34,0.68,-0.013432,1,0,0
0.36,0.68,-0.018683,1,0,0
0.38,0.68,-0.018189,1,0,0
0.4,0.68,-0.02076,1,0,0
0.42,0.68,-0.046042,1,0,0
0.44,0.68,-0.042641,1,0,0
0.46,0.68,-0.027392,1,0,0
0.48,0.68,-0.017756,1,0,0
0.5,0.68,-0.029526,1,0,0
0.52,0.68,-0.046173,1,0,0
0.54,0.68,-0.032945,1,0,0
0.56,0.68,-0.039893,1,0,0
0.58,0.68,-0.053157,1,0,0
0.6,0.68,-0.056566,1,0,0
0.62,0.68,-0.052755,1,0,0
0.64,0.68,-0.05182,1,0,0
0.66,0.68,-0.034775,1,0,0
0.68,0.68,-0.033634,1,0,0
0.7,0.68,-0.03156,1,0,0
0.72,0.68,-0.044717,1,0,0
0.74,0.68,-0.04355,1,0,0
0.76,0.68,-0.028765,1,0,0
0.78,0.68,-0.011406,1,0,0
0.8,0.68,-0.014742,1,0,0
0.82,0.68,-0.010818,1,0,0
0.84,0.68,0.0056299,1,0,0
0.86,0.68,-0.0069101,1,0,0
0.88,0.68,-0.0020187,1,0,0
0.9,0.68,0.0091018,1,0,0
0.92,0.68,-0.00054974,1,0,0
0.94,0.68,-0.029093,1,0,0
0.96,0.68,-0.020277,1,0,0
0.98,0.68,-0.033472,1,0,0
0.02,0.7,0.040444,1,0,0
0.04,0.7,0.03889,1,0,0
0.06,0.7,0.010718,1,0,0
0.08,0.7,-0.023656,1,0,0
0.1,0.7,-0.018523,1,0,0
0.12,0.7,-0.02912,1,0,0
0.14,0.7,-0.039138,1,0,0
0.16,0.7,-0.031971,1,0,0
0.18,0.7,-0.053733,1,0,0
0.2,0.7,-0.044881,1,0,0
0.22,0.7,-0.034064,1,0,0
0.24,0.7,-0.030058,1,0,0
0.26,0.7,-0.032391,1,0,0
0.28,0.7,-0.030735,1,0,0
0.3,0.7,-0.031324,1,0,0
0.32,0.7,-0.037227,1,0,0
0.34,0.7,-0.026581,1,0,0
0.36,0.7,-0.0322,1,0,0
0.38,0.7,-0.023124,1,0,0
0.4,0.7,-0.029487,1,0,0
0.42,0.7,-0.046052,1,0,0
0.44,0.7,-0.045125,1,0,0
0.46,0.7,-0.032293,1,0,0
0.48,0.7,-0.053824,1,0,0
0.5,0.7,-0.034914,1,0,0
0.52,0.7,-0.027493,1,0,0
0.54,0.7,-0.02068,1,0,0
0.56,0.7,-0.047406,1,0,0
0.58,0.7,-0.045974,1,0,0
0.6,0.7,-0.036051,1,0,0
0.62,0.7,-0.050777,1,0,0
0.64,0.7,-0.035359,1,0,0
0.66,0.7,-0.028869,1,0,0
0.68,0.7,-0.040426,1,0,0
0.7,0.7,-0.062441,1,0,0
0.72,0.7,-0.040113,1,0,0
0.74,0.7,-0.032164,1,0,0
0.76,0.7,-0.01378,1,0,0
0.78,0.7,0.024967,1,0,0
0.8,0.7,0.026075,1,0,0
0.82,0.7,0.020085,1,0,0
0.84,0.7,0.016968,1,0,0
0.86,0.7,0.029656,1,0,0
0.88,0.7,0.0095874,1,0,0
0.9,0.7,0.01366,1,0,0
0.92,0.7,-0.00085053,1,0,0
0.94,0.7,0.0014502,1,0,0
0.96,0.7,-0.012238,1,0,0
0.98,0.7,-0.033972,1,0,0
0.02,0.72,0.035277,1,0,0
0.04,0.72,0.034674,1,0,0
0.06,0.72,-0.0049949,1,0,0
0.08,0.72,0.0048476,1,0,0
0.1,0.72,0.0027954,1,0,0
0.12,0.72,-0.0060776,1,0,0
0.14,0.72,-0.030549,1,0,0
0.16,0.72,-0.043318,1,0,0
0.18,0.72,-0.051399,1,0,0
0.2,0.72,-0.045958,1,0,0
0.22,0.72,-0.028106,1,0,0
0.24,0.72,-0.046138,1,0,0
0.26,0.72,-0.058491,1,0,0
0.28,0.72,-0.025638,1,0,0
0.3,0.72,-0.017396,1,0,0
0.32,0.72,-0.010443,1,0,0
0.34,0.72,-0.032839,1,0,0
0.36,0.72,-0.030674,1,0,0
0.38,0.72,-0.046993,1,0,0
0.4,0.72,-0.037029,1,0,0
0.42,0.72,-0.049934,1,0,0
0.44,0.72,-0.05885,1,0,0
0.46,0.72,-0.04973,1,0,0
0.48,0.72,-0.032678,1,0,0
0.5,0.72,-0.028964,1,0,0
0.52,0.72,-0.021581,1,0,0
0.54,0.72,-0.050532,1,0,0
0.56,0.72,-0.05319,1,0,0
0.58,0.72,-0.036843,1,0,0
0.6,0.72,-0.024561,1,0,0
0.62,0.72,-0.0083988,1,0,0
0.64,0.72,-0.041968,1,0,0
0.66,0.72,-0.029427,1,0,0
0.68,0.72,-0.047613,1,0,0
0.7,0.72,-0.023527,1,0,0
0.72,0.72,-0.030801,1,0,0
0.74,0.72,-0.0098557,1,0,0
0.76,0.72,-0.0073659,1,0,0
0.78,0.72,0.0079377,1,0,0
0.8,0.72,0.0375,1,0,0
0.82,0.72,0.02896,1,0,0
0.84,0.72,0.026847,1,0,0
0.86,0.72,0.036421,1,0,0
0.88,0.72,0.03006,1,0,0
0.9,0.72,0.030402,1,0,0
0.92,0.72,-0.0042499,1,0,0
0.94,0.72,-0.0096088,1,0,0
0.96,0.72,-0.011849,1,0,0
0.98,0.72,-0.032216,1,0,0
0.02,0.74,0.055091,1,0,0
0.04,0.74,0.044532,1,0,0
0.06,0.74,0.018947,1,0,0
0.08,0.74,0.012963,1,0,0
0.1,0.74,-0.0016148,1,0,0
0.12,0.74,0.0060698,1,0,0
0.14,0.74,-0.017484,1,0,0
0.16,0.74,-0.025517,1,0,0
0.18,0.74,-0.051949,1,0,0
0.2,0.74,-0.030722,1,0,0
0.22,0.74,-0.040298,1,0,0
0.24,0.74,-0.027927,1,0,0
0.26,0.74,-0.046797,1,0,0
0.28,0.74,-0.014767,1,0,0
0.3,0.74,-0.014919,1,0,0
0.32,0.74,-0.0087057,1,0,0
0.34,0.74,-0.040676,1,0,0
0.36,0.74,-0.049122,1,0,0
0.38,0.74,-0.051994,1,0,0
0.4,0.74,-0.03436,1,0,0
0.42,0.74,-0.046981,1,0,0
0.44,0.74,-0.068819,1,0,0
0.46,0.74,-0.068772,1,0,0
0.48,0.74,-0.040627,1,0,0
0.5,0.74,-0.02116,1,0,0
0.52,0.74,-0.036248,1,0,0
0.54,0.74,-0.03614,1,0,0
0.56,0.74,-0.038155,1,0,0
0.58,0.74,-0.043601,1,0,0
0.6,0.74,-0.024628,1,0,0
0.62,0.74,0.0059773,1,0,0
0.64,0.74,-0.0074895,1,0,0
0.66,0.74,-0.0070931,1,0,0
0.68,0.74,-0.015894,1,0,0
0.7,0.74,-0.0077475,1,0,0
0.72,0.74,-0.0185,1,0,0
0.74,0.74,0.013838,1,0,0
0.76,0.74,0.021895,1,0,0
0.78,0.74,0.033554,1,0,0
0.8,0.74,0.044966,1,0,0
0.82,0.74,0.048472,1,0,0
0.84,0.74,0.025785,1,0,0
0.86,0.74,0.03664,1,0,0
0.88,0.74,0.027714,1,0,0
0.9,0.74,0.04585,1,0,0
0.92,0.74,0.035553,1,0,0
0.94,0.74,0.010933,1,0,0
0.96,0.74,-0.0048615,1,0,0
0.98,0.74,-0.0049964,1,0,0
0.02,0.76,0.035516,1,0,0
0.04,0.76,0.028095,1,0,0
0.06,0.76,0.032035,1,0,0
0.08,0.76,0.0069166,1,0,0
0.1,0.76,-0.02007,1,0,0
0.12,0.76,-0.010971,1,0,0
0.14,0.76,-0.047587,1,0,0
0.16,0.76,-0.048825,1,0,0
0.18,0.76,-0.064397,1,0,0
0.2,0.76,-0.028194,1,0,0
0.22,0.76,-0.048223,1,0,0
0.24,0.76,-0.020336,1,0,0
0.26,0.76,-0.030408,1,0,0
0.28,0.76,-0.04124,1,0,0
0.3,0.76,-0.033777,1,0,0
0.32,0.76,-0.030363,1,0,0
0.34,0.76,-0.035135,1,0,0
0.36,0.76,-0.042532,1,0,0
0.38,0.76,-0.055213,1,0,0
0.4,0.76,-0.061785,1,0,0
0.42,0.76,-0.084687,1,0,0
0.44,0.76,-0.091894,1,0,0
0.46,0.76,-0.069469,1,0,0
0.48,0.76,-0.064498,1,0,0
0.5,0.76,-0.052777,1,0,0
0.52,0.76,-0.056229,1,0,0
0.54,0.76,-0.039995,1,0,0
0.56,0.76,-0.043322,1,0,0
0.58,0.76,-0.035443,1,0,0
0.6,0.76,-0.036767,1,0,0
0.62,0.76,-0.0029036,1,0,0
0.64,0.76,0.0032581,1,0,0
0.66,0.76,-0.015706,1,0,0
0.68,0.76,0.0020212,1,0,0
0.7,0.76,-0.010176,1,0,0
0.72,0.76,-0.013488,1,0,0
0.74,0.76,0.023082,1,0,0
0.76,0.76,0.01645,1,0,0
0.78,0.76,0.033064,1,0,0
0.8,0.76,0.028598,1,0,0
0.82,0.76,0.018792,1,0,0
0.84,0.76,0.013899,1,0,0
0.86,0.76,0.021544,1,0,0
0.88,0.76,-0.013697,1,0,0
0.9,0.76,-0.001733,1,0,0
0.92,0.76,0.025834,1,0,0
0.94,0.76,0.01585,1,0,0
0.96,0.76,0.0070301,1,0,0
0.98,0.76,0.016702,1,0,0
0.02,0.78,0.05529,1,0,0
0.04,0.78,0.046151,1,0,0
0.06,0.78,0.013881,1,0,0
0.08,0.78,0.0041856,1,0,0
0.1,0.78,-0.014143,1,0,0
0.12,0.78,-0.028347,1,0,0
0.14,0.78,-0.046393,1,0,0
0.16,0.78,-0.069551,1,0,0
0.18,0.78,-0.050299,1,0,0
0.2,0.78,-0.051915,1,0,0
0.22,0.78,-0.017594,1,0,0
0.24,0.78,-0.015311,1,0,0
0.26,0.78,-0.0069795,1,0,0
0.28,0.78,-0.010517,1,0,0
0.3,0.78,-0.021147,1,0,0
0.32,0.78,-0.038109,1,0,0
0.34,0.78,-0.034463,1,0,0
0.36,0.78,-0.036371,1,0,0
0.38,0.78,-0.051548,1,0,0
0.4,0.78,-0.076811,1,0,0
0.42,0.78,-0.095861,1,0,0
0.44,0.78,-0.088711,1,0,0
0.46,0.78,-0.088139,1,0,0
0.48,0.78,-0.06142,1,0,0
0.5,0.78,-0.036555,1,0,0
0.52,0.78,-0.039701,1,0,0
0.54,0.78,-0.032593,1,0,0
0.56,0.78,-0.021827,1,0,0
0.58,0.78,-0.042711,1,0,0
0.6,0.78,-0.036038,1,0,0
0.62,0.78,0.010834,1,0,0
0.64,0.78,0.0083361,1,0,0
0.66,0.78,0.028448,1,0,0
0.68,0.78,0.014981,1,0,0
0.7,0.78,0.020716,1,0,0
0.72,0.78,-0.017277,1,0,0
0.74,0.78,0.00095464,1,0,0
0.76,0.78,0.024566,1,0,0
0.78,0.78,0.029896,1,0,0
0.8,0.78,0.036794,1,0,0
0.82,0.78,0.028017,1,0,0
0.84,0.78,0.0054369,1,0,0
0.86,0.78,0.014465,1,0,0
0.88,0.78,0.013726,1,0,0
0.9,0.78,0.012598,1,0,0
0.92,0.78,0.026637,1,0,0
0.94,0.78,0.0098872,1,0,0
0.96,0.78,0.0064614,1,0,0
0.98,0.78,-0.0018328,1,0,0
0.02,0.8,0.03266,1,0,0
0.04,0.8,0.013528,1,0,0
0.06,0.8,0.0064051,1,0,0
0.08,0.8,-0.015829,1,0,0
0.1,0.8,-0.010054,1,0,0
0.12,0.8,-0.031968,1,0,0
0.14,0.8,-0.055908,1,0,0
0.16,0.8,-0.090179,1,0,0
0.18,0.8,-0.064315,1,0,0
0.2,0.8,-0.039064,1,0,0
0.22,0.8,-0.010485,1,0,0
0.24,0.8,-0.012667,1,0,0
0.26,0.8,-0.013447,1,0,0
0.28,0.8,-0.032697,1,0,0
0.3,0.8,-0.021102,1,0,0
0.32,0.8,-0.022283,1,0,0
0.34,0.8,-0.035119,1,0,0
0.36,0.8,-0.045074,1,0,0
0.38,0.8,-0.047906,1,0,0
0.4,0.8,-0.09553,1,0,0
0.42,0.8,-0.10143,1,0,0
0.44,0.8,-0.11174,1,0,0
0.46,0.8,-0.067671,1,0,0
0.48,0.8,-0.067358,1,0,0
0.5,0.8,-0.035612,1,0,0
0.52,0.8,-0.011332,1,0,0
0.54,0.8,-0.029669,1,0,0
0.56,0.8,-0.020707,1,0,0
0.58,0.8,-0.0023763,1,0,0
0.6,0.8,-0.016507,1,0,0
0.62,0.8,-0.014299,1,0,0
0.64,0.8,-0.0041567,1,0,0
0.66,0.8,-0.0036233,1,0,0
0.68,0.8,-0.0017724,1,0,0
0.7,0.8,-0.0024376,1,0,0
0.72,0.8,0.011035,1,0,0
0.74,0.8,0.025299,1,0,0
0.76,0.8,0.0058449,1,0,0
0.78,0.8,0.021535,1,0,0
0.8,0.8,0.05445,1,0,0
0.82,0.8,0.021577,1,0,0
0.84,0.8,-0.00075104,1,0,0
0.86,0.8,0.018616,1,0,0
0.88,0.8,0.0070698,1,0,0
0.9,0.8,0.02473,1,0,0
0.92,0.8,0.024341,1,0,0
0.94,0.8,0.0122,1,0,0
0.96,0.8,-0.003635,1,0,0
0.98,0.8,-0.0038458,1,0,0
0.02,0.82,0.03021,1,0,0
0.04,0.82,0.014728,1,0,0
0.06,0.82,-0.01276,1,0,0
0.08,0.82,-0.02686,1,0,0
0.1,0.82,-0.0369,1,0,0
0.12,0.82,-0.05739,1,0,0
0.14,0.82,-0.063172,1,0,0
0.16,0.82,-0.059236,1,0,0
0.18,0.82,-0.067178,1,0,0
0.2,0.82,-0.061308,1,0,0
0.22,0.82,-0.025925,1,0,0
0.24,0.82,-0.023562,1,0,0
0.26,0.82,-0.012832,1,0,0
0.28,0.82,-0.035011,1,0,0
0.3,0.82,-0.02982,1,0,0
0.32,0.82,-0.059424,1,0,0
0.34,0.82,-0.049193,1,0,0
0.36,0.82,-0.052642,1,0,0
0.38,0.82,-0.033877,1,0,0
0.4,0.82,-0.056419,1,0,0
0.42,0.82,-0.081792,1,0,0
0.44,0.82,-0.067539,1,0,0
0.46,0.82,-0.063101,1,0,0
0.48,0.82,-0.064201,1,0,0
0.5,0.82,-0.046282,1,0,0
0.52,0.82,-0.052941,1,0,0
0.54,0.82,-0.0078122,1,0,0
0.56,0.82,0.0012629,1,0,0
0.58,0.82,-0.0012591,1,0,0
0.6,0.82,-0.015326,1,0,0
0.62,0.82,-0.014719,1,0,0
0.64,0.82,-0.0085879,1,0,0
0.66,0.82,-0.003223,1,0,0
0.68,0.82,-0.014467,1,0,0
0.7,0.82,-0.032595,1,0,0
0.72,0.82,-0.018455,1,0,0
0.74,0.82,0.003689,1,0,0
0.76,0.82,0.015971,1,0,0
0.78,0.82,0.015458,1,0,0
0.8,0.82,0.024287,1,0,0
0.82,0.82,0.021353,1,0,0
0.84,0.82,-0.00056399,1,0,0
0.86,0.82,-0.0083248,1,0,0
0.88,0.82,0.018262,1,0,0
0.9,0.82,0.022082,1,0,0
0.92,0.82,0.023932,1,0,0
0.94,0.82,-0.0023942,1,0,0
0.96,0.82,-0.014183,1,0,0
0.98,0.82,-0.0036717,1,0,0
0.02,0.84,-0.0086795,1,0,0
0.04,0.84,-0.019861,1,0,0
0.06,0.84,-0.034716,1,0,0
0.08,0.84,-0.027747,1,0,0
0.1,0.84,-0.025122,1,0,0
0.12,0.84,-0.04149,1,0,0
0.14,0.84,-0.05796,1,0,0
0.16,0.84,-0.05233,1,0,0
0.18,0.84,-0.074048,1,0,0
0.2,0.84,-0.073494,1,0,0
0.22,0.84,-0.058207,1,0,0
0.24,0.84,-0.069576,1,0,0
0.26,0.84,-0.056609,1,0,0
0.28,0.84,-0.05633,1,0,0
0.3,0.84,-0.061381,1,0,0
0.32,0.84,-0.061789,1,0,0
0.34,0.84,-0.043378,1,0,0
0.36,0.84,-0.031131,1,0,0
0.38,0.84,-0.037858,1,0,0
0.4,0.84,-0.04525,1,0,0
0.42,0.84,-0.064944,1,0,0
0.44,0.84,-0.058517,1,0,0
0.46,0.84,-0.041201,1,0,0
0.48,0.84,-0.057705,1,0,0
0.5,0.84,-0.075598,1,0,0
0.52,0.84,-0.055339,1,0,0
0.54,0.84,-0.021838,1,0,0
0.56,0.84,-0.0075318,1,0,0
0.58,0.84,-0.0061844,1,0,0
0.6,0.84,-0.026002,1,0,0
0.62,0.84,-0.0089342,1,0,0
0.64,0.84,-0.017662,1,0,0
0.66,0.84,-0.028798,1,0,0
0.68,0.84,-0.031802,1,0,0
0.7,0.84,-0.028044,1,0,0
0.72,0.84,-0.019151,1,0,0
0.74,0.84,0.0063378,1,0,0
0.76,0.84,-0.00026499,1,0,0
0.78,0.84,-0.0087784,1,0,0
0.8,0.84,-0.018596,1,0,0
0.82,0.84,0.0023256,1,0,0
0.84,0.84,0.022467,1,0,0
0.86,0.84,0.012772,1,0,0
0.88,0.84,0.012575,1,0,0
0.9,0.84,0.028394,1,0,0
0.92,0.84,0.021049,1,0,0
0.94,0.84,0.0051712,1,0,0
0.96,0.84,0.00055402,1,0,0
0.98,0.84,-0.0060924,1,0,0
0.02,0.86,-0.032713,1,0,0
0.04,0.86,-0.028216,1,0,0
0.06,0.86,-0.048677,1,0,0
0.08,0.86,-0.036776,1,0,0
0.1,0.86,-0.031193,1,0,0
0.12,0.86,-0.028684,1,0,0
0.14,0.86,-0.060944,1,0,0
0.16,0.86,-0.050319,1,0,0
0.18,0.86,-0.059553,1,0,0
0.2,0.86,-0.043246,1,0,0
0.22,0.86,-0.070609,1,0,0
0.24,0.86,-0.087699,1,0,0
0.26,0.86,-0.072937,1,0,0
0.28,0.86,-0.034133,1,0,0
0.3,0.86,-0.075439,1,0,0
0.32,0.86,-0.056436,1,0,0
0.34,0.86,-0.044803,1,0,0
0.36,0.86,-0.043608,1,0,0
0.38,0.86,-0.014446,1,0,0
0.4,0.86,-0.019766,1,0,0
0.42,0.86,-0.033419,1,0,0
0.44,0.86,-0.056679,1,0,0
0.46,0.86,-0.038132,1,0,0
0.48,0.86,-0.049383,1,0,0
0.5,0.86,-0.046478,1,0,0
0.52,0.86,-0.03389,1,0,0
0.54,0.86,-0.011091,1,0,0
0.56,0.86,0.0027597,1,0,0
0.58,0.86,-0.021607,1,0,0
0.6,0.86,-0.010523,1,0,0
0.62,0.86,-0.012588,1,0,0
0.64,0.86,-0.020122,1,0,0
0.66,0.86,-0.032957,1,0,0
0.68,0.86,-0.052336,1,0,0
0.7,0.86,-0.030148,1,0,0
0.72,0.86,-0.015271,1,0,0
0.74,0.86,-0.022598,1,0,0
0.76,0.86,0.0012594,1,0,0
0.78,0.86,0.011041,1,0,0
0.8,0.86,-0.0059524,1,0,0
0.82,0.86,0.015914,1,0,0
0.84,0.86,0.019067,1,0,0
0.86,0.86,0.022226,1,0,0
0.88,0.86,0.0076874,1,0,0
0.9,0.86,0.03747,1,0,0
0.92,0.86,0.016836,1,0,0
0.94,0.86,0.0058669,1,0,0
0.96,0.86,-0.022192,1,0,0
0.98,0.86,-0.0091371,1,0,0
0.02,0.88,-0.055539,1,0,0
0.04,0.88,-0.045792,1,0,0
0.06,0.88,-0.065348,1,0,0
0.08,0.88,-0.056452,1,0,0
0.1,0.88,-0.050771,1,0,0
0.12,0.88,-0.062643,1,0,0
0.14,0.88,-0.084618,1,0,0
0.16,0.88,-0.059693,1,0,0
0.18,0.88,-0.057754,1,0,0
0.2,0.88,-0.027913,1,0,0
0.22,0.88,-0.039406,1,0,0
0.24,0.88,-0.079724,1,0,0
0.26,0.88,-0.082437,1,0,0
0.28,0.88,-0.07686,1,0,0
0.3,0.88,-0.076093,1,0,0
0.32,0.88,-0.074276,1,0,0
0.34,0.88,-0.060098,1,0,0
0.36,0.88,-0.04345,1,0,0
0.38,0.88,-0.035187,1,0,0
0.4,0.88,-0.02029,1,0,0
0.42,0.88,-0.039908,1,0,0
0.44,0.88,-0.048766,1,0,0
0.46,0.88,-0.057341,1,0,0
0.48,0.88,-0.047711,1,0,0
0.5,0.88,-0.049826,1,0,0
0.52,0.88,-0.034917,1,0,0
0.54,0.88,-0.021863,1,0,0
0.56,0.88,-0.0065839,1,0,0
0.58,0.88,-0.0071713,1,0,0
0.6,0.88,-0.022702,1,0,0
0.62,0.88,-0.010206,1,0,0
0.64,0.88,-0.024057,1,0,0
0.66,0.88,-0.056956,1,0,0
0.68,0.88,-0.071678,1,0,0
0.7,0.88,-0.052662,1,0,0
0.72,0.88,-0.033797,1,0,0
0.74,0.88,-0.0052408,1,0,0
0.76,0.88,-0.017683,1,0,0
0.78,0.88,-0.0034253,1,0,0
0.8,0.88,0.0083049,1,0,0
0.82,0.88,0.039466,1,0,0
0.84,0.88,0.039411,1,0,0
0.86,0.88,0.0067766,1,0,0
0.88,0.88,-0.0046601,1,0,0
0.9,0.88,0.0017117,1,0,0
0.92,0.88,-0.0080314,1,0,0
0.94,0.88,-0.003904,1,0,0
0.96,0.88,-0.012431,1,0,0
0.98,0.88,-0.0086916,1,0,0
0.02,0.9,-0.051557,1,0,0
0.04,0.9,-0.058137,1,0,0
0.06,0.9,-0.054245,1,0,0
0.08,0.9,-0.064381,1,0,0
0.1,0.9,-0.066116,1,0,0
0.12,0.9,-0.074463,1,0,0
0.14,0.9,-0.061082,1,0,0
0.16,0.9,-0.041463,1,0,0
0.18,0.9,-0.045282,1,0,0
0.2,0.9,-0.047129,1,0,0
0.22,0.9,-0.057014,1,0,0
0.24,0.9,-0.079267,1,0,0
0.26,0.9,-0.065543,1,0,0
0.28,0.9,-0.0682,1,0,0
0.3,0.9,-0.067453,1,0,0
0.32,0.9,-0.065603,1,0,0
0.34,0.9,-0.073038,1,0,0
0.36,0.9,-0.05585,1,0,0
0.38,0.9,-0.024706,1,0,0
0.4,0.9,-0.023307,1,0,0
0.42,0.9,-0.05953,1,0,0
0.44,0.9,-0.040558,1,0,0
0.46,0.9,-0.042248,1,0,0
0.48,0.9,-0.055217,1,0,0
0.5,0.9,-0.049046,1,0,0
0.52,0.9,-0.03697,1,0,0
0.54,0.9,-0.022589,1,0,0
0.56,0.9,-0.022402,1,0,0
0.58,0.9,-0.021226,1,0,0
0.6,0.9,-0.036979,1,0,0
0.62,0.9,-0.032691,1,0,0
0.64,0.9,-0.016932,1,0,0
0.66,0.9,-0.013523,1,0,0
0.68,0.9,-0.037365,1,0,0
0.7,0.9,-0.044898,1,0,0
0.72,0.9,-0.022134,1,0,0
0.74,0.9,-0.0041078,1,0,0
0.76,0.9,-0.015299,1,0,0
0.78,0.9,0.0070318,1,0,0
0.8,0.9,0.0088161,1,0,0
0.82,0.9,0.039613,1,0,0
0.84,0.9,0.028335,1,0,0
0.86,0.9,0.017768,1,0,0
0.88,0.9,0.0014803,1,0,0
0.9,0.9,0.00032802,1,0,0
0.92,0.9,-0.0023212,1,0,0
0.94,0.9,-0.0047349,1,0,0
0.96,0.9,-0.010557,1,0,0
0.98,0.9,-0.012802,1,0,0
0.02,0.92,-0.048383,1,0,0
0.04,0.92,-0.072009,1,0,0
0.06,0.92,-0.094244,1,0,0
0.08,0.92,-0.066863,1,0,0
0.1,0.92,-0.062945,1,0,0
0.12,0.92,-0.057448,1,0,0
0.14,0.92,-0.047949,1,0,0
0.16,0.92,-0.032214,1,0,0
0.18,0.92,-0.035117,1,0,0
0.2,0.92,-0.058146,1,0,0
0.22,0.92,-0.049087,1,0,0
0.24,0.92,-0.069116,1,0,0
0.26,0.92,-0.078897,1,0,0
0.28,0.92,-0.070904,1,0,0
0.3,0.92,-0.065933,1,0,0
0.32,0.92,-0.060214,1,0,0
0.34,0.92,-0.062259,1,0,0
0.36,0.92,-0.052409,1,0,0
0.38,0.92,-0.037467,1,0,0
0.4,0.92,-0.05948,1,0,0
0.42,0.92,-0.053748,1,0,0
0.44,0.92,-0.040832,1,0,0
0.46,0.92,-0.016965,1,0,0
0.48,0.92,-0.048762,1,0,0
0.5,0.92,-0.048204,1,0,0
0.52,0.92,-0.046443,1,0,0
0.54,0.92,-0.038363,1,0,0
0.56,0.92,-0.027673,1,0,0
0.58,0.92,-0.032068,1,0,0
0.6,0.92,-0.041507,1,0,0
0.62,0.92,-0.020628,1,0,0
0.64,0.92,-0.037418,1,0,0
0.66,0.92,-0.035072,1,0,0
0.68,0.92,-0.024746,1,0,0
0.7,0.92,-0.014687,1,0,0
0.72,0.92,-0.0090377,1,0,0
0.74,0.92,0.007423,1,0,0
0.76,0.92,0.01938,1,0,0
0.78,0.92,-0.012131,1,0,0
0.8,0.92,0.0030686,1,0,0
0.82,0.92,0.021726,1,0,0
0.84,0.92,0.015624,1,0,0
0.86,0.92,0.010157,1,0,0
0.88,0.92,-0.0021151,1,0,0
0.9,0.92,-0.0056899,1,0,0
0.92,0.92,-0.013971,1,0,0
0.94,0.92,-0.0077706,1,0,0
0.96,0.92,0.00043811,1,0,0
0.98,0.92,-0.0115,1,0,0
0.02,0.94,-0.021411,1,0,0
0.04,0.94,-0.050166,1,0,0
0.06,0.94,-0.079863,1,0,0
0.08,0.94,-0.082471,1,0,0
0.1,0.94,-0.070053,1,0,0
0.12,0.94,-0.045464,1,0,0
0.14,0.94,-0.030522,1,0,0
0.16,0.94,-0.026382,1,0,0
0.18,0.94,-0.028344,1,0,0
0.2,0.94,-0.030305,1,0,0
0.22,0.94,-0.049284,1,0,0
0.24,0.94,-0.068724,1,0,0
0.26,0.94,-0.065151,1,0,0
0.28,0.94,-0.071178,1,0,0
0.3,0.94,-0.063092,1,0,0
0.32,0.94,-0.061133,1,0,0
0.34,0.94,-0.080276,1,0,0
0.36,0.94,-0.067643,1,0,0
0.38,0.94,-0.034285,1,0,0
0.4,0.94,-0.034223,1,0,0
0.42,0.94,-0.025964,1,0,0
0.44,0.94,-0.020862,1,0,0
0.46,0.94,-0.018722,1,0,0
0.48,0.94,-0.046122,1,0,0
0.5,0.94,-0.054695,1,0,0
0.52,0.94,-0.059418,1,0,0
0.54,0.94,-0.058754,1,0,0
0.56,0.94,-0.044646,1,0,0
0.58,0.94,-0.021664,1,0,0
0.6,0.94,-0.029936,1,0,0
0.62,0.94,-0.0056785,1,0,0
0.64,0.94,-0.02962,1,0,0
0.66,0.94,-0.026154,1,0,0
0.68,0.94,-0.01174,1,0,0
0.7,0.94,0.0042762,1,0,0
0.72,0.94,-0.0051927,1,0,0
0.74,0.94,0.01412,1,0,0
0.76,0.94,0.019458,1,0,0
0.78,0.94,0.027225,1,0,0
0.8,0.94,0.043603,1,0,0
0.82,0.94,0.018655,1,0,0
0.84,0.94,0.012726,1,0,0
0.86,0.94,0.0072625,1,0,0
0.88,0.94,0.02018,1,0,0
0.9,0.94,0.0073668,1,0,0
0.92,0.94,0.018394,1,0,0
0.94,0.94,-0.0081021,1,0,0
0.96,0.94,-0.0095909,1,0,0
0.98,0.94,0.005917,1,0,0
0.02,0.96,-0.026218,1,0,0
0.04,0.96,-0.053143,1,0,0
0.06,0.96,-0.053609,1,0,0
0.08,0.96,-0.08405,1,0,0
0.1,0.96,-0.076765,1,0,0
0.12,0.96,-0.019577,1,0,0
0.14,0.96,-0.0098855,1,0,0
0.16,0.96,-0.025028,1,0,0
0.18,0.96,-0.041522,1,0,0
0.2,0.96,-0.027663,1,0,0
0.22,0.96,-0.064226,1,0,0
0.24,0.96,-0.057358,1,0,0
0.26,0.96,-0.069214,1,0,0
0.28,0.96,-0.064986,1,0,0
0.3,0.96,-0.06508,1,0,0
0.32,0.96,-0.047226,1,0,0
0.34,0.96,-0.043304,1,0,0
0.36,0.96,-0.050283,1,0,0
0.38,0.96,-0.051608,1,0,0
0.4,0.96,-0.03765,1,0,0
0.42,0.96,-0.023631,1,0,0
0.44,0.96,-0.016271,1,0,0
0.46,0.96,-0.018137,1,0,0
0.48,0.96,-0.025879,1,0,0
0.5,0.96,-0.033344,1,0,0
0.52,0.96,-0.074561,1,0,0
0.54,0.96,-0.058563,1,0,0
0.56,0.96,-0.023267,1,0,0
0.58,0.96,-0.022326,1,0,0
0.6,0.96,-0.041435,1,0,0
0.62,0.96,-0.021421,1,0,0
0.64,0.96,-0.017416,1,0,0
0.66,0.96,-0.031366,1,0,0
0.68,0.96,-0.0061034,1,0,0
0.7,0.96,0.0099914,1,0,0
0.72,0.96,0.0030191,1,0,0
0.74,0.96,0.021524,1,0,0
0.76,0.96,0.012616,1,0,0
0.78,0.96,0.025676,1,0,0
0.8,0.96,0.025048,1,0,0
0.82,0.96,0.031985,1,0,0
0.84,0.96,0.017155,1,0,0
0.86,0.96,0.037257,1,0,0
0.88,0.96,0.021323,1,0,0
0.9,0.96,0.0094854,1,0,0
0.92,0.96,0.028722,1,0,0
0.94,0.96,-0.0056825,1,0,0
0.96,0.96,-0.0040281,1,0,0
0.98,0.96,0.018282,1,0,0
0.02,0.98,-0.032074,1,0,0
0.04,0.98,-0.025224,1,0,0
0.06,0.98,-0.061849,1,0,0
0.08,0.98,-0.064889,1,0,0
0.1,0.98,-0.081857,1,0,0
0.12,0.98,-0.02346,1,0,0
0.14,0.98,-0.019722,1,0,0
0.16,0.98,-0.012109,1,0,0
0.18,0.98,-0.034216,1,0,0
0.2,0.98,-0.039622,1,0,0
0.22,0.98,-0.049628,1,0,0
0.24,0.98,-0.053642,1,0,0
0.26,0.98,-0.056291,1,0,0
0.28,0.98,-0.051634,1,0,0
0.3,0.98,-0.0508,1,0,0
0.32,0.98,-0.034831,1,0,0
0.34,0.98,-0.048944,1,0,0
0.36,0.98,-0.033425,1,0,0
0.38,0.98,-0.037987,1,0,0
0.4,0.98,-0.029755,1,0,0
0.42,0.98,-0.024058,1,0,0
0.44,0.98,-0.025603,1,0,0
0.46,0.98,-0.023404,1,0,0
0.48,0.98,-0.019684,1,0,0
0.5,0.98,-0.032284,1,0,0
0.52,0.98,-0.031852,1,0,0
0.54,0.98,-0.043643,1,0,0
0.56,0.98,-0.018013,1,0,0
0.58,0.98,-0.020372,1,0,0
0.6,0.98,-0.047026,1,0,0
0.62,0.98,-0.023336,1,0,0
0.64,0.98,-0.026039,1,0,0
0.66,0.98,-0.018159,1,0,0
0.68,0.98,-0.0047859,1,0,0
0.7,0.98,-0.0053402,1,0,0
0.72,0.98,-0.013435,1,0,0
0.74,0.98,0.010322,1,0,0
0.76,0.98,0.016073,1,0,0
0.78,0.98,0.028896,1,0,0
0.8,0.98,0.049751,1,0,0
0.82,0.98,0.044653,1,0,0
0.84,0.98,0.028987,1,0,0
0.86,0.98,0.047864,1,0,0
0.88,0.98,0.030703,1,0,0
0.9,0.98,0.028084,1,0,0
0.92,0.98,0.011041,1,0,0
0.94,0.98,0.011537,1,0,0
0.96,0.98,0.004004,1,0,0
0.98,0.98,0.011572,1,0,0
0,0,-0.028459,-1,0,0
0.02,0,-0.028459,-1,0,0
0.04,0,-0.043188,-1,0,0
0.06,0,-0.056035,-1,0,0
0.08,0,-0.030068,-1,0,0
0.1,0,-0.038636,-1,0,0
0.12,0,-0.060987,-1,0,0
0.14,0,-0.062902,-1,0,0
0.16,0,-0.05665,-1,0,0
0.18,0,-0.053316,-1,0,0
0.2,0,-0.043562,-1,0,0
0.22,0,-0.040719,-1,0,0
0.24,0,-0.043368,-1,0,0
0.26,0,-0.032414,-1,0,0
0.28,0,-0.014937,-1,0,0
0.3,0,-0.011362,-1,0,0
0.32,0,0.007122,-1,0,0
0.34,0,-0.045879,-1,0,0
0.36,0,-0.0098455,-1,0,0
0.38,0,0.037843,-1,0,0
0.4,0,0.031457,-1,0,0
0.42,0,0.025751,-1,0,0
0.44,0,0.030645,-1,0,0
0.46,0,0.031035,-1,0,0
0.48,0,0.031678,-1,0,0
0.5,0,0.027939,-1,0,0
0.52,0,0.030471,-1,0,0
0.54,0,-0.0018312,-1,0,0
0.56,0,0.00035558,-1,0,0
0.58,0,-0.036277,-1,0,0
0.6,0,-0.050147,-1,0,0
0.62,0,-0.022908,-1,0,0
0.64,0,-0.034233,-1,0,0
0.66,0,-0.03176,-1,0,0
0.68,0,-0.029318,-1,0,0
0.7,0,-0.02678,-1,0,0
0.72,0,-0.028026,-1,0,0
0.74,0,-0.0094191,-1,0,0
0.76,0,-0.030292,-1,0,0
0.78,0,-0.044398,-1,0,0
0.8,0,-0.026721,-1,0,0
0.82,0,-0.00092478,-1,0,0
0.84,0,-0.014552,-1,0,0
0.86,0,-0.0079491,-1,0,0
0.88,0,-0.0039655,-1,0,0
0.9,0,0.036982,-1,0,0
0.92,0,0.027326,-1,0,0
0.94,0,0.023281,-1,0,0
0.96,0,-0.018326,-1,0,0
0.98,0,-0.014857,-1,0,0
1,0,-0.0072997,-1,0,0
1,0.02,-0.011374,-1,0,0
1,0.04,0.0172,-1,0,0
1,0.06,0.013387,-1,0,0
1,0.08,0.023958,-1,0,0
1,0.1,-0.0041251,-1,0,0
1,0.12,-0.029407,-1,0,0
1,0.14,-0.020573,-1,0,0
1,0.16,-0.022595,-1,0,0
1,0.18,-0.026032,-1,0,0
1,0.2,-0.032351,-1,0,0
1,0.22,-0.027252,-1,0,0
1,0.24,-0.05433,-1,0,0
1,0.26,-0.044372,-1,0,0
1,0.28,-0.049526,-1,0,0
1,0.3,-0.059035,-1,0,0
1,0.32,-0.047021,-1,0,0
1,0.34,-0.051499,-1,0,0
1,0.36,-0.048642,-1,0,0
1,0.38,-0.021715,-1,0,0
1,0.4,-0.026903,-1,0,0
1,0.42,-0.055257,-1,0,0
1,0.44,-0.015887,-1,0,0
1,0.46,-0.02786,-1,0,0
1,0.48,-0.044959,-1,0,0
1,0.5,-0.040649,-1,0,0
1,0.52,-0.030298,-1,0,0
1,0.54,-0.048564,-1,0,0
1,0.56,-0.04898,-1,0,0
1,0.58,-0.042966,-1,0,0
1,0.6,-0.061106,-1,0,0
1,0.62,-0.089638,-1,0,0
1,0.64,-0.067661,-1,0,0
1,0.66,-0.041004,-1,0,0
1,0.68,-0.048979,-1,0,0
1,0.7,-0.05931,-1,0,0
1,0.72,-0.054549,-1,0,0
1,0.74,-0.034209,-1,0,0
1,0.76,-0.03512,-1,0,0
1,0.78,-0.0194,-1,0,0
1,0.8,0.003564,-1,0,0
1,0.82,-0.011415,-1,0,0
1,0.84,-0.0061667,-1,0,0
1,0.86,0.0032224,-1,0,0
1,0.88,-0.01804,-1,0,0
1,0.9,-0.013109,-1,0,0
1,0.92,-0.018177,-1,0,0
1,0.94,0.012175,-1,0,0
1,0.96,0.00025173,-1,0,0
1,0.98,-0.013395,-1,0,0
1,1,-0.031512,-1,0,0
0.98,1,0.017026,-1,0,0
0.96,1,-0.0037552,-1,0,0
0.94,1,-0.01386,-1,0,0
0.92,1,-0.018389,-1,0,0
0.9,1,-0.0083461,-1,0,0
0.88,1,0.001824,-1,0,0
0.86,1,0.041107,-1,0,0
0.84,1,0.021859,-1,0,0
0.82,1,0.041053,-1,0,0
0.8,1,0.032363,-1,0,0
0.78,1,0.015669,-1,0,0
0.76,1,-0.0029929,-1,0,0
0.74,1,-0.019914,-1,0,0
0.72,1,-0.036032,-1,0,0
0.7,1,-0.037618,-1,0,0
0.68,1,-0.046642,-1,0,0
0.66,1,-0.036393,-1,0,0
0.64,1,-0.051993,-1,0,0
0.62,1,-0.027076,-1,0,0
0.6,1,-0.021066,-1,0,0
0.58,1,-0.043457,-1,0,0
0.56,1,-0.05281,-1,0,0
0.54,1,-0.058058,-1,0,0
0.52,1,-0.047289,-1,0,0
0.5,1,-0.068599,-1,0,0
0.48,1,-0.055285,-1,0,0
0.46,1,-0.038792,-1,0,0
0.44,1,-0.032595,-1,0,0
0.42,1,-0.044329,-1,0,0
0.4,1,-0.019268,-1,0,0
0.38,1,-0.026533,-1,0,0
0.36,1,-0.041162,-1,0,0
0.34,1,-0.052436,-1,0,0
0.32,1,-0.048052,-1,0,0
0.3,1,-0.083782,-1,0,0
0.28,1,-0.083236,-1,0,0
0.26,1,-0.084617,-1,0,0
0.24,1,-0.053047,-1,0,0
0.22,1,-0.038771,-1,0,0
0.2,1,-0.039783,-1,0,0
0.18,1,-0.032562,-1,0,0
0.16,1,-0.050415,-1,0,0
0.14,1,-0.059984,-1,0,0
0.12,1,-0.05421,-1,0,0
0.1,1,-0.086321,-1,0,0
0.08,1,-0.073295,-1,0,0
0.06,1,-0.077376,-1,0,0
0.04,1,-0.041693,-1,0,0
0.02,1,-0.042118,-1,0,0
0,1,-0.042422,-1,0,0
0,0.98,-0.023956,-1,0,0
0,0.96,-0.039435,-1,0,0
0,0.94,-0.02824,-1,0,0
0,0.92,-0.066888,-1,0,0
0,0.9,-0.037177,-1,0,0
0,0.88,-0.026761,-1,0,0
0,0.86,-0.019861,-1,0,0
0,0.84,0.0018436,-1,0,0
0,0.82,0.023882,-1,0,0
0,0.8,0.043179,-1,0,0
0,0.78,0.038303,-1,0,0
0,0.76,0.053759,-1,0,0
0,0.74,0.073173,-1,0,0
0,0.72,0.070743,-1,0,0
0,0.7,0.048699,-1,0,0
0,0.68,0.016819,-1,0,0
0,0.66,0.017206,-1,0,0
0,0.64,0.0075723,-1,0,0
0,0.62,0.042866,-1,0,0
0,0.6,0.03852,-1,0,0
0,0.58,0.031709,-1,0,0
0,0.56,0.011977,-1,0,0
0,0.54,-0.0037597,-1,0,0
0,0.52,0.011398,-1,0,0
0,0.5,-0.0038166,-1,0,0
0,0.48,-0.038099,-1,0,0
0,0.46,-0.031871,-1,0,0
0,0.44,-0.011847,-1,0,0
0,0.42,-0.029811,-1,0,0
0,0.4,-0.030996,-1,0,0
0,0.38,-0.035372,-1,0,0
0,0.36,-0.022828,-1,0,0
0,0.34,-0.015802,-1,0,0
0,0.32,-0.00027558,-1,0,0
0,0.3,-0.012196,-1,0,0
0,0.28,-0.012123,-1,0,0
0,0.26,-0.027676,-1,0,0
0,0.24,-0.036912,-1,0,0
0,0.22,-0.024146,-1,0,0
0,0.2,-0.01462,-1,0,0
0,0.18,-0.010148,-1,0,0
0,0.16,0.0083236,-1,0,0
0,0.14,0.0063899,-1,0,0
0,0.12,-0.020171,-1,0,0
0,0.1,-0.0067159,-1,0,0
0,0.08,0.021288,-1,0,0
0,0.06,-0.014558,-1,0,0
0,0.04,-0.011526,-1,0,0
0,0.02,-0.034616,-1,0,0
