0.02,0.02,0.029495,1,0,0
0.04,0.02,0.0071454,1,0,0
0.06,0.02,0.076103,1,0,0
0.08,0.02,0.041883,1,0,0
0.1,0.02,0.048446,1,0,0
0.12,0.02,0.048235,1,0,0
0.14,0.02,0.048368,1,0,0
0.16,0.02,0.061785,1,0,0
0.18,0.02,0.0026845,1,0,0
0.2,0.02,0.047311,1,0,0
0.22,0.02,-0.010852,1,0,0
0.24,0.02,0.0082061,1,0,0
0.26,0.02,-0.0054695,1,0,0
0.28,0.02,0.039371,1,0,0
0.3,0.02,0.010211,1,0,0
0.32,0.02,0.016571,1,0,0
0.34,0.02,0.06135,1,0,0
0.36,0.02,0.056738,1,0,0
0.38,0.02,0.09242,1,0,0
0.4,0.02,0.050429,1,0,0
0.42,0.02,0.023814,1,0,0
0.44,0.02,0.048906,1,0,0
0.46,0.02,0.092853,1,0,0
0.48,0.02,0.06715,1,0,0
0.5,0.02,-0.016788,1,0,0
0.52,0.02,0.050873,1,0,0
0.54,0.02,0.072018,1,0,0
0.56,0.02,0.0026028,1,0,0
0.58,0.02,-0.011111,1,0,0
0.6,0.02,0.018087,1,0,0
0.62,0.02,0.030986,1,0,0
0.64,0.02,0.01667,1,0,0
0.66,0.02,0.048848,1,0,0
0.68,0.02,0.028322,1,0,0
0.7,0.02,0.030418,1,0,0
0.72,0.02,0.01893,1,0,0
0.74,0.02,0.032205,1,0,0
0.76,0.02,-0.0043044,1,0,0
0.78,0.02,0.088406,1,0,0
0.8,0.02,0.08335,1,0,0
0.82,0.02,0.04692,1,0,0
0.84,0.02,-0.012417,1,0,0
0.86,0.02,0.038198,1,0,0
0.88,0.02,0.044234,1,0,0
0.9,0.02,0.060132,1,0,0
0.92,0.02,0.026678,1,0,0
0.94,0.02,0.027259,1,0,0
0.96,0.02,0.066259,1,0,0
0.98,0.02,-0.0067416,1,0,0
0.02,0.04,0.039364,1,0,0
0.04,0.04,0.021451,1,0,0
0.06,0.04,0.058667,1,0,0
0.08,0.04,0.025531,1,0,0
0.1,0.04,0.042734,1,0,0
0.12,0.04,0.075682,1,0,0
0.14,0.04,0.07441,1,0,0
0.16,0.04,-0.00095822,1,0,0
0.18,0.04,0.059666,1,0,0
0.2,0.04,0.053948,1,0,0
0.22,0.04,0.020091,1,0,0
0.24,0.04,0.048039,1,0,0
0.26,0.04,0.043,1,0,0
0.28,0.04,-0.02723,1,0,0
0.3,0.04,0.016335,1,0,0
0.32,0.04,0.061788,1,0,0
0.34,0.04,0.07292,1,0,0
0.36,0.04,0.068208,1,0,0
0.38,0.04,0.039759,1,0,0
0.4,0.04,0.036635,1,0,0
0.42,0.04,0.030405,1,0,0
0.44,0.04,0.020028,1,0,0
0.46,0.04,0.043261,1,0,0
0.48,0.04,0.060383,1,0,0
0.5,0.04,0.022348,1,0,0
0.52,0.04,0.071315,1,0,0
0.54,0.04,0.08571,1,0,0
0.56,0.04,0.050153,1,0,0
0.58,0.04,-0.016004,1,0,0
0.6,0.04,0.01291,1,0,0
0.62,0.04,0.060997,1,0,0
0.64,0.04,0.056334,1,0,0
0.66,0.04,0.039977,1,0,0
0.68,0.04,-0.02515,1,0,0
0.7,0.04,0.019654,1,0,0
0.72,0.04,0.010441,1,0,0
0.74,0.04,0.050039,1,0,0
0.76,0.04,0.02567,1,0,0
0.78,0.04,0.069711,1,0,0
0.8,0.04,0.067093,1,0,0
0.82,0.04,0.067766,1,0,0
0.84,0.04,0.080077,1,0,0
0.86,0.04,0.045574,1,0,0
0.88,0.04,0.029162,1,0,0
0.9,0.04,0.016969,1,0,0
0.92,0.04,0.036872,1,0,0
0.94,0.04,0.048592,1,0,0
0.96,0.04,0.036643,1,0,0
0.98,0.04,0.054841,1,0,0
0.02,0.06,0.026277,1,0,0
0.04,0.06,0.023917,1,0,0
0.06,0.06,-0.0053075,1,0,0
0.08,0.06,0.017267,1,0,0
0.1,0.06,0.020523,1,0,0
0.12,0.06,0.049583,1,0,0
0.14,0.06,0.026959,1,0,0
0.16,0.06,0.053538,1,0,0
0.18,0.06,0.055129,1,0,0
0.2,0.06,0.047643,1,0,0
0.22,0.06,0.016309,1,0,0
0.24,0.06,0.016447,1,0,0
0.26,0.06,0.060421,1,0,0
0.28,0.06,0.0090198,1,0,0
0.3,0.06,-0.026836,1,0,0
0.32,0.06,0.014164,1,0,0
0.34,0.06,-0.020899,1,0,0
0.36,0.06,-0.013001,1,0,0
0.38,0.06,0.068371,1,0,0
0.4,0.06,0.023182,1,0,0
0.42,0.06,0.052238,1,0,0
0.44,0.06,-0.028892,1,0,0
0.46,0.06,-0.0020224,1,0,0
0.48,0.06,0.028002,1,0,0
0.5,0.06,0.023571,1,0,0
0.52,0.06,0.043817,1,0,0
0.54,0.06,0.098558,1,0,0
0.56,0.06,-0.0034126,1,0,0
0.58,0.06,-0.075979,1,0,0
0.6,0.06,0.0068165,1,0,0
0.62,0.06,0.013361,1,0,0
0.64,0.06,0.012744,1,0,0
0.66,0.06,-0.017358,1,0,0
0.68,0.06,0.076917,1,0,0
0.7,0.06,0.007076,1,0,0
0.72,0.06,-0.042594,1,0,0
0.74,0.06,-0.042799,1,0,0
0.76,0.06,0.035958,1,0,0
0.78,0.06,-0.0075065,1,0,0
0.8,0.06,0.062303,1,0,0
0.82,0.06,0.096764,1,0,0
0.84,0.06,0.046148,1,0,0
0.86,0.06,0.011072,1,0,0
0.88,0.06,0.0051837,1,0,0
0.9,0.06,0.0087939,1,0,0
0.92,0.06,-0.016432,1,0,0
0.94,0.06,0.01809,1,0,0
0.96,0.06,0.0019248,1,0,0
0.98,0.06,0.021583,1,0,0
0.02,0.08,-0.0079561,1,0,0
0.04,0.08,-0.015995,1,0,0
0.06,0.08,-0.020023,1,0,0
0.08,0.08,0.033516,1,0,0
0.1,0.08,0.035582,1,0,0
0.12,0.08,0.025224,1,0,0
0.14,0.08,-7.1243e-05,1,0,0
0.16,0.08,0.010551,1,0,0
0.18,0.08,0.026024,1,0,0
0.2,0.08,0.067474,1,0,0
0.22,0.08,0.052191,1,0,0
0.24,0.08,0.054574,1,0,0
0.26,0.08,0.0053983,1,0,0
0.28,0.08,0.026707,1,0,0
0.3,0.08,0.032605,1,0,0
0.32,0.08,-0.012531,1,0,0
0.34,0.08,-0.041562,1,0,0
0.36,0.08,0.0042161,1,0,0
0.38,0.08,0.069455,1,0,0
0.4,0.08,0.0090419,1,0,0
0.42,0.08,0.031403,1,0,0
0.44,0.08,0.018061,1,0,0
0.46,0.08,0.050446,1,0,0
0.48,0.08,0.031107,1,0,0
0.5,0.08,0.070218,1,0,0
0.52,0.08,0.028441,1,0,0
0.54,0.08,0.059977,1,0,0
0.56,0.08,0.018266,1,0,0
0.58,0.08,-0.014564,1,0,0
0.6,0.08,0.0033087,1,0,0
0.62,0.08,0.051344,1,0,0
0.64,0.08,0.035785,1,0,0
0.66,0.08,0.067771,1,0,0
0.68,0.08,0.070107,1,0,0
0.7,0.08,0.069015,1,0,0
0.72,0.08,0.020075,1,0,0
0.74,0.08,-0.037043,1,0,0
0.76,0.08,0.027747,1,0,0
0.78,0.08,0.0067726,1,0,0
0.8,0.08,0.070721,1,0,0
0.82,0.08,0.099616,1,0,0
0.84,0.08,0.016917,1,0,0
0.86,0.08,-0.0066097,1,0,0
0.88,0.08,0.0076703,1,0,0
0.9,0.08,-0.034432,1,0,0
0.92,0.08,-0.060542,1,0,0
0.94,0.08,-0.0087772,1,0,0
0.96,0.08,0.031101,1,0,0
0.98,0.08,0.036373,1,0,0
0.02,0.1,0.043156,1,0,0
0.04,0.1,0.014677,1,0,0
0.06,0.1,0.039284,1,0,0
0.08,0.1,0.017221,1,0,0
0.1,0.1,0.011338,1,0,0
0.12,0.1,0.083186,1,0,0
0.14,0.1,0.099065,1,0,0
0.16,0.1,0.078983,1,0,0
0.18,0.1,0.040432,1,0,0
0.2,0.1,0.085556,1,0,0
0.22,0.1,0.096764,1,0,0
0.24,0.1,0.0067406,1,0,0
0.26,0.1,0.052297,1,0,0
0.28,0.1,0.014582,1,0,0
0.3,0.1,0.051903,1,0,0
0.32,0.1,-0.033262,1,0,0
0.34,0.1,-0.00096077,1,0,0
0.36,0.1,0.064209,1,0,0
0.38,0.1,0.035748,1,0,0
0.4,0.1,0.0064046,1,0,0
0.42,0.1,0.035583,1,0,0
0.44,0.1,0.035889,1,0,0
0.46,0.1,0.013869,1,0,0
0.48,0.1,0.05239,1,0,0
0.5,0.1,0.044439,1,0,0
0.52,0.1,0.029338,1,0,0
0.54,0.1,0.076441,1,0,0
0.56,0.1,0.056293,1,0,0
0.58,0.1,0.014195,1,0,0
0.6,0.1,0.030756,1,0,0
0.62,0.1,0.060381,1,0,0
0.64,0.1,0.08245,1,0,0
0.66,0.1,0.096829,1,0,0
0.68,0.1,0.020527,1,0,0
0.7,0.1,0.063392,1,0,0
0.72,0.1,0.022729,1,0,0
0.74,0.1,0.036654,1,0,0
0.76,0.1,0.029709,1,0,0
0.78,0.1,0.050725,1,0,0
0.8,0.1,0.066144,1,0,0
0.82,0.1,0.055911,1,0,0
0.84,0.1,0.015523,1,0,0
0.86,0.1,0.029281,1,0,0
0.88,0.1,0.019467,1,0,0
0.9,0.1,0.039596,1,0,0
0.92,0.1,-0.0055244,1,0,0
0.94,0.1,0.057452,1,0,0
0.96,0.1,0.013251,1,0,0
0.98,0.1,0.011824,1,0,0
0.02,0.12,0.080656,1,0,0
0.04,0.12,0.033574,1,0,0
0.06,0.12,0.019919,1,0,0
0.08,0.12,0.038026,1,0,0
0.1,0.12,-0.012778,1,0,0
0.12,0.12,0.021659,1,0,0
0.14,0.12,0.052625,1,0,0
0.16,0.12,0.08419,1,0,0
0.18,0.12,0.029973,1,0,0
0.2,0.12,0.11008,1,0,0
0.22,0.12,0.041348,1,0,0
0.24,0.12,0.07017,1,0,0
0.26,0.12,0.054413,1,0,0
0.28,0.12,0.075109,1,0,0
0.3,0.12,0.012545,1,0,0
0.32,0.12,-0.041089,1,0,0
0.34,0.12,-0.0017089,1,0,0
0.36,0.12,0.011021,1,0,0
0.38,0.12,0.017362,1,0,0
0.4,0.12,0.014819,1,0,0
0.42,0.12,0.057153,1,0,0
0.44,0.12,0.045569,1,0,0
0.46,0.12,0.082324,1,0,0
0.48,0.12,0.05062,1,0,0
0.5,0.12,0.10963,1,0,0
0.52,0.12,0.066855,1,0,0
0.54,0.12,0.080071,1,0,0
0.56,0.12,0.078811,1,0,0
0.58,0.12,0.055599,1,0,0
0.6,0.12,0.1058,1,0,0
0.62,0.12,0.035481,1,0,0
0.64,0.12,0.033099,1,0,0
0.66,0.12,0.11439,1,0,0
0.68,0.12,0.053583,1,0,0
0.7,0.12,0.059543,1,0,0
0.72,0.12,0.068344,1,0,0
0.74,0.12,0.074934,1,0,0
0.76,0.12,0.044125,1,0,0
0.78,0.12,0.066108,1,0,0
0.8,0.12,0.035094,1,0,0
0.82,0.12,0.062795,1,0,0
0.84,0.12,0.0077383,1,0,0
0.86,0.12,0.028562,1,0,0
0.88,0.12,0.074385,1,0,0
0.9,0.12,0.023799,1,0,0
0.92,0.12,0.008206,1,0,0
0.94,0.12,0.043113,1,0,0
0.96,0.12,0.0032558,1,0,0
0.98,0.12,0.011564,1,0,0
0.02,0.14,0.079348,1,0,0
0.04,0.14,0.046602,1,0,0
0.06,0.14,-0.034254,1,0,0
0.08,0.14,0.0033224,1,0,0
0.1,0.14,0.016782,1,0,0
0.12,0.14,0.014284,1,0,0
0.14,0.14,0.024309,1,0,0
0.16,0.14,0.011434,1,0,0
0.18,0.14,0.020598,1,0,0
0.2,0.14,0.011687,1,0,0
0.22,0.14,0.021915,1,0,0
0.24,0.14,0.0041699,1,0,0
0.26,0.14,0.010173,1,0,0
0.28,0.14,0.032087,1,0,0
0.3,0.14,0.015035,1,0,0
0.32,0.14,-0.016998,1,0,0
0.34,0.14,-0.061044,1,0,0
0.36,0.14,-0.014773,1,0,0
0.38,0.14,0.025404,1,0,0
0.4,0.14,0.066193,1,0,0
0.42,0.14,0.03891,1,0,0
0.44,0.14,0.051416,1,0,0
0.46,0.14,0.052541,1,0,0
0.48,0.14,0.066684,1,0,0
0.5,0.14,0.08377,1,0,0
0.52,0.14,0.12095,1,0,0
0.54,0.14,0.089852,1,0,0
0.56,0.14,0.061249,1,0,0
0.58,0.14,0.092111,1,0,0
0.6,0.14,0.045703,1,0,0
0.62,0.14,-0.01398,1,0,0
0.64,0.14,0.030672,1,0,0
0.66,0.14,0.083809,1,0,0
0.68,0.14,0.02898,1,0,0
0.7,0.14,0.093946,1,0,0
0.72,0.14,0.053282,1,0,0
0.74,0.14,0.069737,1,0,0
0.76,0.14,0.052651,1,0,0
0.78,0.14,0.058937,1,0,0
0.8,0.14,0.04642,1,0,0
0.82,0.14,0.048714,1,0,0
0.84,0.14,-0.0086085,1,0,0
0.86,0.14,-0.031171,1,0,0
0.88,0.14,0.0060482,1,0,0
0.9,0.14,-0.012572,1,0,0
0.92,0.14,-0.0037608,1,0,0
0.94,0.14,0.0085493,1,0,0
0.96,0.14,0.030769,1,0,0
0.98,0.14,-0.010766,1,0,0
0.02,0.16,0.060637,1,0,0
0.04,0.16,0.043349,1,0,0
0.06,0.16,-0.0057987,1,0,0
0.08,0.16,0.011794,1,0,0
0.1,0.16,0.0074981,1,0,0
0.12,0.16,-0.0075578,1,0,0
0.14,0.16,-0.030631,1,0,0
0.16,0.16,0.035847,1,0,0
0.18,0.16,0.013626,1,0,0
0.2,0.16,0.050882,1,0,0
0.22,0.16,0.058467,1,0,0
0.24,0.16,0.055141,1,0,0
0.26,0.16,0.0058402,1,0,0
0.28,0.16,0.046029,1,0,0
0.3,0.16,0.0054501,1,0,0
0.32,0.16,-0.045741,1,0,0
0.34,0.16,-0.046983,1,0,0
0.36,0.16,-0.011854,1,0,0
0.38,0.16,-0.0050683,1,0,0
0.4,0.16,0.025661,1,0,0
0.42,0.16,-0.048541,1,0,0
0.44,0.16,0.022207,1,0,0
0.46,0.16,0.11686,1,0,0
0.48,0.16,0.097055,1,0,0
0.5,0.16,0.049198,1,0,0
0.52,0.16,0.069499,1,0,0
0.54,0.16,0.059236,1,0,0
0.56,0.16,0.11036,1,0,0
0.58,0.16,0.0142,1,0,0
0.6,0.16,0.11101,1,0,0
0.62,0.16,0.054534,1,0,0
0.64,0.16,0.049518,1,0,0
0.66,0.16,0.064232,1,0,0
0.68,0.16,0.041247,1,0,0
0.7,0.16,0.065311,1,0,0
0.72,0.16,0.020397,1,0,0
0.74,0.16,-0.0019504,1,0,0
0.76,0.16,0.036964,1,0,0
0.78,0.16,0.035997,1,0,0
0.8,0.16,0.0083399,1,0,0
0.82,0.16,0.040623,1,0,0
0.84,0.16,0.06312,1,0,0
0.86,0.16,0.012529,1,0,0
0.88,0.16,0.072858,1,0,0
0.9,0.16,0.060068,1,0,0
0.92,0.16,-0.047659,1,0,0
0.94,0.16,-0.033045,1,0,0
0.96,0.16,0.013128,1,0,0
0.98,0.16,-0.010142,1,0,0
0.02,0.18,0.096512,1,0,0
0.04,0.18,0.051518,1,0,0
0.06,0.18,0.01155,1,0,0
0.08,0.18,0.022468,1,0,0
0.1,0.18,-0.012795,1,0,0
0.12,0.18,0.015238,1,0,0
0.14,0.18,-0.013686,1,0,0
0.16,0.18,0.029896,1,0,0
0.18,0.18,-0.022703,1,0,0
0.2,0.18,0.040447,1,0,0
0.22,0.18,0.026071,1,0,0
0.24,0.18,0.058758,1,0,0
0.26,0.18,-0.0025182,1,0,0
0.28,0.18,0.006634,1,0,0
0.3,0.18,0.018401,1,0,0
0.32,0.18,0.0060031,1,0,0
0.34,0.18,0.0093219,1,0,0
0.36,0.18,0.045577,1,0,0
0.38,0.18,-0.045423,1,0,0
0.4,0.18,0.016898,1,0,0
0.42,0.18,0.059244,1,0,0
0.44,0.18,0.051717,1,0,0
0.46,0.18,0.098927,1,0,0
0.48,0.18,0.066224,1,0,0
0.5,0.18,0.067801,1,0,0
0.52,0.18,0.093936,1,0,0
0.54,0.18,0.093467,1,0,0
0.56,0.18,0.11458,1,0,0
0.58,0.18,0.056003,1,0,0
0.6,0.18,0.066429,1,0,0
0.62,0.18,0.06545,1,0,0
0.64,0.18,0.14446,1,0,0
0.66,0.18,0.090243,1,0,0
0.68,0.18,0.019918,1,0,0
0.7,0.18,0.069203,1,0,0
0.72,0.18,0.097531,1,0,0
0.74,0.18,0.094786,1,0,0
0.76,0.18,0.13142,1,0,0
0.78,0.18,0.068784,1,0,0
0.8,0.18,0.045582,1,0,0
0.82,0.18,0.029321,1,0,0
0.84,0.18,0.060042,1,0,0
0.86,0.18,0.01019,1,0,0
0.88,0.18,-0.0042438,1,0,0
0.9,0.18,0.012962,1,0,0
0.92,0.18,-0.034188,1,0,0
0.94,0.18,-0.0030273,1,0,0
0.96,0.18,0.027087,1,0,0
0.98,0.18,-0.035786,1,0,0
0.02,0.2,0.018112,1,0,0
0.04,0.2,0.051941,1,0,0
0.06,0.2,0.015747,1,0,0
0.08,0.2,0.031008,1,0,0
0.1,0.2,0.044826,1,0,0
0.12,0.2,0.0039364,1,0,0
0.14,0.2,0.022394,1,0,0
0.16,0.2,0.010196,1,0,0
0.18,0.2,0.011843,1,0,0
0.2,0.2,-0.0022682,1,0,0
0.22,0.2,0.016214,1,0,0
0.24,0.2,-0.017568,1,0,0
0.26,0.2,0.021474,1,0,0
0.28,0.2,0.088537,1,0,0
0.3,0.2,-0.014727,1,0,0
0.32,0.2,-0.0081159,1,0,0
0.34,0.2,-0.0196,1,0,0
0.36,0.2,0.012555,1,0,0
0.38,0.2,-0.036076,1,0,0
0.4,0.2,0.05353,1,0,0
0.42,0.2,0.0062903,1,0,0
0.44,0.2,0.062443,1,0,0
0.46,0.2,0.056555,1,0,0
0.48,0.2,0.10043,1,0,0
0.5,0.2,0.031988,1,0,0
0.52,0.2,0.051216,1,0,0
0.54,0.2,0.022659,1,0,0
0.56,0.2,0.078151,1,0,0
0.58,0.2,0.077316,1,0,0
0.6,0.2,0.09078,1,0,0
0.62,0.2,0.09425,1,0,0
0.64,0.2,0.069316,1,0,0
0.66,0.2,0.12379,1,0,0
0.68,0.2,0.070308,1,0,0
0.7,0.2,0.069555,1,0,0
0.72,0.2,0.040539,1,0,0
0.74,0.2,0.036863,1,0,0
0.76,0.2,0.056631,1,0,0
0.78,0.2,0.050573,1,0,0
0.8,0.2,0.0082373,1,0,0
0.82,0.2,0.0038039,1,0,0
0.84,0.2,0.026094,1,0,0
0.86,0.2,0.020329,1,0,0
0.88,0.2,0.036904,1,0,0
0.9,0.2,-0.011636,1,0,0
0.92,0.2,-0.031308,1,0,0
0.94,0.2,-0.0054976,1,0,0
0.96,0.2,0.050021,1,0,0
0.98,0.2,-0.032877,1,0,0
0.02,0.22,0.03575,1,0,0
0.04,0.22,0.024694,1,0,0
0.06,0.22,0.023432,1,0,0
0.08,0.22,0.020015,1,0,0
0.1,0.22,0.016101,1,0,0
0.12,0.22,0.04618,1,0,0
0.14,0.22,0.018055,1,0,0
0.16,0.22,0.0064768,1,0,0
0.18,0.22,0.017606,1,0,0
0.2,0.22,0.0029659,1,0,0
0.22,0.22,-0.03337,1,0,0
0.24,0.22,-0.03087,1,0,0
0.26,0.22,-0.049269,1,0,0
0.28,0.22,0.0028021,1,0,0
0.3,0.22,0.028705,1,0,0
0.32,0.22,0.037651,1,0,0
0.34,0.22,0.014528,1,0,0
0.36,0.22,0.024507,1,0,0
0.38,0.22,-0.015684,1,0,0
0.4,0.22,0.025066,1,0,0
0.42,0.22,0.051107,1,0,0
0.44,0.22,0.064162,1,0,0
0.46,0.22,0.076074,1,0,0
0.48,0.22,0.066764,1,0,0
0.5,0.22,-0.0057929,1,0,0
0.52,0.22,0.011704,1,0,0
0.54,0.22,0.027731,1,0,0
0.56,0.22,0.047893,1,0,0
0.58,0.22,0.061501,1,0,0
0.6,0.22,0.067075,1,0,0
0.62,0.22,0.10219,1,0,0
0.64,0.22,0.11804,1,0,0
0.66,0.22,0.048104,1,0,0
0.68,0.22,0.036521,1,0,0
0.7,0.22,0.10307,1,0,0
0.72,0.22,0.080171,1,0,0
0.74,0.22,0.085772,1,0,0
0.76,0.22,0.042218,1,0,0
0.78,0.22,0.055613,1,0,0
0.8,0.22,0.018208,1,0,0
0.82,0.22,0.025161,1,0,0
0.84,0.22,-0.027671,1,0,0
0.86,0.22,0.022474,1,0,0
0.88,0.22,-0.022436,1,0,0
0.9,0.22,-0.027001,1,0,0
0.92,0.22,-0.027608,1,0,0
0.94,0.22,-0.043801,1,0,0
0.96,0.22,0.012288,1,0,0
0.98,0.22,-0.034413,1,0,0
0.02,0.24,0.028076,1,0,0
0.04,0.24,0.040142,1,0,0
0.06,0.24,0.070887,1,0,0
0.08,0.24,-0.035921,1,0,0
0.1,0.24,-0.049368,1,0,0
0.12,0.24,-0.0035909,1,0,0
0.14,0.24,-0.035706,1,0,0
0.16,0.24,0.079872,1,0,0
0.18,0.24,0.035037,1,0,0
0.2,0.24,0.062116,1,0,0
0.22,0.24,0.016367,1,0,0
0.24,0.24,0.0406,1,0,0
0.26,0.24,0.014958,1,0,0
0.28,0.24,-0.0045249,1,0,0
0.3,0.24,0.021454,1,0,0
0.32,0.24,0.0062061,1,0,0
0.34,0.24,-0.025172,1,0,0
0.36,0.24,0.0066099,1,0,0
0.38,0.24,0.062294,1,0,0
0.4,0.24,-0.021375,1,0,0
0.42,0.24,-0.003953,1,0,0
0.44,0.24,0.076148,1,0,0
0.46,0.24,0.10853,1,0,0
0.48,0.24,0.075736,1,0,0
0.5,0.24,-0.0015564,1,0,0
0.52,0.24,-0.0039097,1,0,0
0.54,0.24,0.085816,1,0,0
0.56,0.24,0.060498,1,0,0
0.58,0.24,0.056621,1,0,0
0.6,0.24,0.13141,1,0,0
0.62,0.24,0.14721,1,0,0
0.64,0.24,0.076748,1,0,0
0.66,0.24,0.06514,1,0,0
0.68,0.24,0.041674,1,0,0
0.7,0.24,0.022406,1,0,0
0.72,0.24,0.020453,1,0,0
0.74,0.24,0.087318,1,0,0
0.76,0.24,0.080948,1,0,0
0.78,0.24,0.058729,1,0,0
0.8,0.24,0.066045,1,0,0
0.82,0.24,0.017631,1,0,0
0.84,0.24,0.03132,1,0,0
0.86,0.24,0.039858,1,0,0
0.88,0.24,0.05171,1,0,0
0.9,0.24,0.026217,1,0,0
0.92,0.24,-0.042315,1,0,0
0.94,0.24,-0.032152,1,0,0
0.96,0.24,-0.044719,1,0,0
0.98,0.24,-0.043611,1,0,0
0.02,0.26,0.062183,1,0,0
0.04,0.26,0.060799,1,0,0
0.06,0.26,0.04077,1,0,0
0.08,0.26,0.057763,1,0,0
0.1,0.26,0.0029648,1,0,0
0.12,0.26,0.0055558,1,0,0
0.14,0.26,0.055312,1,0,0
0.16,0.26,0.051737,1,0,0
0.18,0.26,0.028358,1,0,0
0.2,0.26,0.019967,1,0,0
0.22,0.26,-0.049521,1,0,0
0.24,0.26,0.040001,1,0,0
0.26,0.26,0.0097832,1,0,0
0.28,0.26,-0.032133,1,0,0
0.3,0.26,0.022539,1,0,0
0.32,0.26,0.026683,1,0,0
0.34,0.26,0.039817,1,0,0
0.36,0.26,0.057898,1,0,0
0.38,0.26,0.046164,1,0,0
0.4,0.26,0.022616,1,0,0
0.42,0.26,0.042181,1,0,0
0.44,0.26,0.054642,1,0,0
0.46,0.26,0.062922,1,0,0
0.48,0.26,0.047294,1,0,0
0.5,0.26,-0.015946,1,0,0
0.52,0.26,0.015505,1,0,0
0.54,0.26,0.077796,1,0,0
0.56,0.26,0.014073,1,0,0
0.58,0.26,-0.012573,1,0,0
0.6,0.26,0.042385,1,0,0
0.62,0.26,0.066623,1,0,0
0.64,0.26,0.023922,1,0,0
0.66,0.26,0.034345,1,0,0
0.68,0.26,0.075505,1,0,0
0.7,0.26,0.061591,1,0,0
0.72,0.26,0.083991,1,0,0
0.74,0.26,0.10748,1,0,0
0.76,0.26,0.099915,1,0,0
0.78,0.26,0.021353,1,0,0
0.8,0.26,0.048425,1,0,0
0.82,0.26,0.060675,1,0,0
0.84,0.26,0.01003,1,0,0
0.86,0.26,0.044568,1,0,0
0.88,0.26,0.010003,1,0,0
0.9,0.26,-0.029855,1,0,0
0.92,0.26,-0.011946,1,0,0
0.94,0.26,-0.044622,1,0,0
0.96,0.26,-0.038047,1,0,0
0.98,0.26,-0.0012296,1,0,0
0.02,0.28,0.023556,1,0,0
0.04,0.28,0.061457,1,0,0
0.06,0.28,0.06646,1,0,0
0.08,0.28,0.039943,1,0,0
0.1,0.28,0.043353,1,0,0
0.12,0.28,-0.0065766,1,0,0
0.14,0.28,0.013268,1,0,0
0.16,0.28,0.041794,1,0,0
0.18,0.28,0.027179,1,0,0
0.2,0.28,0.021919,1,0,0
0.22,0.28,0.022951,1,0,0
0.24,0.28,0.020933,1,0,0
0.26,0.28,0.034831,1,0,0
0.28,0.28,0.080029,1,0,0
0.3,0.28,0.056072,1,0,0
0.32,0.28,0.030908,1,0,0
0.34,0.28,0.0030588,1,0,0
0.36,0.28,0.060792,1,0,0
0.38,0.28,0.12508,1,0,0
0.4,0.28,0.017923,1,0,0
0.42,0.28,0.091036,1,0,0
0.44,0.28,0.094988,1,0,0
0.46,0.28,0.038258,1,0,0
0.48,0.28,0.048813,1,0,0
0.5,0.28,0.081338,1,0,0
0.52,0.28,0.027754,1,0,0
0.54,0.28,0.040276,1,0,0
0.56,0.28,0.058512,1,0,0
0.58,0.28,0.043083,1,0,0
0.6,0.28,0.034854,1,0,0
0.62,0.28,0.029879,1,0,0
0.64,0.28,0.097768,1,0,0
0.66,0.28,0.069725,1,0,0
0.68,0.28,0.12667,1,0,0
0.7,0.28,0.12469,1,0,0
0.72,0.28,0.12539,1,0,0
0.74,0.28,-0.011176,1,0,0
0.76,0.28,0.047668,1,0,0
0.78,0.28,0.064724,1,0,0
0.8,0.28,0.082977,1,0,0
0.82,0.28,0.051365,1,0,0
0.84,0.28,0.061971,1,0,0
0.86,0.28,0.084988,1,0,0
0.88,0.28,0.051148,1,0,0
0.9,0.28,0.072977,1,0,0
0.92,0.28,0.02103,1,0,0
0.94,0.28,-0.017307,1,0,0
0.96,0.28,-0.042811,1,0,0
0.98,0.28,0.02865,1,0,0
0.02,0.3,0.089218,1,0,0
0.04,0.3,0.065416,1,0,0
0.06,0.3,0.072435,1,0,0
0.08,0.3,0.067704,1,0,0
0.1,0.3,0.0010569,1,0,0
0.12,0.3,0.048555,1,0,0
0.14,0.3,0.074903,1,0,0
0.16,0.3,0.020981,1,0,0
0.18,0.3,0.04459,1,0,0
0.2,0.3,0.048528,1,0,0
0.22,0.3,0.019154,1,0,0
0.24,0.3,0.026041,1,0,0
0.26,0.3,0.0071909,1,0,0
0.28,0.3,0.045509,1,0,0
0.3,0.3,0.053425,1,0,0
0.32,0.3,0.067023,1,0,0
0.34,0.3,0.042851,1,0,0
0.36,0.3,0.14727,1,0,0
0.38,0.3,0.086131,1,0,0
0.4,0.3,0.065999,1,0,0
0.42,0.3,0.047256,1,0,0
0.44,0.3,0.052312,1,0,0
0.46,0.3,0.024393,1,0,0
0.48,0.3,0.02723,1,0,0
0.5,0.3,0.03077,1,0,0
0.52,0.3,0.02192,1,0,0
0.54,0.3,0.094741,1,0,0
0.56,0.3,0.047305,1,0,0
0.58,0.3,0.042382,1,0,0
0.6,0.3,0.071747,1,0,0
0.62,0.3,0.082963,1,0,0
0.64,0.3,0.042558,1,0,0
0.66,0.3,0.03821,1,0,0
0.68,0.3,0.03654,1,0,0
0.7,0.3,0.043193,1,0,0
0.72,0.3,0.11604,1,0,0
0.74,0.3,0.06329,1,0,0
0.76,0.3,0.091597,1,0,0
0.78,0.3,0.031109,1,0,0
0.8,0.3,0.12594,1,0,0
0.82,0.3,0.090695,1,0,0
0.84,0.3,0.043092,1,0,0
0.86,0.3,0.035852,1,0,0
0.88,0.3,0.096298,1,0,0
0.9,0.3,0.02131,1,0,0
0.92,0.3,0.034711,1,0,0
0.94,0.3,0.037599,1,0,0
0.96,0.3,0.019641,1,0,0
0.98,0.3,0.051013,1,0,0
0.02,0.32,0.019159,1,0,0
0.04,0.32,-0.00072579,1,0,0
0.06,0.32,0.052978,1,0,0
0.08,0.32,-0.041909,1,0,0
0.1,0.32,0.019808,1,0,0
0.12,0.32,0.023052,1,0,0
0.14,0.32,0.035616,1,0,0
0.16,0.32,0.0068001,1,0,0
0.18,0.32,0.020194,1,0,0
0.2,0.32,-0.014042,1,0,0
0.22,0.32,-0.052907,1,0,0
0.24,0.32,-0.022706,1,0,0
0.26,0.32,0.0044317,1,0,0
0.28,0.32,-0.010405,1,0,0
0.3,0.32,4.4257e-05,1,0,0
0.32,0.32,0.025682,1,0,0
0.34,0.32,0.025915,1,0,0
0.36,0.32,0.034273,1,0,0
0.38,0.32,0.056598,1,0,0
0.4,0.32,-0.0090163,1,0,0
0.42,0.32,0.019346,1,0,0
0.44,0.32,0.048199,1,0,0
0.46,0.32,-0.023304,1,0,0
0.48,0.32,0.01252,1,0,0
0.5,0.32,-0.032578,1,0,0
0.52,0.32,0.017414,1,0,0
0.54,0.32,0.027072,1,0,0
0.56,0.32,0.0040184,1,0,0
0.58,0.32,-0.037568,1,0,0
0.6,0.32,0.0098165,1,0,0
0.62,0.32,0.050256,1,0,0
0.64,0.32,0.038251,1,0,0
0.66,0.32,0.046396,1,0,0
0.68,0.32,-0.02747,1,0,0
0.7,0.32,0.0027242,1,0,0
0.72,0.32,0.035259,1,0,0
0.74,0.32,0.013975,1,0,0
0.76,0.32,0.011712,1,0,0
0.78,0.32,0.045183,1,0,0
0.8,0.32,0.015854,1,0,0
0.82,0.32,0.062192,1,0,0
0.84,0.32,0.012281,1,0,0
0.86,0.32,0.025031,1,0,0
0.88,0.32,0.025818,1,0,0
0.9,0.32,0.025926,1,0,0
0.92,0.32,-0.011368,1,0,0
0.94,0.32,-0.032186,1,0,0
0.96,0.32,-0.043777,1,0,0
0.98,0.32,-0.0025437,1,0,0
0.02,0.34,0.068745,1,0,0
0.04,0.34,0.013475,1,0,0
0.06,0.34,-0.02799,1,0,0
0.08,0.34,0.027141,1,0,0
0.1,0.34,0.052889,1,0,0
0.12,0.34,0.025578,1,0,0
0.14,0.34,0.0086565,1,0,0
0.16,0.34,-0.0079331,1,0,0
0.18,0.34,-0.02362,1,0,0
0.2,0.34,-0.013324,1,0,0
0.22,0.34,-0.08314,1,0,0
0.24,0.34,0.039767,1,0,0
0.26,0.34,-0.020656,1,0,0
0.28,0.34,0.037775,1,0,0
0.3,0.34,0.048537,1,0,0
0.32,0.34,0.0055733,1,0,0
0.34,0.34,0.0085398,1,0,0
0.36,0.34,-0.022519,1,0,0
0.38,0.34,0.033525,1,0,0
0.4,0.34,0.019901,1,0,0
0.42,0.34,0.0076614,1,0,0
0.44,0.34,0.013187,1,0,0
0.46,0.34,0.073976,1,0,0
0.48,0.34,0.0052449,1,0,0
0.5,0.34,0.024219,1,0,0
0.52,0.34,0.050642,1,0,0
0.54,0.34,0.040726,1,0,0
0.56,0.34,-0.0011436,1,0,0
0.58,0.34,0.0066755,1,0,0
0.6,0.34,0.030784,1,0,0
0.62,0.34,0.017195,1,0,0
0.64,0.34,0.012589,1,0,0
0.66,0.34,0.063536,1,0,0
0.68,0.34,0.025939,1,0,0
0.7,0.34,-0.00055301,1,0,0
0.72,0.34,0.025114,1,0,0
0.74,0.34,-0.014493,1,0,0
0.76,0.34,0.0078205,1,0,0
0.78,0.34,0.054669,1,0,0
0.8,0.34,-0.016131,1,0,0
0.82,0.34,0.083223,1,0,0
0.84,0.34,-0.011692,1,0,0
0.86,0.34,0.019559,1,0,0
0.88,0.34,0.018246,1,0,0
0.9,0.34,0.017543,1,0,0
0.92,0.34,0.014894,1,0,0
0.94,0.34,-0.048784,1,0,0
0.96,0.34,-0.0023005,1,0,0
0.98,0.34,0.00067932,1,0,0
0.02,0.36,0.069916,1,0,0
0.04,0.36,0.014457,1,0,0
0.06,0.36,-0.011455,1,0,0
0.08,0.36,0.013255,1,0,0
0.1,0.36,0.020445,1,0,0
0.12,0.36,0.025811,1,0,0
0.14,0.36,0.0036872,1,0,0
0.16,0.36,0.018933,1,0,0
0.18,0.36,0.0024932,1,0,0
0.2,0.36,0.047045,1,0,0
0.22,0.36,0.031146,1,0,0
0.24,0.36,-0.0058319,1,0,0
0.26,0.36,0.015499,1,0,0
0.28,0.36,0.048719,1,0,0
0.3,0.36,0.024568,1,0,0
0.32,0.36,0.0040212,1,0,0
0.34,0.36,0.048475,1,0,0
0.36,0.36,-0.011766,1,0,0
0.38,0.36,-0.026774,1,0,0
0.4,0.36,0.047607,1,0,0
0.42,0.36,0.020114,1,0,0
0.44,0.36,-0.021348,1,0,0
0.46,0.36,0.020424,1,0,0
0.48,0.36,0.014142,1,0,0
0.5,0.36,0.036459,1,0,0
0.52,0.36,0.014003,1,0,0
0.54,0.36,0.093617,1,0,0
0.56,0.36,0.0081169,1,0,0
0.58,0.36,0.047173,1,0,0
0.6,0.36,0.048339,1,0,0
0.62,0.36,0.04386,1,0,0
0.64,0.36,-0.013116,1,0,0
0.66,0.36,0.050012,1,0,0
0.68,0.36,-0.036469,1,0,0
0.7,0.36,0.024546,1,0,0
0.72,0.36,0.030148,1,0,0
0.74,0.36,0.038614,1,0,0
0.76,0.36,-0.0022332,1,0,0
0.78,0.36,0.039188,1,0,0
0.8,0.36,0.058537,1,0,0
0.82,0.36,0.052952,1,0,0
0.84,0.36,-0.014967,1,0,0
0.86,0.36,-0.026505,1,0,0
0.88,0.36,0.011081,1,0,0
0.9,0.36,0.010113,1,0,0
0.92,0.36,-0.0098508,1,0,0
0.94,0.36,0.031672,1,0,0
0.96,0.36,0.036623,1,0,0
0.98,0.36,0.017961,1,0,0
0.02,0.38,0.046901,1,0,0
0.04,0.38,0.065528,1,0,0
0.06,0.38,0.050631,1,0,0
0.08,0.38,0.031713,1,0,0
0.1,0.38,0.056254,1,0,0
0.12,0.38,0.064424,1,0,0
0.14,0.38,0.037017,1,0,0
0.16,0.38,0.042917,1,0,0
0.18,0.38,0.04325,1,0,0
0.2,0.38,0.042757,1,0,0
0.22,0.38,0.04983,1,0,0
0.24,0.38,0.037164,1,0,0
0.26,0.38,0.012736,1,0,0
0.28,0.38,0.024801,1,0,0
0.3,0.38,0.041397,1,0,0
0.32,0.38,-0.034809,1,0,0
0.34,0.38,0.043935,1,0,0
0.36,0.38,0.08719,1,0,0
0.38,0.38,0.043138,1,0,0
0.4,0.38,0.052214,1,0,0
0.42,0.38,0.028387,1,0,0
0.44,0.38,0.041529,1,0,0
0.46,0.38,0.042464,1,0,0
0.48,0.38,0.037148,1,0,0
0.5,0.38,0.073645,1,0,0
0.52,0.38,0.037069,1,0,0
0.54,0.38,0.064387,1,0,0
0.56,0.38,0.039156,1,0,0
0.58,0.38,0.043044,1,0,0
0.6,0.38,0.037812,1,0,0
0.62,0.38,0.070916,1,0,0
0.64,0.38,0.087755,1,0,0
0.66,0.38,0.09678,1,0,0
0.68,0.38,0.019644,1,0,0
0.7,0.38,0.071491,1,0,0
0.72,0.38,0.07235,1,0,0
0.74,0.38,0.044632,1,0,0
0.76,0.38,0.042763,1,0,0
0.78,0.38,0.11012,1,0,0
0.8,0.38,0.026972,1,0,0
0.82,0.38,0.051725,1,0,0
0.84,0.38,0.011269,1,0,0
0.86,0.38,0.050003,1,0,0
0.88,0.38,0.005385,1,0,0
0.9,0.38,0.06227,1,0,0
0.92,0.38,0.010818,1,0,0
0.94,0.38,0.039999,1,0,0
0.96,0.38,0.031878,1,0,0
0.98,0.38,0.048369,1,0,0
0.02,0.4,0.074293,1,0,0
0.04,0.4,0.054114,1,0,0
0.06,0.4,0.017804,1,0,0
0.08,0.4,0.065976,1,0,0
0.1,0.4,0.04351,1,0,0
0.12,0.4,0.020478,1,0,0
0.14,0.4,0.023752,1,0,0
0.16,0.4,0.025075,1,0,0
0.18,0.4,-0.028843,1,0,0
0.2,0.4,-0.0072557,1,0,0
0.22,0.4,0.030624,1,0,0
0.24,0.4,0.041303,1,0,0
0.26,0.4,-0.03865,1,0,0
0.28,0.4,0.021266,1,0,0
0.3,0.4,0.023178,1,0,0
0.32,0.4,-0.034932,1,0,0
0.34,0.4,0.0020324,1,0,0
0.36,0.4,0.043905,1,0,0
0.38,0.4,0.037893,1,0,0
0.4,0.4,0.026777,1,0,0
0.42,0.4,0.026619,1,0,0
0.44,0.4,0.040381,1,0,0
0.46,0.4,0.02737,1,0,0
0.48,0.4,0.039747,1,0,0
0.5,0.4,0.018079,1,0,0
0.52,0.4,0.033129,1,0,0
0.54,0.4,0.020223,1,0,0
0.56,0.4,0.010275,1,0,0
0.58,0.4,0.033629,1,0,0
0.6,0.4,-0.032269,1,0,0
0.62,0.4,0.04065,1,0,0
0.64,0.4,0.047107,1,0,0
0.66,0.4,0.090086,1,0,0
0.68,0.4,0.015534,1,0,0
0.7,0.4,0.038324,1,0,0
0.72,0.4,0.02878,1,0,0
0.74,0.4,0.0072464,1,0,0
0.76,0.4,0.0076995,1,0,0
0.78,0.4,0.031748,1,0,0
0.8,0.4,0.025875,1,0,0
0.82,0.4,0.038166,1,0,0
0.84,0.4,0.018081,1,0,0
0.86,0.4,0.0058994,1,0,0
0.88,0.4,0.015187,1,0,0
0.9,0.4,-0.0078112,1,0,0
0.92,0.4,-0.014347,1,0,0
0.94,0.4,0.036047,1,0,0
0.96,0.4,0.036355,1,0,0
0.98,0.4,0.020324,1,0,0
0.02,0.42,0.055479,1,0,0
0.04,0.42,0.0016973,1,0,0
0.06,0.42,0.030389,1,0,0
0.08,0.42,0.0078625,1,0,0
0.1,0.42,0.017264,1,0,0
0.12,0.42,0.035093,1,0,0
0.14,0.42,0.043681,1,0,0
0.16,0.42,0.029034,1,0,0
0.18,0.42,0.050289,1,0,0
0.2,0.42,0.025707,1,0,0
0.22,0.42,0.046211,1,0,0
0.24,0.42,-0.0058558,1,0,0
0.26,0.42,0.00028208,1,0,0
0.28,0.42,0.047433,1,0,0
0.3,0.42,0.0098337,1,0,0
0.32,0.42,0.02108,1,0,0
0.34,0.42,0.016159,1,0,0
0.36,0.42,0.054695,1,0,0
0.38,0.42,0.071344,1,0,0
0.4,0.42,0.067995,1,0,0
0.42,0.42,0.016537,1,0,0
0.44,0.42,0.027811,1,0,0
0.46,0.42,0.064123,1,0,0
0.48,0.42,0.051466,1,0,0
0.5,0.42,0.027965,1,0,0
0.52,0.42,0.063059,1,0,0
0.54,0.42,0.035706,1,0,0
0.56,0.42,0.08461,1,0,0
0.58,0.42,0.068226,1,0,0
0.6,0.42,0.077333,1,0,0
0.62,0.42,0.028312,1,0,0
0.64,0.42,0.013097,1,0,0
0.66,0.42,0.015734,1,0,0
0.68,0.42,0.037739,1,0,0
0.7,0.42,0.059145,1,0,0
0.72,0.42,-0.023518,1,0,0
0.74,0.42,0.034687,1,0,0
0.76,0.42,0.036727,1,0,0
0.78,0.42,0.13376,1,0,0
0.8,0.42,0.052017,1,0,0
0.82,0.42,0.067235,1,0,0
0.84,0.42,0.029082,1,0,0
0.86,0.42,0.0081247,1,0,0
0.88,0.42,0.039158,1,0,0
0.9,0.42,0.044887,1,0,0
0.92,0.42,0.01809,1,0,0
0.94,0.42,0.0062332,1,0,0
0.96,0.42,0.071705,1,0,0
0.98,0.42,0.021203,1,0,0
0.02,0.44,0.11252,1,0,0
0.04,0.44,0.04811,1,0,0
0.06,0.44,0.031573,1,0,0
0.08,0.44,0.012132,1,0,0
0.1,0.44,0.015193,1,0,0
0.12,0.44,0.082082,1,0,0
0.14,0.44,0.044066,1,0,0
0.16,0.44,0.054681,1,0,0
0.18,0.44,0.044283,1,0,0
0.2,0.44,0.044463,1,0,0
0.22,0.44,0.016414,1,0,0
0.24,0.44,0.013429,1,0,0
0.26,0.44,0.034084,1,0,0
0.28,0.44,0.02387,1,0,0
0.3,0.44,0.060098,1,0,0
0.32,0.44,0.092794,1,0,0
0.34,0.44,0.034349,1,0,0
0.36,0.44,0.032488,1,0,0
0.38,0.44,0.049666,1,0,0
0.4,0.44,0.053407,1,0,0
0.42,0.44,0.036763,1,0,0
0.44,0.44,0.013848,1,0,0
0.46,0.44,0.059332,1,0,0
0.48,0.44,0.065014,1,0,0
0.5,0.44,0.022659,1,0,0
0.52,0.44,0.095636,1,0,0
0.54,0.44,0.081957,1,0,0
0.56,0.44,0.09034,1,0,0
0.58,0.44,0.035338,1,0,0
0.6,0.44,0.1196,1,0,0
0.62,0.44,0.022603,1,0,0
0.64,0.44,0.036206,1,0,0
0.66,0.44,0.019134,1,0,0
0.68,0.44,-0.00064165,1,0,0
0.7,0.44,0.049539,1,0,0
0.72,0.44,0.0041633,1,0,0
0.74,0.44,0.10771,1,0,0
0.76,0.44,0.083989,1,0,0
0.78,0.44,0.084319,1,0,0
0.8,0.44,0.070214,1,0,0
0.82,0.44,0.070482,1,0,0
0.84,0.44,0.048743,1,0,0
0.86,0.44,0.027366,1,0,0
0.88,0.44,0.055475,1,0,0
0.9,0.44,0.064947,1,0,0
0.92,0.44,0.075572,1,0,0
0.94,0.44,0.061757,1,0,0
0.96,0.44,0.082385,1,0,0
0.98,0.44,0.045895,1,0,0
0.02,0.46,0.060745,1,0,0
0.04,0.46,0.09526,1,0,0
0.06,0.46,0.082676,1,0,0
0.08,0.46,0.057937,1,0,0
0.1,0.46,0.031305,1,0,0
0.12,0.46,0.07796,1,0,0
0.14,0.46,0.047026,1,0,0
0.16,0.46,0.04296,1,0,0
0.18,0.46,0.0010657,1,0,0
0.2,0.46,0.057702,1,0,0
0.22,0.46,0.051528,1,0,0
0.24,0.46,0.011796,1,0,0
0.26,0.46,0.074276,1,0,0
0.28,0.46,0.066226,1,0,0
0.3,0.46,0.056842,1,0,0
0.32,0.46,0.052232,1,0,0
0.34,0.46,0.043671,1,0,0
0.36,0.46,0.055404,1,0,0
0.38,0.46,0.10308,1,0,0
0.4,0.46,0.022802,1,0,0
0.42,0.46,0.04405,1,0,0
0.44,0.46,0.04497,1,0,0
0.46,0.46,0.068114,1,0,0
0.48,0.46,0.079504,1,0,0
0.5,0.46,0.038487,1,0,0
0.52,0.46,0.016521,1,0,0
0.54,0.46,0.060766,1,0,0
0.56,0.46,0.017821,1,0,0
0.58,0.46,0.015473,1,0,0
0.6,0.46,0.030885,1,0,0
0.62,0.46,0.070725,1,0,0
0.64,0.46,0.064597,1,0,0
0.66,0.46,0.051101,1,0,0
0.68,0.46,0.056962,1,0,0
0.7,0.46,0.071941,1,0,0
0.72,0.46,0.07795,1,0,0
0.74,0.46,0.066832,1,0,0
0.76,0.46,0.09862,1,0,0
0.78,0.46,0.048373,1,0,0
0.8,0.46,0.065911,1,0,0
0.82,0.46,0.011097,1,0,0
0.84,0.46,0.049207,1,0,0
0.86,0.46,0.056313,1,0,0
0.88,0.46,0.073986,1,0,0
0.9,0.46,0.053317,1,0,0
0.92,0.46,0.00021832,1,0,0
0.94,0.46,0.081887,1,0,0
0.96,0.46,0.08834,1,0,0
0.98,0.46,0.074749,1,0,0
0.02,0.48,0.059444,1,0,0
0.04,0.48,0.045488,1,0,0
0.06,0.48,-0.0084702,1,0,0
0.08,0.48,0.064639,1,0,0
0.1,0.48,0.0099982,1,0,0
0.12,0.48,0.080303,1,0,0
0.14,0.48,0.076895,1,0,0
0.16,0.48,0.036208,1,0,0
0.18,0.48,0.042282,1,0,0
0.2,0.48,0.096833,1,0,0
0.22,0.48,0.030935,1,0,0
0.24,0.48,0.053472,1,0,0
0.26,0.48,0.050769,1,0,0
0.28,0.48,0.054493,1,0,0
0.3,0.48,0.085128,1,0,0
0.32,0.48,0.07705,1,0,0
0.34,0.48,0.064759,1,0,0
0.36,0.48,0.044566,1,0,0
0.38,0.48,0.088979,1,0,0
0.4,0.48,0.065457,1,0,0
0.42,0.48,0.056686,1,0,0
0.44,0.48,-0.00096727,1,0,0
0.46,0.48,0.03382,1,0,0
0.48,0.48,0.038665,1,0,0
0.5,0.48,0.012304,1,0,0
0.52,0.48,0.062967,1,0,0
0.54,0.48,0.13262,1,0,0
0.56,0.48,0.10095,1,0,0
0.58,0.48,0.033056,1,0,0
0.6,0.48,0.025663,1,0,0
0.62,0.48,0.078404,1,0,0
0.64,0.48,0.061378,1,0,0
0.66,0.48,0.045387,1,0,0
0.68,0.48,0.098108,1,0,0
0.7,0.48,0.094778,1,0,0
0.72,0.48,0.027624,1,0,0
0.74,0.48,0.042095,1,0,0
0.76,0.48,0.1048,1,0,0
0.78,0.48,0.054947,1,0,0
0.8,0.48,0.056644,1,0,0
0.82,0.48,0.084652,1,0,0
0.84,0.48,0.029359,1,0,0
0.86,0.48,0.014445,1,0,0
0.88,0.48,0.088352,1,0,0
0.9,0.48,0.064277,1,0,0
0.92,0.48,0.050403,1,0,0
0.94,0.48,0.12881,1,0,0
0.96,0.48,0.11104,1,0,0
0.98,0.48,0.080278,1,0,0
0.02,0.5,0.076776,1,0,0
0.04,0.5,0.017766,1,0,0
0.06,0.5,0.023823,1,0,0
0.08,0.5,0.078223,1,0,0
0.1,0.5,0.052385,1,0,0
0.12,0.5,0.029013,1,0,0
0.14,0.5,-0.013388,1,0,0
0.16,0.5,0.014753,1,0,0
0.18,0.5,-0.0060633,1,0,0
0.2,0.5,0.03534,1,0,0
0.22,0.5,0.10857,1,0,0
0.24,0.5,0.042459,1,0,0
0.26,0.5,0.071274,1,0,0
0.28,0.5,0.069561,1,0,0
0.3,0.5,0.048324,1,0,0
0.32,0.5,0.063942,1,0,0
0.34,0.5,0.0048696,1,0,0
0.36,0.5,0.021016,1,0,0
0.38,0.5,0.049948,1,0,0
0.4,0.5,0.0042659,1,0,0
0.42,0.5,0.033153,1,0,0
0.44,0.5,0.0019977,1,0,0
0.46,0.5,-8.7166e-05,1,0,0
0.48,0.5,0.037568,1,0,0
0.5,0.5,0.055394,1,0,0
0.52,0.5,0.012381,1,0,0
0.54,0.5,0.050678,1,0,0
0.56,0.5,0.0082721,1,0,0
0.58,0.5,-0.017817,1,0,0
0.6,0.5,0.037683,1,0,0
0.62,0.5,0.0045448,1,0,0
0.64,0.5,0.034734,1,0,0
0.66,0.5,0.03053,1,0,0
0.68,0.5,0.092612,1,0,0
0.7,0.5,0.09668,1,0,0
0.72,0.5,0.052293,1,0,0
0.74,0.5,0.055081,1,0,0
0.76,0.5,0.006244,1,0,0
0.78,0.5,0.021903,1,0,0
0.8,0.5,0.0086153,1,0,0
0.82,0.5,0.038824,1,0,0
0.84,0.5,0.022154,1,0,0
0.86,0.5,0.020742,1,0,0
0.88,0.5,0.025384,1,0,0
0.9,0.5,0.014927,1,0,0
0.92,0.5,0.01353,1,0,0
0.94,0.5,0.097696,1,0,0
0.96,0.5,0.071486,1,0,0
0.98,0.5,0.080219,1,0,0
0.02,0.52,0.058829,1,0,0
0.04,0.52,0.047356,1,0,0
0.06,0.52,0.0063173,1,0,0
0.08,0.52,0.06509,1,0,0
0.1,0.52,0.038606,1,0,0
0.12,0.52,0.060137,1,0,0
0.14,0.52,0.060117,1,0,0
0.16,0.52,0.050291,1,0,0
0.18,0.52,0.022013,1,0,0
0.2,0.52,0.02847,1,0,0
0.22,0.52,0.014233,1,0,0
0.24,0.52,0.082771,1,0,0
0.26,0.52,0.038486,1,0,0
0.28,0.52,0.066757,1,0,0
0.3,0.52,0.076363,1,0,0
0.32,0.52,0.052249,1,0,0
0.34,0.52,0.0022425,1,0,0
0.36,0.52,0.07572,1,0,0
0.38,0.52,0.047492,1,0,0
0.4,0.52,0.0080065,1,0,0
0.42,0.52,0.032003,1,0,0
0.44,0.52,0.031487,1,0,0
0.46,0.52,-0.003902,1,0,0
0.48,0.52,0.031475,1,0,0
0.5,0.52,0.05235,1,0,0
0.52,0.52,0.10582,1,0,0
0.54,0.52,0.098395,1,0,0
0.56,0.52,0.014993,1,0,0
0.58,0.52,-0.012133,1,0,0
0.6,0.52,-0.010386,1,0,0
0.62,0.52,0.009765,1,0,0
0.64,0.52,0.029076,1,0,0
0.66,0.52,0.068504,1,0,0
0.68,0.52,0.020569,1,0,0
0.7,0.52,0.08918,1,0,0
0.72,0.52,0.10497,1,0,0
0.74,0.52,0.040222,1,0,0
0.76,0.52,0.075988,1,0,0
0.78,0.52,0.041507,1,0,0
0.8,0.52,0.066851,1,0,0
0.82,0.52,0.037546,1,0,0
0.84,0.52,0.0061198,1,0,0
0.86,0.52,-0.025301,1,0,0
0.88,0.52,0.01902,1,0,0
0.9,0.52,-0.0065503,1,0,0
0.92,0.52,0.068553,1,0,0
0.94,0.52,0.061961,1,0,0
0.96,0.52,0.067838,1,0,0
0.98,0.52,0.13747,1,0,0
0.02,0.54,0.059758,1,0,0
0.04,0.54,0.045608,1,0,0
0.06,0.54,0.014269,1,0,0
0.08,0.54,0.0072487,1,0,0
0.1,0.54,0.046587,1,0,0
0.12,0.54,0.041429,1,0,0
0.14,0.54,0.065808,1,0,0
0.16,0.54,0.070607,1,0,0
0.18,0.54,0.047653,1,0,0
0.2,0.54,0.077671,1,0,0
0.22,0.54,0.051299,1,0,0
0.24,0.54,0.034132,1,0,0
0.26,0.54,0.0037334,1,0,0
0.28,0.54,0.085839,1,0,0
0.3,0.54,0.015363,1,0,0
0.32,0.54,0.041205,1,0,0
0.34,0.54,0.058818,1,0,0
0.36,0.54,0.08827,1,0,0
0.38,0.54,0.091542,1,0,0
0.4,0.54,0.062763,1,0,0
0.42,0.54,0.044212,1,0,0
0.44,0.54,0.047657,1,0,0
0.46,0.54,0.037018,1,0,0
0.48,0.54,0.087041,1,0,0
0.5,0.54,-0.0060945,1,0,0
0.52,0.54,0.044154,1,0,0
0.54,0.54,0.038862,1,0,0
0.56,0.54,0.074722,1,0,0
0.58,0.54,0.018471,1,0,0
0.6,0.54,0.06761,1,0,0
0.62,0.54,0.062614,1,0,0
0.64,0.54,0.043697,1,0,0
0.66,0.54,0.047565,1,0,0
0.68,0.54,0.021028,1,0,0
0.7,0.54,0.0019468,1,0,0
0.72,0.54,0.069092,1,0,0
0.74,0.54,0.021237,1,0,0
0.76,0.54,0.030715,1,0,0
0.78,0.54,0.060203,1,0,0
0.8,0.54,0.077803,1,0,0
0.82,0.54,0.11434,1,0,0
0.84,0.54,0.011921,1,0,0
0.86,0.54,0.017883,1,0,0
0.88,0.54,0.067556,1,0,0
0.9,0.54,0.044019,1,0,0
0.92,0.54,0.0031582,1,0,0
0.94,0.54,0.049965,1,0,0
0.96,0.54,0.11383,1,0,0
0.98,0.54,0.060985,1,0,0
0.02,0.56,0.099042,1,0,0
0.04,0.56,0.053631,1,0,0
0.06,0.56,-0.015186,1,0,0
0.08,0.56,0.037784,1,0,0
0.1,0.56,0.0038408,1,0,0
0.12,0.56,0.043689,1,0,0
0.14,0.56,0.073714,1,0,0
0.16,0.56,0.070769,1,0,0
0.18,0.56,0.075925,1,0,0
0.2,0.56,0.013897,1,0,0
0.22,0.56,-0.00068755,1,0,0
0.24,0.56,0.064278,1,0,0
0.26,0.56,0.00012423,1,0,0
0.28,0.56,0.096059,1,0,0
0.3,0.56,0.083623,1,0,0
0.32,0.56,0.042216,1,0,0
0.34,0.56,0.043492,1,0,0
0.36,0.56,0.1095,1,0,0
0.38,0.56,0.045075,1,0,0
0.4,0.56,0.0394,1,0,0
0.42,0.56,0.056634,1,0,0
0.44,0.56,0.054248,1,0,0
0.46,0.56,0.047127,1,0,0
0.48,0.56,0.012844,1,0,0
0.5,0.56,0.016745,1,0,0
0.52,0.56,0.065414,1,0,0
0.54,0.56,0.0080112,1,0,0
0.56,0.56,0.053712,1,0,0
0.58,0.56,0.022174,1,0,0
0.6,0.56,0.049475,1,0,0
0.62,0.56,0.025133,1,0,0
0.64,0.56,0.031681,1,0,0
0.66,0.56,0.03735,1,0,0
0.68,0.56,0.028548,1,0,0
0.7,0.56,0.018299,1,0,0
0.72,0.56,0.028416,1,0,0
0.74,0.56,-0.0067061,1,0,0
0.76,0.56,0.027428,1,0,0
0.78,0.56,0.052331,1,0,0
0.8,0.56,0.072434,1,0,0
0.82,0.56,0.06927,1,0,0
0.84,0.56,-0.0035869,1,0,0
0.86,0.56,-0.045234,1,0,0
0.88,0.56,0.070083,1,0,0
0.9,0.56,0.061669,1,0,0
0.92,0.56,0.08167,1,0,0
0.94,0.56,0.068443,1,0,0
0.96,0.56,0.061128,1,0,0
0.98,0.56,0.074663,1,0,0
0.02,0.58,0.018039,1,0,0
0.04,0.58,0.01761,1,0,0
0.06,0.58,0.018198,1,0,0
0.08,0.58,0.074457,1,0,0
0.1,0.58,0.051236,1,0,0
0.12,0.58,0.082298,1,0,0
0.14,0.58,0.019341,1,0,0
0.16,0.58,0.081497,1,0,0
0.18,0.58,0.037842,1,0,0
0.2,0.58,-0.012009,1,0,0
0.22,0.58,-0.014089,1,0,0
0.24,0.58,0.031346,1,0,0
0.26,0.58,-0.0106,1,0,0
0.28,0.58,0.077097,1,0,0
0.3,0.58,0.013943,1,0,0
0.32,0.58,0.086349,1,0,0
0.34,0.58,0.065288,1,0,0
0.36,0.58,0.088526,1,0,0
0.38,0.58,0.054496,1,0,0
0.4,0.58,0.044289,1,0,0
0.42,0.58,0.066122,1,0,0
0.44,0.58,0.043363,1,0,0
0.46,0.58,0.019989,1,0,0
0.48,0.58,0.044579,1,0,0
0.5,0.58,0.037904,1,0,0
0.52,0.58,0.0093423,1,0,0
0.54,0.58,0.042313,1,0,0
0.56,0.58,-0.0039053,1,0,0
0.58,0.58,-0.0071443,1,0,0
0.6,0.58,0.048624,1,0,0
0.62,0.58,0.048159,1,0,0
0.64,0.58,0.027361,1,0,0
0.66,0.58,0.026169,1,0,0
0.68,0.58,0.043866,1,0,0
0.7,0.58,0.016788,1,0,0
0.72,0.58,0.051073,1,0,0
0.74,0.58,0.019097,1,0,0
0.76,0.58,0.012155,1,0,0
0.78,0.58,0.0050742,1,0,0
0.8,0.58,0.017921,1,0,0
0.82,0.58,0.055172,1,0,0
0.84,0.58,0.040793,1,0,0
0.86,0.58,-0.005544,1,0,0
0.88,0.58,0.080982,1,0,0
0.9,0.58,0.090343,1,0,0
0.92,0.58,0.064467,1,0,0
0.94,0.58,0.0044431,1,0,0
0.96,0.58,0.046805,1,0,0
0.98,0.58,0.064756,1,0,0
0.02,0.6,0.022477,1,0,0
0.04,0.6,0.029765,1,0,0
0.06,0.6,0.063937,1,0,0
0.08,0.6,0.023109,1,0,0
0.1,0.6,-0.013089,1,0,0
0.12,0.6,0.045878,1,0,0
0.14,0.6,0.1287,1,0,0
0.16,0.6,0.033237,1,0,0
0.18,0.6,0.081522,1,0,0
0.2,0.6,0.081838,1,0,0
0.22,0.6,0.027617,1,0,0
0.24,0.6,0.029404,1,0,0
0.26,0.6,0.026151,1,0,0
0.28,0.6,0.097386,1,0,0
0.3,0.6,0.031531,1,0,0
0.32,0.6,0.0023796,1,0,0
0.34,0.6,0.095761,1,0,0
0.36,0.6,0.09469,1,0,0
0.38,0.6,0.071355,1,0,0
0.4,0.6,0.0751,1,0,0
0.42,0.6,0.037916,1,0,0
0.44,0.6,0.0013136,1,0,0
0.46,0.6,-0.0093291,1,0,0
0.48,0.6,0.050491,1,0,0
0.5,0.6,-0.052524,1,0,0
0.52,0.6,0.043903,1,0,0
0.54,0.6,0.10721,1,0,0
0.56,0.6,0.060022,1,0,0
0.58,0.6,0.043759,1,0,0
0.6,0.6,0.017068,1,0,0
0.62,0.6,0.071997,1,0,0
0.64,0.6,0.00045943,1,0,0
0.66,0.6,0.00016843,1,0,0
0.68,0.6,-0.030097,1,0,0
0.7,0.6,-0.033864,1,0,0
0.72,0.6,0.0050104,1,0,0
0.74,0.6,0.011272,1,0,0
0.76,0.6,-0.0022728,1,0,0
0.78,0.6,0.055569,1,0,0
0.8,0.6,0.035368,1,0,0
0.82,0.6,0.062222,1,0,0
0.84,0.6,-0.011942,1,0,0
0.86,0.6,0.071751,1,0,0
0.88,0.6,0.03983,1,0,0
0.9,0.6,0.057672,1,0,0
0.92,0.6,0.060663,1,0,0
0.94,0.6,0.079217,1,0,0
0.96,0.6,0.078656,1,0,0
0.98,0.6,0.077656,1,0,0
0.02,0.62,0.013703,1,0,0
0.04,0.62,0.041652,1,0,0
0.06,0.62,0.042383,1,0,0
0.08,0.62,0.053058,1,0,0
0.1,0.62,0.029921,1,0,0
0.12,0.62,0.061294,1,0,0
0.14,0.62,0.02527,1,0,0
0.16,0.62,0.025085,1,0,0
0.18,0.62,0.083702,1,0,0
0.2,0.62,0.083113,1,0,0
0.22,0.62,0.067482,1,0,0
0.24,0.62,0.10389,1,0,0
0.26,0.62,0.095209,1,0,0
0.28,0.62,0.086411,1,0,0
0.3,0.62,0.043014,1,0,0
0.32,0.62,0.044584,1,0,0
0.34,0.62,0.054241,1,0,0
0.36,0.62,0.049381,1,0,0
0.38,0.62,0.043994,1,0,0
0.4,0.62,0.080177,1,0,0
0.42,0.62,0.0069421,1,0,0
0.44,0.62,0.083847,1,0,0
0.46,0.62,0.077169,1,0,0
0.48,0.62,0.065262,1,0,0
0.5,0.62,0.020796,1,0,0
0.52,0.62,0.061652,1,0,0
0.54,0.62,0.11052,1,0,0
0.56,0.62,0.051416,1,0,0
0.58,0.62,0.083858,1,0,0
0.6,0.62,0.01126,1,0,0
0.62,0.62,0.084089,1,0,0
0.64,0.62,0.0058186,1,0,0
0.66,0.62,0.039572,1,0,0
0.68,0.62,-0.028682,1,0,0
0.7,0.62,-0.038719,1,0,0
0.72,0.62,0.013023,1,0,0
0.74,0.62,0.010425,1,0,0
0.76,0.62,-0.020281,1,0,0
0.78,0.62,0.051797,1,0,0
0.8,0.62,0.054007,1,0,0
0.82,0.62,0.042629,1,0,0
0.84,0.62,0.038649,1,0,0
0.86,0.62,0.07102,1,0,0
0.88,0.62,0.10613,1,0,0
0.9,0.62,0.074707,1,0,0
0.92,0.62,0.044774,1,0,0
0.94,0.62,0.062458,1,0,0
0.96,0.62,0.091428,1,0,0
0.98,0.62,0.061269,1,0,0
0.02,0.64,0.023916,1,0,0
0.04,0.64,-0.021396,1,0,0
0.06,0.64,0.061707,1,0,0
0.08,0.64,0.039826,1,0,0
0.1,0.64,0.058505,1,0,0
0.12,0.64,0.13287,1,0,0
0.14,0.64,0.094763,1,0,0
0.16,0.64,0.07117,1,0,0
0.18,0.64,0.082374,1,0,0
0.2,0.64,0.083685,1,0,0
0.22,0.64,0.034865,1,0,0
0.24,0.64,0.065871,1,0,0
0.26,0.64,0.088994,1,0,0
0.28,0.64,0.099265,1,0,0
0.3,0.64,0.086189,1,0,0
0.32,0.64,0.086667,1,0,0
0.34,0.64,0.072387,1,0,0
0.36,0.64,0.036953,1,0,0
0.38,0.64,0.036195,1,0,0
0.4,0.64,0.02307,1,0,0
0.42,0.64,0.088746,1,0,0
0.44,0.64,0.039636,1,0,0
0.46,0.64,0.055319,1,0,0
0.48,0.64,0.051517,1,0,0
0.5,0.64,0.022943,1,0,0
0.52,0.64,0.04331,1,0,0
0.54,0.64,0.10077,1,0,0
0.56,0.64,0.065758,1,0,0
0.58,0.64,0.040149,1,0,0
0.6,0.64,0.059527,1,0,0
0.62,0.64,0.052247,1,0,0
0.64,0.64,0.03343,1,0,0
0.66,0.64,5.2724e-05,1,0,0
0.68,0.64,0.029396,1,0,0
0.7,0.64,0.0010568,1,0,0
0.72,0.64,-0.029187,1,0,0
0.74,0.64,0.06171,1,0,0
0.76,0.64,0.00015803,1,0,0
0.78,0.64,0.037478,1,0,0
0.8,0.64,0.0015732,1,0,0
0.82,0.64,0.025742,1,0,0
0.84,0.64,0.038896,1,0,0
0.86,0.64,0.097161,1,0,0
0.88,0.64,0.075928,1,0,0
0.9,0.64,0.091682,1,0,0
0.92,0.64,0.13255,1,0,0
0.94,0.64,0.092274,1,0,0
0.96,0.64,0.082025,1,0,0
0.98,0.64,0.070026,1,0,0
0.02,0.66,0.02634,1,0,0
0.04,0.66,0.028719,1,0,0
0.06,0.66,0.03509,1,0,0
0.08,0.66,0.060991,1,0,0
0.1,0.66,0.079773,1,0,0
0.12,0.66,0.09308,1,0,0
0.14,0.66,0.069348,1,0,0
0.16,0.66,0.075138,1,0,0
0.18,0.66,0.05903,1,0,0
0.2,0.66,0.023988,1,0,0
0.22,0.66,0.053085,1,0,0
0.24,0.66,0.090731,1,0,0
0.26,0.66,0.073252,1,0,0
0.28,0.66,0.061312,1,0,0
0.3,0.66,0.087032,1,0,0
0.32,0.66,0.063766,1,0,0
0.34,0.66,0.0089506,1,0,0
0.36,0.66,0.024237,1,0,0
0.38,0.66,0.085081,1,0,0
0.4,0.66,-0.021077,1,0,0
0.42,0.66,0.042876,1,0,0
0.44,0.66,0.071192,1,0,0
0.46,0.66,0.035322,1,0,0
0.48,0.66,0.077225,1,0,0
0.5,0.66,-0.01272,1,0,0
0.52,0.66,-0.0019767,1,0,0
0.54,0.66,0.016159,1,0,0
0.56,0.66,-0.0081986,1,0,0
0.58,0.66,-0.0071736,1,0,0
0.6,0.66,0.030175,1,0,0
0.62,0.66,0.034545,1,0,0
0.64,0.66,0.0015159,1,0,0
0.66,0.66,-0.055172,1,0,0
0.68,0.66,-0.026776,1,0,0
0.7,0.66,-0.028845,1,0,0
0.72,0.66,0.010905,1,0,0
0.74,0.66,0.053329,1,0,0
0.76,0.66,0.06786,1,0,0
0.78,0.66,0.03598,1,0,0
0.8,0.66,-0.030871,1,0,0
0.82,0.66,0.035799,1,0,0
0.84,0.66,0.0040614,1,0,0
0.86,0.66,0.051677,1,0,0
0.88,0.66,0.074936,1,0,0
0.9,0.66,0.054374,1,0,0
0.92,0.66,0.068551,1,0,0
0.94,0.66,0.025083,1,0,0
0.96,0.66,0.090981,1,0,0
0.98,0.66,0.10062,1,0,0
0.02,0.68,0.045411,1,0,0
0.04,0.68,0.045093,1,0,0
0.06,0.68,0.027053,1,0,0
0.08,0.68,0.038357,1,0,0
0.1,0.68,0.0039766,1,0,0
0.12,0.68,0.012101,1,0,0
0.14,0.68,0.077467,1,0,0
0.16,0.68,0.080056,1,0,0
0.18,0.68,0.047966,1,0,0
0.2,0.68,0.072129,1,0,0
0.22,0.68,0.084206,1,0,0
0.24,0.68,0.048712,1,0,0
0.26,0.68,0.050807,1,0,0
0.28,0.68,0.10783,1,0,0
0.3,0.68,0.10266,1,0,0
0.32,0.68,0.062186,1,0,0
0.34,0.68,0.023998,1,0,0
0.36,0.68,0.034375,1,0,0
0.38,0.68,0.076152,1,0,0
0.4,0.68,-0.017271,1,0,0
0.42,0.68,0.046835,1,0,0
0.44,0.68,0.072727,1,0,0
0.46,0.68,0.091293,1,0,0
0.48,0.68,0.089995,1,0,0
0.5,0.68,-0.018993,1,0,0
0.52,0.68,0.014247,1,0,0
0.54,0.68,0.058942,1,0,0
0.56,0.68,0.020627,1,0,0
0.58,0.68,0.054235,1,0,0
0.6,0.68,-0.0006135,1,0,0
0.62,0.68,0.039964,1,0,0
0.64,0.68,0.021901,1,0,0
0.66,0.68,-0.024699,1,0,0
0.68,0.68,0.017932,1,0,0
0.7,0.68,-0.035141,1,0,0
0.72,0.68,0.013253,1,0,0
0.74,0.68,0.0023943,1,0,0
0.76,0.68,0.055148,1,0,0
0.78,0.68,0.018054,1,0,0
0.8,0.68,0.051716,1,0,0
0.82,0.68,0.015918,1,0,0
0.84,0.68,0.050217,1,0,0
0.86,0.68,0.054322,1,0,0
0.88,0.68,0.12109,1,0,0
0.9,0.68,0.097843,1,0,0
0.92,0.68,0.062684,1,0,0
0.94,0.68,0.11854,1,0,0
0.96,0.68,0.077209,1,0,0
0.98,0.68,0.057887,1,0,0
0.02,0.7,0.089495,1,0,0
0.04,0.7,0.066321,1,0,0
0.06,0.7,0.060304,1,0,0
0.08,0.7,0.092689,1,0,0
0.1,0.7,0.03745,1,0,0
0.12,0.7,0.074475,1,0,0
0.14,0.7,0.12749,1,0,0
0.16,0.7,0.059374,1,0,0
0.18,0.7,0.050538,1,0,0
0.2,0.7,0.094015,1,0,0
0.22,0.7,0.077034,1,0,0
0.24,0.7,0.023159,1,0,0
0.26,0.7,0.064503,1,0,0
0.28,0.7,0.070814,1,0,0
0.3,0.7,0.058515,1,0,0
0.32,0.7,0.056672,1,0,0
0.34,0.7,0.090012,1,0,0
0.36,0.7,0.12382,1,0,0
0.38,0.7,0.084643,1,0,0
0.4,0.7,0.063977,1,0,0
0.42,0.7,0.058216,1,0,0
0.44,0.7,0.042571,1,0,0
0.46,0.7,0.091951,1,0,0
0.48,0.7,0.079008,1,0,0
0.5,0.7,0.042581,1,0,0
0.52,0.7,-0.021579,1,0,0
0.54,0.7,0.016457,1,0,0
0.56,0.7,-0.0063788,1,0,0
0.58,0.7,0.021121,1,0,0
0.6,0.7,0.009214,1,0,0
0.62,0.7,0.0023468,1,0,0
0.64,0.7,0.02719,1,0,0
0.66,0.7,0.015333,1,0,0
0.68,0.7,0.022075,1,0,0
0.7,0.7,0.017032,1,0,0
0.72,0.7,0.026718,1,0,0
0.74,0.7,0.0093617,1,0,0
0.76,0.7,0.037051,1,0,0
0.78,0.7,0.066512,1,0,0
0.8,0.7,0.04721,1,0,0
0.82,0.7,0.077932,1,0,0
0.84,0.7,0.097944,1,0,0
0.86,0.7,0.096491,1,0,0
0.88,0.7,0.11254,1,0,0
0.9,0.7,0.047812,1,0,0
0.92,0.7,0.038856,1,0,0
0.94,0.7,0.10334,1,0,0
0.96,0.7,0.030057,1,0,0
0.98,0.7,0.09642,1,0,0
0.02,0.72,0.037055,1,0,0
0.04,0.72,0.056226,1,0,0
0.06,0.72,0.053222,1,0,0
0.08,0.72,0.010501,1,0,0
0.1,0.72,0.039479,1,0,0
0.12,0.72,-0.0067399,1,0,0
0.14,0.72,0.046158,1,0,0
0.16,0.72,0.055704,1,0,0
0.18,0.72,0.066502,1,0,0
0.2,0.72,0.059381,1,0,0
0.22,0.72,0.042768,1,0,0
0.24,0.72,-0.007018,1,0,0
0.26,0.72,0.020082,1,0,0
0.28,0.72,-0.01327,1,0,0
0.3,0.72,-0.0073718,1,0,0
0.32,0.72,0.065804,1,0,0
0.34,0.72,0.021013,1,0,0
0.36,0.72,0.042102,1,0,0
0.38,0.72,0.087606,1,0,0
0.4,0.72,0.047872,1,0,0
0.42,0.72,0.035276,1,0,0
0.44,0.72,0.021332,1,0,0
0.46,0.72,0.0088011,1,0,0
0.48,0.72,0.040102,1,0,0
0.5,0.72,0.003889,1,0,0
0.52,0.72,0.029926,1,0,0
0.54,0.72,0.052358,1,0,0
0.56,0.72,-0.031762,1,0,0
0.58,0.72,0.0041126,1,0,0
0.6,0.72,0.0082468,1,0,0
0.62,0.72,-0.044871,1,0,0
0.64,0.72,-0.014532,1,0,0
0.66,0.72,0.0051935,1,0,0
0.68,0.72,-0.027189,1,0,0
0.7,0.72,0.0091682,1,0,0
0.72,0.72,-0.03996,1,0,0
0.74,0.72,0.011917,1,0,0
0.76,0.72,-0.019651,1,0,0
0.78,0.72,0.047857,1,0,0
0.8,0.72,0.047011,1,0,0
0.82,0.72,0.10138,1,0,0
0.84,0.72,0.066443,1,0,0
0.86,0.72,0.063574,1,0,0
0.88,0.72,0.077964,1,0,0
0.9,0.72,0.049578,1,0,0
0.92,0.72,6.5604e-05,1,0,0
0.94,0.72,0.01109,1,0,0
0.96,0.72,0.036616,1,0,0
0.98,0.72,0.024269,1,0,0
0.02,0.74,0.083758,1,0,0
0.04,0.74,0.066847,1,0,0
0.06,0.74,0.047258,1,0,0
0.08,0.74,0.05476,1,0,0
0.1,0.74,-0.0071988,1,0,0
0.12,0.74,-0.0077479,1,0,0
0.14,0.74,0.022403,1,0,0
0.16,0.74,0.022198,1,0,0
0.18,0.74,0.010333,1,0,0
0.2,0.74,0.10519,1,0,0
0.22,0.74,-0.0027891,1,0,0
0.24,0.74,-0.0043825,1,0,0
0.26,0.74,-0.015095,1,0,0
0.28,0.74,0.0075048,1,0,0
0.3,0.74,0.014902,1,0,0
0.32,0.74,0.01703,1,0,0
0.34,0.74,0.071827,1,0,0
0.36,0.74,0.031682,1,0,0
0.38,0.74,0.097549,1,0,0
0.4,0.74,0.044758,1,0,0
0.42,0.74,0.0044295,1,0,0
0.44,0.74,-0.03985,1,0,0
0.46,0.74,0.070212,1,0,0
0.48,0.74,0.064645,1,0,0
0.5,0.74,-0.010246,1,0,0
0.52,0.74,0.0021388,1,0,0
0.54,0.74,0.067208,1,0,0
0.56,0.74,-0.027454,1,0,0
0.58,0.74,0.031528,1,0,0
0.6,0.74,0.018301,1,0,0
0.62,0.74,0.020339,1,0,0
0.64,0.74,-0.024865,1,0,0
0.66,0.74,0.022016,1,0,0
0.68,0.74,-0.0052111,1,0,0
0.7,0.74,0.021205,1,0,0
0.72,0.74,-0.0092482,1,0,0
0.74,0.74,0.00020642,1,0,0
0.76,0.74,0.023251,1,0,0
0.78,0.74,0.02553,1,0,0
0.8,0.74,-0.015757,1,0,0
0.82,0.74,0.10299,1,0,0
0.84,0.74,0.024448,1,0,0
0.86,0.74,0.062731,1,0,0
0.88,0.74,0.092198,1,0,0
0.9,0.74,0.014516,1,0,0
0.92,0.74,-0.012408,1,0,0
0.94,0.74,0.036691,1,0,0
0.96,0.74,0.049273,1,0,0
0.98,0.74,0.050491,1,0,0
0.02,0.76,0.14811,1,0,0
0.04,0.76,0.082717,1,0,0
0.06,0.76,0.017264,1,0,0
0.08,0.76,0.038754,1,0,0
0.1,0.76,0.027685,1,0,0
0.12,0.76,0.013824,1,0,0
0.14,0.76,-0.0037001,1,0,0
0.16,0.76,0.10081,1,0,0
0.18,0.76,0.053805,1,0,0
0.2,0.76,0.0625,1,0,0
0.22,0.76,0.011842,1,0,0
0.24,0.76,0.01419,1,0,0
0.26,0.76,-0.024882,1,0,0
0.28,0.76,0.024198,1,0,0
0.3,0.76,0.012489,1,0,0
0.32,0.76,0.018756,1,0,0
0.34,0.76,0.014774,1,0,0
0.36,0.76,-0.0034037,1,0,0
0.38,0.76,0.067946,1,0,0
0.4,0.76,0.042076,1,0,0
0.42,0.76,0.031381,1,0,0
0.44,0.76,0.021195,1,0,0
0.46,0.76,0.066253,1,0,0
0.48,0.76,0.011663,1,0,0
0.5,0.76,-0.0065927,1,0,0
0.52,0.76,0.022287,1,0,0
0.54,0.76,0.011287,1,0,0
0.56,0.76,0.0015426,1,0,0
0.58,0.76,0.010689,1,0,0
0.6,0.76,-0.022577,1,0,0
0.62,0.76,0.028401,1,0,0
0.64,0.76,0.057302,1,0,0
0.66,0.76,0.043915,1,0,0
0.68,0.76,0.020055,1,0,0
0.7,0.76,0.03039,1,0,0
0.72,0.76,0.0017557,1,0,0
0.74,0.76,-0.0042492,1,0,0
0.76,0.76,-0.0011623,1,0,0
0.78,0.76,0.066964,1,0,0
0.8,0.76,-0.021926,1,0,0
0.82,0.76,0.059248,1,0,0
0.84,0.76,0.050065,1,0,0
0.86,0.76,-0.023418,1,0,0
0.88,0.76,0.022503,1,0,0
0.9,0.76,0.07513,1,0,0
0.92,0.76,-0.011725,1,0,0
0.94,0.76,0.043535,1,0,0
0.96,0.76,0.08975,1,0,0
0.98,0.76,0.063249,1,0,0
0.02,0.78,0.097594,1,0,0
0.04,0.78,0.056674,1,0,0
0.06,0.78,-0.0030993,1,0,0
0.08,0.78,0.086445,1,0,0
0.1,0.78,-0.0076829,1,0,0
0.12,0.78,0.016644,1,0,0
0.14,0.78,0.033913,1,0,0
0.16,0.78,-0.0022607,1,0,0
0.18,0.78,0.041273,1,0,0
0.2,0.78,0.024202,1,0,0
0.22,0.78,0.077989,1,0,0
0.24,0.78,-0.004482,1,0,0
0.26,0.78,-0.0099434,1,0,0
0.28,0.78,0.038499,1,0,0
0.3,0.78,0.031575,1,0,0
0.32,0.78,-0.017235,1,0,0
0.34,0.78,-0.015493,1,0,0
0.36,0.78,0.039548,1,0,0
0.38,0.78,-0.049913,1,0,0
0.4,0.78,-0.0087486,1,0,0
0.42,0.78,0.043723,1,0,0
0.44,0.78,0.059314,1,0,0
0.46,0.78,0.034691,1,0,0
0.48,0.78,0.056447,1,0,0
0.5,0.78,0.05694,1,0,0
0.52,0.78,0.05922,1,0,0
0.54,0.78,0.032093,1,0,0
0.56,0.78,0.010593,1,0,0
0.58,0.78,0.038908,1,0,0
0.6,0.78,0.00065733,1,0,0
0.62,0.78,0.047255,1,0,0
0.64,0.78,0.066552,1,0,0
0.66,0.78,0.060702,1,0,0
0.68,0.78,0.011246,1,0,0
0.7,0.78,0.057686,1,0,0
0.72,0.78,0.073334,1,0,0
0.74,0.78,0.040998,1,0,0
0.76,0.78,0.03134,1,0,0
0.78,0.78,0.049075,1,0,0
0.8,0.78,0.010399,1,0,0
0.82,0.78,0.021172,1,0,0
0.84,0.78,0.016913,1,0,0
0.86,0.78,0.016308,1,0,0
0.88,0.78,0.041639,1,0,0
0.9,0.78,0.0057312,1,0,0
0.92,0.78,0.017158,1,0,0
0.94,0.78,0.045259,1,0,0
0.96,0.78,0.021567,1,0,0
0.98,0.78,0.067934,1,0,0
0.02,0.8,0.072642,1,0,0
0.04,0.8,0.051436,1,0,0
0.06,0.8,0.012155,1,0,0
0.08,0.8,-0.00056684,1,0,0
0.1,0.8,0.0062049,1,0,0
0.12,0.8,0.030076,1,0,0
0.14,0.8,-0.012409,1,0,0
0.16,0.8,0.019809,1,0,0
0.18,0.8,0.01742,1,0,0
0.2,0.8,0.033205,1,0,0
0.22,0.8,0.014491,1,0,0
0.24,0.8,0.030298,1,0,0
0.26,0.8,-0.027904,1,0,0
0.28,0.8,0.081434,1,0,0
0.3,0.8,-0.043274,1,0,0
0.32,0.8,-0.023889,1,0,0
0.34,0.8,-0.078373,1,0,0
0.36,0.8,-0.054337,1,0,0
0.38,0.8,-0.02842,1,0,0
0.4,0.8,-0.0341,1,0,0
0.42,0.8,0.051099,1,0,0
0.44,0.8,0.018856,1,0,0
0.46,0.8,0.0048301,1,0,0
0.48,0.8,0.066783,1,0,0
0.5,0.8,0.064108,1,0,0
0.52,0.8,0.042588,1,0,0
0.54,0.8,0.021004,1,0,0
0.56,0.8,0.020053,1,0,0
0.58,0.8,-0.015162,1,0,0
0.6,0.8,-0.02201,1,0,0
0.62,0.8,0.0019995,1,0,0
0.64,0.8,0.033613,1,0,0
0.66,0.8,0.024621,1,0,0
0.68,0.8,0.01339,1,0,0
0.7,0.8,0.014797,1,0,0
0.72,0.8,0.048669,1,0,0
0.74,0.8,0.021576,1,0,0
0.76,0.8,0.022185,1,0,0
0.78,0.8,0.039563,1,0,0
0.8,0.8,0.034356,1,0,0
0.82,0.8,0.021945,1,0,0
0.84,0.8,-0.0136,1,0,0
0.86,0.8,-0.0082913,1,0,0
0.88,0.8,0.013136,1,0,0
0.9,0.8,-0.011958,1,0,0
0.92,0.8,-0.012499,1,0,0
0.94,0.8,-0.019506,1,0,0
0.96,0.8,0.026323,1,0,0
0.98,0.8,-0.0058368,1,0,0
0.02,0.82,0.095106,1,0,0
0.04,0.82,0.064968,1,0,0
0.06,0.82,0.053764,1,0,0
0.08,0.82,0.070785,1,0,0
0.1,0.82,0.043818,1,0,0
0.12,0.82,0.056029,1,0,0
0.14,0.82,0.028799,1,0,0
0.16,0.82,-0.0063487,1,0,0
0.18,0.82,0.045966,1,0,0
0.2,0.82,-0.0050057,1,0,0
0.22,0.82,0.027807,1,0,0
0.24,0.82,0.068528,1,0,0
0.26,0.82,0.023655,1,0,0
0.28,0.82,0.027081,1,0,0
0.3,0.82,0.02352,1,0,0
0.32,0.82,-0.035762,1,0,0
0.34,0.82,-0.04504,1,0,0
0.36,0.82,0.021258,1,0,0
0.38,0.82,-0.0089078,1,0,0
0.4,0.82,-0.010579,1,0,0
0.42,0.82,0.014216,1,0,0
0.44,0.82,0.095584,1,0,0
0.46,0.82,0.073802,1,0,0
0.48,0.82,0.099146,1,0,0
0.5,0.82,0.033394,1,0,0
0.52,0.82,0.13437,1,0,0
0.54,0.82,0.055801,1,0,0
0.56,0.82,0.082977,1,0,0
0.58,0.82,0.020377,1,0,0
0.6,0.82,0.016354,1,0,0
0.62,0.82,0.041187,1,0,0
0.64,0.82,0.046438,1,0,0
0.66,0.82,0.033451,1,0,0
0.68,0.82,0.045856,1,0,0
0.7,0.82,0.074591,1,0,0
0.72,0.82,0.032318,1,0,0
0.74,0.82,0.052718,1,0,0
0.76,0.82,0.015058,1,0,0
0.78,0.82,0.051522,1,0,0
0.8,0.82,0.051661,1,0,0
0.82,0.82,0.063342,1,0,0
0.84,0.82,0.033788,1,0,0
0.86,0.82,0.027574,1,0,0
0.88,0.82,0.0034974,1,0,0
0.9,0.82,-0.0073723,1,0,0
0.92,0.82,0.014895,1,0,0
0.94,0.82,0.040906,1,0,0
0.96,0.82,0.066569,1,0,0
0.98,0.82,0.083355,1,0,0
0.02,0.84,0.082362,1,0,0
0.04,0.84,0.071124,1,0,0
0.06,0.84,0.061749,1,0,0
0.08,0.84,0.070796,1,0,0
0.1,0.84,0.018752,1,0,0
0.12,0.84,0.062822,1,0,0
0.14,0.84,0.026717,1,0,0
0.16,0.84,0.0017958,1,0,0
0.18,0.84,-0.0075631,1,0,0
0.2,0.84,-0.053818,1,0,0
0.22,0.84,-0.025046,1,0,0
0.24,0.84,0.023248,1,0,0
0.26,0.84,0.0090312,1,0,0
0.28,0.84,0.021835,1,0,0
0.3,0.84,-0.042016,1,0,0
0.32,0.84,-0.048769,1,0,0
0.34,0.84,-0.044691,1,0,0
0.36,0.84,0.0036478,1,0,0
0.38,0.84,0.04527,1,0,0
0.4,0.84,0.044097,1,0,0
0.42,0.84,0.032938,1,0,0
0.44,0.84,0.049289,1,0,0
0.46,0.84,0.063914,1,0,0
0.48,0.84,0.060062,1,0,0
0.5,0.84,0.00043588,1,0,0
0.52,0.84,0.055199,1,0,0
0.54,0.84,0.073136,1,0,0
0.56,0.84,0.04885,1,0,0
0.58,0.84,-0.050376,1,0,0
0.6,0.84,0.010159,1,0,0
0.62,0.84,0.048302,1,0,0
0.64,0.84,-0.0012934,1,0,0
0.66,0.84,0.075438,1,0,0
0.68,0.84,0.09766,1,0,0
0.7,0.84,0.044097,1,0,0
0.72,0.84,0.0076199,1,0,0
0.74,0.84,0.077235,1,0,0
0.76,0.84,-0.016556,1,0,0
0.78,0.84,0.035665,1,0,0
0.8,0.84,0.071932,1,0,0
0.82,0.84,0.052461,1,0,0
0.84,0.84,0.022097,1,0,0
0.86,0.84,-0.038718,1,0,0
0.88,0.84,0.034965,1,0,0
0.9,0.84,-0.0037639,1,0,0
0.92,0.84,-0.006597,1,0,0
0.94,0.84,0.011656,1,0,0
0.96,0.84,0.012675,1,0,0
0.98,0.84,0.01082,1,0,0
0.02,0.86,0.0010278,1,0,0
0.04,0.86,0.047712,1,0,0
0.06,0.86,-0.011394,1,0,0
0.08,0.86,0.0221,1,0,0
0.1,0.86,-0.017078,1,0,0
0.12,0.86,0.11104,1,0,0
0.14,0.86,0.044775,1,0,0
0.16,0.86,0.028444,1,0,0
0.18,0.86,0.02524,1,0,0
0.2,0.86,0.010805,1,0,0
0.22,0.86,-0.019398,1,0,0
0.24,0.86,0.021722,1,0,0
0.26,0.86,-0.020562,1,0,0
0.28,0.86,-0.050865,1,0,0
0.3,0.86,-0.088756,1,0,0
0.32,0.86,-0.047815,1,0,0
0.34,0.86,-0.045049,1,0,0
0.36,0.86,-0.01475,1,0,0
0.38,0.86,0.035987,1,0,0
0.4,0.86,-0.043842,1,0,0
0.42,0.86,0.049481,1,0,0
0.44,0.86,-0.020763,1,0,0
0.46,0.86,-0.001404,1,0,0
0.48,0.86,0.030202,1,0,0
0.5,0.86,-0.058487,1,0,0
0.52,0.86,-0.002939,1,0,0
0.54,0.86,0.064996,1,0,0
0.56,0.86,-0.016835,1,0,0
0.58,0.86,-0.013225,1,0,0
0.6,0.86,0.042006,1,0,0
0.62,0.86,0.034929,1,0,0
0.64,0.86,-0.0010345,1,0,0
0.66,0.86,-0.067696,1,0,0
0.68,0.86,0.0071988,1,0,0
0.7,0.86,-0.025033,1,0,0
0.72,0.86,-0.0081145,1,0,0
0.74,0.86,0.03493,1,0,0
0.76,0.86,0.021516,1,0,0
0.78,0.86,0.0041535,1,0,0
0.8,0.86,0.045832,1,0,0
0.82,0.86,0.050616,1,0,0
0.84,0.86,-0.0097248,1,0,0
0.86,0.86,-0.0035543,1,0,0
0.88,0.86,0.019127,1,0,0
0.9,0.86,0.022651,1,0,0
0.92,0.86,0.011657,1,0,0
0.94,0.86,-0.064426,1,0,0
0.96,0.86,-0.0079364,1,0,0
0.98,0.86,-0.0074052,1,0,0
0.02,0.88,0.012001,1,0,0
0.04,0.88,0.0733,1,0,0
0.06,0.88,0.039005,1,0,0
0.08,0.88,0.080107,1,0,0
0.1,0.88,0.033883,1,0,0
0.12,0.88,0.035051,1,0,0
0.14,0.88,0.057127,1,0,0
0.16,0.88,0.058027,1,0,0
0.18,0.88,0.03914,1,0,0
0.2,0.88,0.0046021,1,0,0
0.22,0.88,0.024662,1,0,0
0.24,0.88,0.0025889,1,0,0
0.26,0.88,0.039668,1,0,0
0.28,0.88,0.073278,1,0,0
0.3,0.88,0.023824,1,0,0
0.32,0.88,-0.034749,1,0,0
0.34,0.88,-0.013614,1,0,0
0.36,0.88,0.0051173,1,0,0
0.38,0.88,0.029108,1,0,0
0.4,0.88,-0.031179,1,0,0
0.42,0.88,0.068823,1,0,0
0.44,0.88,0.077114,1,0,0
0.46,0.88,0.03187,1,0,0
0.48,0.88,0.089598,1,0,0
0.5,0.88,0.030397,1,0,0
0.52,0.88,0.020169,1,0,0
0.54,0.88,0.032536,1,0,0
0.56,0.88,0.059352,1,0,0
0.58,0.88,0.070405,1,0,0
0.6,0.88,0.046196,1,0,0
0.62,0.88,0.057321,1,0,0
0.64,0.88,0.031754,1,0,0
0.66,0.88,0.050018,1,0,0
0.68,0.88,0.038982,1,0,0
0.7,0.88,0.042757,1,0,0
0.72,0.88,0.058973,1,0,0
0.74,0.88,0.011382,1,0,0
0.76,0.88,0.047264,1,0,0
0.78,0.88,0.08681,1,0,0
0.8,0.88,0.069947,1,0,0
0.82,0.88,0.041095,1,0,0
0.84,0.88,-0.014581,1,0,0
0.86,0.88,0.027014,1,0,0
0.88,0.88,0.07669,1,0,0
0.9,0.88,0.052917,1,0,0
0.92,0.88,0.036465,1,0,0
0.94,0.88,0.010304,1,0,0
0.96,0.88,-0.0091003,1,0,0
0.98,0.88,0.00058691,1,0,0
0.02,0.9,0.045549,1,0,0
0.04,0.9,0.03586,1,0,0
0.06,0.9,-0.010667,1,0,0
0.08,0.9,0.027758,1,0,0
0.1,0.9,0.0056402,1,0,0
0.12,0.9,0.068512,1,0,0
0.14,0.9,0.037512,1,0,0
0.16,0.9,0.059433,1,0,0
0.18,0.9,0.012072,1,0,0
0.2,0.9,0.025519,1,0,0
0.22,0.9,0.022833,1,0,0
0.24,0.9,0.057633,1,0,0
0.26,0.9,0.034622,1,0,0
0.28,0.9,-0.012495,1,0,0
0.3,0.9,-0.0069682,1,0,0
0.32,0.9,-0.031453,1,0,0
0.34,0.9,-0.082582,1,0,0
0.36,0.9,-0.013194,1,0,0
0.38,0.9,-0.021827,1,0,0
0.4,0.9,-0.039067,1,0,0
0.42,0.9,0.013966,1,0,0
0.44,0.9,0.032439,1,0,0
0.46,0.9,0.033809,1,0,0
0.48,0.9,0.038289,1,0,0
0.5,0.9,-0.012276,1,0,0
0.52,0.9,0.041374,1,0,0
0.54,0.9,0.038613,1,0,0
0.56,0.9,0.010826,1,0,0
0.58,0.9,0.0057646,1,0,0
0.6,0.9,-0.013689,1,0,0
0.62,0.9,0.034225,1,0,0
0.64,0.9,0.05516,1,0,0
0.66,0.9,-0.019099,1,0,0
0.68,0.9,-0.0049639,1,0,0
0.7,0.9,-0.0071157,1,0,0
0.72,0.9,0.031497,1,0,0
0.74,0.9,0.008817,1,0,0
0.76,0.9,0.031501,1,0,0
0.78,0.9,-0.0045944,1,0,0
0.8,0.9,0.023155,1,0,0
0.82,0.9,0.0042152,1,0,0
0.84,0.9,0.023334,1,0,0
0.86,0.9,-0.0074348,1,0,0
0.88,0.9,0.0059585,1,0,0
0.9,0.9,0.022198,1,0,0
0.92,0.9,-0.0012497,1,0,0
0.94,0.9,0.01455,1,0,0
0.96,0.9,0.01385,1,0,0
0.98,0.9,-0.031998,1,0,0
0.02,0.92,0.018729,1,0,0
0.04,0.92,0.045046,1,0,0
0.06,0.92,0.043382,1,0,0
0.08,0.92,0.048705,1,0,0
0.1,0.92,0.047606,1,0,0
0.12,0.92,0.024383,1,0,0
0.14,0.92,0.074875,1,0,0
0.16,0.92,0.071884,1,0,0
0.18,0.92,0.088659,1,0,0
0.2,0.92,0.094185,1,0,0
0.22,0.92,0.047246,1,0,0
0.24,0.92,0.048686,1,0,0
0.26,0.92,-0.0071996,1,0,0
0.28,0.92,-0.001516,1,0,0
0.3,0.92,-0.03082,1,0,0
0.32,0.92,-0.0075849,1,0,0
0.34,0.92,-0.066075,1,0,0
0.36,0.92,-0.0043671,1,0,0
0.38,0.92,0.033248,1,0,0
0.4,0.92,0.0026837,1,0,0
0.42,0.92,0.015452,1,0,0
0.44,0.92,0.010479,1,0,0
0.46,0.92,0.020487,1,0,0
0.48,0.92,0.032936,1,0,0
0.5,0.92,-0.010949,1,0,0
0.52,0.92,0.046319,1,0,0
0.54,0.92,0.086543,1,0,0
0.56,0.92,0.047195,1,0,0
0.58,0.92,-0.00053158,1,0,0
0.6,0.92,0.058003,1,0,0
0.62,0.92,0.056321,1,0,0
0.64,0.92,0.044309,1,0,0
0.66,0.92,0.010345,1,0,0
0.68,0.92,-0.015095,1,0,0
0.7,0.92,-0.020991,1,0,0
0.72,0.92,0.02544,1,0,0
0.74,0.92,-0.034902,1,0,0
0.76,0.92,0.034148,1,0,0
0.78,0.92,0.082861,1,0,0
0.8,0.92,0.054457,1,0,0
0.82,0.92,0.046332,1,0,0
0.84,0.92,0.018152,1,0,0
0.86,0.92,0.018117,1,0,0
0.88,0.92,0.041453,1,0,0
0.9,0.92,0.0060637,1,0,0
0.92,0.92,0.01772,1,0,0
0.94,0.92,-0.0098886,1,0,0
0.96,0.92,-0.0049154,1,0,0
0.98,0.92,0.055522,1,0,0
0.02,0.94,0.033084,1,0,0
0.04,0.94,0.0097457,1,0,0
0.06,0.94,-0.053405,1,0,0
0.08,0.94,0.051249,1,0,0
0.1,0.94,0.12365,1,0,0
0.12,0.94,0.018148,1,0,0
0.14,0.94,0.041401,1,0,0
0.16,0.94,0.039237,1,0,0
0.18,0.94,0.045529,1,0,0
0.2,0.94,0.015864,1,0,0
0.22,0.94,0.056863,1,0,0
0.24,0.94,0.012653,1,0,0
0.26,0.94,-0.048989,1,0,0
0.28,0.94,-0.030968,1,0,0
0.3,0.94,-0.0095537,1,0,0
0.32,0.94,0.065303,1,0,0
0.34,0.94,-0.04676,1,0,0
0.36,0.94,0.014989,1,0,0
0.38,0.94,0.022318,1,0,0
0.4,0.94,0.011153,1,0,0
0.42,0.94,-0.0062916,1,0,0
0.44,0.94,0.0078116,1,0,0
0.46,0.94,-0.033627,1,0,0
0.48,0.94,0.07501,1,0,0
0.5,0.94,-0.0023089,1,0,0
0.52,0.94,0.094145,1,0,0
0.54,0.94,0.056797,1,0,0
0.56,0.94,-0.034168,1,0,0
0.58,0.94,0.024601,1,0,0
0.6,0.94,0.030441,1,0,0
0.62,0.94,0.010925,1,0,0
0.64,0.94,0.067401,1,0,0
0.66,0.94,0.043295,1,0,0
0.68,0.94,0.0067914,1,0,0
0.7,0.94,0.020167,1,0,0
0.72,0.94,0.028772,1,0,0
0.74,0.94,0.010291,1,0,0
0.76,0.94,0.0036546,1,0,0
0.78,0.94,0.023069,1,0,0
0.8,0.94,0.011168,1,0,0
0.82,0.94,0.0051903,1,0,0
0.84,0.94,0.0073394,1,0,0
0.86,0.94,0.0036647,1,0,0
0.88,0.94,-0.00063268,1,0,0
0.9,0.94,-0.016517,1,0,0
0.92,0.94,0.025733,1,0,0
0.94,0.94,-0.034607,1,0,0
0.96,0.94,0.025701,1,0,0
0.98,0.94,0.044618,1,0,0
0.02,0.96,0.074698,1,0,0
0.04,0.96,0.041541,1,0,0
0.06,0.96,0.058976,1,0,0
0.08,0.96,0.083426,1,0,0
0.1,0.96,0.091687,1,0,0
0.12,0.96,0.068395,1,0,0
0.14,0.96,0.045544,1,0,0
0.16,0.96,0.053855,1,0,0
0.18,0.96,0.0094736,1,0,0
0.2,0.96,0.081976,1,0,0
0.22,0.96,-0.011581,1,0,0
0.24,0.96,0.035008,1,0,0
0.26,0.96,-0.0092026,1,0,0
0.28,0.96,0.056688,1,0,0
0.3,0.96,0.01475,1,0,0
0.32,0.96,-0.0093257,1,0,0
0.34,0.96,7.2933e-05,1,0,0
0.36,0.96,-0.0016406,1,0,0
0.38,0.96,0.026692,1,0,0
0.4,0.96,0.014019,1,0,0
0.42,0.96,0.038666,1,0,0
0.44,0.96,0.012968,1,0,0
0.46,0.96,0.060745,1,0,0
0.48,0.96,0.049812,1,0,0
0.5,0.96,0.057547,1,0,0
0.52,0.96,0.046112,1,0,0
0.54,0.96,0.032127,1,0,0
0.56,0.96,0.0089966,1,0,0
0.58,0.96,0.0036056,1,0,0
0.6,0.96,0.0098141,1,0,0
0.62,0.96,-0.0012458,1,0,0
0.64,0.96,0.04379,1,0,0
0.66,0.96,0.05728,1,0,0
0.68,0.96,0.067187,1,0,0
0.7,0.96,0.048493,1,0,0
0.72,0.96,0.0084807,1,0,0
0.74,0.96,-0.039099,1,0,0
0.76,0.96,-0.011405,1,0,0
0.78,0.96,0.031564,1,0,0
0.8,0.96,0.010879,1,0,0
0.82,0.96,0.05785,1,0,0
0.84,0.96,0.054199,1,0,0
0.86,0.96,0.01624,1,0,0
0.88,0.96,0.041796,1,0,0
0.9,0.96,-0.0077464,1,0,0
0.92,0.96,-0.028049,1,0,0
0.94,0.96,0.025917,1,0,0
0.96,0.96,-0.0016276,1,0,0
0.98,0.96,0.048442,1,0,0
0.02,0.98,0.10375,1,0,0
0.04,0.98,0.052828,1,0,0
0.06,0.98,0.045089,1,0,0
0.08,0.98,0.02924,1,0,0
0.1,0.98,0.01096,1,0,0
0.12,0.98,0.086328,1,0,0
0.14,0.98,0.077592,1,0,0
0.16,0.98,0.047478,1,0,0
0.18,0.98,-0.015226,1,0,0
0.2,0.98,0.067579,1,0,0
0.22,0.98,0.014696,1,0,0
0.24,0.98,0.013729,1,0,0
0.26,0.98,-0.013959,1,0,0
0.28,0.98,0.025738,1,0,0
0.3,0.98,0.020027,1,0,0
0.32,0.98,-0.0039155,1,0,0
0.34,0.98,0.020233,1,0,0
0.36,0.98,0.049849,1,0,0
0.38,0.98,0.04438,1,0,0
0.4,0.98,0.051061,1,0,0
0.42,0.98,0.058322,1,0,0
0.44,0.98,0.01651,1,0,0
0.46,0.98,0.039792,1,0,0
0.48,0.98,0.03395,1,0,0
0.5,0.98,0.055861,1,0,0
0.52,0.98,0.043367,1,0,0
0.54,0.98,0.1034,1,0,0
0.56,0.98,0.038612,1,0,0
0.58,0.98,0.04038,1,0,0
0.6,0.98,0.0030603,1,0,0
0.62,0.98,0.068112,1,0,0
0.64,0.98,0.043905,1,0,0
0.66,0.98,0.019664,1,0,0
0.68,0.98,0.019893,1,0,0
0.7,0.98,0.0068381,1,0,0
0.72,0.98,0.035902,1,0,0
0.74,0.98,0.079679,1,0,0
0.76,0.98,0.023809,1,0,0
0.78,0.98,0.061827,1,0,0
0.8,0.98,0.098035,1,0,0
0.82,0.98,0.08482,1,0,0
0.84,0.98,0.014716,1,0,0
0.86,0.98,0.0053367,1,0,0
0.88,0.98,0.01671,1,0,0
0.9,0.98,0.0054125,1,0,0
0.92,0.98,-0.044973,1,0,0
0.94,0.98,0.043307,1,0,0
0.96,0.98,0.034272,1,0,0
0.98,0.98,-0.010817,1,0,0
0,0,0.044328,-1,0,0
0.02,0,0.044328,-1,0,0
0.04,0,0.010978,-1,0,0
0.06,0,0.016283,-1,0,0
0.08,0,0.019294,-1,0,0
0.1,0,0.042914,-1,0,0
0.12,0,0.027971,-1,0,0
0.14,0,0.087832,-1,0,0
0.16,0,0.026988,-1,0,0
0.18,0,0.0075816,-1,0,0
0.2,0,0.037148,-1,0,0
0.22,0,0.026684,-1,0,0
0.24,0,0.050549,-1,0,0
0.26,0,0.025697,-1,0,0
0.28,0,0.044327,-1,0,0
0.3,0,0.01304,-1,0,0
0.32,0,-0.026886,-1,0,0
0.34,0,0.013973,-1,0,0
0.36,0,0.025521,-1,0,0
0.38,0,0.029461,-1,0,0
0.4,0,0.03534,-1,0,0
0.42,0,0.065783,-1,0,0
0.44,0,0.017918,-1,0,0
0.46,0,0.036941,-1,0,0
0.48,0,0.048519,-1,0,0
0.5,0,0.033274,-1,0,0
0.52,0,0.042626,-1,0,0
0.54,0,0.051592,-1,0,0
0.56,0,-0.0025932,-1,0,0
0.58,0,0.029025,-1,0,0
0.6,0,-0.011035,-1,0,0
0.62,0,0.034342,-1,0,0
0.64,0,0.012175,-1,0,0
0.66,0,-0.023318,-1,0,0
0.68,0,-0.049048,-1,0,0
0.7,0,0.030465,-1,0,0
0.72,0,0.01042,-1,0,0
0.74,0,0.036745,-1,0,0
0.76,0,0.015022,-1,0,0
0.78,0,0.061538,-1,0,0
0.8,0,0.045545,-1,0,0
0.82,0,0.08375,-1,0,0
0.84,0,-0.005536,-1,0,0
0.86,0,0.067063,-1,0,0
0.88,0,0.018474,-1,0,0
0.9,0,0.079015,-1,0,0
0.92,0,0.061555,-1,0,0
0.94,0,0.0063309,-1,0,0
0.96,0,0.036921,-1,0,0
0.98,0,-0.0073645,-1,0,0
1,0,-0.016239,-1,0,0
1,0.02,0.04019,-1,0,0
1,0.04,0.011255,-1,0,0
1,0.06,-0.011954,-1,0,0
1,0.08,0.015571,-1,0,0
1,0.1,0.005991,-1,0,0
1,0.12,0.025979,-1,0,0
1,0.14,-0.013142,-1,0,0
1,0.16,-0.062551,-1,0,0
1,0.18,-0.086773,-1,0,0
1,0.2,-0.0031596,-1,0,0
1,0.22,-0.0063881,-1,0,0
1,0.24,0.0052486,-1,0,0
1,0.26,0.046041,-1,0,0
1,0.28,0.028059,-1,0,0
1,0.3,-0.0077697,-1,0,0
1,0.32,-0.024981,-1,0,0
1,0.34,-0.026617,-1,0,0
1,0.36,-0.032715,-1,0,0
1,0.38,0.0043601,-1,0,0
1,0.4,-0.016783,-1,0,0
1,0.42,0.040469,-1,0,0
1,0.44,0.011619,-1,0,0
1,0.46,0.057631,-1,0,0
1,0.48,0.054376,-1,0,0
1,0.5,0.12509,-1,0,0
1,0.52,0.074468,-1,0,0
1,0.54,0.076557,-1,0,0
1,0.56,0.016378,-1,0,0
1,0.58,0.018922,-1,0,0
1,0.6,0.040008,-1,0,0
1,0.62,0.036783,-1,0,0
1,0.64,0.078638,-1,0,0
1,0.66,0.049967,-1,0,0
1,0.68,-0.023334,-1,0,0
1,0.7,0.075137,-1,0,0
1,0.72,0.041627,-1,0,0
1,0.74,0.034685,-1,0,0
1,0.76,0.0069078,-1,0,0
1,0.78,-0.012433,-1,0,0
1,0.8,0.0051239,-1,0,0
1,0.82,0.071362,-1,0,0
1,0.84,0.020521,-1,0,0
1,0.86,-0.043805,-1,0,0
1,0.88,0.012504,-1,0,0
1,0.9,-0.040068,-1,0,0
1,0.92,0.01768,-1,0,0
1,0.94,0.0158,-1,0,0
1,0.96,0.01306,-1,0,0
1,0.98,-0.010004,-1,0,0
1,1,-0.0067627,-1,0,0
0.98,1,0.044374,-1,0,0
0.96,1,0.005353,-1,0,0
0.94,1,0.0024323,-1,0,0
0.92,1,0.048881,-1,0,0
0.9,1,0.066216,-1,0,0
0.88,1,0.036082,-1,0,0
0.86,1,0.045269,-1,0,0
0.84,1,0.0020305,-1,0,0
0.82,1,0.069969,-1,0,0
0.8,1,0.045434,-1,0,0
0.78,1,0.10151,-1,0,0
0.76,1,0.069002,-1,0,0
0.74,1,0.049797,-1,0,0
0.72,1,0.060031,-1,0,0
0.7,1,0.079912,-1,0,0
0.68,1,0.026365,-1,0,0
0.66,1,0.053346,-1,0,0
0.64,1,0.022258,-1,0,0
0.62,1,0.055519,-1,0,0
0.6,1,0.039178,-1,0,0
0.58,1,0.098133,-1,0,0
0.56,1,0.015168,-1,0,0
0.54,1,0.066392,-1,0,0
0.52,1,0.078041,-1,0,0
0.5,1,0.098851,-1,0,0
0.48,1,0.105,-1,0,0
0.46,1,0.06766,-1,0,0
0.44,1,0.081667,-1,0,0
0.42,1,0.013652,-1,0,0
0.4,1,0.04028,-1,0,0
0.38,1,0.085564,-1,0,0
0.36,1,0.067004,-1,0,0
0.34,1,-0.014874,-1,0,0
0.32,1,0.04313,-1,0,0
0.3,1,0.08643,-1,0,0
0.28,1,0.043407,-1,0,0
0.26,1,0.002589,-1,0,0
0.24,1,0.019625,-1,0,0
0.22,1,0.027037,-1,0,0
0.2,1,0.021612,-1,0,0
0.18,1,0.054048,-1,0,0
0.16,1,0.031587,-1,0,0
0.14,1,0.10959,-1,0,0
0.12,1,0.099135,-1,0,0
0.1,1,0.092077,-1,0,0
0.08,1,0.043329,-1,0,0
0.06,1,0.061095,-1,0,0
0.04,1,0.098896,-1,0,0
0.02,1,0.088959,-1,0,0
0,1,0.11078,-1,0,0
0,0.98,0.085018,-1,0,0
0,0.96,0.0093676,-1,0,0
0,0.94,0.062963,-1,0,0
0,0.92,0.034858,-1,0,0
0,0.9,0.03364,-1,0,0
0,0.88,0.10181,-1,0,0
0,0.86,0.06892,-1,0,0
0,0.84,0.073082,-1,0,0
0,0.82,0.058527,-1,0,0
0,0.8,0.10578,-1,0,0
0,0.78,0.0364,-1,0,0
0,0.76,0.026855,-1,0,0
0,0.74,0.014451,-1,0,0
0,0.72,0.07343,-1,0,0
0,0.7,0.069058,-1,0,0
0,0.68,0.03943,-1,0,0
0,0.66,0.054776,-1,0,0
0,0.64,0.037942,-1,0,0
0,0.62,0.064516,-1,0,0
0,0.6,0.047172,-1,0,0
0,0.58,0.057065,-1,0,0
0,0.56,0.054816,-1,0,0
0,0.54,0.066719,-1,0,0
0,0.52,0.029018,-1,0,0
0,0.5,0.11952,-1,0,0
0,0.48,0.083028,-1,0,0
0,0.46,0.09952,-1,0,0
0,0.44,0.063979,-1,0,0
0,0.42,0.07727,-1,0,0
0,0.4,0.0059706,-1,0,0
0,0.38,0.015462,-1,0,0
0,0.36,0.11177,-1,0,0
0,0.34,0.035367,-1,0,0
0,0.32,0.053677,-1,0,0
0,0.3,0.11516,-1,0,0
0,0.28,0.12076,-1,0,0
0,0.26,0.082223,-1,0,0
0,0.24,0.060579,-1,0,0
0,0.22,0.043291,-1,0,0
0,0.2,0.074001,-1,0,0
0,0.18,0.014496,-1,0,0
0,0.16,0.026134,-1,0,0
0,0.14,0.071301,-1,0,0
0,0.12,0.045763,-1,0,0
0,0.1,0.031825,-1,0,0
0,0.08,0.025156,-1,0,0
0,0.06,0.087952,-1,0,0
0,0.04,0.058888,-1,0,0
0,0.02,0.051926,-1,0,0
