0.02,0.02,0.011094,1,0,0
0.04,0.02,-0.009315,1,0,0
0.06,0.02,-0.0099552,1,0,0
0.08,0.02,0.0071798,1,0,0
0.1,0.02,-0.012684,1,0,0
0.12,0.02,-0.019053,1,0,0
0.14,0.02,0.0068304,1,0,0
0.16,0.02,0.023689,1,0,0
0.18,0.02,-0.01408,1,0,0
0.2,0.02,-0.026151,1,0,0
0.22,0.02,-0.021463,1,0,0
0.24,0.02,-0.04309,1,0,0
0.26,0.02,-0.036034,1,0,0
0.28,0.02,-0.036177,1,0,0
0.3,0.02,-0.057047,1,0,0
0.32,0.02,-0.058029,1,0,0
0.34,0.02,-0.061295,1,0,0
0.36,0.02,-0.033242,1,0,0
0.38,0.02,-0.01685,1,0,0
0.4,0.02,-0.0071893,1,0,0
0.42,0.02,0.0033918,1,0,0
0.44,0.02,-0.0074811,1,0,0
0.46,0.02,0.061935,1,0,0
0.48,0.02,0.061137,1,0,0
0.5,0.02,0.06305,1,0,0
0.52,0.02,0.068679,1,0,0
0.54,0.02,0.035902,1,0,0
0.56,0.02,0.06384,1,0,0
0.58,0.02,0.069298,1,0,0
0.6,0.02,0.072385,1,0,0
0.62,0.02,0.039312,1,0,0
0.64,0.02,0.054229,1,0,0
0.66,0.02,0.0588,1,0,0
0.68,0.02,0.084345,1,0,0
0.7,0.02,0.045908,1,0,0
0.72,0.02,0.047919,1,0,0
0.74,0.02,0.023039,1,0,0
0.76,0.02,0.03623,1,0,0
0.78,0.02,-0.0032531,1,0,0
0.8,0.02,-0.0056727,1,0,0
0.82,0.02,0.0077476,1,0,0
0.84,0.02,-0.0032347,1,0,0
0.86,0.02,0.033312,1,0,0
0.88,0.02,0.0047973,1,0,0
0.9,0.02,-0.012419,1,0,0
0.92,0.02,-0.044345,1,0,0
0.94,0.02,-0.062888,1,0,0
0.96,0.02,-0.060254,1,0,0
0.98,0.02,-0.078564,1,0,0
0.02,0.04,-0.015572,1,0,0
0.04,0.04,-0.023936,1,0,0
0.06,0.04,-0.0044684,1,0,0
0.08,0.04,-0.02479,1,0,0
0.1,0.04,-0.0078919,1,0,0
0.12,0.04,0.0076327,1,0,0
0.14,0.04,0.003886,1,0,0
0.16,0.04,0.022204,1,0,0
0.18,0.04,0.0012131,1,0,0
0.2,0.04,0.010923,1,0,0
0.22,0.04,-0.016538,1,0,0
0.24,0.04,-0.070863,1,0,0
0.26,0.04,-0.044362,1,0,0
0.28,0.04,-0.037947,1,0,0
0.3,0.04,-0.047232,1,0,0
0.32,0.04,-0.03617,1,0,0
0.34,0.04,-0.041346,1,0,0
0.36,0.04,-0.019078,1,0,0
0.38,0.04,-0.031962,1,0,0
0.4,0.04,0.0059168,1,0,0
0.42,0.04,-0.0094107,1,0,0
0.44,0.04,0.029271,1,0,0
0.46,0.04,0.0038844,1,0,0
0.48,0.04,0.04606,1,0,0
0.5,0.04,0.067247,1,0,0
0.52,0.04,0.061061,1,0,0
0.54,0.04,0.041596,1,0,0
0.56,0.04,0.090666,1,0,0
0.58,0.04,0.080896,1,0,0
0.6,0.04,0.045247,1,0,0
0.62,0.04,0.030626,1,0,0
0.64,0.04,0.036349,1,0,0
0.66,0.04,0.031439,1,0,0
0.68,0.04,0.029988,1,0,0
0.7,0.04,0.065785,1,0,0
0.72,0.04,0.065389,1,0,0
0.74,0.04,0.017663,1,0,0
0.76,0.04,0.006777,1,0,0
0.78,0.04,0.033855,1,0,0
0.8,0.04,0.018225,1,0,0
0.82,0.04,-0.0089275,1,0,0
0.84,0.04,-0.02496,1,0,0
0.86,0.04,-0.021707,1,0,0
0.88,0.04,-0.033076,1,0,0
0.9,0.04,-0.055799,1,0,0
0.92,0.04,-0.03128,1,0,0
0.94,0.04,-0.048442,1,0,0
0.96,0.04,-0.054012,1,0,0
0.98,0.04,-0.061013,1,0,0
0.02,0.06,-0.013169,1,0,0
0.04,0.06,-0.02528,1,0,0
0.06,0.06,-0.013076,1,0,0
0.08,0.06,0.0096457,1,0,0
0.1,0.06,-0.026514,1,0,0
0.12,0.06,0.003654,1,0,0
0.14,0.06,-0.0028264,1,0,0
0.16,0.06,-0.013482,1,0,0
0.18,0.06,-0.070196,1,0,0
0.2,0.06,-0.015918,1,0,0
0.22,0.06,-0.034042,1,0,0
0.24,0.06,-0.034787,1,0,0
0.26,0.06,-0.03802,1,0,0
0.28,0.06,-0.04647,1,0,0
0.3,0.06,-0.061185,1,0,0
0.32,0.06,-0.036489,1,0,0
0.34,0.06,-0.041552,1,0,0
0.36,0.06,-0.020961,1,0,0
0.38,0.06,-0.027381,1,0,0
0.4,0.06,-0.0096558,1,0,0
0.42,0.06,0.014606,1,0,0
0.44,0.06,0.031598,1,0,0
0.46,0.06,0.022982,1,0,0
0.48,0.06,0.028218,1,0,0
0.5,0.06,0.047049,1,0,0
0.52,0.06,0.068294,1,0,0
0.54,0.06,0.047391,1,0,0
0.56,0.06,0.049967,1,0,0
0.58,0.06,0.038549,1,0,0
0.6,0.06,0.029231,1,0,0
0.62,0.06,0.040785,1,0,0
0.64,0.06,0.064186,1,0,0
0.66,0.06,0.049003,1,0,0
0.68,0.06,0.028611,1,0,0
0.7,0.06,0.044843,1,0,0
0.72,0.06,0.056419,1,0,0
0.74,0.06,0.035411,1,0,0
0.76,0.06,0.047793,1,0,0
0.78,0.06,0.0085108,1,0,0
0.8,0.06,0.022471,1,0,0
0.82,0.06,-0.0090397,1,0,0
0.84,0.06,-0.024952,1,0,0
0.86,0.06,-0.024576,1,0,0
0.88,0.06,-0.041296,1,0,0
0.9,0.06,-0.091148,1,0,0
0.92,0.06,-0.063859,1,0,0
0.94,0.06,-0.039413,1,0,0
0.96,0.06,-0.05378,1,0,0
0.98,0.06,-0.043643,1,0,0
0.02,0.08,-0.019463,1,0,0
0.04,0.08,-0.035852,1,0,0
0.06,0.08,-0.0073553,1,0,0
0.08,0.08,0.020216,1,0,0
0.1,0.08,-0.018476,1,0,0
0.12,0.08,-0.047055,1,0,0
0.14,0.08,-0.058024,1,0,0
0.16,0.08,-0.031058,1,0,0
0.18,0.08,-0.056286,1,0,0
0.2,0.08,-0.0098349,1,0,0
0.22,0.08,-0.031879,1,0,0
0.24,0.08,-0.024968,1,0,0
0.26,0.08,-0.019608,1,0,0
0.28,0.08,-0.013335,1,0,0
0.3,0.08,-0.059636,1,0,0
0.32,0.08,0.01697,1,0,0
0.34,0.08,-0.021674,1,0,0
0.36,0.08,-0.035865,1,0,0
0.38,0.08,-0.00083693,1,0,0
0.4,0.08,0.019983,1,0,0
0.42,0.08,0.023168,1,0,0
0.44,0.08,-0.0099311,1,0,0
0.46,0.08,0.03882,1,0,0
0.48,0.08,0.0011586,1,0,0
0.5,0.08,0.028671,1,0,0
0.52,0.08,0.03794,1,0,0
0.54,0.08,0.02557,1,0,0
0.56,0.08,0.042484,1,0,0
0.58,0.08,0.039262,1,0,0
0.6,0.08,0.06126,1,0,0
0.62,0.08,0.052538,1,0,0
0.64,0.08,0.024954,1,0,0
0.66,0.08,0.047984,1,0,0
0.68,0.08,0.075322,1,0,0
0.7,0.08,0.031158,1,0,0
0.72,0.08,0.022742,1,0,0
0.74,0.08,0.012414,1,0,0
0.76,0.08,0.025035,1,0,0
0.78,0.08,-0.0085116,1,0,0
0.8,0.08,0.0058607,1,0,0
0.82,0.08,0.014142,1,0,0
0.84,0.08,-0.040106,1,0,0
0.86,0.08,-0.041792,1,0,0
0.88,0.08,-0.056231,1,0,0
0.9,0.08,-0.075833,1,0,0
0.92,0.08,-0.090604,1,0,0
0.94,0.08,-0.05712,1,0,0
0.96,0.08,-0.02568,1,0,0
0.98,0.08,-0.032482,1,0,0
0.02,0.1,-0.03235,1,0,0
0.04,0.1,-0.058071,1,0,0
0.06,0.1,-0.04195,1,0,0
0.08,0.1,-0.04147,1,0,0
0.1,0.1,-0.034959,1,0,0
0.12,0.1,-0.029988,1,0,0
0.14,0.1,-0.04732,1,0,0
0.16,0.1,-0.058997,1,0,0
0.18,0.1,-0.053865,1,0,0
0.2,0.1,-0.077112,1,0,0
0.22,0.1,-0.033238,1,0,0
0.24,0.1,-0.020796,1,0,0
0.26,0.1,0.00084042,1,0,0
0.28,0.1,-0.037881,1,0,0
0.3,0.1,-0.025801,1,0,0
0.32,0.1,0.016844,1,0,0
0.34,0.1,-0.017983,1,0,0
0.36,0.1,-0.011353,1,0,0
0.38,0.1,-0.001065,1,0,0
0.4,0.1,0.0028242,1,0,0
0.42,0.1,-0.007736,1,0,0
0.44,0.1,0.0076837,1,0,0
0.46,0.1,-0.008825,1,0,0
0.48,0.1,-0.016042,1,0,0
0.5,0.1,0.029983,1,0,0
0.52,0.1,0.03841,1,0,0
0.54,0.1,0.048111,1,0,0
0.56,0.1,0.0099944,1,0,0
0.58,0.1,0.017364,1,0,0
0.6,0.1,0.026926,1,0,0
0.62,0.1,0.027638,1,0,0
0.64,0.1,0.043475,1,0,0
0.66,0.1,0.054908,1,0,0
0.68,0.1,0.035119,1,0,0
0.7,0.1,0.045543,1,0,0
0.72,0.1,0.019159,1,0,0
0.74,0.1,0.017161,1,0,0
0.76,0.1,0.041557,1,0,0
0.78,0.1,-0.0024288,1,0,0
0.8,0.1,-0.014256,1,0,0
0.82,0.1,-0.01527,1,0,0
0.84,0.1,-0.060636,1,0,0
0.86,0.1,-0.052136,1,0,0
0.88,0.1,-0.06031,1,0,0
0.9,0.1,-0.092965,1,0,0
0.92,0.1,-0.056205,1,0,0
0.94,0.1,-0.083073,1,0,0
0.96,0.1,-0.032514,1,0,0
0.98,0.1,-0.035409,1,0,0
0.02,0.12,-0.067955,1,0,0
0.04,0.12,-0.070369,1,0,0
0.06,0.12,-0.045252,1,0,0
0.08,0.12,-0.081278,1,0,0
0.1,0.12,-0.070371,1,0,0
0.12,0.12,-0.07108,1,0,0
0.14,0.12,-0.06516,1,0,0
0.16,0.12,-0.049039,1,0,0
0.18,0.12,-0.05696,1,0,0
0.2,0.12,-0.035446,1,0,0
0.22,0.12,-0.016489,1,0,0
0.24,0.12,-0.038241,1,0,0
0.26,0.12,-0.01496,1,0,0
0.28,0.12,-0.046084,1,0,0
0.3,0.12,-0.031605,1,0,0
0.32,0.12,-0.044823,1,0,0
0.34,0.12,-0.02441,1,0,0
0.36,0.12,-0.040543,1,0,0
0.38,0.12,-0.032914,1,0,0
0.4,0.12,-0.013452,1,0,0
0.42,0.12,0.035932,1,0,0
0.44,0.12,0.017807,1,0,0
0.46,0.12,0.022441,1,0,0
0.48,0.12,-0.012222,1,0,0
0.5,0.12,0.0038514,1,0,0
0.52,0.12,-0.0086546,1,0,0
0.54,0.12,-0.0063968,1,0,0
0.56,0.12,0.0010089,1,0,0
0.58,0.12,-0.0086222,1,0,0
0.6,0.12,0.027544,1,0,0
0.62,0.12,0.04301,1,0,0
0.64,0.12,0.026695,1,0,0
0.66,0.12,0.028732,1,0,0
0.68,0.12,0.050072,1,0,0
0.7,0.12,0.020959,1,0,0
0.72,0.12,0.033357,1,0,0
0.74,0.12,0.0041815,1,0,0
0.76,0.12,-0.011785,1,0,0
0.78,0.12,0.013545,1,0,0
0.8,0.12,0.020396,1,0,0
0.82,0.12,-0.014047,1,0,0
0.84,0.12,-0.064559,1,0,0
0.86,0.12,-0.074825,1,0,0
0.88,0.12,-0.079383,1,0,0
0.9,0.12,-0.097638,1,0,0
0.92,0.12,-0.097674,1,0,0
0.94,0.12,-0.067569,1,0,0
0.96,0.12,-0.062682,1,0,0
0.98,0.12,-0.064514,1,0,0
0.02,0.14,-0.047293,1,0,0
0.04,0.14,-0.054562,1,0,0
0.06,0.14,-0.038752,1,0,0
0.08,0.14,-0.085043,1,0,0
0.1,0.14,-0.089126,1,0,0
0.12,0.14,-0.045368,1,0,0
0.14,0.14,-0.027909,1,0,0
0.16,0.14,-0.045211,1,0,0
0.18,0.14,-0.033075,1,0,0
0.2,0.14,-0.058176,1,0,0
0.22,0.14,-0.00016531,1,0,0
0.24,0.14,0.0079858,1,0,0
0.26,0.14,0.0067595,1,0,0
0.28,0.14,-0.020778,1,0,0
0.3,0.14,-0.039275,1,0,0
0.32,0.14,-0.045511,1,0,0
0.34,0.14,-0.027473,1,0,0
0.36,0.14,-0.033666,1,0,0
0.38,0.14,-0.037059,1,0,0
0.4,0.14,-0.031823,1,0,0
0.42,0.14,0.031777,1,0,0
0.44,0.14,0.033966,1,0,0
0.46,0.14,0.031493,1,0,0
0.48,0.14,0.018697,1,0,0
0.5,0.14,0.011295,1,0,0
0.52,0.14,0.02121,1,0,0
0.54,0.14,-0.036993,1,0,0
0.56,0.14,-0.0047514,1,0,0
0.58,0.14,-0.017337,1,0,0
0.6,0.14,0.014384,1,0,0
0.62,0.14,0.035119,1,0,0
0.64,0.14,0.038584,1,0,0
0.66,0.14,0.036878,1,0,0
0.68,0.14,0.0053159,1,0,0
0.7,0.14,0.028234,1,0,0
0.72,0.14,0.027636,1,0,0
0.74,0.14,0.014559,1,0,0
0.76,0.14,0.0072699,1,0,0
0.78,0.14,0.0013429,1,0,0
0.8,0.14,0.00434,1,0,0
0.82,0.14,-0.031675,1,0,0
0.84,0.14,-0.066165,1,0,0
0.86,0.14,-0.028881,1,0,0
0.88,0.14,-0.083097,1,0,0
0.9,0.14,-0.073196,1,0,0
0.92,0.14,-0.081591,1,0,0
0.94,0.14,-0.08733,1,0,0
0.96,0.14,-0.079296,1,0,0
0.98,0.14,-0.085501,1,0,0
0.02,0.16,-0.091328,1,0,0
0.04,0.16,-0.086838,1,0,0
0.06,0.16,-0.052034,1,0,0
0.08,0.16,-0.0579,1,0,0
0.1,0.16,-0.081975,1,0,0
0.12,0.16,-0.078653,1,0,0
0.14,0.16,-0.033386,1,0,0
0.16,0.16,-0.0059441,1,0,0
0.18,0.16,-0.029229,1,0,0
0.2,0.16,-0.060602,1,0,0
0.22,0.16,-0.015982,1,0,0
0.24,0.16,-0.038482,1,0,0
0.26,0.16,-0.028674,1,0,0
0.28,0.16,-0.027313,1,0,0
0.3,0.16,-0.028615,1,0,0
0.32,0.16,-0.035009,1,0,0
0.34,0.16,-0.036042,1,0,0
0.36,0.16,-0.0081154,1,0,0
0.38,0.16,-0.044526,1,0,0
0.4,0.16,-0.021497,1,0,0
0.42,0.16,-0.022342,1,0,0
0.44,0.16,-0.01217,1,0,0
0.46,0.16,-0.0085159,1,0,0
0.48,0.16,0.0084955,1,0,0
0.5,0.16,0.0084912,1,0,0
0.52,0.16,0.037836,1,0,0
0.54,0.16,-0.01438,1,0,0
0.56,0.16,0.028355,1,0,0
0.58,0.16,0.03874,1,0,0
0.6,0.16,0.035406,1,0,0
0.62,0.16,0.012181,1,0,0
0.64,0.16,-0.037643,1,0,0
0.66,0.16,0.01864,1,0,0
0.68,0.16,0.036707,1,0,0
0.7,0.16,0.015373,1,0,0
0.72,0.16,0.019688,1,0,0
0.74,0.16,0.013011,1,0,0
0.76,0.16,-0.013317,1,0,0
0.78,0.16,0.020179,1,0,0
0.8,0.16,0.027253,1,0,0
0.82,0.16,-0.015946,1,0,0
0.84,0.16,-0.049548,1,0,0
0.86,0.16,-0.042669,1,0,0
0.88,0.16,-0.06619,1,0,0
0.9,0.16,-0.057839,1,0,0
0.92,0.16,-0.061586,1,0,0
0.94,0.16,-0.07141,1,0,0
0.96,0.16,-0.073676,1,0,0
0.98,0.16,-0.066286,1,0,0
0.02,0.18,-0.054409,1,0,0
0.04,0.18,-0.068082,1,0,0
0.06,0.18,-0.0095707,1,0,0
0.08,0.18,-0.036931,1,0,0
0.1,0.18,-0.041904,1,0,0
0.12,0.18,-0.016282,1,0,0
0.14,0.18,-0.042534,1,0,0
0.16,0.18,-0.0072319,1,0,0
0.18,0.18,-0.050205,1,0,0
0.2,0.18,-0.052958,1,0,0
0.22,0.18,-0.03469,1,0,0
0.24,0.18,0.018761,1,0,0
0.26,0.18,-0.026656,1,0,0
0.28,0.18,-0.020566,1,0,0
0.3,0.18,-0.056227,1,0,0
0.32,0.18,-0.051329,1,0,0
0.34,0.18,-0.036163,1,0,0
0.36,0.18,-0.012735,1,0,0
0.38,0.18,-0.024692,1,0,0
0.4,0.18,-0.014943,1,0,0
0.42,0.18,-0.0077891,1,0,0
0.44,0.18,-0.022979,1,0,0
0.46,0.18,-0.01014,1,0,0
0.48,0.18,0.0024428,1,0,0
0.5,0.18,0.020261,1,0,0
0.52,0.18,0.01435,1,0,0
0.54,0.18,0.021167,1,0,0
0.56,0.18,0.0053002,1,0,0
0.58,0.18,-0.028065,1,0,0
0.6,0.18,0.010899,1,0,0
0.62,0.18,0.00032358,1,0,0
0.64,0.18,0.013964,1,0,0
0.66,0.18,0.0087829,1,0,0
0.68,0.18,0.058356,1,0,0
0.7,0.18,0.0075651,1,0,0
0.72,0.18,0.0013112,1,0,0
0.74,0.18,-0.0074688,1,0,0
0.76,0.18,0.0035363,1,0,0
0.78,0.18,0.00045397,1,0,0
0.8,0.18,-0.00067504,1,0,0
0.82,0.18,0.0017898,1,0,0
0.84,0.18,-0.033317,1,0,0
0.86,0.18,-0.021946,1,0,0
0.88,0.18,-0.078232,1,0,0
0.9,0.18,-0.042656,1,0,0
0.92,0.18,-0.064412,1,0,0
0.94,0.18,-0.099585,1,0,0
0.96,0.18,-0.076023,1,0,0
0.98,0.18,-0.045922,1,0,0
0.02,0.2,-0.078144,1,0,0
0.04,0.2,-0.031633,1,0,0
0.06,0.2,-0.015508,1,0,0
0.08,0.2,-0.051847,1,0,0
0.1,0.2,-0.033222,1,0,0
0.12,0.2,-0.043746,1,0,0
0.14,0.2,-0.048815,1,0,0
0.16,0.2,-0.046455,1,0,0
0.18,0.2,-0.017311,1,0,0
0.2,0.2,-0.017935,1,0,0
0.22,0.2,-0.007441,1,0,0
0.24,0.2,0.0035872,1,0,0
0.26,0.2,-0.035138,1,0,0
0.28,0.2,-0.039416,1,0,0
0.3,0.2,-0.046255,1,0,0
0.32,0.2,-0.019813,1,0,0
0.34,0.2,-0.046781,1,0,0
0.36,0.2,-0.0067046,1,0,0
0.38,0.2,-0.031619,1,0,0
0.4,0.2,-0.02701,1,0,0
0.42,0.2,-0.02754,1,0,0
0.44,0.2,-0.018206,1,0,0
0.46,0.2,-0.017399,1,0,0
0.48,0.2,-0.02788,1,0,0
0.5,0.2,-0.018649,1,0,0
0.52,0.2,0.029814,1,0,0
0.54,0.2,-0.0030139,1,0,0
0.56,0.2,0.027308,1,0,0
0.58,0.2,-0.0054679,1,0,0
0.6,0.2,-0.019241,1,0,0
0.62,0.2,0.021517,1,0,0
0.64,0.2,-0.0054555,1,0,0
0.66,0.2,0.0062575,1,0,0
0.68,0.2,0.030011,1,0,0
0.7,0.2,0.024758,1,0,0
0.72,0.2,0.020221,1,0,0
0.74,0.2,-0.003999,1,0,0
0.76,0.2,-0.013277,1,0,0
0.78,0.2,-0.00029492,1,0,0
0.8,0.2,0.022978,1,0,0
0.82,0.2,0.0087238,1,0,0
0.84,0.2,-0.0024291,1,0,0
0.86,0.2,-0.026829,1,0,0
0.88,0.2,-0.083671,1,0,0
0.9,0.2,-0.073395,1,0,0
0.92,0.2,-0.097968,1,0,0
0.94,0.2,-0.071362,1,0,0
0.96,0.2,-0.056646,1,0,0
0.98,0.2,-0.063266,1,0,0
0.02,0.22,-0.079801,1,0,0
0.04,0.22,-0.080103,1,0,0
0.06,0.22,-0.06342,1,0,0
0.08,0.22,-0.051567,1,0,0
0.1,0.22,-0.051594,1,0,0
0.12,0.22,-0.03017,1,0,0
0.14,0.22,-0.0094684,1,0,0
0.16,0.22,-0.032959,1,0,0
0.18,0.22,-0.0016723,1,0,0
0.2,0.22,-0.0056869,1,0,0
0.22,0.22,-0.00017224,1,0,0
0.24,0.22,-0.026172,1,0,0
0.26,0.22,-0.013297,1,0,0
0.28,0.22,-0.02563,1,0,0
0.3,0.22,-0.050704,1,0,0
0.32,0.22,-0.018733,1,0,0
0.34,0.22,-0.017633,1,0,0
0.36,0.22,-0.027706,1,0,0
0.38,0.22,-0.034128,1,0,0
0.4,0.22,-0.028995,1,0,0
0.42,0.22,-0.030386,1,0,0
0.44,0.22,-0.055009,1,0,0
0.46,0.22,-0.035373,1,0,0
0.48,0.22,-0.011902,1,0,0
0.5,0.22,0.018358,1,0,0
0.52,0.22,0.0399,1,0,0
0.54,0.22,-0.0036703,1,0,0
0.56,0.22,0.020426,1,0,0
0.58,0.22,-0.0093596,1,0,0
0.6,0.22,-0.033264,1,0,0
0.62,0.22,-0.012128,1,0,0
0.64,0.22,-0.018271,1,0,0
0.66,0.22,0.00092144,1,0,0
0.68,0.22,0.015802,1,0,0
0.7,0.22,0.018111,1,0,0
0.72,0.22,0.030878,1,0,0
0.74,0.22,0.044608,1,0,0
0.76,0.22,0.036007,1,0,0
0.78,0.22,0.003489,1,0,0
0.8,0.22,0.024288,1,0,0
0.82,0.22,-0.0081558,1,0,0
0.84,0.22,-0.027004,1,0,0
0.86,0.22,0.0051595,1,0,0
0.88,0.22,-0.042641,1,0,0
0.9,0.22,-0.078752,1,0,0
0.92,0.22,-0.09259,1,0,0
0.94,0.22,-0.079524,1,0,0
0.96,0.22,-0.084225,1,0,0
0.98,0.22,-0.10199,1,0,0
0.02,0.24,-0.074252,1,0,0
0.04,0.24,-0.095395,1,0,0
0.06,0.24,-0.058983,1,0,0
0.08,0.24,-0.04574,1,0,0
0.1,0.24,-0.055298,1,0,0
0.12,0.24,-0.053025,1,0,0
0.14,0.24,-0.043877,1,0,0
0.16,0.24,-0.013001,1,0,0
0.18,0.24,-0.012029,1,0,0
0.2,0.24,0.011798,1,0,0
0.22,0.24,-0.0032272,1,0,0
0.24,0.24,-0.023745,1,0,0
0.26,0.24,-0.01813,1,0,0
0.28,0.24,-0.042752,1,0,0
0.3,0.24,-0.015744,1,0,0
0.32,0.24,-0.026493,1,0,0
0.34,0.24,-0.042348,1,0,0
0.36,0.24,-0.059031,1,0,0
0.38,0.24,-0.026617,1,0,0
0.4,0.24,-0.048475,1,0,0
0.42,0.24,-0.015162,1,0,0
0.44,0.24,-0.019737,1,0,0
0.46,0.24,-0.023505,1,0,0
0.48,0.24,-0.050008,1,0,0
0.5,0.24,-0.013336,1,0,0
0.52,0.24,-0.036702,1,0,0
0.54,0.24,-0.043414,1,0,0
0.56,0.24,-0.027686,1,0,0
0.58,0.24,-0.023529,1,0,0
0.6,0.24,-0.037684,1,0,0
0.62,0.24,-0.056827,1,0,0
0.64,0.24,-0.006938,1,0,0
0.66,0.24,-0.0057031,1,0,0
0.68,0.24,0.032893,1,0,0
0.7,0.24,0.0049364,1,0,0
0.72,0.24,0.013287,1,0,0
0.74,0.24,0.017502,1,0,0
0.76,0.24,0.019854,1,0,0
0.78,0.24,-0.013225,1,0,0
0.8,0.24,-0.026424,1,0,0
0.82,0.24,-0.014932,1,0,0
0.84,0.24,-0.040213,1,0,0
0.86,0.24,-0.035149,1,0,0
0.88,0.24,-0.064978,1,0,0
0.9,0.24,-0.10828,1,0,0
0.92,0.24,-0.093303,1,0,0
0.94,0.24,-0.094069,1,0,0
0.96,0.24,-0.083667,1,0,0
0.98,0.24,-0.10316,1,0,0
0.02,0.26,-0.049038,1,0,0
0.04,0.26,-0.074822,1,0,0
0.06,0.26,-0.053567,1,0,0
0.08,0.26,-0.036253,1,0,0
0.1,0.26,-0.036959,1,0,0
0.12,0.26,-0.031538,1,0,0
0.14,0.26,-0.0017823,1,0,0
0.16,0.26,-0.019842,1,0,0
0.18,0.26,-0.012684,1,0,0
0.2,0.26,0.0039517,1,0,0
0.22,0.26,0.0056416,1,0,0
0.24,0.26,-0.030069,1,0,0
0.26,0.26,-0.0059371,1,0,0
0.28,0.26,-0.015818,1,0,0
0.3,0.26,-0.020635,1,0,0
0.32,0.26,-0.017077,1,0,0
0.34,0.26,-0.031959,1,0,0
0.36,0.26,-0.029416,1,0,0
0.38,0.26,-0.009467,1,0,0
0.4,0.26,-0.0061962,1,0,0
0.42,0.26,-0.018228,1,0,0
0.44,0.26,-0.002622,1,0,0
0.46,0.26,-0.009062,1,0,0
0.48,0.26,-0.02355,1,0,0
0.5,0.26,-0.027936,1,0,0
0.52,0.26,-0.025021,1,0,0
0.54,0.26,-0.026886,1,0,0
0.56,0.26,-0.027845,1,0,0
0.58,0.26,-0.013724,1,0,0
0.6,0.26,-0.019627,1,0,0
0.62,0.26,0.0074106,1,0,0
0.64,0.26,-0.003425,1,0,0
0.66,0.26,0.033994,1,0,0
0.68,0.26,0.01854,1,0,0
0.7,0.26,0.0073268,1,0,0
0.72,0.26,0.01622,1,0,0
0.74,0.26,0.03772,1,0,0
0.76,0.26,0.017191,1,0,0
0.78,0.26,-0.015642,1,0,0
0.8,0.26,0.0058741,1,0,0
0.82,0.26,-0.017875,1,0,0
0.84,0.26,-0.016318,1,0,0
0.86,0.26,-0.015274,1,0,0
0.88,0.26,0.0024455,1,0,0
0.9,0.26,-0.072902,1,0,0
0.92,0.26,-0.052986,1,0,0
0.94,0.26,-0.062719,1,0,0
0.96,0.26,-0.065353,1,0,0
0.98,0.26,-0.10551,1,0,0
0.02,0.28,-0.017731,1,0,0
0.04,0.28,-0.02351,1,0,0
0.06,0.28,-0.061264,1,0,0
0.08,0.28,-0.04574,1,0,0
0.1,0.28,-0.029872,1,0,0
0.12,0.28,-0.0046816,1,0,0
0.14,0.28,0.0031613,1,0,0
0.16,0.28,-0.0011829,1,0,0
0.18,0.28,0.0055931,1,0,0
0.2,0.28,0.030701,1,0,0
0.22,0.28,-0.0036449,1,0,0
0.24,0.28,-0.004923,1,0,0
0.26,0.28,-0.024132,1,0,0
0.28,0.28,-0.01099,1,0,0
0.3,0.28,-0.031255,1,0,0
0.32,0.28,0.030496,1,0,0
0.34,0.28,-0.0045425,1,0,0
0.36,0.28,-0.010046,1,0,0
0.38,0.28,0.012342,1,0,0
0.4,0.28,-0.0085384,1,0,0
0.42,0.28,0.0055676,1,0,0
0.44,0.28,-0.010088,1,0,0
0.46,0.28,0.0056736,1,0,0
0.48,0.28,-0.025879,1,0,0
0.5,0.28,-0.032651,1,0,0
0.52,0.28,-0.023717,1,0,0
0.54,0.28,-0.021837,1,0,0
0.56,0.28,-0.0023278,1,0,0
0.58,0.28,-0.0057613,1,0,0
0.6,0.28,-0.014087,1,0,0
0.62,0.28,0.0066142,1,0,0
0.64,0.28,0.0085858,1,0,0
0.66,0.28,-0.0015494,1,0,0
0.68,0.28,0.0055063,1,0,0
0.7,0.28,0.028902,1,0,0
0.72,0.28,0.022503,1,0,0
0.74,0.28,-0.019006,1,0,0
0.76,0.28,0.0084735,1,0,0
0.78,0.28,-0.065625,1,0,0
0.8,0.28,-0.032109,1,0,0
0.82,0.28,-0.022567,1,0,0
0.84,0.28,-0.0053947,1,0,0
0.86,0.28,0.00184,1,0,0
0.88,0.28,-0.0091081,1,0,0
0.9,0.28,-0.025951,1,0,0
0.92,0.28,-0.021278,1,0,0
0.94,0.28,-0.017261,1,0,0
0.96,0.28,-0.037142,1,0,0
0.98,0.28,-0.078097,1,0,0
0.02,0.3,-0.015838,1,0,0
0.04,0.3,-0.019239,1,0,0
0.06,0.3,-0.032614,1,0,0
0.08,0.3,-0.0068539,1,0,0
0.1,0.3,0.018081,1,0,0
0.12,0.3,-0.0056847,1,0,0
0.14,0.3,-0.0088442,1,0,0
0.16,0.3,0.042736,1,0,0
0.18,0.3,0.0016095,1,0,0
0.2,0.3,0.019875,1,0,0
0.22,0.3,-0.013118,1,0,0
0.24,0.3,0.0074776,1,0,0
0.26,0.3,-0.0022989,1,0,0
0.28,0.3,0.0037102,1,0,0
0.3,0.3,-0.040493,1,0,0
0.32,0.3,-0.015505,1,0,0
0.34,0.3,-0.036882,1,0,0
0.36,0.3,-0.001399,1,0,0
0.38,0.3,0.010182,1,0,0
0.4,0.3,0.031918,1,0,0
0.42,0.3,0.019417,1,0,0
0.44,0.3,0.0035458,1,0,0
0.46,0.3,0.018612,1,0,0
0.48,0.3,0.023314,1,0,0
0.5,0.3,0.021738,1,0,0
0.52,0.3,-0.02895,1,0,0
0.54,0.3,-0.048541,1,0,0
0.56,0.3,-0.010264,1,0,0
0.58,0.3,-0.0030511,1,0,0
0.6,0.3,-0.013331,1,0,0
0.62,0.3,-0.023369,1,0,0
0.64,0.3,0.0044348,1,0,0
0.66,0.3,-0.0024588,1,0,0
0.68,0.3,0.044855,1,0,0
0.7,0.3,0.012093,1,0,0
0.72,0.3,0.0074912,1,0,0
0.74,0.3,-0.036251,1,0,0
0.76,0.3,-0.007423,1,0,0
0.78,0.3,-0.020733,1,0,0
0.8,0.3,-0.034394,1,0,0
0.82,0.3,-0.0092036,1,0,0
0.84,0.3,-0.0014576,1,0,0
0.86,0.3,-0.007848,1,0,0
0.88,0.3,-0.0013731,1,0,0
0.9,0.3,0.010515,1,0,0
0.92,0.3,-0.01433,1,0,0
0.94,0.3,-0.027641,1,0,0
0.96,0.3,-0.028123,1,0,0
0.98,0.3,-0.031601,1,0,0
0.02,0.32,-0.022026,1,0,0
0.04,0.32,-0.025268,1,0,0
0.06,0.32,0.0086248,1,0,0
0.08,0.32,0.009405,1,0,0
0.1,0.32,-0.0014354,1,0,0
0.12,0.32,0.0076074,1,0,0
0.14,0.32,0.02599,1,0,0
0.16,0.32,0.032811,1,0,0
0.18,0.32,0.0036523,1,0,0
0.2,0.32,-0.016095,1,0,0
0.22,0.32,-0.0024587,1,0,0
0.24,0.32,-0.019865,1,0,0
0.26,0.32,-0.006933,1,0,0
0.28,0.32,0.0035056,1,0,0
0.3,0.32,-0.028095,1,0,0
0.32,0.32,-0.022395,1,0,0
0.34,0.32,-0.017211,1,0,0
0.36,0.32,2.6433e-05,1,0,0
0.38,0.32,-0.035806,1,0,0
0.4,0.32,0.015877,1,0,0
0.42,0.32,-0.000663,1,0,0
0.44,0.32,0.034211,1,0,0
0.46,0.32,0.0042097,1,0,0
0.48,0.32,0.04675,1,0,0
0.5,0.32,-0.007674,1,0,0
0.52,0.32,-0.02087,1,0,0
0.54,0.32,-0.012437,1,0,0
0.56,0.32,-0.0084266,1,0,0
0.58,0.32,-0.01481,1,0,0
0.6,0.32,-0.0046698,1,0,0
0.62,0.32,-0.057892,1,0,0
0.64,0.32,-0.016449,1,0,0
0.66,0.32,0.0071557,1,0,0
0.68,0.32,0.0030094,1,0,0
0.7,0.32,0.007027,1,0,0
0.72,0.32,0.005288,1,0,0
0.74,0.32,-0.0075911,1,0,0
0.76,0.32,-0.003591,1,0,0
0.78,0.32,-0.00732,1,0,0
0.8,0.32,-0.020422,1,0,0
0.82,0.32,-0.011595,1,0,0
0.84,0.32,-0.018805,1,0,0
0.86,0.32,0.0002306,1,0,0
0.88,0.32,-0.029252,1,0,0
0.9,0.32,-0.039397,1,0,0
0.92,0.32,0.013192,1,0,0
0.94,0.32,-0.0027282,1,0,0
0.96,0.32,0.0056859,1,0,0
0.98,0.32,0.0047512,1,0,0
0.02,0.34,-0.016704,1,0,0
0.04,0.34,-0.0080357,1,0,0
0.06,0.34,-0.0086745,1,0,0
0.08,0.34,-0.018678,1,0,0
0.1,0.34,-0.0032487,1,0,0
0.12,0.34,0.0074893,1,0,0
0.14,0.34,0.02877,1,0,0
0.16,0.34,0.037703,1,0,0
0.18,0.34,-0.010327,1,0,0
0.2,0.34,-0.028251,1,0,0
0.22,0.34,-0.018773,1,0,0
0.24,0.34,-0.037198,1,0,0
0.26,0.34,-0.045321,1,0,0
0.28,0.34,0.0043601,1,0,0
0.3,0.34,0.0066936,1,0,0
0.32,0.34,-0.0099482,1,0,0
0.34,0.34,-0.013778,1,0,0
0.36,0.34,-0.019007,1,0,0
0.38,0.34,-0.022947,1,0,0
0.4,0.34,-0.035862,1,0,0
0.42,0.34,-0.025103,1,0,0
0.44,0.34,-0.013358,1,0,0
0.46,0.34,0.015604,1,0,0
0.48,0.34,-0.015643,1,0,0
0.5,0.34,-0.031652,1,0,0
0.52,0.34,0.006783,1,0,0
0.54,0.34,-0.057969,1,0,0
0.56,0.34,-0.024212,1,0,0
0.58,0.34,-0.036263,1,0,0
0.6,0.34,-0.0081067,1,0,0
0.62,0.34,-0.047881,1,0,0
0.64,0.34,-0.049615,1,0,0
0.66,0.34,-0.046684,1,0,0
0.68,0.34,-0.028194,1,0,0
0.7,0.34,-0.037042,1,0,0
0.72,0.34,0.021918,1,0,0
0.74,0.34,-0.0078357,1,0,0
0.76,0.34,-0.034581,1,0,0
0.78,0.34,-0.024488,1,0,0
0.8,0.34,-0.037405,1,0,0
0.82,0.34,-0.05758,1,0,0
0.84,0.34,-0.047093,1,0,0
0.86,0.34,-0.031305,1,0,0
0.88,0.34,-0.030492,1,0,0
0.9,0.34,0.0068507,1,0,0
0.92,0.34,-0.034008,1,0,0
0.94,0.34,-0.0095451,1,0,0
0.96,0.34,-0.0032783,1,0,0
0.98,0.34,-0.019722,1,0,0
0.02,0.36,0.0023763,1,0,0
0.04,0.36,-0.00030412,1,0,0
0.06,0.36,0.02122,1,0,0
0.08,0.36,0.013749,1,0,0
0.1,0.36,-0.0061906,1,0,0
0.12,0.36,0.0061893,1,0,0
0.14,0.36,0.025273,1,0,0
0.16,0.36,-0.0095268,1,0,0
0.18,0.36,-0.029032,1,0,0
0.2,0.36,-0.053405,1,0,0
0.22,0.36,-0.027783,1,0,0
0.24,0.36,-0.065856,1,0,0
0.26,0.36,-0.038414,1,0,0
0.28,0.36,-0.005356,1,0,0
0.3,0.36,0.0013041,1,0,0
0.32,0.36,-0.0026132,1,0,0
0.34,0.36,0.01557,1,0,0
0.36,0.36,-0.041467,1,0,0
0.38,0.36,-0.080935,1,0,0
0.4,0.36,-0.041525,1,0,0
0.42,0.36,-0.017431,1,0,0
0.44,0.36,-0.010987,1,0,0
0.46,0.36,-0.0073749,1,0,0
0.48,0.36,-0.014491,1,0,0
0.5,0.36,-0.049529,1,0,0
0.52,0.36,-0.032436,1,0,0
0.54,0.36,-0.039661,1,0,0
0.56,0.36,-0.046508,1,0,0
0.58,0.36,-0.033846,1,0,0
0.6,0.36,-0.012863,1,0,0
0.62,0.36,-0.035923,1,0,0
0.64,0.36,-0.039227,1,0,0
0.66,0.36,-0.038936,1,0,0
0.68,0.36,-0.035871,1,0,0
0.7,0.36,-0.016739,1,0,0
0.72,0.36,0.00832,1,0,0
0.74,0.36,0.013108,1,0,0
0.76,0.36,-0.0045013,1,0,0
0.78,0.36,-0.042156,1,0,0
0.8,0.36,-0.021285,1,0,0
0.82,0.36,-0.050742,1,0,0
0.84,0.36,-0.037827,1,0,0
0.86,0.36,-0.017422,1,0,0
0.88,0.36,-0.01408,1,0,0
0.9,0.36,-0.026779,1,0,0
0.92,0.36,-0.017202,1,0,0
0.94,0.36,-0.010733,1,0,0
0.96,0.36,0.0062214,1,0,0
0.98,0.36,-0.0041672,1,0,0
0.02,0.38,-0.023783,1,0,0
0.04,0.38,0.0074009,1,0,0
0.06,0.38,0.060903,1,0,0
0.08,0.38,0.018589,1,0,0
0.1,0.38,0.056931,1,0,0
0.12,0.38,0.025968,1,0,0
0.14,0.38,0.0087982,1,0,0
0.16,0.38,0.018053,1,0,0
0.18,0.38,0.0091945,1,0,0
0.2,0.38,-0.048005,1,0,0
0.22,0.38,-0.044447,1,0,0
0.24,0.38,-0.04551,1,0,0
0.26,0.38,-0.016616,1,0,0
0.28,0.38,-0.020013,1,0,0
0.3,0.38,0.0094965,1,0,0
0.32,0.38,0.0088082,1,0,0
0.34,0.38,-0.0024258,1,0,0
0.36,0.38,-0.026394,1,0,0
0.38,0.38,-0.052841,1,0,0
0.4,0.38,-0.0093076,1,0,0
0.42,0.38,-0.027251,1,0,0
0.44,0.38,-0.013897,1,0,0
0.46,0.38,-0.022251,1,0,0
0.48,0.38,-0.042329,1,0,0
0.5,0.38,-0.018257,1,0,0
0.52,0.38,-0.03205,1,0,0
0.54,0.38,-0.040406,1,0,0
0.56,0.38,-0.034757,1,0,0
0.58,0.38,-0.012343,1,0,0
0.6,0.38,-0.02621,1,0,0
0.62,0.38,-0.044713,1,0,0
0.64,0.38,-0.045722,1,0,0
0.66,0.38,-0.045116,1,0,0
0.68,0.38,-0.0089801,1,0,0
0.7,0.38,-0.025649,1,0,0
0.72,0.38,0.0068711,1,0,0
0.74,0.38,0.020598,1,0,0
0.76,0.38,0.0049425,1,0,0
0.78,0.38,0.031998,1,0,0
0.8,0.38,-0.017048,1,0,0
0.82,0.38,-0.046615,1,0,0
0.84,0.38,-0.022501,1,0,0
0.86,0.38,-0.03838,1,0,0
0.88,0.38,-0.029762,1,0,0
0.9,0.38,-0.037659,1,0,0
0.92,0.38,-0.02639,1,0,0
0.94,0.38,-0.032335,1,0,0
0.96,0.38,0.033178,1,0,0
0.98,0.38,0.030373,1,0,0
0.02,0.4,0.0015102,1,0,0
0.04,0.4,-0.0014375,1,0,0
0.06,0.4,0.040544,1,0,0
0.08,0.4,0.024473,1,0,0
0.1,0.4,0.010186,1,0,0
0.12,0.4,0.018277,1,0,0
0.14,0.4,-0.0016934,1,0,0
0.16,0.4,0.007417,1,0,0
0.18,0.4,-0.0016281,1,0,0
0.2,0.4,-0.034585,1,0,0
0.22,0.4,-0.038924,1,0,0
0.24,0.4,-0.010996,1,0,0
0.26,0.4,-0.038804,1,0,0
0.28,0.4,-0.02653,1,0,0
0.3,0.4,-0.030414,1,0,0
0.32,0.4,0.0016718,1,0,0
0.34,0.4,-0.010232,1,0,0
0.36,0.4,-0.05666,1,0,0
0.38,0.4,-0.068136,1,0,0
0.4,0.4,-0.06754,1,0,0
0.42,0.4,-0.033696,1,0,0
0.44,0.4,-0.035253,1,0,0
0.46,0.4,-0.0072863,1,0,0
0.48,0.4,-0.043953,1,0,0
0.5,0.4,-0.020384,1,0,0
0.52,0.4,-0.0073478,1,0,0
0.54,0.4,-0.00028217,1,0,0
0.56,0.4,-0.018454,1,0,0
0.58,0.4,-0.053073,1,0,0
0.6,0.4,-0.044457,1,0,0
0.62,0.4,-0.073157,1,0,0
0.64,0.4,-0.054509,1,0,0
0.66,0.4,-0.064472,1,0,0
0.68,0.4,-0.0076977,1,0,0
0.7,0.4,-0.008973,1,0,0
0.72,0.4,0.013208,1,0,0
0.74,0.4,0.016045,1,0,0
0.76,0.4,0.015516,1,0,0
0.78,0.4,-0.029314,1,0,0
0.8,0.4,-0.026068,1,0,0
0.82,0.4,-0.017635,1,0,0
0.84,0.4,-0.023836,1,0,0
0.86,0.4,0.0051202,1,0,0
0.88,0.4,-0.029704,1,0,0
0.9,0.4,-0.01778,1,0,0
0.92,0.4,-0.033432,1,0,0
0.94,0.4,-0.026193,1,0,0
0.96,0.4,0.023975,1,0,0
0.98,0.4,0.018211,1,0,0
0.02,0.42,0.0043767,1,0,0
0.04,0.42,0.022198,1,0,0
0.06,0.42,0.028868,1,0,0
0.08,0.42,0.035048,1,0,0
0.1,0.42,0.0086458,1,0,0
0.12,0.42,0.0032208,1,0,0
0.14,0.42,0.032999,1,0,0
0.16,0.42,0.0082382,1,0,0
0.18,0.42,-0.016615,1,0,0
0.2,0.42,-0.003458,1,0,0
0.22,0.42,0.012817,1,0,0
0.24,0.42,-0.027341,1,0,0
0.26,0.42,-0.055992,1,0,0
0.28,0.42,-0.043458,1,0,0
0.3,0.42,-0.050722,1,0,0
0.32,0.42,-0.029996,1,0,0
0.34,0.42,-0.046918,1,0,0
0.36,0.42,-0.050583,1,0,0
0.38,0.42,-0.064832,1,0,0
0.4,0.42,-0.042523,1,0,0
0.42,0.42,-0.028285,1,0,0
0.44,0.42,0.0073495,1,0,0
0.46,0.42,-0.0071492,1,0,0
0.48,0.42,-0.012549,1,0,0
0.5,0.42,0.0060764,1,0,0
0.52,0.42,0.044247,1,0,0
0.54,0.42,-0.023233,1,0,0
0.56,0.42,-0.013876,1,0,0
0.58,0.42,-0.047911,1,0,0
0.6,0.42,-0.050929,1,0,0
0.62,0.42,-0.024016,1,0,0
0.64,0.42,-0.066801,1,0,0
0.66,0.42,-0.073042,1,0,0
0.68,0.42,-0.015026,1,0,0
0.7,0.42,0.020938,1,0,0
0.72,0.42,0.023934,1,0,0
0.74,0.42,0.01882,1,0,0
0.76,0.42,-0.0056932,1,0,0
0.78,0.42,-0.013095,1,0,0
0.8,0.42,0.013454,1,0,0
0.82,0.42,-0.00033082,1,0,0
0.84,0.42,0.010875,1,0,0
0.86,0.42,0.013849,1,0,0
0.88,0.42,0.0031756,1,0,0
0.9,0.42,0.0052737,1,0,0
0.92,0.42,-0.033725,1,0,0
0.94,0.42,-0.0097518,1,0,0
0.96,0.42,-0.007368,1,0,0
0.98,0.42,0.019207,1,0,0
0.02,0.44,0.024719,1,0,0
0.04,0.44,0.030627,1,0,0
0.06,0.44,0.071408,1,0,0
0.08,0.44,0.064019,1,0,0
0.1,0.44,0.010219,1,0,0
0.12,0.44,0.011902,1,0,0
0.14,0.44,0.041945,1,0,0
0.16,0.44,0.038296,1,0,0
0.18,0.44,0.002803,1,0,0
0.2,0.44,0.011049,1,0,0
0.22,0.44,-0.016171,1,0,0
0.24,0.44,-0.0078445,1,0,0
0.26,0.44,-0.022155,1,0,0
0.28,0.44,-0.044965,1,0,0
0.3,0.44,-0.039129,1,0,0
0.32,0.44,-0.027092,1,0,0
0.34,0.44,-0.038719,1,0,0
0.36,0.44,-0.023075,1,0,0
0.38,0.44,-0.03711,1,0,0
0.4,0.44,-0.028271,1,0,0
0.42,0.44,-0.015638,1,0,0
0.44,0.44,0.041036,1,0,0
0.46,0.44,0.0059264,1,0,0
0.48,0.44,0.018343,1,0,0
0.5,0.44,0.033744,1,0,0
0.52,0.44,0.028621,1,0,0
0.54,0.44,-0.014022,1,0,0
0.56,0.44,-0.0052493,1,0,0
0.58,0.44,0.0016209,1,0,0
0.6,0.44,-0.026529,1,0,0
0.62,0.44,-0.054782,1,0,0
0.64,0.44,-0.034265,1,0,0
0.66,0.44,-0.044549,1,0,0
0.68,0.44,0.0045011,1,0,0
0.7,0.44,0.018231,1,0,0
0.72,0.44,0.00059573,1,0,0
0.74,0.44,0.0089698,1,0,0
0.76,0.44,-0.024733,1,0,0
0.78,0.44,-0.0044445,1,0,0
0.8,0.44,0.018485,1,0,0
0.82,0.44,0.018352,1,0,0
0.84,0.44,-0.0036602,1,0,0
0.86,0.44,0.036943,1,0,0
0.88,0.44,0.032994,1,0,0
0.9,0.44,0.008313,1,0,0
0.92,0.44,0.0085086,1,0,0
0.94,0.44,0.015449,1,0,0
0.96,0.44,-0.0018237,1,0,0
0.98,0.44,0.028891,1,0,0
0.02,0.46,0.015043,1,0,0
0.04,0.46,0.026706,1,0,0
0.06,0.46,0.0512,1,0,0
0.08,0.46,0.041954,1,0,0
0.1,0.46,-0.025159,1,0,0
0.12,0.46,0.014833,1,0,0
0.14,0.46,0.023645,1,0,0
0.16,0.46,0.024544,1,0,0
0.18,0.46,-0.0088529,1,0,0
0.2,0.46,-0.0018054,1,0,0
0.22,0.46,-0.045569,1,0,0
0.24,0.46,-0.042533,1,0,0
0.26,0.46,-0.013764,1,0,0
0.28,0.46,-0.02476,1,0,0
0.3,0.46,-0.056206,1,0,0
0.32,0.46,-0.024957,1,0,0
0.34,0.46,-0.011274,1,0,0
0.36,0.46,-0.036217,1,0,0
0.38,0.46,-0.032473,1,0,0
0.4,0.46,-0.028075,1,0,0
0.42,0.46,-0.010275,1,0,0
0.44,0.46,-0.0029805,1,0,0
0.46,0.46,0.010222,1,0,0
0.48,0.46,0.045697,1,0,0
0.5,0.46,0.066465,1,0,0
0.52,0.46,0.022141,1,0,0
0.54,0.46,0.036092,1,0,0
0.56,0.46,0.028684,1,0,0
0.58,0.46,0.0077687,1,0,0
0.6,0.46,-0.0068628,1,0,0
0.62,0.46,-0.035973,1,0,0
0.64,0.46,-0.051636,1,0,0
0.66,0.46,-0.042532,1,0,0
0.68,0.46,0.012479,1,0,0
0.7,0.46,-0.00012076,1,0,0
0.72,0.46,0.00085911,1,0,0
0.74,0.46,0.0030193,1,0,0
0.76,0.46,-0.0077573,1,0,0
0.78,0.46,-0.0066543,1,0,0
0.8,0.46,0.029584,1,0,0
0.82,0.46,0.014539,1,0,0
0.84,0.46,0.0082668,1,0,0
0.86,0.46,0.061995,1,0,0
0.88,0.46,0.072405,1,0,0
0.9,0.46,0.034914,1,0,0
0.92,0.46,0.046632,1,0,0
0.94,0.46,0.046141,1,0,0
0.96,0.46,-0.012221,1,0,0
0.98,0.46,-0.007475,1,0,0
0.02,0.48,0.0020707,1,0,0
0.04,0.48,0.035959,1,0,0
0.06,0.48,0.012596,1,0,0
0.08,0.48,0.011083,1,0,0
0.1,0.48,-0.0037576,1,0,0
0.12,0.48,-0.0085047,1,0,0
0.14,0.48,0.0066906,1,0,0
0.16,0.48,-0.017256,1,0,0
0.18,0.48,-0.021535,1,0,0
0.2,0.48,-0.050612,1,0,0
0.22,0.48,-0.058959,1,0,0
0.24,0.48,-0.032638,1,0,0
0.26,0.48,-0.029544,1,0,0
0.28,0.48,-0.036116,1,0,0
0.3,0.48,-0.027894,1,0,0
0.32,0.48,0.0014074,1,0,0
0.34,0.48,-0.026718,1,0,0
0.36,0.48,-0.025833,1,0,0
0.38,0.48,-0.021848,1,0,0
0.4,0.48,-0.050286,1,0,0
0.42,0.48,-0.014392,1,0,0
0.44,0.48,-0.0022784,1,0,0
0.46,0.48,0.018947,1,0,0
0.48,0.48,0.028131,1,0,0
0.5,0.48,0.06159,1,0,0
0.52,0.48,0.044277,1,0,0
0.54,0.48,0.015529,1,0,0
0.56,0.48,0.0074231,1,0,0
0.58,0.48,0.00044065,1,0,0
0.6,0.48,-0.051394,1,0,0
0.62,0.48,-0.035078,1,0,0
0.64,0.48,-0.06877,1,0,0
0.66,0.48,-0.051463,1,0,0
0.68,0.48,-0.032877,1,0,0
0.7,0.48,0.013123,1,0,0
0.72,0.48,0.00096789,1,0,0
0.74,0.48,-0.0062506,1,0,0
0.76,0.48,-0.011525,1,0,0
0.78,0.48,-0.027974,1,0,0
0.8,0.48,0.0062808,1,0,0
0.82,0.48,-0.0083942,1,0,0
0.84,0.48,0.0050558,1,0,0
0.86,0.48,0.011759,1,0,0
0.88,0.48,0.038701,1,0,0
0.9,0.48,0.017607,1,0,0
0.92,0.48,0.018591,1,0,0
0.94,0.48,0.0061399,1,0,0
0.96,0.48,0.00078697,1,0,0
0.98,0.48,-0.01166,1,0,0
0.02,0.5,-0.025425,1,0,0
0.04,0.5,-0.026382,1,0,0
0.06,0.5,-0.024782,1,0,0
0.08,0.5,-0.038671,1,0,0
0.1,0.5,0.0037574,1,0,0
0.12,0.5,-0.030381,1,0,0
0.14,0.5,-0.036976,1,0,0
0.16,0.5,-0.054544,1,0,0
0.18,0.5,-0.053414,1,0,0
0.2,0.5,-0.039026,1,0,0
0.22,0.5,-0.049653,1,0,0
0.24,0.5,-0.037677,1,0,0
0.26,0.5,-0.058003,1,0,0
0.28,0.5,-0.064681,1,0,0
0.3,0.5,-0.054594,1,0,0
0.32,0.5,-0.02709,1,0,0
0.34,0.5,-0.033242,1,0,0
0.36,0.5,-0.050054,1,0,0
0.38,0.5,-0.00024096,1,0,0
0.4,0.5,-0.018793,1,0,0
0.42,0.5,0.0036221,1,0,0
0.44,0.5,-0.015619,1,0,0
0.46,0.5,0.013522,1,0,0
0.48,0.5,0.0066212,1,0,0
0.5,0.5,0.033911,1,0,0
0.52,0.5,0.017534,1,0,0
0.54,0.5,0.036775,1,0,0
0.56,0.5,-0.027119,1,0,0
0.58,0.5,-0.047998,1,0,0
0.6,0.5,-0.040156,1,0,0
0.62,0.5,-0.054752,1,0,0
0.64,0.5,-0.071704,1,0,0
0.66,0.5,-0.078486,1,0,0
0.68,0.5,-0.036231,1,0,0
0.7,0.5,-0.029499,1,0,0
0.72,0.5,-0.02692,1,0,0
0.74,0.5,-0.006053,1,0,0
0.76,0.5,-0.0057753,1,0,0
0.78,0.5,-0.010387,1,0,0
0.8,0.5,0.014158,1,0,0
0.82,0.5,0.018196,1,0,0
0.84,0.5,-0.018817,1,0,0
0.86,0.5,-0.029028,1,0,0
0.88,0.5,-0.029979,1,0,0
0.9,0.5,-0.037552,1,0,0
0.92,0.5,-0.025062,1,0,0
0.94,0.5,-0.021305,1,0,0
0.96,0.5,-0.0016943,1,0,0
0.98,0.5,-0.00095185,1,0,0
0.02,0.52,-0.075743,1,0,0
0.04,0.52,-0.040951,1,0,0
0.06,0.52,-0.024613,1,0,0
0.08,0.52,-0.009503,1,0,0
0.1,0.52,-0.004713,1,0,0
0.12,0.52,-0.045823,1,0,0
0.14,0.52,-0.063202,1,0,0
0.16,0.52,-0.069941,1,0,0
0.18,0.52,-0.061871,1,0,0
0.2,0.52,-0.074379,1,0,0
0.22,0.52,-0.054938,1,0,0
0.24,0.52,-0.033609,1,0,0
0.26,0.52,-0.017857,1,0,0
0.28,0.52,-0.03153,1,0,0
0.3,0.52,-0.0016798,1,0,0
0.32,0.52,-0.022219,1,0,0
0.34,0.52,-0.024645,1,0,0
0.36,0.52,-0.0048636,1,0,0
0.38,0.52,0.004554,1,0,0
0.4,0.52,-0.0046602,1,0,0
0.42,0.52,-0.0093792,1,0,0
0.44,0.52,-0.016321,1,0,0
0.46,0.52,-0.0024284,1,0,0
0.48,0.52,0.020578,1,0,0
0.5,0.52,0.042227,1,0,0
0.52,0.52,0.032003,1,0,0
0.54,0.52,0.030809,1,0,0
0.56,0.52,-0.0095252,1,0,0
0.58,0.52,-0.025062,1,0,0
0.6,0.52,-0.056405,1,0,0
0.62,0.52,-0.074975,1,0,0
0.64,0.52,-0.046449,1,0,0
0.66,0.52,-0.011229,1,0,0
0.68,0.52,0.016963,1,0,0
0.7,0.52,-0.032905,1,0,0
0.72,0.52,-0.011042,1,0,0
0.74,0.52,-0.00030539,1,0,0
0.76,0.52,-0.0032538,1,0,0
0.78,0.52,0.011312,1,0,0
0.8,0.52,0.0016824,1,0,0
0.82,0.52,-0.013424,1,0,0
0.84,0.52,-0.0096965,1,0,0
0.86,0.52,-0.010049,1,0,0
0.88,0.52,-0.011239,1,0,0
0.9,0.52,-0.022294,1,0,0
0.92,0.52,-0.019031,1,0,0
0.94,0.52,0.01014,1,0,0
0.96,0.52,0.0096147,1,0,0
0.98,0.52,0.002629,1,0,0
0.02,0.54,-0.044425,1,0,0
0.04,0.54,-0.039491,1,0,0
0.06,0.54,-0.017666,1,0,0
0.08,0.54,0.00073589,1,0,0
0.1,0.54,-0.0080108,1,0,0
0.12,0.54,-0.013789,1,0,0
0.14,0.54,-0.043429,1,0,0
0.16,0.54,-0.078996,1,0,0
0.18,0.54,-0.048816,1,0,0
0.2,0.54,-0.082654,1,0,0
0.22,0.54,-0.035707,1,0,0
0.24,0.54,-0.041117,1,0,0
0.26,0.54,-0.035486,1,0,0
0.28,0.54,0.010343,1,0,0
0.3,0.54,0.0014827,1,0,0
0.32,0.54,0.015025,1,0,0
0.34,0.54,0.023059,1,0,0
0.36,0.54,0.022172,1,0,0
0.38,0.54,0.014522,1,0,0
0.4,0.54,0.013534,1,0,0
0.42,0.54,0.01287,1,0,0
0.44,0.54,0.012765,1,0,0
0.46,0.54,-0.03358,1,0,0
0.48,0.54,0.020454,1,0,0
0.5,0.54,0.017756,1,0,0
0.52,0.54,0.026431,1,0,0
0.54,0.54,-0.0016656,1,0,0
0.56,0.54,0.017542,1,0,0
0.58,0.54,-0.016507,1,0,0
0.6,0.54,-0.035741,1,0,0
0.62,0.54,-0.060931,1,0,0
0.64,0.54,-0.018091,1,0,0
0.66,0.54,0.0072068,1,0,0
0.68,0.54,-0.035283,1,0,0
0.7,0.54,-0.023748,1,0,0
0.72,0.54,-0.0065214,1,0,0
0.74,0.54,-0.0024293,1,0,0
0.76,0.54,0.00069447,1,0,0
0.78,0.54,0.0015682,1,0,0
0.8,0.54,-0.011849,1,0,0
0.82,0.54,-0.025498,1,0,0
0.84,0.54,-0.030044,1,0,0
0.86,0.54,0.012106,1,0,0
0.88,0.54,-0.045926,1,0,0
0.9,0.54,-0.03111,1,0,0
0.92,0.54,-0.0013422,1,0,0
0.94,0.54,0.033758,1,0,0
0.96,0.54,0.026411,1,0,0
0.98,0.54,-0.0039831,1,0,0
0.02,0.56,-0.015196,1,0,0
0.04,0.56,-0.018345,1,0,0
0.06,0.56,-0.019024,1,0,0
0.08,0.56,-0.013057,1,0,0
0.1,0.56,0.0086876,1,0,0
0.12,0.56,-0.0024791,1,0,0
0.14,0.56,-0.025334,1,0,0
0.16,0.56,-0.06556,1,0,0
0.18,0.56,-0.087567,1,0,0
0.2,0.56,-0.043661,1,0,0
0.22,0.56,-0.050414,1,0,0
0.24,0.56,-0.04277,1,0,0
0.26,0.56,-0.049607,1,0,0
0.28,0.56,0.011322,1,0,0
0.3,0.56,-0.0037562,1,0,0
0.32,0.56,0.0060409,1,0,0
0.34,0.56,0.027678,1,0,0
0.36,0.56,0.0092654,1,0,0
0.38,0.56,0.0082239,1,0,0
0.4,0.56,0.045007,1,0,0
0.42,0.56,0.039926,1,0,0
0.44,0.56,0.019697,1,0,0
0.46,0.56,0.022456,1,0,0
0.48,0.56,0.02858,1,0,0
0.5,0.56,-0.0082274,1,0,0
0.52,0.56,0.025871,1,0,0
0.54,0.56,-0.026764,1,0,0
0.56,0.56,0.0015215,1,0,0
0.58,0.56,-0.028037,1,0,0
0.6,0.56,-0.0010453,1,0,0
0.62,0.56,0.0055052,1,0,0
0.64,0.56,0.0084199,1,0,0
0.66,0.56,-0.0078918,1,0,0
0.68,0.56,-0.0012457,1,0,0
0.7,0.56,-0.032358,1,0,0
0.72,0.56,-0.0012551,1,0,0
0.74,0.56,0.012834,1,0,0
0.76,0.56,-0.015624,1,0,0
0.78,0.56,0.00856,1,0,0
0.8,0.56,0.0013066,1,0,0
0.82,0.56,-0.017583,1,0,0
0.84,0.56,-0.014184,1,0,0
0.86,0.56,0.0017,1,0,0
0.88,0.56,-0.020774,1,0,0
0.9,0.56,0.0044681,1,0,0
0.92,0.56,0.00057448,1,0,0
0.94,0.56,0.054033,1,0,0
0.96,0.56,0.013668,1,0,0
0.98,0.56,-0.0045654,1,0,0
0.02,0.58,-0.0045113,1,0,0
0.04,0.58,-0.023284,1,0,0
0.06,0.58,-0.033216,1,0,0
0.08,0.58,-0.028818,1,0,0
0.1,0.58,-0.017864,1,0,0
0.12,0.58,-0.018644,1,0,0
0.14,0.58,-0.037293,1,0,0
0.16,0.58,-0.035702,1,0,0
0.18,0.58,-0.052193,1,0,0
0.2,0.58,-0.059811,1,0,0
0.22,0.58,-0.050193,1,0,0
0.24,0.58,-0.027536,1,0,0
0.26,0.58,-0.048247,1,0,0
0.28,0.58,-0.0093075,1,0,0
0.3,0.58,0.0011046,1,0,0
0.32,0.58,-0.0050291,1,0,0
0.34,0.58,-0.0064895,1,0,0
0.36,0.58,0.0027336,1,0,0
0.38,0.58,0.0099983,1,0,0
0.4,0.58,0.02142,1,0,0
0.42,0.58,-0.0070197,1,0,0
0.44,0.58,0.037078,1,0,0
0.46,0.58,0.014724,1,0,0
0.48,0.58,0.011706,1,0,0
0.5,0.58,-0.015856,1,0,0
0.52,0.58,-0.014552,1,0,0
0.54,0.58,-0.020391,1,0,0
0.56,0.58,-0.02848,1,0,0
0.58,0.58,-0.013035,1,0,0
0.6,0.58,-0.015384,1,0,0
0.62,0.58,-0.034723,1,0,0
0.64,0.58,-0.0042759,1,0,0
0.66,0.58,-0.012876,1,0,0
0.68,0.58,-0.0079443,1,0,0
0.7,0.58,-0.023729,1,0,0
0.72,0.58,-0.03467,1,0,0
0.74,0.58,-0.031765,1,0,0
0.76,0.58,-0.017746,1,0,0
0.78,0.58,-0.028626,1,0,0
0.8,0.58,-0.024006,1,0,0
0.82,0.58,-0.040107,1,0,0
0.84,0.58,-0.019466,1,0,0
0.86,0.58,-0.028689,1,0,0
0.88,0.58,-0.027304,1,0,0
0.9,0.58,0.0053463,1,0,0
0.92,0.58,0.021958,1,0,0
0.94,0.58,0.0085157,1,0,0
0.96,0.58,0.0042387,1,0,0
0.98,0.58,-0.0025053,1,0,0
0.02,0.6,-0.0044938,1,0,0
0.04,0.6,-0.036007,1,0,0
0.06,0.6,-0.023681,1,0,0
0.08,0.6,-0.015603,1,0,0
0.1,0.6,-0.0047783,1,0,0
0.12,0.6,-0.023252,1,0,0
0.14,0.6,0.0075596,1,0,0
0.16,0.6,-0.0044439,1,0,0
0.18,0.6,-0.013216,1,0,0
0.2,0.6,-0.053561,1,0,0
0.22,0.6,-0.024618,1,0,0
0.24,0.6,-0.012369,1,0,0
0.26,0.6,-0.01633,1,0,0
0.28,0.6,0.018247,1,0,0
0.3,0.6,-0.025071,1,0,0
0.32,0.6,-0.016389,1,0,0
0.34,0.6,-0.0062448,1,0,0
0.36,0.6,0.013378,1,0,0
0.38,0.6,0.02297,1,0,0
0.4,0.6,0.032128,1,0,0
0.42,0.6,-0.0027687,1,0,0
0.44,0.6,0.0034718,1,0,0
0.46,0.6,0.035605,1,0,0
0.48,0.6,0.018003,1,0,0
0.5,0.6,0.010077,1,0,0
0.52,0.6,-0.0090794,1,0,0
0.54,0.6,-0.025359,1,0,0
0.56,0.6,-0.0032246,1,0,0
0.58,0.6,-0.010249,1,0,0
0.6,0.6,-0.015653,1,0,0
0.62,0.6,-0.02178,1,0,0
0.64,0.6,-0.021218,1,0,0
0.66,0.6,-0.009267,1,0,0
0.68,0.6,0.035994,1,0,0
0.7,0.6,-0.024795,1,0,0
0.72,0.6,-0.036742,1,0,0
0.74,0.6,-0.026496,1,0,0
0.76,0.6,-0.012323,1,0,0
0.78,0.6,-0.013138,1,0,0
0.8,0.6,-0.035843,1,0,0
0.82,0.6,-0.026858,1,0,0
0.84,0.6,-0.0052448,1,0,0
0.86,0.6,-0.007818,1,0,0
0.88,0.6,-0.017257,1,0,0
0.9,0.6,0.033664,1,0,0
0.92,0.6,0.019795,1,0,0
0.94,0.6,0.0021362,1,0,0
0.96,0.6,0.0037241,1,0,0
0.98,0.6,-0.03634,1,0,0
0.02,0.62,0.0092453,1,0,0
0.04,0.62,0.0032935,1,0,0
0.06,0.62,-0.0037722,1,0,0
0.08,0.62,0.0045066,1,0,0
0.1,0.62,-0.020308,1,0,0
0.12,0.62,-0.022869,1,0,0
0.14,0.62,0.0014568,1,0,0
0.16,0.62,-0.021223,1,0,0
0.18,0.62,-0.00546,1,0,0
0.2,0.62,-0.036378,1,0,0
0.22,0.62,-0.004265,1,0,0
0.24,0.62,0.0015803,1,0,0
0.26,0.62,-0.005079,1,0,0
0.28,0.62,-0.0064534,1,0,0
0.3,0.62,-0.02729,1,0,0
0.32,0.62,-0.0061803,1,0,0
0.34,0.62,0.012285,1,0,0
0.36,0.62,0.0015097,1,0,0
0.38,0.62,0.037591,1,0,0
0.4,0.62,0.020242,1,0,0
0.42,0.62,0.021959,1,0,0
0.44,0.62,0.023841,1,0,0
0.46,0.62,0.014038,1,0,0
0.48,0.62,-0.02269,1,0,0
0.5,0.62,-0.0084437,1,0,0
0.52,0.62,-0.023826,1,0,0
0.54,0.62,-0.057072,1,0,0
0.56,0.62,-0.02453,1,0,0
0.58,0.62,0.0077798,1,0,0
0.6,0.62,-0.0066418,1,0,0
0.62,0.62,-0.021971,1,0,0
0.64,0.62,0.015115,1,0,0
0.66,0.62,0.0021439,1,0,0
0.68,0.62,0.020062,1,0,0
0.7,0.62,0.015649,1,0,0
0.72,0.62,-0.012753,1,0,0
0.74,0.62,-0.034229,1,0,0
0.76,0.62,-0.018741,1,0,0
0.78,0.62,-0.050009,1,0,0
0.8,0.62,-0.012587,1,0,0
0.82,0.62,-0.0032408,1,0,0
0.84,0.62,-0.0097842,1,0,0
0.86,0.62,-0.011631,1,0,0
0.88,0.62,-0.018557,1,0,0
0.9,0.62,-0.010593,1,0,0
0.92,0.62,-0.0071669,1,0,0
0.94,0.62,0.0033329,1,0,0
0.96,0.62,0.0112,1,0,0
0.98,0.62,-0.01698,1,0,0
0.02,0.64,-0.0015622,1,0,0
0.04,0.64,0.018027,1,0,0
0.06,0.64,0.017563,1,0,0
0.08,0.64,-0.0098616,1,0,0
0.1,0.64,-0.0098827,1,0,0
0.12,0.64,-0.00061544,1,0,0
0.14,0.64,0.011204,1,0,0
0.16,0.64,-0.033077,1,0,0
0.18,0.64,-0.040087,1,0,0
0.2,0.64,0.010839,1,0,0
0.22,0.64,0.015618,1,0,0
0.24,0.64,-0.006905,1,0,0
0.26,0.64,0.023099,1,0,0
0.28,0.64,0.014405,1,0,0
0.3,0.64,0.0069565,1,0,0
0.32,0.64,0.005862,1,0,0
0.34,0.64,0.040071,1,0,0
0.36,0.64,0.0047349,1,0,0
0.38,0.64,0.017911,1,0,0
0.4,0.64,0.015721,1,0,0
0.42,0.64,-0.0055652,1,0,0
0.44,0.64,0.00037025,1,0,0
0.46,0.64,-0.022852,1,0,0
0.48,0.64,-0.040546,1,0,0
0.5,0.64,-0.014106,1,0,0
0.52,0.64,-0.006417,1,0,0
0.54,0.64,-0.043352,1,0,0
0.56,0.64,-0.035488,1,0,0
0.58,0.64,-0.023575,1,0,0
0.6,0.64,-0.027364,1,0,0
0.62,0.64,-0.0068275,1,0,0
0.64,0.64,0.01765,1,0,0
0.66,0.64,-0.012439,1,0,0
0.68,0.64,0.0096041,1,0,0
0.7,0.64,0.0076834,1,0,0
0.72,0.64,-0.0033892,1,0,0
0.74,0.64,-0.03826,1,0,0
0.76,0.64,-0.083527,1,0,0
0.78,0.64,-0.05597,1,0,0
0.8,0.64,-0.021504,1,0,0
0.82,0.64,-0.049157,1,0,0
0.84,0.64,-0.015502,1,0,0
0.86,0.64,-0.0099368,1,0,0
0.88,0.64,0.021229,1,0,0
0.9,0.64,-0.017936,1,0,0
0.92,0.64,-0.0086668,1,0,0
0.94,0.64,0.0032962,1,0,0
0.96,0.64,-0.035582,1,0,0
0.98,0.64,-0.061375,1,0,0
0.02,0.66,-0.0035136,1,0,0
0.04,0.66,-0.018443,1,0,0
0.06,0.66,-0.004774,1,0,0
0.08,0.66,0.0014728,1,0,0
0.1,0.66,-0.042432,1,0,0
0.12,0.66,-0.040725,1,0,0
0.14,0.66,0.0020149,1,0,0
0.16,0.66,0.011441,1,0,0
0.18,0.66,-0.0054496,1,0,0
0.2,0.66,0.014931,1,0,0
0.22,0.66,-0.010202,1,0,0
0.24,0.66,0.00089901,1,0,0
0.26,0.66,0.0040775,1,0,0
0.28,0.66,0.0091405,1,0,0
0.3,0.66,0.0012315,1,0,0
0.32,0.66,0.026557,1,0,0
0.34,0.66,0.023749,1,0,0
0.36,0.66,0.027419,1,0,0
0.38,0.66,0.013777,1,0,0
0.4,0.66,0.0032704,1,0,0
0.42,0.66,-0.0091562,1,0,0
0.44,0.66,-0.012228,1,0,0
0.46,0.66,-0.026581,1,0,0
0.48,0.66,-0.043593,1,0,0
0.5,0.66,-0.053469,1,0,0
0.52,0.66,-0.023576,1,0,0
0.54,0.66,-0.013751,1,0,0
0.56,0.66,-0.018167,1,0,0
0.58,0.66,-0.004799,1,0,0
0.6,0.66,0.0002382,1,0,0
0.62,0.66,-0.030943,1,0,0
0.64,0.66,-0.0033819,1,0,0
0.66,0.66,0.0023935,1,0,0
0.68,0.66,0.01575,1,0,0
0.7,0.66,-0.0062229,1,0,0
0.72,0.66,-0.022687,1,0,0
0.74,0.66,-0.025646,1,0,0
0.76,0.66,-0.045155,1,0,0
0.78,0.66,-0.053702,1,0,0
0.8,0.66,-0.031809,1,0,0
0.82,0.66,-0.034439,1,0,0
0.84,0.66,-0.036629,1,0,0
0.86,0.66,-0.0060526,1,0,0
0.88,0.66,0.012155,1,0,0
0.9,0.66,-0.026003,1,0,0
0.92,0.66,-0.024162,1,0,0
0.94,0.66,-0.015251,1,0,0
0.96,0.66,-0.0014184,1,0,0
0.98,0.66,-0.032335,1,0,0
0.02,0.68,-0.0041092,1,0,0
0.04,0.68,0.01634,1,0,0
0.06,0.68,-0.0057419,1,0,0
0.08,0.68,0.027079,1,0,0
0.1,0.68,-0.0093312,1,0,0
0.12,0.68,-0.001251,1,0,0
0.14,0.68,-0.0025464,1,0,0
0.16,0.68,0.041295,1,0,0
0.18,0.68,0.025621,1,0,0
0.2,0.68,0.011439,1,0,0
0.22,0.68,0.022488,1,0,0
0.24,0.68,0.038082,1,0,0
0.26,0.68,0.012314,1,0,0
0.28,0.68,0.02517,1,0,0
0.3,0.68,-0.0011513,1,0,0
0.32,0.68,0.056576,1,0,0
0.34,0.68,0.016054,1,0,0
0.36,0.68,0.0077279,1,0,0
0.38,0.68,0.01613,1,0,0
0.4,0.68,0.034221,1,0,0
0.42,0.68,0.018524,1,0,0
0.44,0.68,0.024728,1,0,0
0.46,0.68,-0.0070661,1,0,0
0.48,0.68,-0.022601,1,0,0
0.5,0.68,-0.0037231,1,0,0
0.52,0.68,-0.0051286,1,0,0
0.54,0.68,-0.019358,1,0,0
0.56,0.68,-0.02866,1,0,0
0.58,0.68,-0.013338,1,0,0
0.6,0.68,0.0048479,1,0,0
0.62,0.68,0.0037304,1,0,0
0.64,0.68,-0.011813,1,0,0
0.66,0.68,-0.0093655,1,0,0
0.68,0.68,-0.00094019,1,0,0
0.7,0.68,-0.016054,1,0,0
0.72,0.68,-0.012805,1,0,0
0.74,0.68,-0.026804,1,0,0
0.76,0.68,0.0054827,1,0,0
0.78,0.68,-0.047332,1,0,0
0.8,0.68,-0.037366,1,0,0
0.82,0.68,-0.04298,1,0,0
0.84,0.68,-0.0049422,1,0,0
0.86,0.68,-0.024806,1,0,0
0.88,0.68,-0.012441,1,0,0
0.9,0.68,-0.010901,1,0,0
0.92,0.68,-0.044304,1,0,0
0.94,0.68,-0.046015,1,0,0
0.96,0.68,-0.0034878,1,0,0
0.98,0.68,0.019035,1,0,0
0.02,0.7,-0.004599,1,0,0
0.04,0.7,0.013454,1,0,0
0.06,0.7,0.0049598,1,0,0
0.08,0.7,0.00081349,1,0,0
0.1,0.7,-0.0097559,1,0,0
0.12,0.7,-0.027996,1,0,0
0.14,0.7,0.00099058,1,0,0
0.16,0.7,0.018781,1,0,0
0.18,0.7,-0.0044226,1,0,0
0.2,0.7,0.04646,1,0,0
0.22,0.7,0.0044448,1,0,0
0.24,0.7,0.027912,1,0,0
0.26,0.7,-0.0051437,1,0,0
0.28,0.7,-0.0026411,1,0,0
0.3,0.7,-0.0016145,1,0,0
0.32,0.7,0.047476,1,0,0
0.34,0.7,0.022909,1,0,0
0.36,0.7,0.00045995,1,0,0
0.38,0.7,-0.042194,1,0,0
0.4,0.7,0.00083054,1,0,0
0.42,0.7,0.021114,1,0,0
0.44,0.7,0.0081976,1,0,0
0.46,0.7,-0.0095889,1,0,0
0.48,0.7,-0.010511,1,0,0
0.5,0.7,-0.014977,1,0,0
0.52,0.7,0.0041488,1,0,0
0.54,0.7,0.013638,1,0,0
0.56,0.7,-0.019548,1,0,0
0.58,0.7,-0.016655,1,0,0
0.6,0.7,-0.0080791,1,0,0
0.62,0.7,-0.022707,1,0,0
0.64,0.7,-0.024147,1,0,0
0.66,0.7,-0.061032,1,0,0
0.68,0.7,-0.028745,1,0,0
0.7,0.7,-0.030167,1,0,0
0.72,0.7,-0.018712,1,0,0
0.74,0.7,-0.037728,1,0,0
0.76,0.7,-0.057425,1,0,0
0.78,0.7,-0.065506,1,0,0
0.8,0.7,-0.04177,1,0,0
0.82,0.7,-0.038674,1,0,0
0.84,0.7,-0.022493,1,0,0
0.86,0.7,-0.025175,1,0,0
0.88,0.7,-0.011933,1,0,0
0.9,0.7,-0.04158,1,0,0
0.92,0.7,-0.044436,1,0,0
0.94,0.7,-0.020587,1,0,0
0.96,0.7,-0.029892,1,0,0
0.98,0.7,0.0096019,1,0,0
0.02,0.72,0.0043742,1,0,0
0.04,0.72,0.014479,1,0,0
0.06,0.72,0.021504,1,0,0
0.08,0.72,-0.027453,1,0,0
0.1,0.72,0.012732,1,0,0
0.12,0.72,-0.0057533,1,0,0
0.14,0.72,-0.00033818,1,0,0
0.16,0.72,0.014796,1,0,0
0.18,0.72,0.010518,1,0,0
0.2,0.72,0.014483,1,0,0
0.22,0.72,0.018792,1,0,0
0.24,0.72,0.032785,1,0,0
0.26,0.72,8.5575e-05,1,0,0
0.28,0.72,0.0096904,1,0,0
0.3,0.72,0.015637,1,0,0
0.32,0.72,0.024301,1,0,0
0.34,0.72,0.02677,1,0,0
0.36,0.72,0.025809,1,0,0
0.38,0.72,0.010983,1,0,0
0.4,0.72,9.5706e-05,1,0,0
0.42,0.72,0.011573,1,0,0
0.44,0.72,0.0068073,1,0,0
0.46,0.72,-0.037809,1,0,0
0.48,0.72,-0.014619,1,0,0
0.5,0.72,0.016464,1,0,0
0.52,0.72,0.018542,1,0,0
0.54,0.72,0.030201,1,0,0
0.56,0.72,0.019247,1,0,0
0.58,0.72,-0.0067018,1,0,0
0.6,0.72,0.0096996,1,0,0
0.62,0.72,-0.011835,1,0,0
0.64,0.72,0.0098488,1,0,0
0.66,0.72,-0.039778,1,0,0
0.68,0.72,-0.027117,1,0,0
0.7,0.72,-0.015787,1,0,0
0.72,0.72,-0.013097,1,0,0
0.74,0.72,-0.049478,1,0,0
0.76,0.72,-0.080416,1,0,0
0.78,0.72,-0.030243,1,0,0
0.8,0.72,-0.036936,1,0,0
0.82,0.72,-0.045041,1,0,0
0.84,0.72,-0.030035,1,0,0
0.86,0.72,-0.0068198,1,0,0
0.88,0.72,-0.0089525,1,0,0
0.9,0.72,-0.0041305,1,0,0
0.92,0.72,-0.012337,1,0,0
0.94,0.72,-0.0090626,1,0,0
0.96,0.72,0.020301,1,0,0
0.98,0.72,0.021327,1,0,0
0.02,0.74,-0.038515,1,0,0
0.04,0.74,0.0095163,1,0,0
0.06,0.74,0.026638,1,0,0
0.08,0.74,0.025346,1,0,0
0.1,0.74,-0.035056,1,0,0
0.12,0.74,-0.045143,1,0,0
0.14,0.74,-0.0073388,1,0,0
0.16,0.74,-0.019155,1,0,0
0.18,0.74,-0.0034603,1,0,0
0.2,0.74,-0.029632,1,0,0
0.22,0.74,0.013314,1,0,0
0.24,0.74,-0.00039301,1,0,0
0.26,0.74,0.025789,1,0,0
0.28,0.74,-0.0037956,1,0,0
0.3,0.74,-0.006464,1,0,0
0.32,0.74,-0.032337,1,0,0
0.34,0.74,0.00060355,1,0,0
0.36,0.74,0.0097298,1,0,0
0.38,0.74,-0.02993,1,0,0
0.4,0.74,-0.022997,1,0,0
0.42,0.74,0.0058322,1,0,0
0.44,0.74,-0.019106,1,0,0
0.46,0.74,-0.020109,1,0,0
0.48,0.74,-0.0063552,1,0,0
0.5,0.74,-0.030873,1,0,0
0.52,0.74,-0.032871,1,0,0
0.54,0.74,-0.030209,1,0,0
0.56,0.74,-0.0070453,1,0,0
0.58,0.74,-0.0099484,1,0,0
0.6,0.74,-0.015845,1,0,0
0.62,0.74,-0.032665,1,0,0
0.64,0.74,-0.0401,1,0,0
0.66,0.74,-0.024067,1,0,0
0.68,0.74,-0.01715,1,0,0
0.7,0.74,-0.056663,1,0,0
0.72,0.74,-0.058999,1,0,0
0.74,0.74,-0.093054,1,0,0
0.76,0.74,-0.11066,1,0,0
0.78,0.74,-0.077793,1,0,0
0.8,0.74,-0.044576,1,0,0
0.82,0.74,-0.066958,1,0,0
0.84,0.74,-0.043177,1,0,0
0.86,0.74,-0.020615,1,0,0
0.88,0.74,-0.037537,1,0,0
0.9,0.74,-0.057881,1,0,0
0.92,0.74,-0.045196,1,0,0
0.94,0.74,-0.01354,1,0,0
0.96,0.74,-0.018971,1,0,0
0.98,0.74,-0.0046082,1,0,0
0.02,0.76,-0.0039202,1,0,0
0.04,0.76,-0.034193,1,0,0
0.06,0.76,-0.0025501,1,0,0
0.08,0.76,-0.036428,1,0,0
0.1,0.76,-0.052314,1,0,0
0.12,0.76,-0.050973,1,0,0
0.14,0.76,-0.030623,1,0,0
0.16,0.76,-0.013011,1,0,0
0.18,0.76,-0.0075749,1,0,0
0.2,0.76,-0.047816,1,0,0
0.22,0.76,0.0051466,1,0,0
0.24,0.76,0.0086497,1,0,0
0.26,0.76,0.0053144,1,0,0
0.28,0.76,-0.0058341,1,0,0
0.3,0.76,-0.012548,1,0,0
0.32,0.76,-0.017682,1,0,0
0.34,0.76,-0.0097685,1,0,0
0.36,0.76,-0.042689,1,0,0
0.38,0.76,-0.019626,1,0,0
0.4,0.76,-0.023777,1,0,0
0.42,0.76,-0.030467,1,0,0
0.44,0.76,-0.012582,1,0,0
0.46,0.76,-0.021839,1,0,0
0.48,0.76,-0.025683,1,0,0
0.5,0.76,-0.0097413,1,0,0
0.52,0.76,-0.032522,1,0,0
0.54,0.76,-0.049542,1,0,0
0.56,0.76,-0.042106,1,0,0
0.58,0.76,-0.013967,1,0,0
0.6,0.76,0.020321,1,0,0
0.62,0.76,-0.028822,1,0,0
0.64,0.76,-0.039041,1,0,0
0.66,0.76,-0.027224,1,0,0
0.68,0.76,-0.016617,1,0,0
0.7,0.76,-0.044881,1,0,0
0.72,0.76,-0.044827,1,0,0
0.74,0.76,-0.041336,1,0,0
0.76,0.76,-0.080122,1,0,0
0.78,0.76,-0.075788,1,0,0
0.8,0.76,-0.041645,1,0,0
0.82,0.76,-0.042857,1,0,0
0.84,0.76,-0.068677,1,0,0
0.86,0.76,-0.031695,1,0,0
0.88,0.76,-0.036035,1,0,0
0.9,0.76,-0.041326,1,0,0
0.92,0.76,-0.03236,1,0,0
0.94,0.76,-0.044835,1,0,0
0.96,0.76,-0.040028,1,0,0
0.98,0.76,-0.022416,1,0,0
0.02,0.78,-0.019438,1,0,0
0.04,0.78,-0.016171,1,0,0
0.06,0.78,-0.026618,1,0,0
0.08,0.78,-0.091072,1,0,0
0.1,0.78,-0.056644,1,0,0
0.12,0.78,-0.041577,1,0,0
0.14,0.78,-0.016494,1,0,0
0.16,0.78,-0.012605,1,0,0
0.18,0.78,-0.001447,1,0,0
0.2,0.78,-0.0077067,1,0,0
0.22,0.78,-0.024585,1,0,0
0.24,0.78,0.0057118,1,0,0
0.26,0.78,0.0019647,1,0,0
0.28,0.78,-0.01676,1,0,0
0.3,0.78,0.023282,1,0,0
0.32,0.78,0.015438,1,0,0
0.34,0.78,-0.0056605,1,0,0
0.36,0.78,-0.037125,1,0,0
0.38,0.78,-0.061538,1,0,0
0.4,0.78,-0.050305,1,0,0
0.42,0.78,-0.050512,1,0,0
0.44,0.78,-0.013928,1,0,0
0.46,0.78,-0.015293,1,0,0
0.48,0.78,-0.03677,1,0,0
0.5,0.78,-0.052153,1,0,0
0.52,0.78,-0.044097,1,0,0
0.54,0.78,-0.042587,1,0,0
0.56,0.78,-0.02033,1,0,0
0.58,0.78,-0.016792,1,0,0
0.6,0.78,-0.021766,1,0,0
0.62,0.78,-0.0046471,1,0,0
0.64,0.78,-0.037875,1,0,0
0.66,0.78,-0.067876,1,0,0
0.68,0.78,-0.013225,1,0,0
0.7,0.78,-0.019455,1,0,0
0.72,0.78,-0.03135,1,0,0
0.74,0.78,-0.012816,1,0,0
0.76,0.78,-0.053354,1,0,0
0.78,0.78,-0.049729,1,0,0
0.8,0.78,-0.052754,1,0,0
0.82,0.78,-0.052818,1,0,0
0.84,0.78,-0.044508,1,0,0
0.86,0.78,-0.066088,1,0,0
0.88,0.78,-0.05142,1,0,0
0.9,0.78,-0.050109,1,0,0
0.92,0.78,-0.040283,1,0,0
0.94,0.78,-0.037277,1,0,0
0.96,0.78,-0.045035,1,0,0
0.98,0.78,-0.034219,1,0,0
0.02,0.8,0.015197,1,0,0
0.04,0.8,-0.0066474,1,0,0
0.06,0.8,-0.0047694,1,0,0
0.08,0.8,-0.017517,1,0,0
0.1,0.8,-0.042199,1,0,0
0.12,0.8,0.00061825,1,0,0
0.14,0.8,-0.0052203,1,0,0
0.16,0.8,-0.0060238,1,0,0
0.18,0.8,0.013947,1,0,0
0.2,0.8,0.0038102,1,0,0
0.22,0.8,-0.0071445,1,0,0
0.24,0.8,0.022709,1,0,0
0.26,0.8,0.027215,1,0,0
0.28,0.8,0.06693,1,0,0
0.3,0.8,0.016791,1,0,0
0.32,0.8,0.015526,1,0,0
0.34,0.8,-0.0041628,1,0,0
0.36,0.8,-0.02081,1,0,0
0.38,0.8,-0.014096,1,0,0
0.4,0.8,-0.017448,1,0,0
0.42,0.8,-0.019016,1,0,0
0.44,0.8,0.0027711,1,0,0
0.46,0.8,-0.0027108,1,0,0
0.48,0.8,-0.010111,1,0,0
0.5,0.8,-0.028945,1,0,0
0.52,0.8,-0.057581,1,0,0
0.54,0.8,-0.049312,1,0,0
0.56,0.8,-0.010238,1,0,0
0.58,0.8,-0.011307,1,0,0
0.6,0.8,0.0099477,1,0,0
0.62,0.8,0.0211,1,0,0
0.64,0.8,0.018315,1,0,0
0.66,0.8,0.005912,1,0,0
0.68,0.8,0.023133,1,0,0
0.7,0.8,-0.0016104,1,0,0
0.72,0.8,0.0005585,1,0,0
0.74,0.8,0.024254,1,0,0
0.76,0.8,0.02118,1,0,0
0.78,0.8,-0.0080026,1,0,0
0.8,0.8,0.0071903,1,0,0
0.82,0.8,-0.025956,1,0,0
0.84,0.8,-0.048288,1,0,0
0.86,0.8,-0.0033195,1,0,0
0.88,0.8,-0.025481,1,0,0
0.9,0.8,-0.034501,1,0,0
0.92,0.8,-0.044717,1,0,0
0.94,0.8,-0.02067,1,0,0
0.96,0.8,-0.02357,1,0,0
0.98,0.8,-0.014015,1,0,0
0.02,0.82,-0.0024652,1,0,0
0.04,0.82,-0.005443,1,0,0
0.06,0.82,0.016795,1,0,0
0.08,0.82,0.0029678,1,0,0
0.1,0.82,-0.025986,1,0,0
0.12,0.82,-0.018151,1,0,0
0.14,0.82,-0.018734,1,0,0
0.16,0.82,-0.020081,1,0,0
0.18,0.82,0.0080574,1,0,0
0.2,0.82,0.0057533,1,0,0
0.22,0.82,-0.0070012,1,0,0
0.24,0.82,0.01382,1,0,0
0.26,0.82,0.0036484,1,0,0
0.28,0.82,0.040326,1,0,0
0.3,0.82,0.02261,1,0,0
0.32,0.82,0.044918,1,0,0
0.34,0.82,0.0051863,1,0,0
0.36,0.82,-0.017458,1,0,0
0.38,0.82,-0.015988,1,0,0
0.4,0.82,-0.015394,1,0,0
0.42,0.82,-0.025161,1,0,0
0.44,0.82,0.0042496,1,0,0
0.46,0.82,-0.011747,1,0,0
0.48,0.82,-0.052098,1,0,0
0.5,0.82,-0.039722,1,0,0
0.52,0.82,-0.044817,1,0,0
0.54,0.82,-0.075239,1,0,0
0.56,0.82,0.0016126,1,0,0
0.58,0.82,0.013118,1,0,0
0.6,0.82,0.0073073,1,0,0
0.62,0.82,0.01187,1,0,0
0.64,0.82,0.03898,1,0,0
0.66,0.82,0.024554,1,0,0
0.68,0.82,0.053868,1,0,0
0.7,0.82,0.017639,1,0,0
0.72,0.82,0.020437,1,0,0
0.74,0.82,0.036915,1,0,0
0.76,0.82,0.021058,1,0,0
0.78,0.82,0.005478,1,0,0
0.8,0.82,-0.028084,1,0,0
0.82,0.82,-0.0038062,1,0,0
0.84,0.82,-0.0092485,1,0,0
0.86,0.82,0.032745,1,0,0
0.88,0.82,-0.034136,1,0,0
0.9,0.82,-0.027128,1,0,0
0.92,0.82,-0.034262,1,0,0
0.94,0.82,0.0060372,1,0,0
0.96,0.82,-0.003872,1,0,0
0.98,0.82,-0.0069058,1,0,0
0.02,0.84,0.014167,1,0,0
0.04,0.84,-0.022636,1,0,0
0.06,0.84,0.0064435,1,0,0
0.08,0.84,0.037046,1,0,0
0.1,0.84,-0.0060978,1,0,0
0.12,0.84,-0.011413,1,0,0
0.14,0.84,0.022244,1,0,0
0.16,0.84,-0.0018107,1,0,0
0.18,0.84,-0.014123,1,0,0
0.2,0.84,0.021498,1,0,0
0.22,0.84,0.032539,1,0,0
0.24,0.84,-0.0097473,1,0,0
0.26,0.84,0.0037224,1,0,0
0.28,0.84,0.028576,1,0,0
0.3,0.84,0.036244,1,0,0
0.32,0.84,0.02924,1,0,0
0.34,0.84,0.031029,1,0,0
0.36,0.84,0.00010978,1,0,0
0.38,0.84,-0.0083367,1,0,0
0.4,0.84,-0.0019909,1,0,0
0.42,0.84,-0.035562,1,0,0
0.44,0.84,-0.01584,1,0,0
0.46,0.84,-0.059291,1,0,0
0.48,0.84,-0.039585,1,0,0
0.5,0.84,-0.023374,1,0,0
0.52,0.84,-0.013297,1,0,0
0.54,0.84,-0.01372,1,0,0
0.56,0.84,-0.0022403,1,0,0
0.58,0.84,0.015112,1,0,0
0.6,0.84,0.0080852,1,0,0
0.62,0.84,0.0051662,1,0,0
0.64,0.84,0.011568,1,0,0
0.66,0.84,0.012753,1,0,0
0.68,0.84,0.019624,1,0,0
0.7,0.84,0.017701,1,0,0
0.72,0.84,0.014224,1,0,0
0.74,0.84,0.062201,1,0,0
0.76,0.84,0.041711,1,0,0
0.78,0.84,-0.0024507,1,0,0
0.8,0.84,0.0025856,1,0,0
0.82,0.84,0.011029,1,0,0
0.84,0.84,0.0029562,1,0,0
0.86,0.84,0.021642,1,0,0
0.88,0.84,0.013771,1,0,0
0.9,0.84,-0.027668,1,0,0
0.92,0.84,-0.0080563,1,0,0
0.94,0.84,0.0045314,1,0,0
0.96,0.84,-0.012464,1,0,0
0.98,0.84,0.013128,1,0,0
0.02,0.86,-0.016716,1,0,0
0.04,0.86,0.0082566,1,0,0
0.06,0.86,0.022539,1,0,0
0.08,0.86,0.027816,1,0,0
0.1,0.86,0.0052344,1,0,0
0.12,0.86,-0.0051557,1,0,0
0.14,0.86,-0.01173,1,0,0
0.16,0.86,-0.021961,1,0,0
0.18,0.86,-0.027783,1,0,0
0.2,0.86,0.012069,1,0,0
0.22,0.86,0.017213,1,0,0
0.24,0.86,-0.0024517,1,0,0
0.26,0.86,-0.012348,1,0,0
0.28,0.86,0.01267,1,0,0
0.3,0.86,0.032778,1,0,0
0.32,0.86,0.00646,1,0,0
0.34,0.86,-0.001539,1,0,0
0.36,0.86,-0.028328,1,0,0
0.38,0.86,-0.01344,1,0,0
0.4,0.86,-0.047249,1,0,0
0.42,0.86,-0.0083971,1,0,0
0.44,0.86,-0.0034742,1,0,0
0.46,0.86,-0.0052503,1,0,0
0.48,0.86,-0.044203,1,0,0
0.5,0.86,-0.026815,1,0,0
0.52,0.86,-0.014925,1,0,0
0.54,0.86,-0.014467,1,0,0
0.56,0.86,0.0006571,1,0,0
0.58,0.86,-0.0070235,1,0,0
0.6,0.86,-0.02849,1,0,0
0.62,0.86,-0.0039637,1,0,0
0.64,0.86,0.0084564,1,0,0
0.66,0.86,0.020742,1,0,0
0.68,0.86,0.031672,1,0,0
0.7,0.86,0.037534,1,0,0
0.72,0.86,0.049217,1,0,0
0.74,0.86,0.044179,1,0,0
0.76,0.86,0.030347,1,0,0
0.78,0.86,0.012953,1,0,0
0.8,0.86,0.022095,1,0,0
0.82,0.86,0.017104,1,0,0
0.84,0.86,0.04902,1,0,0
0.86,0.86,0.025376,1,0,0
0.88,0.86,-0.008287,1,0,0
0.9,0.86,-0.025315,1,0,0
0.92,0.86,-0.016277,1,0,0
0.94,0.86,0.014601,1,0,0
0.96,0.86,0.026094,1,0,0
0.98,0.86,0.0037882,1,0,0
0.02,0.88,-0.022134,1,0,0
0.04,0.88,0.0058024,1,0,0
0.06,0.88,-0.016917,1,0,0
0.08,0.88,-0.0082761,1,0,0
0.1,0.88,0.0083196,1,0,0
0.12,0.88,0.0087022,1,0,0
0.14,0.88,0.0095375,1,0,0
0.16,0.88,0.012562,1,0,0
0.18,0.88,0.037362,1,0,0
0.2,0.88,0.012437,1,0,0
0.22,0.88,-0.0068068,1,0,0
0.24,0.88,0.0029927,1,0,0
0.26,0.88,0.014522,1,0,0
0.28,0.88,0.0065269,1,0,0
0.3,0.88,-0.020995,1,0,0
0.32,0.88,-0.0047383,1,0,0
0.34,0.88,-0.012129,1,0,0
0.36,0.88,-0.0058583,1,0,0
0.38,0.88,0.017241,1,0,0
0.4,0.88,-0.011254,1,0,0
0.42,0.88,-0.0033242,1,0,0
0.44,0.88,-0.047842,1,0,0
0.46,0.88,0.0037983,1,0,0
0.48,0.88,-0.0016748,1,0,0
0.5,0.88,-0.0078112,1,0,0
0.52,0.88,-0.022323,1,0,0
0.54,0.88,-0.013253,1,0,0
0.56,0.88,-0.012496,1,0,0
0.58,0.88,-0.0018091,1,0,0
0.6,0.88,-0.018427,1,0,0
0.62,0.88,-0.020018,1,0,0
0.64,0.88,-0.022399,1,0,0
0.66,0.88,0.0064445,1,0,0
0.68,0.88,0.0065626,1,0,0
0.7,0.88,0.024411,1,0,0
0.72,0.88,0.025014,1,0,0
0.74,0.88,0.02807,1,0,0
0.76,0.88,0.063636,1,0,0
0.78,0.88,0.045946,1,0,0
0.8,0.88,0.03037,1,0,0
0.82,0.88,0.024242,1,0,0
0.84,0.88,0.03166,1,0,0
0.86,0.88,0.030996,1,0,0
0.88,0.88,0.020825,1,0,0
0.9,0.88,-0.0038814,1,0,0
0.92,0.88,-0.0065987,1,0,0
0.94,0.88,-0.022278,1,0,0
0.96,0.88,0.021541,1,0,0
0.98,0.88,-0.0029305,1,0,0
0.02,0.9,-0.034235,1,0,0
0.04,0.9,-0.012971,1,0,0
0.06,0.9,-0.026898,1,0,0
0.08,0.9,-0.016319,1,0,0
0.1,0.9,-0.0054767,1,0,0
0.12,0.9,-0.022817,1,0,0
0.14,0.9,-0.0031242,1,0,0
0.16,0.9,0.036959,1,0,0
0.18,0.9,0.025587,1,0,0
0.2,0.9,0.0062844,1,0,0
0.22,0.9,0.017753,1,0,0
0.24,0.9,-0.01513,1,0,0
0.26,0.9,-0.010652,1,0,0
0.28,0.9,0.013083,1,0,0
0.3,0.9,0.0051552,1,0,0
0.32,0.9,0.031528,1,0,0
0.34,0.9,0.030606,1,0,0
0.36,0.9,-0.0057925,1,0,0
0.38,0.9,-0.024378,1,0,0
0.4,0.9,-0.013718,1,0,0
0.42,0.9,-0.029429,1,0,0
0.44,0.9,-0.033772,1,0,0
0.46,0.9,-0.012145,1,0,0
0.48,0.9,-0.0071908,1,0,0
0.5,0.9,-0.0016244,1,0,0
0.52,0.9,-0.032265,1,0,0
0.54,0.9,-0.0059618,1,0,0
0.56,0.9,-0.01853,1,0,0
0.58,0.9,0.01055,1,0,0
0.6,0.9,-0.0037088,1,0,0
0.62,0.9,-0.035246,1,0,0
0.64,0.9,-0.047374,1,0,0
0.66,0.9,-0.0058728,1,0,0
0.68,0.9,0.029125,1,0,0
0.7,0.9,0.035522,1,0,0
0.72,0.9,0.046255,1,0,0
0.74,0.9,0.023356,1,0,0
0.76,0.9,0.022248,1,0,0
0.78,0.9,0.0081056,1,0,0
0.8,0.9,0.027804,1,0,0
0.82,0.9,0.040131,1,0,0
0.84,0.9,0.057002,1,0,0
0.86,0.9,0.033533,1,0,0
0.88,0.9,0.052257,1,0,0
0.9,0.9,0.034277,1,0,0
0.92,0.9,0.028246,1,0,0
0.94,0.9,-0.00010901,1,0,0
0.96,0.9,0.0064806,1,0,0
0.98,0.9,-0.030754,1,0,0
0.02,0.92,-0.04873,1,0,0
0.04,0.92,-0.01136,1,0,0
0.06,0.92,-0.026874,1,0,0
0.08,0.92,-0.045036,1,0,0
0.1,0.92,-0.017551,1,0,0
0.12,0.92,-0.030863,1,0,0
0.14,0.92,0.008574,1,0,0
0.16,0.92,0.025075,1,0,0
0.18,0.92,-0.012607,1,0,0
0.2,0.92,0.015303,1,0,0
0.22,0.92,0.0017409,1,0,0
0.24,0.92,0.032518,1,0,0
0.26,0.92,0.0031594,1,0,0
0.28,0.92,-0.008314,1,0,0
0.3,0.92,-0.014348,1,0,0
0.32,0.92,-0.00031703,1,0,0
0.34,0.92,-0.0093662,1,0,0
0.36,0.92,0.017855,1,0,0
0.38,0.92,-0.0045332,1,0,0
0.4,0.92,-0.0087971,1,0,0
0.42,0.92,0.007259,1,0,0
0.44,0.92,-0.030974,1,0,0
0.46,0.92,-0.015623,1,0,0
0.48,0.92,-0.021221,1,0,0
0.5,0.92,-0.038978,1,0,0
0.52,0.92,-0.021552,1,0,0
0.54,0.92,-0.043282,1,0,0
0.56,0.92,-0.051125,1,0,0
0.58,0.92,-0.028942,1,0,0
0.6,0.92,-0.0041374,1,0,0
0.62,0.92,-0.030419,1,0,0
0.64,0.92,0.0086732,1,0,0
0.66,0.92,0.0063485,1,0,0
0.68,0.92,0.029942,1,0,0
0.7,0.92,0.021631,1,0,0
0.72,0.92,0.047743,1,0,0
0.74,0.92,0.0056621,1,0,0
0.76,0.92,0.0094995,1,0,0
0.78,0.92,0.025513,1,0,0
0.8,0.92,0.029399,1,0,0
0.82,0.92,0.045846,1,0,0
0.84,0.92,0.054839,1,0,0
0.86,0.92,0.054301,1,0,0
0.88,0.92,0.040429,1,0,0
0.9,0.92,0.055437,1,0,0
0.92,0.92,0.012269,1,0,0
0.94,0.92,0.0017947,1,0,0
0.96,0.92,-0.029395,1,0,0
0.98,0.92,-0.017292,1,0,0
0.02,0.94,-0.090206,1,0,0
0.04,0.94,-0.066122,1,0,0
0.06,0.94,-0.032202,1,0,0
0.08,0.94,-0.018506,1,0,0
0.1,0.94,-0.024939,1,0,0
0.12,0.94,-0.018597,1,0,0
0.14,0.94,0.0097148,1,0,0
0.16,0.94,0.0072226,1,0,0
0.18,0.94,0.010785,1,0,0
0.2,0.94,0.0057619,1,0,0
0.22,0.94,0.037634,1,0,0
0.24,0.94,0.0074884,1,0,0
0.26,0.94,-0.0082425,1,0,0
0.28,0.94,0.014847,1,0,0
0.3,0.94,-0.038092,1,0,0
0.32,0.94,-0.011504,1,0,0
0.34,0.94,-0.012299,1,0,0
0.36,0.94,-0.0016285,1,0,0
0.38,0.94,-0.01981,1,0,0
0.4,0.94,0.003087,1,0,0
0.42,0.94,-0.020828,1,0,0
0.44,0.94,-0.019622,1,0,0
0.46,0.94,-0.033339,1,0,0
0.48,0.94,-0.020515,1,0,0
0.5,0.94,-0.064949,1,0,0
0.52,0.94,-0.009604,1,0,0
0.54,0.94,-0.055076,1,0,0
0.56,0.94,-0.047475,1,0,0
0.58,0.94,-0.074853,1,0,0
0.6,0.94,-0.028982,1,0,0
0.62,0.94,-0.055251,1,0,0
0.64,0.94,-0.051938,1,0,0
0.66,0.94,0.019398,1,0,0
0.68,0.94,0.023338,1,0,0
0.7,0.94,0.016759,1,0,0
0.72,0.94,0.032573,1,0,0
0.74,0.94,-0.00032304,1,0,0
0.76,0.94,-0.031737,1,0,0
0.78,0.94,-0.0032953,1,0,0
0.8,0.94,0.05719,1,0,0
0.82,0.94,0.037866,1,0,0
0.84,0.94,0.019555,1,0,0
0.86,0.94,0.051823,1,0,0
0.88,0.94,0.023878,1,0,0
0.9,0.94,0.030605,1,0,0
0.92,0.94,-0.01434,1,0,0
0.94,0.94,0.012868,1,0,0
0.96,0.94,0.00022264,1,0,0
0.98,0.94,-0.057522,1,0,0
0.02,0.96,-0.08303,1,0,0
0.04,0.96,-0.068631,1,0,0
0.06,0.96,-0.051424,1,0,0
0.08,0.96,-0.017918,1,0,0
0.1,0.96,-0.011944,1,0,0
0.12,0.96,0.013545,1,0,0
0.14,0.96,0.035746,1,0,0
0.16,0.96,0.037579,1,0,0
0.18,0.96,0.024298,1,0,0
0.2,0.96,0.031591,1,0,0
0.22,0.96,0.03626,1,0,0
0.24,0.96,0.025772,1,0,0
0.26,0.96,0.024925,1,0,0
0.28,0.96,-0.006355,1,0,0
0.3,0.96,-0.02663,1,0,0
0.32,0.96,-0.022627,1,0,0
0.34,0.96,-0.0091996,1,0,0
0.36,0.96,0.020747,1,0,0
0.38,0.96,-0.010044,1,0,0
0.4,0.96,0.016305,1,0,0
0.42,0.96,0.002485,1,0,0
0.44,0.96,-0.013268,1,0,0
0.46,0.96,-0.032546,1,0,0
0.48,0.96,-0.0069218,1,0,0
0.5,0.96,-0.00064508,1,0,0
0.52,0.96,0.024786,1,0,0
0.54,0.96,-0.039235,1,0,0
0.56,0.96,-0.013747,1,0,0
0.58,0.96,-0.037782,1,0,0
0.6,0.96,-0.04883,1,0,0
0.62,0.96,-0.035077,1,0,0
0.64,0.96,0.007878,1,0,0
0.66,0.96,-0.0030195,1,0,0
0.68,0.96,0.022525,1,0,0
0.7,0.96,0.038811,1,0,0
0.72,0.96,0.046878,1,0,0
0.74,0.96,0.015503,1,0,0
0.76,0.96,0.041375,1,0,0
0.78,0.96,0.063102,1,0,0
0.8,0.96,0.052587,1,0,0
0.82,0.96,0.040566,1,0,0
0.84,0.96,0.051101,1,0,0
0.86,0.96,0.071565,1,0,0
0.88,0.96,0.06666,1,0,0
0.9,0.96,0.047192,1,0,0
0.92,0.96,0.017617,1,0,0
0.94,0.96,0.020071,1,0,0
0.96,0.96,0.0017677,1,0,0
0.98,0.96,-0.007555,1,0,0
0.02,0.98,-0.055313,1,0,0
0.04,0.98,-0.081424,1,0,0
0.06,0.98,-0.0063308,1,0,0
0.08,0.98,0.001936,1,0,0
0.1,0.98,0.025127,1,0,0
0.12,0.98,0.021716,1,0,0
0.14,0.98,0.0049119,1,0,0
0.16,0.98,0.040693,1,0,0
0.18,0.98,0.021402,1,0,0
0.2,0.98,0.017521,1,0,0
0.22,0.98,0.024145,1,0,0
0.24,0.98,0.02194,1,0,0
0.26,0.98,-0.0034719,1,0,0
0.28,0.98,-0.0061622,1,0,0
0.3,0.98,-0.031877,1,0,0
0.32,0.98,-0.0074037,1,0,0
0.34,0.98,-0.010401,1,0,0
0.36,0.98,-0.065306,1,0,0
0.38,0.98,-0.045784,1,0,0
0.4,0.98,0.00092742,1,0,0
0.42,0.98,0.012885,1,0,0
0.44,0.98,0.01582,1,0,0
0.46,0.98,-0.013778,1,0,0
0.48,0.98,-0.029314,1,0,0
0.5,0.98,0.0047323,1,0,0
0.52,0.98,-0.025219,1,0,0
0.54,0.98,-0.048161,1,0,0
0.56,0.98,-0.035552,1,0,0
0.58,0.98,-0.053479,1,0,0
0.6,0.98,-0.033874,1,0,0
0.62,0.98,-0.034535,1,0,0
0.64,0.98,-0.0066297,1,0,0
0.66,0.98,-0.031495,1,0,0
0.68,0.98,0.020152,1,0,0
0.7,0.98,0.019946,1,0,0
0.72,0.98,0.02046,1,0,0
0.74,0.98,0.0077476,1,0,0
0.76,0.98,0.023454,1,0,0
0.78,0.98,0.028053,1,0,0
0.8,0.98,0.039493,1,0,0
0.82,0.98,0.040509,1,0,0
0.84,0.98,0.035384,1,0,0
0.86,0.98,0.043187,1,0,0
0.88,0.98,0.033738,1,0,0
0.9,0.98,0.036764,1,0,0
0.92,0.98,0.028269,1,0,0
0.94,0.98,-0.0067194,1,0,0
0.96,0.98,0.0035806,1,0,0
0.98,0.98,-0.017542,1,0,0
0,0,-0.038412,-1,0,0
0.02,0,-0.038412,-1,0,0
0.04,0,-0.024691,-1,0,0
0.06,0,-0.016232,-1,0,0
0.08,0,-0.030919,-1,0,0
0.1,0,-0.010546,-1,0,0
0.12,0,-0.047764,-1,0,0
0.14,0,-0.049184,-1,0,0
0.16,0,-0.0051611,-1,0,0
0.18,0,0.0052132,-1,0,0
0.2,0,-0.046275,-1,0,0
0.22,0,-0.030648,-1,0,0
0.24,0,-0.060971,-1,0,0
0.26,0,-0.084623,-1,0,0
0.28,0,-0.08242,-1,0,0
0.3,0,-0.066278,-1,0,0
0.32,0,-0.056406,-1,0,0
0.34,0,-0.046843,-1,0,0
0.36,0,-0.035727,-1,0,0
0.38,0,-0.022884,-1,0,0
0.4,0,-0.01045,-1,0,0
0.42,0,-0.016953,-1,0,0
0.44,0,-0.013971,-1,0,0
0.46,0,0.025164,-1,0,0
0.48,0,0.0035457,-1,0,0
0.5,0,0.012526,-1,0,0
0.52,0,0.016462,-1,0,0
0.54,0,0.0071718,-1,0,0
0.56,0,0.052739,-1,0,0
0.58,0,0.07029,-1,0,0
0.6,0,0.048313,-1,0,0
0.62,0,0.038452,-1,0,0
0.64,0,0.032387,-1,0,0
0.66,0,0.047029,-1,0,0
0.68,0,0.06941,-1,0,0
0.7,0,0.040551,-1,0,0
0.72,0,0.033369,-1,0,0
0.74,0,-0.0053495,-1,0,0
0.76,0,-0.0031818,-1,0,0
0.78,0,-0.026945,-1,0,0
0.8,0,-0.026782,-1,0,0
0.82,0,-0.020725,-1,0,0
0.84,0,0.027245,-1,0,0
0.86,0,-0.030716,-1,0,0
0.88,0,-0.068743,-1,0,0
0.9,0,-0.046449,-1,0,0
0.92,0,-0.060972,-1,0,0
0.94,0,-0.10407,-1,0,0
0.96,0,-0.048481,-1,0,0
0.98,0,-0.06327,-1,0,0
1,0,-0.069792,-1,0,0
1,0.02,-0.044112,-1,0,0
1,0.04,-0.040171,-1,0,0
1,0.06,-0.037151,-1,0,0
1,0.08,0.00055686,-1,0,0
1,0.1,-0.060351,-1,0,0
1,0.12,-0.071538,-1,0,0
1,0.14,-0.068978,-1,0,0
1,0.16,-0.064567,-1,0,0
1,0.18,-0.10721,-1,0,0
1,0.2,-0.079556,-1,0,0
1,0.22,-0.058048,-1,0,0
1,0.24,-0.095436,-1,0,0
1,0.26,-0.063414,-1,0,0
1,0.28,-0.065098,-1,0,0
1,0.3,-0.025616,-1,0,0
1,0.32,-0.015072,-1,0,0
1,0.34,-0.01577,-1,0,0
1,0.36,-0.017787,-1,0,0
1,0.38,0.02353,-1,0,0
1,0.4,-0.020033,-1,0,0
1,0.42,0.021917,-1,0,0
1,0.44,0.023612,-1,0,0
1,0.46,0.015266,-1,0,0
1,0.48,0.011111,-1,0,0
1,0.5,0.0041558,-1,0,0
1,0.52,-0.038405,-1,0,0
1,0.54,-0.027882,-1,0,0
1,0.56,-0.0072719,-1,0,0
1,0.58,-0.085442,-1,0,0
1,0.6,-0.032432,-1,0,0
1,0.62,-0.006193,-1,0,0
1,0.64,-0.022477,-1,0,0
1,0.66,-0.033535,-1,0,0
1,0.68,0.010722,-1,0,0
1,0.7,0.0049873,-1,0,0
1,0.72,0.001273,-1,0,0
1,0.74,-0.0087229,-1,0,0
1,0.76,-0.00046319,-1,0,0
1,0.78,-0.055259,-1,0,0
1,0.8,-0.01531,-1,0,0
1,0.82,-0.00030216,-1,0,0
1,0.84,0.00101,-1,0,0
1,0.86,-0.0062735,-1,0,0
1,0.88,0.024409,-1,0,0
1,0.9,-0.027387,-1,0,0
1,0.92,-0.032496,-1,0,0
1,0.94,-0.057934,-1,0,0
1,0.96,-0.03717,-1,0,0
1,0.98,-0.048031,-1,0,0
1,1,-0.04428,-1,0,0
0.98,1,-0.020201,-1,0,0
0.96,1,0.011782,-1,0,0
0.94,1,0.003078,-1,0,0
0.92,1,0.014423,-1,0,0
0.9,1,0.0067821,-1,0,0
0.88,1,0.0055299,-1,0,0
0.86,1,-0.0046588,-1,0,0
0.84,1,0.015128,-1,0,0
0.82,1,0.0051889,-1,0,0
0.8,1,0.041087,-1,0,0
0.78,1,0.025131,-1,0,0
0.76,1,0.06008,-1,0,0
0.74,1,0.034527,-1,0,0
0.72,1,-0.003565,-1,0,0
0.7,1,-0.021811,-1,0,0
0.68,1,-0.022551,-1,0,0
0.66,1,-0.032624,-1,0,0
0.64,1,-0.025393,-1,0,0
0.62,1,0.0070755,-1,0,0
0.6,1,-0.051508,-1,0,0
0.58,1,-0.055561,-1,0,0
0.56,1,-0.038614,-1,0,0
0.54,1,-0.033965,-1,0,0
0.52,1,0.0016584,-1,0,0
0.5,1,-0.050285,-1,0,0
0.48,1,-0.064139,-1,0,0
0.46,1,-0.026035,-1,0,0
0.44,1,-0.016967,-1,0,0
0.42,1,-0.013085,-1,0,0
0.4,1,-0.029624,-1,0,0
0.38,1,-0.050038,-1,0,0
0.36,1,-0.034184,-1,0,0
0.34,1,-0.037634,-1,0,0
0.32,1,-0.0092724,-1,0,0
0.3,1,-0.029435,-1,0,0
0.28,1,-0.047677,-1,0,0
0.26,1,-0.012612,-1,0,0
0.24,1,-0.0095274,-1,0,0
0.22,1,-0.01825,-1,0,0
0.2,1,-0.048441,-1,0,0
0.18,1,0.00208,-1,0,0
0.16,1,0.017356,-1,0,0
0.14,1,0.077037,-1,0,0
0.12,1,0.043211,-1,0,0
0.1,1,0.035457,-1,0,0
0.08,1,0.0016219,-1,0,0
0.06,1,-0.025877,-1,0,0
0.04,1,-0.058073,-1,0,0
0.02,1,-0.053142,-1,0,0
0,1,-0.054779,-1,0,0
0,0.98,-0.068803,-1,0,0
0,0.96,-0.048724,-1,0,0
0,0.94,-0.061877,-1,0,0
0,0.92,-0.057363,-1,0,0
0,0.9,-0.042071,-1,0,0
0,0.88,-0.047971,-1,0,0
0,0.86,-0.02606,-1,0,0
0,0.84,0.042277,-1,0,0
0,0.82,0.0077282,-1,0,0
0,0.8,0.021426,-1,0,0
0,0.78,-0.024871,-1,0,0
0,0.76,0.0013544,-1,0,0
0,0.74,-0.0056634,-1,0,0
0,0.72,0.0087784,-1,0,0
0,0.7,-0.012107,-1,0,0
0,0.68,0.030788,-1,0,0
0,0.66,0.0064033,-1,0,0
0,0.64,0.018193,-1,0,0
0,0.62,-0.0052174,-1,0,0
0,0.6,0.030053,-1,0,0
0,0.58,0.015149,-1,0,0
0,0.56,0.0055415,-1,0,0
0,0.54,0.0080972,-1,0,0
0,0.52,-0.012293,-1,0,0
0,0.5,-0.048585,-1,0,0
0,0.48,-0.014905,-1,0,0
0,0.46,0.049325,-1,0,0
0,0.44,0.025361,-1,0,0
0,0.42,0.0061706,-1,0,0
0,0.4,-0.032569,-1,0,0
0,0.38,-0.0026709,-1,0,0
0,0.36,-0.015772,-1,0,0
0,0.34,0.002286,-1,0,0
0,0.32,-0.012928,-1,0,0
0,0.3,-0.011336,-1,0,0
0,0.28,-0.035857,-1,0,0
0,0.26,-0.018635,-1,0,0
0,0.24,-0.04612,-1,0,0
0,0.22,-0.050742,-1,0,0
0,0.2,-0.076167,-1,0,0
0,0.18,-0.061613,-1,0,0
0,0.16,-0.020155,-1,0,0
0,0.14,-0.039048,-1,0,0
0,0.12,-0.031274,-1,0,0
0,0.1,-0.01852,-1,0,0
0,0.08,-0.020155,-1,0,0
0,0.06,-0.028698,-1,0,0
0,0.04,0.0027118,-1,0,0
0,0.02,-0.02295,-1,0,0
