-0.0015887,-0.0015887,-0.0014482,0.0033438,0.0066564,0.0014851,-0.0024846,0.0020472,0.0056872,-0.00047942,-0.010745,-0.0233,-0.025061,-0.02525,-0.03043,-0.036443,-0.035972,-0.035179,-0.029224,-0.039274,-0.047272,-0.045618,-0.032126,-0.023479,-0.025735,-0.028702,-0.025593,-0.01696,-0.0063105,0.0088991,0.0087452,-0.00087404,-0.0014634,0.00057294,-0.014426,-0.026413,-0.027552,-0.035313,-0.035015,-0.019235,-0.0097512,-0.00045972,0.011821,0.0093874,0.0079707,0.0058154,-0.0011759,0.0024373,0.0088147,0.013858,0.014441
0.0078396,0.015874,0.0055808,0.0028563,0.0036202,-0.004687,-0.010795,-0.014039,-0.011338,-0.028938,-0.033259,-0.035082,-0.034268,-0.042434,-0.043729,-0.04093,-0.045473,-0.046234,-0.042398,-0.045192,-0.044496,-0.039353,-0.036645,-0.030985,-0.027092,-0.026666,-0.022605,-0.0035665,-0.0071358,0.003565,0.016487,0.012612,0.011754,0.0065052,-0.015848,-0.02042,-0.024694,-0.02523,-0.034312,-0.029455,-0.025802,-0.0052984,0.00012468,0.00081205,0.0068658,0.010442,0.0084445,0.0043038,0.012327,0.014462,0.017558
0.014413,0.0097484,0.019524,0.0063346,0.0022282,-0.0090351,-0.02259,-0.029545,-0.037962,-0.042226,-0.047651,-0.050453,-0.053504,-0.056919,-0.053349,-0.047108,-0.042859,-0.050178,-0.053304,-0.055793,-0.046211,-0.033389,-0.035566,-0.025911,-0.016948,-0.020237,-0.0089823,0.0043232,0.0065951,0.012975,0.016543,0.020625,0.0072464,0.0010945,-0.013515,-0.012753,-0.0041871,-0.018125,-0.028806,-0.038404,-0.043227,-0.029148,-0.010729,-0.009393,-0.0069733,0.012113,0.013649,0.014267,0.013812,0.014418,0.013738
0.019422,0.020787,0.024267,0.01729,0.0033663,-0.0169,-0.030556,-0.051672,-0.061196,-0.056489,-0.055308,-0.058576,-0.050546,-0.045429,-0.043076,-0.050833,-0.055194,-0.061915,-0.065001,-0.058707,-0.046829,-0.030611,-0.027562,-0.02057,-0.00041339,-0.00058456,0.0050165,0.010164,0.016415,0.018086,0.030306,0.022433,0.021005,0.0094791,-0.0063221,-0.0092102,-0.0075425,-0.018887,-0.020518,-0.032519,-0.047217,-0.04162,-0.019879,-0.0041628,-0.005145,0.0027649,0.0085664,0.0044308,0.010079,0.015883,0.019612
0.01362,0.022275,0.020189,0.020976,0.0021271,-0.018766,-0.046875,-0.066528,-0.071737,-0.068912,-0.050491,-0.045965,-0.040254,-0.038977,-0.041667,-0.043275,-0.051692,-0.062443,-0.05549,-0.061364,-0.044921,-0.03424,-0.024256,-0.017823,0.0074121,0.014555,0.018362,0.022269,0.035923,0.035457,0.040822,0.028839,0.023242,0.013236,0.013224,-0.0030872,-0.00753,-0.01612,-0.028336,-0.036854,-0.046731,-0.04407,-0.02418,-0.017337,-0.004266,-0.0090867,-0.0036904,0.0070969,0.013675,0.015763,0.022307
0.012484,0.023077,0.02042,0.0166,-0.0022153,-0.024716,-0.035788,-0.052446,-0.073672,-0.067161,-0.053572,-0.031074,-0.019969,-0.030701,-0.041038,-0.042052,-0.035321,-0.050943,-0.044763,-0.033402,-0.029381,-0.034399,-0.021051,-0.018282,0.0055123,0.023225,0.037401,0.03708,0.042683,0.044365,0.048562,0.039463,0.037901,0.03532,0.024914,0.0042598,0.0010628,-0.016834,-0.025703,-0.044239,-0.043205,-0.048119,-0.039035,-0.02341,-0.012568,-0.0044091,0.0051316,0.010075,0.014852,0.024085,0.032295
-0.0011727,0.014254,0.015083,0.010645,0.003314,-0.019157,-0.034915,-0.045532,-0.062091,-0.062612,-0.042058,-0.02033,-0.0094785,-0.023991,-0.033752,-0.031418,-0.025877,-0.034244,-0.029119,-0.020906,-0.025667,-0.019252,-0.015007,-0.0049282,0.014032,0.022312,0.029949,0.030174,0.051053,0.053035,0.058401,0.057442,0.04538,0.04329,0.040728,0.008283,-0.013527,-0.025607,-0.034868,-0.044757,-0.045389,-0.039116,-0.037372,-0.023332,-0.012049,-0.0045594,-0.00022737,0.014373,0.025041,0.028691,0.047284
0.0072906,0.010843,0.0079808,0.0085424,-0.0082329,-0.022198,-0.022011,-0.035632,-0.049127,-0.041676,-0.027014,-0.013255,-0.0015402,0.0034266,-0.009366,-0.015196,-0.01369,-0.016813,-0.013442,-0.009201,-0.0091105,-0.011503,-0.0022217,0.0079595,0.028438,0.042718,0.031325,0.036818,0.05346,0.066028,0.06917,0.066163,0.055553,0.047505,0.031657,-1.7541e-05,-0.03106,-0.037375,-0.034032,-0.028621,-0.039006,-0.043844,-0.028105,-0.0076938,0.0037268,0.0069656,0.012405,0.016278,0.019398,0.036031,0.047083
0.00092746,-0.0035648,-0.0030253,-0.011603,-0.025114,-0.034755,-0.025663,-0.034899,-0.043787,-0.034496,-0.016949,-0.0096318,-0.0060235,-0.0026635,-0.011212,-0.0072576,-0.0037485,-0.0066459,-0.014256,-0.015952,-0.01423,-0.0058085,-0.0016912,0.011593,0.033194,0.042735,0.03372,0.036168,0.050993,0.05824,0.057909,0.053149,0.038018,0.020047,0.0016379,-0.023339,-0.042331,-0.050287,-0.045988,-0.038178,-0.044565,-0.040327,-0.024674,-0.0066245,0.0019213,0.012962,0.019493,0.024825,0.019733,0.026065,0.030442
-0.006789,-0.0062484,-0.011102,-0.022125,-0.028491,-0.034963,-0.031795,-0.035722,-0.041851,-0.038485,-0.021248,-0.0026005,0.0036641,-0.0055019,-0.0027249,-0.0039766,-0.0020555,-0.010138,-0.014477,-0.0080774,-0.0031643,0.0080081,0.0073841,0.017764,0.040356,0.043238,0.041311,0.02985,0.033521,0.032209,0.043114,0.049074,0.034882,0.013561,-0.019501,-0.050262,-0.061316,-0.06733,-0.061136,-0.054026,-0.048493,-0.032612,-0.01974,-0.0052142,0.0036416,0.018273,0.02126,0.020906,0.024141,0.015112,0.027816
-0.013398,-0.013507,-0.017921,-0.011951,-0.012443,-0.019617,-0.036255,-0.043848,-0.04236,-0.029052,-0.015543,0.00088381,0.0087462,0.0016427,0.0013024,0.0061584,0.012401,-0.0037431,0.0036171,0.0034992,0.012869,0.010606,0.023349,0.033003,0.047388,0.044711,0.046006,0.03375,0.018814,0.026521,0.039622,0.032905,0.029382,0.016298,-0.019148,-0.052592,-0.064364,-0.078234,-0.07418,-0.067397,-0.05265,-0.035978,-0.0083391,-0.0003793,0.011736,0.019742,0.031738,0.035692,0.038876,0.030616,0.017853
-0.0063456,-0.0065596,-0.014723,-0.010921,-0.0057322,-0.012685,-0.033367,-0.041326,-0.027393,-0.024166,-0.0072087,0.0063098,0.01397,0.013725,0.015893,0.014648,0.010907,0.013328,0.02817,0.024832,0.029409,0.027832,0.027924,0.037094,0.054869,0.053434,0.052014,0.037224,0.02398,0.018455,0.034676,0.028396,0.03079,0.016332,-0.0077672,-0.047533,-0.060544,-0.07121,-0.070482,-0.063117,-0.058951,-0.04082,-0.014717,-0.0012539,0.02306,0.034653,0.039994,0.048876,0.048989,0.032562,0.02307
-0.010267,-0.01124,-0.0086524,-0.0092246,-0.012479,-0.024743,-0.029588,-0.036384,-0.039189,-0.02209,-0.0034523,0.010863,0.020847,0.02076,0.020664,0.012845,0.022794,0.024359,0.027261,0.027348,0.031706,0.041954,0.044716,0.049002,0.059678,0.047785,0.045341,0.034202,0.02334,0.021276,0.026921,0.026301,0.028385,0.013722,-0.023336,-0.040606,-0.049545,-0.074681,-0.073275,-0.069358,-0.058658,-0.036941,-0.016993,-0.0018379,0.0072319,0.027868,0.041111,0.034862,0.032786,0.02449,0.024495
0.0029031,-0.001471,0.0024261,-0.0083217,-0.014849,-0.024251,-0.028131,-0.028413,-0.032901,-0.026354,-0.0086875,0.0094418,0.023797,0.034635,0.028537,0.021111,0.025933,0.030063,0.036521,0.03467,0.040947,0.05123,0.051676,0.06046,0.064828,0.051151,0.040014,0.035286,0.030588,0.0261,0.023126,0.034943,0.025857,0.0071044,-0.021541,-0.039241,-0.049276,-0.063998,-0.064759,-0.058924,-0.055838,-0.036412,-0.01511,-0.0046686,0.016236,0.039421,0.036794,0.024455,0.012813,0.018098,0.03077
0.0039456,0.0067014,-0.0067581,-0.0063965,-0.0067668,-0.02596,-0.029337,-0.034649,-0.026577,-0.024663,-0.01265,-0.0067402,0.0078612,0.018311,0.011671,0.015232,0.023732,0.038668,0.048037,0.055182,0.047693,0.053636,0.059175,0.062493,0.054498,0.041222,0.026284,0.031146,0.032203,0.029674,0.02941,0.01611,0.0098436,-0.0064896,-0.02289,-0.033776,-0.053511,-0.058622,-0.063081,-0.059538,-0.062087,-0.040349,-0.026407,-0.0055746,0.015363,0.029297,0.030783,0.016656,0.0067254,0.014783,0.023721
0.011063,0.011416,0.0045123,0.0079285,0.0086481,-0.0071646,-0.021557,-0.021554,-0.02828,-0.025848,-0.023369,-0.015831,-0.00035177,0.0091698,0.0039487,0.0050193,0.025544,0.036369,0.064204,0.077451,0.072503,0.06672,0.071513,0.06425,0.047491,0.036302,0.031806,0.022693,0.024449,0.02781,0.019305,0.019089,0.0050426,0.00049621,-0.016414,-0.039192,-0.048456,-0.055209,-0.05923,-0.05831,-0.051238,-0.036741,-0.019129,-0.0015919,0.019115,0.025924,0.020678,0.015843,0.010413,0.016845,0.036439
0.0039882,0.016287,0.013555,0.02161,0.022947,0.00017538,-0.012333,-0.019806,-0.03696,-0.033731,-0.02402,-0.0096863,-0.0044196,-0.0042254,0.0018738,0.0078643,0.03063,0.041772,0.060424,0.073225,0.07471,0.077562,0.076087,0.054732,0.048075,0.036926,0.031133,0.021819,0.025234,0.014275,0.012285,0.011283,0.0033608,-0.010581,-0.02235,-0.037969,-0.040103,-0.051836,-0.057134,-0.06712,-0.040803,-0.015189,-0.0075112,0.0070549,0.016255,0.016912,0.015987,0.018693,0.017087,0.017089,0.035606
0.011628,0.013306,0.01291,0.022368,0.0077054,-0.0053259,-0.0084623,-0.022483,-0.029649,-0.024744,-0.011919,-0.014019,-0.0066614,0.003442,0.0021237,0.015611,0.033877,0.040553,0.053667,0.068231,0.075858,0.067421,0.06186,0.048458,0.044092,0.039058,0.036042,0.021154,0.02593,0.0098171,0.0081254,-0.0037934,-0.004825,-0.026732,-0.030713,-0.044954,-0.035965,-0.040578,-0.047774,-0.043342,-0.038581,-0.024289,-0.00061721,0.0078026,0.01221,0.011069,0.011846,0.011696,0.010012,0.020595,0.029204
0.0076993,0.012485,0.01055,0.014319,0.007327,-0.0026905,-0.013551,-0.021066,-0.022154,-0.0093113,-0.0082324,-0.0065825,-0.0036556,0.0070832,0.020049,0.028567,0.039454,0.036408,0.042489,0.044374,0.058643,0.05877,0.05549,0.044352,0.049632,0.034804,0.020044,0.014187,0.016074,0.0067313,0.005568,-0.0030724,-0.019681,-0.031499,-0.029806,-0.035116,-0.034973,-0.036,-0.027632,-0.03452,-0.036445,-0.025314,0.0011605,0.0062293,0.0054189,0.001304,0.0037005,0.0070103,0.014133,0.023065,0.024572
0.0048698,0.014085,0.020228,0.012108,0.0075271,0.00073339,0.0037222,-0.002752,-0.0048552,-0.0041284,-0.0032294,0.0056535,0.018315,0.025122,0.041925,0.052567,0.056007,0.045071,0.035153,0.040886,0.044458,0.056213,0.050605,0.050172,0.050891,0.036091,0.026966,0.012265,0.011194,0.009146,0.01215,0.004628,-0.0099159,-0.01206,-0.019349,-0.025372,-0.018462,-0.020961,-0.018026,-0.020769,-0.031904,-0.023056,-0.0060011,0.0069368,0.00075026,0.0076117,0.0081572,0.011679,0.023916,0.025935,0.033902
-0.0058074,0.0085236,0.014416,0.0053174,-0.0045919,-0.0048417,0.0055052,0.0065305,0.0065223,-0.00061971,0.0077869,0.021809,0.026927,0.02437,0.038157,0.059784,0.061538,0.047293,0.039095,0.031914,0.035132,0.042704,0.039309,0.041208,0.041991,0.034243,0.022031,0.016797,0.0095703,0.018623,0.016051,0.00042972,-0.011037,-0.0059804,-0.016554,-0.019499,-0.011318,-0.013416,-0.024981,-0.020835,-0.026273,-0.023075,-0.015598,-0.0098109,-0.0052056,-6.7125e-05,0.0038942,0.014423,0.027478,0.028716,0.028915
-0.017519,-0.0008622,0.003895,-8.8738e-05,-0.0073391,-0.0045398,0.0042805,0.011005,0.01125,0.0050838,0.010709,0.026749,0.032011,0.031066,0.043923,0.053082,0.051881,0.042915,0.044277,0.028112,0.029068,0.030558,0.028711,0.033842,0.048535,0.041595,0.022773,0.024973,0.018065,0.023787,0.01604,-0.0029707,-0.012813,-0.0020851,-0.009913,-0.017127,-0.021585,-0.021239,-0.018721,-0.012861,-0.019074,-0.024132,-0.018627,-0.014899,-0.0082462,-0.012259,-0.0091605,0.0041876,0.025159,0.032471,0.030226
-0.02845,-0.018053,-0.0031947,-0.0084668,-0.010178,-0.00836,0.0021444,0.0025882,0.003353,0.0076354,0.015108,0.019134,0.03479,0.037903,0.040235,0.043083,0.047846,0.037947,0.030735,0.026656,0.020246,0.027026,0.025157,0.039645,0.053985,0.040829,0.037882,0.02661,0.031908,0.028592,0.022939,-0.0012562,-0.011969,-0.0089471,-0.010891,-0.025982,-0.030393,-0.039597,-0.023083,-0.010121,-0.020221,-0.020955,-0.012407,-0.010741,-0.025326,-0.025216,-0.022007,-0.012894,0.0084046,0.022488,0.029784
-0.028071,-0.013045,-0.013665,-0.01972,-0.020269,-0.013519,0.0036126,0.012107,0.0072204,0.0097758,0.013116,0.019768,0.024053,0.023354,0.028235,0.035556,0.048239,0.039677,0.035846,0.027094,0.031095,0.031479,0.030024,0.026592,0.049465,0.042977,0.040385,0.043356,0.046179,0.034892,0.032745,0.015613,-0.0013886,-0.017541,-0.021115,-0.027529,-0.028789,-0.032447,-0.013553,-0.020947,-0.022114,-0.021372,-0.017485,-0.021334,-0.026684,-0.027511,-0.018261,-0.013466,-0.0022576,0.01331,0.022449
-0.029476,-0.023075,-0.022056,-0.012007,-0.013781,-0.0053711,0.0087989,0.015378,0.011674,0.010646,0.019886,0.012332,0.014479,0.019321,0.019902,0.039596,0.053403,0.040351,0.042338,0.040006,0.046172,0.040643,0.042795,0.037732,0.044296,0.044119,0.044833,0.0414,0.050643,0.048726,0.046052,0.030314,0.018037,-0.0042492,-0.012084,-0.021103,-0.012059,-0.011526,-0.018065,-0.021394,-0.027982,-0.030977,-0.023804,-0.029437,-0.024075,-0.028067,-0.019813,-0.011534,-0.0046088,0.011581,0.023768
-0.032151,-0.028558,-0.031164,-0.013136,0.00668,3.1194e-05,0.0055051,0.010412,0.0093131,0.014259,0.018242,0.014727,0.019093,0.024628,0.034807,0.042385,0.049202,0.043552,0.047204,0.05681,0.047208,0.049313,0.048879,0.040373,0.043774,0.046728,0.047004,0.0428,0.052874,0.054027,0.056308,0.043647,0.034134,0.020706,0.0063747,-0.0034917,-0.0011755,0.00087931,-0.0052692,-0.023893,-0.02953,-0.029602,-0.03647,-0.024521,-0.023782,-0.03067,-0.026453,-0.011282,0.0010307,0.0083351,0.026977
-0.037288,-0.043823,-0.042372,-0.028489,-0.0090359,-0.012123,-0.017693,-0.0077288,-0.0058077,0.0083378,0.014786,0.019457,0.022656,0.027296,0.026595,0.026647,0.037634,0.036118,0.046331,0.049416,0.041926,0.035247,0.032022,0.025657,0.024646,0.034854,0.042588,0.043452,0.047034,0.048319,0.039758,0.046121,0.026945,0.022681,0.013441,0.0033405,0.0048201,0.0039098,-0.0060691,-0.025169,-0.035494,-0.037528,-0.038956,-0.04013,-0.039584,-0.037805,-0.035466,-0.017067,-0.010414,-0.0023369,0.019861
-0.054576,-0.052184,-0.051715,-0.032748,-0.022967,-0.024255,-0.016739,-0.021848,-0.018709,-0.0071124,0.011723,0.01996,0.028067,0.029282,0.015907,0.020114,0.031832,0.038848,0.038876,0.043917,0.037894,0.026113,0.020433,0.016698,0.01783,0.028928,0.034254,0.041743,0.036401,0.027757,0.029519,0.031212,0.033267,0.021661,0.01567,0.01987,0.017181,0.0097823,-0.0083941,-0.02144,-0.039258,-0.037889,-0.043608,-0.052782,-0.054326,-0.037935,-0.025604,-0.025763,-0.022018,-0.0021596,0.014725
-0.060362,-0.061216,-0.047413,-0.032701,-0.023114,-0.023648,-0.024135,-0.025313,-0.022784,-0.017117,-0.001707,0.013995,0.021501,0.02612,0.02031,0.01287,0.017351,0.034901,0.042363,0.037416,0.032218,0.025324,0.016805,0.017835,0.02281,0.015595,0.01082,0.014693,0.025016,0.014435,0.018307,0.029212,0.035965,0.030023,0.029319,0.020431,0.017189,0.0042122,-0.0056714,-0.015014,-0.032408,-0.038536,-0.039688,-0.049485,-0.04237,-0.02375,-0.02596,-0.022801,-0.016615,-0.00083025,0.017883
-0.057559,-0.062784,-0.055281,-0.044026,-0.035345,-0.030048,-0.027836,-0.023006,-0.024149,-0.012656,-0.013246,-0.0071915,0.0043374,0.0083963,0.009946,0.0006108,0.017284,0.031196,0.04565,0.03896,0.028272,0.01659,0.015798,0.012922,0.012673,-0.0045604,-0.00077108,-0.0053149,0.0037385,0.011763,0.017837,0.016718,0.026052,0.03294,0.020094,0.01241,0.016093,-0.0019145,-0.0020195,-0.012105,-0.026457,-0.043921,-0.042208,-0.041371,-0.032041,-0.014361,-0.0098442,-0.014648,-0.0096079,-0.0060565,0.0079315
-0.058286,-0.055535,-0.064329,-0.055982,-0.044711,-0.033064,-0.027975,-0.022912,-0.012173,-0.022903,-0.020189,-0.011023,-0.003958,-0.0079354,-0.0021024,0.0018577,0.012243,0.028693,0.040609,0.030916,0.024126,0.01513,0.014192,0.0082001,0.0057948,-0.0071641,-0.0078843,-0.011991,-0.0094985,-0.0049395,0.016427,0.013212,0.023697,0.023371,0.014901,0.0012616,0.0069553,0.0034389,-0.0023152,-0.0069187,-0.020212,-0.029417,-0.032526,-0.035792,-0.019132,-0.0052143,-0.0042359,-0.0071653,-0.0054399,-0.01439,-0.00010566
-0.055867,-0.062333,-0.065187,-0.059923,-0.04629,-0.033585,-0.029556,-0.023672,-0.019868,-0.021172,-0.012474,-0.0026773,-4.4543e-05,-0.0079055,-0.0098623,0.0060195,0.018192,0.018103,0.028351,0.021792,0.023556,0.013532,0.0087954,0.0066903,0.0059866,-0.0046211,-0.008402,-0.010206,-0.020076,-0.007358,0.014118,0.020951,0.027916,0.023476,0.0071219,-0.0050043,7.8913e-05,-0.0023854,-0.003061,-0.0019534,-0.0022182,-0.0037132,-0.0048064,-0.020444,-0.015836,-0.0075061,-0.0072293,-0.0078741,-0.0091362,-0.0044234,3.9409e-05
-0.050339,-0.069932,-0.066951,-0.059706,-0.046735,-0.039601,-0.029326,-0.023732,-0.020937,-0.0058302,0.0016259,0.0028416,0.0049179,-0.00038962,0.0021164,0.0031797,0.017535,0.020815,0.026268,0.031474,0.022485,0.01222,-0.0031987,-0.0023134,0.0081792,0.0045996,-0.0028508,-0.0052712,-0.0071601,0.00021917,0.013188,0.027341,0.031205,0.032709,0.0089503,-0.00095803,-0.0072277,-0.0072873,0.004855,0.0097456,0.0033851,0.0026642,0.0030245,-2.1386e-05,-0.013676,-0.011071,-0.0087158,-0.0084334,5.946e-05,-0.00017399,0.0021433
-0.045107,-0.061278,-0.058256,-0.052805,-0.035447,-0.029959,-0.020195,-0.016421,-0.013707,-0.00247,0.016961,0.010153,0.0073042,0.0087429,0.0064061,0.015422,0.022697,0.029472,0.032345,0.02962,0.021845,0.021803,-0.00076256,-0.0042922,0.010249,0.014618,0.0027127,-0.0017245,0.002127,0.0064759,0.018686,0.035111,0.039243,0.035775,0.02741,0.015869,0.0021984,0.0038873,0.010122,0.01302,0.001047,0.0043977,0.0041943,0.0032377,-0.007276,-0.010183,-0.0034124,0.012026,0.010952,0.007309,0.0068846
-0.039902,-0.044431,-0.048696,-0.039818,-0.036062,-0.030485,-0.011983,-0.012273,-0.018733,-0.0080124,0.0097472,0.015643,0.018744,0.018472,0.008928,0.02105,0.029567,0.019727,0.018209,0.021943,0.024539,0.016653,0.016114,0.0043118,0.011882,0.019469,0.0030863,-0.0034443,-0.0068268,0.006379,0.025616,0.035209,0.043392,0.038184,0.025564,0.014364,0.0053456,0.0050436,0.0070687,0.0045657,0.0008829,-0.0046499,-0.0020083,-0.0017078,-0.0067344,-0.011234,-0.0017482,0.0030212,-0.0019273,0.0070428,0.0061421
-0.03642,-0.02988,-0.037777,-0.038567,-0.035684,-0.035365,-0.030643,-0.016791,-0.020973,-0.018351,0.0030438,0.016335,0.025876,0.014385,0.012201,0.023409,0.02715,0.007138,0.0085203,0.0093442,0.007256,0.0094758,0.01198,0.011549,0.021446,0.013394,0.00445,-0.0087036,0.00386,0.0061456,0.017833,0.019912,0.015159,0.015456,0.019276,0.0029671,-0.00021293,0.0049537,0.0031476,-0.0067919,-0.010249,-0.013986,-0.017779,-0.013258,-0.004648,-0.009864,-0.012424,-0.0080523,-0.0082496,-0.013802,0.00029736
-0.022351,-0.016613,-0.020835,-0.021084,-0.025648,-0.031154,-0.023878,-0.016175,-0.021469,-0.0097019,-4.8918e-05,0.016297,0.032556,0.028257,0.023459,0.018978,0.021101,0.0052772,0.0078785,0.014979,0.010224,0.004053,0.01628,0.018444,0.030577,0.022637,0.012825,-0.00033773,0.0085935,0.006734,0.0097663,-0.0061898,-0.0045344,0.0049008,0.012256,-0.00029819,0.00044413,0.0001835,0.011185,-0.0022729,-0.0093169,-0.025386,-0.02303,-0.0071402,-0.001782,-0.0051123,-0.011139,-0.014715,-0.014821,-0.011998,-0.0040316
-0.025786,-0.012218,0.00097652,0.0061122,-0.0077381,-0.0095137,-0.010378,-0.016956,-0.022286,-0.011944,0.010757,0.026402,0.037268,0.038983,0.025452,0.020628,0.017978,0.01544,0.018458,0.011435,0.023922,0.02404,0.028851,0.024912,0.03147,0.024012,0.0062846,-0.0021498,0.0037213,-0.00051592,-0.0012296,-0.010438,-0.0078277,-0.0031279,0.011727,0.0025255,0.00049359,-0.005732,-0.0049512,-0.0023602,-0.010931,-0.019586,-0.0054858,-0.0069244,-0.0080894,-0.014691,-0.020548,-0.017282,-0.019175,-0.0077592,0.0045324
-0.030229,-0.0090048,0.0098195,0.01382,0.0056302,0.0029995,0.0055707,-0.0081029,-0.014477,-0.0078445,0.012233,0.029647,0.039853,0.033384,0.027579,0.023772,0.021339,0.025526,0.022379,0.024104,0.031421,0.033522,0.020167,0.012091,0.018486,0.011549,-0.0009694,-0.0055863,-0.0088289,-0.018147,-0.01225,-0.014621,-0.010291,-0.0058196,-0.002312,0.0021387,0.0022947,-0.0040547,-0.010635,-0.011152,-0.02036,-0.017079,-0.0092821,-0.0083415,-0.016046,-0.013109,-0.01858,-0.02421,-0.017243,-0.0083163,0.011003
-0.029297,-0.025132,0.0048772,0.011637,0.014913,0.0083908,0.0015534,-0.0018866,0.00011553,0.011989,0.0172,0.029213,0.034133,0.028476,0.030376,0.031183,0.031062,0.027274,0.025034,0.030312,0.03005,0.025594,0.013926,0.011768,0.0026349,-0.012429,-0.017891,-0.020509,-0.02237,-0.020532,-0.02246,-0.022375,-0.024147,-0.0090278,-0.011676,-0.0064356,0.0056344,-0.0033266,-0.01217,-0.017438,-0.026706,-0.025508,-0.010562,-0.013491,-0.027324,-0.021588,-0.034092,-0.032011,-0.018529,-0.0068057,0.0049796
-0.033316,-0.01715,-0.011577,-0.00070702,0.013103,0.01033,-0.0015306,0.0026496,0.018424,0.016538,0.021658,0.028196,0.035058,0.034704,0.042957,0.04281,0.02716,0.019366,0.022144,0.018774,0.023211,0.022834,0.014068,0.0043431,-0.0064423,-0.023013,-0.035128,-0.034798,-0.042776,-0.036452,-0.022605,-0.023366,-0.022303,-0.016623,-0.020947,-0.017984,-0.010854,-0.0023552,-0.0098997,-0.017374,-0.026699,-0.019359,-0.012915,-0.020361,-0.025006,-0.035745,-0.049972,-0.0466,-0.029139,-0.017133,0.0065499
-0.037841,-0.023041,-0.016305,-0.0019125,0.00031384,0.00074725,-0.00030511,0.0011621,0.012974,0.018098,0.025144,0.02313,0.02945,0.032289,0.037619,0.037646,0.033435,0.019589,0.010215,0.00047382,0.0068771,0.0083849,0.014578,-0.00088139,-0.018423,-0.034368,-0.043788,-0.050388,-0.05494,-0.045772,-0.030097,-0.034103,-0.027449,-0.028368,-0.03465,-0.026718,-0.0091874,-0.011512,-0.02344,-0.025786,-0.02733,-0.021759,-0.011069,-0.021994,-0.033443,-0.041234,-0.045734,-0.046414,-0.034189,-0.021632,0.0050779
-0.034243,-0.020021,-0.0052437,-0.0048316,0.0016372,0.00077662,0.0047466,0.019271,0.012329,0.017367,0.022156,0.018529,0.023817,0.029642,0.032137,0.027668,0.031421,0.021768,0.020324,0.0073703,0.0091461,0.013327,0.0086325,-0.0047666,-0.0076615,-0.031396,-0.040558,-0.050256,-0.048931,-0.052714,-0.043864,-0.031423,-0.021984,-0.028796,-0.030349,-0.024511,-0.0097839,-0.020204,-0.018092,-0.032563,-0.026631,-0.021419,-0.015849,-0.023003,-0.025913,-0.023413,-0.028508,-0.027764,-0.025007,-0.008282,0.017438
-0.042767,-0.020102,-0.0066668,0.009781,0.011817,0.0017809,0.0010036,0.0041702,0.0044488,0.007205,0.011143,0.0031939,0.014143,0.021626,0.017689,0.0089639,0.01495,0.01199,0.009262,0.0097746,0.0058031,0.0045864,0.014667,0.0099702,0.00060618,-0.030234,-0.053522,-0.06043,-0.050493,-0.058726,-0.04819,-0.04239,-0.024005,-0.023852,-0.019453,-0.020511,-0.030313,-0.038796,-0.034949,-0.036166,-0.029672,-0.016748,-0.010163,-0.013632,-0.017145,-0.017713,-0.017249,-0.018574,-0.005379,0.012665,0.028632
-0.032222,-0.011878,-0.0077978,-0.00061859,0.0031478,-0.0026188,-0.0039871,0.0016505,-0.0032581,-0.0067699,0.00010387,-0.006607,0.0090246,0.021605,0.0029449,0.0038641,0.0059107,-0.0017576,0.0040405,0.0022173,0.00073584,-0.00029781,0.013873,0.013285,0.0018175,-0.015217,-0.035075,-0.04747,-0.054224,-0.052811,-0.04734,-0.041249,-0.027592,-0.025285,-0.022686,-0.028929,-0.040182,-0.041361,-0.040065,-0.034815,-0.028403,-0.017261,-0.0067053,-0.0052389,0.0040914,0.0019993,0.0027023,0.0037781,-0.0023405,0.016842,0.029364
-0.021887,-0.0067096,-0.0092532,-0.011965,-0.0050484,-0.015797,-0.012195,-0.0020317,-0.0038322,-0.0030825,0.00048617,0.0061964,0.0080908,0.0040706,0.0011756,0.0019495,0.0057267,0.0011684,-0.0043433,-0.002581,-0.0072995,0.0053523,0.019828,0.014499,0.0054178,-0.0052139,-0.025238,-0.03357,-0.036821,-0.034823,-0.030149,-0.027469,-0.031871,-0.02707,-0.029699,-0.030792,-0.034372,-0.032118,-0.033155,-0.037322,-0.019447,-0.001451,0.0005763,0.013909,0.02147,0.025075,0.019506,0.023894,0.018953,0.014642,0.029013
-0.021505,-0.018159,-0.0139,-0.013507,-0.01463,-0.017298,-0.0092356,0.0014612,-0.0068122,-0.0060652,0.0040215,0.0010619,0.0078291,0.0066226,0.0012774,0.0030758,0.002975,-0.0085413,-0.0081526,0.00062815,0.0027332,0.011662,0.01361,0.014429,0.0062483,-0.0040886,-0.016937,-0.032658,-0.030284,-0.0216,-0.018304,-0.012979,-0.011358,-0.013195,-0.029689,-0.034484,-0.029924,-0.02511,-0.028634,-0.019927,-0.014443,-2.6014e-05,0.015394,0.033451,0.041202,0.04379,0.036648,0.034558,0.030766,0.02936,0.046041
-0.040556,-0.038666,-0.032302,-0.018533,-0.016627,-0.016313,-0.0189,-0.020145,-0.016951,-0.0087465,-0.0032669,0.0011206,-0.0045644,-0.0056257,-0.0032038,-0.00097501,-0.0046744,-0.0070203,-0.0050585,-0.0034464,0.011479,0.0058224,0.0035245,-0.0046759,-0.0014454,-0.011608,-0.035021,-0.031246,-0.024789,-0.020188,-0.007712,-0.0087866,-0.0079321,-0.014214,-0.018317,-0.028071,-0.035047,-0.035281,-0.028439,-0.025375,-0.020172,-0.0047237,0.027525,0.040303,0.047843,0.049269,0.043349,0.045714,0.045112,0.04693,0.041126
-0.042979,-0.043569,-0.03464,-0.030779,-0.029396,-0.019041,-0.016375,-0.024396,-0.024232,-0.014679,-0.0031215,-7.559e-05,-0.0005423,-0.010888,-0.017613,-0.011664,-0.0063048,-0.00087691,0.0041162,0.0096435,0.020788,0.0091961,-0.013858,-0.026297,-0.017976,-0.021161,-0.018358,-0.02516,-0.021658,-0.023236,-0.0031187,-0.0057217,-0.0046799,-0.015087,-0.018006,-0.031779,-0.029343,-0.035028,-0.023805,-0.014994,-0.018262,-0.002498,0.037965,0.050655,0.051429,0.064869,0.064106,0.061295,0.058725,0.057049,0.056914
-0.052342,-0.0477,-0.035261,-0.028149,-0.027648,-0.023813,-0.027473,-0.035896,-0.040324,-0.0277,-0.011407,0.0062647,0.0052589,-0.017976,-0.017301,-0.015485,-0.00639,-0.0021593,0.0043445,0.00835,0.015549,0.0072461,-0.01063,-0.025309,-0.015658,-0.021851,-0.019019,-0.027167,-0.023288,-0.022232,-0.0073911,-0.014448,-0.016438,-0.01493,-0.024125,-0.035549,-0.031372,-0.038263,-0.028417,-0.017802,-0.0041843,0.012669,0.044073,0.057036,0.056936,0.065774,0.066028,0.065498,0.072831,0.060838,0.065608
-0.031496,-0.029143,-0.02151,-0.018346,-0.02146,-0.020735,-0.025242,-0.029418,-0.033345,-0.03449,-0.016634,0.0080521,0.014332,0.0023687,0.0003064,0.0039989,0.0012274,0.003646,0.019846,0.019452,0.022465,0.007709,-0.0030887,-0.0073289,0.002637,0.001179,-0.0090698,-0.01231,-0.01402,-0.009666,-0.0056937,-0.017421,-0.01621,-0.0090192,-0.018949,-0.036802,-0.032781,-0.023327,-0.014298,0.0015103,0.014031,0.019839,0.044217,0.062967,0.085457,0.087801,0.079507,0.084334,0.085554,0.078644,0.077959
