0.05374,0.05374,0.043888,0.051155,0.056055,0.053141,0.050823,0.052114,0.052521,0.043068,0.046755,0.054433,0.055313,0.056735,0.048927,0.050555,0.055764,0.053133,0.058756,0.066824,0.073849,0.0725,0.063605,0.049024,0.025403,0.011848,0.013558,0.013992,-0.00050709,0.0089467,0.025535,0.018129,0.030391,0.035288,0.032404,0.024211,0.025164,0.017803,0.010408,0.0039766,0.0027315,0.0066256,0.011158,0.013308,0.025235,0.036885,0.04494,0.066038,0.079138,0.083734,0.07722
0.06731,0.067104,0.062219,0.049691,0.058038,0.066979,0.064995,0.068342,0.062432,0.042569,0.04123,0.057452,0.063727,0.059233,0.055489,0.05288,0.044001,0.038251,0.045221,0.058831,0.071947,0.072077,0.059014,0.046823,0.031252,0.026389,0.021954,0.016289,0.0078235,0.011235,0.018424,0.016028,0.016434,0.023581,0.018491,0.017281,0.019414,0.008826,0.010027,0.010959,-0.00015619,0.014536,0.012288,0.0035997,0.021776,0.044397,0.043734,0.055369,0.06351,0.065941,0.067697
0.074782,0.070131,0.077748,0.075385,0.077597,0.078021,0.084376,0.08573,0.07328,0.057663,0.052678,0.060796,0.062677,0.066967,0.066158,0.053526,0.049388,0.045855,0.04157,0.052301,0.058125,0.062729,0.05387,0.053339,0.058054,0.034027,0.028563,0.020289,0.019202,0.025336,0.016738,0.0074361,0.014112,0.028388,0.018944,0.025759,0.023489,0.012845,0.015264,0.017799,0.01123,0.015861,0.016937,0.015508,0.018614,0.039663,0.052906,0.054154,0.060185,0.049755,0.055405
0.075296,0.088518,0.093563,0.096169,0.088935,0.094984,0.103,0.10648,0.092284,0.076279,0.07133,0.06509,0.069241,0.073401,0.070527,0.051696,0.043329,0.044069,0.054656,0.055801,0.065519,0.060371,0.05109,0.053785,0.052461,0.041478,0.022018,0.020356,0.026811,0.027171,0.022686,0.019487,0.03043,0.03648,0.031349,0.021682,0.02723,0.018255,0.035094,0.039697,0.02587,0.016405,0.019777,0.010183,0.015968,0.027209,0.044937,0.057532,0.052964,0.048897,0.048762
0.073819,0.094501,0.090719,0.098796,0.10211,0.11228,0.12093,0.11412,0.10229,0.08932,0.08026,0.077215,0.066923,0.064652,0.059297,0.06225,0.05512,0.045401,0.05408,0.056859,0.059324,0.050709,0.044592,0.032714,0.034655,0.021226,0.017862,0.015667,0.023082,0.024874,0.030808,0.021538,0.031412,0.033481,0.039226,0.03084,0.026795,0.029324,0.034492,0.030739,0.029667,0.024023,0.020541,0.0036994,0.004138,0.010411,0.030546,0.041683,0.049849,0.038891,0.040166
0.070025,0.078372,0.071317,0.081578,0.10072,0.11352,0.12373,0.12303,0.095984,0.085055,0.073362,0.068651,0.067586,0.058047,0.058319,0.066882,0.061102,0.041186,0.042631,0.054719,0.05036,0.031294,0.015911,0.0060773,0.009038,0.0064795,0.019513,0.012305,0.018785,0.014775,0.017957,0.013452,0.016017,0.032938,0.036233,0.016403,0.026017,0.029572,0.030659,0.017382,0.018346,0.018955,0.011943,0.0038569,-0.0021527,-0.0040569,0.0065857,0.01041,0.019114,0.019592,0.030882
0.067265,0.074038,0.06976,0.088934,0.10217,0.11382,0.12124,0.11556,0.10202,0.095446,0.086712,0.079198,0.077683,0.061484,0.061736,0.068233,0.065716,0.04671,0.056205,0.061335,0.048376,0.037196,0.014942,-0.0029263,-0.0035482,0.0014686,0.0010736,0.014735,0.02954,0.024815,0.011057,0.0088681,0.013323,0.019258,0.024974,0.011415,0.016587,0.029582,0.037162,0.021584,0.023231,0.027102,0.025604,0.013201,-0.010356,-0.021393,-0.017542,-0.0017576,0.01661,0.026348,0.032398
0.066011,0.070294,0.072295,0.088986,0.095861,0.099909,0.1227,0.11062,0.093591,0.091198,0.089992,0.073123,0.067344,0.072384,0.062915,0.069758,0.067019,0.063259,0.068168,0.065366,0.057902,0.036584,0.010754,-0.0083304,-0.0064366,-0.00024687,0.00011409,0.010836,0.019419,0.0097114,0.00039447,0.001796,0.0056523,0.013242,0.0080516,0.0032878,0.0033798,0.022538,0.021403,0.028079,0.020337,0.016878,0.019798,0.015024,-0.0073832,-0.027965,-0.012821,-0.001559,0.0069033,0.024201,0.038935
0.051935,0.063303,0.074306,0.083299,0.088797,0.095726,0.10757,0.10095,0.084153,0.083218,0.080379,0.068937,0.061837,0.05596,0.06354,0.076561,0.087222,0.08379,0.083472,0.072243,0.054919,0.040955,0.012324,-0.0051361,-0.0013706,0.0035646,-0.0039519,-0.0026194,-0.00060524,-0.0061209,-0.013623,-0.0047605,-0.0068429,-0.00063707,0.0019848,0.0018131,0.0038818,0.002337,0.0074016,0.0098185,0.0084138,0.011392,0.0087893,0.0031141,-0.012074,-0.01042,0.00069108,0.0095396,0.013569,0.022892,0.037731
0.039585,0.056556,0.067469,0.07531,0.077461,0.07596,0.07979,0.086138,0.081706,0.074452,0.066675,0.069349,0.070485,0.062316,0.064506,0.075367,0.086576,0.085085,0.089211,0.086729,0.06362,0.042238,0.016754,0.0048891,0.0054752,-0.0061273,-0.011869,-0.021365,-0.025506,-0.024102,-0.019944,-0.02173,-0.018901,-0.0085684,-0.0092085,-0.018467,-0.011204,-0.0080571,0.0037089,0.00039152,0.0036789,0.0015419,-0.0086275,-0.015943,-0.012924,-0.00016552,0.0060443,0.010019,0.019858,0.028787,0.041224
0.020614,0.038144,0.050589,0.062476,0.060661,0.055876,0.055846,0.068397,0.07571,0.068931,0.06527,0.078534,0.083725,0.088554,0.077474,0.087102,0.090525,0.093857,0.095342,0.084367,0.069053,0.041608,0.032101,0.021537,0.012208,-0.01036,-0.014589,-0.026388,-0.025887,-0.030548,-0.018044,-0.036555,-0.029088,-0.016247,-0.014739,-0.022145,-0.0093285,-0.0052282,-0.0017356,0.0019159,-0.0012476,-0.0032247,-0.0076744,-0.020256,-0.0051563,2.4882e-05,0.0084003,0.016978,0.026224,0.032652,0.04001
0.0011641,0.016744,0.022834,0.031756,0.032465,0.046318,0.047243,0.058803,0.064673,0.06079,0.060766,0.081413,0.095059,0.10101,0.10344,0.098,0.098174,0.091354,0.093265,0.076024,0.060464,0.049084,0.032169,0.015996,0.010883,-0.0038568,-0.013806,-0.026333,-0.036446,-0.038907,-0.03236,-0.043355,-0.030993,-0.032275,-0.021165,-0.016573,-0.002439,-0.013195,0.00044055,-0.0037782,-0.0068982,-0.012632,-0.012617,-0.015062,0.00064013,0.01464,0.010627,0.011905,0.019257,0.021259,0.034484
-0.010842,-0.012021,0.0033612,0.011977,0.022204,0.030282,0.042608,0.056434,0.054544,0.062886,0.079186,0.092504,0.099969,0.10279,0.10299,0.096661,0.10244,0.10145,0.086194,0.074768,0.073057,0.065031,0.041698,0.021232,0.008965,-0.01206,-0.018013,-0.035043,-0.038984,-0.039373,-0.029038,-0.027795,-0.03145,-0.027695,-0.03048,-0.0179,0.0064676,-0.0054899,0.0036459,0.0080043,-0.0017105,-0.006494,-0.0077348,-0.012452,-0.0027683,0.0096801,0.018831,0.016418,0.02138,0.0279,0.046597
-0.037931,-0.037596,-0.025999,-0.0015528,0.011285,0.016251,0.030203,0.04414,0.057007,0.059201,0.070572,0.086558,0.090503,0.091395,0.087873,0.090247,0.094567,0.089965,0.085224,0.073379,0.067492,0.062474,0.042641,0.019547,0.0096413,-0.01125,-0.030849,-0.041461,-0.049768,-0.046961,-0.037817,-0.028159,-0.021303,-0.02702,-0.035646,-0.02304,-0.014493,0.0027603,0.013791,0.011383,-0.0038709,-0.0084592,-0.010351,-0.013588,-0.0023765,0.014403,0.017508,0.014876,0.022237,0.027278,0.029777
-0.052063,-0.050732,-0.041889,-0.016168,0.003375,0.0074147,0.023292,0.042328,0.057053,0.063275,0.075326,0.077972,0.083213,0.078869,0.076021,0.085607,0.095741,0.089578,0.0826,0.068682,0.060105,0.051057,0.042152,0.032237,0.0085703,-0.0023459,-0.02308,-0.034008,-0.047414,-0.046376,-0.035492,-0.024771,-0.024894,-0.02256,-0.030799,-0.033696,-0.014181,0.0062689,0.016256,0.016775,0.0055408,0.0037038,0.0021529,0.0026638,0.012946,0.019553,0.020429,0.026407,0.02087,0.021676,0.014834
-0.055207,-0.050259,-0.044652,-0.03183,-0.0087192,-0.0010794,0.02206,0.037187,0.049764,0.069824,0.080687,0.086264,0.08762,0.079768,0.07329,0.080525,0.086481,0.07757,0.07279,0.073464,0.061277,0.058895,0.050037,0.034551,0.026678,0.009517,0.001825,-0.022349,-0.034235,-0.03103,-0.021567,-0.014476,-0.019566,-0.022359,-0.027869,-0.025435,-0.01103,0.012042,0.026069,0.029576,0.033007,0.028267,0.017155,0.023877,0.026652,0.029521,0.02952,0.022207,0.022596,0.012011,0.021354
-0.067286,-0.053745,-0.049249,-0.031604,-0.019906,-0.0051354,0.012646,0.034079,0.043515,0.065604,0.080542,0.091111,0.096983,0.08386,0.07377,0.075171,0.077098,0.065619,0.069468,0.068291,0.065041,0.05857,0.053515,0.040612,0.034421,0.024503,0.0064966,-0.013723,-0.011197,-0.015644,-0.01246,-0.012346,-0.01401,-0.017172,-0.011591,-0.014053,0.004621,0.017198,0.030925,0.03322,0.038869,0.040417,0.03661,0.034213,0.037704,0.037732,0.034006,0.027526,0.020936,0.018525,0.029784
-0.084462,-0.071334,-0.068737,-0.037362,-0.034259,-0.027019,0.0023021,0.025401,0.035776,0.050789,0.069861,0.076979,0.087444,0.088888,0.075044,0.067245,0.065897,0.058385,0.064482,0.061642,0.058978,0.04319,0.037417,0.037446,0.038812,0.023079,0.003394,-0.006887,-0.0047105,-0.0090036,-0.010994,-0.019348,-0.0035599,0.0014746,0.010138,0.0032973,0.0095353,0.01572,0.022566,0.019208,0.024719,0.022139,0.039179,0.040144,0.04355,0.038553,0.0425,0.025557,0.014077,0.021002,0.03041
-0.092885,-0.074573,-0.062162,-0.053281,-0.044756,-0.034101,-0.013487,0.010559,0.02772,0.050482,0.069269,0.085895,0.089523,0.085202,0.079305,0.071145,0.061408,0.058174,0.064583,0.062943,0.053713,0.043427,0.037484,0.0326,0.041387,0.023933,0.0088734,-0.0045521,0.0054635,0.0016333,0.00015921,0.003346,0.012662,0.023428,0.029782,0.023579,0.018527,0.013764,0.024115,0.020076,0.015539,0.023573,0.037384,0.035012,0.038739,0.041483,0.042891,0.032989,0.034306,0.027212,0.040627
-0.092427,-0.072122,-0.06312,-0.062153,-0.056255,-0.043594,-0.027187,-0.0036437,0.01,0.044371,0.075876,0.092022,0.091793,0.084351,0.081731,0.072767,0.066265,0.055947,0.052035,0.050439,0.047701,0.037254,0.024815,0.030875,0.036648,0.027133,0.018739,0.0070528,0.00068439,0.0084211,0.014659,0.016392,0.02532,0.037734,0.033169,0.020783,0.022761,0.013122,0.018333,0.018539,0.01687,0.023823,0.028095,0.032005,0.030521,0.038822,0.041187,0.044773,0.038109,0.034338,0.048138
-0.083619,-0.068913,-0.063012,-0.063578,-0.054038,-0.041228,-0.025527,-0.011047,0.022185,0.043071,0.073368,0.096853,0.095724,0.09214,0.087379,0.091615,0.078418,0.064086,0.054437,0.051934,0.044128,0.033558,0.024934,0.03097,0.041447,0.040534,0.032151,0.030188,0.024389,0.028807,0.033548,0.029762,0.046627,0.056812,0.040388,0.025927,0.019331,0.02353,0.021772,0.02176,0.017509,0.03151,0.044533,0.040518,0.045644,0.048276,0.04501,0.052936,0.05373,0.04961,0.054718
-0.0701,-0.063295,-0.054658,-0.052072,-0.03699,-0.022076,-0.013087,0.0071395,0.026934,0.046937,0.069224,0.092092,0.099281,0.095882,0.094453,0.096,0.0805,0.06441,0.058187,0.056478,0.052268,0.042846,0.033097,0.033955,0.038039,0.036039,0.038632,0.043469,0.047401,0.048484,0.049709,0.046403,0.057691,0.0672,0.046319,0.0246,0.023277,0.023809,0.028486,0.02699,0.018704,0.041405,0.057759,0.057081,0.05498,0.053917,0.052096,0.065253,0.072713,0.073393,0.077538
-0.056128,-0.053814,-0.047839,-0.034576,-0.021661,0.0010085,0.014809,0.026737,0.02727,0.046817,0.067494,0.085021,0.092244,0.095211,0.099626,0.086363,0.078375,0.058748,0.054094,0.059976,0.060551,0.05661,0.038952,0.02656,0.031248,0.025913,0.036727,0.047812,0.052469,0.060884,0.067378,0.063037,0.066153,0.063901,0.050122,0.030804,0.029863,0.018656,0.028683,0.028008,0.031868,0.043202,0.060521,0.065693,0.056541,0.059856,0.065708,0.073363,0.084295,0.0889,0.10536
-0.05149,-0.041083,-0.03605,-0.024446,-0.008522,0.015835,0.038164,0.045492,0.0443,0.050185,0.066701,0.080413,0.0933,0.096904,0.092005,0.091764,0.074949,0.059109,0.054908,0.048068,0.052932,0.049587,0.038008,0.01759,0.024418,0.029417,0.034321,0.044487,0.065216,0.064327,0.075453,0.075855,0.073491,0.062303,0.053592,0.039158,0.032968,0.021341,0.025885,0.031146,0.039884,0.052883,0.070975,0.061681,0.070709,0.065871,0.078395,0.080329,0.084112,0.092417,0.10802
-0.030116,-0.024629,-0.022198,0.0067959,0.008567,0.020721,0.045965,0.065494,0.064857,0.069779,0.075329,0.087183,0.10701,0.1166,0.10225,0.087114,0.075403,0.051639,0.0467,0.041533,0.037979,0.031004,0.028014,0.020443,0.031493,0.030503,0.033061,0.047228,0.063607,0.072573,0.082656,0.074597,0.079639,0.072014,0.062853,0.039417,0.033648,0.033706,0.036172,0.043917,0.064405,0.063116,0.067888,0.071062,0.073899,0.075469,0.086098,0.087311,0.085257,0.096282,0.1105
-0.024319,-0.014537,-0.0025007,0.0074889,0.019217,0.021107,0.039563,0.066435,0.074133,0.081385,0.081393,0.096482,0.12266,0.11343,0.095041,0.080146,0.058086,0.034085,0.028897,0.026463,0.013759,0.016604,0.02251,0.018657,0.021554,0.023067,0.027474,0.034311,0.05566,0.064658,0.073932,0.079689,0.068885,0.070326,0.064691,0.040414,0.034847,0.035998,0.044485,0.051545,0.067416,0.075137,0.063229,0.059233,0.065382,0.072416,0.077335,0.082698,0.088776,0.089681,0.098221
-0.013316,-0.0060264,-0.0025971,0.010065,0.022935,0.025766,0.053253,0.068449,0.074526,0.078422,0.084219,0.09506,0.11317,0.10732,0.085873,0.069915,0.046298,0.020183,0.011509,0.0098036,0.0023881,0.0071514,0.0083974,0.0045906,0.0081047,0.015891,0.022417,0.027752,0.0296,0.044071,0.059287,0.067887,0.063468,0.063041,0.063522,0.054421,0.037423,0.036857,0.033226,0.043595,0.059182,0.062894,0.055953,0.058232,0.064628,0.076824,0.081224,0.074422,0.075198,0.082267,0.091747
-0.010743,-0.0056642,0.0013159,0.022839,0.027905,0.036102,0.056873,0.070596,0.06881,0.071982,0.083183,0.091017,0.10188,0.09457,0.073197,0.052259,0.034202,0.013395,0.00256,-0.0062791,0.0040828,0.009742,0.0077265,0.00076019,-0.00095803,0.012262,0.011102,0.021628,0.024307,0.028662,0.037942,0.049501,0.05584,0.057024,0.05847,0.056016,0.047767,0.037592,0.026036,0.035819,0.04231,0.052703,0.062047,0.063504,0.065836,0.074711,0.077404,0.077902,0.071721,0.084045,0.088405
-0.0010326,0.0015666,0.014948,0.027353,0.036261,0.036874,0.051076,0.064593,0.067044,0.072554,0.078968,0.086979,0.094892,0.083853,0.06423,0.037141,0.015435,0.0049875,-0.0012822,0.00031855,0.01193,0.021725,0.011808,0.0019078,0.010914,0.0085945,0.014735,0.01823,0.025356,0.023659,0.021853,0.033675,0.049305,0.053265,0.047702,0.046827,0.042155,0.034773,0.03848,0.038658,0.043044,0.053193,0.069118,0.071407,0.07282,0.071551,0.071029,0.069497,0.08125,0.083749,0.09006
0.015649,0.018169,0.021446,0.027933,0.034097,0.040078,0.044276,0.059692,0.064137,0.073964,0.082163,0.088317,0.080018,0.065033,0.05075,0.031483,0.024177,0.013623,0.0025082,0.005329,0.017366,0.017211,0.0156,0.013044,0.016868,0.013721,0.030278,0.02691,0.01944,0.018058,0.026516,0.022489,0.037453,0.045057,0.041705,0.032394,0.043391,0.032268,0.037765,0.041012,0.052145,0.063474,0.081534,0.079309,0.078441,0.074723,0.06914,0.073505,0.08225,0.078467,0.086437
0.016438,0.036181,0.027737,0.022028,0.029149,0.041634,0.03642,0.051158,0.061927,0.065068,0.069311,0.080631,0.069155,0.048352,0.035781,0.039292,0.027524,0.016598,0.019397,0.015784,0.022611,0.014793,0.017278,0.016331,0.021973,0.027262,0.037781,0.025721,0.011415,0.010058,0.029424,0.023074,0.042472,0.042027,0.043278,0.033904,0.037488,0.034297,0.044259,0.046377,0.051957,0.068104,0.078863,0.066737,0.081306,0.084013,0.071435,0.073848,0.076953,0.074378,0.076096
0.015333,0.023264,0.029702,0.02761,0.025842,0.023869,0.026942,0.039771,0.052228,0.055407,0.06289,0.065727,0.05018,0.03564,0.023413,0.018176,0.020683,0.022463,0.020676,0.02958,0.026808,0.01708,0.014326,0.015462,0.021726,0.0090923,0.0093803,0.0055964,0.006088,0.014802,0.028461,0.021474,0.038565,0.049139,0.041226,0.032839,0.036021,0.035563,0.044026,0.048644,0.050158,0.056477,0.065699,0.053698,0.05728,0.063554,0.064741,0.069938,0.076352,0.073306,0.081367
0.018608,0.020916,0.031803,0.025777,0.02366,0.023225,0.029714,0.048184,0.041848,0.046136,0.05043,0.046448,0.047579,0.038381,0.034955,0.021276,0.02028,0.024701,0.032673,0.03568,0.030751,0.022223,0.007671,0.012302,0.021368,0.012425,-0.0035215,-0.0018826,0.011725,0.02292,0.021521,0.030474,0.048002,0.063382,0.057185,0.050135,0.051781,0.043428,0.055393,0.053936,0.040171,0.045592,0.051114,0.053537,0.053461,0.062336,0.063565,0.068956,0.064479,0.068281,0.082069
0.033741,0.033514,0.034432,0.032922,0.029812,0.03187,0.043347,0.040156,0.036174,0.038934,0.052682,0.053723,0.047402,0.048659,0.042709,0.03751,0.033666,0.029355,0.032657,0.033877,0.030139,0.02508,0.019569,0.014922,0.026696,0.021326,1.7461e-05,0.0073254,0.019405,0.032283,0.037391,0.043117,0.055676,0.066372,0.072159,0.07938,0.069791,0.069908,0.06353,0.061952,0.048043,0.047298,0.054522,0.053049,0.054616,0.062195,0.068244,0.06936,0.060839,0.060939,0.076635
0.050836,0.054593,0.043591,0.038661,0.039997,0.033484,0.042124,0.039324,0.028248,0.033973,0.05153,0.050743,0.05571,0.048458,0.035779,0.038542,0.029419,0.017366,0.021611,0.031273,0.032443,0.023289,0.022304,0.021544,0.021299,0.017723,0.0074205,0.0070057,0.013655,0.026665,0.045904,0.053436,0.058412,0.071702,0.073775,0.06607,0.072227,0.086148,0.082183,0.070997,0.058315,0.048699,0.046145,0.042475,0.051325,0.051257,0.063084,0.064374,0.051627,0.056455,0.065149
0.054665,0.057637,0.052661,0.059044,0.059269,0.053866,0.040962,0.041225,0.0351,0.043788,0.04111,0.044935,0.046623,0.028126,0.02984,0.038046,0.038952,0.018671,0.024766,0.034474,0.021741,0.022006,0.029772,0.026456,0.033853,0.020777,0.0082891,0.0048414,0.019543,0.032187,0.045434,0.054269,0.067471,0.076228,0.081772,0.065222,0.075187,0.092831,0.099836,0.071475,0.060851,0.050211,0.043602,0.043602,0.044758,0.053721,0.056685,0.063156,0.0641,0.049315,0.04608
0.056404,0.06261,0.064178,0.074471,0.0756,0.068314,0.067105,0.05871,0.038782,0.041867,0.039605,0.030575,0.029817,0.024397,0.020911,0.036512,0.038395,0.03099,0.028614,0.028516,0.029953,0.021618,0.025432,0.023974,0.032711,0.023746,0.017469,0.0062864,0.017293,0.022114,0.04349,0.056791,0.076484,0.081607,0.076145,0.060624,0.077328,0.095368,0.095162,0.07869,0.058947,0.038893,0.039737,0.041654,0.048933,0.048381,0.064471,0.063052,0.0531,0.041296,0.039915
0.048186,0.062367,0.066664,0.083063,0.081124,0.083439,0.081475,0.063327,0.04839,0.048622,0.050448,0.038106,0.026375,0.013517,0.014506,0.026683,0.033614,0.032098,0.035181,0.027807,0.033956,0.035615,0.02904,0.017648,0.021614,0.02126,0.0081394,0.011583,0.019769,0.032114,0.051036,0.061456,0.072763,0.058375,0.061119,0.062517,0.073615,0.084367,0.089696,0.082228,0.069124,0.047207,0.046025,0.033725,0.031735,0.034516,0.045398,0.047438,0.04259,0.040223,0.041689
0.043308,0.047323,0.06198,0.074856,0.081384,0.085532,0.087583,0.085504,0.063323,0.053288,0.043781,0.037997,0.035364,0.023889,0.025936,0.025274,0.030019,0.035983,0.036712,0.034325,0.033748,0.029679,0.016857,0.010302,0.016924,0.016416,0.018771,0.023367,0.028001,0.036627,0.046078,0.055006,0.05447,0.054452,0.050216,0.053657,0.067035,0.07481,0.08288,0.080208,0.06342,0.050474,0.043523,0.033444,0.024496,0.028345,0.024718,0.019761,0.021029,0.028325,0.044517
0.02754,0.029794,0.053302,0.070707,0.088615,0.082912,0.084844,0.090735,0.083371,0.062729,0.043475,0.040582,0.040888,0.031363,0.027326,0.032693,0.034409,0.043844,0.041922,0.038728,0.026101,0.013797,0.0048042,0.0082321,0.013717,0.0060773,0.016265,0.024935,0.029807,0.042225,0.043044,0.033571,0.031774,0.04625,0.043732,0.048168,0.053582,0.061565,0.062115,0.062103,0.053263,0.049466,0.038257,0.02329,0.017707,0.016573,0.0053706,0.0010424,0.013855,0.025878,0.040621
0.012452,0.034589,0.054432,0.067241,0.073466,0.081871,0.083912,0.090782,0.091695,0.066102,0.047776,0.048322,0.044915,0.031369,0.021961,0.026109,0.032774,0.043178,0.052468,0.045783,0.03419,0.018846,0.0057533,-0.0010814,-0.00097526,0.0080183,0.0080364,0.018695,0.015354,0.026253,0.037253,0.02922,0.03374,0.030941,0.031954,0.031371,0.038852,0.041709,0.046433,0.051779,0.046666,0.037859,0.02178,-0.0024102,0.00073697,0.0075907,-0.0077148,-0.00067414,0.0086424,0.02735,0.04557
0.016716,0.039534,0.065183,0.080088,0.087586,0.089996,0.093762,0.10233,0.089399,0.082943,0.070405,0.058235,0.048083,0.039154,0.028799,0.037425,0.050956,0.063664,0.061613,0.051413,0.042349,0.02825,0.017783,0.0080454,0.012828,0.010125,0.020112,0.014367,0.011997,0.016317,0.032686,0.025079,0.028261,0.030286,0.031518,0.034263,0.042255,0.030848,0.030476,0.040438,0.040494,0.030219,0.014577,0.00031329,0.0017616,0.0052828,0.012052,0.018127,0.024967,0.040688,0.06151
0.032082,0.047792,0.069637,0.085667,0.088377,0.094291,0.096568,0.10634,0.097466,0.085182,0.06954,0.064367,0.060342,0.052465,0.050678,0.048676,0.06066,0.064446,0.064189,0.059596,0.042486,0.035558,0.024844,0.0069261,0.023027,0.02272,0.024683,0.019297,0.018378,0.0064736,0.011035,0.015453,0.027358,0.026978,0.029434,0.026987,0.030916,0.021914,0.033471,0.027833,0.02447,0.017593,0.018085,0.0073657,0.011373,0.018981,0.022663,0.02601,0.04115,0.048299,0.066281
0.042597,0.054022,0.061752,0.088504,0.092354,0.088285,0.090073,0.10048,0.086955,0.082469,0.082943,0.072034,0.074058,0.066422,0.055035,0.055556,0.06076,0.053682,0.055889,0.049923,0.052752,0.042126,0.031463,0.01827,0.014722,0.015721,0.01304,0.018425,0.017224,0.0071882,0.0069647,0.002364,0.013672,0.016262,0.021989,0.014148,0.023828,0.022049,0.025313,0.018478,0.018372,0.017211,0.021681,0.010757,0.011983,0.0076515,0.021107,0.037125,0.045843,0.067553,0.070659
0.050256,0.056875,0.056999,0.068641,0.082409,0.089515,0.10084,0.094853,0.081903,0.072609,0.073373,0.076094,0.074575,0.073905,0.060785,0.062429,0.058402,0.043032,0.04073,0.049451,0.049098,0.040715,0.029808,4.2227e-05,-0.00071867,0.0017039,0.0053717,0.0050657,-0.0016539,-0.0099064,-0.0039298,-0.0014215,0.0054426,0.01127,0.014074,0.015259,0.015213,0.024985,0.013725,0.0078543,0.0059283,0.0058845,0.0073267,0.0039106,0.0096502,0.012395,0.02434,0.038589,0.052566,0.059058,0.071162
0.040055,0.047088,0.050987,0.053521,0.078732,0.089052,0.09756,0.097582,0.078578,0.075607,0.07333,0.06706,0.07657,0.066984,0.068645,0.071862,0.064556,0.048114,0.04481,0.048012,0.039604,0.035097,0.017391,-0.0016729,-0.013159,-0.013894,-0.01563,-0.016165,-0.012421,-0.0078304,-0.0084458,0.0024496,0.0054333,0.020804,0.026357,0.023593,0.023089,0.017393,0.01211,7.0253e-05,-0.0035423,0.0022414,-0.0019149,0.0020379,0.0051557,0.014829,0.028128,0.051364,0.060015,0.061062,0.061757
0.037412,0.03985,0.040736,0.051433,0.059873,0.066891,0.085622,0.093074,0.08566,0.074439,0.070329,0.068319,0.073497,0.074607,0.071221,0.061844,0.05513,0.043388,0.043085,0.050795,0.041371,0.020796,0.0015256,-0.011013,-0.022453,-0.035198,-0.044081,-0.036714,-0.027761,-0.011129,-0.0054321,-0.0018682,0.015266,0.030391,0.025465,0.012984,0.0091731,0.01785,0.016336,0.012253,0.0024512,-0.0057598,-0.0082387,-0.0098083,-0.0087827,0.010141,0.029161,0.051982,0.061087,0.061854,0.062645
0.027856,0.038875,0.040922,0.04456,0.052857,0.060669,0.078408,0.088264,0.084661,0.076913,0.076888,0.079817,0.081361,0.079046,0.074498,0.074557,0.055764,0.047864,0.048488,0.039575,0.038605,0.018469,0.002123,-0.009031,-0.013966,-0.032206,-0.047419,-0.04519,-0.022638,-0.010337,-0.0035407,0.00037253,0.018667,0.026641,0.029212,0.025292,0.015574,0.020156,0.024702,0.024839,0.0096683,0.0093408,0.009634,-0.010142,-0.0031953,0.016369,0.041449,0.054968,0.063891,0.061741,0.060159
0.032062,0.036484,0.027859,0.026697,0.029198,0.051333,0.070873,0.082335,0.068031,0.066882,0.071598,0.07468,0.077115,0.07497,0.082766,0.064105,0.055136,0.042378,0.038499,0.037964,0.038002,0.019187,-0.0042155,-0.012305,-0.014989,-0.031308,-0.036516,-0.038793,-0.032686,-0.017349,-0.0072651,-0.0071659,0.0097014,0.019576,0.025332,0.016901,0.024069,0.011075,0.02323,0.02078,0.018947,0.0094955,0.015802,0.0083963,0.0089357,0.028955,0.046414,0.052909,0.053646,0.047821,0.06009
0.026833,0.033275,0.030611,0.025197,0.033791,0.051014,0.058006,0.063421,0.059195,0.061432,0.063569,0.073834,0.074569,0.070535,0.070579,0.060741,0.042674,0.034865,0.036031,0.040515,0.044394,0.031362,0.014489,-0.0019916,-0.0078992,-0.03428,-0.036204,-0.042365,-0.029693,-0.022366,-0.015791,-0.020659,-0.00069345,0.016048,0.021469,0.017894,0.021196,0.013795,0.020825,0.01609,0.014352,0.018129,0.030309,0.023656,0.028799,0.035063,0.046962,0.060275,0.070706,0.056449,0.058586
0.028709,0.034455,0.031381,0.032794,0.039613,0.047954,0.050586,0.05484,0.058648,0.055477,0.057969,0.071392,0.073723,0.070204,0.058995,0.05835,0.041757,0.03318,0.041072,0.051731,0.059776,0.04411,0.030815,0.01605,0.0034152,-0.016668,-0.025592,-0.031076,-0.031434,-0.03101,-0.022526,-0.026364,0.0030884,0.024533,0.026073,0.01655,0.021607,0.028406,0.026719,0.020232,0.01388,0.024243,0.040829,0.039635,0.050725,0.053972,0.057751,0.072374,0.077926,0.071883,0.062201
