0.10366,0.10366,0.018795,0.069996,0.057134,0.023455,0.014176,0.0082302,0.036153,-0.022679,0.02795,0.091328,0.036509,-0.0092058,0.058682,-0.014091,-0.094945,-0.062225,-0.032418,-0.010742,-0.021528,-0.012438,0.033422,-0.014968,-0.0034116,-0.0066077,0.015001,0.019088,0.098749,-0.012629,0.063027,0.042979,0.066668,0.050985,0.062288,0.00068285,0.014891,0.028258,0.072789,0.092462,0.050451,0.086833,0.014095,0.071093,0.067621,0.036592,0.013193,0.044675,0.045458,0.040224,0.055714
-0.0056581,0.052444,0.018102,0.032645,0.050382,-0.0089444,0.075815,0.0059621,0.0040571,0.024248,0.047241,0.038596,0.08168,-0.019476,-0.018856,0.0065044,0.015543,-0.025181,-0.00038124,-0.049016,-0.028372,-0.027241,0.014271,-0.012284,-0.027489,0.0069394,0.022689,0.0047749,0.035463,0.059542,0.065333,0.050497,0.037638,0.07303,0.0015456,0.035029,0.064564,0.11685,0.070545,-0.00049968,0.059673,0.014348,0.052095,0.028948,0.031866,-0.029462,0.10528,0.040674,0.023479,0.043232,0.026051
-0.011171,-0.072204,0.01504,-0.011841,0.0085085,-0.012974,0.024437,0.021865,0.026234,0.095657,0.03589,0.035702,0.029178,0.021,-0.062021,-0.086052,-0.062797,-0.039884,-0.087722,-0.049327,-0.043353,-0.02323,-0.022752,-0.0062137,0.010753,0.015152,-0.017876,-0.037794,0.0051105,-0.0046701,0.01002,0.017671,0.0059172,0.041743,0.0096346,0.0029441,0.0080125,0.042246,0.026435,-0.0026487,0.008996,0.0034495,0.041417,0.05925,0.040626,-0.00031519,0.060766,0.013387,-0.062276,-0.016702,-0.0057869
-0.0013834,-0.013925,0.02016,0.019868,0.035933,-0.040624,0.047027,0.028353,0.020221,0.070447,0.064426,0.06397,-0.001494,0.030657,0.017808,-0.034775,-0.054108,-0.028522,-0.00098302,-0.034431,0.031623,0.034001,-0.030711,-0.032392,0.0090122,-0.015967,-0.0017679,0.031609,0.047228,0.042693,0.021638,0.071076,0.06085,-0.0032927,0.032698,0.038181,-0.021653,0.022023,0.056537,0.010747,0.057618,0.058069,0.039468,0.057909,0.044621,0.010435,0.030427,0.034051,0.016527,0.032714,-0.0041528
-0.067803,0.012553,0.011502,0.017139,0.031303,0.0013773,0.087291,0.029785,0.055847,0.069195,-0.021474,0.051008,0.029634,0.048401,0.034578,0.014896,-0.043166,-0.0044875,0.0058673,-0.0066148,0.0013712,-0.031934,-0.01821,-0.034526,-0.020431,0.01838,0.022013,0.0055736,0.056397,0.026434,0.047784,0.034957,0.015822,0.014677,0.00090737,-0.01369,-0.025256,0.018971,-0.00012311,0.017657,0.031448,0.060843,0.092469,0.063929,0.09604,0.044891,0.032879,0.0033329,0.0018918,0.03677,-0.037071
0.016531,0.019131,0.030107,0.026259,0.049107,0.040076,0.018025,0.021056,0.065146,0.029781,0.010222,0.03886,0.045378,0.0041297,-0.0050291,0.036769,0.030902,0.042753,0.015873,-0.0033166,-0.016692,0.040365,-0.0017279,-0.021137,0.038451,0.010787,0.071265,-0.03832,0.00013559,0.029591,0.037268,-0.023163,0.036701,-0.045731,0.020896,0.026206,0.03458,0.049957,0.0073687,0.036316,0.071651,0.046805,0.044578,0.035792,0.025318,0.060229,0.056773,0.029102,-0.017036,0.015069,0.02202
-0.0058933,0.0068429,0.038567,-0.0023338,0.010081,0.030102,-0.0073578,-0.0059341,0.031127,-0.017564,0.024213,0.018812,0.060965,0.055802,0.044349,0.022182,0.030786,0.048069,-0.0040742,-0.012379,-0.0069797,-0.026499,0.001983,-0.018063,0.022385,0.033598,0.031586,-0.037264,0.0051825,0.048441,0.010517,-0.016264,0.058924,0.022162,-0.026914,-0.00076314,-0.014785,-0.022558,0.037452,0.057681,0.024009,0.0087808,0.042857,0.013756,0.046726,0.023904,0.0082799,0.012287,0.02167,0.026614,0.00062546
-0.012608,0.03812,0.039178,0.019047,0.035681,0.039175,0.046481,-0.015673,0.0602,-0.01637,0.014213,0.0030669,0.015065,0.034922,0.031561,0.044112,0.056187,0.055862,0.024985,0.0072481,0.049551,-0.019511,-0.030695,-0.015159,-0.027485,-0.027486,-0.0052459,0.021314,-0.027572,0.021103,-0.011008,0.023336,0.038154,-0.00014795,-0.01312,0.01939,-0.016988,-0.022403,0.040568,0.10144,0.087806,-0.0047155,0.023224,-0.013675,0.00042602,0.00045511,-0.046141,0.0052602,-0.0221,0.016189,0.0095738
0.027539,0.047491,0.073778,0.027191,0.041863,-0.0047436,-0.011072,-0.0015089,0.011243,-0.0023042,0.039228,0.060146,0.073227,0.025151,0.053888,0.016818,0.056305,0.10707,0.05084,0.0029701,-0.008239,0.0057625,-0.0032981,-0.010208,-0.014444,0.024125,-0.0038684,-0.015946,-0.0057661,0.039718,0.062006,0.04818,0.098216,0.076648,0.013416,0.005103,0.051469,-0.0065568,-0.006245,0.073375,-0.030917,-9.8277e-05,-0.023628,0.048016,-0.0025013,0.038668,0.0183,0.024059,-0.047856,0.02858,-0.0027839
0.058331,0.032564,0.081539,0.037551,0.051382,0.028865,-0.053403,-0.0056895,-0.00091354,-0.0015354,0.048734,0.084135,0.046968,0.017323,0.04776,0.0062844,0.058803,0.069142,0.02041,0.042308,0.033397,0.031095,-0.025406,-0.0064415,0.050231,-0.023179,-0.018343,-0.041608,-0.055237,0.035439,0.058007,0.1016,0.049451,0.080422,0.05306,0.057647,-0.015043,0.00084678,-0.035664,0.032193,-0.033203,0.051186,0.0022682,3.8227e-05,0.015032,0.034797,-0.0074472,-0.020349,-0.033552,-0.025907,-0.049339
-0.006936,-0.0019275,0.035469,0.012672,0.04975,-0.013897,-0.011494,-0.010276,0.020004,-0.004957,0.027877,0.020095,0.059556,0.045581,0.065908,0.0047969,0.0064124,0.02432,0.038705,0.037392,0.036846,0.0033504,-0.013945,-0.035002,-0.025762,-0.0082932,0.0022951,-0.019165,-0.023529,0.017167,0.030514,0.036065,0.074785,0.089789,0.015468,-0.0033242,-0.024401,-0.014873,0.0050116,0.034748,0.00025451,0.012039,-0.027721,0.021392,0.02736,-0.027355,-0.025403,-0.024803,-0.045581,-0.021808,-0.046796
-0.0017817,0.012161,0.021754,0.072073,0.0087638,-0.025847,0.0057181,-0.037935,-0.01086,0.02044,0.013445,-2.3599e-06,0.040227,-0.012625,0.0075986,0.022527,-0.0089011,0.03971,0.01789,0.060611,0.010577,-0.027082,0.031586,0.00060918,-0.023394,-0.0037427,-0.01738,-0.073452,-0.027362,-0.012215,0.028472,0.0052843,0.048023,0.047792,0.018498,-0.0071948,0.05809,0.022185,0.0031908,0.025654,-0.026029,-0.0212,-0.037258,0.014849,-0.054711,-0.01937,-0.00069878,0.012997,-0.042844,-0.033593,-0.042772
0.036889,0.046294,0.050129,0.041562,0.049428,0.0049984,-0.020132,-0.0022046,-0.015664,-0.023478,0.020902,0.0035946,0.056759,-0.040713,0.040975,0.0045275,0.0033518,0.022216,0.022604,-0.0023104,-0.022898,-0.016769,0.0098636,0.0024706,0.081905,0.016428,0.013113,-0.017999,-0.061098,-0.0038662,0.021084,0.040474,-0.0060841,-0.025753,-0.010071,-0.041105,-0.0070208,0.041136,0.080305,-0.027511,-0.0083406,-0.019445,-0.047135,-0.030134,0.017743,0.015212,0.075911,-0.037197,-0.030073,-0.044467,-0.051657
0.059679,0.042754,0.056819,0.062505,0.036503,-0.0070458,-0.067113,-0.07058,-0.085148,-0.055411,-0.03079,0.026288,0.021323,-0.017217,0.065982,0.026755,-0.0016382,0.032742,-0.0080809,-0.0056762,-0.03909,0.0020635,0.0090472,-0.024551,0.0072738,-0.0011078,-0.01822,-0.051899,0.021029,0.050008,0.029189,0.01967,0.045481,-0.02085,-0.0014418,-0.058252,-0.02003,-0.034383,0.02657,-0.027799,-0.053057,-0.047531,-0.018899,-0.0062348,-0.025234,0.017927,0.024751,-0.0021622,-0.054166,0.00086614,-0.02862
0.063919,0.061537,0.033106,-0.014636,0.037629,-0.0087021,0.031299,-0.020104,-0.061864,-0.022655,-0.074624,0.010267,-0.0082278,0.042134,-0.0020518,-0.012359,-0.052159,-0.002506,0.0014116,-0.014401,0.018717,-0.0073388,-0.041093,-0.056271,0.017799,-0.053783,-0.0087352,-0.00081671,0.0085249,-0.0070252,-0.060078,-0.0074234,0.019645,-0.03037,-0.0011814,-0.033624,-0.066732,0.027007,0.060286,-0.020266,-0.038847,-0.034582,-0.033806,0.010306,-0.017917,-0.011851,-0.0069995,-0.0040093,-0.04193,-0.018595,-0.0096817
0.019869,0.031248,0.0074135,-0.0038349,0.023759,-0.0055734,0.024145,-0.037938,-0.049661,0.0016211,0.017144,0.027662,0.026022,-0.0077798,0.021236,-0.036396,-0.00451,0.080837,-0.019136,-0.019337,-0.015171,0.0053176,0.02237,-0.0060818,-0.0041407,-0.041521,-0.040812,-0.019561,0.032757,0.0015336,-0.0070163,0.033212,0.012626,0.033481,0.016643,-0.0062592,0.0091062,0.012854,-0.0095607,-0.047755,-0.043424,-0.0064933,-0.02866,-0.0089138,0.02225,-0.055286,-0.016249,0.0022905,0.031131,-0.029699,0.016365
0.065331,0.042162,0.034486,-0.027446,-0.034299,-0.018473,-0.02843,-0.031591,-0.053275,-0.037023,0.033768,0.0094319,0.013398,0.0078556,0.0057744,-0.044306,-0.019593,-0.04405,-0.061308,0.010735,-0.013917,0.034078,-0.077982,0.0074429,0.016428,-0.026693,-0.001506,-0.030587,-0.036231,0.021146,0.030233,-0.013709,0.052022,-0.031144,0.004788,-0.0054947,-0.029466,0.00033334,-0.025907,-0.026357,0.0089177,-0.013824,-0.064891,-0.016138,-0.022617,-0.047033,-0.025481,-0.0085928,-0.017884,-0.0062492,0.035085
0.071824,0.094945,0.09036,0.038135,0.060962,-0.0021792,0.0023603,-0.0010484,0.062859,0.013591,0.0042815,-0.0010065,0.0070855,0.020688,0.031739,-0.024359,-0.00011394,0.0043296,-0.019202,-0.030583,0.036691,0.017526,0.023476,0.0003486,0.020879,0.0074432,0.0097296,-0.018165,0.029101,-0.0025137,0.028622,-0.0079079,0.034225,0.097134,0.084608,0.02373,0.0073334,0.032607,-0.028589,-0.03751,0.013856,0.0023976,0.030338,-0.01621,0.046333,-0.038922,0.0069045,0.051313,0.020004,0.016935,0.05334
0.060742,0.077322,0.074053,0.052628,0.01686,-0.007776,0.026664,0.032201,0.065499,0.055957,0.0028472,-0.023713,-0.0029709,-0.0078433,-0.026185,-0.0054587,0.015736,-0.01272,0.051137,0.01077,0.038848,0.0043319,0.016611,-0.039386,0.038521,0.038406,0.039883,0.056499,0.052332,0.074325,0.025454,0.079506,0.088335,0.009269,0.039748,0.03695,0.026542,-0.034288,-0.0012921,-0.016327,0.017649,-0.020765,0.028913,0.0057908,-0.0088679,0.0065472,0.039097,0.056833,-0.00015908,0.055887,0.016769
0.069638,0.10527,0.13745,0.076955,0.035732,0.00031383,-0.039242,-0.019611,0.0058636,-0.019729,0.015343,-0.0027389,-0.012903,-0.041479,-0.0052188,-0.029491,-0.043178,-0.025953,-0.027095,-0.031986,-0.0092643,0.003276,0.039592,-0.041464,0.057422,0.032327,-0.0010267,-0.0046378,0.07925,0.003133,0.05441,0.049689,0.02807,-0.021123,0.022234,0.032736,0.012002,-0.058811,-0.03855,-0.016852,-0.011224,0.050094,0.022748,0.019196,-0.00063127,-0.033684,-0.032422,0.013073,-0.013806,0.022598,0.039178
0.086348,0.075859,0.070662,0.044937,0.050845,0.021816,-0.0045905,0.03596,0.068028,-0.0039746,-0.0067815,0.015616,0.0010884,-0.0048605,-0.034565,0.016785,0.0002731,-0.042021,0.014599,0.0092742,0.034346,0.04438,0.004268,-0.042964,-0.0073859,0.028337,0.098469,0.033578,0.042198,0.052944,0.090157,0.02109,0.034603,0.033404,0.025954,0.068295,-0.0088187,0.044757,-0.054775,-0.00783,0.031229,0.016838,-0.0068912,0.007937,0.02281,-0.011887,-0.0067395,-0.0038162,-0.02183,0.049728,0.083744
0.036386,0.073889,0.062128,0.10244,0.089356,0.015215,0.069622,0.042723,0.076881,-0.043624,-0.02125,-0.023909,0.034764,0.00047447,0.02415,-0.003613,0.022559,0.049793,0.036636,0.013208,0.012146,0.048613,0.011916,0.024278,-0.026884,0.041241,0.05143,0.081685,0.058641,0.058427,0.05373,0.0027465,0.0078868,0.095372,0.076855,0.033416,0.041557,0.098692,0.028738,0.020343,0.016087,0.0099243,0.0036717,-0.021269,-0.027808,-0.047828,-0.0046804,0.024937,0.04469,0.078218,0.035108
0.072305,0.032609,0.071997,0.026271,0.058235,-0.027937,0.081586,0.041631,-0.026665,-0.032179,-0.00047498,0.064674,-0.00826,0.011265,0.015,-0.0044869,-0.0069147,0.07305,-0.0039042,-0.055176,-0.024702,0.0048413,0.00083309,-0.031445,-0.014947,-0.031595,0.031038,0.060226,0.036039,0.074935,0.093777,0.10395,0.054241,0.0097957,-0.036411,-0.041055,-0.013994,0.0048275,0.0092405,0.0098488,0.021419,0.022922,-0.01483,0.0080727,0.016364,-0.030503,-0.013458,0.00015373,0.014871,0.056251,0.0066249
0.0095235,0.023461,0.11324,0.055084,0.033052,0.071503,0.089687,0.02235,0.0046352,0.020169,-0.00031339,0.0011009,-0.014964,0.034477,0.019556,0.021465,0.10756,0.089822,0.026554,0.027491,0.056666,0.03773,0.02916,0.043388,0.01774,-0.017315,0.035425,0.029465,0.032753,0.12708,0.11634,0.098137,0.09924,0.028904,-0.017161,0.073607,-0.000995,0.0064803,0.042072,0.061105,0.0074216,-0.035727,0.010147,-0.0231,0.011672,0.036328,0.028376,-0.026196,-0.0085987,0.056477,0.0063723
0.015306,0.033117,0.0055696,-0.011028,0.0023637,0.0099236,0.049807,0.082361,0.062071,0.0091308,0.0056593,0.043793,0.018583,-0.0012405,4.1321e-05,-0.055872,-0.01975,0.059555,0.021798,-0.03515,0.059511,0.052822,-0.0057319,-0.0013721,-0.0042832,0.014459,0.027797,-0.01448,0.028992,0.041201,0.066287,0.0061797,0.073989,-0.035521,-0.042781,-0.03675,-0.0012453,0.047547,0.09635,0.036127,-0.0052792,-0.025415,0.01245,-0.029544,-0.042114,0.055759,0.046601,0.027336,-0.017055,0.0057581,0.0003151
-0.015233,-0.025503,0.010115,0.054719,0.072706,0.012065,-0.017229,0.014695,0.045276,0.01108,0.0040487,0.074949,0.036888,0.043221,0.0014301,0.017283,-0.031845,0.058051,0.0099716,0.027505,0.02799,0.008199,0.05753,0.042358,0.067838,-0.060689,0.048716,-0.0016564,0.0052362,0.054151,0.056505,0.025548,0.033192,0.0048259,-0.012213,-0.0087633,-0.018216,0.014422,0.03976,0.021287,0.011444,0.050241,0.027065,0.055759,0.0086649,0.064628,0.02665,-0.00878,0.036777,0.0017638,-0.028472
-0.025622,0.018571,0.00075898,-0.02868,0.015913,0.039957,0.062033,0.032303,0.070993,0.03598,0.061374,0.065191,0.047838,-0.021426,0.042311,-0.0073034,0.018517,0.052412,0.038318,0.091826,0.067988,0.013532,0.035495,0.032549,0.049074,0.06237,0.1087,0.065197,0.033022,0.086034,0.066959,0.048087,0.011082,0.0069782,-0.068347,-0.044981,0.035204,0.010219,0.052569,0.041951,0.05224,0.086172,0.050781,0.090731,0.085195,0.03416,0.058535,0.0031807,0.0018867,-0.0095746,0.01144
0.031045,0.025384,0.049185,0.065421,0.075046,0.031981,0.011375,0.01316,0.061532,0.036187,0.074618,0.020162,-0.01287,0.0049388,0.036268,0.017907,0.055323,0.040069,0.042404,0.041801,-0.0038726,0.065784,-0.055034,0.021729,0.085564,0.080119,0.05425,0.022859,0.030906,0.072309,-0.0039175,0.020032,0.036204,-0.017816,-0.0056541,0.047316,0.01489,0.031773,0.048083,0.061299,0.073463,0.052191,0.033162,0.075669,0.052733,0.059599,0.078589,0.087582,0.018886,0.038486,0.050509
0.022203,0.0011742,0.055559,-0.018328,-0.013588,-0.018009,0.0039882,-0.0063084,0.037404,0.077821,0.035814,0.016797,0.059567,0.029868,-0.002636,-0.040008,0.0081934,0.034094,0.0079922,-0.0067994,-0.0020103,0.007067,-0.0033193,-0.00025085,0.069427,0.082003,0.026152,0.026317,0.073184,0.021037,0.0030505,0.099309,0.051824,0.057141,-0.019154,-0.065829,-0.063742,0.0011712,0.041939,0.072855,0.019478,0.10698,0.05519,0.066687,0.013664,0.043339,0.061154,0.040247,0.024383,-0.01772,-0.013663
0.023065,0.0040989,0.015658,0.010332,0.0032285,0.04908,0.0018979,0.022919,0.047322,0.049897,0.094655,0.036911,0.026486,-0.04533,-0.0053737,0.019715,0.031668,-0.00015329,0.067979,0.033368,-0.027192,0.0075431,0.023577,0.013238,0.079618,0.050333,0.01989,0.03601,0.045987,0.075133,0.026303,0.040904,0.051361,0.033257,0.012998,-0.0080376,0.047737,0.040058,0.078985,0.078275,0.10124,0.077366,-0.016323,0.11606,-0.0078269,-0.023365,0.029834,0.074209,0.03527,0.049463,0.054938
0.041833,0.0037746,0.020737,-0.0089705,0.0095693,0.069468,0.054029,0.010037,0.046034,0.048024,0.060675,0.026544,0.01989,0.0090051,-0.0093555,0.008967,0.029268,-0.0095628,0.017359,0.048271,0.029463,0.0094739,0.036471,-0.0035199,0.018805,0.049853,0.053314,0.0094765,0.049795,0.0052505,0.060021,0.042306,0.05521,0.090604,0.063973,0.038929,0.049285,0.072612,0.078352,0.0897,0.072275,0.047687,0.0034117,0.040033,0.06115,0.055146,0.043297,0.034508,0.03041,0.077648,0.072622
0.012534,0.020818,-0.021009,-0.00051603,-0.0006765,-0.0093921,-0.012528,-0.017009,-0.023112,-0.046431,0.021731,-0.014881,0.03005,-0.0015826,-0.045123,-0.043759,-0.030451,-0.050246,0.0125,-0.0056131,-0.00093685,0.036151,-0.015991,-0.041588,0.019491,-0.044079,0.021877,-0.045972,0.025637,0.018728,0.027577,0.0022369,0.039862,0.0092365,0.049876,-0.0063936,-0.0057664,0.05961,0.040942,0.011164,0.080146,0.046006,0.0068478,0.014522,-0.020175,-0.038682,0.020331,0.011001,-0.0055471,-0.021771,0.018206
0.00084975,0.023153,0.0016936,0.063547,-0.0069816,-0.00011595,7.5115e-05,-0.04184,0.001918,-0.058536,-0.0097336,-0.032955,0.05193,0.0050928,0.028997,-0.054975,-0.03606,-0.018554,-0.010086,0.0078902,-0.062015,-0.022216,-0.035282,-0.02414,-0.010815,0.032212,0.013861,0.017166,0.057705,0.066507,-0.0064098,-0.0050061,0.0065521,-0.0034112,0.031383,-0.026328,0.057209,0.000163,0.052924,0.04439,0.023262,0.002567,0.0080874,0.061803,0.0020015,0.0092927,0.086868,0.054894,0.05542,0.040219,0.077383
0.035777,0.031126,0.024712,-0.013166,0.027413,-0.029473,0.0021445,-0.019944,0.004654,-0.043643,-0.022381,0.020248,-0.068229,-0.022001,-0.025826,-0.010056,-0.059673,-0.0037347,0.017241,-0.023369,0.025033,0.047308,0.020411,-0.014536,0.041681,0.014408,0.040448,-0.0039246,-0.01111,0.0051238,0.011157,0.017118,0.026195,-0.002437,0.037068,0.063897,0.025833,0.0106,0.08493,-0.031999,0.020244,0.025072,-0.0022996,0.015305,0.02439,0.034945,0.049013,-0.0016388,0.020123,0.066185,0.017779
0.0386,0.027119,0.028222,0.022351,0.010036,-0.022471,-0.04677,0.014983,0.064563,0.0088013,0.0056595,0.10373,-0.025695,0.015276,0.024505,0.001512,-0.044142,-0.024372,0.02686,-0.013897,0.025878,0.045532,0.0049858,0.048104,0.054207,0.048759,0.027898,-0.024085,-0.004979,0.0063149,0.053655,0.05006,0.038891,0.0050014,0.027254,0.046982,-0.036857,0.048565,0.054091,0.04216,0.0506,0.041102,0.049556,0.027764,0.061512,0.089054,0.026834,0.026384,0.041638,0.03353,0.041243
-0.010563,0.0055113,0.039692,-0.0038474,-0.023167,-0.037544,-0.0051131,-0.018417,0.024026,0.034802,-0.00921,0.029303,0.076104,0.030063,-0.031517,-0.0019213,0.026821,0.034471,0.014598,-0.005898,0.011264,0.01256,0.0102,0.014108,-0.03851,-0.011683,0.064135,-0.0071335,-0.0009523,0.046379,0.034076,0.018058,0.069163,0.016498,-0.021838,0.01814,0.017029,0.024624,0.061178,0.028271,0.03624,0.012631,0.045182,0.030008,0.014537,0.038529,0.11118,0.048308,0.056429,0.0653,0.015868
-0.045006,-0.043016,-0.011659,0.030694,0.030407,-0.011396,-0.019592,-0.062976,0.020898,-0.026413,-0.0030542,0.066236,0.019927,0.061856,0.0049281,-0.028896,-0.010131,0.027532,-0.0084938,0.024627,0.052222,0.01779,0.011752,0.031597,0.051285,-0.024262,0.018131,-0.018083,0.020865,0.0027317,0.048987,-0.019886,0.033886,0.017924,0.025717,0.039721,0.0036766,0.018451,0.030479,0.013368,-0.019657,-0.0066736,0.0077631,0.055669,0.083646,-0.0073975,-0.0067225,-0.0087629,0.052554,0.014965,0.043093
-0.066116,0.040161,0.0061469,0.015118,0.013587,0.026817,0.028253,-0.062604,-0.01805,-0.028206,0.041267,0.056115,0.047322,0.025993,0.015418,-0.018849,0.039681,0.030305,0.019643,-0.02303,0.084728,0.048042,0.0016874,-0.019516,-0.052822,-0.013522,0.011063,0.0084664,0.016417,0.0048837,0.057756,0.02842,0.057584,0.03965,-0.035511,0.022017,0.0069152,-0.022397,0.035661,0.007517,0.011765,-0.011174,0.0080748,0.008103,0.023355,0.0013203,0.027715,-0.0058127,0.040624,0.11478,0.07064
-0.029393,-0.042385,0.027805,0.032768,0.051461,0.042667,0.028441,0.017107,0.035582,-0.034197,0.0091737,0.049226,0.024988,0.043582,0.039007,0.030819,0.038022,0.017935,0.071101,-0.013954,0.003724,0.025986,0.023994,0.023887,0.068831,0.042538,0.074168,0.015136,0.053368,0.039124,0.018012,0.010371,0.027774,0.024499,-0.020717,0.018959,0.038873,0.0046051,0.02386,0.063723,0.09338,-0.026915,0.027328,0.038209,0.016948,0.0011365,0.034183,0.0094673,0.032719,0.054178,0.047211
0.020758,0.02033,0.0076143,-0.040079,-0.0093129,-0.015326,-0.0057778,0.017734,0.046468,0.02624,0.0072081,0.035634,-0.0047506,0.0048845,-0.024455,-0.012433,0.013845,0.0548,0.046985,-0.00050177,0.03354,0.026139,0.036206,0.0028081,0.070215,0.030125,-0.0055835,-0.027966,0.029009,0.025229,0.012098,0.038073,-0.030492,0.037466,-0.040348,-0.014219,0.0017495,0.0023975,0.032599,0.013391,-0.016364,0.058694,-0.021627,0.023632,-0.04964,-0.012335,-0.0060961,0.0031496,0.012534,0.040523,0.034581
0.0050095,0.033134,0.010659,0.025843,-0.0033236,-0.031307,-0.036963,-0.063532,0.044852,-0.0067662,0.0016136,-0.023014,-0.019805,0.018921,0.020484,0.010457,0.036971,-0.035827,0.014779,0.005142,-0.02152,0.029307,0.015395,0.032328,0.045906,0.060399,0.0090656,-0.053283,-0.012193,0.015933,-0.003831,-0.034029,0.016947,0.010384,-0.049545,-0.0069287,-0.029115,-0.045982,-0.019882,0.042488,-0.0064963,0.018466,-0.035414,0.047898,-0.021673,-0.0031567,-0.00053467,-0.032208,-0.044347,0.013505,0.035552
0.018825,0.023763,0.028991,-0.047659,-0.027014,-0.026236,0.013251,-0.023543,0.040445,-0.0012894,0.013444,0.0071601,-0.0034433,0.0081487,0.036153,0.068122,0.038636,0.0036261,0.02019,0.04111,-0.012542,0.01311,-0.016469,0.032436,0.011706,0.04719,0.053607,0.0039302,0.01297,0.028841,0.037668,0.034206,-0.030966,0.020144,-0.050042,-0.02273,-0.014468,0.010766,-0.055344,0.0029424,0.049112,0.048297,0.037216,0.046045,0.01631,-0.0097381,-0.0036294,-0.014786,-0.060006,-0.036785,-0.0086004
0.015143,-0.028858,0.033524,-0.019766,-0.036755,-0.0049377,0.015856,0.026077,0.043842,0.02899,0.036852,-0.012322,0.046452,0.042074,0.033235,0.031018,0.029911,-0.0046811,0.032569,0.036345,0.0097934,0.056591,-0.0017046,0.037043,0.019861,-0.018152,0.050584,0.0055846,0.028857,0.045593,0.01844,-0.0054781,0.012583,0.0073159,0.021761,-0.001787,-0.025551,0.0022239,-0.024016,-0.059604,-0.016523,0.039464,0.038967,0.062473,-0.0050283,0.033563,0.029152,-0.03993,-0.011903,-0.025441,-0.028367
-0.012578,-0.042621,-0.021522,0.014306,-0.019689,-0.035177,-0.021693,-0.032813,0.031374,-0.015304,0.023615,0.023252,-0.018333,0.03481,0.049211,-0.018782,-0.012685,0.012625,0.018307,0.008797,0.062797,0.081314,0.047249,0.02021,0.035069,0.021133,-0.027115,-0.047058,0.011099,0.023068,-0.031415,-0.015847,-0.0033363,-0.0054136,0.0056239,0.0033387,0.024629,-0.0068261,0.070223,-0.035598,-0.032514,-0.020818,-0.0082708,-0.0029176,-0.049659,-0.032479,-0.059189,-0.033082,-0.028043,-0.0079935,0.043384
-0.056699,0.014652,-0.0014853,-0.048467,-0.056235,-0.051329,0.0056992,-0.045528,-0.035433,0.024398,0.050567,0.057417,0.029658,0.07634,0.027882,0.025396,0.025143,0.018978,-0.021833,-0.029043,0.045513,0.063411,0.019818,0.028991,0.0077661,-0.067159,-0.0042428,-0.042935,-0.012609,-0.01285,-0.0085174,0.018753,0.063706,-0.0071514,-0.012668,-0.036153,-0.048278,-0.034689,0.043405,-0.051387,-0.025338,0.030602,-0.0057338,0.035196,-0.027588,-0.020921,-0.011175,-0.019348,-0.008518,-0.011058,-0.026944
0.023549,-0.013573,-0.028809,0.007044,-0.04212,-0.019488,-0.0026142,0.026193,-0.010466,-0.027662,0.0087168,0.037853,0.0012204,0.0050963,0.053291,0.033331,0.055561,0.07455,0.044003,0.055114,0.02962,0.054893,0.029954,0.021126,0.0020312,-0.077453,0.025525,-0.050284,-0.016777,-0.030517,-0.034891,0.021505,0.017848,-0.025654,-0.0025905,-0.041952,0.015214,0.00098891,0.011362,0.040599,0.017817,-0.0049271,-0.054836,0.014807,-0.052183,-0.0007321,-0.0091105,0.0057253,0.015059,-0.050085,0.0013523
-0.02523,0.011214,-0.038278,-0.023161,0.030069,-0.047299,-0.038037,-0.015052,-0.017312,-0.075196,-0.017863,0.031739,0.046801,0.018785,0.028451,0.043276,0.042101,0.091502,0.032344,-0.011365,0.0003145,0.041005,0.012654,0.041742,0.029323,-0.0078072,0.004367,-0.013882,-0.040864,0.008044,-0.018265,-0.0066738,-0.046934,0.0038763,-0.037516,-0.026993,-0.03603,0.026952,0.048347,-0.057158,-0.02651,0.025664,-0.039112,-0.006236,-0.035232,-0.058517,0.060401,-0.01086,0.01402,0.023374,-0.015985
0.026355,0.015419,0.030545,0.083663,0.03528,-0.012271,-0.013184,-0.067114,0.039692,-0.046091,-0.008296,0.05243,0.076574,0.074025,0.031636,0.033375,0.035786,0.035398,0.043584,0.082175,0.0627,0.020721,0.043133,0.031494,0.0098559,0.050196,0.012077,-0.010753,0.0047744,-0.0077716,0.016118,-0.0059716,-0.0043808,0.0054815,-0.025534,-0.0184,-0.024064,-0.016026,0.051241,0.033201,0.010811,-0.0038621,-0.01797,0.00077395,-0.0040949,0.012714,0.027165,0.0051476,0.005866,0.04361,0.076444
-0.039744,0.00072875,-0.00065888,0.020394,-0.0095531,0.010395,0.033433,0.029542,-0.012031,0.023063,0.074663,0.072435,0.12769,0.043215,0.037704,0.013005,0.019943,0.037054,0.068359,-0.00046371,0.044604,0.083499,0.052855,0.02694,0.042665,0.10458,0.051079,0.058303,0.059063,-0.020469,-0.0042478,0.032419,0.00046497,-0.037948,-0.020562,0.064357,0.041055,0.0072938,-0.00070864,-0.0014681,0.008739,0.055076,-0.028403,0.041821,0.0039317,-0.010473,0.064504,0.016373,-0.0027101,0.0028558,0.013365
-0.016887,-0.062625,0.0024612,-0.003616,-0.041401,0.022785,0.025486,0.020762,0.03981,0.012232,0.011404,0.033694,0.057027,0.055469,0.026635,-0.021463,0.018966,0.0045421,0.049851,0.024518,0.032926,0.016591,0.003909,-0.040512,0.070557,0.039271,0.032923,-0.013683,0.030164,-0.031159,0.0036457,0.031665,-0.0086352,-0.013718,0.022907,0.0027234,0.014255,-0.0040527,-0.0028222,-0.022479,-0.0074631,-0.043112,-0.044143,-0.029887,0.031792,0.00772,0.019083,-0.00097668,-0.015951,-0.026699,-0.001642
-0.030174,0.015543,-0.0057489,0.026157,0.014401,-0.037419,-0.04247,-0.0081813,0.089432,0.084787,0.086672,0.10908,0.056985,0.041804,0.0014096,-0.009427,0.033742,0.028019,0.047798,-0.018815,0.053065,0.048301,0.062004,0.0074042,0.046489,0.037674,0.027194,-0.027369,0.0061765,0.040638,0.13899,0.052858,0.051365,0.061478,-0.0071191,-0.069662,-0.023213,-0.022312,-0.016957,-0.04248,0.026603,0.046412,-0.061834,0.037826,0.06199,-0.020529,-0.011868,-0.014441,-0.079569,-0.029849,-0.010879
