0.02,0.02,0.093232,1,0,0
0.04,0.02,0.05717,1,0,0
0.06,0.02,0.032805,1,0,0
0.08,0.02,0.0083777,1,0,0
0.1,0.02,-0.0016936,1,0,0
0.12,0.02,0.019692,1,0,0
0.14,0.02,-0.011146,1,0,0
0.16,0.02,-0.014494,1,0,0
0.18,0.02,-0.0048144,1,0,0
0.2,0.02,0.028681,1,0,0
0.22,0.02,0.046538,1,0,0
0.24,0.02,0.023089,1,0,0
0.26,0.02,0.06522,1,0,0
0.28,0.02,0.030225,1,0,0
0.3,0.02,0.032632,1,0,0
0.32,0.02,0.031201,1,0,0
0.34,0.02,0.021104,1,0,0
0.36,0.02,0.028092,1,0,0
0.38,0.02,0.033032,1,0,0
0.4,0.02,0.041581,1,0,0
0.42,0.02,0.061544,1,0,0
0.44,0.02,0.049755,1,0,0
0.46,0.02,0.039762,1,0,0
0.48,0.02,0.013737,1,0,0
0.5,0.02,0.0098329,1,0,0
0.52,0.02,-0.027964,1,0,0
0.54,0.02,0.013725,1,0,0
0.56,0.02,0.010926,1,0,0
0.58,0.02,-0.017012,1,0,0
0.6,0.02,0.0019592,1,0,0
0.62,0.02,0.018934,1,0,0
0.64,0.02,0.039524,1,0,0
0.66,0.02,0.024062,1,0,0
0.68,0.02,0.02683,1,0,0
0.7,0.02,0.019189,1,0,0
0.72,0.02,-0.014846,1,0,0
0.74,0.02,0.040366,1,0,0
0.76,0.02,0.031032,1,0,0
0.78,0.02,-0.0070869,1,0,0
0.8,0.02,0.012392,1,0,0
0.82,0.02,0.058315,1,0,0
0.84,0.02,0.0517,1,0,0
0.86,0.02,0.079452,1,0,0
0.88,0.02,0.063504,1,0,0
0.9,0.02,0.013711,1,0,0
0.92,0.02,0.042495,1,0,0
0.94,0.02,0.043124,1,0,0
0.96,0.02,0.049842,1,0,0
0.98,0.02,0.049722,1,0,0
0.02,0.04,0.074111,1,0,0
0.04,0.04,0.070412,1,0,0
0.06,0.04,0.062081,1,0,0
0.08,0.04,0.023958,1,0,0
0.1,0.04,-0.0032754,1,0,0
0.12,0.04,-0.011009,1,0,0
0.14,0.04,-0.011209,1,0,0
0.16,0.04,-0.0071649,1,0,0
0.18,0.04,0.0086124,1,0,0
0.2,0.04,-0.0014606,1,0,0
0.22,0.04,0.0057222,1,0,0
0.24,0.04,-0.0081862,1,0,0
0.26,0.04,-0.001514,1,0,0
0.28,0.04,-0.0033637,1,0,0
0.3,0.04,0.028126,1,0,0
0.32,0.04,0.024183,1,0,0
0.34,0.04,0.018492,1,0,0
0.36,0.04,0.046255,1,0,0
0.38,0.04,0.039257,1,0,0
0.4,0.04,0.070263,1,0,0
0.42,0.04,0.073666,1,0,0
0.44,0.04,0.04072,1,0,0
0.46,0.04,0.035086,1,0,0
0.48,0.04,0.0092715,1,0,0
0.5,0.04,-0.012755,1,0,0
0.52,0.04,-0.05386,1,0,0
0.54,0.04,-0.027139,1,0,0
0.56,0.04,0.02848,1,0,0
0.58,0.04,0.027118,1,0,0
0.6,0.04,-0.013868,1,0,0
0.62,0.04,0.038535,1,0,0
0.64,0.04,-0.00016953,1,0,0
0.66,0.04,0.026719,1,0,0
0.68,0.04,0.0031884,1,0,0
0.7,0.04,-0.0046191,1,0,0
0.72,0.04,-0.0079627,1,0,0
0.74,0.04,0.019047,1,0,0
0.76,0.04,0.011764,1,0,0
0.78,0.04,0.016626,1,0,0
0.8,0.04,0.035709,1,0,0
0.82,0.04,0.051125,1,0,0
0.84,0.04,0.059309,1,0,0
0.86,0.04,0.058319,1,0,0
0.88,0.04,0.021438,1,0,0
0.9,0.04,0.023088,1,0,0
0.92,0.04,0.083063,1,0,0
0.94,0.04,0.065298,1,0,0
0.96,0.04,0.036603,1,0,0
0.98,0.04,0.022795,1,0,0
0.02,0.06,0.071138,1,0,0
0.04,0.06,0.053778,1,0,0
0.06,0.06,0.071003,1,0,0
0.08,0.06,0.016504,1,0,0
0.1,0.06,0.047584,1,0,0
0.12,0.06,0.033702,1,0,0
0.14,0.06,-0.0078119,1,0,0
0.16,0.06,-0.0027404,1,0,0
0.18,0.06,0.0093497,1,0,0
0.2,0.06,-0.027985,1,0,0
0.22,0.06,-0.017513,1,0,0
0.24,0.06,-0.0020316,1,0,0
0.26,0.06,-0.00476,1,0,0
0.28,0.06,0.020241,1,0,0
0.3,0.06,0.016165,1,0,0
0.32,0.06,0.045291,1,0,0
0.34,0.06,0.0099492,1,0,0
0.36,0.06,0.038522,1,0,0
0.38,0.06,0.085886,1,0,0
0.4,0.06,0.085904,1,0,0
0.42,0.06,0.068193,1,0,0
0.44,0.06,0.062268,1,0,0
0.46,0.06,0.056957,1,0,0
0.48,0.06,0.042482,1,0,0
0.5,0.06,0.014174,1,0,0
0.52,0.06,-0.027509,1,0,0
0.54,0.06,-0.02519,1,0,0
0.56,0.06,-0.0017275,1,0,0
0.58,0.06,0.030172,1,0,0
0.6,0.06,0.022735,1,0,0
0.62,0.06,0.040114,1,0,0
0.64,0.06,0.01157,1,0,0
0.66,0.06,0.049655,1,0,0
0.68,0.06,0.01637,1,0,0
0.7,0.06,0.0066917,1,0,0
0.72,0.06,0.026788,1,0,0
0.74,0.06,0.014756,1,0,0
0.76,0.06,0.028144,1,0,0
0.78,0.06,0.0095418,1,0,0
0.8,0.06,0.051728,1,0,0
0.82,0.06,0.06132,1,0,0
0.84,0.06,0.073908,1,0,0
0.86,0.06,0.092843,1,0,0
0.88,0.06,0.047088,1,0,0
0.9,0.06,0.067362,1,0,0
0.92,0.06,0.083119,1,0,0
0.94,0.06,0.05078,1,0,0
0.96,0.06,0.033468,1,0,0
0.98,0.06,0.019748,1,0,0
0.02,0.08,0.044212,1,0,0
0.04,0.08,0.055628,1,0,0
0.06,0.08,0.037628,1,0,0
0.08,0.08,0.020527,1,0,0
0.1,0.08,0.025877,1,0,0
0.12,0.08,0.023394,1,0,0
0.14,0.08,-0.010756,1,0,0
0.16,0.08,0.0095939,1,0,0
0.18,0.08,0.0028137,1,0,0
0.2,0.08,0.017391,1,0,0
0.22,0.08,-0.0039089,1,0,0
0.24,0.08,-0.032518,1,0,0
0.26,0.08,0.012762,1,0,0
0.28,0.08,0.0095182,1,0,0
0.3,0.08,0.019581,1,0,0
0.32,0.08,-0.019398,1,0,0
0.34,0.08,0.016159,1,0,0
0.36,0.08,0.052192,1,0,0
0.38,0.08,0.075104,1,0,0
0.4,0.08,0.11804,1,0,0
0.42,0.08,0.09749,1,0,0
0.44,0.08,0.073385,1,0,0
0.46,0.08,0.071684,1,0,0
0.48,0.08,0.046953,1,0,0
0.5,0.08,-0.0076454,1,0,0
0.52,0.08,-0.0085857,1,0,0
0.54,0.08,-0.031067,1,0,0
0.56,0.08,0.033089,1,0,0
0.58,0.08,0.0089594,1,0,0
0.6,0.08,0.0475,1,0,0
0.62,0.08,0.02917,1,0,0
0.64,0.08,0.0076583,1,0,0
0.66,0.08,0.0096409,1,0,0
0.68,0.08,0.045249,1,0,0
0.7,0.08,0.016246,1,0,0
0.72,0.08,0.021019,1,0,0
0.74,0.08,0.034459,1,0,0
0.76,0.08,0.022455,1,0,0
0.78,0.08,0.050639,1,0,0
0.8,0.08,0.068987,1,0,0
0.82,0.08,0.083949,1,0,0
0.84,0.08,0.088844,1,0,0
0.86,0.08,0.07187,1,0,0
0.88,0.08,0.071304,1,0,0
0.9,0.08,0.030691,1,0,0
0.92,0.08,0.060025,1,0,0
0.94,0.08,0.045533,1,0,0
0.96,0.08,0.03106,1,0,0
0.98,0.08,0.015318,1,0,0
0.02,0.1,0.030686,1,0,0
0.04,0.1,0.046188,1,0,0
0.06,0.1,0.057669,1,0,0
0.08,0.1,0.0099536,1,0,0
0.1,0.1,0.056065,1,0,0
0.12,0.1,0.043952,1,0,0
0.14,0.1,-0.010777,1,0,0
0.16,0.1,0.017573,1,0,0
0.18,0.1,-0.021242,1,0,0
0.2,0.1,-0.030703,1,0,0
0.22,0.1,0.0076202,1,0,0
0.24,0.1,0.014668,1,0,0
0.26,0.1,0.0056264,1,0,0
0.28,0.1,0.011609,1,0,0
0.3,0.1,-0.0030997,1,0,0
0.32,0.1,0.010764,1,0,0
0.34,0.1,0.00068517,1,0,0
0.36,0.1,0.053595,1,0,0
0.38,0.1,0.076477,1,0,0
0.4,0.1,0.074522,1,0,0
0.42,0.1,0.070677,1,0,0
0.44,0.1,0.058352,1,0,0
0.46,0.1,0.05061,1,0,0
0.48,0.1,0.02231,1,0,0
0.5,0.1,0.0055824,1,0,0
0.52,0.1,0.0045009,1,0,0
0.54,0.1,-0.0071232,1,0,0
0.56,0.1,0.010791,1,0,0
0.58,0.1,0.0058148,1,0,0
0.6,0.1,0.023011,1,0,0
0.62,0.1,-0.0089197,1,0,0
0.64,0.1,0.026316,1,0,0
0.66,0.1,-0.0057421,1,0,0
0.68,0.1,0.010363,1,0,0
0.7,0.1,-0.0016569,1,0,0
0.72,0.1,0.035532,1,0,0
0.74,0.1,0.02834,1,0,0
0.76,0.1,0.059219,1,0,0
0.78,0.1,0.028468,1,0,0
0.8,0.1,0.048155,1,0,0
0.82,0.1,0.046516,1,0,0
0.84,0.1,0.097885,1,0,0
0.86,0.1,0.067015,1,0,0
0.88,0.1,0.043323,1,0,0
0.9,0.1,0.05113,1,0,0
0.92,0.1,0.069877,1,0,0
0.94,0.1,0.028069,1,0,0
0.96,0.1,0.059728,1,0,0
0.98,0.1,0.035108,1,0,0
0.02,0.12,0.0068884,1,0,0
0.04,0.12,0.041165,1,0,0
0.06,0.12,0.057674,1,0,0
0.08,0.12,0.043284,1,0,0
0.1,0.12,0.039039,1,0,0
0.12,0.12,0.0030136,1,0,0
0.14,0.12,0.010246,1,0,0
0.16,0.12,0.0042024,1,0,0
0.18,0.12,-0.021212,1,0,0
0.2,0.12,-0.032244,1,0,0
0.22,0.12,0.0019718,1,0,0
0.24,0.12,-0.017378,1,0,0
0.26,0.12,-0.021123,1,0,0
0.28,0.12,0.0090817,1,0,0
0.3,0.12,0.029097,1,0,0
0.32,0.12,0.052165,1,0,0
0.34,0.12,0.049653,1,0,0
0.36,0.12,0.051714,1,0,0
0.38,0.12,0.022844,1,0,0
0.4,0.12,0.06324,1,0,0
0.42,0.12,0.080114,1,0,0
0.44,0.12,0.040312,1,0,0
0.46,0.12,0.050104,1,0,0
0.48,0.12,0.046604,1,0,0
0.5,0.12,-0.010104,1,0,0
0.52,0.12,0.0062976,1,0,0
0.54,0.12,-0.0033422,1,0,0
0.56,0.12,0.025947,1,0,0
0.58,0.12,0.0042372,1,0,0
0.6,0.12,0.0037715,1,0,0
0.62,0.12,0.003096,1,0,0
0.64,0.12,0.0045098,1,0,0
0.66,0.12,0.025186,1,0,0
0.68,0.12,0.043342,1,0,0
0.7,0.12,0.0073607,1,0,0
0.72,0.12,0.05507,1,0,0
0.74,0.12,0.015876,1,0,0
0.76,0.12,0.061291,1,0,0
0.78,0.12,0.0094567,1,0,0
0.8,0.12,0.043128,1,0,0
0.82,0.12,0.06595,1,0,0
0.84,0.12,0.087583,1,0,0
0.86,0.12,0.058835,1,0,0
0.88,0.12,0.035325,1,0,0
0.9,0.12,0.054613,1,0,0
0.92,0.12,0.04569,1,0,0
0.94,0.12,0.047685,1,0,0
0.96,0.12,0.052455,1,0,0
0.98,0.12,0.027167,1,0,0
0.02,0.14,0.01173,1,0,0
0.04,0.14,0.02344,1,0,0
0.06,0.14,0.038997,1,0,0
0.08,0.14,0.030636,1,0,0
0.1,0.14,0.01508,1,0,0
0.12,0.14,0.0048112,1,0,0
0.14,0.14,-0.0067904,1,0,0
0.16,0.14,-0.0086126,1,0,0
0.18,0.14,0.0027458,1,0,0
0.2,0.14,0.002459,1,0,0
0.22,0.14,0.038321,1,0,0
0.24,0.14,-0.03461,1,0,0
0.26,0.14,0.00080408,1,0,0
0.28,0.14,0.0053108,1,0,0
0.3,0.14,0.043129,1,0,0
0.32,0.14,0.017143,1,0,0
0.34,0.14,0.047853,1,0,0
0.36,0.14,0.036853,1,0,0
0.38,0.14,0.027599,1,0,0
0.4,0.14,0.058258,1,0,0
0.42,0.14,0.03478,1,0,0
0.44,0.14,0.018823,1,0,0
0.46,0.14,0.028878,1,0,0
0.48,0.14,0.048232,1,0,0
0.5,0.14,0.0052648,1,0,0
0.52,0.14,0.0083669,1,0,0
0.54,0.14,-0.031619,1,0,0
0.56,0.14,-0.01365,1,0,0
0.58,0.14,-0.012288,1,0,0
0.6,0.14,0.01176,1,0,0
0.62,0.14,0.013416,1,0,0
0.64,0.14,0.010609,1,0,0
0.66,0.14,0.0013053,1,0,0
0.68,0.14,0.016571,1,0,0
0.7,0.14,0.010799,1,0,0
0.72,0.14,-0.0046483,1,0,0
0.74,0.14,0.00023437,1,0,0
0.76,0.14,0.050471,1,0,0
0.78,0.14,0.046721,1,0,0
0.8,0.14,0.045816,1,0,0
0.82,0.14,0.042355,1,0,0
0.84,0.14,0.054814,1,0,0
0.86,0.14,0.079412,1,0,0
0.88,0.14,0.069364,1,0,0
0.9,0.14,0.063139,1,0,0
0.92,0.14,0.041421,1,0,0
0.94,0.14,0.020901,1,0,0
0.96,0.14,0.037803,1,0,0
0.98,0.14,0.04652,1,0,0
0.02,0.16,0.018798,1,0,0
0.04,0.16,0.034412,1,0,0
0.06,0.16,0.048704,1,0,0
0.08,0.16,0.0052256,1,0,0
0.1,0.16,0.02191,1,0,0
0.12,0.16,0.0049389,1,0,0
0.14,0.16,0.022207,1,0,0
0.16,0.16,0.010273,1,0,0
0.18,0.16,0.01731,1,0,0
0.2,0.16,0.031339,1,0,0
0.22,0.16,0.02694,1,0,0
0.24,0.16,-0.0044384,1,0,0
0.26,0.16,-0.0095272,1,0,0
0.28,0.16,-0.020981,1,0,0
0.3,0.16,0.014707,1,0,0
0.32,0.16,0.049715,1,0,0
0.34,0.16,0.043973,1,0,0
0.36,0.16,0.060946,1,0,0
0.38,0.16,0.026961,1,0,0
0.4,0.16,0.031774,1,0,0
0.42,0.16,0.053162,1,0,0
0.44,0.16,0.051095,1,0,0
0.46,0.16,0.05349,1,0,0
0.48,0.16,-0.00098498,1,0,0
0.5,0.16,0.012219,1,0,0
0.52,0.16,0.012983,1,0,0
0.54,0.16,0.0088248,1,0,0
0.56,0.16,-0.025139,1,0,0
0.58,0.16,-0.006044,1,0,0
0.6,0.16,-0.012431,1,0,0
0.62,0.16,-0.020945,1,0,0
0.64,0.16,0.012294,1,0,0
0.66,0.16,-0.0014801,1,0,0
0.68,0.16,-0.0021056,1,0,0
0.7,0.16,0.0086657,1,0,0
0.72,0.16,0.019875,1,0,0
0.74,0.16,0.034202,1,0,0
0.76,0.16,0.072436,1,0,0
0.78,0.16,0.071341,1,0,0
0.8,0.16,0.06828,1,0,0
0.82,0.16,0.062689,1,0,0
0.84,0.16,0.055707,1,0,0
0.86,0.16,0.058915,1,0,0
0.88,0.16,0.047179,1,0,0
0.9,0.16,0.024597,1,0,0
0.92,0.16,0.053993,1,0,0
0.94,0.16,0.054808,1,0,0
0.96,0.16,0.069989,1,0,0
0.98,0.16,0.064193,1,0,0
0.02,0.18,-0.014753,1,0,0
0.04,0.18,0.019323,1,0,0
0.06,0.18,0.046382,1,0,0
0.08,0.18,0.023657,1,0,0
0.1,0.18,-0.0020078,1,0,0
0.12,0.18,0.0219,1,0,0
0.14,0.18,0.026864,1,0,0
0.16,0.18,0.0078415,1,0,0
0.18,0.18,0.0084058,1,0,0
0.2,0.18,0.0041505,1,0,0
0.22,0.18,0.014549,1,0,0
0.24,0.18,0.0051707,1,0,0
0.26,0.18,0.0023986,1,0,0
0.28,0.18,-0.012738,1,0,0
0.3,0.18,0.0043478,1,0,0
0.32,0.18,0.028017,1,0,0
0.34,0.18,0.063358,1,0,0
0.36,0.18,0.042171,1,0,0
0.38,0.18,0.042021,1,0,0
0.4,0.18,0.045254,1,0,0
0.42,0.18,0.063616,1,0,0
0.44,0.18,0.023266,1,0,0
0.46,0.18,0.05034,1,0,0
0.48,0.18,0.040192,1,0,0
0.5,0.18,-0.00012717,1,0,0
0.52,0.18,0.0069337,1,0,0
0.54,0.18,-0.02949,1,0,0
0.56,0.18,-0.025539,1,0,0
0.58,0.18,-0.03665,1,0,0
0.6,0.18,-0.02007,1,0,0
0.62,0.18,0.0044434,1,0,0
0.64,0.18,0.0013607,1,0,0
0.66,0.18,0.017554,1,0,0
0.68,0.18,0.035287,1,0,0
0.7,0.18,0.038924,1,0,0
0.72,0.18,0.025694,1,0,0
0.74,0.18,0.044227,1,0,0
0.76,0.18,0.060111,1,0,0
0.78,0.18,0.031954,1,0,0
0.8,0.18,0.052446,1,0,0
0.82,0.18,0.067216,1,0,0
0.84,0.18,0.051969,1,0,0
0.86,0.18,0.077455,1,0,0
0.88,0.18,0.058986,1,0,0
0.9,0.18,0.048702,1,0,0
0.92,0.18,0.051684,1,0,0
0.94,0.18,0.017649,1,0,0
0.96,0.18,0.055374,1,0,0
0.98,0.18,0.048374,1,0,0
0.02,0.2,0.039771,1,0,0
0.04,0.2,0.057176,1,0,0
0.06,0.2,0.047308,1,0,0
0.08,0.2,0.035782,1,0,0
0.1,0.2,0.0099678,1,0,0
0.12,0.2,0.024244,1,0,0
0.14,0.2,0.013074,1,0,0
0.16,0.2,0.045741,1,0,0
0.18,0.2,0.044759,1,0,0
0.2,0.2,0.029244,1,0,0
0.22,0.2,0.020613,1,0,0
0.24,0.2,0.032889,1,0,0
0.26,0.2,0.023357,1,0,0
0.28,0.2,-0.024882,1,0,0
0.3,0.2,0.026201,1,0,0
0.32,0.2,0.057961,1,0,0
0.34,0.2,0.043049,1,0,0
0.36,0.2,0.018648,1,0,0
0.38,0.2,0.061018,1,0,0
0.4,0.2,0.058391,1,0,0
0.42,0.2,0.057762,1,0,0
0.44,0.2,0.041553,1,0,0
0.46,0.2,0.023182,1,0,0
0.48,0.2,0.019201,1,0,0
0.5,0.2,-0.007469,1,0,0
0.52,0.2,-0.0054849,1,0,0
0.54,0.2,-0.027803,1,0,0
0.56,0.2,-0.00020537,1,0,0
0.58,0.2,-0.005351,1,0,0
0.6,0.2,-0.00061913,1,0,0
0.62,0.2,0.00020152,1,0,0
0.64,0.2,0.0094905,1,0,0
0.66,0.2,0.015793,1,0,0
0.68,0.2,0.040747,1,0,0
0.7,0.2,0.060727,1,0,0
0.72,0.2,0.030527,1,0,0
0.74,0.2,0.0017109,1,0,0
0.76,0.2,0.066888,1,0,0
0.78,0.2,0.021155,1,0,0
0.8,0.2,0.057953,1,0,0
0.82,0.2,0.099458,1,0,0
0.84,0.2,0.096386,1,0,0
0.86,0.2,0.080885,1,0,0
0.88,0.2,0.06913,1,0,0
0.9,0.2,0.07242,1,0,0
0.92,0.2,0.075986,1,0,0
0.94,0.2,0.033391,1,0,0
0.96,0.2,0.05431,1,0,0
0.98,0.2,0.073119,1,0,0
0.02,0.22,0.060045,1,0,0
0.04,0.22,0.0054877,1,0,0
0.06,0.22,0.041401,1,0,0
0.08,0.22,0.028777,1,0,0
0.1,0.22,0.014347,1,0,0
0.12,0.22,-0.011001,1,0,0
0.14,0.22,0.010736,1,0,0
0.16,0.22,0.024444,1,0,0
0.18,0.22,0.015105,1,0,0
0.2,0.22,0.037455,1,0,0
0.22,0.22,0.022731,1,0,0
0.24,0.22,0.02547,1,0,0
0.26,0.22,0.010694,1,0,0
0.28,0.22,0.025323,1,0,0
0.3,0.22,0.014521,1,0,0
0.32,0.22,0.017751,1,0,0
0.34,0.22,0.015895,1,0,0
0.36,0.22,0.076392,1,0,0
0.38,0.22,0.04682,1,0,0
0.4,0.22,0.070923,1,0,0
0.42,0.22,0.0035942,1,0,0
0.44,0.22,-0.01391,1,0,0
0.46,0.22,-0.0040404,1,0,0
0.48,0.22,-0.012676,1,0,0
0.5,0.22,0.026582,1,0,0
0.52,0.22,-0.016912,1,0,0
0.54,0.22,-0.040258,1,0,0
0.56,0.22,-0.0061297,1,0,0
0.58,0.22,0.022159,1,0,0
0.6,0.22,0.022757,1,0,0
0.62,0.22,0.044511,1,0,0
0.64,0.22,0.024059,1,0,0
0.66,0.22,-0.003734,1,0,0
0.68,0.22,0.05328,1,0,0
0.7,0.22,0.051402,1,0,0
0.72,0.22,0.038079,1,0,0
0.74,0.22,0.0074695,1,0,0
0.76,0.22,0.05045,1,0,0
0.78,0.22,0.045464,1,0,0
0.8,0.22,0.079802,1,0,0
0.82,0.22,0.04814,1,0,0
0.84,0.22,0.047143,1,0,0
0.86,0.22,0.064958,1,0,0
0.88,0.22,0.088387,1,0,0
0.9,0.22,0.045218,1,0,0
0.92,0.22,0.067566,1,0,0
0.94,0.22,0.05093,1,0,0
0.96,0.22,0.03203,1,0,0
0.98,0.22,0.065347,1,0,0
0.02,0.24,0.040583,1,0,0
0.04,0.24,0.07532,1,0,0
0.06,0.24,0.073329,1,0,0
0.08,0.24,0.042875,1,0,0
0.1,0.24,0.015631,1,0,0
0.12,0.24,0.033262,1,0,0
0.14,0.24,0.046954,1,0,0
0.16,0.24,0.040333,1,0,0
0.18,0.24,0.036396,1,0,0
0.2,0.24,0.027069,1,0,0
0.22,0.24,0.060851,1,0,0
0.24,0.24,0.025143,1,0,0
0.26,0.24,0.041028,1,0,0
0.28,0.24,0.023718,1,0,0
0.3,0.24,0.013895,1,0,0
0.32,0.24,0.053995,1,0,0
0.34,0.24,0.043967,1,0,0
0.36,0.24,0.046107,1,0,0
0.38,0.24,0.021189,1,0,0
0.4,0.24,0.012194,1,0,0
0.42,0.24,0.014154,1,0,0
0.44,0.24,0.037497,1,0,0
0.46,0.24,-0.0001797,1,0,0
0.48,0.24,0.0062882,1,0,0
0.5,0.24,-0.0076435,1,0,0
0.52,0.24,0.0010608,1,0,0
0.54,0.24,-0.01894,1,0,0
0.56,0.24,-0.0058828,1,0,0
0.58,0.24,-0.011942,1,0,0
0.6,0.24,0.01894,1,0,0
0.62,0.24,0.027872,1,0,0
0.64,0.24,0.069084,1,0,0
0.66,0.24,0.07722,1,0,0
0.68,0.24,0.055692,1,0,0
0.7,0.24,0.076499,1,0,0
0.72,0.24,0.060073,1,0,0
0.74,0.24,0.049734,1,0,0
0.76,0.24,0.043134,1,0,0
0.78,0.24,0.028109,1,0,0
0.8,0.24,0.050952,1,0,0
0.82,0.24,0.06803,1,0,0
0.84,0.24,0.050987,1,0,0
0.86,0.24,0.061396,1,0,0
0.88,0.24,0.050885,1,0,0
0.9,0.24,0.036484,1,0,0
0.92,0.24,0.088446,1,0,0
0.94,0.24,0.083352,1,0,0
0.96,0.24,0.084706,1,0,0
0.98,0.24,0.026886,1,0,0
0.02,0.26,0.0040881,1,0,0
0.04,0.26,0.023887,1,0,0
0.06,0.26,0.048678,1,0,0
0.08,0.26,0.017502,1,0,0
0.1,0.26,0.01713,1,0,0
0.12,0.26,0.024532,1,0,0
0.14,0.26,0.044249,1,0,0
0.16,0.26,0.031731,1,0,0
0.18,0.26,0.043035,1,0,0
0.2,0.26,0.041384,1,0,0
0.22,0.26,0.055981,1,0,0
0.24,0.26,0.036539,1,0,0
0.26,0.26,0.028212,1,0,0
0.28,0.26,0.040585,1,0,0
0.3,0.26,0.022043,1,0,0
0.32,0.26,0.029293,1,0,0
0.34,0.26,0.028064,1,0,0
0.36,0.26,0.011323,1,0,0
0.38,0.26,-0.013616,1,0,0
0.4,0.26,0.00029602,1,0,0
0.42,0.26,-0.019224,1,0,0
0.44,0.26,-0.031145,1,0,0
0.46,0.26,0.0028916,1,0,0
0.48,0.26,-0.00042734,1,0,0
0.5,0.26,0.0086364,1,0,0
0.52,0.26,-0.0010044,1,0,0
0.54,0.26,-0.044042,1,0,0
0.56,0.26,-0.011319,1,0,0
0.58,0.26,0.0061737,1,0,0
0.6,0.26,-0.00011775,1,0,0
0.62,0.26,0.030872,1,0,0
0.64,0.26,0.032632,1,0,0
0.66,0.26,0.060284,1,0,0
0.68,0.26,0.053105,1,0,0
0.7,0.26,0.048291,1,0,0
0.72,0.26,0.077821,1,0,0
0.74,0.26,0.075404,1,0,0
0.76,0.26,0.061894,1,0,0
0.78,0.26,0.049009,1,0,0
0.8,0.26,0.031982,1,0,0
0.82,0.26,0.029009,1,0,0
0.84,0.26,0.0082919,1,0,0
0.86,0.26,0.011068,1,0,0
0.88,0.26,0.011236,1,0,0
0.9,0.26,0.042115,1,0,0
0.92,0.26,0.047399,1,0,0
0.94,0.26,0.065477,1,0,0
0.96,0.26,0.078897,1,0,0
0.98,0.26,0.049019,1,0,0
0.02,0.28,0.028203,1,0,0
0.04,0.28,0.016338,1,0,0
0.06,0.28,0.03899,1,0,0
0.08,0.28,0.020467,1,0,0
0.1,0.28,0.050799,1,0,0
0.12,0.28,0.03803,1,0,0
0.14,0.28,0.0060206,1,0,0
0.16,0.28,0.042027,1,0,0
0.18,0.28,0.033766,1,0,0
0.2,0.28,0.060336,1,0,0
0.22,0.28,0.061699,1,0,0
0.24,0.28,0.028574,1,0,0
0.26,0.28,0.048935,1,0,0
0.28,0.28,0.048962,1,0,0
0.3,0.28,0.043387,1,0,0
0.32,0.28,0.050941,1,0,0
0.34,0.28,0.024878,1,0,0
0.36,0.28,-0.031531,1,0,0
0.38,0.28,-0.010793,1,0,0
0.4,0.28,0.015033,1,0,0
0.42,0.28,-0.0085256,1,0,0
0.44,0.28,-0.021882,1,0,0
0.46,0.28,0.0055196,1,0,0
0.48,0.28,-0.0041553,1,0,0
0.5,0.28,0.001991,1,0,0
0.52,0.28,-0.025452,1,0,0
0.54,0.28,0.023394,1,0,0
0.56,0.28,0.00010365,1,0,0
0.58,0.28,0.019047,1,0,0
0.6,0.28,0.011654,1,0,0
0.62,0.28,0.016995,1,0,0
0.64,0.28,0.017633,1,0,0
0.66,0.28,0.051477,1,0,0
0.68,0.28,0.052628,1,0,0
0.7,0.28,0.081993,1,0,0
0.72,0.28,0.065097,1,0,0
0.74,0.28,0.093309,1,0,0
0.76,0.28,0.10137,1,0,0
0.78,0.28,0.068979,1,0,0
0.8,0.28,0.036284,1,0,0
0.82,0.28,0.031551,1,0,0
0.84,0.28,0.020044,1,0,0
0.86,0.28,-0.013818,1,0,0
0.88,0.28,0.0090671,1,0,0
0.9,0.28,0.024656,1,0,0
0.92,0.28,0.052091,1,0,0
0.94,0.28,0.072527,1,0,0
0.96,0.28,0.087555,1,0,0
0.98,0.28,0.073455,1,0,0
0.02,0.3,0.010318,1,0,0
0.04,0.3,0.045362,1,0,0
0.06,0.3,0.0028575,1,0,0
0.08,0.3,0.032251,1,0,0
0.1,0.3,0.085622,1,0,0
0.12,0.3,0.082865,1,0,0
0.14,0.3,0.0083746,1,0,0
0.16,0.3,0.023222,1,0,0
0.18,0.3,0.030649,1,0,0
0.2,0.3,0.026602,1,0,0
0.22,0.3,0.051645,1,0,0
0.24,0.3,0.04717,1,0,0
0.26,0.3,0.077457,1,0,0
0.28,0.3,0.036754,1,0,0
0.3,0.3,0.059325,1,0,0
0.32,0.3,0.020502,1,0,0
0.34,0.3,0.030765,1,0,0
0.36,0.3,-0.014738,1,0,0
0.38,0.3,0.0093078,1,0,0
0.4,0.3,0.027255,1,0,0
0.42,0.3,0.0018082,1,0,0
0.44,0.3,-0.033228,1,0,0
0.46,0.3,0.020583,1,0,0
0.48,0.3,-0.019346,1,0,0
0.5,0.3,-0.028561,1,0,0
0.52,0.3,-0.0091817,1,0,0
0.54,0.3,-0.0045248,1,0,0
0.56,0.3,0.011034,1,0,0
0.58,0.3,-0.009153,1,0,0
0.6,0.3,0.0014342,1,0,0
0.62,0.3,0.027664,1,0,0
0.64,0.3,0.027803,1,0,0
0.66,0.3,0.033873,1,0,0
0.68,0.3,0.054299,1,0,0
0.7,0.3,0.06587,1,0,0
0.72,0.3,0.055277,1,0,0
0.74,0.3,0.080878,1,0,0
0.76,0.3,0.080724,1,0,0
0.78,0.3,0.065486,1,0,0
0.8,0.3,-0.0060869,1,0,0
0.82,0.3,0.014627,1,0,0
0.84,0.3,0.054223,1,0,0
0.86,0.3,0.019209,1,0,0
0.88,0.3,0.025902,1,0,0
0.9,0.3,0.059049,1,0,0
0.92,0.3,0.05788,1,0,0
0.94,0.3,0.051385,1,0,0
0.96,0.3,0.081075,1,0,0
0.98,0.3,0.079922,1,0,0
0.02,0.32,-0.00035113,1,0,0
0.04,0.32,0.02488,1,0,0
0.06,0.32,0.039525,1,0,0
0.08,0.32,0.032272,1,0,0
0.1,0.32,0.060236,1,0,0
0.12,0.32,0.036514,1,0,0
0.14,0.32,0.033855,1,0,0
0.16,0.32,0.01507,1,0,0
0.18,0.32,-0.013441,1,0,0
0.2,0.32,-0.0093494,1,0,0
0.22,0.32,0.053879,1,0,0
0.24,0.32,0.017088,1,0,0
0.26,0.32,0.032428,1,0,0
0.28,0.32,0.088318,1,0,0
0.3,0.32,0.053743,1,0,0
0.32,0.32,0.039909,1,0,0
0.34,0.32,0.03125,1,0,0
0.36,0.32,0.014411,1,0,0
0.38,0.32,-0.013686,1,0,0
0.4,0.32,-0.015629,1,0,0
0.42,0.32,0.048312,1,0,0
0.44,0.32,0.0086777,1,0,0
0.46,0.32,0.01868,1,0,0
0.48,0.32,-0.0052479,1,0,0
0.5,0.32,-0.031093,1,0,0
0.52,0.32,-0.02453,1,0,0
0.54,0.32,0.032036,1,0,0
0.56,0.32,0.029173,1,0,0
0.58,0.32,-3.6849e-05,1,0,0
0.6,0.32,-0.010275,1,0,0
0.62,0.32,-0.023063,1,0,0
0.64,0.32,0.0092201,1,0,0
0.66,0.32,0.029294,1,0,0
0.68,0.32,0.045952,1,0,0
0.7,0.32,0.050831,1,0,0
0.72,0.32,0.088559,1,0,0
0.74,0.32,0.072236,1,0,0
0.76,0.32,0.073202,1,0,0
0.78,0.32,0.016258,1,0,0
0.8,0.32,0.022472,1,0,0
0.82,0.32,0.03266,1,0,0
0.84,0.32,0.052512,1,0,0
0.86,0.32,0.057031,1,0,0
0.88,0.32,0.0081335,1,0,0
0.9,0.32,0.038042,1,0,0
0.92,0.32,0.051382,1,0,0
0.94,0.32,0.090892,1,0,0
0.96,0.32,0.075341,1,0,0
0.98,0.32,0.026322,1,0,0
0.02,0.34,0.0085311,1,0,0
0.04,0.34,0.00128,1,0,0
0.06,0.34,0.018109,1,0,0
0.08,0.34,-0.0025333,1,0,0
0.1,0.34,0.03293,1,0,0
0.12,0.34,0.028933,1,0,0
0.14,0.34,0.031231,1,0,0
0.16,0.34,0.034136,1,0,0
0.18,0.34,0.028714,1,0,0
0.2,0.34,0.021045,1,0,0
0.22,0.34,0.038236,1,0,0
0.24,0.34,0.019717,1,0,0
0.26,0.34,0.025317,1,0,0
0.28,0.34,0.036414,1,0,0
0.3,0.34,0.062736,1,0,0
0.32,0.34,0.014372,1,0,0
0.34,0.34,-0.0049009,1,0,0
0.36,0.34,0.029027,1,0,0
0.38,0.34,0.01896,1,0,0
0.4,0.34,0.043068,1,0,0
0.42,0.34,0.021949,1,0,0
0.44,0.34,0.018401,1,0,0
0.46,0.34,0.0027132,1,0,0
0.48,0.34,-0.0033354,1,0,0
0.5,0.34,-0.014794,1,0,0
0.52,0.34,-0.0047029,1,0,0
0.54,0.34,-0.032284,1,0,0
0.56,0.34,0.014524,1,0,0
0.58,0.34,0.033914,1,0,0
0.6,0.34,-0.00048141,1,0,0
0.62,0.34,-0.039829,1,0,0
0.64,0.34,-0.0082639,1,0,0
0.66,0.34,0.0034694,1,0,0
0.68,0.34,0.0099493,1,0,0
0.7,0.34,0.011274,1,0,0
0.72,0.34,0.060554,1,0,0
0.74,0.34,0.069694,1,0,0
0.76,0.34,0.059563,1,0,0
0.78,0.34,0.039036,1,0,0
0.8,0.34,0.048357,1,0,0
0.82,0.34,0.028325,1,0,0
0.84,0.34,0.05495,1,0,0
0.86,0.34,0.044475,1,0,0
0.88,0.34,0.028922,1,0,0
0.9,0.34,0.037164,1,0,0
0.92,0.34,0.06171,1,0,0
0.94,0.34,0.063404,1,0,0
0.96,0.34,0.051718,1,0,0
0.98,0.34,0.063481,1,0,0
0.02,0.36,0.00013745,1,0,0
0.04,0.36,0.0039604,1,0,0
0.06,0.36,0.030781,1,0,0
0.08,0.36,0.018138,1,0,0
0.1,0.36,0.01997,1,0,0
0.12,0.36,0.027407,1,0,0
0.14,0.36,0.04693,1,0,0
0.16,0.36,0.05162,1,0,0
0.18,0.36,0.066789,1,0,0
0.2,0.36,0.046918,1,0,0
0.22,0.36,0.035269,1,0,0
0.24,0.36,-0.011321,1,0,0
0.26,0.36,0.027434,1,0,0
0.28,0.36,0.024839,1,0,0
0.3,0.36,0.063898,1,0,0
0.32,0.36,0.020907,1,0,0
0.34,0.36,0.010176,1,0,0
0.36,0.36,0.039548,1,0,0
0.38,0.36,0.045521,1,0,0
0.4,0.36,0.072713,1,0,0
0.42,0.36,0.044961,1,0,0
0.44,0.36,0.051464,1,0,0
0.46,0.36,0.036267,1,0,0
0.48,0.36,0.045987,1,0,0
0.5,0.36,-0.0084822,1,0,0
0.52,0.36,-0.02688,1,0,0
0.54,0.36,-0.045263,1,0,0
0.56,0.36,0.0045852,1,0,0
0.58,0.36,-0.0020516,1,0,0
0.6,0.36,0.017317,1,0,0
0.62,0.36,-0.028608,1,0,0
0.64,0.36,0.0091188,1,0,0
0.66,0.36,0.0066812,1,0,0
0.68,0.36,0.060179,1,0,0
0.7,0.36,0.054543,1,0,0
0.72,0.36,0.04505,1,0,0
0.74,0.36,0.04596,1,0,0
0.76,0.36,0.043131,1,0,0
0.78,0.36,0.037969,1,0,0
0.8,0.36,0.064681,1,0,0
0.82,0.36,0.061357,1,0,0
0.84,0.36,0.057029,1,0,0
0.86,0.36,0.06334,1,0,0
0.88,0.36,0.033477,1,0,0
0.9,0.36,0.027971,1,0,0
0.92,0.36,0.06412,1,0,0
0.94,0.36,0.061801,1,0,0
0.96,0.36,0.012272,1,0,0
0.98,0.36,0.056055,1,0,0
0.02,0.38,-0.012597,1,0,0
0.04,0.38,-0.013177,1,0,0
0.06,0.38,-0.020058,1,0,0
0.08,0.38,-0.027563,1,0,0
0.1,0.38,0.0017728,1,0,0
0.12,0.38,0.030943,1,0,0
0.14,0.38,0.053841,1,0,0
0.16,0.38,0.040282,1,0,0
0.18,0.38,0.051751,1,0,0
0.2,0.38,0.0004314,1,0,0
0.22,0.38,-0.014593,1,0,0
0.24,0.38,0.010922,1,0,0
0.26,0.38,0.0061092,1,0,0
0.28,0.38,0.009249,1,0,0
0.3,0.38,0.020254,1,0,0
0.32,0.38,0.047666,1,0,0
0.34,0.38,0.028178,1,0,0
0.36,0.38,0.052843,1,0,0
0.38,0.38,0.043166,1,0,0
0.4,0.38,0.028105,1,0,0
0.42,0.38,0.032922,1,0,0
0.44,0.38,0.0069754,1,0,0
0.46,0.38,0.034394,1,0,0
0.48,0.38,0.012463,1,0,0
0.5,0.38,-0.020578,1,0,0
0.52,0.38,-0.017903,1,0,0
0.54,0.38,0.010911,1,0,0
0.56,0.38,0.0067745,1,0,0
0.58,0.38,-0.019609,1,0,0
0.6,0.38,0.0090489,1,0,0
0.62,0.38,0.0075784,1,0,0
0.64,0.38,-0.0023423,1,0,0
0.66,0.38,-0.009106,1,0,0
0.68,0.38,0.037933,1,0,0
0.7,0.38,0.026411,1,0,0
0.72,0.38,0.027776,1,0,0
0.74,0.38,0.045797,1,0,0
0.76,0.38,0.053346,1,0,0
0.78,0.38,-0.0068535,1,0,0
0.8,0.38,0.034322,1,0,0
0.82,0.38,0.04802,1,0,0
0.84,0.38,0.056007,1,0,0
0.86,0.38,0.053223,1,0,0
0.88,0.38,0.0083573,1,0,0
0.9,0.38,0.0076148,1,0,0
0.92,0.38,0.049007,1,0,0
0.94,0.38,0.031833,1,0,0
0.96,0.38,0.020634,1,0,0
0.98,0.38,0.026679,1,0,0
0.02,0.4,-0.011735,1,0,0
0.04,0.4,0.029602,1,0,0
0.06,0.4,0.018448,1,0,0
0.08,0.4,-0.008543,1,0,0
0.1,0.4,-0.021722,1,0,0
0.12,0.4,0.026253,1,0,0
0.14,0.4,0.017828,1,0,0
0.16,0.4,0.040306,1,0,0
0.18,0.4,0.046282,1,0,0
0.2,0.4,0.022458,1,0,0
0.22,0.4,-0.010044,1,0,0
0.24,0.4,0.013417,1,0,0
0.26,0.4,0.024602,1,0,0
0.28,0.4,0.013708,1,0,0
0.3,0.4,0.055221,1,0,0
0.32,0.4,0.036345,1,0,0
0.34,0.4,0.020853,1,0,0
0.36,0.4,0.01706,1,0,0
0.38,0.4,0.035001,1,0,0
0.4,0.4,0.027964,1,0,0
0.42,0.4,0.043257,1,0,0
0.44,0.4,0.020581,1,0,0
0.46,0.4,0.023707,1,0,0
0.48,0.4,6.3678e-05,1,0,0
0.5,0.4,-0.01914,1,0,0
0.52,0.4,-0.022321,1,0,0
0.54,0.4,0.0059137,1,0,0
0.56,0.4,0.036932,1,0,0
0.58,0.4,0.01792,1,0,0
0.6,0.4,0.0083559,1,0,0
0.62,0.4,0.0038272,1,0,0
0.64,0.4,-0.018331,1,0,0
0.66,0.4,-0.0041293,1,0,0
0.68,0.4,0.033947,1,0,0
0.7,0.4,0.053669,1,0,0
0.72,0.4,0.0085458,1,0,0
0.74,0.4,0.020427,1,0,0
0.76,0.4,0.011762,1,0,0
0.78,0.4,-0.0069367,1,0,0
0.8,0.4,0.026968,1,0,0
0.82,0.4,0.054866,1,0,0
0.84,0.4,0.076809,1,0,0
0.86,0.4,0.058457,1,0,0
0.88,0.4,0.021795,1,0,0
0.9,0.4,-0.0073586,1,0,0
0.92,0.4,0.042405,1,0,0
0.94,0.4,0.002387,1,0,0
0.96,0.4,0.024499,1,0,0
0.98,0.4,0.041684,1,0,0
0.02,0.42,0.0019179,1,0,0
0.04,0.42,-0.022745,1,0,0
0.06,0.42,0.0098116,1,0,0
0.08,0.42,0.0061324,1,0,0
0.1,0.42,-0.01204,1,0,0
0.12,0.42,0.022015,1,0,0
0.14,0.42,0.031499,1,0,0
0.16,0.42,0.017438,1,0,0
0.18,0.42,-0.015607,1,0,0
0.2,0.42,0.0053971,1,0,0
0.22,0.42,-0.0016051,1,0,0
0.24,0.42,-0.0125,1,0,0
0.26,0.42,0.0056041,1,0,0
0.28,0.42,0.012299,1,0,0
0.3,0.42,0.047375,1,0,0
0.32,0.42,0.025606,1,0,0
0.34,0.42,0.03854,1,0,0
0.36,0.42,0.026019,1,0,0
0.38,0.42,0.034524,1,0,0
0.4,0.42,0.043302,1,0,0
0.42,0.42,0.054378,1,0,0
0.44,0.42,0.017318,1,0,0
0.46,0.42,-0.0071111,1,0,0
0.48,0.42,0.00044503,1,0,0
0.5,0.42,0.030013,1,0,0
0.52,0.42,-0.016508,1,0,0
0.54,0.42,0.01876,1,0,0
0.56,0.42,0.026654,1,0,0
0.58,0.42,0.026748,1,0,0
0.6,0.42,0.011216,1,0,0
0.62,0.42,-0.006722,1,0,0
0.64,0.42,0.006329,1,0,0
0.66,0.42,0.010068,1,0,0
0.68,0.42,0.045658,1,0,0
0.7,0.42,0.044138,1,0,0
0.72,0.42,0.021913,1,0,0
0.74,0.42,0.040331,1,0,0
0.76,0.42,0.017533,1,0,0
0.78,0.42,-0.028886,1,0,0
0.8,0.42,0.020849,1,0,0
0.82,0.42,0.043252,1,0,0
0.84,0.42,0.024451,1,0,0
0.86,0.42,0.052102,1,0,0
0.88,0.42,0.033462,1,0,0
0.9,0.42,-0.013291,1,0,0
0.92,0.42,-0.019421,1,0,0
0.94,0.42,0.00085842,1,0,0
0.96,0.42,0.01076,1,0,0
0.98,0.42,0.058798,1,0,0
0.02,0.44,-0.03119,1,0,0
0.04,0.44,0.0010748,1,0,0
0.06,0.44,0.035849,1,0,0
0.08,0.44,0.018348,1,0,0
0.1,0.44,0.020488,1,0,0
0.12,0.44,0.031562,1,0,0
0.14,0.44,0.03372,1,0,0
0.16,0.44,-0.0073837,1,0,0
0.18,0.44,0.0033837,1,0,0
0.2,0.44,-0.016765,1,0,0
0.22,0.44,-0.028177,1,0,0
0.24,0.44,-0.015756,1,0,0
0.26,0.44,-0.027016,1,0,0
0.28,0.44,0.0087767,1,0,0
0.3,0.44,0.029885,1,0,0
0.32,0.44,0.0515,1,0,0
0.34,0.44,0.025406,1,0,0
0.36,0.44,0.027315,1,0,0
0.38,0.44,0.0072766,1,0,0
0.4,0.44,0.03599,1,0,0
0.42,0.44,0.025151,1,0,0
0.44,0.44,0.038294,1,0,0
0.46,0.44,0.024955,1,0,0
0.48,0.44,0.0032755,1,0,0
0.5,0.44,0.037264,1,0,0
0.52,0.44,0.030405,1,0,0
0.54,0.44,0.014897,1,0,0
0.56,0.44,0.017851,1,0,0
0.58,0.44,0.017476,1,0,0
0.6,0.44,-0.032434,1,0,0
0.62,0.44,-0.014529,1,0,0
0.64,0.44,-0.020814,1,0,0
0.66,0.44,0.019384,1,0,0
0.68,0.44,0.032683,1,0,0
0.7,0.44,0.044506,1,0,0
0.72,0.44,0.042607,1,0,0
0.74,0.44,0.011648,1,0,0
0.76,0.44,0.0086313,1,0,0
0.78,0.44,0.0012901,1,0,0
0.8,0.44,0.024125,1,0,0
0.82,0.44,0.015467,1,0,0
0.84,0.44,0.029876,1,0,0
0.86,0.44,0.030622,1,0,0
0.88,0.44,0.022644,1,0,0
0.9,0.44,-0.014464,1,0,0
0.92,0.44,-0.0051907,1,0,0
0.94,0.44,-0.0038395,1,0,0
0.96,0.44,0.022185,1,0,0
0.98,0.44,0.028512,1,0,0
0.02,0.46,0.026362,1,0,0
0.04,0.46,0.056704,1,0,0
0.06,0.46,0.022374,1,0,0
0.08,0.46,-0.016057,1,0,0
0.1,0.46,0.001573,1,0,0
0.12,0.46,0.016308,1,0,0
0.14,0.46,0.015613,1,0,0
0.16,0.46,0.0059399,1,0,0
0.18,0.46,0.0099724,1,0,0
0.2,0.46,-0.019589,1,0,0
0.22,0.46,0.014821,1,0,0
0.24,0.46,-0.0043385,1,0,0
0.26,0.46,-0.01157,1,0,0
0.28,0.46,-0.010174,1,0,0
0.3,0.46,-0.017928,1,0,0
0.32,0.46,0.052419,1,0,0
0.34,0.46,0.059594,1,0,0
0.36,0.46,0.033887,1,0,0
0.38,0.46,0.019723,1,0,0
0.4,0.46,0.045422,1,0,0
0.42,0.46,0.04643,1,0,0
0.44,0.46,0.065546,1,0,0
0.46,0.46,0.020945,1,0,0
0.48,0.46,0.0287,1,0,0
0.5,0.46,-0.013386,1,0,0
0.52,0.46,0.028514,1,0,0
0.54,0.46,0.042786,1,0,0
0.56,0.46,0.023484,1,0,0
0.58,0.46,-0.0090969,1,0,0
0.6,0.46,0.014923,1,0,0
0.62,0.46,0.014063,1,0,0
0.64,0.46,0.011926,1,0,0
0.66,0.46,0.0068422,1,0,0
0.68,0.46,-0.012115,1,0,0
0.7,0.46,0.022431,1,0,0
0.72,0.46,0.022212,1,0,0
0.74,0.46,0.019881,1,0,0
0.76,0.46,0.040902,1,0,0
0.78,0.46,0.023047,1,0,0
0.8,0.46,0.027674,1,0,0
0.82,0.46,0.02084,1,0,0
0.84,0.46,0.046514,1,0,0
0.86,0.46,0.036267,1,0,0
0.88,0.46,-0.0050081,1,0,0
0.9,0.46,-0.029923,1,0,0
0.92,0.46,0.00827,1,0,0
0.94,0.46,0.011091,1,0,0
0.96,0.46,0.049294,1,0,0
0.98,0.46,0.011877,1,0,0
0.02,0.48,0.044108,1,0,0
0.04,0.48,0.059857,1,0,0
0.06,0.48,0.051284,1,0,0
0.08,0.48,0.012977,1,0,0
0.1,0.48,0.044095,1,0,0
0.12,0.48,-0.0083465,1,0,0
0.14,0.48,-0.016844,1,0,0
0.16,0.48,0.019387,1,0,0
0.18,0.48,-0.010501,1,0,0
0.2,0.48,-0.025517,1,0,0
0.22,0.48,-0.024193,1,0,0
0.24,0.48,-0.010174,1,0,0
0.26,0.48,-0.017907,1,0,0
0.28,0.48,0.0045969,1,0,0
0.3,0.48,0.037227,1,0,0
0.32,0.48,0.057837,1,0,0
0.34,0.48,0.056395,1,0,0
0.36,0.48,0.021439,1,0,0
0.38,0.48,0.023682,1,0,0
0.4,0.48,0.086777,1,0,0
0.42,0.48,0.036376,1,0,0
0.44,0.48,0.038732,1,0,0
0.46,0.48,0.043916,1,0,0
0.48,0.48,0.020489,1,0,0
0.5,0.48,0.0089978,1,0,0
0.52,0.48,0.023987,1,0,0
0.54,0.48,-0.0014708,1,0,0
0.56,0.48,0.017875,1,0,0
0.58,0.48,0.0135,1,0,0
0.6,0.48,0.037768,1,0,0
0.62,0.48,0.0051122,1,0,0
0.64,0.48,0.021416,1,0,0
0.66,0.48,-0.0047615,1,0,0
0.68,0.48,0.042216,1,0,0
0.7,0.48,0.0094294,1,0,0
0.72,0.48,0.019627,1,0,0
0.74,0.48,-0.009735,1,0,0
0.76,0.48,0.014844,1,0,0
0.78,0.48,0.02462,1,0,0
0.8,0.48,0.028594,1,0,0
0.82,0.48,0.028063,1,0,0
0.84,0.48,0.044449,1,0,0
0.86,0.48,0.0079851,1,0,0
0.88,0.48,0.020126,1,0,0
0.9,0.48,0.031371,1,0,0
0.92,0.48,0.013649,1,0,0
0.94,0.48,0.013156,1,0,0
0.96,0.48,0.023664,1,0,0
0.98,0.48,0.027705,1,0,0
0.02,0.5,0.019265,1,0,0
0.04,0.5,0.036212,1,0,0
0.06,0.5,0.04699,1,0,0
0.08,0.5,0.029313,1,0,0
0.1,0.5,0.033154,1,0,0
0.12,0.5,0.017269,1,0,0
0.14,0.5,0.0025709,1,0,0
0.16,0.5,0.0097486,1,0,0
0.18,0.5,-0.051924,1,0,0
0.2,0.5,-0.032393,1,0,0
0.22,0.5,-0.013116,1,0,0
0.24,0.5,-0.019718,1,0,0
0.26,0.5,-0.010999,1,0,0
0.28,0.5,0.023567,1,0,0
0.3,0.5,0.019701,1,0,0
0.32,0.5,0.039872,1,0,0
0.34,0.5,0.063107,1,0,0
0.36,0.5,0.019382,1,0,0
0.38,0.5,0.032522,1,0,0
0.4,0.5,0.052371,1,0,0
0.42,0.5,0.022248,1,0,0
0.44,0.5,0.0062829,1,0,0
0.46,0.5,-0.013599,1,0,0
0.48,0.5,0.013938,1,0,0
0.5,0.5,-0.0012125,1,0,0
0.52,0.5,-0.010056,1,0,0
0.54,0.5,-0.02006,1,0,0
0.56,0.5,-0.010089,1,0,0
0.58,0.5,0.012965,1,0,0
0.6,0.5,0.027109,1,0,0
0.62,0.5,-0.0096376,1,0,0
0.64,0.5,0.0055551,1,0,0
0.66,0.5,-0.0057347,1,0,0
0.68,0.5,-0.010613,1,0,0
0.7,0.5,0.0026063,1,0,0
0.72,0.5,0.00098334,1,0,0
0.74,0.5,-0.02044,1,0,0
0.76,0.5,0.0084205,1,0,0
0.78,0.5,-0.0091968,1,0,0
0.8,0.5,0.0091768,1,0,0
0.82,0.5,0.0014153,1,0,0
0.84,0.5,0.021603,1,0,0
0.86,0.5,-0.0171,1,0,0
0.88,0.5,0.035259,1,0,0
0.9,0.5,0.031799,1,0,0
0.92,0.5,0.03098,1,0,0
0.94,0.5,0.0075434,1,0,0
0.96,0.5,0.026617,1,0,0
0.98,0.5,-0.0096196,1,0,0
0.02,0.52,0.0040159,1,0,0
0.04,0.52,0.055849,1,0,0
0.06,0.52,0.015305,1,0,0
0.08,0.52,0.013386,1,0,0
0.1,0.52,0.0072838,1,0,0
0.12,0.52,-0.013614,1,0,0
0.14,0.52,0.0080701,1,0,0
0.16,0.52,-0.0030589,1,0,0
0.18,0.52,0.0019256,1,0,0
0.2,0.52,-0.0078498,1,0,0
0.22,0.52,0.04391,1,0,0
0.24,0.52,0.026222,1,0,0
0.26,0.52,0.021556,1,0,0
0.28,0.52,0.037657,1,0,0
0.3,0.52,0.010367,1,0,0
0.32,0.52,-0.016118,1,0,0
0.34,0.52,0.033661,1,0,0
0.36,0.52,0.02267,1,0,0
0.38,0.52,0.031282,1,0,0
0.4,0.52,0.055437,1,0,0
0.42,0.52,0.061378,1,0,0
0.44,0.52,0.029951,1,0,0
0.46,0.52,0.024935,1,0,0
0.48,0.52,-0.015428,1,0,0
0.5,0.52,-0.03043,1,0,0
0.52,0.52,-0.014421,1,0,0
0.54,0.52,-0.032249,1,0,0
0.56,0.52,0.00072229,1,0,0
0.58,0.52,0.026268,1,0,0
0.6,0.52,0.033528,1,0,0
0.62,0.52,0.024991,1,0,0
0.64,0.52,0.012698,1,0,0
0.66,0.52,-0.0085183,1,0,0
0.68,0.52,0.0022747,1,0,0
0.7,0.52,-0.012648,1,0,0
0.72,0.52,0.004195,1,0,0
0.74,0.52,-0.025656,1,0,0
0.76,0.52,-0.014745,1,0,0
0.78,0.52,-0.0037331,1,0,0
0.8,0.52,0.013005,1,0,0
0.82,0.52,0.020651,1,0,0
0.84,0.52,0.029697,1,0,0
0.86,0.52,0.0017579,1,0,0
0.88,0.52,0.013647,1,0,0
0.9,0.52,0.034586,1,0,0
0.92,0.52,0.010143,1,0,0
0.94,0.52,0.018857,1,0,0
0.96,0.52,0.018434,1,0,0
0.98,0.52,-0.033062,1,0,0
0.02,0.54,-0.0046244,1,0,0
0.04,0.54,0.039428,1,0,0
0.06,0.54,0.032966,1,0,0
0.08,0.54,0.0024087,1,0,0
0.1,0.54,0.028701,1,0,0
0.12,0.54,0.01712,1,0,0
0.14,0.54,0.045929,1,0,0
0.16,0.54,0.020416,1,0,0
0.18,0.54,0.020168,1,0,0
0.2,0.54,0.01179,1,0,0
0.22,0.54,0.046292,1,0,0
0.24,0.54,0.026191,1,0,0
0.26,0.54,0.05149,1,0,0
0.28,0.54,0.02687,1,0,0
0.3,0.54,0.018742,1,0,0
0.32,0.54,0.0062311,1,0,0
0.34,0.54,0.0059913,1,0,0
0.36,0.54,0.016748,1,0,0
0.38,0.54,0.040233,1,0,0
0.4,0.54,0.032234,1,0,0
0.42,0.54,0.032132,1,0,0
0.44,0.54,0.041636,1,0,0
0.46,0.54,0.015865,1,0,0
0.48,0.54,-0.019103,1,0,0
0.5,0.54,-0.019821,1,0,0
0.52,0.54,-0.031257,1,0,0
0.54,0.54,-0.019132,1,0,0
0.56,0.54,-0.032825,1,0,0
0.58,0.54,0.014386,1,0,0
0.6,0.54,-0.00011903,1,0,0
0.62,0.54,-0.023036,1,0,0
0.64,0.54,0.021503,1,0,0
0.66,0.54,-0.022736,1,0,0
0.68,0.54,-0.021787,1,0,0
0.7,0.54,0.013352,1,0,0
0.72,0.54,0.011976,1,0,0
0.74,0.54,-0.014885,1,0,0
0.76,0.54,0.0020569,1,0,0
0.78,0.54,0.0021856,1,0,0
0.8,0.54,-0.012911,1,0,0
0.82,0.54,-0.007248,1,0,0
0.84,0.54,0.023932,1,0,0
0.86,0.54,0.022024,1,0,0
0.88,0.54,-0.0088603,1,0,0
0.9,0.54,0.010854,1,0,0
0.92,0.54,0.010734,1,0,0
0.94,0.54,0.031311,1,0,0
0.96,0.54,0.0080376,1,0,0
0.98,0.54,0.0081563,1,0,0
0.02,0.56,0.019581,1,0,0
0.04,0.56,0.009436,1,0,0
0.06,0.56,0.038591,1,0,0
0.08,0.56,0.039381,1,0,0
0.1,0.56,0.039694,1,0,0
0.12,0.56,0.02593,1,0,0
0.14,0.56,0.039771,1,0,0
0.16,0.56,0.020914,1,0,0
0.18,0.56,0.035673,1,0,0
0.2,0.56,0.05574,1,0,0
0.22,0.56,0.04105,1,0,0
0.24,0.56,0.026818,1,0,0
0.26,0.56,0.051976,1,0,0
0.28,0.56,0.026224,1,0,0
0.3,0.56,0.047151,1,0,0
0.32,0.56,0.024997,1,0,0
0.34,0.56,0.033903,1,0,0
0.36,0.56,-0.0044649,1,0,0
0.38,0.56,0.011424,1,0,0
0.4,0.56,0.062578,1,0,0
0.42,0.56,0.011975,1,0,0
0.44,0.56,-0.0014076,1,0,0
0.46,0.56,0.022252,1,0,0
0.48,0.56,0.028413,1,0,0
0.5,0.56,-0.010149,1,0,0
0.52,0.56,-0.032192,1,0,0
0.54,0.56,-0.040509,1,0,0
0.56,0.56,-0.041851,1,0,0
0.58,0.56,-0.017443,1,0,0
0.6,0.56,-0.029887,1,0,0
0.62,0.56,-0.011675,1,0,0
0.64,0.56,-0.016612,1,0,0
0.66,0.56,-0.0087853,1,0,0
0.68,0.56,0.018711,1,0,0
0.7,0.56,0.01106,1,0,0
0.72,0.56,-0.028157,1,0,0
0.74,0.56,0.02022,1,0,0
0.76,0.56,0.0093638,1,0,0
0.78,0.56,-0.015918,1,0,0
0.8,0.56,-0.00059015,1,0,0
0.82,0.56,0.0058765,1,0,0
0.84,0.56,0.010551,1,0,0
0.86,0.56,-0.00070398,1,0,0
0.88,0.56,0.017161,1,0,0
0.9,0.56,0.014304,1,0,0
0.92,0.56,0.028835,1,0,0
0.94,0.56,0.0097778,1,0,0
0.96,0.56,0.0027325,1,0,0
0.98,0.56,0.017715,1,0,0
0.02,0.58,0.047767,1,0,0
0.04,0.58,0.065419,1,0,0
0.06,0.58,0.051439,1,0,0
0.08,0.58,0.037072,1,0,0
0.1,0.58,0.030833,1,0,0
0.12,0.58,0.013844,1,0,0
0.14,0.58,0.027053,1,0,0
0.16,0.58,0.01311,1,0,0
0.18,0.58,0.069481,1,0,0
0.2,0.58,0.08436,1,0,0
0.22,0.58,0.070308,1,0,0
0.24,0.58,0.07456,1,0,0
0.26,0.58,0.043974,1,0,0
0.28,0.58,0.01557,1,0,0
0.3,0.58,0.037844,1,0,0
0.32,0.58,0.038573,1,0,0
0.34,0.58,0.024011,1,0,0
0.36,0.58,0.018931,1,0,0
0.38,0.58,0.047896,1,0,0
0.4,0.58,0.021964,1,0,0
0.42,0.58,0.020794,1,0,0
0.44,0.58,0.022218,1,0,0
0.46,0.58,0.034006,1,0,0
0.48,0.58,0.031955,1,0,0
0.5,0.58,-0.0032522,1,0,0
0.52,0.58,-0.007751,1,0,0
0.54,0.58,-0.03103,1,0,0
0.56,0.58,-0.01364,1,0,0
0.58,0.58,-0.020454,1,0,0
0.6,0.58,-0.0046465,1,0,0
0.62,0.58,-0.0077358,1,0,0
0.64,0.58,0.01729,1,0,0
0.66,0.58,-0.0084385,1,0,0
0.68,0.58,-0.012509,1,0,0
0.7,0.58,-0.04025,1,0,0
0.72,0.58,-0.034621,1,0,0
0.74,0.58,-0.0089383,1,0,0
0.76,0.58,0.04705,1,0,0
0.78,0.58,0.015613,1,0,0
0.8,0.58,0.019682,1,0,0
0.82,0.58,0.039258,1,0,0
0.84,0.58,0.031915,1,0,0
0.86,0.58,0.037521,1,0,0
0.88,0.58,0.0063817,1,0,0
0.9,0.58,0.03243,1,0,0
0.92,0.58,0.032108,1,0,0
0.94,0.58,0.02068,1,0,0
0.96,0.58,-0.0014873,1,0,0
0.98,0.58,0.017401,1,0,0
0.02,0.6,0.10259,1,0,0
0.04,0.6,0.10469,1,0,0
0.06,0.6,0.096175,1,0,0
0.08,0.6,0.083144,1,0,0
0.1,0.6,0.067259,1,0,0
0.12,0.6,0.070212,1,0,0
0.14,0.6,0.055876,1,0,0
0.16,0.6,0.047331,1,0,0
0.18,0.6,0.082681,1,0,0
0.2,0.6,0.10072,1,0,0
0.22,0.6,0.08654,1,0,0
0.24,0.6,0.074995,1,0,0
0.26,0.6,0.046374,1,0,0
0.28,0.6,0.056379,1,0,0
0.3,0.6,0.069212,1,0,0
0.32,0.6,0.058299,1,0,0
0.34,0.6,0.059963,1,0,0
0.36,0.6,0.065163,1,0,0
0.38,0.6,0.043705,1,0,0
0.4,0.6,0.02273,1,0,0
0.42,0.6,0.040305,1,0,0
0.44,0.6,0.050577,1,0,0
0.46,0.6,0.051201,1,0,0
0.48,0.6,0.041153,1,0,0
0.5,0.6,0.023145,1,0,0
0.52,0.6,0.011748,1,0,0
0.54,0.6,0.0091449,1,0,0
0.56,0.6,0.011296,1,0,0
0.58,0.6,-0.0178,1,0,0
0.6,0.6,-0.011306,1,0,0
0.62,0.6,-0.0087025,1,0,0
0.64,0.6,0.031708,1,0,0
0.66,0.6,-0.006166,1,0,0
0.68,0.6,0.014921,1,0,0
0.7,0.6,-0.0078751,1,0,0
0.72,0.6,-0.011823,1,0,0
0.74,0.6,0.039802,1,0,0
0.76,0.6,0.05777,1,0,0
0.78,0.6,0.019122,1,0,0
0.8,0.6,0.046242,1,0,0
0.82,0.6,0.041165,1,0,0
0.84,0.6,0.065701,1,0,0
0.86,0.6,0.068562,1,0,0
0.88,0.6,0.041709,1,0,0
0.9,0.6,0.018533,1,0,0
0.92,0.6,0.054281,1,0,0
0.94,0.6,0.054693,1,0,0
0.96,0.6,0.051193,1,0,0
0.98,0.6,0.036421,1,0,0
0.02,0.62,0.087617,1,0,0
0.04,0.62,0.082267,1,0,0
0.06,0.62,0.085006,1,0,0
0.08,0.62,0.094039,1,0,0
0.1,0.62,0.080664,1,0,0
0.12,0.62,0.065798,1,0,0
0.14,0.62,0.061025,1,0,0
0.16,0.62,0.067893,1,0,0
0.18,0.62,0.06407,1,0,0
0.2,0.62,0.098562,1,0,0
0.22,0.62,0.06408,1,0,0
0.24,0.62,0.05977,1,0,0
0.26,0.62,0.053592,1,0,0
0.28,0.62,0.039808,1,0,0
0.3,0.62,0.060325,1,0,0
0.32,0.62,0.037846,1,0,0
0.34,0.62,0.024029,1,0,0
0.36,0.62,0.041808,1,0,0
0.38,0.62,0.031661,1,0,0
0.4,0.62,0.052907,1,0,0
0.42,0.62,0.032824,1,0,0
0.44,0.62,0.054479,1,0,0
0.46,0.62,0.061258,1,0,0
0.48,0.62,0.069751,1,0,0
0.5,0.62,0.041543,1,0,0
0.52,0.62,0.0051344,1,0,0
0.54,0.62,0.024023,1,0,0
0.56,0.62,0.0053361,1,0,0
0.58,0.62,-0.020974,1,0,0
0.6,0.62,-0.0291,1,0,0
0.62,0.62,-0.02084,1,0,0
0.64,0.62,0.0039806,1,0,0
0.66,0.62,0.0051195,1,0,0
0.68,0.62,0.038025,1,0,0
0.7,0.62,0.028957,1,0,0
0.72,0.62,-0.004997,1,0,0
0.74,0.62,0.045625,1,0,0
0.76,0.62,0.043514,1,0,0
0.78,0.62,0.0066323,1,0,0
0.8,0.62,0.031295,1,0,0
0.82,0.62,0.037865,1,0,0
0.84,0.62,0.068756,1,0,0
0.86,0.62,0.048662,1,0,0
0.88,0.62,0.059843,1,0,0
0.9,0.62,-0.0058982,1,0,0
0.92,0.62,0.03482,1,0,0
0.94,0.62,0.034606,1,0,0
0.96,0.62,0.0083753,1,0,0
0.98,0.62,0.03452,1,0,0
0.02,0.64,0.091177,1,0,0
0.04,0.64,0.094841,1,0,0
0.06,0.64,0.10934,1,0,0
0.08,0.64,0.096418,1,0,0
0.1,0.64,0.086807,1,0,0
0.12,0.64,0.066184,1,0,0
0.14,0.64,0.063387,1,0,0
0.16,0.64,0.07479,1,0,0
0.18,0.64,0.12387,1,0,0
0.2,0.64,0.11101,1,0,0
0.22,0.64,0.12727,1,0,0
0.24,0.64,0.10983,1,0,0
0.26,0.64,0.057326,1,0,0
0.28,0.64,0.0558,1,0,0
0.3,0.64,0.050687,1,0,0
0.32,0.64,0.024914,1,0,0
0.34,0.64,0.011341,1,0,0
0.36,0.64,0.02951,1,0,0
0.38,0.64,0.059409,1,0,0
0.4,0.64,0.059336,1,0,0
0.42,0.64,0.051828,1,0,0
0.44,0.64,0.056866,1,0,0
0.46,0.64,0.059217,1,0,0
0.48,0.64,0.06861,1,0,0
0.5,0.64,0.07607,1,0,0
0.52,0.64,0.018708,1,0,0
0.54,0.64,0.01601,1,0,0
0.56,0.64,0.031532,1,0,0
0.58,0.64,0.045385,1,0,0
0.6,0.64,0.0051731,1,0,0
0.62,0.64,-0.012474,1,0,0
0.64,0.64,0.026485,1,0,0
0.66,0.64,0.027213,1,0,0
0.68,0.64,0.022519,1,0,0
0.7,0.64,0.029375,1,0,0
0.72,0.64,0.03358,1,0,0
0.74,0.64,0.036411,1,0,0
0.76,0.64,0.043723,1,0,0
0.78,0.64,0.045619,1,0,0
0.8,0.64,0.061197,1,0,0
0.82,0.64,0.053116,1,0,0
0.84,0.64,0.061264,1,0,0
0.86,0.64,0.082135,1,0,0
0.88,0.64,0.0035748,1,0,0
0.9,0.64,0.026631,1,0,0
0.92,0.64,0.036867,1,0,0
0.94,0.64,0.03154,1,0,0
0.96,0.64,-0.0039381,1,0,0
0.98,0.64,0.049421,1,0,0
0.02,0.66,0.073218,1,0,0
0.04,0.66,0.12327,1,0,0
0.06,0.66,0.10246,1,0,0
0.08,0.66,0.084381,1,0,0
0.1,0.66,0.077023,1,0,0
0.12,0.66,0.066313,1,0,0
0.14,0.66,0.0707,1,0,0
0.16,0.66,0.08022,1,0,0
0.18,0.66,0.11438,1,0,0
0.2,0.66,0.098321,1,0,0
0.22,0.66,0.11473,1,0,0
0.24,0.66,0.092227,1,0,0
0.26,0.66,0.068312,1,0,0
0.28,0.66,0.066894,1,0,0
0.3,0.66,0.050426,1,0,0
0.32,0.66,0.022035,1,0,0
0.34,0.66,0.036601,1,0,0
0.36,0.66,0.039395,1,0,0
0.38,0.66,0.029545,1,0,0
0.4,0.66,0.04474,1,0,0
0.42,0.66,0.031866,1,0,0
0.44,0.66,0.025446,1,0,0
0.46,0.66,0.061012,1,0,0
0.48,0.66,0.057997,1,0,0
0.5,0.66,0.044651,1,0,0
0.52,0.66,0.023175,1,0,0
0.54,0.66,0.041965,1,0,0
0.56,0.66,0.035274,1,0,0
0.58,0.66,0.035929,1,0,0
0.6,0.66,0.03847,1,0,0
0.62,0.66,0.040011,1,0,0
0.64,0.66,0.0064882,1,0,0
0.66,0.66,0.068786,1,0,0
0.68,0.66,0.039727,1,0,0
0.7,0.66,0.036536,1,0,0
0.72,0.66,0.026341,1,0,0
0.74,0.66,0.051194,1,0,0
0.76,0.66,0.0099234,1,0,0
0.78,0.66,0.031166,1,0,0
0.8,0.66,0.036396,1,0,0
0.82,0.66,0.051977,1,0,0
0.84,0.66,0.052535,1,0,0
0.86,0.66,0.035308,1,0,0
0.88,0.66,0.025775,1,0,0
0.9,0.66,0.010572,1,0,0
0.92,0.66,0.033131,1,0,0
0.94,0.66,0.036488,1,0,0
0.96,0.66,0.018509,1,0,0
0.98,0.66,0.0059217,1,0,0
0.02,0.68,0.066513,1,0,0
0.04,0.68,0.11047,1,0,0
0.06,0.68,0.11,1,0,0
0.08,0.68,0.031736,1,0,0
0.1,0.68,0.058828,1,0,0
0.12,0.68,0.084436,1,0,0
0.14,0.68,0.059133,1,0,0
0.16,0.68,0.095406,1,0,0
0.18,0.68,0.11451,1,0,0
0.2,0.68,0.098652,1,0,0
0.22,0.68,0.094957,1,0,0
0.24,0.68,0.064742,1,0,0
0.26,0.68,0.076811,1,0,0
0.28,0.68,0.06881,1,0,0
0.3,0.68,0.040622,1,0,0
0.32,0.68,0.04029,1,0,0
0.34,0.68,0.046873,1,0,0
0.36,0.68,0.033188,1,0,0
0.38,0.68,0.032703,1,0,0
0.4,0.68,0.037586,1,0,0
0.42,0.68,0.020304,1,0,0
0.44,0.68,0.026798,1,0,0
0.46,0.68,0.048894,1,0,0
0.48,0.68,0.037354,1,0,0
0.5,0.68,0.042973,1,0,0
0.52,0.68,0.0042307,1,0,0
0.54,0.68,0.056075,1,0,0
0.56,0.68,0.026343,1,0,0
0.58,0.68,0.054208,1,0,0
0.6,0.68,0.078629,1,0,0
0.62,0.68,0.063876,1,0,0
0.64,0.68,0.073736,1,0,0
0.66,0.68,0.063639,1,0,0
0.68,0.68,0.046462,1,0,0
0.7,0.68,0.057819,1,0,0
0.72,0.68,0.0023057,1,0,0
0.74,0.68,0.021788,1,0,0
0.76,0.68,-0.0051647,1,0,0
0.78,0.68,0.0057696,1,0,0
0.8,0.68,0.016797,1,0,0
0.82,0.68,0.032327,1,0,0
0.84,0.68,0.067627,1,0,0
0.86,0.68,0.038866,1,0,0
0.88,0.68,0.031274,1,0,0
0.9,0.68,0.028645,1,0,0
0.92,0.68,0.025136,1,0,0
0.94,0.68,0.0092288,1,0,0
0.96,0.68,0.026401,1,0,0
0.98,0.68,0.0080156,1,0,0
0.02,0.7,0.082355,1,0,0
0.04,0.7,0.10109,1,0,0
0.06,0.7,0.070395,1,0,0
0.08,0.7,0.04917,1,0,0
0.1,0.7,0.055034,1,0,0
0.12,0.7,0.038727,1,0,0
0.14,0.7,0.048472,1,0,0
0.16,0.7,0.094621,1,0,0
0.18,0.7,0.095647,1,0,0
0.2,0.7,0.10008,1,0,0
0.22,0.7,0.11077,1,0,0
0.24,0.7,0.085145,1,0,0
0.26,0.7,0.067073,1,0,0
0.28,0.7,0.053394,1,0,0
0.3,0.7,0.054176,1,0,0
0.32,0.7,0.018129,1,0,0
0.34,0.7,0.039585,1,0,0
0.36,0.7,-0.003336,1,0,0
0.38,0.7,0.009321,1,0,0
0.4,0.7,0.041535,1,0,0
0.42,0.7,0.036507,1,0,0
0.44,0.7,0.013419,1,0,0
0.46,0.7,0.037282,1,0,0
0.48,0.7,0.032212,1,0,0
0.5,0.7,0.02329,1,0,0
0.52,0.7,0.0035977,1,0,0
0.54,0.7,0.013775,1,0,0
0.56,0.7,0.049314,1,0,0
0.58,0.7,0.049682,1,0,0
0.6,0.7,0.080592,1,0,0
0.62,0.7,0.072958,1,0,0
0.64,0.7,0.061165,1,0,0
0.66,0.7,0.039534,1,0,0
0.68,0.7,0.053415,1,0,0
0.7,0.7,0.0092305,1,0,0
0.72,0.7,-0.0045141,1,0,0
0.74,0.7,-0.011078,1,0,0
0.76,0.7,0.00045296,1,0,0
0.78,0.7,-0.0025031,1,0,0
0.8,0.7,0.018283,1,0,0
0.82,0.7,0.038946,1,0,0
0.84,0.7,0.054774,1,0,0
0.86,0.7,0.020393,1,0,0
0.88,0.7,0.026003,1,0,0
0.9,0.7,0.039595,1,0,0
0.92,0.7,0.0022235,1,0,0
0.94,0.7,0.022603,1,0,0
0.96,0.7,0.0006564,1,0,0
0.98,0.7,0.015817,1,0,0
0.02,0.72,0.043915,1,0,0
0.04,0.72,0.045527,1,0,0
0.06,0.72,0.04314,1,0,0
0.08,0.72,0.042588,1,0,0
0.1,0.72,0.051777,1,0,0
0.12,0.72,0.063111,1,0,0
0.14,0.72,0.057329,1,0,0
0.16,0.72,0.074862,1,0,0
0.18,0.72,0.075872,1,0,0
0.2,0.72,0.063681,1,0,0
0.22,0.72,0.097813,1,0,0
0.24,0.72,0.086197,1,0,0
0.26,0.72,0.050259,1,0,0
0.28,0.72,0.051276,1,0,0
0.3,0.72,0.030619,1,0,0
0.32,0.72,0.029409,1,0,0
0.34,0.72,0.03371,1,0,0
0.36,0.72,-0.00012879,1,0,0
0.38,0.72,0.024466,1,0,0
0.4,0.72,0.050213,1,0,0
0.42,0.72,0.048414,1,0,0
0.44,0.72,0.036408,1,0,0
0.46,0.72,0.017581,1,0,0
0.48,0.72,0.052605,1,0,0
0.5,0.72,0.02013,1,0,0
0.52,0.72,0.028303,1,0,0
0.54,0.72,0.036304,1,0,0
0.56,0.72,0.064684,1,0,0
0.58,0.72,0.051316,1,0,0
0.6,0.72,0.084663,1,0,0
0.62,0.72,0.06209,1,0,0
0.64,0.72,0.048771,1,0,0
0.66,0.72,0.033742,1,0,0
0.68,0.72,0.022373,1,0,0
0.7,0.72,0.013943,1,0,0
0.72,0.72,0.010166,1,0,0
0.74,0.72,-0.0045347,1,0,0
0.76,0.72,0.024142,1,0,0
0.78,0.72,0.00032393,1,0,0
0.8,0.72,0.021281,1,0,0
0.82,0.72,0.0017353,1,0,0
0.84,0.72,0.04128,1,0,0
0.86,0.72,0.021976,1,0,0
0.88,0.72,0.031377,1,0,0
0.9,0.72,0.039071,1,0,0
0.92,0.72,0.037741,1,0,0
0.94,0.72,0.019955,1,0,0
0.96,0.72,0.028878,1,0,0
0.98,0.72,0.020157,1,0,0
0.02,0.74,0.04374,1,0,0
0.04,0.74,0.051455,1,0,0
0.06,0.74,0.075953,1,0,0
0.08,0.74,0.043921,1,0,0
0.1,0.74,0.077451,1,0,0
0.12,0.74,0.069775,1,0,0
0.14,0.74,0.086204,1,0,0
0.16,0.74,0.046726,1,0,0
0.18,0.74,0.04719,1,0,0
0.2,0.74,0.047228,1,0,0
0.22,0.74,0.076647,1,0,0
0.24,0.74,0.07009,1,0,0
0.26,0.74,0.063827,1,0,0
0.28,0.74,0.067546,1,0,0
0.3,0.74,0.055578,1,0,0
0.32,0.74,0.040836,1,0,0
0.34,0.74,0.027247,1,0,0
0.36,0.74,0.022843,1,0,0
0.38,0.74,-0.0051184,1,0,0
0.4,0.74,0.063955,1,0,0
0.42,0.74,0.07915,1,0,0
0.44,0.74,0.082287,1,0,0
0.46,0.74,0.044995,1,0,0
0.48,0.74,0.011616,1,0,0
0.5,0.74,0.022183,1,0,0
0.52,0.74,0.025858,1,0,0
0.54,0.74,0.027552,1,0,0
0.56,0.74,0.05499,1,0,0
0.58,0.74,0.04477,1,0,0
0.6,0.74,0.060329,1,0,0
0.62,0.74,0.032023,1,0,0
0.64,0.74,0.069908,1,0,0
0.66,0.74,0.023225,1,0,0
0.68,0.74,0.04826,1,0,0
0.7,0.74,0.011138,1,0,0
0.72,0.74,0.028222,1,0,0
0.74,0.74,-0.0030725,1,0,0
0.76,0.74,-0.021531,1,0,0
0.78,0.74,-0.01918,1,0,0
0.8,0.74,0.009111,1,0,0
0.82,0.74,0.0017951,1,0,0
0.84,0.74,0.061603,1,0,0
0.86,0.74,0.076683,1,0,0
0.88,0.74,0.068206,1,0,0
0.9,0.74,0.040707,1,0,0
0.92,0.74,0.032905,1,0,0
0.94,0.74,0.052829,1,0,0
0.96,0.74,0.032414,1,0,0
0.98,0.74,0.047096,1,0,0
0.02,0.76,0.054972,1,0,0
0.04,0.76,0.05675,1,0,0
0.06,0.76,0.044804,1,0,0
0.08,0.76,0.043329,1,0,0
0.1,0.76,0.051911,1,0,0
0.12,0.76,0.046616,1,0,0
0.14,0.76,0.082757,1,0,0
0.16,0.76,0.040334,1,0,0
0.18,0.76,0.024539,1,0,0
0.2,0.76,0.032617,1,0,0
0.22,0.76,0.070807,1,0,0
0.24,0.76,0.050071,1,0,0
0.26,0.76,0.081327,1,0,0
0.28,0.76,0.046652,1,0,0
0.3,0.76,0.062298,1,0,0
0.32,0.76,0.040362,1,0,0
0.34,0.76,0.023718,1,0,0
0.36,0.76,0.031774,1,0,0
0.38,0.76,0.028504,1,0,0
0.4,0.76,0.051469,1,0,0
0.42,0.76,0.054659,1,0,0
0.44,0.76,0.071196,1,0,0
0.46,0.76,0.0087303,1,0,0
0.48,0.76,-0.00090561,1,0,0
0.5,0.76,-0.002267,1,0,0
0.52,0.76,0.032644,1,0,0
0.54,0.76,0.044631,1,0,0
0.56,0.76,0.060263,1,0,0
0.58,0.76,0.066627,1,0,0
0.6,0.76,0.081599,1,0,0
0.62,0.76,0.02562,1,0,0
0.64,0.76,0.04762,1,0,0
0.66,0.76,-0.013669,1,0,0
0.68,0.76,0.0006761,1,0,0
0.7,0.76,-0.0061875,1,0,0
0.72,0.76,-0.018871,1,0,0
0.74,0.76,-0.0014174,1,0,0
0.76,0.76,-0.0069984,1,0,0
0.78,0.76,-0.016032,1,0,0
0.8,0.76,0.02666,1,0,0
0.82,0.76,0.026441,1,0,0
0.84,0.76,0.044224,1,0,0
0.86,0.76,0.088762,1,0,0
0.88,0.76,0.082013,1,0,0
0.9,0.76,0.040754,1,0,0
0.92,0.76,0.043186,1,0,0
0.94,0.76,0.06939,1,0,0
0.96,0.76,0.054969,1,0,0
0.98,0.76,0.064748,1,0,0
0.02,0.78,0.029126,1,0,0
0.04,0.78,0.059076,1,0,0
0.06,0.78,0.05353,1,0,0
0.08,0.78,0.037152,1,0,0
0.1,0.78,0.026536,1,0,0
0.12,0.78,0.033542,1,0,0
0.14,0.78,0.027865,1,0,0
0.16,0.78,0.0066882,1,0,0
0.18,0.78,0.04028,1,0,0
0.2,0.78,0.026448,1,0,0
0.22,0.78,0.019428,1,0,0
0.24,0.78,0.056768,1,0,0
0.26,0.78,0.047843,1,0,0
0.28,0.78,0.026009,1,0,0
0.3,0.78,0.056265,1,0,0
0.32,0.78,0.056276,1,0,0
0.34,0.78,0.033038,1,0,0
0.36,0.78,-0.0060276,1,0,0
0.38,0.78,0.019413,1,0,0
0.4,0.78,0.035967,1,0,0
0.42,0.78,0.031687,1,0,0
0.44,0.78,0.026586,1,0,0
0.46,0.78,0.013462,1,0,0
0.48,0.78,-0.00053919,1,0,0
0.5,0.78,0.0035401,1,0,0
0.52,0.78,0.026937,1,0,0
0.54,0.78,0.01882,1,0,0
0.56,0.78,0.055106,1,0,0
0.58,0.78,0.081905,1,0,0
0.6,0.78,0.041958,1,0,0
0.62,0.78,0.049964,1,0,0
0.64,0.78,0.011944,1,0,0
0.66,0.78,-0.01023,1,0,0
0.68,0.78,-0.0091938,1,0,0
0.7,0.78,-0.00091737,1,0,0
0.72,0.78,-0.037988,1,0,0
0.74,0.78,-0.041786,1,0,0
0.76,0.78,-0.011682,1,0,0
0.78,0.78,-0.022733,1,0,0
0.8,0.78,0.017686,1,0,0
0.82,0.78,0.021678,1,0,0
0.84,0.78,0.051705,1,0,0
0.86,0.78,0.046728,1,0,0
0.88,0.78,0.045667,1,0,0
0.9,0.78,0.0684,1,0,0
0.92,0.78,0.089406,1,0,0
0.94,0.78,0.050153,1,0,0
0.96,0.78,0.064674,1,0,0
0.98,0.78,0.066743,1,0,0
0.02,0.8,0.051982,1,0,0
0.04,0.8,0.057349,1,0,0
0.06,0.8,0.045231,1,0,0
0.08,0.8,0.051375,1,0,0
0.1,0.8,0.025773,1,0,0
0.12,0.8,0.016705,1,0,0
0.14,0.8,0.056969,1,0,0
0.16,0.8,0.044263,1,0,0
0.18,0.8,0.020122,1,0,0
0.2,0.8,0.025131,1,0,0
0.22,0.8,0.010789,1,0,0
0.24,0.8,0.043317,1,0,0
0.26,0.8,0.031651,1,0,0
0.28,0.8,0.023419,1,0,0
0.3,0.8,0.041334,1,0,0
0.32,0.8,0.03771,1,0,0
0.34,0.8,0.029523,1,0,0
0.36,0.8,-0.00044277,1,0,0
0.38,0.8,0.013357,1,0,0
0.4,0.8,0.011098,1,0,0
0.42,0.8,0.017088,1,0,0
0.44,0.8,-0.024906,1,0,0
0.46,0.8,0.01872,1,0,0
0.48,0.8,0.02136,1,0,0
0.5,0.8,0.012769,1,0,0
0.52,0.8,-0.0044727,1,0,0
0.54,0.8,0.032213,1,0,0
0.56,0.8,0.021422,1,0,0
0.58,0.8,0.022692,1,0,0
0.6,0.8,0.043729,1,0,0
0.62,0.8,0.035156,1,0,0
0.64,0.8,0.0094962,1,0,0
0.66,0.8,-0.019657,1,0,0
0.68,0.8,0.022231,1,0,0
0.7,0.8,-0.0037753,1,0,0
0.72,0.8,-0.042436,1,0,0
0.74,0.8,-0.033317,1,0,0
0.76,0.8,-0.00028784,1,0,0
0.78,0.8,-0.033786,1,0,0
0.8,0.8,-0.012727,1,0,0
0.82,0.8,0.033357,1,0,0
0.84,0.8,0.027786,1,0,0
0.86,0.8,0.021047,1,0,0
0.88,0.8,0.043037,1,0,0
0.9,0.8,0.060034,1,0,0
0.92,0.8,0.066958,1,0,0
0.94,0.8,0.071653,1,0,0
0.96,0.8,0.071443,1,0,0
0.98,0.8,0.082598,1,0,0
0.02,0.82,0.041506,1,0,0
0.04,0.82,0.07046,1,0,0
0.06,0.82,0.062018,1,0,0
0.08,0.82,0.039116,1,0,0
0.1,0.82,0.0057963,1,0,0
0.12,0.82,0.02927,1,0,0
0.14,0.82,0.049669,1,0,0
0.16,0.82,0.073203,1,0,0
0.18,0.82,0.050124,1,0,0
0.2,0.82,0.055897,1,0,0
0.22,0.82,0.034743,1,0,0
0.24,0.82,0.017936,1,0,0
0.26,0.82,0.031942,1,0,0
0.28,0.82,0.03046,1,0,0
0.3,0.82,0.040272,1,0,0
0.32,0.82,0.0025616,1,0,0
0.34,0.82,0.013211,1,0,0
0.36,0.82,-0.0067225,1,0,0
0.38,0.82,-0.0019234,1,0,0
0.4,0.82,0.010339,1,0,0
0.42,0.82,0.021168,1,0,0
0.44,0.82,0.034053,1,0,0
0.46,0.82,0.037047,1,0,0
0.48,0.82,0.028755,1,0,0
0.5,0.82,0.027725,1,0,0
0.52,0.82,0.030664,1,0,0
0.54,0.82,0.032216,1,0,0
0.56,0.82,0.048439,1,0,0
0.58,0.82,0.062198,1,0,0
0.6,0.82,0.040508,1,0,0
0.62,0.82,0.010014,1,0,0
0.64,0.82,0.037375,1,0,0
0.66,0.82,-0.012034,1,0,0
0.68,0.82,0.024286,1,0,0
0.7,0.82,0.043818,1,0,0
0.72,0.82,-0.016768,1,0,0
0.74,0.82,-0.011096,1,0,0
0.76,0.82,-0.019994,1,0,0
0.78,0.82,-0.010056,1,0,0
0.8,0.82,0.02538,1,0,0
0.82,0.82,0.044672,1,0,0
0.84,0.82,0.067732,1,0,0
0.86,0.82,0.05195,1,0,0
0.88,0.82,0.045285,1,0,0
0.9,0.82,0.036232,1,0,0
0.92,0.82,0.08354,1,0,0
0.94,0.82,0.067359,1,0,0
0.96,0.82,0.10037,1,0,0
0.98,0.82,0.085517,1,0,0
0.02,0.84,0.051018,1,0,0
0.04,0.84,0.062492,1,0,0
0.06,0.84,0.043432,1,0,0
0.08,0.84,0.015549,1,0,0
0.1,0.84,0.021039,1,0,0
0.12,0.84,0.02089,1,0,0
0.14,0.84,0.086263,1,0,0
0.16,0.84,0.0528,1,0,0
0.18,0.84,0.038105,1,0,0
0.2,0.84,0.063573,1,0,0
0.22,0.84,0.027518,1,0,0
0.24,0.84,0.017909,1,0,0
0.26,0.84,0.0074412,1,0,0
0.28,0.84,0.024782,1,0,0
0.3,0.84,-0.013352,1,0,0
0.32,0.84,-0.0075421,1,0,0
0.34,0.84,-0.01293,1,0,0
0.36,0.84,0.015062,1,0,0
0.38,0.84,-0.0030829,1,0,0
0.4,0.84,0.021552,1,0,0
0.42,0.84,0.0051509,1,0,0
0.44,0.84,0.018358,1,0,0
0.46,0.84,0.011682,1,0,0
0.48,0.84,0.012338,1,0,0
0.5,0.84,0.00041863,1,0,0
0.52,0.84,0.031782,1,0,0
0.54,0.84,0.035817,1,0,0
0.56,0.84,0.039604,1,0,0
0.58,0.84,0.072032,1,0,0
0.6,0.84,0.032198,1,0,0
0.62,0.84,0.01798,1,0,0
0.64,0.84,0.0091759,1,0,0
0.66,0.84,0.0095916,1,0,0
0.68,0.84,0.0024514,1,0,0
0.7,0.84,0.0041753,1,0,0
0.72,0.84,0.010976,1,0,0
0.74,0.84,-0.020514,1,0,0
0.76,0.84,0.0060244,1,0,0
0.78,0.84,-0.023175,1,0,0
0.8,0.84,0.022846,1,0,0
0.82,0.84,0.045437,1,0,0
0.84,0.84,0.067684,1,0,0
0.86,0.84,0.057077,1,0,0
0.88,0.84,0.060986,1,0,0
0.9,0.84,0.03303,1,0,0
0.92,0.84,0.05425,1,0,0
0.94,0.84,0.082676,1,0,0
0.96,0.84,0.097838,1,0,0
0.98,0.84,0.077548,1,0,0
0.02,0.86,0.052904,1,0,0
0.04,0.86,0.047001,1,0,0
0.06,0.86,0.070156,1,0,0
0.08,0.86,0.046412,1,0,0
0.1,0.86,0.049584,1,0,0
0.12,0.86,0.035148,1,0,0
0.14,0.86,0.043388,1,0,0
0.16,0.86,0.027861,1,0,0
0.18,0.86,0.033206,1,0,0
0.2,0.86,0.0059287,1,0,0
0.22,0.86,0.013361,1,0,0
0.24,0.86,-0.01976,1,0,0
0.26,0.86,-0.036297,1,0,0
0.28,0.86,0.022805,1,0,0
0.3,0.86,-0.0048038,1,0,0
0.32,0.86,-0.01216,1,0,0
0.34,0.86,-0.012483,1,0,0
0.36,0.86,-0.029306,1,0,0
0.38,0.86,-0.020548,1,0,0
0.4,0.86,0.033832,1,0,0
0.42,0.86,-0.0039908,1,0,0
0.44,0.86,0.013762,1,0,0
0.46,0.86,0.0056192,1,0,0
0.48,0.86,0.032451,1,0,0
0.5,0.86,-0.0056588,1,0,0
0.52,0.86,0.014507,1,0,0
0.54,0.86,0.010702,1,0,0
0.56,0.86,0.034137,1,0,0
0.58,0.86,0.042308,1,0,0
0.6,0.86,0.021797,1,0,0
0.62,0.86,-0.011911,1,0,0
0.64,0.86,0.0066703,1,0,0
0.66,0.86,0.028364,1,0,0
0.68,0.86,0.039092,1,0,0
0.7,0.86,0.0093351,1,0,0
0.72,0.86,0.0043797,1,0,0
0.74,0.86,-0.040405,1,0,0
0.76,0.86,-0.023892,1,0,0
0.78,0.86,-0.041811,1,0,0
0.8,0.86,0.016118,1,0,0
0.82,0.86,0.054968,1,0,0
0.84,0.86,0.085752,1,0,0
0.86,0.86,0.085003,1,0,0
0.88,0.86,0.058277,1,0,0
0.9,0.86,0.07394,1,0,0
0.92,0.86,0.044961,1,0,0
0.94,0.86,0.051356,1,0,0
0.96,0.86,0.072846,1,0,0
0.98,0.86,0.055538,1,0,0
0.02,0.88,0.071304,1,0,0
0.04,0.88,0.087377,1,0,0
0.06,0.88,0.025768,1,0,0
0.08,0.88,0.010184,1,0,0
0.1,0.88,0.060953,1,0,0
0.12,0.88,0.043079,1,0,0
0.14,0.88,0.020907,1,0,0
0.16,0.88,0.042528,1,0,0
0.18,0.88,0.027788,1,0,0
0.2,0.88,0.0010711,1,0,0
0.22,0.88,-0.011468,1,0,0
0.24,0.88,-0.019529,1,0,0
0.26,0.88,-0.024054,1,0,0
0.28,0.88,-0.046895,1,0,0
0.3,0.88,-0.0107,1,0,0
0.32,0.88,-0.0074213,1,0,0
0.34,0.88,-0.0067257,1,0,0
0.36,0.88,-0.027024,1,0,0
0.38,0.88,-0.013166,1,0,0
0.4,0.88,0.030871,1,0,0
0.42,0.88,-0.011629,1,0,0
0.44,0.88,0.0087171,1,0,0
0.46,0.88,0.020912,1,0,0
0.48,0.88,0.020377,1,0,0
0.5,0.88,0.0017522,1,0,0
0.52,0.88,0.022545,1,0,0
0.54,0.88,0.033774,1,0,0
0.56,0.88,0.048016,1,0,0
0.58,0.88,0.023129,1,0,0
0.6,0.88,0.017587,1,0,0
0.62,0.88,-0.0025068,1,0,0
0.64,0.88,0.026983,1,0,0
0.66,0.88,0.01201,1,0,0
0.68,0.88,-0.0015962,1,0,0
0.7,0.88,0.001594,1,0,0
0.72,0.88,0.00062351,1,0,0
0.74,0.88,0.0061948,1,0,0
0.76,0.88,0.010368,1,0,0
0.78,0.88,0.019762,1,0,0
0.8,0.88,-0.021898,1,0,0
0.82,0.88,0.046577,1,0,0
0.84,0.88,0.12669,1,0,0
0.86,0.88,0.067882,1,0,0
0.88,0.88,0.071757,1,0,0
0.9,0.88,0.050607,1,0,0
0.92,0.88,0.069031,1,0,0
0.94,0.88,0.049275,1,0,0
0.96,0.88,0.076242,1,0,0
0.98,0.88,0.092353,1,0,0
0.02,0.9,0.10472,1,0,0
0.04,0.9,0.08616,1,0,0
0.06,0.9,0.051478,1,0,0
0.08,0.9,0.020285,1,0,0
0.1,0.9,0.060119,1,0,0
0.12,0.9,0.028566,1,0,0
0.14,0.9,0.011239,1,0,0
0.16,0.9,0.056721,1,0,0
0.18,0.9,0.046663,1,0,0
0.2,0.9,0.022507,1,0,0
0.22,0.9,0.009974,1,0,0
0.24,0.9,-0.035147,1,0,0
0.26,0.9,-0.061917,1,0,0
0.28,0.9,-0.012837,1,0,0
0.3,0.9,-0.033006,1,0,0
0.32,0.9,-0.016435,1,0,0
0.34,0.9,-0.018102,1,0,0
0.36,0.9,-0.042039,1,0,0
0.38,0.9,-0.016309,1,0,0
0.4,0.9,-0.0019147,1,0,0
0.42,0.9,0.011947,1,0,0
0.44,0.9,0.014301,1,0,0
0.46,0.9,0.048147,1,0,0
0.48,0.9,0.018935,1,0,0
0.5,0.9,0.0056845,1,0,0
0.52,0.9,-0.0091026,1,0,0
0.54,0.9,0.047994,1,0,0
0.56,0.9,0.0198,1,0,0
0.58,0.9,0.0061021,1,0,0
0.6,0.9,-0.0032453,1,0,0
0.62,0.9,-0.010208,1,0,0
0.64,0.9,-0.00066215,1,0,0
0.66,0.9,-0.01151,1,0,0
0.68,0.9,0.01558,1,0,0
0.7,0.9,0.0093801,1,0,0
0.72,0.9,-0.0066953,1,0,0
0.74,0.9,0.020832,1,0,0
0.76,0.9,0.040466,1,0,0
0.78,0.9,0.015546,1,0,0
0.8,0.9,0.035042,1,0,0
0.82,0.9,0.051721,1,0,0
0.84,0.9,0.085527,1,0,0
0.86,0.9,0.06872,1,0,0
0.88,0.9,0.040956,1,0,0
0.9,0.9,0.039713,1,0,0
0.92,0.9,0.067089,1,0,0
0.94,0.9,0.076966,1,0,0
0.96,0.9,0.1051,1,0,0
0.98,0.9,0.07154,1,0,0
0.02,0.92,0.02635,1,0,0
0.04,0.92,0.060313,1,0,0
0.06,0.92,0.023214,1,0,0
0.08,0.92,0.024057,1,0,0
0.1,0.92,0.029594,1,0,0
0.12,0.92,0.0388,1,0,0
0.14,0.92,0.01898,1,0,0
0.16,0.92,-0.003502,1,0,0
0.18,0.92,-7.6811e-05,1,0,0
0.2,0.92,-0.011463,1,0,0
0.22,0.92,0.0034562,1,0,0
0.24,0.92,-0.041823,1,0,0
0.26,0.92,-0.044878,1,0,0
0.28,0.92,-0.045091,1,0,0
0.3,0.92,-0.015622,1,0,0
0.32,0.92,-0.057447,1,0,0
0.34,0.92,-0.013693,1,0,0
0.36,0.92,-0.035121,1,0,0
0.38,0.92,-0.023422,1,0,0
0.4,0.92,-0.046547,1,0,0
0.42,0.92,-0.0011964,1,0,0
0.44,0.92,0.0013683,1,0,0
0.46,0.92,0.010941,1,0,0
0.48,0.92,0.011463,1,0,0
0.5,0.92,0.028022,1,0,0
0.52,0.92,0.01123,1,0,0
0.54,0.92,-0.017537,1,0,0
0.56,0.92,0.013048,1,0,0
0.58,0.92,-0.004881,1,0,0
0.6,0.92,-0.029134,1,0,0
0.62,0.92,-0.0043466,1,0,0
0.64,0.92,0.0048927,1,0,0
0.66,0.92,0.025318,1,0,0
0.68,0.92,-0.009881,1,0,0
0.7,0.92,-0.0089818,1,0,0
0.72,0.92,0.039383,1,0,0
0.74,0.92,0.028327,1,0,0
0.76,0.92,0.027911,1,0,0
0.78,0.92,0.015303,1,0,0
0.8,0.92,0.002933,1,0,0
0.82,0.92,0.018011,1,0,0
0.84,0.92,0.037939,1,0,0
0.86,0.92,0.043685,1,0,0
0.88,0.92,0.023075,1,0,0
0.9,0.92,0.035539,1,0,0
0.92,0.92,0.049554,1,0,0
0.94,0.92,0.088359,1,0,0
0.96,0.92,0.072382,1,0,0
0.98,0.92,0.067284,1,0,0
0.02,0.94,0.018527,1,0,0
0.04,0.94,0.0272,1,0,0
0.06,0.94,0.079456,1,0,0
0.08,0.94,0.043661,1,0,0
0.1,0.94,0.026499,1,0,0
0.12,0.94,0.025478,1,0,0
0.14,0.94,-0.0028776,1,0,0
0.16,0.94,-0.013839,1,0,0
0.18,0.94,0.0053201,1,0,0
0.2,0.94,-0.017701,1,0,0
0.22,0.94,0.0017263,1,0,0
0.24,0.94,-0.034405,1,0,0
0.26,0.94,-0.0081312,1,0,0
0.28,0.94,-0.0012077,1,0,0
0.3,0.94,0.019065,1,0,0
0.32,0.94,-0.025379,1,0,0
0.34,0.94,-0.036423,1,0,0
0.36,0.94,-0.048473,1,0,0
0.38,0.94,-0.034967,1,0,0
0.4,0.94,-0.013369,1,0,0
0.42,0.94,-0.026746,1,0,0
0.44,0.94,-0.022317,1,0,0
0.46,0.94,-0.016783,1,0,0
0.48,0.94,0.013784,1,0,0
0.5,0.94,0.023972,1,0,0
0.52,0.94,-0.019273,1,0,0
0.54,0.94,-0.0020219,1,0,0
0.56,0.94,0.016797,1,0,0
0.58,0.94,0.0141,1,0,0
0.6,0.94,-0.0045761,1,0,0
0.62,0.94,-0.028072,1,0,0
0.64,0.94,-0.028638,1,0,0
0.66,0.94,0.012195,1,0,0
0.68,0.94,0.027757,1,0,0
0.7,0.94,0.029415,1,0,0
0.72,0.94,0.033585,1,0,0
0.74,0.94,0.055684,1,0,0
0.76,0.94,0.026846,1,0,0
0.78,0.94,0.0093907,1,0,0
0.8,0.94,0.031319,1,0,0
0.82,0.94,0.012517,1,0,0
0.84,0.94,-0.00068894,1,0,0
0.86,0.94,0.0055813,1,0,0
0.88,0.94,0.017622,1,0,0
0.9,0.94,0.041237,1,0,0
0.92,0.94,0.077023,1,0,0
0.94,0.94,0.093653,1,0,0
0.96,0.94,0.07925,1,0,0
0.98,0.94,0.086259,1,0,0
0.02,0.96,0.025192,1,0,0
0.04,0.96,0.026262,1,0,0
0.06,0.96,0.049733,1,0,0
0.08,0.96,0.00043616,1,0,0
0.1,0.96,0.024552,1,0,0
0.12,0.96,0.0058136,1,0,0
0.14,0.96,0.0087281,1,0,0
0.16,0.96,-0.038182,1,0,0
0.18,0.96,-0.018576,1,0,0
0.2,0.96,-0.019387,1,0,0
0.22,0.96,-0.0025296,1,0,0
0.24,0.96,0.017985,1,0,0
0.26,0.96,0.040517,1,0,0
0.28,0.96,0.0053509,1,0,0
0.3,0.96,-0.0066299,1,0,0
0.32,0.96,-0.0064847,1,0,0
0.34,0.96,-0.045143,1,0,0
0.36,0.96,-0.02675,1,0,0
0.38,0.96,-0.049818,1,0,0
0.4,0.96,-0.024638,1,0,0
0.42,0.96,-0.036591,1,0,0
0.44,0.96,-0.041693,1,0,0
0.46,0.96,-0.026503,1,0,0
0.48,0.96,-0.025642,1,0,0
0.5,0.96,-0.0039904,1,0,0
0.52,0.96,-0.023451,1,0,0
0.54,0.96,0.005609,1,0,0
0.56,0.96,0.025995,1,0,0
0.58,0.96,0.011822,1,0,0
0.6,0.96,0.0097907,1,0,0
0.62,0.96,0.0019362,1,0,0
0.64,0.96,0.001505,1,0,0
0.66,0.96,-0.028771,1,0,0
0.68,0.96,0.012748,1,0,0
0.7,0.96,0.010891,1,0,0
0.72,0.96,0.031014,1,0,0
0.74,0.96,0.058643,1,0,0
0.76,0.96,0.039672,1,0,0
0.78,0.96,-0.0022565,1,0,0
0.8,0.96,0.0092007,1,0,0
0.82,0.96,8.8987e-05,1,0,0
0.84,0.96,0.0034887,1,0,0
0.86,0.96,0.018832,1,0,0
0.88,0.96,0.0087735,1,0,0
0.9,0.96,0.020497,1,0,0
0.92,0.96,0.078516,1,0,0
0.94,0.96,0.099242,1,0,0
0.96,0.96,0.060147,1,0,0
0.98,0.96,0.088914,1,0,0
0.02,0.98,-0.0038368,1,0,0
0.04,0.98,0.037701,1,0,0
0.06,0.98,0.035472,1,0,0
0.08,0.98,0.036881,1,0,0
0.1,0.98,0.023988,1,0,0
0.12,0.98,0.022728,1,0,0
0.14,0.98,0.0017843,1,0,0
0.16,0.98,-0.02228,1,0,0
0.18,0.98,0.0074678,1,0,0
0.2,0.98,-0.019159,1,0,0
0.22,0.98,-0.012301,1,0,0
0.24,0.98,0.0049396,1,0,0
0.26,0.98,0.038836,1,0,0
0.28,0.98,0.0017799,1,0,0
0.3,0.98,0.021372,1,0,0
0.32,0.98,0.00977,1,0,0
0.34,0.98,-0.01152,1,0,0
0.36,0.98,-0.018285,1,0,0
0.38,0.98,-0.0061687,1,0,0
0.4,0.98,-0.016303,1,0,0
0.42,0.98,-0.0073699,1,0,0
0.44,0.98,-0.0061259,1,0,0
0.46,0.98,-0.0039023,1,0,0
0.48,0.98,0.015025,1,0,0
0.5,0.98,-0.040427,1,0,0
0.52,0.98,1.8902e-05,1,0,0
0.54,0.98,-0.0032844,1,0,0
0.56,0.98,0.033527,1,0,0
0.58,0.98,-0.010861,1,0,0
0.6,0.98,0.033706,1,0,0
0.62,0.98,0.027364,1,0,0
0.64,0.98,0.013401,1,0,0
0.66,0.98,0.0011202,1,0,0
0.68,0.98,0.065518,1,0,0
0.7,0.98,0.074794,1,0,0
0.72,0.98,0.035046,1,0,0
0.74,0.98,0.045549,1,0,0
0.76,0.98,0.05261,1,0,0
0.78,0.98,0.0085687,1,0,0
0.8,0.98,0.028387,1,0,0
0.82,0.98,0.022627,1,0,0
0.84,0.98,0.0018429,1,0,0
0.86,0.98,0.019223,1,0,0
0.88,0.98,-0.0011087,1,0,0
0.9,0.98,0.039805,1,0,0
0.92,0.98,0.084513,1,0,0
0.94,0.98,0.078729,1,0,0
0.96,0.98,0.069249,1,0,0
0.98,0.98,0.069936,1,0,0
0,0,0.064815,-1,0,0
0.02,0,0.064815,-1,0,0
0.04,0,0.024747,-1,0,0
0.06,0,0.040626,-1,0,0
0.08,0,0.024106,-1,0,0
0.1,0,0.020645,-1,0,0
0.12,0,0.034944,-1,0,0
0.14,0,0.018552,-1,0,0
0.16,0,0.0072219,-1,0,0
0.18,0,0.036481,-1,0,0
0.2,0,0.04952,-1,0,0
0.22,0,0.013495,-1,0,0
0.24,0,0.015938,-1,0,0
0.26,0,0.013441,-1,0,0
0.28,0,0.053951,-1,0,0
0.3,0,0.054275,-1,0,0
0.32,0,0.04098,-1,0,0
0.34,0,0.012373,-1,0,0
0.36,0,0.021739,-1,0,0
0.38,0,0.019537,-1,0,0
0.4,0,0.048294,-1,0,0
0.42,0,0.053956,-1,0,0
0.44,0,0.019962,-1,0,0
0.46,0,0.043143,-1,0,0
0.48,0,-0.0099572,-1,0,0
0.5,0,-0.0053174,-1,0,0
0.52,0,-0.019384,-1,0,0
0.54,0,-0.019432,-1,0,0
0.56,0,0.0031331,-1,0,0
0.58,0,-0.013189,-1,0,0
0.6,0,-0.043185,-1,0,0
0.62,0,-0.033322,-1,0,0
0.64,0,-0.034769,-1,0,0
0.66,0,-0.0007998,-1,0,0
0.68,0,0.052413,-1,0,0
0.7,0,0.038055,-1,0,0
0.72,0,0.028747,-1,0,0
0.74,0,0.0072232,-1,0,0
0.76,0,0.020159,-1,0,0
0.78,0,-0.014356,-1,0,0
0.8,0,0.018277,-1,0,0
0.82,0,0.031178,-1,0,0
0.84,0,0.032926,-1,0,0
0.86,0,0.050391,-1,0,0
0.88,0,0.038657,-1,0,0
0.9,0,0.0023906,-1,0,0
0.92,0,0.014553,-1,0,0
0.94,0,0.025381,-1,0,0
0.96,0,0.061348,-1,0,0
0.98,0,0.090041,-1,0,0
1,0,0.085913,-1,0,0
1,0.02,0.050514,-1,0,0
1,0.04,0.056863,-1,0,0
1,0.06,0.065355,-1,0,0
1,0.08,0.049605,-1,0,0
1,0.1,0.038303,-1,0,0
1,0.12,0.053161,-1,0,0
1,0.14,0.054417,-1,0,0
1,0.16,0.035588,-1,0,0
1,0.18,0.072767,-1,0,0
1,0.2,0.055462,-1,0,0
1,0.22,0.07228,-1,0,0
1,0.24,0.045239,-1,0,0
1,0.26,0.070483,-1,0,0
1,0.28,0.062395,-1,0,0
1,0.3,0.054326,-1,0,0
1,0.32,0.035974,-1,0,0
1,0.34,0.05837,-1,0,0
1,0.36,0.061803,-1,0,0
1,0.38,0.029203,-1,0,0
1,0.4,0.034976,-1,0,0
1,0.42,0.056674,-1,0,0
1,0.44,0.040032,-1,0,0
1,0.46,0.040344,-1,0,0
1,0.48,0.015709,-1,0,0
1,0.5,0.011687,-1,0,0
1,0.52,-0.0055345,-1,0,0
1,0.54,0.02064,-1,0,0
1,0.56,0.038611,-1,0,0
1,0.58,0.012501,-1,0,0
1,0.6,0.021948,-1,0,0
1,0.62,0.034542,-1,0,0
1,0.64,0.07695,-1,0,0
1,0.66,0.048359,-1,0,0
1,0.68,0.0016842,-1,0,0
1,0.7,0.015709,-1,0,0
1,0.72,0.049615,-1,0,0
1,0.74,0.045951,-1,0,0
1,0.76,0.0585,-1,0,0
1,0.78,0.051359,-1,0,0
1,0.8,0.087487,-1,0,0
1,0.82,0.081036,-1,0,0
1,0.84,0.11244,-1,0,0
1,0.86,0.098517,-1,0,0
1,0.88,0.089822,-1,0,0
1,0.9,0.075346,-1,0,0
1,0.92,0.081957,-1,0,0
1,0.94,0.088713,-1,0,0
1,0.96,0.078832,-1,0,0
1,0.98,0.068557,-1,0,0
1,1,0.079127,-1,0,0
0.98,1,0.084899,-1,0,0
0.96,1,0.060271,-1,0,0
0.94,1,0.069945,-1,0,0
0.92,1,0.079712,-1,0,0
0.9,1,0.055238,-1,0,0
0.88,1,0.035641,-1,0,0
0.86,1,0.007797,-1,0,0
0.84,1,0.0030136,-1,0,0
0.82,1,0.009735,-1,0,0
0.8,1,0.047748,-1,0,0
0.78,1,0.024989,-1,0,0
0.76,1,0.07674,-1,0,0
0.74,1,0.065917,-1,0,0
0.72,1,0.042459,-1,0,0
0.7,1,0.040539,-1,0,0
0.68,1,0.060948,-1,0,0
0.66,1,0.027518,-1,0,0
0.64,1,0.028386,-1,0,0
0.62,1,0.043508,-1,0,0
0.6,1,0.031017,-1,0,0
0.58,1,-0.0028646,-1,0,0
0.56,1,0.0035416,-1,0,0
0.54,1,-0.0067634,-1,0,0
0.52,1,-0.0033522,-1,0,0
0.5,1,0.02077,-1,0,0
0.48,1,0.025794,-1,0,0
0.46,1,0.00027728,-1,0,0
0.44,1,-0.02007,-1,0,0
0.42,1,0.016797,-1,0,0
0.4,1,0.020591,-1,0,0
0.38,1,-0.0009183,-1,0,0
0.36,1,0.019183,-1,0,0
0.34,1,0.010402,-1,0,0
0.32,1,0.0033819,-1,0,0
0.3,1,0.010263,-1,0,0
0.28,1,-0.0013034,-1,0,0
0.26,1,0.0045108,-1,0,0
0.24,1,0.031173,-1,0,0
0.22,1,0.013886,-1,0,0
0.2,1,0.012628,-1,0,0
0.18,1,0.0018927,-1,0,0
0.16,1,0.016442,-1,0,0
0.14,1,0.024543,-1,0,0
0.12,1,0.046806,-1,0,0
0.1,1,0.030814,-1,0,0
0.08,1,0.032715,-1,0,0
0.06,1,0.036726,-1,0,0
0.04,1,-0.00087618,-1,0,0
0.02,1,0.020591,-1,0,0
0,1,-0.0056614,-1,0,0
0,0.98,-0.031706,-1,0,0
0,0.96,0.002895,-1,0,0
0,0.94,0.03446,-1,0,0
0,0.92,0.049535,-1,0,0
0,0.9,0.047597,-1,0,0
0,0.88,0.051818,-1,0,0
0,0.86,0.06331,-1,0,0
0,0.84,0.034974,-1,0,0
0,0.82,0.01468,-1,0,0
0,0.8,0.010268,-1,0,0
0,0.78,0.014345,-1,0,0
0,0.76,0.049147,-1,0,0
0,0.74,0.049538,-1,0,0
0,0.72,0.044264,-1,0,0
0,0.7,0.06108,-1,0,0
0,0.68,0.049944,-1,0,0
0,0.66,0.063673,-1,0,0
0,0.64,0.085486,-1,0,0
0,0.62,0.041247,-1,0,0
0,0.6,0.06675,-1,0,0
0,0.58,0.031397,-1,0,0
0,0.56,0.013653,-1,0,0
0,0.54,0.0055209,-1,0,0
0,0.52,0.018802,-1,0,0
0,0.5,-0.010098,-1,0,0
0,0.48,-0.010032,-1,0,0
0,0.46,0.00028358,-1,0,0
0,0.44,-0.025984,-1,0,0
0,0.42,-0.011671,-1,0,0
0,0.4,-0.039198,-1,0,0
0,0.38,-0.056764,-1,0,0
0,0.36,-0.019406,-1,0,0
0,0.34,-0.0040839,-1,0,0
0,0.32,-0.011681,-1,0,0
0,0.3,0.014559,-1,0,0
0,0.28,-0.014598,-1,0,0
0,0.26,0.016415,-1,0,0
0,0.24,0.0082281,-1,0,0
0,0.22,0.0064001,-1,0,0
0,0.2,-0.0074908,-1,0,0
0,0.18,-0.01679,-1,0,0
0,0.16,-0.033447,-1,0,0
0,0.14,0.015199,-1,0,0
0,0.12,-0.0092209,-1,0,0
0,0.1,0.004428,-1,0,0
0,0.08,0.032758,-1,0,0
0,0.06,0.068308,-1,0,0
0,0.04,0.087104,-1,0,0
0,0.02,0.085042,-1,0,0
