0.02,0.02,0.0022278,1,0,0
0.04,0.02,0.031107,1,0,0
0.06,0.02,0.035181,1,0,0
0.08,0.02,0.030027,1,0,0
0.1,0.02,0.032523,1,0,0
0.12,0.02,0.033931,1,0,0
0.14,0.02,0.022176,1,0,0
0.16,0.02,0.010234,1,0,0
0.18,0.02,-0.0095576,1,0,0
0.2,0.02,-0.020742,1,0,0
0.22,0.02,-0.018444,1,0,0
0.24,0.02,-0.025299,1,0,0
0.26,0.02,-0.043972,1,0,0
0.28,0.02,-0.045046,1,0,0
0.3,0.02,-0.05202,1,0,0
0.32,0.02,-0.052861,1,0,0
0.34,0.02,-0.057069,1,0,0
0.36,0.02,-0.069163,1,0,0
0.38,0.02,-0.080138,1,0,0
0.4,0.02,-0.083942,1,0,0
0.42,0.02,-0.091048,1,0,0
0.44,0.02,-0.090347,1,0,0
0.46,0.02,-0.0997,1,0,0
0.48,0.02,-0.10132,1,0,0
0.5,0.02,-0.10917,1,0,0
0.52,0.02,-0.12467,1,0,0
0.54,0.02,-0.1373,1,0,0
0.56,0.02,-0.13691,1,0,0
0.58,0.02,-0.12951,1,0,0
0.6,0.02,-0.12033,1,0,0
0.62,0.02,-0.11072,1,0,0
0.64,0.02,-0.089274,1,0,0
0.66,0.02,-0.067634,1,0,0
0.68,0.02,-0.066116,1,0,0
0.7,0.02,-0.05791,1,0,0
0.72,0.02,-0.050966,1,0,0
0.74,0.02,-0.04946,1,0,0
0.76,0.02,-0.053696,1,0,0
0.78,0.02,-0.05271,1,0,0
0.8,0.02,-0.057441,1,0,0
0.82,0.02,-0.046644,1,0,0
0.84,0.02,-0.032883,1,0,0
0.86,0.02,-0.012468,1,0,0
0.88,0.02,-0.0042727,1,0,0
0.9,0.02,0.0017851,1,0,0
0.92,0.02,0.0020379,1,0,0
0.94,0.02,0.0017674,1,0,0
0.96,0.02,-0.0049876,1,0,0
0.98,0.02,-0.0060977,1,0,0
0.02,0.04,0.0061407,1,0,0
0.04,0.04,0.027236,1,0,0
0.06,0.04,0.0279,1,0,0
0.08,0.04,0.026927,1,0,0
0.1,0.04,0.032653,1,0,0
0.12,0.04,0.02908,1,0,0
0.14,0.04,0.021794,1,0,0
0.16,0.04,0.010873,1,0,0
0.18,0.04,-0.01329,1,0,0
0.2,0.04,-0.014165,1,0,0
0.22,0.04,-0.018504,1,0,0
0.24,0.04,-0.021777,1,0,0
0.26,0.04,-0.037872,1,0,0
0.28,0.04,-0.036597,1,0,0
0.3,0.04,-0.039138,1,0,0
0.32,0.04,-0.048944,1,0,0
0.34,0.04,-0.064549,1,0,0
0.36,0.04,-0.069105,1,0,0
0.38,0.04,-0.078018,1,0,0
0.4,0.04,-0.083603,1,0,0
0.42,0.04,-0.096297,1,0,0
0.44,0.04,-0.09053,1,0,0
0.46,0.04,-0.094015,1,0,0
0.48,0.04,-0.092535,1,0,0
0.5,0.04,-0.10906,1,0,0
0.52,0.04,-0.11784,1,0,0
0.54,0.04,-0.12931,1,0,0
0.56,0.04,-0.12762,1,0,0
0.58,0.04,-0.10654,1,0,0
0.6,0.04,-0.10289,1,0,0
0.62,0.04,-0.093823,1,0,0
0.64,0.04,-0.083258,1,0,0
0.66,0.04,-0.071198,1,0,0
0.68,0.04,-0.059215,1,0,0
0.7,0.04,-0.057123,1,0,0
0.72,0.04,-0.054284,1,0,0
0.74,0.04,-0.051833,1,0,0
0.76,0.04,-0.059742,1,0,0
0.78,0.04,-0.054499,1,0,0
0.8,0.04,-0.051765,1,0,0
0.82,0.04,-0.045537,1,0,0
0.84,0.04,-0.042451,1,0,0
0.86,0.04,-0.024102,1,0,0
0.88,0.04,-0.0021571,1,0,0
0.9,0.04,0.00094448,1,0,0
0.92,0.04,-0.005912,1,0,0
0.94,0.04,-0.011288,1,0,0
0.96,0.04,-0.020684,1,0,0
0.98,0.04,-0.017714,1,0,0
0.02,0.06,0.012501,1,0,0
0.04,0.06,0.021112,1,0,0
0.06,0.06,0.025501,1,0,0
0.08,0.06,0.030454,1,0,0
0.1,0.06,0.028197,1,0,0
0.12,0.06,0.031521,1,0,0
0.14,0.06,0.021749,1,0,0
0.16,0.06,0.0089404,1,0,0
0.18,0.06,-0.0054618,1,0,0
0.2,0.06,-0.010054,1,0,0
0.22,0.06,-0.012183,1,0,0
0.24,0.06,-0.020158,1,0,0
0.26,0.06,-0.031951,1,0,0
0.28,0.06,-0.029268,1,0,0
0.3,0.06,-0.039915,1,0,0
0.32,0.06,-0.042304,1,0,0
0.34,0.06,-0.052817,1,0,0
0.36,0.06,-0.059221,1,0,0
0.38,0.06,-0.059427,1,0,0
0.4,0.06,-0.066863,1,0,0
0.42,0.06,-0.081336,1,0,0
0.44,0.06,-0.078783,1,0,0
0.46,0.06,-0.074423,1,0,0
0.48,0.06,-0.080179,1,0,0
0.5,0.06,-0.08947,1,0,0
0.52,0.06,-0.10393,1,0,0
0.54,0.06,-0.11008,1,0,0
0.56,0.06,-0.098388,1,0,0
0.58,0.06,-0.094431,1,0,0
0.6,0.06,-0.084319,1,0,0
0.62,0.06,-0.080696,1,0,0
0.64,0.06,-0.074739,1,0,0
0.66,0.06,-0.064667,1,0,0
0.68,0.06,-0.052622,1,0,0
0.7,0.06,-0.042634,1,0,0
0.72,0.06,-0.04805,1,0,0
0.74,0.06,-0.044253,1,0,0
0.76,0.06,-0.047057,1,0,0
0.78,0.06,-0.049261,1,0,0
0.8,0.06,-0.047156,1,0,0
0.82,0.06,-0.036437,1,0,0
0.84,0.06,-0.042122,1,0,0
0.86,0.06,-0.02332,1,0,0
0.88,0.06,-0.0093869,1,0,0
0.9,0.06,-0.0015712,1,0,0
0.92,0.06,-0.0077084,1,0,0
0.94,0.06,-0.014241,1,0,0
0.96,0.06,-0.024283,1,0,0
0.98,0.06,-0.017739,1,0,0
0.02,0.08,-0.0032929,1,0,0
0.04,0.08,0.021137,1,0,0
0.06,0.08,0.028791,1,0,0
0.08,0.08,0.031003,1,0,0
0.1,0.08,0.028608,1,0,0
0.12,0.08,0.028824,1,0,0
0.14,0.08,0.015582,1,0,0
0.16,0.08,-0.0040625,1,0,0
0.18,0.08,-0.010276,1,0,0
0.2,0.08,-0.018445,1,0,0
0.22,0.08,-0.023698,1,0,0
0.24,0.08,-0.026495,1,0,0
0.26,0.08,-0.019048,1,0,0
0.28,0.08,-0.032356,1,0,0
0.3,0.08,-0.038648,1,0,0
0.32,0.08,-0.036796,1,0,0
0.34,0.08,-0.044961,1,0,0
0.36,0.08,-0.051089,1,0,0
0.38,0.08,-0.049575,1,0,0
0.4,0.08,-0.051231,1,0,0
0.42,0.08,-0.053546,1,0,0
0.44,0.08,-0.052933,1,0,0
0.46,0.08,-0.049869,1,0,0
0.48,0.08,-0.063018,1,0,0
0.5,0.08,-0.073297,1,0,0
0.52,0.08,-0.088027,1,0,0
0.54,0.08,-0.097141,1,0,0
0.56,0.08,-0.087942,1,0,0
0.58,0.08,-0.081949,1,0,0
0.6,0.08,-0.092783,1,0,0
0.62,0.08,-0.07292,1,0,0
0.64,0.08,-0.061057,1,0,0
0.66,0.08,-0.059038,1,0,0
0.68,0.08,-0.051311,1,0,0
0.7,0.08,-0.038805,1,0,0
0.72,0.08,-0.045054,1,0,0
0.74,0.08,-0.037689,1,0,0
0.76,0.08,-0.037538,1,0,0
0.78,0.08,-0.046744,1,0,0
0.8,0.08,-0.045083,1,0,0
0.82,0.08,-0.036879,1,0,0
0.84,0.08,-0.027476,1,0,0
0.86,0.08,-0.027102,1,0,0
0.88,0.08,-0.025796,1,0,0
0.9,0.08,-0.019741,1,0,0
0.92,0.08,-0.013821,1,0,0
0.94,0.08,-0.017379,1,0,0
0.96,0.08,-0.026628,1,0,0
0.98,0.08,-0.013402,1,0,0
0.02,0.1,-0.0065764,1,0,0
0.04,0.1,0.0063704,1,0,0
0.06,0.1,0.022285,1,0,0
0.08,0.1,0.027681,1,0,0
0.1,0.1,0.023978,1,0,0
0.12,0.1,0.019151,1,0,0
0.14,0.1,0.0077237,1,0,0
0.16,0.1,-0.01509,1,0,0
0.18,0.1,-0.024019,1,0,0
0.2,0.1,-0.024379,1,0,0
0.22,0.1,-0.037222,1,0,0
0.24,0.1,-0.039118,1,0,0
0.26,0.1,-0.030262,1,0,0
0.28,0.1,-0.026625,1,0,0
0.3,0.1,-0.029503,1,0,0
0.32,0.1,-0.032607,1,0,0
0.34,0.1,-0.023328,1,0,0
0.36,0.1,-0.042214,1,0,0
0.38,0.1,-0.036042,1,0,0
0.4,0.1,-0.03681,1,0,0
0.42,0.1,-0.033791,1,0,0
0.44,0.1,-0.033717,1,0,0
0.46,0.1,-0.031248,1,0,0
0.48,0.1,-0.045387,1,0,0
0.5,0.1,-0.055067,1,0,0
0.52,0.1,-0.076068,1,0,0
0.54,0.1,-0.073297,1,0,0
0.56,0.1,-0.073296,1,0,0
0.58,0.1,-0.071874,1,0,0
0.6,0.1,-0.08342,1,0,0
0.62,0.1,-0.065952,1,0,0
0.64,0.1,-0.059261,1,0,0
0.66,0.1,-0.064976,1,0,0
0.68,0.1,-0.057031,1,0,0
0.7,0.1,-0.049602,1,0,0
0.72,0.1,-0.038694,1,0,0
0.74,0.1,-0.024455,1,0,0
0.76,0.1,-0.027649,1,0,0
0.78,0.1,-0.045906,1,0,0
0.8,0.1,-0.044173,1,0,0
0.82,0.1,-0.032087,1,0,0
0.84,0.1,-0.034718,1,0,0
0.86,0.1,-0.029069,1,0,0
0.88,0.1,-0.029169,1,0,0
0.9,0.1,-0.036503,1,0,0
0.92,0.1,-0.019949,1,0,0
0.94,0.1,-0.016916,1,0,0
0.96,0.1,-0.0193,1,0,0
0.98,0.1,-0.010426,1,0,0
0.02,0.12,-0.0057982,1,0,0
0.04,0.12,-0.0011846,1,0,0
0.06,0.12,0.0064274,1,0,0
0.08,0.12,0.013373,1,0,0
0.1,0.12,0.013277,1,0,0
0.12,0.12,0.0051019,1,0,0
0.14,0.12,-0.010474,1,0,0
0.16,0.12,-0.024772,1,0,0
0.18,0.12,-0.029334,1,0,0
0.2,0.12,-0.036256,1,0,0
0.22,0.12,-0.047809,1,0,0
0.24,0.12,-0.053821,1,0,0
0.26,0.12,-0.042167,1,0,0
0.28,0.12,-0.023797,1,0,0
0.3,0.12,-0.0080286,1,0,0
0.32,0.12,-0.014125,1,0,0
0.34,0.12,-0.023045,1,0,0
0.36,0.12,-0.028404,1,0,0
0.38,0.12,-0.020155,1,0,0
0.4,0.12,-0.026552,1,0,0
0.42,0.12,-0.02472,1,0,0
0.44,0.12,-0.021109,1,0,0
0.46,0.12,-0.015794,1,0,0
0.48,0.12,-0.031885,1,0,0
0.5,0.12,-0.035365,1,0,0
0.52,0.12,-0.043821,1,0,0
0.54,0.12,-0.052331,1,0,0
0.56,0.12,-0.049729,1,0,0
0.58,0.12,-0.048682,1,0,0
0.6,0.12,-0.064874,1,0,0
0.62,0.12,-0.058291,1,0,0
0.64,0.12,-0.054885,1,0,0
0.66,0.12,-0.066773,1,0,0
0.68,0.12,-0.065227,1,0,0
0.7,0.12,-0.047671,1,0,0
0.72,0.12,-0.031605,1,0,0
0.74,0.12,-0.015819,1,0,0
0.76,0.12,-0.024476,1,0,0
0.78,0.12,-0.037405,1,0,0
0.8,0.12,-0.040665,1,0,0
0.82,0.12,-0.037157,1,0,0
0.84,0.12,-0.040497,1,0,0
0.86,0.12,-0.033591,1,0,0
0.88,0.12,-0.029266,1,0,0
0.9,0.12,-0.025485,1,0,0
0.92,0.12,-0.020356,1,0,0
0.94,0.12,-0.020425,1,0,0
0.96,0.12,-0.017603,1,0,0
0.98,0.12,-0.0091922,1,0,0
0.02,0.14,-0.0050218,1,0,0
0.04,0.14,-0.0053735,1,0,0
0.06,0.14,-0.0048907,1,0,0
0.08,0.14,0.011342,1,0,0
0.1,0.14,0.00057193,1,0,0
0.12,0.14,-0.01014,1,0,0
0.14,0.14,-0.025737,1,0,0
0.16,0.14,-0.032278,1,0,0
0.18,0.14,-0.038562,1,0,0
0.2,0.14,-0.048705,1,0,0
0.22,0.14,-0.046689,1,0,0
0.24,0.14,-0.052664,1,0,0
0.26,0.14,-0.042346,1,0,0
0.28,0.14,-0.016185,1,0,0
0.3,0.14,-0.001231,1,0,0
0.32,0.14,-0.0031118,1,0,0
0.34,0.14,-0.015631,1,0,0
0.36,0.14,-0.016981,1,0,0
0.38,0.14,-0.021839,1,0,0
0.4,0.14,-0.021632,1,0,0
0.42,0.14,-0.023479,1,0,0
0.44,0.14,-0.01368,1,0,0
0.46,0.14,-0.0039756,1,0,0
0.48,0.14,-0.013852,1,0,0
0.5,0.14,-0.021907,1,0,0
0.52,0.14,-0.022687,1,0,0
0.54,0.14,-0.025901,1,0,0
0.56,0.14,-0.02452,1,0,0
0.58,0.14,-0.026335,1,0,0
0.6,0.14,-0.035569,1,0,0
0.62,0.14,-0.037631,1,0,0
0.64,0.14,-0.048614,1,0,0
0.66,0.14,-0.055321,1,0,0
0.68,0.14,-0.063636,1,0,0
0.7,0.14,-0.050263,1,0,0
0.72,0.14,-0.035633,1,0,0
0.74,0.14,-0.014838,1,0,0
0.76,0.14,-0.024206,1,0,0
0.78,0.14,-0.045983,1,0,0
0.8,0.14,-0.039131,1,0,0
0.82,0.14,-0.034558,1,0,0
0.84,0.14,-0.033814,1,0,0
0.86,0.14,-0.03214,1,0,0
0.88,0.14,-0.029379,1,0,0
0.9,0.14,-0.0285,1,0,0
0.92,0.14,-0.02558,1,0,0
0.94,0.14,-0.020743,1,0,0
0.96,0.14,-0.016256,1,0,0
0.98,0.14,-0.0010767,1,0,0
0.02,0.16,-0.013616,1,0,0
0.04,0.16,-0.0036382,1,0,0
0.06,0.16,-0.0032291,1,0,0
0.08,0.16,-0.007893,1,0,0
0.1,0.16,-0.012318,1,0,0
0.12,0.16,-0.021238,1,0,0
0.14,0.16,-0.033403,1,0,0
0.16,0.16,-0.029441,1,0,0
0.18,0.16,-0.042798,1,0,0
0.2,0.16,-0.046074,1,0,0
0.22,0.16,-0.051472,1,0,0
0.24,0.16,-0.038783,1,0,0
0.26,0.16,-0.035658,1,0,0
0.28,0.16,-0.012701,1,0,0
0.3,0.16,-0.007846,1,0,0
0.32,0.16,-0.0054558,1,0,0
0.34,0.16,-0.0028947,1,0,0
0.36,0.16,-0.0084078,1,0,0
0.38,0.16,-0.016342,1,0,0
0.4,0.16,-0.01749,1,0,0
0.42,0.16,-0.017456,1,0,0
0.44,0.16,-0.008753,1,0,0
0.46,0.16,0.00039653,1,0,0
0.48,0.16,0.0012306,1,0,0
0.5,0.16,-0.0053977,1,0,0
0.52,0.16,-0.00024568,1,0,0
0.54,0.16,0.0071644,1,0,0
0.56,0.16,0.0084106,1,0,0
0.58,0.16,0.0019134,1,0,0
0.6,0.16,-0.010965,1,0,0
0.62,0.16,-0.018823,1,0,0
0.64,0.16,-0.019277,1,0,0
0.66,0.16,-0.029184,1,0,0
0.68,0.16,-0.03777,1,0,0
0.7,0.16,-0.041916,1,0,0
0.72,0.16,-0.028657,1,0,0
0.74,0.16,-0.019162,1,0,0
0.76,0.16,-0.029865,1,0,0
0.78,0.16,-0.041092,1,0,0
0.8,0.16,-0.045716,1,0,0
0.82,0.16,-0.031163,1,0,0
0.84,0.16,-0.028067,1,0,0
0.86,0.16,-0.025857,1,0,0
0.88,0.16,-0.034925,1,0,0
0.9,0.16,-0.027959,1,0,0
0.92,0.16,-0.017743,1,0,0
0.94,0.16,-0.015038,1,0,0
0.96,0.16,-0.0083539,1,0,0
0.98,0.16,0.0097183,1,0,0
0.02,0.18,-0.028085,1,0,0
0.04,0.18,-0.0073448,1,0,0
0.06,0.18,-0.014793,1,0,0
0.08,0.18,-0.028733,1,0,0
0.1,0.18,-0.022285,1,0,0
0.12,0.18,-0.024296,1,0,0
0.14,0.18,-0.038305,1,0,0
0.16,0.18,-0.035457,1,0,0
0.18,0.18,-0.033397,1,0,0
0.2,0.18,-0.034086,1,0,0
0.22,0.18,-0.039324,1,0,0
0.24,0.18,-0.037927,1,0,0
0.26,0.18,-0.038731,1,0,0
0.28,0.18,-0.028805,1,0,0
0.3,0.18,-0.025013,1,0,0
0.32,0.18,-0.018002,1,0,0
0.34,0.18,-0.0038202,1,0,0
0.36,0.18,0.0015724,1,0,0
0.38,0.18,-0.0079737,1,0,0
0.4,0.18,-0.0074522,1,0,0
0.42,0.18,-0.013631,1,0,0
0.44,0.18,-0.011403,1,0,0
0.46,0.18,0.0021952,1,0,0
0.48,0.18,0.01847,1,0,0
0.5,0.18,0.011288,1,0,0
0.52,0.18,0.017136,1,0,0
0.54,0.18,0.025325,1,0,0
0.56,0.18,0.028838,1,0,0
0.58,0.18,0.025095,1,0,0
0.6,0.18,0.0092275,1,0,0
0.62,0.18,0.0027137,1,0,0
0.64,0.18,0.001512,1,0,0
0.66,0.18,-0.0054937,1,0,0
0.68,0.18,-0.013557,1,0,0
0.7,0.18,-0.012188,1,0,0
0.72,0.18,-0.011466,1,0,0
0.74,0.18,-0.022332,1,0,0
0.76,0.18,-0.038856,1,0,0
0.78,0.18,-0.041312,1,0,0
0.8,0.18,-0.048172,1,0,0
0.82,0.18,-0.03935,1,0,0
0.84,0.18,-0.029852,1,0,0
0.86,0.18,-0.028053,1,0,0
0.88,0.18,-0.035739,1,0,0
0.9,0.18,-0.022143,1,0,0
0.92,0.18,-0.012637,1,0,0
0.94,0.18,-0.014298,1,0,0
0.96,0.18,-0.0035641,1,0,0
0.98,0.18,0.022212,1,0,0
0.02,0.2,-0.035576,1,0,0
0.04,0.2,-0.023345,1,0,0
0.06,0.2,-0.037306,1,0,0
0.08,0.2,-0.047887,1,0,0
0.1,0.2,-0.049295,1,0,0
0.12,0.2,-0.043997,1,0,0
0.14,0.2,-0.052841,1,0,0
0.16,0.2,-0.048061,1,0,0
0.18,0.2,-0.044467,1,0,0
0.2,0.2,-0.046299,1,0,0
0.22,0.2,-0.039448,1,0,0
0.24,0.2,-0.053465,1,0,0
0.26,0.2,-0.053812,1,0,0
0.28,0.2,-0.040793,1,0,0
0.3,0.2,-0.044133,1,0,0
0.32,0.2,-0.039959,1,0,0
0.34,0.2,-0.023624,1,0,0
0.36,0.2,-0.013972,1,0,0
0.38,0.2,-0.014247,1,0,0
0.4,0.2,-0.011226,1,0,0
0.42,0.2,-0.015688,1,0,0
0.44,0.2,-0.021861,1,0,0
0.46,0.2,0.0003206,1,0,0
0.48,0.2,0.013496,1,0,0
0.5,0.2,0.014633,1,0,0
0.52,0.2,0.012553,1,0,0
0.54,0.2,0.028202,1,0,0
0.56,0.2,0.032831,1,0,0
0.58,0.2,0.026772,1,0,0
0.6,0.2,0.023923,1,0,0
0.62,0.2,0.016594,1,0,0
0.64,0.2,0.0086068,1,0,0
0.66,0.2,0.013856,1,0,0
0.68,0.2,3.293e-05,1,0,0
0.7,0.2,-0.0057026,1,0,0
0.72,0.2,-0.018894,1,0,0
0.74,0.2,-0.039668,1,0,0
0.76,0.2,-0.052331,1,0,0
0.78,0.2,-0.053982,1,0,0
0.8,0.2,-0.048067,1,0,0
0.82,0.2,-0.04857,1,0,0
0.84,0.2,-0.044385,1,0,0
0.86,0.2,-0.039141,1,0,0
0.88,0.2,-0.036584,1,0,0
0.9,0.2,-0.025937,1,0,0
0.92,0.2,-0.025535,1,0,0
0.94,0.2,-0.024783,1,0,0
0.96,0.2,-0.016808,1,0,0
0.98,0.2,0.0081135,1,0,0
0.02,0.22,-0.035021,1,0,0
0.04,0.22,-0.034296,1,0,0
0.06,0.22,-0.048599,1,0,0
0.08,0.22,-0.066921,1,0,0
0.1,0.22,-0.063365,1,0,0
0.12,0.22,-0.068855,1,0,0
0.14,0.22,-0.06937,1,0,0
0.16,0.22,-0.059057,1,0,0
0.18,0.22,-0.060683,1,0,0
0.2,0.22,-0.058388,1,0,0
0.22,0.22,-0.048336,1,0,0
0.24,0.22,-0.049683,1,0,0
0.26,0.22,-0.057926,1,0,0
0.28,0.22,-0.056384,1,0,0
0.3,0.22,-0.044008,1,0,0
0.32,0.22,-0.040376,1,0,0
0.34,0.22,-0.031092,1,0,0
0.36,0.22,-0.023455,1,0,0
0.38,0.22,-0.016564,1,0,0
0.4,0.22,-0.023685,1,0,0
0.42,0.22,-0.017531,1,0,0
0.44,0.22,-0.01565,1,0,0
0.46,0.22,0.0071569,1,0,0
0.48,0.22,0.010988,1,0,0
0.5,0.22,0.01767,1,0,0
0.52,0.22,0.02168,1,0,0
0.54,0.22,0.030013,1,0,0
0.56,0.22,0.036137,1,0,0
0.58,0.22,0.051408,1,0,0
0.6,0.22,0.046291,1,0,0
0.62,0.22,0.03704,1,0,0
0.64,0.22,0.031218,1,0,0
0.66,0.22,0.024042,1,0,0
0.68,0.22,0.0081804,1,0,0
0.7,0.22,-0.0075775,1,0,0
0.72,0.22,-0.021278,1,0,0
0.74,0.22,-0.036978,1,0,0
0.76,0.22,-0.054367,1,0,0
0.78,0.22,-0.054763,1,0,0
0.8,0.22,-0.056456,1,0,0
0.82,0.22,-0.043446,1,0,0
0.84,0.22,-0.034556,1,0,0
0.86,0.22,-0.027748,1,0,0
0.88,0.22,-0.028465,1,0,0
0.9,0.22,-0.021497,1,0,0
0.92,0.22,-0.025724,1,0,0
0.94,0.22,-0.032545,1,0,0
0.96,0.22,-0.024078,1,0,0
0.98,0.22,-0.011394,1,0,0
0.02,0.24,-0.027885,1,0,0
0.04,0.24,-0.04048,1,0,0
0.06,0.24,-0.059,1,0,0
0.08,0.24,-0.077019,1,0,0
0.1,0.24,-0.079787,1,0,0
0.12,0.24,-0.083637,1,0,0
0.14,0.24,-0.066833,1,0,0
0.16,0.24,-0.060873,1,0,0
0.18,0.24,-0.065923,1,0,0
0.2,0.24,-0.067765,1,0,0
0.22,0.24,-0.052012,1,0,0
0.24,0.24,-0.059251,1,0,0
0.26,0.24,-0.06393,1,0,0
0.28,0.24,-0.057119,1,0,0
0.3,0.24,-0.044465,1,0,0
0.32,0.24,-0.040089,1,0,0
0.34,0.24,-0.024189,1,0,0
0.36,0.24,-0.026406,1,0,0
0.38,0.24,-0.019735,1,0,0
0.4,0.24,-0.014399,1,0,0
0.42,0.24,-0.013267,1,0,0
0.44,0.24,-0.0019536,1,0,0
0.46,0.24,0.0019697,1,0,0
0.48,0.24,0.01283,1,0,0
0.5,0.24,0.022306,1,0,0
0.52,0.24,0.029015,1,0,0
0.54,0.24,0.04381,1,0,0
0.56,0.24,0.047754,1,0,0
0.58,0.24,0.059059,1,0,0
0.6,0.24,0.056564,1,0,0
0.62,0.24,0.054014,1,0,0
0.64,0.24,0.038528,1,0,0
0.66,0.24,0.036783,1,0,0
0.68,0.24,0.011778,1,0,0
0.7,0.24,-0.0080849,1,0,0
0.72,0.24,-0.021306,1,0,0
0.74,0.24,-0.023617,1,0,0
0.76,0.24,-0.038521,1,0,0
0.78,0.24,-0.049666,1,0,0
0.8,0.24,-0.055057,1,0,0
0.82,0.24,-0.041177,1,0,0
0.84,0.24,-0.037468,1,0,0
0.86,0.24,-0.02503,1,0,0
0.88,0.24,-0.015246,1,0,0
0.9,0.24,-0.020197,1,0,0
0.92,0.24,-0.017315,1,0,0
0.94,0.24,-0.026,1,0,0
0.96,0.24,-0.028804,1,0,0
0.98,0.24,-0.033754,1,0,0
0.02,0.26,-0.046961,1,0,0
0.04,0.26,-0.056435,1,0,0
0.06,0.26,-0.068329,1,0,0
0.08,0.26,-0.076016,1,0,0
0.1,0.26,-0.07422,1,0,0
0.12,0.26,-0.069127,1,0,0
0.14,0.26,-0.074141,1,0,0
0.16,0.26,-0.075596,1,0,0
0.18,0.26,-0.073688,1,0,0
0.2,0.26,-0.05925,1,0,0
0.22,0.26,-0.056696,1,0,0
0.24,0.26,-0.066657,1,0,0
0.26,0.26,-0.06888,1,0,0
0.28,0.26,-0.060443,1,0,0
0.3,0.26,-0.045976,1,0,0
0.32,0.26,-0.030833,1,0,0
0.34,0.26,-0.029931,1,0,0
0.36,0.26,-0.022146,1,0,0
0.38,0.26,-0.01272,1,0,0
0.4,0.26,-0.0035098,1,0,0
0.42,0.26,0.0037565,1,0,0
0.44,0.26,0.00094615,1,0,0
0.46,0.26,0.013838,1,0,0
0.48,0.26,0.022945,1,0,0
0.5,0.26,0.036948,1,0,0
0.52,0.26,0.041086,1,0,0
0.54,0.26,0.038343,1,0,0
0.56,0.26,0.052014,1,0,0
0.58,0.26,0.065548,1,0,0
0.6,0.26,0.064292,1,0,0
0.62,0.26,0.066136,1,0,0
0.64,0.26,0.054713,1,0,0
0.66,0.26,0.034535,1,0,0
0.68,0.26,0.0156,1,0,0
0.7,0.26,0.0076054,1,0,0
0.72,0.26,-0.0086466,1,0,0
0.74,0.26,-0.015435,1,0,0
0.76,0.26,-0.027996,1,0,0
0.78,0.26,-0.037537,1,0,0
0.8,0.26,-0.042218,1,0,0
0.82,0.26,-0.042647,1,0,0
0.84,0.26,-0.038387,1,0,0
0.86,0.26,-0.025165,1,0,0
0.88,0.26,-0.020872,1,0,0
0.9,0.26,-0.0211,1,0,0
0.92,0.26,-0.027075,1,0,0
0.94,0.26,-0.02552,1,0,0
0.96,0.26,-0.030583,1,0,0
0.98,0.26,-0.028914,1,0,0
0.02,0.28,-0.0665,1,0,0
0.04,0.28,-0.068316,1,0,0
0.06,0.28,-0.073872,1,0,0
0.08,0.28,-0.076279,1,0,0
0.1,0.28,-0.075974,1,0,0
0.12,0.28,-0.062709,1,0,0
0.14,0.28,-0.076441,1,0,0
0.16,0.28,-0.084583,1,0,0
0.18,0.28,-0.078539,1,0,0
0.2,0.28,-0.062004,1,0,0
0.22,0.28,-0.061856,1,0,0
0.24,0.28,-0.066886,1,0,0
0.26,0.28,-0.065978,1,0,0
0.28,0.28,-0.053869,1,0,0
0.3,0.28,-0.049721,1,0,0
0.32,0.28,-0.030798,1,0,0
0.34,0.28,-0.029178,1,0,0
0.36,0.28,-0.025801,1,0,0
0.38,0.28,-0.0065392,1,0,0
0.4,0.28,0.013449,1,0,0
0.42,0.28,0.011004,1,0,0
0.44,0.28,0.010468,1,0,0
0.46,0.28,0.015811,1,0,0
0.48,0.28,0.026072,1,0,0
0.5,0.28,0.044025,1,0,0
0.52,0.28,0.044992,1,0,0
0.54,0.28,0.044171,1,0,0
0.56,0.28,0.058141,1,0,0
0.58,0.28,0.057833,1,0,0
0.6,0.28,0.062427,1,0,0
0.62,0.28,0.068572,1,0,0
0.64,0.28,0.062227,1,0,0
0.66,0.28,0.041539,1,0,0
0.68,0.28,0.023762,1,0,0
0.7,0.28,0.011995,1,0,0
0.72,0.28,-0.0099005,1,0,0
0.74,0.28,-0.019753,1,0,0
0.76,0.28,-0.021729,1,0,0
0.78,0.28,-0.030069,1,0,0
0.8,0.28,-0.037867,1,0,0
0.82,0.28,-0.039415,1,0,0
0.84,0.28,-0.047266,1,0,0
0.86,0.28,-0.034381,1,0,0
0.88,0.28,-0.035002,1,0,0
0.9,0.28,-0.034271,1,0,0
0.92,0.28,-0.032819,1,0,0
0.94,0.28,-0.027788,1,0,0
0.96,0.28,-0.032208,1,0,0
0.98,0.28,-0.026726,1,0,0
0.02,0.3,-0.084614,1,0,0
0.04,0.3,-0.083183,1,0,0
0.06,0.3,-0.08201,1,0,0
0.08,0.3,-0.075854,1,0,0
0.1,0.3,-0.072479,1,0,0
0.12,0.3,-0.067446,1,0,0
0.14,0.3,-0.070059,1,0,0
0.16,0.3,-0.079874,1,0,0
0.18,0.3,-0.081928,1,0,0
0.2,0.3,-0.062584,1,0,0
0.22,0.3,-0.057617,1,0,0
0.24,0.3,-0.054207,1,0,0
0.26,0.3,-0.055603,1,0,0
0.28,0.3,-0.056448,1,0,0
0.3,0.3,-0.045319,1,0,0
0.32,0.3,-0.02532,1,0,0
0.34,0.3,-0.013803,1,0,0
0.36,0.3,-0.0071161,1,0,0
0.38,0.3,0.00071375,1,0,0
0.4,0.3,0.016894,1,0,0
0.42,0.3,0.011251,1,0,0
0.44,0.3,0.014447,1,0,0
0.46,0.3,0.019826,1,0,0
0.48,0.3,0.036856,1,0,0
0.5,0.3,0.045863,1,0,0
0.52,0.3,0.055892,1,0,0
0.54,0.3,0.055392,1,0,0
0.56,0.3,0.060797,1,0,0
0.58,0.3,0.069242,1,0,0
0.6,0.3,0.060727,1,0,0
0.62,0.3,0.068444,1,0,0
0.64,0.3,0.058613,1,0,0
0.66,0.3,0.036403,1,0,0
0.68,0.3,0.027952,1,0,0
0.7,0.3,0.0092275,1,0,0
0.72,0.3,-0.0089707,1,0,0
0.74,0.3,-0.0084716,1,0,0
0.76,0.3,-0.016266,1,0,0
0.78,0.3,-0.032544,1,0,0
0.8,0.3,-0.04235,1,0,0
0.82,0.3,-0.042206,1,0,0
0.84,0.3,-0.048483,1,0,0
0.86,0.3,-0.042341,1,0,0
0.88,0.3,-0.042502,1,0,0
0.9,0.3,-0.044322,1,0,0
0.92,0.3,-0.031987,1,0,0
0.94,0.3,-0.025311,1,0,0
0.96,0.3,-0.031447,1,0,0
0.98,0.3,-0.0295,1,0,0
0.02,0.32,-0.091238,1,0,0
0.04,0.32,-0.095415,1,0,0
0.06,0.32,-0.094322,1,0,0
0.08,0.32,-0.089752,1,0,0
0.1,0.32,-0.084237,1,0,0
0.12,0.32,-0.072061,1,0,0
0.14,0.32,-0.075963,1,0,0
0.16,0.32,-0.075893,1,0,0
0.18,0.32,-0.084122,1,0,0
0.2,0.32,-0.076703,1,0,0
0.22,0.32,-0.063222,1,0,0
0.24,0.32,-0.047204,1,0,0
0.26,0.32,-0.052359,1,0,0
0.28,0.32,-0.047294,1,0,0
0.3,0.32,-0.034886,1,0,0
0.32,0.32,-0.019581,1,0,0
0.34,0.32,-0.011855,1,0,0
0.36,0.32,-0.0037724,1,0,0
0.38,0.32,0.01431,1,0,0
0.4,0.32,0.014074,1,0,0
0.42,0.32,0.014139,1,0,0
0.44,0.32,0.018594,1,0,0
0.46,0.32,0.030337,1,0,0
0.48,0.32,0.029462,1,0,0
0.5,0.32,0.050804,1,0,0
0.52,0.32,0.057528,1,0,0
0.54,0.32,0.054947,1,0,0
0.56,0.32,0.062537,1,0,0
0.58,0.32,0.068779,1,0,0
0.6,0.32,0.06241,1,0,0
0.62,0.32,0.057677,1,0,0
0.64,0.32,0.052477,1,0,0
0.66,0.32,0.035292,1,0,0
0.68,0.32,0.01628,1,0,0
0.7,0.32,-0.0034165,1,0,0
0.72,0.32,-0.017561,1,0,0
0.74,0.32,-0.017844,1,0,0
0.76,0.32,-0.017424,1,0,0
0.78,0.32,-0.029438,1,0,0
0.8,0.32,-0.037812,1,0,0
0.82,0.32,-0.044451,1,0,0
0.84,0.32,-0.057946,1,0,0
0.86,0.32,-0.055517,1,0,0
0.88,0.32,-0.054015,1,0,0
0.9,0.32,-0.043617,1,0,0
0.92,0.32,-0.036739,1,0,0
0.94,0.32,-0.037154,1,0,0
0.96,0.32,-0.043455,1,0,0
0.98,0.32,-0.046279,1,0,0
0.02,0.34,-0.093326,1,0,0
0.04,0.34,-0.10192,1,0,0
0.06,0.34,-0.10155,1,0,0
0.08,0.34,-0.090525,1,0,0
0.1,0.34,-0.086177,1,0,0
0.12,0.34,-0.077583,1,0,0
0.14,0.34,-0.079098,1,0,0
0.16,0.34,-0.087061,1,0,0
0.18,0.34,-0.08585,1,0,0
0.2,0.34,-0.075014,1,0,0
0.22,0.34,-0.050335,1,0,0
0.24,0.34,-0.050815,1,0,0
0.26,0.34,-0.042343,1,0,0
0.28,0.34,-0.032175,1,0,0
0.3,0.34,-0.020546,1,0,0
0.32,0.34,-0.017821,1,0,0
0.34,0.34,-0.0065746,1,0,0
0.36,0.34,0.0084189,1,0,0
0.38,0.34,0.016665,1,0,0
0.4,0.34,0.020381,1,0,0
0.42,0.34,0.023709,1,0,0
0.44,0.34,0.023988,1,0,0
0.46,0.34,0.047519,1,0,0
0.48,0.34,0.051137,1,0,0
0.5,0.34,0.052922,1,0,0
0.52,0.34,0.046562,1,0,0
0.54,0.34,0.041165,1,0,0
0.56,0.34,0.050005,1,0,0
0.58,0.34,0.064065,1,0,0
0.6,0.34,0.061032,1,0,0
0.62,0.34,0.05665,1,0,0
0.64,0.34,0.038761,1,0,0
0.66,0.34,0.026828,1,0,0
0.68,0.34,0.0057685,1,0,0
0.7,0.34,-0.0064525,1,0,0
0.72,0.34,-0.024665,1,0,0
0.74,0.34,-0.02329,1,0,0
0.76,0.34,-0.03169,1,0,0
0.78,0.34,-0.036916,1,0,0
0.8,0.34,-0.030321,1,0,0
0.82,0.34,-0.045774,1,0,0
0.84,0.34,-0.06263,1,0,0
0.86,0.34,-0.054761,1,0,0
0.88,0.34,-0.041861,1,0,0
0.9,0.34,-0.041424,1,0,0
0.92,0.34,-0.044693,1,0,0
0.94,0.34,-0.050106,1,0,0
0.96,0.34,-0.057047,1,0,0
0.98,0.34,-0.060719,1,0,0
0.02,0.36,-0.10646,1,0,0
0.04,0.36,-0.10569,1,0,0
0.06,0.36,-0.11241,1,0,0
0.08,0.36,-0.1206,1,0,0
0.1,0.36,-0.10377,1,0,0
0.12,0.36,-0.091307,1,0,0
0.14,0.36,-0.088751,1,0,0
0.16,0.36,-0.0884,1,0,0
0.18,0.36,-0.083284,1,0,0
0.2,0.36,-0.079863,1,0,0
0.22,0.36,-0.066556,1,0,0
0.24,0.36,-0.060699,1,0,0
0.26,0.36,-0.050702,1,0,0
0.28,0.36,-0.042583,1,0,0
0.3,0.36,-0.029146,1,0,0
0.32,0.36,-0.025856,1,0,0
0.34,0.36,-0.0033974,1,0,0
0.36,0.36,0.010404,1,0,0
0.38,0.36,0.024385,1,0,0
0.4,0.36,0.027734,1,0,0
0.42,0.36,0.028411,1,0,0
0.44,0.36,0.031834,1,0,0
0.46,0.36,0.043435,1,0,0
0.48,0.36,0.045363,1,0,0
0.5,0.36,0.044106,1,0,0
0.52,0.36,0.034111,1,0,0
0.54,0.36,0.033867,1,0,0
0.56,0.36,0.034792,1,0,0
0.58,0.36,0.042321,1,0,0
0.6,0.36,0.026826,1,0,0
0.62,0.36,0.028451,1,0,0
0.64,0.36,0.022545,1,0,0
0.66,0.36,0.011177,1,0,0
0.68,0.36,-0.0092619,1,0,0
0.7,0.36,-0.019271,1,0,0
0.72,0.36,-0.029223,1,0,0
0.74,0.36,-0.034708,1,0,0
0.76,0.36,-0.039705,1,0,0
0.78,0.36,-0.037737,1,0,0
0.8,0.36,-0.04761,1,0,0
0.82,0.36,-0.057644,1,0,0
0.84,0.36,-0.067554,1,0,0
0.86,0.36,-0.066192,1,0,0
0.88,0.36,-0.057099,1,0,0
0.9,0.36,-0.04869,1,0,0
0.92,0.36,-0.043472,1,0,0
0.94,0.36,-0.0654,1,0,0
0.96,0.36,-0.07268,1,0,0
0.98,0.36,-0.077709,1,0,0
0.02,0.38,-0.11969,1,0,0
0.04,0.38,-0.11948,1,0,0
0.06,0.38,-0.11806,1,0,0
0.08,0.38,-0.12162,1,0,0
0.1,0.38,-0.11107,1,0,0
0.12,0.38,-0.10437,1,0,0
0.14,0.38,-0.10868,1,0,0
0.16,0.38,-0.10089,1,0,0
0.18,0.38,-0.096597,1,0,0
0.2,0.38,-0.084682,1,0,0
0.22,0.38,-0.075086,1,0,0
0.24,0.38,-0.062846,1,0,0
0.26,0.38,-0.062112,1,0,0
0.28,0.38,-0.055685,1,0,0
0.3,0.38,-0.050225,1,0,0
0.32,0.38,-0.03423,1,0,0
0.34,0.38,-0.00039722,1,0,0
0.36,0.38,0.011892,1,0,0
0.38,0.38,0.019991,1,0,0
0.4,0.38,0.02346,1,0,0
0.42,0.38,0.027349,1,0,0
0.44,0.38,0.022822,1,0,0
0.46,0.38,0.040479,1,0,0
0.48,0.38,0.042273,1,0,0
0.5,0.38,0.033547,1,0,0
0.52,0.38,0.021018,1,0,0
0.54,0.38,0.022903,1,0,0
0.56,0.38,0.014403,1,0,0
0.58,0.38,0.0061223,1,0,0
0.6,0.38,-0.0015668,1,0,0
0.62,0.38,0.00056697,1,0,0
0.64,0.38,0.00093107,1,0,0
0.66,0.38,-0.0096097,1,0,0
0.68,0.38,-0.02338,1,0,0
0.7,0.38,-0.035715,1,0,0
0.72,0.38,-0.040025,1,0,0
0.74,0.38,-0.042836,1,0,0
0.76,0.38,-0.047743,1,0,0
0.78,0.38,-0.05795,1,0,0
0.8,0.38,-0.067372,1,0,0
0.82,0.38,-0.060736,1,0,0
0.84,0.38,-0.061797,1,0,0
0.86,0.38,-0.065351,1,0,0
0.88,0.38,-0.075565,1,0,0
0.9,0.38,-0.06724,1,0,0
0.92,0.38,-0.062,1,0,0
0.94,0.38,-0.079562,1,0,0
0.96,0.38,-0.089088,1,0,0
0.98,0.38,-0.086716,1,0,0
0.02,0.4,-0.11626,1,0,0
0.04,0.4,-0.1113,1,0,0
0.06,0.4,-0.11615,1,0,0
0.08,0.4,-0.11422,1,0,0
0.1,0.4,-0.11488,1,0,0
0.12,0.4,-0.11911,1,0,0
0.14,0.4,-0.13114,1,0,0
0.16,0.4,-0.12026,1,0,0
0.18,0.4,-0.10528,1,0,0
0.2,0.4,-0.090334,1,0,0
0.22,0.4,-0.071095,1,0,0
0.24,0.4,-0.068499,1,0,0
0.26,0.4,-0.059216,1,0,0
0.28,0.4,-0.050273,1,0,0
0.3,0.4,-0.047017,1,0,0
0.32,0.4,-0.032062,1,0,0
0.34,0.4,-0.019046,1,0,0
0.36,0.4,0.0040351,1,0,0
0.38,0.4,0.010118,1,0,0
0.4,0.4,0.020485,1,0,0
0.42,0.4,0.014894,1,0,0
0.44,0.4,0.010272,1,0,0
0.46,0.4,0.021655,1,0,0
0.48,0.4,0.028528,1,0,0
0.5,0.4,0.022311,1,0,0
0.52,0.4,0.023135,1,0,0
0.54,0.4,0.015322,1,0,0
0.56,0.4,0.0038361,1,0,0
0.58,0.4,-0.016325,1,0,0
0.6,0.4,-0.022424,1,0,0
0.62,0.4,-0.014698,1,0,0
0.64,0.4,-0.01329,1,0,0
0.66,0.4,-0.015996,1,0,0
0.68,0.4,-0.038207,1,0,0
0.7,0.4,-0.050551,1,0,0
0.72,0.4,-0.062378,1,0,0
0.74,0.4,-0.063866,1,0,0
0.76,0.4,-0.067673,1,0,0
0.78,0.4,-0.071901,1,0,0
0.8,0.4,-0.066276,1,0,0
0.82,0.4,-0.058752,1,0,0
0.84,0.4,-0.054141,1,0,0
0.86,0.4,-0.065624,1,0,0
0.88,0.4,-0.078616,1,0,0
0.9,0.4,-0.072428,1,0,0
0.92,0.4,-0.079896,1,0,0
0.94,0.4,-0.09041,1,0,0
0.96,0.4,-0.10503,1,0,0
0.98,0.4,-0.096772,1,0,0
0.02,0.42,-0.10638,1,0,0
0.04,0.42,-0.11099,1,0,0
0.06,0.42,-0.11212,1,0,0
0.08,0.42,-0.10718,1,0,0
0.1,0.42,-0.10731,1,0,0
0.12,0.42,-0.11921,1,0,0
0.14,0.42,-0.13825,1,0,0
0.16,0.42,-0.12499,1,0,0
0.18,0.42,-0.10639,1,0,0
0.2,0.42,-0.081771,1,0,0
0.22,0.42,-0.070344,1,0,0
0.24,0.42,-0.065587,1,0,0
0.26,0.42,-0.066754,1,0,0
0.28,0.42,-0.044459,1,0,0
0.3,0.42,-0.03484,1,0,0
0.32,0.42,-0.024166,1,0,0
0.34,0.42,-0.017433,1,0,0
0.36,0.42,-0.00022884,1,0,0
0.38,0.42,0.0079127,1,0,0
0.4,0.42,0.0023352,1,0,0
0.42,0.42,-0.012763,1,0,0
0.44,0.42,-0.0037808,1,0,0
0.46,0.42,0.0060519,1,0,0
0.48,0.42,0.016561,1,0,0
0.5,0.42,0.025259,1,0,0
0.52,0.42,0.026621,1,0,0
0.54,0.42,0.017216,1,0,0
0.56,0.42,0.0070672,1,0,0
0.58,0.42,-0.010559,1,0,0
0.6,0.42,-0.021151,1,0,0
0.62,0.42,-0.026549,1,0,0
0.64,0.42,-0.023553,1,0,0
0.66,0.42,-0.033251,1,0,0
0.68,0.42,-0.051985,1,0,0
0.7,0.42,-0.058148,1,0,0
0.72,0.42,-0.057335,1,0,0
0.74,0.42,-0.064519,1,0,0
0.76,0.42,-0.074395,1,0,0
0.78,0.42,-0.077673,1,0,0
0.8,0.42,-0.072888,1,0,0
0.82,0.42,-0.05549,1,0,0
0.84,0.42,-0.060394,1,0,0
0.86,0.42,-0.058083,1,0,0
0.88,0.42,-0.068629,1,0,0
0.9,0.42,-0.073897,1,0,0
0.92,0.42,-0.083924,1,0,0
0.94,0.42,-0.093162,1,0,0
0.96,0.42,-0.099204,1,0,0
0.98,0.42,-0.093451,1,0,0
0.02,0.44,-0.10472,1,0,0
0.04,0.44,-0.10875,1,0,0
0.06,0.44,-0.10926,1,0,0
0.08,0.44,-0.11044,1,0,0
0.1,0.44,-0.1118,1,0,0
0.12,0.44,-0.12386,1,0,0
0.14,0.44,-0.12383,1,0,0
0.16,0.44,-0.11388,1,0,0
0.18,0.44,-0.11294,1,0,0
0.2,0.44,-0.089359,1,0,0
0.22,0.44,-0.08412,1,0,0
0.24,0.44,-0.079052,1,0,0
0.26,0.44,-0.068383,1,0,0
0.28,0.44,-0.046742,1,0,0
0.3,0.44,-0.038295,1,0,0
0.32,0.44,-0.032231,1,0,0
0.34,0.44,-0.02555,1,0,0
0.36,0.44,-0.017841,1,0,0
0.38,0.44,-0.019607,1,0,0
0.4,0.44,-0.024269,1,0,0
0.42,0.44,-0.027759,1,0,0
0.44,0.44,-0.020683,1,0,0
0.46,0.44,-0.012801,1,0,0
0.48,0.44,-0.0016883,1,0,0
0.5,0.44,0.0056227,1,0,0
0.52,0.44,0.013475,1,0,0
0.54,0.44,0.010717,1,0,0
0.56,0.44,-0.0015588,1,0,0
0.58,0.44,-0.018192,1,0,0
0.6,0.44,-0.040528,1,0,0
0.62,0.44,-0.041173,1,0,0
0.64,0.44,-0.039945,1,0,0
0.66,0.44,-0.051273,1,0,0
0.68,0.44,-0.066441,1,0,0
0.7,0.44,-0.07984,1,0,0
0.72,0.44,-0.071793,1,0,0
0.74,0.44,-0.063789,1,0,0
0.76,0.44,-0.079853,1,0,0
0.78,0.44,-0.087801,1,0,0
0.8,0.44,-0.084665,1,0,0
0.82,0.44,-0.071327,1,0,0
0.84,0.44,-0.079652,1,0,0
0.86,0.44,-0.075999,1,0,0
0.88,0.44,-0.078523,1,0,0
0.9,0.44,-0.088381,1,0,0
0.92,0.44,-0.089245,1,0,0
0.94,0.44,-0.08815,1,0,0
0.96,0.44,-0.10112,1,0,0
0.98,0.44,-0.10475,1,0,0
0.02,0.46,-0.1064,1,0,0
0.04,0.46,-0.10109,1,0,0
0.06,0.46,-0.10072,1,0,0
0.08,0.46,-0.10179,1,0,0
0.1,0.46,-0.10592,1,0,0
0.12,0.46,-0.11063,1,0,0
0.14,0.46,-0.11898,1,0,0
0.16,0.46,-0.12036,1,0,0
0.18,0.46,-0.10842,1,0,0
0.2,0.46,-0.10523,1,0,0
0.22,0.46,-0.086415,1,0,0
0.24,0.46,-0.077289,1,0,0
0.26,0.46,-0.058675,1,0,0
0.28,0.46,-0.051452,1,0,0
0.3,0.46,-0.043386,1,0,0
0.32,0.46,-0.031774,1,0,0
0.34,0.46,-0.031941,1,0,0
0.36,0.46,-0.036563,1,0,0
0.38,0.46,-0.038267,1,0,0
0.4,0.46,-0.044013,1,0,0
0.42,0.46,-0.044658,1,0,0
0.44,0.46,-0.022566,1,0,0
0.46,0.46,-0.0077691,1,0,0
0.48,0.46,-0.0047245,1,0,0
0.5,0.46,0.0015671,1,0,0
0.52,0.46,-0.0030518,1,0,0
0.54,0.46,-0.011468,1,0,0
0.56,0.46,-0.011966,1,0,0
0.58,0.46,-0.024881,1,0,0
0.6,0.46,-0.043108,1,0,0
0.62,0.46,-0.044302,1,0,0
0.64,0.46,-0.052324,1,0,0
0.66,0.46,-0.058675,1,0,0
0.68,0.46,-0.083574,1,0,0
0.7,0.46,-0.077636,1,0,0
0.72,0.46,-0.079319,1,0,0
0.74,0.46,-0.072135,1,0,0
0.76,0.46,-0.078865,1,0,0
0.78,0.46,-0.096729,1,0,0
0.8,0.46,-0.097064,1,0,0
0.82,0.46,-0.083701,1,0,0
0.84,0.46,-0.078205,1,0,0
0.86,0.46,-0.078942,1,0,0
0.88,0.46,-0.085109,1,0,0
0.9,0.46,-0.087266,1,0,0
0.92,0.46,-0.083959,1,0,0
0.94,0.46,-0.091777,1,0,0
0.96,0.46,-0.099822,1,0,0
0.98,0.46,-0.091119,1,0,0
0.02,0.48,-0.097482,1,0,0
0.04,0.48,-0.09873,1,0,0
0.06,0.48,-0.10118,1,0,0
0.08,0.48,-0.10646,1,0,0
0.1,0.48,-0.10879,1,0,0
0.12,0.48,-0.11108,1,0,0
0.14,0.48,-0.11491,1,0,0
0.16,0.48,-0.11866,1,0,0
0.18,0.48,-0.11777,1,0,0
0.2,0.48,-0.10591,1,0,0
0.22,0.48,-0.099861,1,0,0
0.24,0.48,-0.091726,1,0,0
0.26,0.48,-0.065982,1,0,0
0.28,0.48,-0.051857,1,0,0
0.3,0.48,-0.043453,1,0,0
0.32,0.48,-0.038865,1,0,0
0.34,0.48,-0.039362,1,0,0
0.36,0.48,-0.047077,1,0,0
0.38,0.48,-0.043137,1,0,0
0.4,0.48,-0.049114,1,0,0
0.42,0.48,-0.046291,1,0,0
0.44,0.48,-0.048513,1,0,0
0.46,0.48,-0.018049,1,0,0
0.48,0.48,-0.013601,1,0,0
0.5,0.48,-0.0099625,1,0,0
0.52,0.48,-0.016679,1,0,0
0.54,0.48,-0.017928,1,0,0
0.56,0.48,-0.020307,1,0,0
0.58,0.48,-0.033191,1,0,0
0.6,0.48,-0.055118,1,0,0
0.62,0.48,-0.061255,1,0,0
0.64,0.48,-0.07584,1,0,0
0.66,0.48,-0.08854,1,0,0
0.68,0.48,-0.086568,1,0,0
0.7,0.48,-0.086357,1,0,0
0.72,0.48,-0.094595,1,0,0
0.74,0.48,-0.08772,1,0,0
0.76,0.48,-0.088973,1,0,0
0.78,0.48,-0.096565,1,0,0
0.8,0.48,-0.096004,1,0,0
0.82,0.48,-0.09175,1,0,0
0.84,0.48,-0.095932,1,0,0
0.86,0.48,-0.089698,1,0,0
0.88,0.48,-0.083101,1,0,0
0.9,0.48,-0.074742,1,0,0
0.92,0.48,-0.074765,1,0,0
0.94,0.48,-0.086219,1,0,0
0.96,0.48,-0.097346,1,0,0
0.98,0.48,-0.08692,1,0,0
0.02,0.5,-0.091553,1,0,0
0.04,0.5,-0.084073,1,0,0
0.06,0.5,-0.089633,1,0,0
0.08,0.5,-0.099546,1,0,0
0.1,0.5,-0.1023,1,0,0
0.12,0.5,-0.10466,1,0,0
0.14,0.5,-0.11558,1,0,0
0.16,0.5,-0.12607,1,0,0
0.18,0.5,-0.12305,1,0,0
0.2,0.5,-0.10997,1,0,0
0.22,0.5,-0.096157,1,0,0
0.24,0.5,-0.083326,1,0,0
0.26,0.5,-0.06678,1,0,0
0.28,0.5,-0.051658,1,0,0
0.3,0.5,-0.041656,1,0,0
0.32,0.5,-0.040749,1,0,0
0.34,0.5,-0.032977,1,0,0
0.36,0.5,-0.043308,1,0,0
0.38,0.5,-0.039342,1,0,0
0.4,0.5,-0.044692,1,0,0
0.42,0.5,-0.050156,1,0,0
0.44,0.5,-0.037653,1,0,0
0.46,0.5,-0.017479,1,0,0
0.48,0.5,-0.01078,1,0,0
0.5,0.5,-0.0093005,1,0,0
0.52,0.5,-0.026047,1,0,0
0.54,0.5,-0.026889,1,0,0
0.56,0.5,-0.031865,1,0,0
0.58,0.5,-0.038101,1,0,0
0.6,0.5,-0.064391,1,0,0
0.62,0.5,-0.074686,1,0,0
0.64,0.5,-0.091276,1,0,0
0.66,0.5,-0.10227,1,0,0
0.68,0.5,-0.099329,1,0,0
0.7,0.5,-0.094841,1,0,0
0.72,0.5,-0.096326,1,0,0
0.74,0.5,-0.10064,1,0,0
0.76,0.5,-0.098476,1,0,0
0.78,0.5,-0.099194,1,0,0
0.8,0.5,-0.095924,1,0,0
0.82,0.5,-0.08583,1,0,0
0.84,0.5,-0.084828,1,0,0
0.86,0.5,-0.074068,1,0,0
0.88,0.5,-0.066007,1,0,0
0.9,0.5,-0.066261,1,0,0
0.92,0.5,-0.062966,1,0,0
0.94,0.5,-0.079955,1,0,0
0.96,0.5,-0.081386,1,0,0
0.98,0.5,-0.071866,1,0,0
0.02,0.52,-0.075639,1,0,0
0.04,0.52,-0.063638,1,0,0
0.06,0.52,-0.072949,1,0,0
0.08,0.52,-0.088037,1,0,0
0.1,0.52,-0.10068,1,0,0
0.12,0.52,-0.10405,1,0,0
0.14,0.52,-0.11252,1,0,0
0.16,0.52,-0.12018,1,0,0
0.18,0.52,-0.12651,1,0,0
0.2,0.52,-0.11679,1,0,0
0.22,0.52,-0.092089,1,0,0
0.24,0.52,-0.071167,1,0,0
0.26,0.52,-0.056639,1,0,0
0.28,0.52,-0.043753,1,0,0
0.3,0.52,-0.035402,1,0,0
0.32,0.52,-0.035235,1,0,0
0.34,0.52,-0.035688,1,0,0
0.36,0.52,-0.033354,1,0,0
0.38,0.52,-0.038033,1,0,0
0.4,0.52,-0.030266,1,0,0
0.42,0.52,-0.020448,1,0,0
0.44,0.52,-0.013806,1,0,0
0.46,0.52,-0.0028269,1,0,0
0.48,0.52,-0.0046335,1,0,0
0.5,0.52,-0.013448,1,0,0
0.52,0.52,-0.021324,1,0,0
0.54,0.52,-0.038035,1,0,0
0.56,0.52,-0.04327,1,0,0
0.58,0.52,-0.048424,1,0,0
0.6,0.52,-0.071511,1,0,0
0.62,0.52,-0.082506,1,0,0
0.64,0.52,-0.087307,1,0,0
0.66,0.52,-0.093171,1,0,0
0.68,0.52,-0.10152,1,0,0
0.7,0.52,-0.10522,1,0,0
0.72,0.52,-0.1082,1,0,0
0.74,0.52,-0.10278,1,0,0
0.76,0.52,-0.10469,1,0,0
0.78,0.52,-0.099553,1,0,0
0.8,0.52,-0.085808,1,0,0
0.82,0.52,-0.07513,1,0,0
0.84,0.52,-0.065509,1,0,0
0.86,0.52,-0.05065,1,0,0
0.88,0.52,-0.048938,1,0,0
0.9,0.52,-0.04774,1,0,0
0.92,0.52,-0.052,1,0,0
0.94,0.52,-0.059639,1,0,0
0.96,0.52,-0.068108,1,0,0
0.98,0.52,-0.070019,1,0,0
0.02,0.54,-0.064928,1,0,0
0.04,0.54,-0.066022,1,0,0
0.06,0.54,-0.073302,1,0,0
0.08,0.54,-0.077994,1,0,0
0.1,0.54,-0.08889,1,0,0
0.12,0.54,-0.089959,1,0,0
0.14,0.54,-0.10261,1,0,0
0.16,0.54,-0.10217,1,0,0
0.18,0.54,-0.11564,1,0,0
0.2,0.54,-0.10558,1,0,0
0.22,0.54,-0.083096,1,0,0
0.24,0.54,-0.069955,1,0,0
0.26,0.54,-0.069881,1,0,0
0.28,0.54,-0.043016,1,0,0
0.3,0.54,-0.033619,1,0,0
0.32,0.54,-0.025582,1,0,0
0.34,0.54,-0.025082,1,0,0
0.36,0.54,-0.024724,1,0,0
0.38,0.54,-0.027947,1,0,0
0.4,0.54,-0.013643,1,0,0
0.42,0.54,6.8149e-06,1,0,0
0.44,0.54,0.0014935,1,0,0
0.46,0.54,0.010089,1,0,0
0.48,0.54,0.0029956,1,0,0
0.5,0.54,-0.010011,1,0,0
0.52,0.54,-0.027284,1,0,0
0.54,0.54,-0.048827,1,0,0
0.56,0.54,-0.05485,1,0,0
0.58,0.54,-0.061978,1,0,0
0.6,0.54,-0.067807,1,0,0
0.62,0.54,-0.087324,1,0,0
0.64,0.54,-0.098989,1,0,0
0.66,0.54,-0.10039,1,0,0
0.68,0.54,-0.10717,1,0,0
0.7,0.54,-0.10771,1,0,0
0.72,0.54,-0.10122,1,0,0
0.74,0.54,-0.09382,1,0,0
0.76,0.54,-0.09979,1,0,0
0.78,0.54,-0.10372,1,0,0
0.8,0.54,-0.092983,1,0,0
0.82,0.54,-0.080534,1,0,0
0.84,0.54,-0.064769,1,0,0
0.86,0.54,-0.039614,1,0,0
0.88,0.54,-0.035311,1,0,0
0.9,0.54,-0.031416,1,0,0
0.92,0.54,-0.040017,1,0,0
0.94,0.54,-0.041273,1,0,0
0.96,0.54,-0.049266,1,0,0
0.98,0.54,-0.055371,1,0,0
0.02,0.56,-0.068978,1,0,0
0.04,0.56,-0.062377,1,0,0
0.06,0.56,-0.076042,1,0,0
0.08,0.56,-0.085061,1,0,0
0.1,0.56,-0.079194,1,0,0
0.12,0.56,-0.078578,1,0,0
0.14,0.56,-0.09155,1,0,0
0.16,0.56,-0.091802,1,0,0
0.18,0.56,-0.093605,1,0,0
0.2,0.56,-0.094123,1,0,0
0.22,0.56,-0.087794,1,0,0
0.24,0.56,-0.079927,1,0,0
0.26,0.56,-0.077847,1,0,0
0.28,0.56,-0.050166,1,0,0
0.3,0.56,-0.023434,1,0,0
0.32,0.56,-0.024685,1,0,0
0.34,0.56,-0.033318,1,0,0
0.36,0.56,-0.032124,1,0,0
0.38,0.56,-0.021874,1,0,0
0.4,0.56,0.0057529,1,0,0
0.42,0.56,0.010988,1,0,0
0.44,0.56,0.014648,1,0,0
0.46,0.56,0.012843,1,0,0
0.48,0.56,0.0079519,1,0,0
0.5,0.56,-0.015282,1,0,0
0.52,0.56,-0.033072,1,0,0
0.54,0.56,-0.056375,1,0,0
0.56,0.56,-0.073064,1,0,0
0.58,0.56,-0.069008,1,0,0
0.6,0.56,-0.080367,1,0,0
0.62,0.56,-0.089818,1,0,0
0.64,0.56,-0.1019,1,0,0
0.66,0.56,-0.10701,1,0,0
0.68,0.56,-0.10776,1,0,0
0.7,0.56,-0.1004,1,0,0
0.72,0.56,-0.098061,1,0,0
0.74,0.56,-0.098624,1,0,0
0.76,0.56,-0.10078,1,0,0
0.78,0.56,-0.098595,1,0,0
0.8,0.56,-0.10289,1,0,0
0.82,0.56,-0.095127,1,0,0
0.84,0.56,-0.074143,1,0,0
0.86,0.56,-0.0491,1,0,0
0.88,0.56,-0.034553,1,0,0
0.9,0.56,-0.024662,1,0,0
0.92,0.56,-0.026921,1,0,0
0.94,0.56,-0.046545,1,0,0
0.96,0.56,-0.044162,1,0,0
0.98,0.56,-0.039478,1,0,0
0.02,0.58,-0.063955,1,0,0
0.04,0.58,-0.051517,1,0,0
0.06,0.58,-0.056646,1,0,0
0.08,0.58,-0.069981,1,0,0
0.1,0.58,-0.063627,1,0,0
0.12,0.58,-0.064374,1,0,0
0.14,0.58,-0.076407,1,0,0
0.16,0.58,-0.082433,1,0,0
0.18,0.58,-0.086672,1,0,0
0.2,0.58,-0.078911,1,0,0
0.22,0.58,-0.068515,1,0,0
0.24,0.58,-0.06752,1,0,0
0.26,0.58,-0.060759,1,0,0
0.28,0.58,-0.037579,1,0,0
0.3,0.58,-0.021334,1,0,0
0.32,0.58,-0.01809,1,0,0
0.34,0.58,-0.015719,1,0,0
0.36,0.58,-0.027236,1,0,0
0.38,0.58,-0.020811,1,0,0
0.4,0.58,0.0056237,1,0,0
0.42,0.58,0.022064,1,0,0
0.44,0.58,0.018801,1,0,0
0.46,0.58,0.025027,1,0,0
0.48,0.58,0.017124,1,0,0
0.5,0.58,-0.010484,1,0,0
0.52,0.58,-0.036406,1,0,0
0.54,0.58,-0.049987,1,0,0
0.56,0.58,-0.066842,1,0,0
0.58,0.58,-0.072664,1,0,0
0.6,0.58,-0.072922,1,0,0
0.62,0.58,-0.075523,1,0,0
0.64,0.58,-0.088593,1,0,0
0.66,0.58,-0.096832,1,0,0
0.68,0.58,-0.099484,1,0,0
0.7,0.58,-0.09811,1,0,0
0.72,0.58,-0.093468,1,0,0
0.74,0.58,-0.092638,1,0,0
0.76,0.58,-0.10305,1,0,0
0.78,0.58,-0.10361,1,0,0
0.8,0.58,-0.10821,1,0,0
0.82,0.58,-0.089351,1,0,0
0.84,0.58,-0.063669,1,0,0
0.86,0.58,-0.03574,1,0,0
0.88,0.58,-0.030439,1,0,0
0.9,0.58,-0.027452,1,0,0
0.92,0.58,-0.030176,1,0,0
0.94,0.58,-0.037308,1,0,0
0.96,0.58,-0.034073,1,0,0
0.98,0.58,-0.033368,1,0,0
0.02,0.6,-0.057063,1,0,0
0.04,0.6,-0.041475,1,0,0
0.06,0.6,-0.046159,1,0,0
0.08,0.6,-0.059198,1,0,0
0.1,0.6,-0.061257,1,0,0
0.12,0.6,-0.054798,1,0,0
0.14,0.6,-0.066453,1,0,0
0.16,0.6,-0.071494,1,0,0
0.18,0.6,-0.07103,1,0,0
0.2,0.6,-0.074052,1,0,0
0.22,0.6,-0.061553,1,0,0
0.24,0.6,-0.055964,1,0,0
0.26,0.6,-0.046758,1,0,0
0.28,0.6,-0.033746,1,0,0
0.3,0.6,-0.018318,1,0,0
0.32,0.6,-0.0083668,1,0,0
0.34,0.6,-0.0049345,1,0,0
0.36,0.6,-0.013273,1,0,0
0.38,0.6,-0.0094304,1,0,0
0.4,0.6,-4.2488e-05,1,0,0
0.42,0.6,0.014869,1,0,0
0.44,0.6,0.0046629,1,0,0
0.46,0.6,0.012077,1,0,0
0.48,0.6,0.00022616,1,0,0
0.5,0.6,-0.0038819,1,0,0
0.52,0.6,-0.023849,1,0,0
0.54,0.6,-0.037998,1,0,0
0.56,0.6,-0.051824,1,0,0
0.58,0.6,-0.062009,1,0,0
0.6,0.6,-0.075723,1,0,0
0.62,0.6,-0.081022,1,0,0
0.64,0.6,-0.083179,1,0,0
0.66,0.6,-0.0847,1,0,0
0.68,0.6,-0.096949,1,0,0
0.7,0.6,-0.091341,1,0,0
0.72,0.6,-0.093926,1,0,0
0.74,0.6,-0.097502,1,0,0
0.76,0.6,-0.10049,1,0,0
0.78,0.6,-0.10893,1,0,0
0.8,0.6,-0.10531,1,0,0
0.82,0.6,-0.091438,1,0,0
0.84,0.6,-0.063518,1,0,0
0.86,0.6,-0.041465,1,0,0
0.88,0.6,-0.037917,1,0,0
0.9,0.6,-0.029091,1,0,0
0.92,0.6,-0.026573,1,0,0
0.94,0.6,-0.030291,1,0,0
0.96,0.6,-0.033915,1,0,0
0.98,0.6,-0.030898,1,0,0
0.02,0.62,-0.056879,1,0,0
0.04,0.62,-0.044278,1,0,0
0.06,0.62,-0.04303,1,0,0
0.08,0.62,-0.046778,1,0,0
0.1,0.62,-0.046116,1,0,0
0.12,0.62,-0.055365,1,0,0
0.14,0.62,-0.058167,1,0,0
0.16,0.62,-0.064331,1,0,0
0.18,0.62,-0.067864,1,0,0
0.2,0.62,-0.060961,1,0,0
0.22,0.62,-0.047032,1,0,0
0.24,0.62,-0.051934,1,0,0
0.26,0.62,-0.043421,1,0,0
0.28,0.62,-0.034891,1,0,0
0.3,0.62,-0.019014,1,0,0
0.32,0.62,-0.0090976,1,0,0
0.34,0.62,-0.00011545,1,0,0
0.36,0.62,0.00095393,1,0,0
0.38,0.62,0.0051619,1,0,0
0.4,0.62,0.0020567,1,0,0
0.42,0.62,0.00055673,1,0,0
0.44,0.62,0.00046812,1,0,0
0.46,0.62,0.0036828,1,0,0
0.48,0.62,0.0036746,1,0,0
0.5,0.62,0.00087448,1,0,0
0.52,0.62,-0.018615,1,0,0
0.54,0.62,-0.036467,1,0,0
0.56,0.62,-0.049323,1,0,0
0.58,0.62,-0.053757,1,0,0
0.6,0.62,-0.076341,1,0,0
0.62,0.62,-0.080561,1,0,0
0.64,0.62,-0.086387,1,0,0
0.66,0.62,-0.079483,1,0,0
0.68,0.62,-0.078739,1,0,0
0.7,0.62,-0.07828,1,0,0
0.72,0.62,-0.085017,1,0,0
0.74,0.62,-0.090689,1,0,0
0.76,0.62,-0.10517,1,0,0
0.78,0.62,-0.10913,1,0,0
0.8,0.62,-0.10264,1,0,0
0.82,0.62,-0.086518,1,0,0
0.84,0.62,-0.070853,1,0,0
0.86,0.62,-0.052392,1,0,0
0.88,0.62,-0.036705,1,0,0
0.9,0.62,-0.03712,1,0,0
0.92,0.62,-0.037106,1,0,0
0.94,0.62,-0.033396,1,0,0
0.96,0.62,-0.03374,1,0,0
0.98,0.62,-0.03006,1,0,0
0.02,0.64,-0.045843,1,0,0
0.04,0.64,-0.044026,1,0,0
0.06,0.64,-0.037678,1,0,0
0.08,0.64,-0.03763,1,0,0
0.1,0.64,-0.04215,1,0,0
0.12,0.64,-0.049534,1,0,0
0.14,0.64,-0.051084,1,0,0
0.16,0.64,-0.057238,1,0,0
0.18,0.64,-0.0633,1,0,0
0.2,0.64,-0.052784,1,0,0
0.22,0.64,-0.047543,1,0,0
0.24,0.64,-0.043012,1,0,0
0.26,0.64,-0.04111,1,0,0
0.28,0.64,-0.02428,1,0,0
0.3,0.64,-0.014466,1,0,0
0.32,0.64,-0.010263,1,0,0
0.34,0.64,-0.0049309,1,0,0
0.36,0.64,0.0002094,1,0,0
0.38,0.64,0.014665,1,0,0
0.4,0.64,0.0077292,1,0,0
0.42,0.64,-0.0044765,1,0,0
0.44,0.64,0.0049799,1,0,0
0.46,0.64,0.0078548,1,0,0
0.48,0.64,0.0036934,1,0,0
0.5,0.64,-0.0038108,1,0,0
0.52,0.64,-0.024439,1,0,0
0.54,0.64,-0.04218,1,0,0
0.56,0.64,-0.054391,1,0,0
0.58,0.64,-0.063486,1,0,0
0.6,0.64,-0.07633,1,0,0
0.62,0.64,-0.081105,1,0,0
0.64,0.64,-0.077198,1,0,0
0.66,0.64,-0.071315,1,0,0
0.68,0.64,-0.06336,1,0,0
0.7,0.64,-0.067595,1,0,0
0.72,0.64,-0.08392,1,0,0
0.74,0.64,-0.093089,1,0,0
0.76,0.64,-0.10679,1,0,0
0.78,0.64,-0.10868,1,0,0
0.8,0.64,-0.10118,1,0,0
0.82,0.64,-0.077327,1,0,0
0.84,0.64,-0.086174,1,0,0
0.86,0.64,-0.061951,1,0,0
0.88,0.64,-0.043293,1,0,0
0.9,0.64,-0.042097,1,0,0
0.92,0.64,-0.04122,1,0,0
0.94,0.64,-0.044127,1,0,0
0.96,0.64,-0.042646,1,0,0
0.98,0.64,-0.031721,1,0,0
0.02,0.66,-0.047002,1,0,0
0.04,0.66,-0.03595,1,0,0
0.06,0.66,-0.039558,1,0,0
0.08,0.66,-0.042204,1,0,0
0.1,0.66,-0.046857,1,0,0
0.12,0.66,-0.040998,1,0,0
0.14,0.66,-0.043905,1,0,0
0.16,0.66,-0.044948,1,0,0
0.18,0.66,-0.05084,1,0,0
0.2,0.66,-0.044156,1,0,0
0.22,0.66,-0.040599,1,0,0
0.24,0.66,-0.034793,1,0,0
0.26,0.66,-0.024444,1,0,0
0.28,0.66,-0.021025,1,0,0
0.3,0.66,-0.016663,1,0,0
0.32,0.66,0.006812,1,0,0
0.34,0.66,0.0065516,1,0,0
0.36,0.66,0.018528,1,0,0
0.38,0.66,0.017701,1,0,0
0.4,0.66,0.0066222,1,0,0
0.42,0.66,-0.0042463,1,0,0
0.44,0.66,0.0088328,1,0,0
0.46,0.66,0.014374,1,0,0
0.48,0.66,0.0041814,1,0,0
0.5,0.66,-0.0091846,1,0,0
0.52,0.66,-0.023135,1,0,0
0.54,0.66,-0.041458,1,0,0
0.56,0.66,-0.041299,1,0,0
0.58,0.66,-0.054028,1,0,0
0.6,0.66,-0.072345,1,0,0
0.62,0.66,-0.065382,1,0,0
0.64,0.66,-0.060992,1,0,0
0.66,0.66,-0.062557,1,0,0
0.68,0.66,-0.063805,1,0,0
0.7,0.66,-0.061,1,0,0
0.72,0.66,-0.074272,1,0,0
0.74,0.66,-0.078269,1,0,0
0.76,0.66,-0.091758,1,0,0
0.78,0.66,-0.10689,1,0,0
0.8,0.66,-0.10365,1,0,0
0.82,0.66,-0.087427,1,0,0
0.84,0.66,-0.073599,1,0,0
0.86,0.66,-0.062846,1,0,0
0.88,0.66,-0.048576,1,0,0
0.9,0.66,-0.036126,1,0,0
0.92,0.66,-0.036406,1,0,0
0.94,0.66,-0.034038,1,0,0
0.96,0.66,-0.046896,1,0,0
0.98,0.66,-0.034876,1,0,0
0.02,0.68,-0.035542,1,0,0
0.04,0.68,-0.037772,1,0,0
0.06,0.68,-0.040952,1,0,0
0.08,0.68,-0.041329,1,0,0
0.1,0.68,-0.050271,1,0,0
0.12,0.68,-0.040446,1,0,0
0.14,0.68,-0.03986,1,0,0
0.16,0.68,-0.041426,1,0,0
0.18,0.68,-0.036112,1,0,0
0.2,0.68,-0.02665,1,0,0
0.22,0.68,-0.029123,1,0,0
0.24,0.68,-0.023806,1,0,0
0.26,0.68,-0.0088562,1,0,0
0.28,0.68,0.0023908,1,0,0
0.3,0.68,-0.0035764,1,0,0
0.32,0.68,0.013138,1,0,0
0.34,0.68,0.022222,1,0,0
0.36,0.68,0.019475,1,0,0
0.38,0.68,0.014842,1,0,0
0.4,0.68,0.014472,1,0,0
0.42,0.68,0.0034776,1,0,0
0.44,0.68,0.007628,1,0,0
0.46,0.68,0.0081357,1,0,0
0.48,0.68,0.0066136,1,0,0
0.5,0.68,-0.005662,1,0,0
0.52,0.68,-0.022364,1,0,0
0.54,0.68,-0.032084,1,0,0
0.56,0.68,-0.029456,1,0,0
0.58,0.68,-0.046643,1,0,0
0.6,0.68,-0.056493,1,0,0
0.62,0.68,-0.047633,1,0,0
0.64,0.68,-0.042449,1,0,0
0.66,0.68,-0.048001,1,0,0
0.68,0.68,-0.055015,1,0,0
0.7,0.68,-0.057052,1,0,0
0.72,0.68,-0.071348,1,0,0
0.74,0.68,-0.072156,1,0,0
0.76,0.68,-0.083769,1,0,0
0.78,0.68,-0.10525,1,0,0
0.8,0.68,-0.10314,1,0,0
0.82,0.68,-0.084066,1,0,0
0.84,0.68,-0.07696,1,0,0
0.86,0.68,-0.05586,1,0,0
0.88,0.68,-0.042894,1,0,0
0.9,0.68,-0.031139,1,0,0
0.92,0.68,-0.020948,1,0,0
0.94,0.68,-0.026441,1,0,0
0.96,0.68,-0.052201,1,0,0
0.98,0.68,-0.044295,1,0,0
0.02,0.7,-0.040385,1,0,0
0.04,0.7,-0.038243,1,0,0
0.06,0.7,-0.036957,1,0,0
0.08,0.7,-0.037236,1,0,0
0.1,0.7,-0.029853,1,0,0
0.12,0.7,-0.034866,1,0,0
0.14,0.7,-0.045887,1,0,0
0.16,0.7,-0.041175,1,0,0
0.18,0.7,-0.025913,1,0,0
0.2,0.7,-0.0046238,1,0,0
0.22,0.7,-0.0087739,1,0,0
0.24,0.7,0.0013543,1,0,0
0.26,0.7,0.011372,1,0,0
0.28,0.7,0.018614,1,0,0
0.3,0.7,0.021699,1,0,0
0.32,0.7,0.021538,1,0,0
0.34,0.7,0.021615,1,0,0
0.36,0.7,0.018202,1,0,0
0.38,0.7,0.024177,1,0,0
0.4,0.7,0.015555,1,0,0
0.42,0.7,0.0067609,1,0,0
0.44,0.7,0.0070952,1,0,0
0.46,0.7,0.011449,1,0,0
0.48,0.7,0.0062973,1,0,0
0.5,0.7,-0.00069692,1,0,0
0.52,0.7,-0.014786,1,0,0
0.54,0.7,-0.025993,1,0,0
0.56,0.7,-0.02708,1,0,0
0.58,0.7,-0.024508,1,0,0
0.6,0.7,-0.037011,1,0,0
0.62,0.7,-0.0249,1,0,0
0.64,0.7,-0.015056,1,0,0
0.66,0.7,-0.034269,1,0,0
0.68,0.7,-0.042403,1,0,0
0.7,0.7,-0.056136,1,0,0
0.72,0.7,-0.065117,1,0,0
0.74,0.7,-0.074177,1,0,0
0.76,0.7,-0.089896,1,0,0
0.78,0.7,-0.096329,1,0,0
0.8,0.7,-0.097712,1,0,0
0.82,0.7,-0.077565,1,0,0
0.84,0.7,-0.066858,1,0,0
0.86,0.7,-0.050266,1,0,0
0.88,0.7,-0.039657,1,0,0
0.9,0.7,-0.028387,1,0,0
0.92,0.7,-0.02107,1,0,0
0.94,0.7,-0.028432,1,0,0
0.96,0.7,-0.037724,1,0,0
0.98,0.7,-0.029473,1,0,0
0.02,0.72,-0.052927,1,0,0
0.04,0.72,-0.056065,1,0,0
0.06,0.72,-0.052934,1,0,0
0.08,0.72,-0.035672,1,0,0
0.1,0.72,-0.035394,1,0,0
0.12,0.72,-0.039166,1,0,0
0.14,0.72,-0.047195,1,0,0
0.16,0.72,-0.04321,1,0,0
0.18,0.72,-0.025686,1,0,0
0.2,0.72,-0.012503,1,0,0
0.22,0.72,0.0068228,1,0,0
0.24,0.72,0.0046735,1,0,0
0.26,0.72,0.0088246,1,0,0
0.28,0.72,0.021261,1,0,0
0.3,0.72,0.025574,1,0,0
0.32,0.72,0.013517,1,0,0
0.34,0.72,0.015214,1,0,0
0.36,0.72,0.015559,1,0,0
0.38,0.72,0.018514,1,0,0
0.4,0.72,0.010154,1,0,0
0.42,0.72,-0.00074906,1,0,0
0.44,0.72,-0.0066325,1,0,0
0.46,0.72,0.00011677,1,0,0
0.48,0.72,-0.0089853,1,0,0
0.5,0.72,-0.0085517,1,0,0
0.52,0.72,-0.014327,1,0,0
0.54,0.72,-0.013512,1,0,0
0.56,0.72,-0.026106,1,0,0
0.58,0.72,-0.02872,1,0,0
0.6,0.72,-0.031719,1,0,0
0.62,0.72,-0.016713,1,0,0
0.64,0.72,-0.013296,1,0,0
0.66,0.72,-0.019128,1,0,0
0.68,0.72,-0.042902,1,0,0
0.7,0.72,-0.058088,1,0,0
0.72,0.72,-0.067226,1,0,0
0.74,0.72,-0.073792,1,0,0
0.76,0.72,-0.091214,1,0,0
0.78,0.72,-0.1088,1,0,0
0.8,0.72,-0.097003,1,0,0
0.82,0.72,-0.087278,1,0,0
0.84,0.72,-0.078844,1,0,0
0.86,0.72,-0.067767,1,0,0
0.88,0.72,-0.051234,1,0,0
0.9,0.72,-0.040347,1,0,0
0.92,0.72,-0.025108,1,0,0
0.94,0.72,-0.023119,1,0,0
0.96,0.72,-0.025202,1,0,0
0.98,0.72,-0.02396,1,0,0
0.02,0.74,-0.067966,1,0,0
0.04,0.74,-0.067711,1,0,0
0.06,0.74,-0.05886,1,0,0
0.08,0.74,-0.043159,1,0,0
0.1,0.74,-0.034558,1,0,0
0.12,0.74,-0.040024,1,0,0
0.14,0.74,-0.045162,1,0,0
0.16,0.74,-0.037583,1,0,0
0.18,0.74,-0.028533,1,0,0
0.2,0.74,-0.021512,1,0,0
0.22,0.74,0.0037069,1,0,0
0.24,0.74,0.0083488,1,0,0
0.26,0.74,0.0047661,1,0,0
0.28,0.74,0.0072575,1,0,0
0.3,0.74,0.013227,1,0,0
0.32,0.74,0.0054231,1,0,0
0.34,0.74,0.010344,1,0,0
0.36,0.74,0.015078,1,0,0
0.38,0.74,0.011665,1,0,0
0.4,0.74,-0.0030952,1,0,0
0.42,0.74,-0.0066012,1,0,0
0.44,0.74,-0.017652,1,0,0
0.46,0.74,-0.0060854,1,0,0
0.48,0.74,-0.018399,1,0,0
0.5,0.74,-0.020734,1,0,0
0.52,0.74,-0.016312,1,0,0
0.54,0.74,-0.018798,1,0,0
0.56,0.74,-0.028918,1,0,0
0.58,0.74,-0.031647,1,0,0
0.6,0.74,-0.033826,1,0,0
0.62,0.74,-0.023861,1,0,0
0.64,0.74,-0.015695,1,0,0
0.66,0.74,-0.02097,1,0,0
0.68,0.74,-0.047249,1,0,0
0.7,0.74,-0.06264,1,0,0
0.72,0.74,-0.068939,1,0,0
0.74,0.74,-0.065362,1,0,0
0.76,0.74,-0.088148,1,0,0
0.78,0.74,-0.10623,1,0,0
0.8,0.74,-0.1076,1,0,0
0.82,0.74,-0.10026,1,0,0
0.84,0.74,-0.09027,1,0,0
0.86,0.74,-0.083132,1,0,0
0.88,0.74,-0.074746,1,0,0
0.9,0.74,-0.05027,1,0,0
0.92,0.74,-0.030696,1,0,0
0.94,0.74,-0.020628,1,0,0
0.96,0.74,-0.013966,1,0,0
0.98,0.74,-0.017385,1,0,0
0.02,0.76,-0.071558,1,0,0
0.04,0.76,-0.0602,1,0,0
0.06,0.76,-0.050737,1,0,0
0.08,0.76,-0.04299,1,0,0
0.1,0.76,-0.027357,1,0,0
0.12,0.76,-0.031069,1,0,0
0.14,0.76,-0.044415,1,0,0
0.16,0.76,-0.044427,1,0,0
0.18,0.76,-0.039636,1,0,0
0.2,0.76,-0.030743,1,0,0
0.22,0.76,-0.014666,1,0,0
0.24,0.76,0.00049481,1,0,0
0.26,0.76,0.0031448,1,0,0
0.28,0.76,0.013953,1,0,0
0.3,0.76,0.01466,1,0,0
0.32,0.76,0.0040022,1,0,0
0.34,0.76,0.011611,1,0,0
0.36,0.76,0.0045172,1,0,0
0.38,0.76,-0.00033372,1,0,0
0.4,0.76,-0.0038905,1,0,0
0.42,0.76,-0.011385,1,0,0
0.44,0.76,-0.017846,1,0,0
0.46,0.76,-0.013746,1,0,0
0.48,0.76,-0.010263,1,0,0
0.5,0.76,-0.016172,1,0,0
0.52,0.76,-0.022936,1,0,0
0.54,0.76,-0.023979,1,0,0
0.56,0.76,-0.029965,1,0,0
0.58,0.76,-0.023364,1,0,0
0.6,0.76,-0.028018,1,0,0
0.62,0.76,-0.02212,1,0,0
0.64,0.76,-0.018892,1,0,0
0.66,0.76,-0.02636,1,0,0
0.68,0.76,-0.046788,1,0,0
0.7,0.76,-0.061218,1,0,0
0.72,0.76,-0.06423,1,0,0
0.74,0.76,-0.066914,1,0,0
0.76,0.76,-0.078283,1,0,0
0.78,0.76,-0.082898,1,0,0
0.8,0.76,-0.094677,1,0,0
0.82,0.76,-0.096155,1,0,0
0.84,0.76,-0.092964,1,0,0
0.86,0.76,-0.088467,1,0,0
0.88,0.76,-0.078439,1,0,0
0.9,0.76,-0.052652,1,0,0
0.92,0.76,-0.025553,1,0,0
0.94,0.76,-0.024824,1,0,0
0.96,0.76,-0.015764,1,0,0
0.98,0.76,-0.0058632,1,0,0
0.02,0.78,-0.058719,1,0,0
0.04,0.78,-0.04534,1,0,0
0.06,0.78,-0.046617,1,0,0
0.08,0.78,-0.042742,1,0,0
0.1,0.78,-0.034053,1,0,0
0.12,0.78,-0.028801,1,0,0
0.14,0.78,-0.046461,1,0,0
0.16,0.78,-0.05638,1,0,0
0.18,0.78,-0.05623,1,0,0
0.2,0.78,-0.045062,1,0,0
0.22,0.78,-0.033187,1,0,0
0.24,0.78,-0.020559,1,0,0
0.26,0.78,-0.0095173,1,0,0
0.28,0.78,0.011168,1,0,0
0.3,0.78,0.0085699,1,0,0
0.32,0.78,0.0031856,1,0,0
0.34,0.78,0.0086429,1,0,0
0.36,0.78,0.0018239,1,0,0
0.38,0.78,-0.013897,1,0,0
0.4,0.78,-0.010793,1,0,0
0.42,0.78,-0.024094,1,0,0
0.44,0.78,-0.034804,1,0,0
0.46,0.78,-0.024048,1,0,0
0.48,0.78,-0.0080681,1,0,0
0.5,0.78,-0.021199,1,0,0
0.52,0.78,-0.03012,1,0,0
0.54,0.78,-0.025453,1,0,0
0.56,0.78,-0.023765,1,0,0
0.58,0.78,-0.018467,1,0,0
0.6,0.78,-0.021449,1,0,0
0.62,0.78,-0.02338,1,0,0
0.64,0.78,-0.032878,1,0,0
0.66,0.78,-0.045018,1,0,0
0.68,0.78,-0.055275,1,0,0
0.7,0.78,-0.061308,1,0,0
0.72,0.78,-0.064772,1,0,0
0.74,0.78,-0.066164,1,0,0
0.76,0.78,-0.067551,1,0,0
0.78,0.78,-0.066813,1,0,0
0.8,0.78,-0.075611,1,0,0
0.82,0.78,-0.0898,1,0,0
0.84,0.78,-0.095232,1,0,0
0.86,0.78,-0.087588,1,0,0
0.88,0.78,-0.0726,1,0,0
0.9,0.78,-0.047498,1,0,0
0.92,0.78,-0.027349,1,0,0
0.94,0.78,-0.026689,1,0,0
0.96,0.78,-0.022191,1,0,0
0.98,0.78,-0.0017988,1,0,0
0.02,0.8,-0.045611,1,0,0
0.04,0.8,-0.027778,1,0,0
0.06,0.8,-0.035033,1,0,0
0.08,0.8,-0.041473,1,0,0
0.1,0.8,-0.035677,1,0,0
0.12,0.8,-0.028537,1,0,0
0.14,0.8,-0.047672,1,0,0
0.16,0.8,-0.05675,1,0,0
0.18,0.8,-0.069193,1,0,0
0.2,0.8,-0.066347,1,0,0
0.22,0.8,-0.050606,1,0,0
0.24,0.8,-0.035322,1,0,0
0.26,0.8,-0.031166,1,0,0
0.28,0.8,-0.016842,1,0,0
0.3,0.8,-0.015207,1,0,0
0.32,0.8,-0.0041049,1,0,0
0.34,0.8,-0.0063181,1,0,0
0.36,0.8,-0.0049757,1,0,0
0.38,0.8,-0.015475,1,0,0
0.4,0.8,-0.026295,1,0,0
0.42,0.8,-0.037922,1,0,0
0.44,0.8,-0.041341,1,0,0
0.46,0.8,-0.028916,1,0,0
0.48,0.8,-0.024001,1,0,0
0.5,0.8,-0.027158,1,0,0
0.52,0.8,-0.028049,1,0,0
0.54,0.8,-0.03204,1,0,0
0.56,0.8,-0.023852,1,0,0
0.58,0.8,-0.0292,1,0,0
0.6,0.8,-0.031442,1,0,0
0.62,0.8,-0.039099,1,0,0
0.64,0.8,-0.03987,1,0,0
0.66,0.8,-0.050875,1,0,0
0.68,0.8,-0.059355,1,0,0
0.7,0.8,-0.058396,1,0,0
0.72,0.8,-0.059202,1,0,0
0.74,0.8,-0.058217,1,0,0
0.76,0.8,-0.058439,1,0,0
0.78,0.8,-0.056105,1,0,0
0.8,0.8,-0.072394,1,0,0
0.82,0.8,-0.084501,1,0,0
0.84,0.8,-0.08975,1,0,0
0.86,0.8,-0.084435,1,0,0
0.88,0.8,-0.077766,1,0,0
0.9,0.8,-0.043811,1,0,0
0.92,0.8,-0.035296,1,0,0
0.94,0.8,-0.027121,1,0,0
0.96,0.8,-0.023623,1,0,0
0.98,0.8,-0.0060183,1,0,0
0.02,0.82,-0.035627,1,0,0
0.04,0.82,-0.024937,1,0,0
0.06,0.82,-0.023422,1,0,0
0.08,0.82,-0.018185,1,0,0
0.1,0.82,-0.024655,1,0,0
0.12,0.82,-0.031159,1,0,0
0.14,0.82,-0.038724,1,0,0
0.16,0.82,-0.05509,1,0,0
0.18,0.82,-0.074926,1,0,0
0.2,0.82,-0.07234,1,0,0
0.22,0.82,-0.056199,1,0,0
0.24,0.82,-0.048665,1,0,0
0.26,0.82,-0.055332,1,0,0
0.28,0.82,-0.047858,1,0,0
0.3,0.82,-0.04282,1,0,0
0.32,0.82,-0.032074,1,0,0
0.34,0.82,-0.021058,1,0,0
0.36,0.82,-0.019288,1,0,0
0.38,0.82,-0.021246,1,0,0
0.4,0.82,-0.025921,1,0,0
0.42,0.82,-0.040001,1,0,0
0.44,0.82,-0.039098,1,0,0
0.46,0.82,-0.036025,1,0,0
0.48,0.82,-0.028025,1,0,0
0.5,0.82,-0.027812,1,0,0
0.52,0.82,-0.02968,1,0,0
0.54,0.82,-0.032227,1,0,0
0.56,0.82,-0.037887,1,0,0
0.58,0.82,-0.034439,1,0,0
0.6,0.82,-0.037581,1,0,0
0.62,0.82,-0.039051,1,0,0
0.64,0.82,-0.04087,1,0,0
0.66,0.82,-0.037347,1,0,0
0.68,0.82,-0.040407,1,0,0
0.7,0.82,-0.04905,1,0,0
0.72,0.82,-0.054051,1,0,0
0.74,0.82,-0.046007,1,0,0
0.76,0.82,-0.046305,1,0,0
0.78,0.82,-0.055863,1,0,0
0.8,0.82,-0.059706,1,0,0
0.82,0.82,-0.066763,1,0,0
0.84,0.82,-0.082915,1,0,0
0.86,0.82,-0.080287,1,0,0
0.88,0.82,-0.071796,1,0,0
0.9,0.82,-0.063553,1,0,0
0.92,0.82,-0.045688,1,0,0
0.94,0.82,-0.027477,1,0,0
0.96,0.82,-0.018055,1,0,0
0.98,0.82,0.0036041,1,0,0
0.02,0.84,-0.028796,1,0,0
0.04,0.84,-0.015629,1,0,0
0.06,0.84,-0.010594,1,0,0
0.08,0.84,-0.011081,1,0,0
0.1,0.84,-0.0083531,1,0,0
0.12,0.84,-0.026673,1,0,0
0.14,0.84,-0.03872,1,0,0
0.16,0.84,-0.054001,1,0,0
0.18,0.84,-0.068488,1,0,0
0.2,0.84,-0.06309,1,0,0
0.22,0.84,-0.058595,1,0,0
0.24,0.84,-0.065061,1,0,0
0.26,0.84,-0.075291,1,0,0
0.28,0.84,-0.076822,1,0,0
0.3,0.84,-0.0648,1,0,0
0.32,0.84,-0.052717,1,0,0
0.34,0.84,-0.04539,1,0,0
0.36,0.84,-0.042234,1,0,0
0.38,0.84,-0.02648,1,0,0
0.4,0.84,-0.033278,1,0,0
0.42,0.84,-0.044611,1,0,0
0.44,0.84,-0.046846,1,0,0
0.46,0.84,-0.048681,1,0,0
0.48,0.84,-0.040515,1,0,0
0.5,0.84,-0.025465,1,0,0
0.52,0.84,-0.029195,1,0,0
0.54,0.84,-0.040685,1,0,0
0.56,0.84,-0.045397,1,0,0
0.58,0.84,-0.033289,1,0,0
0.6,0.84,-0.041652,1,0,0
0.62,0.84,-0.036522,1,0,0
0.64,0.84,-0.032233,1,0,0
0.66,0.84,-0.026967,1,0,0
0.68,0.84,-0.025026,1,0,0
0.7,0.84,-0.034596,1,0,0
0.72,0.84,-0.043943,1,0,0
0.74,0.84,-0.045091,1,0,0
0.76,0.84,-0.054002,1,0,0
0.78,0.84,-0.053936,1,0,0
0.8,0.84,-0.062204,1,0,0
0.82,0.84,-0.064465,1,0,0
0.84,0.84,-0.075697,1,0,0
0.86,0.84,-0.074534,1,0,0
0.88,0.84,-0.065989,1,0,0
0.9,0.84,-0.065255,1,0,0
0.92,0.84,-0.053282,1,0,0
0.94,0.84,-0.031262,1,0,0
0.96,0.84,-0.011475,1,0,0
0.98,0.84,0.0094419,1,0,0
0.02,0.86,-0.0097657,1,0,0
0.04,0.86,-0.0053525,1,0,0
0.06,0.86,-0.0049459,1,0,0
0.08,0.86,-0.0082353,1,0,0
0.1,0.86,-0.013829,1,0,0
0.12,0.86,-0.016168,1,0,0
0.14,0.86,-0.029733,1,0,0
0.16,0.86,-0.051513,1,0,0
0.18,0.86,-0.050285,1,0,0
0.2,0.86,-0.05161,1,0,0
0.22,0.86,-0.055591,1,0,0
0.24,0.86,-0.080918,1,0,0
0.26,0.86,-0.092477,1,0,0
0.28,0.86,-0.09112,1,0,0
0.3,0.86,-0.081609,1,0,0
0.32,0.86,-0.067922,1,0,0
0.34,0.86,-0.058231,1,0,0
0.36,0.86,-0.056584,1,0,0
0.38,0.86,-0.039856,1,0,0
0.4,0.86,-0.039013,1,0,0
0.42,0.86,-0.046061,1,0,0
0.44,0.86,-0.057873,1,0,0
0.46,0.86,-0.055354,1,0,0
0.48,0.86,-0.047761,1,0,0
0.5,0.86,-0.026421,1,0,0
0.52,0.86,-0.029274,1,0,0
0.54,0.86,-0.033795,1,0,0
0.56,0.86,-0.03164,1,0,0
0.58,0.86,-0.029985,1,0,0
0.6,0.86,-0.029904,1,0,0
0.62,0.86,-0.021855,1,0,0
0.64,0.86,-0.017278,1,0,0
0.66,0.86,-0.016827,1,0,0
0.68,0.86,-0.023728,1,0,0
0.7,0.86,-0.018311,1,0,0
0.72,0.86,-0.035539,1,0,0
0.74,0.86,-0.040401,1,0,0
0.76,0.86,-0.050348,1,0,0
0.78,0.86,-0.057531,1,0,0
0.8,0.86,-0.061772,1,0,0
0.82,0.86,-0.063167,1,0,0
0.84,0.86,-0.072632,1,0,0
0.86,0.86,-0.059768,1,0,0
0.88,0.86,-0.055541,1,0,0
0.9,0.86,-0.057498,1,0,0
0.92,0.86,-0.045514,1,0,0
0.94,0.86,-0.026842,1,0,0
0.96,0.86,-0.0092713,1,0,0
0.98,0.86,0.011943,1,0,0
0.02,0.88,-0.005902,1,0,0
0.04,0.88,0.010947,1,0,0
0.06,0.88,0.0037095,1,0,0
0.08,0.88,-0.006569,1,0,0
0.1,0.88,-0.010531,1,0,0
0.12,0.88,-0.012293,1,0,0
0.14,0.88,-0.021965,1,0,0
0.16,0.88,-0.040074,1,0,0
0.18,0.88,-0.04934,1,0,0
0.2,0.88,-0.05104,1,0,0
0.22,0.88,-0.060636,1,0,0
0.24,0.88,-0.085257,1,0,0
0.26,0.88,-0.09135,1,0,0
0.28,0.88,-0.098021,1,0,0
0.3,0.88,-0.092214,1,0,0
0.32,0.88,-0.073799,1,0,0
0.34,0.88,-0.06433,1,0,0
0.36,0.88,-0.067097,1,0,0
0.38,0.88,-0.057689,1,0,0
0.4,0.88,-0.05012,1,0,0
0.42,0.88,-0.049748,1,0,0
0.44,0.88,-0.054454,1,0,0
0.46,0.88,-0.048085,1,0,0
0.48,0.88,-0.042026,1,0,0
0.5,0.88,-0.0351,1,0,0
0.52,0.88,-0.033985,1,0,0
0.54,0.88,-0.027461,1,0,0
0.56,0.88,-0.025099,1,0,0
0.58,0.88,-0.02056,1,0,0
0.6,0.88,-0.022181,1,0,0
0.62,0.88,-0.00055624,1,0,0
0.64,0.88,-0.0026949,1,0,0
0.66,0.88,-0.010534,1,0,0
0.68,0.88,-0.018033,1,0,0
0.7,0.88,-0.023034,1,0,0
0.72,0.88,-0.03497,1,0,0
0.74,0.88,-0.034888,1,0,0
0.76,0.88,-0.045876,1,0,0
0.78,0.88,-0.060732,1,0,0
0.8,0.88,-0.067235,1,0,0
0.82,0.88,-0.065538,1,0,0
0.84,0.88,-0.053315,1,0,0
0.86,0.88,-0.050022,1,0,0
0.88,0.88,-0.04622,1,0,0
0.9,0.88,-0.049307,1,0,0
0.92,0.88,-0.040372,1,0,0
0.94,0.88,-0.020036,1,0,0
0.96,0.88,-0.0074402,1,0,0
0.98,0.88,0.015828,1,0,0
0.02,0.9,0.0010357,1,0,0
0.04,0.9,0.0066774,1,0,0
0.06,0.9,0.0013414,1,0,0
0.08,0.9,-0.0081675,1,0,0
0.1,0.9,-0.012388,1,0,0
0.12,0.9,-0.014396,1,0,0
0.14,0.9,-0.025365,1,0,0
0.16,0.9,-0.035323,1,0,0
0.18,0.9,-0.04717,1,0,0
0.2,0.9,-0.057024,1,0,0
0.22,0.9,-0.07793,1,0,0
0.24,0.9,-0.08501,1,0,0
0.26,0.9,-0.10609,1,0,0
0.28,0.9,-0.10298,1,0,0
0.3,0.9,-0.094078,1,0,0
0.32,0.9,-0.084238,1,0,0
0.34,0.9,-0.07442,1,0,0
0.36,0.9,-0.078431,1,0,0
0.38,0.9,-0.06197,1,0,0
0.4,0.9,-0.053595,1,0,0
0.42,0.9,-0.053577,1,0,0
0.44,0.9,-0.049058,1,0,0
0.46,0.9,-0.047594,1,0,0
0.48,0.9,-0.043657,1,0,0
0.5,0.9,-0.037841,1,0,0
0.52,0.9,-0.038631,1,0,0
0.54,0.9,-0.035231,1,0,0
0.56,0.9,-0.029204,1,0,0
0.58,0.9,-0.015598,1,0,0
0.6,0.9,-0.01343,1,0,0
0.62,0.9,-0.007648,1,0,0
0.64,0.9,-0.0023496,1,0,0
0.66,0.9,-0.015775,1,0,0
0.68,0.9,-0.020091,1,0,0
0.7,0.9,-0.029033,1,0,0
0.72,0.9,-0.039296,1,0,0
0.74,0.9,-0.04506,1,0,0
0.76,0.9,-0.051347,1,0,0
0.78,0.9,-0.063894,1,0,0
0.8,0.9,-0.076733,1,0,0
0.82,0.9,-0.063409,1,0,0
0.84,0.9,-0.059193,1,0,0
0.86,0.9,-0.047633,1,0,0
0.88,0.9,-0.047499,1,0,0
0.9,0.9,-0.039396,1,0,0
0.92,0.9,-0.025834,1,0,0
0.94,0.9,-0.022803,1,0,0
0.96,0.9,-0.0086418,1,0,0
0.98,0.9,0.022259,1,0,0
0.02,0.92,-0.0026523,1,0,0
0.04,0.92,0.0011464,1,0,0
0.06,0.92,-0.006856,1,0,0
0.08,0.92,-0.0032973,1,0,0
0.1,0.92,-0.0085763,1,0,0
0.12,0.92,-0.012488,1,0,0
0.14,0.92,-0.02045,1,0,0
0.16,0.92,-0.027139,1,0,0
0.18,0.92,-0.048203,1,0,0
0.2,0.92,-0.06184,1,0,0
0.22,0.92,-0.074849,1,0,0
0.24,0.92,-0.09628,1,0,0
0.26,0.92,-0.11306,1,0,0
0.28,0.92,-0.10235,1,0,0
0.3,0.92,-0.095767,1,0,0
0.32,0.92,-0.085144,1,0,0
0.34,0.92,-0.073699,1,0,0
0.36,0.92,-0.057753,1,0,0
0.38,0.92,-0.052663,1,0,0
0.4,0.92,-0.043444,1,0,0
0.42,0.92,-0.044885,1,0,0
0.44,0.92,-0.044742,1,0,0
0.46,0.92,-0.036313,1,0,0
0.48,0.92,-0.029625,1,0,0
0.5,0.92,-0.034492,1,0,0
0.52,0.92,-0.033294,1,0,0
0.54,0.92,-0.032464,1,0,0
0.56,0.92,-0.022553,1,0,0
0.58,0.92,-0.011255,1,0,0
0.6,0.92,-0.0098024,1,0,0
0.62,0.92,-0.013236,1,0,0
0.64,0.92,-0.016936,1,0,0
0.66,0.92,-0.017469,1,0,0
0.68,0.92,-0.016488,1,0,0
0.7,0.92,-0.025316,1,0,0
0.72,0.92,-0.032648,1,0,0
0.74,0.92,-0.035113,1,0,0
0.76,0.92,-0.054658,1,0,0
0.78,0.92,-0.065622,1,0,0
0.8,0.92,-0.067429,1,0,0
0.82,0.92,-0.066118,1,0,0
0.84,0.92,-0.064119,1,0,0
0.86,0.92,-0.052443,1,0,0
0.88,0.92,-0.038828,1,0,0
0.9,0.92,-0.024767,1,0,0
0.92,0.92,-0.021459,1,0,0
0.94,0.92,-0.0043547,1,0,0
0.96,0.92,0.0074488,1,0,0
0.98,0.92,0.031426,1,0,0
0.02,0.94,-0.0096799,1,0,0
0.04,0.94,0.0049118,1,0,0
0.06,0.94,-0.00065251,1,0,0
0.08,0.94,0.00024711,1,0,0
0.1,0.94,-0.0044318,1,0,0
0.12,0.94,0.0016101,1,0,0
0.14,0.94,-0.016369,1,0,0
0.16,0.94,-0.02908,1,0,0
0.18,0.94,-0.044548,1,0,0
0.2,0.94,-0.066665,1,0,0
0.22,0.94,-0.076425,1,0,0
0.24,0.94,-0.088079,1,0,0
0.26,0.94,-0.10336,1,0,0
0.28,0.94,-0.091734,1,0,0
0.3,0.94,-0.085942,1,0,0
0.32,0.94,-0.080608,1,0,0
0.34,0.94,-0.06683,1,0,0
0.36,0.94,-0.043622,1,0,0
0.38,0.94,-0.037156,1,0,0
0.4,0.94,-0.03361,1,0,0
0.42,0.94,-0.034887,1,0,0
0.44,0.94,-0.02859,1,0,0
0.46,0.94,-0.01994,1,0,0
0.48,0.94,-0.023257,1,0,0
0.5,0.94,-0.026543,1,0,0
0.52,0.94,-0.027151,1,0,0
0.54,0.94,-0.024916,1,0,0
0.56,0.94,-0.015829,1,0,0
0.58,0.94,-0.0067916,1,0,0
0.6,0.94,-0.01443,1,0,0
0.62,0.94,-0.018809,1,0,0
0.64,0.94,-0.014285,1,0,0
0.66,0.94,-0.015285,1,0,0
0.68,0.94,-0.027978,1,0,0
0.7,0.94,-0.026801,1,0,0
0.72,0.94,-0.031611,1,0,0
0.74,0.94,-0.041523,1,0,0
0.76,0.94,-0.056113,1,0,0
0.78,0.94,-0.061975,1,0,0
0.8,0.94,-0.056089,1,0,0
0.82,0.94,-0.060298,1,0,0
0.84,0.94,-0.058521,1,0,0
0.86,0.94,-0.050836,1,0,0
0.88,0.94,-0.039854,1,0,0
0.9,0.94,-0.021154,1,0,0
0.92,0.94,-0.0084959,1,0,0
0.94,0.94,0.0046732,1,0,0
0.96,0.94,0.02086,1,0,0
0.98,0.94,0.046524,1,0,0
0.02,0.96,-0.017033,1,0,0
0.04,0.96,-0.0020196,1,0,0
0.06,0.96,0.0017706,1,0,0
0.08,0.96,-0.0058497,1,0,0
0.1,0.96,-0.0023288,1,0,0
0.12,0.96,-0.0082333,1,0,0
0.14,0.96,-0.019366,1,0,0
0.16,0.96,-0.033837,1,0,0
0.18,0.96,-0.053834,1,0,0
0.2,0.96,-0.06672,1,0,0
0.22,0.96,-0.077706,1,0,0
0.24,0.96,-0.078132,1,0,0
0.26,0.96,-0.084241,1,0,0
0.28,0.96,-0.078185,1,0,0
0.3,0.96,-0.07652,1,0,0
0.32,0.96,-0.074552,1,0,0
0.34,0.96,-0.048606,1,0,0
0.36,0.96,-0.041322,1,0,0
0.38,0.96,-0.03641,1,0,0
0.4,0.96,-0.036075,1,0,0
0.42,0.96,-0.030424,1,0,0
0.44,0.96,-0.023626,1,0,0
0.46,0.96,-0.0099012,1,0,0
0.48,0.96,-0.012574,1,0,0
0.5,0.96,-0.027801,1,0,0
0.52,0.96,-0.030017,1,0,0
0.54,0.96,-0.016002,1,0,0
0.56,0.96,-0.008519,1,0,0
0.58,0.96,-0.0009636,1,0,0
0.6,0.96,-0.01108,1,0,0
0.62,0.96,-0.011353,1,0,0
0.64,0.96,-0.011211,1,0,0
0.66,0.96,-0.022688,1,0,0
0.68,0.96,-0.032123,1,0,0
0.7,0.96,-0.042428,1,0,0
0.72,0.96,-0.043883,1,0,0
0.74,0.96,-0.043287,1,0,0
0.76,0.96,-0.063042,1,0,0
0.78,0.96,-0.066081,1,0,0
0.8,0.96,-0.068943,1,0,0
0.82,0.96,-0.05608,1,0,0
0.84,0.96,-0.050806,1,0,0
0.86,0.96,-0.04153,1,0,0
0.88,0.96,-0.035954,1,0,0
0.9,0.96,-0.02112,1,0,0
0.92,0.96,-0.0015171,1,0,0
0.94,0.96,0.0080415,1,0,0
0.96,0.96,0.023016,1,0,0
0.98,0.96,0.040316,1,0,0
0.02,0.98,-0.027264,1,0,0
0.04,0.98,-0.020066,1,0,0
0.06,0.98,-0.021411,1,0,0
0.08,0.98,-0.019252,1,0,0
0.1,0.98,-0.012087,1,0,0
0.12,0.98,-0.014292,1,0,0
0.14,0.98,-0.02263,1,0,0
0.16,0.98,-0.0334,1,0,0
0.18,0.98,-0.039444,1,0,0
0.2,0.98,-0.064617,1,0,0
0.22,0.98,-0.079128,1,0,0
0.24,0.98,-0.08737,1,0,0
0.26,0.98,-0.080966,1,0,0
0.28,0.98,-0.074054,1,0,0
0.3,0.98,-0.064808,1,0,0
0.32,0.98,-0.064549,1,0,0
0.34,0.98,-0.050917,1,0,0
0.36,0.98,-0.051917,1,0,0
0.38,0.98,-0.04178,1,0,0
0.4,0.98,-0.033716,1,0,0
0.42,0.98,-0.031301,1,0,0
0.44,0.98,-0.028524,1,0,0
0.46,0.98,-0.017318,1,0,0
0.48,0.98,-0.019181,1,0,0
0.5,0.98,-0.029223,1,0,0
0.52,0.98,-0.03224,1,0,0
0.54,0.98,-0.016232,1,0,0
0.56,0.98,-0.00807,1,0,0
0.58,0.98,0.0023353,1,0,0
0.6,0.98,-0.0091428,1,0,0
0.62,0.98,-0.0080467,1,0,0
0.64,0.98,-0.021031,1,0,0
0.66,0.98,-0.0334,1,0,0
0.68,0.98,-0.04554,1,0,0
0.7,0.98,-0.047343,1,0,0
0.72,0.98,-0.054281,1,0,0
0.74,0.98,-0.051736,1,0,0
0.76,0.98,-0.063514,1,0,0
0.78,0.98,-0.076305,1,0,0
0.8,0.98,-0.082095,1,0,0
0.82,0.98,-0.073132,1,0,0
0.84,0.98,-0.060379,1,0,0
0.86,0.98,-0.055703,1,0,0
0.88,0.98,-0.04139,1,0,0
0.9,0.98,-0.017746,1,0,0
0.92,0.98,0.0055785,1,0,0
0.94,0.98,0.0023914,1,0,0
0.96,0.98,0.0078163,1,0,0
0.98,0.98,0.029919,1,0,0
0,0,0.0035678,-1,0,0
0.02,0,0.0035678,-1,0,0
0.04,0,0.028356,-1,0,0
0.06,0,0.035305,-1,0,0
0.08,0,0.037685,-1,0,0
0.1,0,0.040606,-1,0,0
0.12,0,0.035914,-1,0,0
0.14,0,0.015593,-1,0,0
0.16,0,-0.00016662,-1,0,0
0.18,0,-0.012535,-1,0,0
0.2,0,-0.016433,-1,0,0
0.22,0,-0.017178,-1,0,0
0.24,0,-0.03721,-1,0,0
0.26,0,-0.051858,-1,0,0
0.28,0,-0.053136,-1,0,0
0.3,0,-0.053232,-1,0,0
0.32,0,-0.050382,-1,0,0
0.34,0,-0.051127,-1,0,0
0.36,0,-0.062544,-1,0,0
0.38,0,-0.07353,-1,0,0
0.4,0,-0.07638,-1,0,0
0.42,0,-0.083569,-1,0,0
0.44,0,-0.11502,-1,0,0
0.46,0,-0.10946,-1,0,0
0.48,0,-0.10558,-1,0,0
0.5,0,-0.10808,-1,0,0
0.52,0,-0.11957,-1,0,0
0.54,0,-0.13059,-1,0,0
0.56,0,-0.14437,-1,0,0
0.58,0,-0.14699,-1,0,0
0.6,0,-0.13637,-1,0,0
0.62,0,-0.12201,-1,0,0
0.64,0,-0.10362,-1,0,0
0.66,0,-0.083097,-1,0,0
0.68,0,-0.067427,-1,0,0
0.7,0,-0.056797,-1,0,0
0.72,0,-0.055058,-1,0,0
0.74,0,-0.050889,-1,0,0
0.76,0,-0.055476,-1,0,0
0.78,0,-0.055006,-1,0,0
0.8,0,-0.055241,-1,0,0
0.82,0,-0.046117,-1,0,0
0.84,0,-0.028193,-1,0,0
0.86,0,-0.0094668,-1,0,0
0.88,0,-0.0015958,-1,0,0
0.9,0,0.011685,-1,0,0
0.92,0,0.011179,-1,0,0
0.94,0,0.013321,-1,0,0
0.96,0,0.0072744,-1,0,0
0.98,0,0.0059168,-1,0,0
1,0,-0.0015699,-1,0,0
1,0.02,-0.012307,-1,0,0
1,0.04,-0.018921,-1,0,0
1,0.06,-0.011645,-1,0,0
1,0.08,-0.003974,-1,0,0
1,0.1,0.0010467,-1,0,0
1,0.12,0.0018949,-1,0,0
1,0.14,0.0092676,-1,0,0
1,0.16,0.020397,-1,0,0
1,0.18,0.028685,-1,0,0
1,0.2,0.018506,-1,0,0
1,0.22,-0.005306,-1,0,0
1,0.24,-0.033328,-1,0,0
1,0.26,-0.033323,-1,0,0
1,0.28,-0.036755,-1,0,0
1,0.3,-0.04253,-1,0,0
1,0.32,-0.052862,-1,0,0
1,0.34,-0.051892,-1,0,0
1,0.36,-0.072601,-1,0,0
1,0.38,-0.083719,-1,0,0
1,0.4,-0.091518,-1,0,0
1,0.42,-0.096712,-1,0,0
1,0.44,-0.092866,-1,0,0
1,0.46,-0.079119,-1,0,0
1,0.48,-0.070601,-1,0,0
1,0.5,-0.074641,-1,0,0
1,0.52,-0.071727,-1,0,0
1,0.54,-0.062942,-1,0,0
1,0.56,-0.059355,-1,0,0
1,0.58,-0.038247,-1,0,0
1,0.6,-0.034958,-1,0,0
1,0.62,-0.025012,-1,0,0
1,0.64,-0.022043,-1,0,0
1,0.66,-0.027059,-1,0,0
1,0.68,-0.032472,-1,0,0
1,0.7,-0.022323,-1,0,0
1,0.72,-0.023485,-1,0,0
1,0.74,-0.014768,-1,0,0
1,0.76,-0.0013728,-1,0,0
1,0.78,0.0027431,-1,0,0
1,0.8,0.00094779,-1,0,0
1,0.82,0.013335,-1,0,0
1,0.84,0.0265,-1,0,0
1,0.86,0.030083,-1,0,0
1,0.88,0.033461,-1,0,0
1,0.9,0.032732,-1,0,0
1,0.92,0.046983,-1,0,0
1,0.94,0.054593,-1,0,0
1,0.96,0.055848,-1,0,0
1,0.98,0.043095,-1,0,0
1,1,0.036943,-1,0,0
0.98,1,0.022585,-1,0,0
0.96,1,-0.0016592,-1,0,0
0.94,1,-0.0070936,-1,0,0
0.92,1,-0.014432,-1,0,0
0.9,1,-0.028672,-1,0,0
0.88,1,-0.049841,-1,0,0
0.86,1,-0.062256,-1,0,0
0.84,1,-0.0729,-1,0,0
0.82,1,-0.085504,-1,0,0
0.8,1,-0.092057,-1,0,0
0.78,1,-0.087033,-1,0,0
0.76,1,-0.065147,-1,0,0
0.74,1,-0.050846,-1,0,0
0.72,1,-0.049741,-1,0,0
0.7,1,-0.048063,-1,0,0
0.68,1,-0.051121,-1,0,0
0.66,1,-0.034883,-1,0,0
0.64,1,-0.015077,-1,0,0
0.62,1,-0.0065399,-1,0,0
0.6,1,-0.0082851,-1,0,0
0.58,1,-0.0066704,-1,0,0
0.56,1,-0.017692,-1,0,0
0.54,1,-0.031834,-1,0,0
0.52,1,-0.040614,-1,0,0
0.5,1,-0.029215,-1,0,0
0.48,1,-0.022992,-1,0,0
0.46,1,-0.0074616,-1,0,0
0.44,1,-0.022085,-1,0,0
0.42,1,-0.027495,-1,0,0
0.4,1,-0.038738,-1,0,0
0.38,1,-0.044727,-1,0,0
0.36,1,-0.060375,-1,0,0
0.34,1,-0.061443,-1,0,0
0.32,1,-0.06208,-1,0,0
0.3,1,-0.064469,-1,0,0
0.28,1,-0.07219,-1,0,0
0.26,1,-0.083559,-1,0,0
0.24,1,-0.085987,-1,0,0
0.22,1,-0.07019,-1,0,0
0.2,1,-0.051853,-1,0,0
0.18,1,-0.031097,-1,0,0
0.16,1,-0.027803,-1,0,0
0.14,1,-0.019763,-1,0,0
0.12,1,-0.0064827,-1,0,0
0.1,1,-0.012302,-1,0,0
0.08,1,-0.019853,-1,0,0
0.06,1,-0.034023,-1,0,0
0.04,1,-0.038076,-1,0,0
0.02,1,-0.04239,-1,0,0
0,1,-0.042168,-1,0,0
0,0.98,-0.023697,-1,0,0
0,0.96,-0.021424,-1,0,0
0,0.94,-0.014764,-1,0,0
0,0.92,-0.00039929,-1,0,0
0,0.9,-0.0011477,-1,0,0
0,0.88,-0.0062347,-1,0,0
0,0.86,-0.018835,-1,0,0
0,0.84,-0.030325,-1,0,0
0,0.82,-0.041573,-1,0,0
0,0.8,-0.046134,-1,0,0
0,0.78,-0.048192,-1,0,0
0,0.76,-0.057616,-1,0,0
0,0.74,-0.05735,-1,0,0
0,0.72,-0.039837,-1,0,0
0,0.7,-0.024633,-1,0,0
0,0.68,-0.034253,-1,0,0
0,0.66,-0.050538,-1,0,0
0,0.64,-0.060484,-1,0,0
0,0.62,-0.056302,-1,0,0
0,0.6,-0.062211,-1,0,0
0,0.58,-0.060276,-1,0,0
0,0.56,-0.058951,-1,0,0
0,0.54,-0.064102,-1,0,0
0,0.52,-0.077981,-1,0,0
0,0.5,-0.090084,-1,0,0
0,0.48,-0.1019,-1,0,0
0,0.46,-0.10584,-1,0,0
0,0.44,-0.096345,-1,0,0
0,0.42,-0.091832,-1,0,0
0,0.4,-0.099522,-1,0,0
0,0.38,-0.1045,-1,0,0
0,0.36,-0.089964,-1,0,0
0,0.34,-0.082115,-1,0,0
0,0.32,-0.08159,-1,0,0
0,0.3,-0.061583,-1,0,0
0,0.28,-0.053142,-1,0,0
0,0.26,-0.029983,-1,0,0
0,0.24,-0.016953,-1,0,0
0,0.22,-0.030274,-1,0,0
0,0.2,-0.037826,-1,0,0
0,0.18,-0.025255,-1,0,0
0,0.16,-0.020317,-1,0,0
0,0.14,-0.011421,-1,0,0
0,0.12,-0.01091,-1,0,0
0,0.1,-0.016767,-1,0,0
0,0.08,-0.014947,-1,0,0
0,0.06,-0.0071097,-1,0,0
0,0.04,-0.0054054,-1,0,0
0,0.02,-0.011605,-1,0,0
