-0.060402,-0.060402,-0.055741,-0.032537,-0.017089,-0.019712,-0.035616,-0.020631,-0.017017,-0.012259,-0.019489,-0.055069,-0.053765,-0.03145,-0.02435,-0.063285,-0.05173,-0.052834,-0.032644,-0.068443,-0.078369,-0.072196,-0.060979,-0.035045,-0.042565,-0.041418,-0.055251,-0.046362,-0.031643,0.00018092,-0.019557,-0.036837,-0.039841,-0.014041,-0.039796,-0.045998,-0.039251,-0.069161,-0.064519,-0.015705,-0.030492,-0.037968,-7.8018e-05,-0.019514,-0.023878,-0.020468,-0.035844,-0.035688,-0.028301,-0.012428,-0.0017415
-0.010858,0.03431,-0.026267,-0.030428,-0.014586,-0.031396,-0.031196,-0.031079,-0.023994,-0.066207,-0.050356,-0.050072,-0.027106,-0.052276,-0.050306,-0.043796,-0.052564,-0.067975,-0.051301,-0.056516,-0.048469,-0.045759,-0.053823,-0.044684,-0.042664,-0.057219,-0.062322,-0.0021489,-0.049623,-0.031506,0.00034118,-0.0023627,0.00041938,0.011764,-0.042301,-0.035557,-0.039726,-0.041138,-0.051442,-0.039137,-0.048879,0.0018141,-0.021637,-0.016944,0.0045278,-0.0031162,0.0013517,-0.028443,-0.011175,-0.014995,0.014092
-0.016163,-0.035202,0.0031952,-0.035318,-0.017649,-0.022781,-0.030256,-0.037247,-0.050788,-0.060094,-0.067004,-0.086936,-0.07311,-0.071315,-0.065789,-0.053784,-0.03591,-0.050905,-0.060345,-0.065335,-0.050125,-0.038909,-0.0661,-0.0427,-0.026948,-0.047371,-0.026443,-0.010642,-0.0077757,-0.0078779,-0.021882,0.0064159,-0.027919,-0.020168,-0.038009,-0.03787,0.00537,-0.030807,-0.041023,-0.052395,-0.079437,-0.049421,-0.021007,-0.038645,-0.042994,0.00058309,0.0032638,-0.0036868,-0.020195,-0.019056,-0.00016473
0.0037413,0.012926,0.031753,0.0063268,0.0030067,-0.024227,-0.029488,-0.062334,-0.078232,-0.065735,-0.059792,-0.087453,-0.050897,-0.042063,-0.042764,-0.06379,-0.071026,-0.072865,-0.074355,-0.05884,-0.05776,-0.0070713,-0.031664,-0.031613,0.012234,-0.025177,-0.011912,-0.017072,-0.0058086,-0.025576,0.021353,0.00069188,0.026274,0.0053769,-0.020894,-0.029757,-0.012895,-0.028788,-0.0044295,-0.027974,-0.068549,-0.054993,-0.022196,0.01027,-0.012003,-0.014845,-7.0206e-05,-0.029606,-0.018243,-0.0067572,0.0019467
-0.015218,0.010414,0.0020353,0.018203,-0.015706,-0.020334,-0.067964,-0.10439,-0.096063,-0.078482,-0.037952,-0.054394,-0.040623,-0.045976,-0.033734,-0.036213,-0.053108,-0.081904,-0.052659,-0.094431,-0.064115,-0.045604,-0.031616,-0.043706,0.015249,0.0042027,0.0074173,-0.003178,0.027028,0.014813,0.041514,0.0078484,-0.0067131,-0.0070558,0.015179,-0.036741,-0.012551,-0.024746,-0.042598,-0.040418,-0.058152,-0.062365,-0.026602,-0.029312,0.0031934,-0.038953,-0.025669,-0.022417,-0.0056484,-0.015889,0.0023475
-0.0082637,0.023087,0.016436,0.027181,-0.022118,-0.04807,-0.025053,-0.054572,-0.10876,-0.078551,-0.078155,-0.036712,-0.0047108,-0.028581,-0.041054,-0.055168,-0.020452,-0.066635,-0.057552,-0.02961,-0.02568,-0.067571,-0.030029,-0.054655,-0.00065697,0.016643,0.039928,0.020679,0.021655,0.0096781,0.026214,0.013371,0.025794,0.038002,0.025978,-0.028214,0.014951,-0.02603,-0.016495,-0.06274,-0.049001,-0.071269,-0.067149,-0.032052,-0.032072,-0.023257,0.0010981,-0.018558,-0.018513,0.0026417,0.014833
-0.030129,-0.00051634,0.00022102,0.0019451,0.001083,-0.033005,-0.052813,-0.043356,-0.072924,-0.073933,-0.046377,-0.017485,0.00018978,-0.044107,-0.054113,-0.053372,-0.02665,-0.053098,-0.039333,-0.02089,-0.054537,-0.034766,-0.039337,-0.028345,0.004466,-0.013554,0.0066072,-0.016051,0.042441,0.014941,0.036579,0.042611,0.022492,0.025248,0.064774,-0.015749,-0.027385,-0.02264,-0.032797,-0.068297,-0.063623,-0.040661,-0.055834,-0.040127,-0.030276,-0.020262,-0.030203,-0.0091662,0.018931,-0.00023269,0.038293
0.013905,0.0058716,0.0052549,0.027223,-0.023498,-0.033118,-0.013725,-0.045514,-0.076564,-0.029888,-0.022757,-0.0044693,0.0044283,0.026293,0.011494,-0.016815,-0.0085321,-0.01995,-0.0087278,-0.0060915,-0.019272,-0.018988,-0.010335,-0.01909,0.026505,0.047994,0.0039031,-0.0035605,0.039294,0.054515,0.071797,0.06769,0.055437,0.050654,0.04395,-0.0043331,-0.046146,-0.048976,-0.030507,-0.006615,-0.040567,-0.076982,-0.03594,0.0046188,0.0030397,0.0014326,0.0026223,-0.023315,-0.020874,0.020882,0.038543
-0.018911,-0.022339,-0.010379,-0.023892,-0.047921,-0.05816,-0.0017303,-0.047684,-0.056791,-0.030149,-0.020346,-0.015727,-0.0252,-0.0076631,-0.033869,-0.010308,0.0022949,-0.0040907,-0.039369,-0.03879,-0.056344,-0.033824,-0.035872,-0.024362,0.021063,0.029467,0.0099543,0.0031539,0.047599,0.040403,0.040322,0.022578,0.0062476,-0.017327,-0.018716,-0.043785,-0.038465,-0.061166,-0.041796,-0.025453,-0.059432,-0.059532,-0.044989,-0.0026614,-0.015689,0.0088495,0.016226,0.0089531,-0.015393,0.0032876,-0.0028661
-0.029091,-0.0083176,-0.036186,-0.053103,-0.057148,-0.070251,-0.035803,-0.053874,-0.048453,-0.065176,-0.044625,-0.0061597,-0.0090595,-0.027373,-0.012531,-0.033199,-0.030023,-0.045017,-0.058422,-0.030214,-0.032648,-0.0072552,-0.029394,-0.024207,0.022882,0.012602,0.0032256,-0.037079,0.0015522,-0.019391,0.0039518,0.041973,0.018998,-0.0028285,-0.046604,-0.094545,-0.085418,-0.090268,-0.076329,-0.067335,-0.07147,-0.037531,-0.04366,-0.02347,-0.020792,-0.00086213,-0.0080974,-0.032804,-0.012694,-0.052774,0.013201
-0.054697,-0.030176,-0.044542,-0.02274,-0.019316,-0.0065481,-0.043035,-0.055429,-0.062236,-0.034588,-0.02953,-0.01427,0.0065664,-0.017514,-0.027266,-0.016238,0.032306,-0.052925,-0.018487,-0.031591,-0.013494,-0.022446,-0.0062771,0.016014,0.037157,0.0019288,0.022461,0.012391,-0.034505,-0.0094436,0.024389,0.015692,0.010369,0.0098999,-0.045856,-0.077921,-0.089671,-0.10486,-0.090733,-0.086557,-0.06321,-0.042587,0.0015163,-0.0029316,0.013258,-0.0078043,0.024301,0.006266,0.014608,-0.0088753,-0.025637
-0.012779,-0.0061287,-0.032666,-0.023303,0.0026667,0.0090166,-0.033629,-0.07143,-0.028464,-0.025248,-0.011115,-0.005451,0.006902,0.0087171,0.019109,0.0033115,0.0053553,-0.0126,0.026581,0.011274,0.017325,0.0051051,-0.017986,0.0085806,0.035367,0.03651,0.037307,0.0098515,-0.017683,-0.023631,0.03268,0.015279,0.022235,0.024382,0.0099826,-0.068051,-0.064773,-0.080343,-0.07702,-0.054588,-0.070697,-0.052314,-0.019264,-0.013163,0.038703,0.04353,0.038352,0.054757,0.041741,0.01001,0.013272
-0.051232,-0.020918,-0.030717,-0.028516,-0.014365,-0.046932,-0.027328,-0.030874,-0.059141,-0.035268,-0.012334,0.012386,0.019821,0.019427,0.0097403,-0.025769,0.0067729,-0.0046773,0.00084134,-0.0011469,0.0006357,0.030362,0.018427,0.022883,0.04282,0.021626,0.024664,0.010781,-0.015526,-0.013171,-0.0077726,0.0011464,0.034144,0.025898,-0.056812,-0.050842,-0.038728,-0.10477,-0.077768,-0.08182,-0.077984,-0.029892,-0.027596,-0.0075878,-0.018129,0.0018065,0.03763,0.021312,0.0062148,-0.0068986,-0.0090652
-0.020949,-0.010597,0.0105,-0.022753,-0.021632,-0.032122,-0.028206,-0.034949,-0.044331,-0.046764,-0.025435,0.0045852,0.022038,0.059528,0.027551,0.0002951,0.0049631,-0.0032519,0.0096315,0.0054525,0.0030387,0.024521,0.0018833,0.036289,0.042936,0.025339,0.019891,0.0071309,0.018649,0.0048134,-0.018157,0.040812,0.03047,0.013272,-0.037759,-0.045101,-0.049205,-0.075601,-0.067125,-0.042402,-0.078515,-0.038666,-0.0020014,-0.022444,0.01052,0.057893,0.03439,-0.007462,-0.02793,-0.0021212,0.016885
-0.026077,0.0095381,-0.039807,-0.035121,-0.014814,-0.059895,-0.043631,-0.064669,-0.042523,-0.042589,-0.013751,-0.0206,-0.0043802,0.013825,-0.026312,-0.012895,-0.009706,0.010323,0.014554,0.034761,-0.016711,0.029,0.0073718,0.027881,0.016655,0.0054223,-0.0059597,0.0087093,0.018728,0.0017151,0.018233,-0.017103,0.0020585,-0.027459,-0.051047,-0.024604,-0.070697,-0.070258,-0.077476,-0.056772,-0.10616,-0.051771,-0.049296,-0.020431,0.003522,0.020101,0.035311,-0.018374,-0.047655,-0.018762,-0.017155
0.0002113,0.02183,-0.021551,0.0052749,0.011862,-0.011123,-0.034195,-0.021744,-0.040157,-0.031158,-0.05885,-0.037845,-0.019886,0.0052998,-0.018668,-0.053553,-0.0057534,0.0024986,0.057738,0.075226,0.065228,0.03053,0.045956,0.03858,0.0039592,0.0051216,0.0062959,-0.0096779,-0.0014312,0.0099258,-0.014759,0.021694,-0.019807,0.012012,-0.0040465,-0.055507,-0.056985,-0.058715,-0.054906,-0.056481,-0.07473,-0.049636,-0.029417,-0.0252,0.019769,0.022159,-0.0033039,-0.010636,-0.017173,-0.012895,0.028846
-0.031063,0.024335,-0.0015996,0.024577,0.028819,-0.013161,-0.012713,-0.017302,-0.082096,-0.063714,-0.055807,-0.018638,-0.033162,-0.022372,-0.015504,-0.040616,0.0061517,0.011547,0.02824,0.035828,0.041251,0.049072,0.056848,0.0079244,0.017255,0.0026193,0.00018473,-0.0043199,0.0044807,-0.020352,-0.025461,-0.0061677,-0.00087506,-0.018397,-0.026984,-0.054724,-0.028265,-0.061466,-0.062858,-0.10815,-0.049916,0.0071961,-0.020875,0.011409,0.010633,0.0051821,0.0072671,0.011916,-0.010307,-0.023396,0.017058
-0.00073596,-0.0069008,0.0010701,0.024065,-0.024848,-0.028553,-0.0054078,-0.045765,-0.056502,-0.043117,-0.033075,-0.043381,-0.04054,-0.013039,-0.043487,-0.015171,0.012426,0.011817,0.018892,0.058913,0.051876,0.033736,0.02933,0.014785,0.0056863,-0.0059778,0.021582,-0.026936,0.012971,-0.025438,-0.0011176,-0.037445,-0.0049149,-0.047399,-0.033184,-0.092064,-0.030621,-0.038175,-0.075513,-0.043208,-0.047992,-0.044692,-0.0088471,0.0099226,0.009613,0.00074145,-0.014519,-0.022807,-0.03751,-0.016216,-0.0028929
-0.0093387,-0.0016433,-0.013452,-0.00125,-0.01614,-0.0068154,-0.022356,-0.056876,-0.052671,-0.00067955,-0.030584,-0.036348,-0.044821,-0.03579,-0.020214,-0.0092764,0.016456,-0.0093816,-0.0030684,0.00042747,0.019113,0.032764,0.027849,-0.0089377,0.024271,-0.011457,-0.023335,-0.046731,-0.013674,-0.0299,-0.0018398,-0.01666,-0.049607,-0.066579,-0.048141,-0.054636,-0.049415,-0.049077,-0.026233,-0.039055,-0.052036,-0.033005,0.016498,0.00010098,-0.008858,-0.02692,-0.010712,-0.045015,-0.027714,0.0019647,-0.0015503
-0.0014554,0.013794,0.022064,0.0064465,-0.0046618,-0.01435,0.020939,-0.013901,-0.006329,-0.015484,-0.045328,-0.02592,0.0046492,0.01434,0.041326,0.042231,0.046645,0.020467,-0.013848,0.017475,-0.0034435,0.027168,0.025643,0.022678,0.034863,0.0025065,0.0068515,-0.030695,-0.0057902,-0.02312,-0.0068908,-0.0013839,-0.025347,-0.012712,-0.02078,-0.037001,-0.0033963,-0.015066,0.001123,-0.0069341,-0.060901,-0.039981,-0.015152,0.021074,-0.015191,-0.0028088,0.004929,-0.014911,0.0094717,0.0026504,0.023107
-0.014005,0.0086792,0.018168,-0.0040132,-0.028784,-0.030317,-0.0042698,-0.013642,-0.0080136,-0.028029,-0.0022579,0.012271,0.0099958,-0.01092,0.017912,0.051166,0.058985,0.0001494,-0.0071199,-0.023778,-0.016698,0.014589,0.00079037,0.0053203,0.020577,-0.0013233,-0.016491,-0.016546,-0.040016,0.0022775,0.005674,-0.01601,-0.043487,-0.011725,-0.031234,-0.039015,0.0054189,-0.0067863,-0.046494,-0.036218,-0.036911,-0.032102,-0.033613,-0.014406,-0.0087921,-0.010264,0.00034205,-0.014538,0.0064546,-0.0038413,0.0060966
-0.023969,0.00072818,0.0013518,0.00274,-0.026965,-0.020567,-0.0085996,0.012287,-0.0014723,-0.015627,-0.0029635,0.01296,0.010166,-0.0094606,0.03554,0.028825,0.045889,0.0086379,0.040554,-0.024188,-0.012683,0.0030757,-0.028212,-0.022135,0.046135,0.017717,-0.031385,0.0033537,-0.017293,0.0020428,-0.011689,-0.022105,-0.044593,-0.0018032,-0.019941,-0.017699,-0.016041,-0.015893,-0.0091339,0.0049849,-0.018807,-0.048053,-0.035643,-0.025405,-0.0067931,-0.031827,-0.009595,-0.023664,0.023976,0.030129,0.029996
-0.052268,-0.032489,-0.0072434,-0.033735,-0.024445,-0.028789,-0.0061735,-0.029502,-0.0082997,-0.0024951,0.0026848,-0.017757,0.030797,0.023622,0.021169,0.0060173,0.025768,-0.0062306,-0.016402,-0.0047915,-0.035393,-0.0056575,-0.024469,0.011986,0.05277,0.015053,0.026311,-0.018314,0.0070269,-0.0075283,0.0080053,-0.033519,-0.047566,-0.027553,-0.010417,-0.057506,-0.045339,-0.081103,-0.027901,0.00065195,-0.03801,-0.021934,-0.010393,0.00045142,-0.0454,-0.050272,-0.040763,-0.051289,-0.016773,-0.0064296,0.012784
-0.042766,0.0019703,-0.013423,-0.049554,-0.050979,-0.046214,0.004802,0.0029973,-0.0085025,-0.0043948,-0.01733,-0.013707,0.0024613,-0.0053801,-0.010435,-0.00085177,0.035218,0.00027405,0.0015085,-0.0085302,-0.013657,-0.013464,-0.012918,-0.040306,0.029771,0.00094983,0.011646,0.02467,0.033681,-0.0011982,0.010969,-0.008886,-0.017358,-0.049515,-0.046477,-0.057743,-0.039552,-0.075778,0.0077286,-0.027458,-0.026408,-0.021845,-0.025503,-0.016058,-0.041459,-0.056848,-0.016237,-0.03031,-0.033738,-0.0099186,0.0020951
-0.056687,-0.034062,-0.028302,-0.013512,-0.039467,-0.0053242,0.016574,0.0094359,-0.0029132,-0.0020959,0.010478,-0.030164,-0.016758,-0.019435,-0.034913,0.00685,0.049866,-0.0096432,0.011471,0.0077394,0.02453,0.0089688,0.011444,0.0035736,0.026617,0.0077373,0.020485,-0.0013343,0.032328,0.024424,0.030042,0.010166,0.0031168,-0.029675,-0.035185,-0.060793,-0.019301,-0.023925,-0.035006,-0.018999,-0.033226,-0.048901,-0.021614,-0.049494,-0.029611,-0.040747,-0.026744,-0.047087,-0.040328,-0.012171,0.010451
-0.042327,-0.02006,-0.048287,-0.013513,0.03892,0.0071158,0.020497,0.023062,-0.0042052,0.0033601,0.0026894,-0.015157,-0.0019842,-0.0032701,0.025358,0.018968,0.039305,0.020582,0.02729,0.056261,0.020397,0.049351,0.032863,0.019149,0.03167,0.028564,0.034064,0.0036791,0.035895,0.025638,0.059384,0.02678,0.035708,0.026412,0.0011434,-0.017307,0.00086168,0.0070072,0.0024312,-0.03782,-0.037336,-0.030282,-0.05815,-0.015049,-0.013074,-0.042744,-0.03481,-0.016512,-0.0088298,-0.017552,0.017577
-0.032514,-0.044544,-0.06498,-0.038891,-0.010408,-0.020247,-0.036435,-0.012358,-0.027896,0.0058211,-0.014715,0.0036712,0.0008667,0.023788,0.020266,-0.027442,0.00034849,-0.0063072,0.018463,0.027032,0.015215,-0.0068982,0.0011421,-0.0049368,-0.025768,0.00085423,0.019954,0.018605,0.040293,0.030129,0.0025234,0.04781,-0.0049346,0.015077,0.0059642,-0.035639,-0.017193,-0.013397,-0.00047545,-0.029795,-0.048439,-0.041457,-0.035664,-0.03725,-0.043364,-0.051722,-0.066962,-0.021102,-0.030521,-0.039815,0.0091823
-0.083068,-0.050321,-0.07843,-0.042327,-0.02595,-0.031151,-0.010663,-0.043175,-0.052928,-0.033933,-0.011756,0.0024393,0.0051358,0.015617,-0.023594,-0.0061606,0.016381,0.010509,0.0013372,0.015398,0.0060635,-0.0087521,-0.017268,-0.024253,-0.018196,0.010918,0.018196,0.031978,0.011849,-0.015544,-0.0074586,-0.0049894,0.012883,-0.015602,-0.0088012,0.019984,0.021071,0.0067808,-0.0090111,-0.036734,-0.081476,-0.045864,-0.07076,-0.090317,-0.10096,-0.041346,-0.027305,-0.059036,-0.061915,-0.024129,-0.010552
-0.071218,-0.080686,-0.044169,-0.019635,-0.012488,-0.028436,-0.029413,-0.037779,-0.037059,-0.040349,-0.024964,0.020941,0.0051381,0.024927,0.0086302,-0.013518,-0.034311,0.013014,0.01304,0.0060597,-0.0085975,0.0017648,-0.018993,0.00031227,0.01372,-0.00013525,-0.022467,-0.03342,0.02769,-0.023003,-0.018473,0.0072219,0.0376,0.01277,0.029683,0.00046905,0.014903,-0.0058542,-0.017405,-0.0081769,-0.056792,-0.057777,-0.03934,-0.065774,-0.051208,0.0034353,-0.054775,-0.046332,-0.03687,-0.0089233,0.014026
-0.075822,-0.067009,-0.062179,-0.055436,-0.050551,-0.031088,-0.023485,-0.028565,-0.046185,-0.0060118,-0.028754,-0.044598,-0.027327,-0.0036636,-0.008554,-0.051992,-0.0097372,0.0085159,0.029721,0.02716,0.0036051,-0.022279,-0.016302,-0.020532,-0.020054,-0.048112,-0.012378,-0.042651,-0.020473,0.0013478,0.0085888,-0.016636,0.005735,0.025969,-0.019067,-0.011627,0.0082323,-0.020242,-0.012041,-0.020519,-0.046182,-0.06697,-0.051425,-0.056017,-0.037924,-0.019289,-0.004983,-0.03669,-0.027754,-0.032846,-0.0070647
-0.089717,-0.052601,-0.088624,-0.056371,-0.059072,-0.039871,-0.025346,-0.037697,-0.0011087,-0.044943,-0.047782,-0.040946,-0.035431,-0.033091,-0.02416,-0.04257,-0.027331,0.0063148,0.021947,0.0079893,-0.0010045,-0.025023,-0.0060536,-0.019552,-0.023227,-0.039716,-0.036649,-0.042854,-0.037796,-0.04108,-0.0033346,-0.025205,-0.00055314,0.013627,-0.0069701,-0.028054,-0.01325,-0.0090037,-0.025016,-0.01152,-0.052642,-0.059166,-0.058302,-0.049134,-0.0093448,-0.0059234,-0.008132,-0.02372,-0.01519,-0.069002,-0.022529
-0.072886,-0.069123,-0.074171,-0.073437,-0.046217,-0.019813,-0.035669,-0.041899,-0.042749,-0.044809,-0.025368,-0.020047,-0.023812,-0.039961,-0.064616,-0.01572,0.016622,-0.030511,0.0013182,-0.016665,0.0024454,-0.0085991,-0.030617,-0.018221,-0.011589,-0.033872,-0.042369,-0.028646,-0.087804,-0.046179,-0.0018763,-0.0013703,0.0050697,0.00429,-0.020052,-0.03255,-0.012719,-0.011467,-0.020561,-0.028695,-0.012807,0.0026987,-0.0084454,-0.047371,-0.020913,0.0015019,-0.010668,-0.029271,-0.042701,-0.02022,-0.0095957
-0.066844,-0.10056,-0.075976,-0.062862,-0.056447,-0.043341,-0.033456,-0.030634,-0.038989,0.0013155,-0.0074774,-0.012205,-0.0022721,-0.01599,-0.014941,-0.039083,0.0063944,-0.01012,0.0082643,0.03095,0.0048398,-0.013241,-0.04666,-0.021874,0.00050451,-0.0056456,-0.029422,-0.017763,-0.024497,-0.016297,-0.0059123,0.022683,0.016687,0.032603,-0.030891,-0.027336,-0.04394,-0.035067,-0.0059092,0.016413,-0.0053242,-0.004061,0.014138,0.017954,-0.021025,-0.026033,-0.023909,-0.040655,-0.020748,-0.014774,-0.0056896
-0.053613,-0.067112,-0.067547,-0.072478,-0.017391,-0.019737,-0.0099341,-0.015179,-0.01679,-0.01865,0.027667,-0.0065766,-0.016946,0.00020838,-0.011453,0.0058269,-0.00056571,0.021974,0.024721,0.021593,-0.012117,0.027073,-0.037529,-0.048205,-0.0059464,0.013025,-0.015468,-0.019101,-0.0093951,-0.020389,0.0026504,0.029806,0.047406,0.039854,0.030035,0.02565,-0.017525,-0.0081057,0.0058867,0.02173,-0.017774,0.010462,-0.0024064,0.0087805,-0.018094,-0.029716,-0.00021306,0.032138,0.0092839,0.0028468,0.002836
-0.05164,-0.048189,-0.070001,-0.043164,-0.031522,-0.037329,0.012678,-0.01419,-0.032526,-0.025909,0.0027841,-0.00024267,-0.0025553,0.003393,-0.030073,0.0077614,0.010599,-0.0018037,-0.015505,-0.00012592,0.0089019,0.00079072,0.0056405,-0.035925,0.0068244,0.020074,-0.031738,-0.022978,-0.039568,-0.028092,0.023083,0.029683,0.050794,0.037485,0.017749,0.0038421,-0.016615,-0.015196,0.0033034,0.0019113,-0.0042238,-0.016349,-0.013379,-0.010969,-0.025666,-0.029799,-0.0020269,-0.015167,-0.029939,0.0074751,-0.0059296
-0.050745,-0.023344,-0.050606,-0.048456,-0.064963,-0.055117,-0.057529,-0.01898,-0.052702,-0.052647,-0.012111,-0.0049227,0.030431,-0.0097164,-0.016179,0.014769,0.032406,-0.031683,-0.01957,-0.030035,-0.029935,-0.020773,-0.019586,-0.015774,0.023695,-0.0084405,-0.018485,-0.039795,-0.002471,-0.01693,0.00989,0.020496,-0.0014642,-0.0052227,0.011588,-0.024474,-0.019304,0.0014522,-0.013488,-0.024091,-0.03218,-0.043724,-0.041384,-0.031946,-0.010086,-0.022605,-0.01806,-0.0259,-0.028437,-0.049781,0.0031717
-0.022709,-0.00976,-0.035475,-0.038579,-0.049763,-0.056319,-0.040395,-0.018145,-0.052502,-0.017899,-0.039241,-0.016699,0.032006,0.016129,0.012601,-0.015455,0.0012908,-0.047207,-0.035584,-0.0095704,-0.02273,-0.055062,-0.010767,-0.0026762,0.026426,0.012106,0.010048,-0.016879,0.006055,-0.022755,-0.0002513,-0.047539,-0.039629,-0.01463,0.010814,-0.037515,-0.010533,-0.013883,0.026056,-0.02157,-0.018974,-0.061753,-0.053707,-0.0050021,0.0067406,0.00084131,-0.013124,-0.022742,-0.041093,-0.04601,-0.035067
-0.038875,-0.024554,0.0076545,0.01489,-0.036883,-0.024408,-0.013653,-0.034176,-0.057397,-0.031512,-0.0088744,0.0048103,0.02077,0.033803,-0.0027264,-0.015926,-0.017054,-0.0037645,0.001242,-0.024718,0.017782,0.011606,0.023373,-0.0015409,0.020691,0.012554,-0.016166,-0.02772,0.0099496,-0.021644,-0.0075932,-0.031676,-0.017944,-0.019683,0.022336,-0.029991,-0.006406,-0.038905,-0.020091,-0.0021887,-0.019983,-0.051555,-0.0058004,-0.0055254,-0.026263,-0.032868,-0.046271,-0.032713,-0.056973,-0.035416,-0.015246
-0.052955,-0.010174,0.023759,0.0074821,-0.021596,-0.0053131,0.017225,-0.036028,-0.048326,-0.028507,-0.0066484,0.005841,0.037499,0.0071938,-0.0061808,0.0022745,-0.0088124,0.0027174,-0.010509,-0.00062799,0.01331,0.023147,-0.005536,-0.028575,0.008508,0.0017643,-0.00051585,-0.025023,-0.020157,-0.049468,-0.0085072,-0.03219,-0.020165,-0.011678,-0.019428,-0.020381,0.00064275,-0.012904,-0.035438,-0.023891,-0.037915,-0.034515,-0.019204,-0.0064801,-0.025573,0.0010134,-0.012325,-0.054376,-0.042893,-0.044716,0.0087416
-0.030041,-0.059968,0.026385,0.017127,0.015633,-0.0025392,-0.0095125,-0.0094057,-0.018844,-0.0036117,-0.012585,0.0052745,0.016323,-0.0056973,0.011824,0.0083422,0.0099239,0.016214,0.0048857,0.022146,0.007118,0.0027406,-0.011908,0.0098739,-0.0087693,-0.041266,-0.031318,-0.044858,-0.014862,-0.037679,-0.037457,-0.030254,-0.0412,-0.0087777,-0.019589,-0.029105,0.01477,0.00075906,-0.021504,-0.030363,-0.049398,-0.055727,-0.0049549,-0.016769,-0.046876,-0.019767,-0.068067,-0.052213,-0.025055,-0.028262,-0.010064
-0.030156,-0.002529,-0.022517,-0.016454,0.019579,0.016869,-0.013407,0.00063711,0.023193,0.00045666,0.015206,0.0047001,0.021216,0.016903,0.052242,0.034943,0.0087473,-0.002027,0.014951,-0.0022705,0.020546,0.027902,0.0030314,-0.016323,-0.011679,-0.031476,-0.049402,-0.037718,-0.061995,-0.057719,-0.016478,-0.01347,-0.021321,-0.0055096,-0.02102,-0.018823,-0.025962,0.0083238,0.010066,-0.018448,-0.036035,-0.0094242,-0.013143,-0.048241,-0.036788,-0.052233,-0.071159,-0.081046,-0.043869,-0.043646,0.00891
-0.043698,-0.021804,-0.031137,0.0054739,-0.012783,-0.010198,-0.019964,-0.03682,-0.0061363,-0.0029758,0.019123,-0.00256,0.013529,0.0077108,0.03152,0.01739,0.027779,-0.010043,-0.021727,-0.052163,-0.022681,-0.026171,0.023398,-0.013373,-0.035399,-0.052943,-0.06825,-0.075688,-0.094733,-0.062532,-0.028668,-0.051913,-0.037319,-0.022266,-0.052997,-0.042665,0.001227,-0.017822,-0.043115,-0.033809,-0.03558,-0.031849,-0.0065131,-0.025429,-0.052766,-0.064658,-0.066766,-0.095104,-0.059618,-0.073458,-3.6119e-05
-0.036978,-0.025409,0.0083392,-0.029971,-0.010327,-0.01305,-0.0032731,0.033575,-0.0114,-0.0025404,0.02515,-0.007975,0.0013928,0.020319,0.021921,0.014075,0.034765,0.0096925,0.019697,-0.020527,-0.01949,0.0049824,-0.013786,-0.034514,-0.0031863,-0.037991,-0.035537,-0.055753,-0.052696,-0.060554,-0.052011,-0.03704,-0.0052306,-0.050566,-0.056681,-0.029068,0.019003,-0.024835,-0.0027586,-0.056692,-0.043362,-0.038543,-0.028454,-0.041349,-0.047902,-0.021763,-0.042874,-0.051179,-0.066907,-0.044722,0.015469
-0.063384,-0.020515,2.3605e-06,0.021214,0.017146,-0.0028976,-0.016668,-0.014438,-0.0071465,-0.0019392,-0.0030086,-0.038071,-0.0023275,0.0061283,-0.0079368,-0.038696,-0.0022541,-0.015752,-0.025465,0.009495,-0.011174,-0.02623,0.013713,0.015008,-0.001825,-0.055618,-0.092431,-0.095128,-0.043854,-0.082519,-0.05842,-0.064851,-0.0077353,-0.027801,-0.017282,-0.0040441,-0.045993,-0.062582,-0.038861,-0.050198,-0.050939,-0.022333,-0.0087728,-0.032069,-0.042166,-0.038699,-0.049066,-0.065501,-0.027783,-0.0049376,0.033886
-0.042471,-0.0020619,-0.022777,-0.020343,-0.0062803,-0.0044832,-0.014652,-0.0042947,-0.025436,-0.034131,-0.017638,-0.059471,-0.015527,0.024116,-0.046264,-0.024575,-0.0091864,-0.045752,-0.027103,-0.018593,-0.023096,-0.029162,0.0011743,-0.0026173,-0.010765,-0.021884,-0.040221,-0.053071,-0.081339,-0.071753,-0.057303,-0.066835,-0.023434,-0.02921,-0.037466,-0.027355,-0.064571,-0.068636,-0.061951,-0.058264,-0.055273,-0.038444,-0.028022,-0.025221,-0.00375,-0.018888,-0.0071175,-0.017233,-0.070384,-0.026564,0.0082555
-0.018452,0.0099153,-0.022035,-0.032757,-0.013072,-0.042899,-0.031618,-0.019313,-0.017386,-0.014169,-0.017231,-0.011943,-0.016394,-0.017615,-0.022565,-0.022932,-0.014886,-0.0080578,-0.041585,-0.022642,-0.036535,-0.015022,0.011878,0.0071476,-0.00018711,-0.0080878,-0.047973,-0.034691,-0.041189,-0.044736,-0.016101,-0.023856,-0.05548,-0.044388,-0.044514,-0.042229,-0.053544,-0.041943,-0.04406,-0.06936,-0.039294,-0.0089299,-0.023953,0.0053681,0.01104,0.016581,-0.023358,-0.0077919,-0.021022,-0.048648,-0.0059646
-0.021781,-0.0094583,-0.015689,-0.016947,-0.031028,-0.025831,-0.017523,0.038651,-0.016584,-0.027775,-0.0026115,-0.025749,-0.0057698,-0.0042515,-0.019094,-0.018853,-0.017581,-0.042329,-0.034624,-0.021841,-0.016871,0.0088315,0.0026697,0.023493,0.00596,-0.0030215,-0.020241,-0.04541,-0.033574,-0.026975,-0.035062,-0.013326,0.002941,-0.010773,-0.05753,-0.046959,-0.032591,-0.0041824,-0.037098,-0.016193,-0.035466,-0.021326,0.0024439,0.028963,0.035398,0.030507,0.0088703,0.010879,-0.0077692,-0.020285,0.033232
-0.050032,-0.051816,-0.046974,-0.011853,-0.018529,-0.0084362,-0.036413,-0.041192,-0.04625,-0.019407,-0.041211,-0.015351,-0.025203,-0.019085,-0.0085859,-0.003595,-0.030914,-0.038717,-0.038117,-0.033064,0.0095348,-0.017076,-0.0034135,-0.020253,-0.011032,0.00059855,-0.073783,-0.04804,-0.030578,-0.037394,-0.011292,-0.022062,-0.0019102,-0.0085055,-0.002109,-0.027963,-0.047444,-0.053497,-0.045746,-0.044307,-0.052344,-0.047084,0.011037,0.010341,0.014912,0.028983,-0.0012614,0.011978,-0.0080916,0.017374,-0.015385
-0.051614,-0.058116,-0.03612,-0.044755,-0.04943,-0.0079201,0.0076753,-0.034989,-0.039381,-0.017306,-0.018263,-0.014856,-0.004968,-0.022705,-0.066341,-0.022882,-0.036709,-0.014085,-0.013394,-0.0011055,0.021539,-6.2457e-05,-0.045439,-0.068961,-0.042218,-0.031925,-0.014569,-0.023974,-0.014273,-0.051677,0.010574,-0.0088155,0.0081077,-0.02979,-0.0086603,-0.050292,-0.027606,-0.057619,-0.02312,-0.0020399,-0.053396,-0.039187,0.042638,0.046028,0.006178,0.057622,0.037057,0.027591,0.0073797,0.032274,0.017529
-0.098945,-0.073523,-0.054266,-0.034697,-0.046347,-0.02745,-0.032816,-0.067478,-0.078809,-0.048897,-0.031487,-0.0041018,-0.0042104,-0.059183,-0.056699,-0.056422,-0.057463,-0.033288,-0.017286,-0.016656,0.0028446,-0.011487,-0.033187,-0.064126,-0.039737,-0.049013,-0.03832,-0.071394,-0.043091,-0.053609,-0.015507,-0.028709,-0.034327,-0.0092741,-0.034244,-0.061112,-0.044663,-0.0614,-0.069364,-0.039628,-0.036196,-0.02436,0.037283,0.035504,0.0085573,0.01902,0.013702,-0.0015397,0.02703,-0.0078427,0.026769
-0.061709,-0.057144,-0.032644,-0.031499,-0.047837,-0.032286,-0.03174,-0.036512,-0.057645,-0.078194,-0.047209,-0.010687,0.0083847,-0.016842,-0.026475,-0.023223,-0.032626,-0.032304,0.00073765,-0.0076762,0.0066409,-0.028139,-0.050523,-0.037673,-0.016357,-0.0125,-0.02206,-0.025607,-0.026711,-0.037301,-0.023468,-0.054512,-0.04373,0.002429,-0.027843,-0.079301,-0.064715,-0.019157,-0.042946,-0.010961,0.0093243,-0.017326,0.0098931,0.023164,0.077096,0.050951,0.027918,0.040119,0.03748,0.010156,0.016196
