-0.010461,-0.010461,-0.043909,-0.038107,-0.026106,-0.059427,-0.071959,-0.0865,-0.043896,-0.048381,-0.0057556,-0.0016999,-0.028958,-0.060455,-0.056525,-0.089918,-0.059143,-0.066847,-0.025966,-0.01317,0.010486,-0.018106,-0.0093064,-0.027259,-0.0091684,0.032395,0.022637,0.050099,0.051829,0.080728,0.069525,0.032792,0.056241,0.032999,0.023807,-0.016963,-0.0098408,-0.00052601,-0.014205,-0.0026393,-0.008891,-0.020861,-0.033191,-0.026526,-0.04871,-0.019152,0.0026283,0.0007967,-0.05688,0.01117,-0.0006507
-0.014919,-0.025997,-0.0071378,-0.043023,0.0052918,-0.016067,-0.042802,-0.034905,-0.025166,-0.018403,-0.015333,0.0027021,-0.013721,-0.039814,-0.051002,-0.042655,-0.036388,-0.030776,0.0080745,0.023758,-0.0090358,0.0013904,0.032741,0.015202,0.067765,0.083772,0.077781,0.068677,0.08057,0.060367,0.057274,0.064556,0.040182,0.020074,0.043378,0.028515,0.015135,0.0070618,-0.0065257,-0.0090849,-0.025252,-0.0023729,-0.025167,-0.016443,-0.016026,-0.0089511,0.010225,0.018914,-0.014042,0.0078996,-0.0040857
-0.046136,-0.046493,-0.025863,-0.023337,-0.034582,-0.039019,-0.051892,-0.011859,-0.039807,-0.00071159,-0.015986,-0.026671,-0.032555,-0.020925,-0.061864,-0.085579,-0.067396,-0.038923,-0.023011,0.0071845,-0.0084978,0.010177,0.034943,0.047158,0.076747,0.075686,0.066629,0.061846,0.067962,0.041628,0.053132,0.047538,0.0079612,-0.0020051,0.025293,-0.015888,-0.018745,0.028156,0.0022696,-0.0032642,-0.0083771,-0.0085135,-0.027,-0.012489,-0.017216,-0.031895,-0.0076902,0.011243,-0.0084687,0.016084,-0.0045892
-0.032094,-0.03745,-0.048729,-0.047924,-0.044779,-0.049775,-0.037548,-0.02218,0.0077587,-0.0070077,-0.017413,-0.017365,-0.044341,-0.023179,-0.056333,-0.020786,-0.02019,-0.014878,-0.028857,0.014424,0.0074356,0.023049,0.032138,0.010157,0.049358,0.086147,0.046034,0.061742,0.083825,0.096198,0.088616,0.037245,0.014875,-0.020279,-0.018335,0.0019655,-0.028728,0.0089547,0.0048071,0.00098465,-0.0039951,0.0005461,-0.019384,-0.051622,0.002063,-0.025341,0.013638,0.0071221,0.0016889,0.038504,0.0079251
-0.035771,-0.049613,-0.046943,-0.057649,-0.064401,-0.060236,-0.032451,-0.021931,-0.025585,-0.039974,-0.043288,-0.040073,-0.026356,-0.029009,-0.020347,0.00079035,0.017479,-0.0078066,-0.054454,-0.046012,-0.0053786,-0.010635,0.017068,0.038039,0.023966,0.070876,0.06811,0.055169,0.045059,0.077566,0.041181,0.041087,-0.015571,-0.024034,-0.0097265,-0.043677,-0.036379,-0.0251,-0.0388,-0.027368,-0.033266,-0.02322,-0.017018,-0.026889,0.0039309,-0.024118,-0.029312,-0.029002,-0.034205,-0.026015,-0.0082224
-0.037217,-0.055894,-0.062642,-0.065664,-0.068778,-0.073971,-0.041339,-0.0072439,-0.037312,-0.033784,-0.0164,-0.03401,-0.017921,-0.051635,-0.0088406,-0.041411,0.02761,0.0002384,-0.026121,-0.042302,-0.032755,-0.030188,0.0068133,0.0099555,0.013378,0.050308,0.067327,0.083786,0.037569,0.0585,0.040745,0.029942,-0.012808,-0.022505,-0.038451,-0.048385,-0.040374,-0.029501,-0.02294,-0.014961,-0.017258,-0.027982,-0.038244,0.0057587,-0.01635,-0.047433,-0.033318,-0.0066499,-0.012191,-0.0011349,-0.0073084
-0.018695,-0.036114,-0.020126,-0.049717,-0.030236,-0.051516,-0.031366,-0.037641,0.022482,-0.0214,0.0014171,0.0045618,0.0072781,-0.055092,-0.030633,-0.021927,-0.00087904,0.025673,0.032502,-0.0070313,0.01525,0.0057279,0.030579,0.017754,0.0062521,0.046055,0.052453,0.03322,0.064072,0.064807,0.021839,0.03585,0.021385,-0.011262,-0.0099325,-0.03836,-0.084249,-0.025615,-0.036485,0.00022564,-0.033615,-0.035981,0.0059634,-0.018488,-0.01295,-0.038085,-0.060368,-0.020345,0.014024,0.026364,-0.038258
0.0078507,-0.0073892,-0.021083,-0.025739,-0.013116,-0.031384,-0.0039734,-0.0024018,0.0052417,-0.029729,-0.011276,0.0076863,-0.021581,-0.039035,0.00095131,-0.0076361,0.039533,0.034192,-0.010683,-0.013861,0.036881,0.0154,0.020772,-0.002803,0.032685,0.057561,0.061378,0.063604,0.037736,0.047519,0.046744,0.011345,0.018852,0.00055628,0.0021043,-0.0062165,-0.052659,-0.040809,-0.057452,-0.046131,-0.039319,0.0038731,-0.012823,0.0042241,0.0045149,0.011939,-0.0029286,0.0024784,-0.011672,0.0086413,-0.016279
0.0025116,-0.010588,-0.0017506,-0.040394,-0.02014,-0.028123,-0.032615,-0.019648,-0.0097402,-0.01416,-0.045233,-0.01248,-0.0030427,-0.038067,-0.031645,-0.014128,-0.011384,-0.0062585,-0.02075,-0.0055043,0.012901,0.00067541,0.019283,0.027112,0.028075,0.026077,0.043765,0.015791,0.044262,0.041389,0.0088763,0.037456,-0.038153,-0.069908,-0.019493,-0.049212,-0.072472,-0.056835,-0.063442,-0.047651,-0.062675,-0.017222,0.00049103,-0.006091,-0.018882,0.0070298,-0.034071,-0.054514,-0.027608,-0.034438,-0.040281
0.022557,0.019293,0.0047797,-0.0079486,0.00041327,-0.034613,-0.032818,-0.018302,-0.0074808,-0.027324,-0.030368,-0.016838,-0.0022028,0.0085552,0.0083712,0.00994,0.0032704,0.0094321,0.014608,0.040558,-0.010096,0.010935,0.026753,0.008398,0.0071842,0.024751,0.027416,0.04606,0.053827,0.063623,0.051543,0.014821,-0.024329,-0.057782,-0.063084,-0.057512,-0.071389,-0.046154,-0.051405,-0.058854,-0.052501,-0.060438,-0.014007,0.0034391,-0.0073953,-0.025956,0.019304,-0.021313,-0.049582,-0.0378,-0.054656
0.017967,-0.029421,-0.0078592,0.042444,0.0067191,0.0020759,-0.029266,-0.019237,-0.02424,-0.024992,-0.026251,-0.017585,-0.0039314,0.029553,0.046516,0.022968,0.020885,0.0047097,0.011062,0.019128,0.015715,0.0024756,0.016757,0.031571,0.024627,0.043921,0.017073,0.027462,0.042499,0.06113,0.031478,-0.0095556,-0.026058,-0.036736,-0.018464,-0.041699,-0.03939,-0.035536,-0.079633,-0.071248,-0.041457,-0.047128,-0.018203,0.01585,0.012161,0.0020556,0.0012062,-0.0041529,-0.055946,-0.039764,-0.035669
-0.015613,-0.052073,0.00036125,-0.032883,-0.0079001,-0.0043803,-0.001524,-0.0050971,-0.015177,-0.012773,0.0023434,0.0085679,0.0086288,0.013423,0.022633,0.025394,0.039508,0.024402,0.024994,0.047702,0.037466,0.039309,0.034001,-0.021148,0.026545,0.02868,0.034669,0.026177,0.038199,0.02586,0.0079889,-0.01245,-0.035483,-0.038313,-0.043974,-0.045854,-0.038584,-0.038949,-0.057009,-0.083727,-0.063613,-0.012662,-0.051019,-0.038444,-0.043701,-0.020556,-0.026665,-0.028517,-0.05003,-0.044072,-0.025258
-0.028951,-0.060455,-0.022752,-0.035532,0.0082583,-0.024219,-0.045315,-0.055748,-0.037309,-0.02196,0.011854,-0.00011137,0.018108,0.012984,0.024577,0.0023501,0.023352,0.02578,0.038735,0.034716,0.018845,0.00042322,0.013415,0.0041497,0.025652,0.0034943,0.015163,0.024058,0.041321,0.003954,-0.0052295,-0.024337,-0.053212,-0.058507,-0.04561,-0.080267,-0.063983,-0.045004,-0.05641,-0.074159,-0.082855,-0.057753,-0.061788,-0.019569,-0.055595,-0.02653,-0.048632,-0.020859,-0.041732,-0.011487,-0.049831
-0.019451,-0.0081375,0.016873,-0.03449,-0.002793,0.026795,-0.030858,-0.060215,-0.013244,-0.025342,-0.0062479,0.0025505,0.043132,0.051209,0.062874,0.060829,0.078911,0.049481,0.052528,0.01906,0.016821,0.0067298,0.03972,0.043784,0.048174,0.024586,0.05487,0.076141,0.060693,-0.0061877,-0.0034966,-0.022189,-0.030382,-0.035121,-0.039636,-0.052292,-0.085117,-0.024625,-0.030099,-0.059438,-0.11509,-0.051632,-0.02066,-0.01965,-0.0070199,0.013,-0.014362,-0.005453,-0.021752,0.00090285,-0.061805
0.023687,-0.019177,-0.018579,-0.042436,0.0022405,-0.012987,-0.0078999,-0.020788,0.014002,-0.018965,0.015358,0.041413,0.015371,0.013313,0.076784,0.058396,0.058722,0.064095,0.022609,0.020978,0.038027,0.042373,0.061384,0.055642,0.075045,0.063132,0.06689,0.057053,0.046348,0.044444,0.0036598,-0.042765,-0.055139,-0.036744,-0.092602,-0.060361,-0.048316,-0.043405,-0.064636,-0.05772,-0.061656,-0.048405,-0.025765,-0.0024891,-0.00048168,-0.010217,0.012184,-0.022349,-0.026066,-0.030649,-0.01995
0.035097,0.023657,0.02359,-0.01662,-0.0072595,-0.0019684,-0.016035,0.011944,0.015014,0.0025425,0.032344,0.04766,0.058021,0.019539,0.064508,0.044305,0.03999,0.044101,0.042952,0.029772,0.055041,0.086792,0.078766,0.098641,0.069615,0.11479,0.078435,0.049374,0.028654,0.058289,-0.014347,-0.00038638,-0.013131,-0.018585,-0.049484,-0.068913,-0.010454,-0.036108,-0.03879,-0.032617,-0.036663,-0.037121,-0.0063644,-0.0010003,0.0036249,0.036825,0.041794,0.025028,0.014449,-0.013679,0.0057157
-0.012797,-0.011582,-0.012282,0.0043255,-0.0026479,-0.004584,-0.026754,-0.020611,-0.0060618,0.008703,0.005472,0.025392,0.01667,0.016754,0.025317,0.0096493,0.019664,0.053383,0.052751,0.03015,0.034009,0.01851,0.060785,0.09112,0.08132,0.092992,0.038288,0.023095,-0.011813,-0.0042856,-0.015978,-0.028219,-0.026502,-0.027309,-0.040262,-0.035624,-0.068318,-0.047939,-0.059075,-0.058248,-0.067365,-0.061849,-0.031403,-0.024381,-0.02183,-0.01106,0.0044208,-0.00038888,0.01148,-0.029617,-0.047231
-0.0072808,-0.023696,-0.0118,-0.019153,-0.027019,-0.035388,-0.039513,-0.028557,0.013155,-0.0053156,0.0038638,0.015273,0.021433,0.013604,0.0060317,-0.0030943,-0.0036043,0.029551,0.0084247,0.01817,0.04031,-0.0024481,0.0069308,0.066186,0.056751,0.057951,0.062998,0.015936,-0.013049,-0.041078,-0.025884,-0.0084951,-0.031947,-0.024957,-0.0074904,-0.040057,-0.095041,-0.058496,-0.066954,-0.040525,-0.040852,-0.035577,-0.024979,-0.048249,-0.030543,-0.011793,-0.012923,-0.0052593,-0.015689,-0.036675,-0.056801
0.0033738,0.00075583,0.009832,-0.010652,-0.0078415,-0.020108,-0.026613,-0.052822,-0.024753,-0.020059,-0.00076171,0.033291,0.058672,0.00010017,-0.00395,0.0023308,0.042014,0.023579,0.0016943,0.02395,0.02239,0.00022142,0.015417,0.009228,0.054433,0.07475,0.043918,0.0017483,-0.017019,-0.023641,-0.0015974,0.0057463,-0.030166,-0.043355,-0.0081887,-0.011497,-0.053083,-0.044509,-0.026073,-0.055526,-0.035137,0.0033953,-0.04656,-0.04862,-0.06294,0.0011555,-0.0072485,-0.017041,-0.013142,-0.010886,-0.045247
0.043257,-0.015981,-0.010254,0.025847,0.010145,-0.057064,-0.020403,-0.023088,-0.039324,-0.047338,0.0014632,-0.00061603,0.021537,0.036625,0.011285,0.030277,0.027944,0.027246,0.028365,0.0011401,0.028381,-0.019314,0.0079196,-0.011688,0.014032,0.046966,0.035638,-0.030683,0.0025127,-0.0079947,-0.012313,0.0068636,-0.01178,-0.0066196,-0.00074851,-0.046024,-0.070685,-0.0077626,-0.064039,-0.017148,-0.025633,-0.074326,-0.078154,-0.021469,-0.0067883,-0.018212,-0.00040165,0.0027904,-0.031906,-0.027391,-0.018053
0.0078861,-0.020734,-0.026285,0.013136,0.0091455,0.0031183,-6.8196e-05,-0.014759,-0.036123,-0.061636,-0.011813,-0.012048,-0.0032765,-0.0085084,-0.012403,0.0073628,0.045152,0.024759,0.041157,0.0063969,-0.029875,-0.0084496,0.033392,-0.0020012,-0.017621,0.048184,-0.0038172,0.00084496,-0.012312,-0.02144,-0.01814,-0.035143,-0.01404,-0.045857,-0.025124,-0.01497,-0.024773,0.012351,0.018787,-0.018352,-0.036378,-0.075227,-0.069286,-0.015712,0.0058001,-0.023957,-0.0060188,0.033258,-0.0028999,0.023982,-0.013158
0.054417,0.0223,0.025603,0.043766,0.022342,0.026339,-0.022964,-0.010518,-0.041121,-0.03852,-0.028916,0.017477,0.021155,0.020236,0.015479,0.028885,0.045256,0.02099,0.015474,0.043942,0.039861,0.034586,0.028656,0.01014,-0.0021354,0.042372,0.020644,0.0048839,0.0022581,-0.020797,-0.025353,-0.016455,-0.028204,-0.04037,0.001761,-0.015582,-0.026256,-0.0088513,0.01795,0.0051613,-0.013292,-0.051242,-0.061451,-0.0079443,0.004586,0.032071,0.038748,0.034661,0.021329,0.044313,0.039622
0.036557,0.022453,0.021898,0.0038591,0.036769,0.029559,-0.022698,-0.029399,-0.053712,-0.05331,-0.024654,0.018578,-0.0066985,0.018441,-0.06136,0.029142,0.05897,0.058305,0.03381,0.049788,0.03921,0.015981,0.0018815,-0.03258,0.006923,0.014295,0.016062,0.010238,0.0020168,-0.017718,0.012057,-0.013267,-0.051441,-0.04804,-0.037072,-0.030645,-0.047978,0.00073784,-0.00099767,-0.023468,-0.026893,0.010347,-0.0028921,0.014124,0.032099,0.044489,0.076715,0.044916,0.043509,0.063203,0.059286
0.019887,0.0123,0.02788,0.046887,0.018881,0.0056574,-0.033539,-0.055469,-0.020173,-0.038407,-0.0184,-0.015983,-0.0032184,0.02304,0.0086571,0.018015,0.014476,0.040681,0.05904,0.056259,0.048029,0.0097355,0.0047671,0.014651,-0.0010292,0.032771,-0.011793,-0.0063187,0.00033791,-0.014477,-0.015136,-0.039468,-0.02666,-0.034738,-0.018908,-0.040426,-0.061816,-0.025863,-0.0085185,0.001149,0.0091033,-0.00082953,0.022653,0.044362,0.06763,0.076251,0.046744,0.052467,0.037708,0.047519,0.026221
0.019966,-0.010856,0.044432,0.010089,-0.0023271,0.0067818,-0.014743,-0.01596,-0.0091999,-0.033188,0.023968,-0.0011884,-0.0035932,0.010823,0.021523,-0.0085866,0.032924,0.049218,0.057341,0.042765,0.047611,0.028993,0.035714,0.032507,0.014013,-0.0061289,0.010089,-0.0020845,-0.01539,0.0031611,0.0045362,-0.037525,-0.05146,-0.030019,-0.071575,-0.021475,-0.010661,-0.0023179,-0.01531,-0.0058923,0.0042448,0.028456,0.041725,0.057529,0.062072,0.049426,0.066788,0.095846,0.064046,0.039326,0.044721
0.034742,-0.0043002,0.0052388,-0.02994,-0.015422,-0.017139,-0.016953,-0.027131,0.026621,-0.01944,-0.031018,-0.03281,-0.016987,-0.04566,0.033334,-0.005295,0.010781,0.010294,0.043038,0.046466,0.071585,0.028151,0.030069,-0.0037173,-0.0077496,-0.0073978,-0.032318,-0.049281,-0.028228,0.009355,-0.0091269,-0.018229,-0.038945,-0.023166,-0.0472,-0.013367,-0.024095,-0.015513,-0.010865,-0.0021648,0.020619,0.044689,0.043319,0.05353,0.03835,0.091098,0.070835,0.043364,0.063285,0.042276,0.067954
0.0061763,-0.022629,-0.028752,-0.038967,-0.0017384,-0.00014658,-0.0092036,-0.01476,0.019369,-0.034177,0.0025095,-0.039501,-0.023134,-0.037798,-0.0033062,0.0053869,0.038676,0.028172,0.047235,-0.0043228,0.048477,0.01239,-0.00086029,0.041437,0.0047521,0.0066278,-0.034803,-0.012181,-0.021042,0.0019328,-0.0084205,-0.023445,-0.043444,-0.041944,-0.030994,-0.052389,-0.014502,0.0072212,-0.0091956,-0.012541,0.0061112,0.044975,0.072668,0.062277,0.03734,0.066128,0.040321,0.055358,0.02781,0.052156,0.048521
0.021957,0.013708,0.021117,-0.014825,-0.010735,-0.003677,-0.011129,-0.031995,0.017872,0.014846,-0.025302,-0.011271,-0.029671,-0.028602,0.00049547,-0.0057017,-0.014503,0.030405,0.026503,0.016043,0.030498,-0.0015498,0.029582,0.030188,0.011058,0.00066858,0.015325,0.020662,0.038136,-0.0004949,-0.0085906,-0.014104,-0.019792,-0.010911,-0.045812,-0.035948,-0.061962,0.016461,0.034055,0.04718,0.043566,0.068146,0.091905,0.085471,0.051503,0.065165,0.051614,0.032202,0.086445,0.06033,0.04037
0.054081,0.013276,0.020613,-0.0059684,-0.0034924,0.02299,-0.012147,-0.0063692,-0.018579,-0.019008,-0.019165,-0.022334,-0.047966,-0.071774,-0.035049,-0.0083914,0.0022358,0.03559,0.029961,0.0093551,-0.01096,0.010969,0.013264,0.012973,-0.003775,0.027536,0.051084,0.031189,0.060941,0.02976,-0.012662,-0.0052353,-0.02506,-0.031935,-0.051034,-0.035585,-0.011021,0.0027936,0.018259,0.033959,0.052721,0.069014,0.087563,0.085639,0.026844,0.036738,0.044048,0.067538,0.09515,0.077603,0.064672
0.038297,0.010161,-0.017837,0.004742,0.0042739,-0.0069621,0.0091193,-0.015278,-0.022416,-0.038309,-0.041024,-0.068444,-0.064161,-0.063193,-0.058681,-0.024767,-0.0071681,-0.013753,-0.03895,-0.013427,0.0055904,-0.011679,0.0021749,0.01936,0.0082099,0.051759,0.03726,0.045967,0.019059,-0.0033289,-0.010923,-0.034905,-0.041878,-0.020369,-0.01715,-0.046864,-0.03185,0.0087886,0.0086659,-0.0073871,0.037254,0.019664,0.040148,0.066246,0.017861,0.03553,0.053422,0.026417,0.028778,0.062647,0.055746
0.02608,-0.024588,-0.023535,-0.021685,-0.00050083,-0.015164,-0.030092,-0.016639,0.012136,-0.033464,-0.039748,-0.055567,-0.069586,-0.096042,-0.10892,-0.04586,-0.058517,-0.05417,-0.011333,-0.022241,0.0012112,-0.012697,0.033906,0.014216,0.011099,0.016928,0.0046226,-0.014022,0.044223,0.019108,-0.0049059,-0.010237,-0.042588,-0.044958,-0.032869,-0.0091062,-0.011804,0.038467,0.017822,0.029559,0.010026,0.010208,0.033977,0.040277,0.019646,0.020686,0.028759,0.027037,0.03052,0.049895,0.049103
0.026623,-0.013853,0.00031114,-0.036005,-0.059653,-0.048825,-0.046604,-0.00039581,-0.0043412,-0.045201,-0.038908,-0.068721,-0.053629,-0.070684,-0.040156,-0.09031,-0.044137,-0.05314,-0.03159,-0.015235,-0.0046176,0.0091539,0.014674,-0.0057237,-0.020315,-0.019992,-0.0041138,0.018329,0.025064,0.014781,0.037543,0.0062122,-0.029355,-0.034843,-0.027472,-0.0315,-0.022033,-0.012346,0.01911,-0.018629,-0.0030734,0.012478,-0.016238,0.036405,-0.0043766,0.01547,0.00011979,0.036755,-0.0048938,0.0064401,-0.004906
0.016904,-0.038811,0.005385,-0.024801,-0.033098,-0.028296,-0.031476,-0.041029,-0.025727,-0.048122,-0.036026,-0.053005,-0.0409,-0.030332,-0.045694,-0.049296,-0.030091,-0.042373,-0.039458,-0.018434,0.0025183,-0.012104,-0.00085886,-0.0078363,0.018434,0.013756,0.0040672,-0.01295,0.019481,0.015873,0.052172,0.021566,-0.024696,-0.03156,0.023486,0.032981,-0.0020601,0.0028146,-0.0080657,-0.028101,-0.012219,0.021341,-0.0099284,0.021828,0.018758,0.044837,-0.00097693,0.014982,0.012329,0.0096822,-0.011074
0.006296,-0.013658,0.0042274,-0.016889,-0.019135,-0.02771,-0.040538,-0.013868,0.0029388,-0.033669,-0.0014126,0.0011382,-0.025952,-0.011446,-0.085423,-0.042325,-0.042242,-0.043258,-0.012775,0.0034716,0.042874,0.018141,0.022104,-0.019516,0.0058122,0.027785,0.017013,0.0049856,0.021292,0.032061,0.050736,0.011446,0.01389,0.0065245,0.0051338,0.02943,-0.008018,0.018649,0.0050152,0.022757,0.0011471,0.017247,-0.0095076,-0.0092443,0.0062781,0.020649,0.026496,0.023998,0.013973,0.029728,0.036
-0.0066816,-0.020027,-0.002751,0.012246,-0.0092103,-0.014226,-0.044848,-0.032954,-0.00081654,-0.029331,-0.01002,0.0023262,-0.006131,-0.045666,-0.067228,-0.077382,-0.042955,-0.0093476,-0.020892,0.017139,0.023662,0.0079414,0.0059608,0.025807,-0.013213,0.016054,0.00409,0.0082498,0.0022448,0.034915,0.032272,0.0060956,-0.0037453,0.004601,0.0020744,0.0079248,-0.0043632,-0.0030172,0.0089678,-0.0085677,-0.015506,-0.041582,-0.023587,-0.012782,-0.015407,-0.0072605,0.0086422,0.018117,0.051257,0.049651,0.049242
0.014012,-0.00042793,0.031008,-0.0011095,-0.0055421,0.014128,-0.0067805,0.007344,-0.0093893,-0.063404,-0.030166,-0.025382,-0.040879,-0.045734,-0.052816,-0.042238,-0.025849,-0.013898,-0.018851,-0.021678,-0.024868,0.02579,0.021977,-0.0034288,-0.014251,0.032501,0.040794,0.025975,0.0040431,0.010085,-0.012981,-0.0032933,-0.002012,0.015868,-0.015188,0.030126,0.0097303,0.0097136,0.0089116,-0.0085828,-0.024277,-0.047067,-0.025629,-0.009411,0.022254,-0.0083589,0.033763,0.039068,0.059106,0.027657,0.053786
0.040779,0.029065,-0.013624,0.034329,0.013013,0.014537,0.0098931,-0.0056962,-0.0048106,-0.017605,0.0033166,0.0038853,-0.029954,-0.047632,-0.032867,-0.036551,-0.011272,-0.010191,-0.010625,-0.03912,0.01057,-0.00926,0.014738,0.0074777,-0.0037164,0.059462,0.013668,0.03007,0.027646,0.045747,0.02373,-0.00064611,-0.018098,-0.029229,-0.015704,-0.014845,-0.023917,0.029207,0.0063054,0.0025669,0.0050358,-0.038091,-0.037736,0.007144,-0.002508,0.0094672,0.0013951,0.0051952,0.048127,0.054563,0.046836
0.015476,0.011508,0.025382,-0.0010407,0.011901,0.0081334,-0.0017808,-0.010819,0.0045507,-0.033381,-0.0082976,-0.037923,-0.025196,-0.060403,-0.075767,-0.042015,-0.013559,-0.03191,-0.02364,-0.0555,-0.016767,-0.029907,-0.034101,-0.028917,-0.022355,0.02371,0.0051781,0.013007,0.02546,0.0064664,-0.0090589,0.0096056,-0.0119,-0.044437,-0.022232,-0.04612,-0.043903,0.0083758,0.02357,-0.0036614,-0.025578,-0.0089301,-0.032188,-0.04361,-0.026082,0.012412,-0.017831,0.017242,0.010599,0.035334,0.013145
0.017663,-0.0091168,0.017808,0.029428,0.037593,0.0096388,0.03588,-0.0014907,0.014655,0.0092602,-0.024208,-0.032448,-0.020871,-0.042066,-0.042751,-0.059036,-0.026279,0.0069019,-0.036231,-0.03185,-0.031619,-0.075888,-0.020334,-0.0063337,0.0071322,-0.010756,0.016407,-0.010711,0.0090279,-0.027398,0.005987,0.023582,-0.0090505,0.018153,0.014889,-0.006727,-0.055264,0.018211,-0.01294,-0.033169,-0.016885,-0.0039672,-0.012405,0.0027148,-0.032895,-0.014888,0.0032853,0.0011624,0.02151,0.0090407,-0.0037709
0.0080945,-0.0010939,-0.0036835,0.023535,0.023705,0.03598,0.027217,0.040851,0.038846,0.025226,0.031609,-0.015072,-0.02664,-0.040211,-0.056785,-0.041508,-0.033229,-0.044993,0.0077255,-0.010782,-0.020593,-0.045054,-0.023292,-0.016454,-0.013053,0.023562,0.0019444,-0.01629,-0.0086772,-0.020365,0.0020379,0.014904,0.0090979,-0.00055891,0.0079778,-0.0019889,-0.015087,0.014589,-0.010854,0.0097017,0.019866,-0.0077792,-0.02665,-0.032142,-0.058645,-0.048962,-0.0046633,0.018062,-0.021838,0.013754,0.00099356
0.032777,0.015782,0.012432,0.060258,0.058864,0.029584,0.042839,0.014206,0.032302,0.030376,0.035138,0.024161,-0.0097716,-0.016503,-0.026476,-0.014968,-0.041822,-0.015944,0.0093375,-0.0023819,-0.0162,-0.037105,-0.014248,-0.0045435,-0.013923,0.048394,-0.024856,-0.029936,0.00074059,0.022769,0.017026,0.023253,0.039066,0.02453,0.02436,0.0034474,0.010786,0.026643,0.014057,0.017164,0.047548,0.0072269,0.010896,0.00017571,-0.018342,-0.0075825,0.026562,0.0084365,-0.0037575,0.0061757,0.014889
0.038918,-0.0026938,0.017187,0.026238,0.051833,0.056092,0.010666,0.055203,0.018005,0.0055512,-0.0028846,0.013723,-0.013162,0.0036518,-0.0049979,-0.002871,-0.0014456,0.0062605,-0.0024581,-0.012713,-0.017375,-0.03544,-0.036121,-0.0041602,0.0045683,0.0070164,0.0039663,-0.0072115,0.0012939,0.0065751,0.012878,0.017787,0.01471,0.025838,-0.002032,-0.023246,0.0020121,0.0041778,0.0019081,-0.013359,-0.010471,0.017075,0.011404,0.016864,0.01086,0.020832,0.023152,0.0027278,-0.044645,-0.055926,-0.001799
0.03512,0.036475,0.044905,0.013271,0.038002,0.082951,0.0099372,0.018153,0.037793,0.01221,-0.0091369,0.026281,0.012378,-0.0065495,0.0042641,-0.0061889,-0.0066085,0.0077136,0.025422,0.020697,-0.0024231,0.0018465,0.015914,0.015035,0.0048249,-0.0040652,-0.0045747,0.019068,0.031442,0.0024929,0.019001,0.018017,0.023705,-0.00068788,-0.0019791,0.0022878,-0.01676,0.012374,0.05795,0.024995,-0.014961,0.020927,0.044308,0.031567,-0.0028133,0.037836,0.0051509,-0.0018799,0.00048491,0.014468,-0.0082897
0.0025313,-0.011439,0.014804,-0.016313,0.055497,0.057756,0.017429,-0.045663,-0.0010211,-0.040606,0.0052074,-0.001784,-0.025614,-0.01759,-0.033881,-0.014453,-0.002179,0.0063911,0.0025521,0.018135,0.027576,-0.02368,-0.023515,-0.012913,0.00081996,-0.031484,0.0053579,0.021773,-0.010696,-0.032914,0.013267,-0.026521,-0.028593,-0.018743,-0.020176,-0.01014,-0.032805,0.01279,0.013008,0.013229,-0.02291,-0.028871,-0.020762,-0.015502,-0.0017692,0.028037,0.019932,0.0045449,-0.0078898,0.024892,-0.011051
-0.014932,-0.047148,0.023531,0.022038,0.065737,0.055379,0.0048892,-0.023606,-0.02814,-0.069459,-0.0045271,0.014521,0.01187,-0.013415,0.024624,0.001734,0.039421,0.040752,0.052222,0.01409,0.035498,0.001615,-0.0076156,-0.026493,0.0070819,0.010352,0.027773,-0.0040006,-0.015459,0.0030327,-0.022704,-0.025647,0.0013068,0.030776,-0.0085686,-0.010663,0.0042483,0.0030008,-0.0053757,0.00063025,-0.036986,-0.018298,-0.029882,0.0040859,4.6961e-05,0.031349,0.0026218,0.023577,0.0101,0.0019532,0.027513
-0.023839,-0.052568,0.010143,0.0074781,0.015018,0.0034902,-0.010725,-0.036893,-0.018442,-0.059685,-0.022809,-0.0069095,0.022148,-0.0092603,0.044914,-0.010631,0.043137,0.049647,0.043111,0.029115,0.018246,-0.0015364,-0.015201,-0.031128,-0.018796,0.0054218,0.014188,0.0091031,-0.0039989,0.016391,-0.018303,-0.026505,-0.017516,0.0090954,-0.01635,0.0064304,0.011826,0.019344,0.018032,-0.0020866,-0.013173,-0.016251,-0.021907,-0.0088576,-0.016712,0.0072194,0.0031248,0.012266,0.03201,0.0077492,0.005644
-0.01209,-0.024973,0.0076964,-0.0077167,-0.0061028,-0.027206,-0.038109,-0.050474,-0.023944,-0.049977,0.00030373,-0.0032322,0.027147,0.048903,0.044512,0.039196,0.044787,0.030325,0.036487,0.029535,0.020888,0.003896,-0.0096615,-0.0089606,-0.020106,-0.0067542,-0.010777,0.0065576,-0.0046631,0.017439,0.021272,0.0095848,-0.017574,-0.012618,0.0089592,0.016966,-0.015501,0.013343,-0.014669,-0.011204,-0.016303,-0.044527,-0.022127,-0.013732,0.0082219,-0.011699,-0.0014714,-0.0078265,-0.0067842,-0.0042446,-0.019131
-0.016074,-0.01178,-0.01882,-0.0078736,-0.020903,-0.0071307,-0.028406,-0.033504,-0.030876,-0.014839,-0.046906,-0.0038503,0.016765,0.010568,0.039346,0.050781,0.053458,0.032798,0.012576,0.014412,0.017107,-0.0026322,0.0055817,-0.014856,-0.0051621,0.031959,-0.017336,-0.018656,-0.011612,0.010873,0.012831,0.024249,-0.017935,-0.029238,0.046432,0.048196,0.0021139,0.019722,-0.0017499,-0.028471,-0.031362,-0.027785,-0.03996,-0.011529,-0.018932,0.025814,4.1221e-05,-0.036601,-0.0050107,-0.010357,-0.0067143
0.00617,-0.02236,0.0096019,-0.017888,-0.013333,-0.040064,-0.020921,0.013039,-0.0041575,-0.0071919,-0.0061729,-0.0029713,0.030653,0.026608,0.00070018,0.02421,0.033246,0.025397,-0.017954,0.0040465,0.01799,0.025843,0.018645,0.013659,0.025569,0.029888,0.021228,-0.023004,0.0019381,0.01919,0.0077858,0.03094,-0.011864,0.0026166,0.042913,0.021403,0.024062,0.022954,-0.012487,-0.028317,-0.024181,-0.011429,-0.030177,-0.017103,-0.012791,-0.0094319,-0.0027463,-0.0063924,-0.014968,0.0059439,0.019879
-0.0014897,-0.02008,-0.020563,0.005092,-0.039417,-0.079137,-0.020379,-0.019936,-0.010718,-0.021875,-0.016228,-0.0096331,0.0030726,-0.032261,-0.011614,-0.019342,-0.025399,-0.014239,-0.022745,-0.0263,-0.041344,-0.0010774,0.054283,-0.0028227,-0.0071522,0.042296,-0.003622,-0.046622,0.0081182,-0.0028543,-0.039375,-0.025988,-0.0097433,-0.017034,0.0014119,0.0020806,-0.027347,-0.0021606,-0.047915,-0.049303,-0.037177,-0.070194,-0.049689,-0.013275,-0.042707,-0.075275,-0.045661,-0.024753,-0.018708,-0.016938,-0.073145
0.026504,0.0088555,-0.01362,-0.01384,-0.02038,-0.034747,-0.033927,-0.012926,-0.02537,-0.022629,0.023312,-0.012816,-0.0017511,-0.012935,-0.01231,0.00010295,0.020314,-0.035732,-0.031052,-0.056089,-0.03708,-0.032994,0.013263,-0.0025174,0.013736,0.032619,0.032253,0.013928,0.0096491,-0.0050781,0.00068551,0.011288,-0.0087042,-0.011323,0.020573,-0.0072056,-0.044598,-0.025031,-0.051675,-0.031163,-0.032189,-0.032093,-0.041231,0.0023343,0.0055219,-0.032848,-0.035502,-0.0045769,-0.044548,-0.0088139,-0.054645
