0.049594,0.049594,0.027723,0.026088,0.0040769,0.00083062,0.049857,0.059959,0.05817,0.045076,0.032798,0.040681,0.049119,0.074079,0.069778,0.066873,0.014031,0.04398,0.0035463,0.0060253,0.022079,-0.012934,0.02691,0.013919,0.03984,0.016259,-0.019382,0.010406,0.049644,0.027046,0.041795,0.066886,0.051228,0.084889,0.055597,0.044265,0.036543,0.072828,0.025489,0.041402,0.037066,0.048348,0.039356,0.013969,0.0051159,-0.0056913,0.035235,-0.040561,-0.013861,-0.00015262,-0.0027756
0.066228,0.039144,0.010941,-0.00043594,-0.011312,0.043483,0.029857,0.038126,0.068385,0.065903,0.072519,0.063958,0.060049,0.06709,0.06733,0.065071,0.033934,0.0060203,0.025139,0.040795,0.010443,-0.018768,-0.0042846,0.006562,0.017653,0.026931,0.010895,0.015564,0.037606,0.047519,0.037765,0.068297,0.033022,0.048595,0.074181,0.03486,0.029307,0.067485,0.039019,0.031556,0.054771,0.029954,0.020455,-0.01092,-0.018479,0.005182,-0.021101,-0.022788,-0.0014226,0.016717,0.0085771
0.044915,0.04578,0.036394,0.038814,0.042025,0.045858,0.066034,0.030659,0.023825,0.083964,0.091099,0.070308,0.054582,0.081168,0.079898,0.043868,0.040278,0.041192,0.025195,0.04294,0.01716,-0.010221,-0.00069847,0.024987,0.025635,0.023497,0.015071,0.02598,0.0432,0.020016,0.052686,0.041908,0.03964,0.057611,0.061624,0.037582,0.056309,0.050676,0.059052,0.035452,0.053606,0.024844,0.017516,0.027714,-0.01032,-0.010255,0.0050141,-0.0078978,0.00074631,0.026201,0.0329
0.03315,0.042237,0.042022,0.057274,0.059986,0.071811,0.049464,0.044433,0.039234,0.027625,0.033995,0.077111,0.054038,0.084324,0.071855,0.09594,0.051489,0.060827,0.04221,0.030733,0.0092876,0.0028359,0.040915,0.00082857,0.023481,0.026951,0.045617,0.0089801,0.072453,0.020998,0.0074189,0.021749,0.10402,0.054187,0.052115,0.0070564,0.056345,0.072614,0.029964,0.034868,0.016131,0.013509,0.013741,0.012795,0.010442,-0.014828,0.001122,0.0090217,0.011071,-0.023169,0.023957
0.022612,0.059076,0.0013093,0.043699,0.054561,0.075783,0.02732,0.057036,0.017577,0.014017,0.058931,0.039343,0.015597,0.022255,0.045653,0.032929,0.038434,0.023807,0.023183,0.033144,0.026169,0.0043541,0.022035,-0.0034173,0.010989,0.025229,0.017639,0.0048891,0.033048,0.027821,0.008121,-0.013832,0.036091,-0.0073577,0.011435,-0.010157,0.045961,0.06303,0.086799,0.032264,0.043224,0.0078442,-0.0032275,-0.017668,0.0095161,-0.041146,-0.021313,-0.021256,-0.028556,-0.015383,0.015035
0.032552,0.050121,0.027475,0.034286,0.070197,0.071476,0.04464,0.049966,0.03583,0.019766,0.057493,0.05208,0.015877,0.043756,0.055138,0.023576,0.041054,0.012207,0.019804,0.040137,0.029498,0.017264,0.020779,0.035558,0.045955,0.029797,0.068634,0.027075,0.033256,0.016852,0.0092579,0.0058167,-0.0012567,-0.005698,0.0096142,0.033439,0.043059,0.08639,0.1052,0.045322,0.044903,-0.020054,-0.0093054,-0.027796,0.018121,-0.00042239,-0.014085,-0.044772,-0.015892,-0.030259,0.0063258
-0.013874,0.022714,0.053257,0.031084,0.086129,0.078165,0.046686,0.047205,0.031634,0.01993,0.029126,0.040243,0.016236,0.02475,0.0022591,0.011887,0.020838,0.0055221,0.040847,0.037412,0.016483,0.016699,0.030272,0.028082,0.034616,0.025373,0.036434,0.026479,0.015758,0.011557,0.022425,0.017955,0.018862,0.0015354,0.015586,0.043878,0.024923,0.040762,0.067073,0.031459,0.0079835,0.024783,-0.0010168,-0.028005,-0.0023741,-0.0018513,-0.027086,-0.049999,-0.032065,-0.031256,-0.018697
-0.0079941,0.0018116,0.039572,0.054096,0.042846,0.019278,0.063408,0.054144,0.025034,-0.0087355,0.023763,-0.0026338,0.017377,0.024596,-0.012955,-0.053083,-0.007594,0.02963,0.016062,0.040171,0.044002,-0.0028946,-0.028781,-0.00057649,-0.0072743,0.018014,0.0011697,0.03387,0.0081048,0.010387,0.0082132,0.038848,0.038306,0.029549,0.030412,-0.0026231,-0.0077295,0.0087899,0.012493,0.016483,0.020999,-0.0028535,-0.022058,-0.034258,-0.019508,-0.025566,-0.0048019,-0.032094,-0.054599,-0.030287,-0.028142
-0.017966,-0.017136,0.015054,0.0084188,0.054681,0.027043,0.036004,0.046772,0.044133,0.0060453,0.047031,0.043869,0.019744,0.0064422,-0.014723,-0.015998,-0.0142,-0.0028545,0.028073,0.047658,-0.0086416,0.030194,-0.01346,-0.0069884,0.037522,0.046856,0.035694,-0.0043399,0.022271,0.025943,0.033192,0.043996,0.033326,0.027222,0.020476,0.034033,-0.0059557,-0.00072298,-0.019443,-0.002014,0.0214,-0.0085077,-0.033393,-0.035158,-0.010101,-0.0091708,-0.0088911,-0.028128,-0.031687,-0.039846,-0.020018
-0.0038987,0.0064984,-0.0094315,0.011728,0.021992,0.029766,0.038717,0.060546,0.038409,0.028733,-0.0031607,0.040625,0.01514,-0.014783,0.017452,-0.0095897,-0.015634,-0.010503,0.022525,0.024572,0.0015514,0.019032,0.017638,0.012606,0.01474,0.035642,0.019604,-0.0048132,-0.0035453,-0.0057951,0.046876,0.056347,0.046024,0.052767,0.037459,-0.0018797,-0.0055329,-0.023908,-0.017608,0.0032591,0.025608,-0.027336,-0.034589,-0.0065624,-0.012133,0.0076294,0.0009921,-0.034808,-0.011049,-0.0015803,0.0057857
-0.015341,-0.0034662,-0.023486,0.0092975,0.0041119,0.036465,0.04532,0.053803,0.045194,0.027137,0.025685,0.036703,0.029814,0.0068589,-0.00090579,0.0087617,0.011645,0.0010442,0.012761,-0.0077361,0.0069752,0.027673,0.055008,0.048366,0.044498,0.047906,0.036414,0.034711,-0.0011293,0.0029706,0.032372,0.057576,0.041751,0.030384,0.034157,-0.027389,0.0023708,0.0016185,-0.022656,-0.0077015,0.013455,-0.021295,0.0078454,-0.018909,0.021779,-0.00897,0.024663,-0.0081999,0.016574,0.0011441,0.0055677
0.0047299,0.020678,0.0062969,-0.0034464,-0.0098232,0.022896,0.051123,0.033283,0.027351,0.054195,-0.0041825,0.036111,0.0147,0.012225,0.0025068,0.01478,0.0092268,0.030907,-0.0054816,0.027854,0.048092,0.027534,0.045529,0.016616,0.043153,0.050332,0.047278,0.014522,0.041847,-0.011504,0.01992,0.051904,0.041374,0.038854,0.0099346,-0.02816,-0.027694,-0.0020872,0.0023892,0.00011687,0.0088035,-0.023784,0.0033854,-0.0047463,0.023683,0.030021,0.048375,0.0013038,0.032728,0.042806,0.016411
0.00041752,-0.0087889,0.0137,0.022393,0.035651,0.071389,0.035137,0.027093,-0.0011747,0.02154,0.0031857,0.03411,-0.018781,-0.00057091,0.0029215,0.011753,0.043495,0.037546,0.018048,0.025225,0.012155,0.03553,0.0039898,0.027564,0.042485,0.02342,0.037671,0.0036451,0.019499,0.008981,0.02191,0.035704,0.042558,0.030119,-0.0015968,-0.029774,-0.014195,-0.021367,-0.036541,-0.016111,0.013725,-0.011182,0.031543,0.042712,0.02345,0.057014,0.020563,0.043149,0.046654,0.071795,0.046584
-0.016006,0.014149,0.014503,0.015827,0.037914,0.035102,0.023901,-0.0002567,0.010313,0.0085481,0.0094313,0.03556,-0.0047493,0.0012056,0.044175,0.026203,-0.022059,0.028774,0.0097678,0.021489,0.0010461,0.0076119,0.0099887,0.014359,0.016333,0.047153,0.027479,0.022465,0.007385,-0.0052986,0.0070732,0.014319,0.02739,0.021997,0.009143,-0.017005,-0.03048,-0.027993,-0.028417,-0.00026476,-0.021282,-0.0017948,-0.0047933,-0.00091833,0.031137,0.045966,0.036666,0.027127,0.061056,0.053793,0.025803
-0.007756,0.02496,0.013359,0.027051,0.041136,0.041035,0.015615,0.062346,0.040096,0.0094385,0.026374,0.051843,0.0060385,0.020801,0.016267,-0.009993,-0.027626,0.0015038,-0.0093594,-0.0093516,-0.017828,-0.023641,0.0063936,0.037573,0.029301,0.027851,0.024314,0.019903,0.010415,0.017709,-0.012895,-0.017357,0.0046316,0.0027695,0.0090742,-0.01167,0.012938,0.040939,-0.0055844,0.0086237,-0.020671,0.015625,0.0025951,0.0092577,0.021547,0.033943,0.037269,0.062378,0.061479,0.046624,0.045421
-0.02154,0.034065,0.021483,0.0042376,0.024845,0.038967,0.018065,0.063227,0.053529,0.040236,0.028296,0.031771,0.0026868,0.020311,0.033548,-0.011889,-0.036007,-0.055134,-0.040582,-0.008393,-0.017537,-0.016315,-0.013312,0.00066283,0.025672,0.0059095,-0.016076,-0.026336,0.012654,0.038705,0.0074691,0.013757,0.016754,0.018093,-0.010583,0.0084942,0.00094839,0.0013463,0.010876,-0.022718,-0.0022253,-0.0015513,0.0015995,-0.0068127,0.027445,0.041489,0.032404,0.0048687,0.0085512,0.036757,0.080794
-0.040632,0.018754,0.054967,0.044457,0.038804,0.063091,0.056389,0.028482,0.022266,0.023782,0.033058,-0.0079864,-0.012074,0.029707,-0.0026643,-0.028484,-0.037387,-0.046137,-0.074391,-0.052562,-0.045037,-0.042485,-0.016033,0.014915,0.036586,-0.037629,-0.037745,-0.021625,-0.009034,0.004574,-0.011559,-0.006529,-0.0023341,0.0022746,0.013607,0.026856,0.02816,0.01757,-0.0027425,-0.040604,-0.027736,-0.037978,0.023591,0.011508,0.051577,0.011345,0.045976,-0.0040612,0.0062007,0.0051004,0.043257
0.030919,0.0724,0.045793,0.038441,0.046015,0.061901,0.031472,0.050786,0.023898,0.039787,0.049228,0.018228,-0.0013002,0.021586,-0.010168,-0.023283,-0.071514,-0.092255,-0.058548,-0.020094,-0.020483,-0.03817,-0.0016739,-0.01539,-0.01769,-0.021828,-0.0077969,0.00045986,-0.017869,0.00056993,0.0057485,-0.020918,0.015992,-0.0011773,0.042852,-0.0057435,0.035732,0.022297,0.010069,0.0063531,0.010513,0.010629,0.01429,0.03372,0.05223,0.01353,0.04792,0.024958,-0.00036911,0.023147,0.054894
0.0070752,0.043126,0.047355,0.06116,0.090134,0.065426,0.057296,0.053805,0.033866,0.0091289,0.020558,0.038059,0.031221,-0.010967,-0.012837,-0.022406,-0.050211,-0.068553,-0.048704,-0.02024,-0.048874,0.0022398,0.036671,0.020679,0.0058289,0.020002,-0.0054951,-0.010587,0.017904,-0.032672,-0.051267,-0.014935,0.018588,0.014506,0.040097,0.02159,0.033866,0.050935,0.040595,-0.011763,0.0083964,0.04162,0.068659,0.053955,0.031616,-0.00080008,0.014437,-0.008478,0.024913,0.034244,0.036457
0.046283,0.020869,0.028327,0.059732,0.074006,0.047348,0.046894,0.041444,0.014384,-0.016856,0.034736,-0.0020121,-0.0075918,-0.015023,-0.012737,-0.020643,-0.037933,-0.095787,-0.076116,-0.035421,-0.042589,0.014453,-0.006783,-0.0052927,0.013846,0.0054091,-0.00217,-0.017265,-0.032858,-0.048055,-0.058475,-0.024423,-0.011306,0.024767,0.023009,0.016033,0.02337,0.062326,0.019374,0.0039633,0.041803,0.019902,0.027843,0.032895,0.041659,0.010692,0.019935,-0.00012529,0.0088194,0.026196,0.071638
0.036692,0.038079,0.038036,0.058614,0.047048,0.071376,0.07927,0.049243,0.034388,0.046962,0.035906,0.020541,0.011472,-0.0056078,0.010355,0.0010026,-0.01965,-0.022164,-0.033307,-0.037766,-0.01349,0.0020574,0.059642,0.025653,0.029315,0.045661,0.0066911,0.024714,0.022774,-0.0054722,-0.016675,0.018736,-0.0060441,-0.0082179,0.034797,0.035244,0.043102,0.072957,0.053606,0.058887,0.040565,0.043585,0.043115,0.04985,0.037409,0.01876,0.028967,0.018155,0.053207,0.059375,0.044949
0.034003,0.059692,0.05767,0.034364,0.036627,0.030948,0.074307,0.059223,0.027905,-0.00016563,-0.0041007,-0.02271,-0.0059739,0.04931,0.031365,0.0096463,0.012239,-0.013152,-0.036228,-0.0163,0.012688,0.0063603,0.02362,0.023667,0.027369,0.012452,0.020868,0.0099327,0.0028835,-0.010287,0.0048058,0.053223,0.02983,0.02592,0.054442,0.028011,0.027132,0.044355,0.029289,0.039293,0.033124,0.0067649,0.021777,0.005859,0.037703,0.030529,0.055734,0.026147,0.041015,0.056525,0.080691
0.00091282,0.035395,0.041282,0.06834,0.058553,0.035784,0.051515,0.066596,0.030941,0.006365,-0.03481,0.025169,0.020977,0.027037,0.047455,0.022005,0.039288,0.026235,-0.026912,-0.0073753,-0.010158,-0.015809,0.042613,0.062584,0.047237,0.035925,0.043635,-0.012515,0.018117,0.004746,0.047254,0.030012,0.038698,0.057352,0.070322,0.030343,0.068585,0.044348,0.026756,-0.017318,0.043929,0.018914,0.026838,0.030757,0.043916,0.06571,0.059701,0.052021,0.066808,0.077764,0.076173
-0.0033448,0.025957,0.030562,0.025984,-1.8947e-05,0.030685,-0.0051308,0.049789,0.054177,0.02374,0.01193,0.045804,0.01656,0.033005,0.016263,0.022718,0.0049707,0.018366,0.027788,0.034697,0.028178,0.038513,0.044095,0.026283,0.06738,0.05193,0.06708,-0.0014613,0.036025,0.024367,0.045286,0.02307,0.076788,0.027124,0.055852,0.032686,0.047744,0.02082,0.030581,0.052217,0.057053,0.022097,0.010427,-0.011465,0.027794,0.048855,0.026799,0.031394,0.054926,0.063928,0.090261
-0.0093482,0.044477,0.022722,0.032619,0.043661,0.034329,0.030398,0.020423,0.019462,0.0096796,0.027255,0.051114,0.015277,0.020866,0.043094,0.006457,-0.0091355,0.04198,0.029119,0.032816,0.046065,0.04013,0.079275,0.071267,0.069762,0.097103,0.067321,-0.0034598,0.018521,0.015272,0.040027,0.031348,0.067403,0.060413,0.067654,0.068227,0.067687,0.015333,0.0083777,0.043328,0.059426,0.024933,0.032433,0.03971,0.069152,0.026876,0.060567,0.047281,0.078141,0.054002,0.078843
-0.016942,0.048743,0.066571,0.027892,0.039081,0.047349,0.016828,0.037151,0.0092516,-0.012821,-0.025748,0.018488,0.022331,0.030806,0.032488,-0.00026963,0.042095,0.026051,0.054822,0.046913,0.057496,0.086967,0.075832,0.087481,0.065123,0.069009,0.053595,0.030339,0.023098,0.0075406,0.017178,0.06853,0.098301,0.091056,0.05473,0.051225,0.034132,0.020739,0.036419,0.010256,0.017477,0.025195,0.039703,0.051425,0.070877,0.0794,0.040997,0.048121,0.052703,0.035847,0.040523
0.031825,0.006567,0.034391,0.032719,0.049239,0.037234,0.024381,0.01217,0.011883,0.010783,0.024319,0.019023,-0.018413,-0.016006,-0.022615,-0.0015333,0.034996,0.04894,0.037398,0.0737,0.095307,0.093225,0.073613,0.084506,0.074781,0.026699,0.035596,0.035907,0.018495,0.03871,0.071378,0.069093,0.042537,0.071222,0.019302,0.031084,0.019588,0.060733,0.033762,0.020039,0.024476,0.029926,0.046465,0.048666,0.061846,0.076882,0.055327,-0.0003938,0.014009,0.040934,0.020535
0.011059,0.011449,0.02006,0.013597,0.040111,0.040323,0.031018,0.0018017,0.0044637,-0.01969,0.013185,-0.0098657,-0.016138,-0.017972,-0.023218,0.0040212,-0.0074399,0.010509,0.031947,0.059496,0.060404,0.07765,0.057744,0.059677,0.053315,0.042108,0.018653,0.043479,0.0052487,0.014318,0.025876,0.04392,0.042452,0.053776,0.034378,0.017407,0.010137,0.041331,0.037468,0.019858,0.0076697,-0.0051043,0.024724,0.032851,0.070274,0.053176,0.044188,-0.010228,0.0019361,0.022074,-0.0027461
-0.0097821,0.0023168,0.017646,0.035382,0.071457,0.076786,0.045915,0.016798,-0.019694,-0.00080063,0.0129,0.019346,-0.016138,0.0022585,0.0033678,0.0025475,-0.0069767,0.0098275,0.068013,0.077175,0.062283,0.084154,0.060886,0.067626,0.066973,0.078351,0.040121,0.029471,0.03392,0.0038869,0.01925,0.036553,0.047352,0.04534,0.05648,0.035215,0.047408,0.034649,0.02675,0.018682,0.03551,0.006191,0.006972,0.037253,0.022836,0.019965,0.016042,0.0096445,1.367e-05,0.0030115,0.035432
-0.018429,0.018642,0.033727,0.064074,0.048656,0.041785,0.041548,0.045809,0.015628,0.0051275,0.018517,0.037952,0.01702,0.012166,-0.0060709,-0.014269,-0.015857,0.035957,0.075951,0.078297,0.043539,0.054039,0.041992,0.045503,0.061339,0.060161,0.057534,0.054234,0.066447,0.00093703,0.0087025,0.001841,0.038312,0.05729,0.022563,0.0082597,0.042308,0.068113,0.049615,0.031009,0.044903,-0.00077019,0.0084997,0.018605,-0.0022594,-0.0020085,0.064019,0.031684,0.039709,0.01471,0.060034
-0.012723,0.020395,0.01498,0.065276,0.048497,0.11005,0.017794,0.0093931,0.029812,0.0023145,0.02544,0.018926,0.018518,-0.0058835,0.0036612,0.033966,0.018503,0.0067502,0.075252,0.084678,0.051594,0.036297,0.030615,0.055493,0.084642,0.083953,0.03275,0.030715,0.019086,0.031102,0.006008,0.013891,0.015458,0.014061,0.042036,0.016763,0.021862,0.033073,0.028121,0.018255,0.039845,0.001319,0.029271,-0.031144,0.0045646,0.041465,0.053041,0.0018673,0.026521,0.039046,0.049971
0.02146,0.041291,0.02184,0.036839,0.048838,0.069575,0.069161,0.045728,0.0030614,0.0068796,-0.024487,-0.0005865,-0.014793,0.030034,0.037346,0.043987,0.0294,0.045259,0.0509,0.090956,0.08107,0.012832,0.058541,0.076872,0.054743,0.054907,0.041861,0.0080274,0.0050835,-0.0081975,0.015389,0.023465,0.014428,0.042706,0.026155,-0.011046,-0.015612,0.020121,0.010037,0.01229,0.024866,0.0057963,0.0032884,0.0091202,0.010092,0.035482,0.052786,0.026155,0.027707,0.035505,0.051386
0.047527,0.029858,0.037145,-0.0090925,0.016675,0.040213,0.06634,0.053386,0.049623,0.046293,0.04174,0.035868,-0.0085189,0.049764,0.018418,0.024951,0.02922,0.050445,0.050612,0.075349,0.067197,0.065187,0.071312,0.089076,0.074186,0.053193,0.040974,0.0092106,0.03228,-0.0012186,-0.012284,0.026737,0.0069212,-0.012194,-0.028014,-0.011768,-0.019294,0.032609,0.042966,0.047139,0.040692,0.037778,0.034804,0.013577,0.014148,0.039036,0.040573,0.067802,0.063387,0.036838,0.068501
0.027262,0.017375,-0.016673,0.014913,0.00037489,0.03616,0.028557,0.055339,0.043485,0.013963,0.035034,0.041409,0.012707,0.013915,0.051408,0.038222,0.026586,0.061835,0.029729,0.03862,0.047915,0.055516,0.081202,0.080653,0.050712,0.085264,0.03251,0.0091356,-0.0035884,-0.025781,-0.042251,-0.024284,0.019868,-0.0068396,-0.032052,-0.050827,-0.0096745,0.013571,0.026941,0.012417,0.019325,0.016067,0.0073378,0.016894,0.0068252,0.028599,0.022431,0.045425,0.035993,0.027062,0.029166
0.034171,0.0067582,-0.029616,0.0089386,0.028617,0.050309,0.011013,0.048269,0.026742,0.0071712,0.062025,0.052918,-0.0064329,0.030111,0.025307,0.050672,0.03088,0.038364,0.020075,0.040755,0.052052,0.03375,0.032051,0.025144,0.051134,0.035665,0.030489,-0.022299,0.0025949,-0.0094981,-0.0039645,-0.010422,0.020065,-0.0094007,-0.013172,-0.036534,-0.048352,-0.022646,-0.021629,0.0023359,0.013007,0.027796,0.0065057,0.0086747,0.030587,0.022862,0.0044939,0.020638,0.066857,0.065168,0.089642
-0.0087461,0.032856,-0.011355,-0.003106,0.01235,0.023461,0.029587,0.036033,0.022878,0.03042,0.033262,0.050006,0.030692,0.03843,0.048841,0.026675,0.035033,0.028141,0.024491,0.029826,0.032965,-0.0079505,0.016492,-0.0022236,-0.014973,0.030225,0.044402,0.017596,0.029866,-0.017361,0.00031056,0.014561,-0.0023795,-0.0077736,-0.007486,-0.025814,-0.038803,-0.037142,0.0050089,-0.039396,-0.0013238,-0.010989,-0.019898,-0.024451,0.015194,0.0053703,0.026944,0.015101,0.081397,0.048223,0.061772
-0.044137,0.0045178,0.0099712,0.016782,-0.0027161,0.017715,0.011601,0.04763,0.038296,0.028416,0.045977,0.030856,0.052367,0.07159,0.023231,0.019726,0.040301,0.0094847,0.012593,-0.018341,-0.019447,-0.024327,0.0075021,-0.0038253,-0.0020594,0.0023789,0.025417,0.043145,0.030868,0.019135,0.019982,-0.0058884,-0.0076804,-0.018428,-0.02711,-0.033263,-0.0037122,-0.024972,3.0825e-05,-0.040843,-0.0055921,-0.046221,-0.030996,-0.02177,0.0029563,-0.026062,0.022342,0.014318,0.038001,0.051606,0.060997
-0.011898,-0.01673,0.029231,0.02557,0.0032367,0.033767,0.045213,0.039467,0.055563,0.032671,0.040213,0.027756,0.0491,0.077454,0.041401,0.068603,0.023909,0.012135,-0.021253,-0.027547,-0.018676,-0.014444,-0.0043355,-0.021274,0.040805,0.033514,0.014432,0.0052822,0.059939,0.033402,0.0382,0.014109,-0.0062183,-0.025388,-0.0080393,0.022909,0.0096992,0.0074363,-0.012597,-0.016718,-0.010847,-0.044032,-0.039445,-0.02199,0.0086001,0.016837,0.03742,-0.020081,0.028852,0.064015,0.090496
0.017213,0.017027,0.017328,0.022081,0.042704,0.011592,0.040525,0.081898,0.069145,0.030175,0.0621,0.041361,0.057787,0.057154,0.061862,0.039513,0.028286,-0.010742,0.017482,0.017072,-0.0025214,0.024719,0.0032045,0.023487,0.017821,0.057134,0.03038,0.046018,0.061266,0.06858,0.068563,0.012535,-0.025143,-0.0030479,-0.0049379,0.0039602,0.032958,0.021424,0.013424,-0.012239,0.039703,-0.025913,-0.057789,0.0049058,0.017121,0.0050567,0.0061924,0.0032178,0.018314,0.056885,0.083235
0.0003526,0.004989,0.031636,0.031407,0.044846,0.033373,0.044785,0.054387,0.064871,0.017346,0.038035,0.051902,0.048689,0.042043,0.04626,0.028837,0.0084127,-0.0048653,0.025728,-0.0026326,-0.021405,0.016559,0.014909,0.018905,0.0078855,0.050068,0.048209,0.059648,0.065816,0.035864,0.039782,0.032532,-0.01175,-0.011387,0.0021561,0.010726,0.0047037,0.012233,-0.0095403,-0.014471,0.0001131,-0.0062169,0.0022133,0.026986,0.015804,0.031578,0.026771,0.0041639,0.037276,0.021792,0.032279
-0.0040363,0.012104,0.043198,0.061459,0.036942,0.049437,0.05276,0.051485,0.055997,0.023884,0.047833,0.041631,0.037212,0.032865,0.011905,0.025033,0.0093937,0.032771,0.031146,0.015744,0.029422,0.035753,0.049917,0.02702,0.039127,0.027266,0.041711,0.064279,0.059909,0.024014,0.051682,0.04226,0.030542,0.027365,0.0042637,0.0035448,-0.016811,0.010761,-0.010949,-0.022557,-0.015553,0.0089452,0.035089,0.032757,0.030678,0.014476,0.023023,-0.01916,0.041582,0.025647,0.029177
0.0082251,-0.0035643,-0.0079686,0.033626,0.0048357,0.068322,0.039693,0.041727,0.047887,0.043835,0.074673,0.042666,0.0083327,0.017514,0.01825,0.0010091,0.035976,-0.004647,-0.0094037,0.011256,0.068572,0.037359,0.0068254,0.058247,0.05371,0.041669,0.045811,0.042376,0.046311,0.045342,0.045952,0.040554,0.019701,0.014119,0.019037,-0.019769,-0.00086055,-0.012886,-0.021513,-0.052857,0.013247,-0.035451,0.033654,0.020071,0.027776,0.04454,0.0022831,-0.015075,0.015287,0.019292,0.03966
-0.0064613,0.029593,-0.00013371,-0.038911,-0.0025964,0.04571,0.053877,0.072752,0.088065,0.083969,0.048762,0.086949,0.0063397,0.018161,0.016942,0.017304,-0.020636,-0.0033717,-0.00078056,0.014702,0.046254,0.04647,0.073373,0.06092,0.045812,0.05374,0.072218,0.031628,0.086397,0.01626,0.047188,0.031194,0.047951,0.015124,-0.012722,-0.014759,-0.013559,-0.018148,0.028845,-0.011848,-0.00051851,0.00075804,0.042609,0.025971,0.0054581,0.037348,0.0166,-0.011998,0.028564,0.0039564,0.022751
0.015827,0.0088942,-0.0082869,-0.0015038,0.0054879,0.053935,0.029745,0.073096,0.090147,0.038286,0.044123,0.066139,-0.0088398,0.032752,0.030595,0.045535,0.00056871,0.023672,0.023555,0.010582,0.023898,0.03351,0.080655,0.094447,0.052134,0.032965,0.064548,0.036804,0.049281,0.036283,0.063486,0.031173,0.071141,0.040816,0.011122,-0.032118,-0.0044135,-0.0043289,-0.032165,-0.025363,-0.016414,-0.018302,0.022979,0.019853,0.011002,0.021707,0.012225,0.024959,0.029758,-0.0054446,0.027504
0.0049971,0.038891,0.0090536,0.017787,0.0067081,0.052986,0.027583,0.046565,0.052111,0.011274,0.013069,0.023932,0.0053216,-0.0012755,0.043806,0.033615,-0.0008983,0.0086951,0.01181,0.02001,0.011229,0.0077891,0.021344,0.055756,0.036047,0.070074,0.030896,0.026898,0.04681,0.041337,0.037058,0.025763,0.048821,0.04013,-0.0057337,-0.023665,-0.026975,-0.023938,-0.025907,-0.043213,-0.015065,-0.016885,-0.0027829,-0.005361,0.0043031,0.042698,0.036444,0.034269,0.033891,0.016433,0.023187
0.01776,0.020788,0.027865,0.0099597,0.035291,0.048497,0.027001,0.025517,0.019542,0.01406,0.021455,0.019061,-0.014572,0.032544,0.019803,0.014915,0.0035639,-0.00011141,0.018708,0.039319,0.019683,0.0095025,-0.0078134,0.041373,0.073963,0.076205,0.048827,0.015348,0.066999,0.039762,0.016954,0.018307,0.018921,0.041954,-0.012629,0.010995,-0.041706,-0.021893,-0.042591,-0.013566,0.0063926,-0.0021507,-0.014542,-0.0064221,-0.0093466,0.027416,0.032377,0.026245,0.026777,0.017584,0.048362
0.0085672,0.030458,0.035408,0.039954,0.015607,0.042177,0.053741,0.028622,-0.0034575,0.016368,0.016371,-0.0045175,0.0089378,0.049561,0.019329,-0.013594,-0.0034612,0.0092108,0.014104,0.011166,0.031671,-0.0017925,0.017606,0.058174,0.044466,0.068599,0.032842,0.072212,0.030814,-0.0014312,0.015754,0.042974,0.032412,0.055273,0.011547,-0.016964,-0.040086,-0.026892,-0.021161,-0.023557,0.009175,0.018514,0.012023,0.018561,-0.0053339,0.0024165,0.044252,0.019106,0.010691,0.011552,0.018831
0.032651,0.03764,0.035683,0.04965,0.042462,0.051656,0.029094,0.014842,0.0083842,-0.014588,0.016412,0.0015519,0.0089244,0.025664,-0.016851,0.022504,-0.014481,-0.011382,0.019167,0.0089561,-0.017529,-0.0016974,0.033521,0.036978,0.048529,0.050684,0.015562,0.042209,0.024874,0.0085714,0.025606,0.030233,0.027633,0.032275,0.014626,-0.0028342,-0.012036,0.0052074,0.012781,-0.033582,0.00036319,0.0031837,0.015747,0.00743,0.038275,0.0069101,0.023891,-0.0019839,0.018573,0.015613,-0.00447
0.064438,0.030687,-0.0021879,0.019772,0.015845,0.0016163,-0.0010954,0.0073996,-0.017614,-0.017039,0.008253,0.016989,-0.012237,0.012052,-0.017921,0.0077997,-0.031731,-0.041792,-0.035495,-0.0063397,-0.019186,-0.00044323,-0.0033396,-0.010164,0.022785,0.03448,0.027971,-0.012786,0.044291,-0.0013386,0.024689,0.031545,0.028682,0.017212,-0.0067026,-0.019269,-0.025812,0.0039669,-0.005798,-0.048076,-0.0091803,-0.046447,-0.036991,-0.0034967,0.011675,0.018318,0.012987,-0.040768,-0.029941,-0.033374,-0.0096288
0.033206,0.055768,0.025335,0.049515,0.044662,0.047902,-0.00067328,0.0047762,-0.024771,-0.017965,0.020396,0.024162,0.027095,0.013805,0.0056753,0.0030257,-0.005295,-0.045713,-0.013472,-0.020716,-0.038961,0.0034499,0.0070151,-0.0078974,-0.002174,0.052893,-0.0057028,0.00077157,0.028641,0.022778,0.039659,0.05513,0.075931,0.047948,0.031076,0.0071198,0.0029224,-0.018702,0.0083193,-0.046008,-0.004047,-0.015782,-0.022151,0.022684,0.043385,0.013501,0.0091638,-0.012714,-0.015989,-0.026125,0.0028968
0.028564,0.044286,0.061959,0.084195,0.033576,0.039915,0.018541,-0.0084444,-0.0074929,-0.025628,0.030119,0.027862,0.045206,0.055906,0.01015,-0.0034066,-0.0019035,0.005,-0.010693,-0.021163,-0.0060111,-0.01081,0.012234,0.01609,-0.0010231,0.033168,0.039787,0.045625,0.016938,0.011355,0.02629,0.070402,0.087169,0.07261,0.058218,0.029272,0.027013,0.033634,-0.013148,-0.0043017,-0.014987,-0.042596,-0.018276,0.014398,0.032731,0.0060543,0.030577,-0.011905,-0.0037614,-0.041772,0.001184
