0.02,0.02,0.013952,1,0,0
0.04,0.02,-0.012803,1,0,0
0.06,0.02,-0.033266,1,0,0
0.08,0.02,-0.041139,1,0,0
0.1,0.02,-0.063293,1,0,0
0.12,0.02,-0.04769,1,0,0
0.14,0.02,-0.011977,1,0,0
0.16,0.02,-0.021414,1,0,0
0.18,0.02,-0.014611,1,0,0
0.2,0.02,-0.0080593,1,0,0
0.22,0.02,0.0041247,1,0,0
0.24,0.02,-0.01459,1,0,0
0.26,0.02,0.013633,1,0,0
0.28,0.02,-0.030315,1,0,0
0.3,0.02,-0.031666,1,0,0
0.32,0.02,-0.038155,1,0,0
0.34,0.02,-0.0041985,1,0,0
0.36,0.02,-0.020737,1,0,0
0.38,0.02,-0.036954,1,0,0
0.4,0.02,-0.032898,1,0,0
0.42,0.02,0.0070348,1,0,0
0.44,0.02,0.056376,1,0,0
0.46,0.02,-0.01731,1,0,0
0.48,0.02,-0.02576,1,0,0
0.5,0.02,-0.037044,1,0,0
0.52,0.02,-0.054793,1,0,0
0.54,0.02,-0.071834,1,0,0
0.56,0.02,-0.036102,1,0,0
0.58,0.02,-0.055058,1,0,0
0.6,0.02,-0.024214,1,0,0
0.62,0.02,-0.028563,1,0,0
0.64,0.02,-0.043454,1,0,0
0.66,0.02,-0.052362,1,0,0
0.68,0.02,-0.05979,1,0,0
0.7,0.02,-0.048049,1,0,0
0.72,0.02,-0.083912,1,0,0
0.74,0.02,-0.0681,1,0,0
0.76,0.02,-0.06377,1,0,0
0.78,0.02,-0.091594,1,0,0
0.8,0.02,-0.10888,1,0,0
0.82,0.02,-0.095296,1,0,0
0.84,0.02,-0.081728,1,0,0
0.86,0.02,-0.057192,1,0,0
0.88,0.02,-0.055546,1,0,0
0.9,0.02,-0.060903,1,0,0
0.92,0.02,-0.06609,1,0,0
0.94,0.02,-0.041411,1,0,0
0.96,0.02,-0.025139,1,0,0
0.98,0.02,-0.042352,1,0,0
0.02,0.04,0.028938,1,0,0
0.04,0.04,-0.0037229,1,0,0
0.06,0.04,0.0037397,1,0,0
0.08,0.04,-0.043852,1,0,0
0.1,0.04,-0.057894,1,0,0
0.12,0.04,-0.051969,1,0,0
0.14,0.04,-0.030374,1,0,0
0.16,0.04,-0.027332,1,0,0
0.18,0.04,-0.016983,1,0,0
0.2,0.04,-0.023497,1,0,0
0.22,0.04,-0.056709,1,0,0
0.24,0.04,-0.018102,1,0,0
0.26,0.04,-0.013743,1,0,0
0.28,0.04,0.0077919,1,0,0
0.3,0.04,-0.0085599,1,0,0
0.32,0.04,0.0056888,1,0,0
0.34,0.04,-0.0014999,1,0,0
0.36,0.04,-0.006007,1,0,0
0.38,0.04,-0.03072,1,0,0
0.4,0.04,-0.012363,1,0,0
0.42,0.04,0.019801,1,0,0
0.44,0.04,0.020469,1,0,0
0.46,0.04,0.025962,1,0,0
0.48,0.04,-0.040219,1,0,0
0.5,0.04,-0.034804,1,0,0
0.52,0.04,-0.015236,1,0,0
0.54,0.04,-0.063922,1,0,0
0.56,0.04,-0.036835,1,0,0
0.58,0.04,-0.045348,1,0,0
0.6,0.04,-0.02576,1,0,0
0.62,0.04,-0.039568,1,0,0
0.64,0.04,-0.042151,1,0,0
0.66,0.04,-0.022411,1,0,0
0.68,0.04,-0.00694,1,0,0
0.7,0.04,-0.04967,1,0,0
0.72,0.04,-0.052178,1,0,0
0.74,0.04,-0.081907,1,0,0
0.76,0.04,-0.10048,1,0,0
0.78,0.04,-0.10722,1,0,0
0.8,0.04,-0.076722,1,0,0
0.82,0.04,-0.095422,1,0,0
0.84,0.04,-0.047896,1,0,0
0.86,0.04,-0.046286,1,0,0
0.88,0.04,-0.04787,1,0,0
0.9,0.04,-0.018879,1,0,0
0.92,0.04,-0.038022,1,0,0
0.94,0.04,-0.030798,1,0,0
0.96,0.04,-0.019707,1,0,0
0.98,0.04,-0.047032,1,0,0
0.02,0.06,-0.0017118,1,0,0
0.04,0.06,-0.033958,1,0,0
0.06,0.06,-0.044331,1,0,0
0.08,0.06,-0.046946,1,0,0
0.1,0.06,-0.018607,1,0,0
0.12,0.06,-0.043998,1,0,0
0.14,0.06,-0.073667,1,0,0
0.16,0.06,-0.043228,1,0,0
0.18,0.06,-0.033154,1,0,0
0.2,0.06,-0.046507,1,0,0
0.22,0.06,-0.04523,1,0,0
0.24,0.06,-0.042538,1,0,0
0.26,0.06,-0.034061,1,0,0
0.28,0.06,-0.022844,1,0,0
0.3,0.06,0.0032049,1,0,0
0.32,0.06,0.011519,1,0,0
0.34,0.06,0.0069743,1,0,0
0.36,0.06,0.031252,1,0,0
0.38,0.06,0.0075439,1,0,0
0.4,0.06,0.030178,1,0,0
0.42,0.06,-0.012553,1,0,0
0.44,0.06,0.016688,1,0,0
0.46,0.06,-0.02191,1,0,0
0.48,0.06,-0.0056433,1,0,0
0.5,0.06,-0.018426,1,0,0
0.52,0.06,-0.026168,1,0,0
0.54,0.06,-0.022493,1,0,0
0.56,0.06,-0.035336,1,0,0
0.58,0.06,-0.042858,1,0,0
0.6,0.06,-0.015483,1,0,0
0.62,0.06,-0.015759,1,0,0
0.64,0.06,-0.03141,1,0,0
0.66,0.06,-0.059387,1,0,0
0.68,0.06,-0.043047,1,0,0
0.7,0.06,-0.044339,1,0,0
0.72,0.06,-0.050377,1,0,0
0.74,0.06,-0.092872,1,0,0
0.76,0.06,-0.10652,1,0,0
0.78,0.06,-0.12782,1,0,0
0.8,0.06,-0.092457,1,0,0
0.82,0.06,-0.08771,1,0,0
0.84,0.06,-0.038958,1,0,0
0.86,0.06,-0.074166,1,0,0
0.88,0.06,-0.057431,1,0,0
0.9,0.06,-0.05434,1,0,0
0.92,0.06,-0.052524,1,0,0
0.94,0.06,-0.068938,1,0,0
0.96,0.06,-0.0071858,1,0,0
0.98,0.06,-0.02447,1,0,0
0.02,0.08,-0.024702,1,0,0
0.04,0.08,-0.044465,1,0,0
0.06,0.08,-0.0090238,1,0,0
0.08,0.08,-0.017674,1,0,0
0.1,0.08,-0.043879,1,0,0
0.12,0.08,-0.080977,1,0,0
0.14,0.08,-0.0704,1,0,0
0.16,0.08,-0.05634,1,0,0
0.18,0.08,-0.037089,1,0,0
0.2,0.08,-0.023391,1,0,0
0.22,0.08,-0.049628,1,0,0
0.24,0.08,-0.037874,1,0,0
0.26,0.08,0.012986,1,0,0
0.28,0.08,0.020993,1,0,0
0.3,0.08,0.0078146,1,0,0
0.32,0.08,-0.015536,1,0,0
0.34,0.08,0.0036377,1,0,0
0.36,0.08,0.023997,1,0,0
0.38,0.08,-0.0070392,1,0,0
0.4,0.08,0.032007,1,0,0
0.42,0.08,-0.0072267,1,0,0
0.44,0.08,0.011355,1,0,0
0.46,0.08,-0.0018241,1,0,0
0.48,0.08,-0.0055414,1,0,0
0.5,0.08,-0.010267,1,0,0
0.52,0.08,-0.00020921,1,0,0
0.54,0.08,-0.016814,1,0,0
0.56,0.08,-0.013198,1,0,0
0.58,0.08,-0.04218,1,0,0
0.6,0.08,-0.019744,1,0,0
0.62,0.08,-0.018499,1,0,0
0.64,0.08,-0.011665,1,0,0
0.66,0.08,-0.028703,1,0,0
0.68,0.08,-0.0097842,1,0,0
0.7,0.08,-0.070781,1,0,0
0.72,0.08,-0.074623,1,0,0
0.74,0.08,-0.089639,1,0,0
0.76,0.08,-0.12395,1,0,0
0.78,0.08,-0.093059,1,0,0
0.8,0.08,-0.067986,1,0,0
0.82,0.08,-0.069037,1,0,0
0.84,0.08,-0.046605,1,0,0
0.86,0.08,-0.039446,1,0,0
0.88,0.08,-0.058554,1,0,0
0.9,0.08,-0.070574,1,0,0
0.92,0.08,-0.053757,1,0,0
0.94,0.08,-0.030637,1,0,0
0.96,0.08,-0.017619,1,0,0
0.98,0.08,-0.030282,1,0,0
0.02,0.1,-0.074652,1,0,0
0.04,0.1,-0.083838,1,0,0
0.06,0.1,-0.075724,1,0,0
0.08,0.1,-0.040365,1,0,0
0.1,0.1,-0.068691,1,0,0
0.12,0.1,-0.06306,1,0,0
0.14,0.1,-0.062471,1,0,0
0.16,0.1,-0.049429,1,0,0
0.18,0.1,-0.053278,1,0,0
0.2,0.1,-0.020998,1,0,0
0.22,0.1,-0.051288,1,0,0
0.24,0.1,-0.040534,1,0,0
0.26,0.1,-0.014941,1,0,0
0.28,0.1,0.00014518,1,0,0
0.3,0.1,-0.028998,1,0,0
0.32,0.1,0.0023181,1,0,0
0.34,0.1,0.025775,1,0,0
0.36,0.1,0.014809,1,0,0
0.38,0.1,-0.024269,1,0,0
0.4,0.1,-0.050567,1,0,0
0.42,0.1,-0.0019752,1,0,0
0.44,0.1,-0.014692,1,0,0
0.46,0.1,-0.0092408,1,0,0
0.48,0.1,-0.01295,1,0,0
0.5,0.1,0.030154,1,0,0
0.52,0.1,0.026055,1,0,0
0.54,0.1,-0.0047506,1,0,0
0.56,0.1,-0.019643,1,0,0
0.58,0.1,-0.053212,1,0,0
0.6,0.1,-0.031099,1,0,0
0.62,0.1,-0.033679,1,0,0
0.64,0.1,-0.039116,1,0,0
0.66,0.1,-0.049666,1,0,0
0.68,0.1,-0.072116,1,0,0
0.7,0.1,-0.068153,1,0,0
0.72,0.1,-0.051915,1,0,0
0.74,0.1,-0.070014,1,0,0
0.76,0.1,-0.097624,1,0,0
0.78,0.1,-0.12022,1,0,0
0.8,0.1,-0.079941,1,0,0
0.82,0.1,-0.087638,1,0,0
0.84,0.1,-0.046065,1,0,0
0.86,0.1,-0.058129,1,0,0
0.88,0.1,-0.087858,1,0,0
0.9,0.1,-0.08727,1,0,0
0.92,0.1,-0.058419,1,0,0
0.94,0.1,-0.018881,1,0,0
0.96,0.1,-0.047042,1,0,0
0.98,0.1,-0.057235,1,0,0
0.02,0.12,-0.079092,1,0,0
0.04,0.12,-0.059127,1,0,0
0.06,0.12,-0.076597,1,0,0
0.08,0.12,-0.051585,1,0,0
0.1,0.12,-0.067134,1,0,0
0.12,0.12,-0.063173,1,0,0
0.14,0.12,-0.061821,1,0,0
0.16,0.12,-0.028813,1,0,0
0.18,0.12,-0.043152,1,0,0
0.2,0.12,-0.042156,1,0,0
0.22,0.12,-0.049221,1,0,0
0.24,0.12,-0.058322,1,0,0
0.26,0.12,-0.0227,1,0,0
0.28,0.12,-0.0026114,1,0,0
0.3,0.12,0.013858,1,0,0
0.32,0.12,0.0075378,1,0,0
0.34,0.12,0.019809,1,0,0
0.36,0.12,0.031192,1,0,0
0.38,0.12,-0.0070369,1,0,0
0.4,0.12,-0.049955,1,0,0
0.42,0.12,-0.021136,1,0,0
0.44,0.12,0.012044,1,0,0
0.46,0.12,-0.021689,1,0,0
0.48,0.12,-0.0037336,1,0,0
0.5,0.12,0.024332,1,0,0
0.52,0.12,0.017225,1,0,0
0.54,0.12,-0.0038326,1,0,0
0.56,0.12,-0.010853,1,0,0
0.58,0.12,-0.020797,1,0,0
0.6,0.12,-0.039105,1,0,0
0.62,0.12,-0.031511,1,0,0
0.64,0.12,-0.041909,1,0,0
0.66,0.12,-0.031619,1,0,0
0.68,0.12,-0.065082,1,0,0
0.7,0.12,-0.041642,1,0,0
0.72,0.12,-0.085331,1,0,0
0.74,0.12,-0.067882,1,0,0
0.76,0.12,-0.088297,1,0,0
0.78,0.12,-0.077674,1,0,0
0.8,0.12,-0.068224,1,0,0
0.82,0.12,-0.088216,1,0,0
0.84,0.12,-0.074178,1,0,0
0.86,0.12,-0.098593,1,0,0
0.88,0.12,-0.069657,1,0,0
0.9,0.12,-0.059352,1,0,0
0.92,0.12,-0.04706,1,0,0
0.94,0.12,-0.035926,1,0,0
0.96,0.12,-0.029006,1,0,0
0.98,0.12,-0.046937,1,0,0
0.02,0.14,-0.060326,1,0,0
0.04,0.14,-0.068508,1,0,0
0.06,0.14,-0.04288,1,0,0
0.08,0.14,-0.029527,1,0,0
0.1,0.14,-0.038199,1,0,0
0.12,0.14,-0.058698,1,0,0
0.14,0.14,-0.064693,1,0,0
0.16,0.14,-0.059728,1,0,0
0.18,0.14,-0.077614,1,0,0
0.2,0.14,-0.020698,1,0,0
0.22,0.14,-0.057133,1,0,0
0.24,0.14,-0.040635,1,0,0
0.26,0.14,0.004164,1,0,0
0.28,0.14,-0.013852,1,0,0
0.3,0.14,-0.001123,1,0,0
0.32,0.14,0.028039,1,0,0
0.34,0.14,0.017322,1,0,0
0.36,0.14,0.020189,1,0,0
0.38,0.14,0.0080339,1,0,0
0.4,0.14,-0.023945,1,0,0
0.42,0.14,-0.059689,1,0,0
0.44,0.14,-0.021119,1,0,0
0.46,0.14,-0.0041853,1,0,0
0.48,0.14,0.005849,1,0,0
0.5,0.14,0.009591,1,0,0
0.52,0.14,-0.012934,1,0,0
0.54,0.14,0.0056229,1,0,0
0.56,0.14,-0.021115,1,0,0
0.58,0.14,-0.0097322,1,0,0
0.6,0.14,-0.0087198,1,0,0
0.62,0.14,-0.012467,1,0,0
0.64,0.14,-0.028036,1,0,0
0.66,0.14,-0.049904,1,0,0
0.68,0.14,-0.058201,1,0,0
0.7,0.14,-0.074405,1,0,0
0.72,0.14,-0.086024,1,0,0
0.74,0.14,-0.057708,1,0,0
0.76,0.14,-0.073131,1,0,0
0.78,0.14,-0.037462,1,0,0
0.8,0.14,-0.051515,1,0,0
0.82,0.14,-0.05984,1,0,0
0.84,0.14,-0.084496,1,0,0
0.86,0.14,-0.05513,1,0,0
0.88,0.14,-0.023938,1,0,0
0.9,0.14,-0.033786,1,0,0
0.92,0.14,-0.03573,1,0,0
0.94,0.14,-0.032371,1,0,0
0.96,0.14,-0.026225,1,0,0
0.98,0.14,-0.022934,1,0,0
0.02,0.16,-0.039383,1,0,0
0.04,0.16,-0.033669,1,0,0
0.06,0.16,-0.05213,1,0,0
0.08,0.16,-0.014302,1,0,0
0.1,0.16,-0.028883,1,0,0
0.12,0.16,-0.045502,1,0,0
0.14,0.16,-0.056689,1,0,0
0.16,0.16,-0.041744,1,0,0
0.18,0.16,-0.055718,1,0,0
0.2,0.16,-0.046639,1,0,0
0.22,0.16,-0.052327,1,0,0
0.24,0.16,-0.012678,1,0,0
0.26,0.16,0.023489,1,0,0
0.28,0.16,0.012332,1,0,0
0.3,0.16,-0.015608,1,0,0
0.32,0.16,0.049034,1,0,0
0.34,0.16,0.028617,1,0,0
0.36,0.16,0.023865,1,0,0
0.38,0.16,0.0005179,1,0,0
0.4,0.16,-0.02347,1,0,0
0.42,0.16,-0.020555,1,0,0
0.44,0.16,-0.0013449,1,0,0
0.46,0.16,-0.0071926,1,0,0
0.48,0.16,0.010108,1,0,0
0.5,0.16,0.013496,1,0,0
0.52,0.16,0.00022486,1,0,0
0.54,0.16,0.0396,1,0,0
0.56,0.16,0.018971,1,0,0
0.58,0.16,-0.027994,1,0,0
0.6,0.16,-0.015467,1,0,0
0.62,0.16,-0.0085973,1,0,0
0.64,0.16,-0.028656,1,0,0
0.66,0.16,-0.031062,1,0,0
0.68,0.16,-0.020804,1,0,0
0.7,0.16,-0.038783,1,0,0
0.72,0.16,-0.088289,1,0,0
0.74,0.16,-0.081819,1,0,0
0.76,0.16,-0.017768,1,0,0
0.78,0.16,-0.052833,1,0,0
0.8,0.16,-0.040921,1,0,0
0.82,0.16,-0.046688,1,0,0
0.84,0.16,-0.023529,1,0,0
0.86,0.16,-0.023121,1,0,0
0.88,0.16,-0.0037462,1,0,0
0.9,0.16,0.003417,1,0,0
0.92,0.16,-0.0066457,1,0,0
0.94,0.16,-0.030112,1,0,0
0.96,0.16,-0.050375,1,0,0
0.98,0.16,-0.060613,1,0,0
0.02,0.18,-0.063502,1,0,0
0.04,0.18,-0.070288,1,0,0
0.06,0.18,-0.059882,1,0,0
0.08,0.18,-0.027091,1,0,0
0.1,0.18,-0.024061,1,0,0
0.12,0.18,-0.048334,1,0,0
0.14,0.18,-0.025089,1,0,0
0.16,0.18,-0.058636,1,0,0
0.18,0.18,-0.077247,1,0,0
0.2,0.18,-0.056031,1,0,0
0.22,0.18,-0.036552,1,0,0
0.24,0.18,-0.027835,1,0,0
0.26,0.18,-0.010467,1,0,0
0.28,0.18,-0.021604,1,0,0
0.3,0.18,-0.036341,1,0,0
0.32,0.18,0.0056737,1,0,0
0.34,0.18,0.021351,1,0,0
0.36,0.18,0.034153,1,0,0
0.38,0.18,-0.010128,1,0,0
0.4,0.18,-0.017133,1,0,0
0.42,0.18,-0.014013,1,0,0
0.44,0.18,-0.023913,1,0,0
0.46,0.18,-0.054248,1,0,0
0.48,0.18,-0.036979,1,0,0
0.5,0.18,-0.035476,1,0,0
0.52,0.18,0.0087866,1,0,0
0.54,0.18,-0.02924,1,0,0
0.56,0.18,-0.0063964,1,0,0
0.58,0.18,-0.034561,1,0,0
0.6,0.18,0.0011941,1,0,0
0.62,0.18,-0.045917,1,0,0
0.64,0.18,-0.040066,1,0,0
0.66,0.18,-0.036686,1,0,0
0.68,0.18,-0.025317,1,0,0
0.7,0.18,-0.045896,1,0,0
0.72,0.18,-0.030551,1,0,0
0.74,0.18,-0.054674,1,0,0
0.76,0.18,-0.055336,1,0,0
0.78,0.18,-0.039364,1,0,0
0.8,0.18,-0.033362,1,0,0
0.82,0.18,-0.064486,1,0,0
0.84,0.18,-0.032156,1,0,0
0.86,0.18,-0.0010865,1,0,0
0.88,0.18,-0.017475,1,0,0
0.9,0.18,-0.025133,1,0,0
0.92,0.18,-0.025702,1,0,0
0.94,0.18,-0.0026502,1,0,0
0.96,0.18,-0.044141,1,0,0
0.98,0.18,-0.056244,1,0,0
0.02,0.2,-0.084655,1,0,0
0.04,0.2,-0.072135,1,0,0
0.06,0.2,-0.027244,1,0,0
0.08,0.2,-0.026791,1,0,0
0.1,0.2,-0.018966,1,0,0
0.12,0.2,-0.029851,1,0,0
0.14,0.2,-0.045777,1,0,0
0.16,0.2,-0.057083,1,0,0
0.18,0.2,-0.081095,1,0,0
0.2,0.2,-0.036035,1,0,0
0.22,0.2,-0.02001,1,0,0
0.24,0.2,-0.024665,1,0,0
0.26,0.2,-0.0056026,1,0,0
0.28,0.2,0.0077092,1,0,0
0.3,0.2,-0.016669,1,0,0
0.32,0.2,-0.035999,1,0,0
0.34,0.2,-0.022257,1,0,0
0.36,0.2,-0.026852,1,0,0
0.38,0.2,-0.026657,1,0,0
0.4,0.2,-0.022995,1,0,0
0.42,0.2,-0.0096336,1,0,0
0.44,0.2,-0.0063538,1,0,0
0.46,0.2,-0.0676,1,0,0
0.48,0.2,-0.018482,1,0,0
0.5,0.2,-0.027406,1,0,0
0.52,0.2,-0.027608,1,0,0
0.54,0.2,-0.025826,1,0,0
0.56,0.2,-0.024897,1,0,0
0.58,0.2,-0.051129,1,0,0
0.6,0.2,0.0054567,1,0,0
0.62,0.2,-0.061282,1,0,0
0.64,0.2,-0.014887,1,0,0
0.66,0.2,-0.052537,1,0,0
0.68,0.2,-0.012464,1,0,0
0.7,0.2,-0.04167,1,0,0
0.72,0.2,-0.032006,1,0,0
0.74,0.2,-0.064589,1,0,0
0.76,0.2,-0.048775,1,0,0
0.78,0.2,-0.020532,1,0,0
0.8,0.2,-0.013378,1,0,0
0.82,0.2,-0.027596,1,0,0
0.84,0.2,-0.027011,1,0,0
0.86,0.2,0.0086326,1,0,0
0.88,0.2,-0.013272,1,0,0
0.9,0.2,-0.020049,1,0,0
0.92,0.2,-0.040948,1,0,0
0.94,0.2,-0.032231,1,0,0
0.96,0.2,-0.044957,1,0,0
0.98,0.2,-0.062695,1,0,0
0.02,0.22,-0.11028,1,0,0
0.04,0.22,-0.066125,1,0,0
0.06,0.22,-0.071439,1,0,0
0.08,0.22,-0.015351,1,0,0
0.1,0.22,-0.028775,1,0,0
0.12,0.22,-0.036346,1,0,0
0.14,0.22,-0.057726,1,0,0
0.16,0.22,-0.041577,1,0,0
0.18,0.22,-0.057491,1,0,0
0.2,0.22,-0.054217,1,0,0
0.22,0.22,-0.036695,1,0,0
0.24,0.22,-0.026204,1,0,0
0.26,0.22,-0.010181,1,0,0
0.28,0.22,-0.0053824,1,0,0
0.3,0.22,0.017858,1,0,0
0.32,0.22,-0.029888,1,0,0
0.34,0.22,-0.02855,1,0,0
0.36,0.22,-0.018418,1,0,0
0.38,0.22,-0.039007,1,0,0
0.4,0.22,-0.03621,1,0,0
0.42,0.22,-0.060405,1,0,0
0.44,0.22,-0.061897,1,0,0
0.46,0.22,-0.078049,1,0,0
0.48,0.22,-0.035795,1,0,0
0.5,0.22,-0.030146,1,0,0
0.52,0.22,-0.021569,1,0,0
0.54,0.22,-0.053827,1,0,0
0.56,0.22,-0.024625,1,0,0
0.58,0.22,-0.015255,1,0,0
0.6,0.22,-0.013058,1,0,0
0.62,0.22,-0.016517,1,0,0
0.64,0.22,-0.036873,1,0,0
0.66,0.22,-0.046603,1,0,0
0.68,0.22,-0.028416,1,0,0
0.7,0.22,-0.048849,1,0,0
0.72,0.22,-0.027164,1,0,0
0.74,0.22,-0.044664,1,0,0
0.76,0.22,-0.035694,1,0,0
0.78,0.22,-0.011201,1,0,0
0.8,0.22,-0.017651,1,0,0
0.82,0.22,-0.080319,1,0,0
0.84,0.22,-0.032427,1,0,0
0.86,0.22,-0.017034,1,0,0
0.88,0.22,-0.0045453,1,0,0
0.9,0.22,-0.017447,1,0,0
0.92,0.22,-0.034879,1,0,0
0.94,0.22,-0.033026,1,0,0
0.96,0.22,-0.039251,1,0,0
0.98,0.22,-0.045638,1,0,0
0.02,0.24,-0.047571,1,0,0
0.04,0.24,-0.036321,1,0,0
0.06,0.24,-0.065686,1,0,0
0.08,0.24,-0.034575,1,0,0
0.1,0.24,-0.01698,1,0,0
0.12,0.24,-0.021082,1,0,0
0.14,0.24,-0.037083,1,0,0
0.16,0.24,-0.035295,1,0,0
0.18,0.24,-0.033971,1,0,0
0.2,0.24,-0.079692,1,0,0
0.22,0.24,-0.05863,1,0,0
0.24,0.24,-0.027051,1,0,0
0.26,0.24,-0.03741,1,0,0
0.28,0.24,-0.012237,1,0,0
0.3,0.24,0.00040787,1,0,0
0.32,0.24,0.030838,1,0,0
0.34,0.24,0.0039062,1,0,0
0.36,0.24,-0.043681,1,0,0
0.38,0.24,-0.055486,1,0,0
0.4,0.24,-0.054387,1,0,0
0.42,0.24,-0.049941,1,0,0
0.44,0.24,-0.069631,1,0,0
0.46,0.24,-0.092617,1,0,0
0.48,0.24,-0.078238,1,0,0
0.5,0.24,-0.060716,1,0,0
0.52,0.24,-0.01477,1,0,0
0.54,0.24,-0.02946,1,0,0
0.56,0.24,-0.042707,1,0,0
0.58,0.24,-0.033715,1,0,0
0.6,0.24,0.020997,1,0,0
0.62,0.24,-0.0043306,1,0,0
0.64,0.24,-0.040449,1,0,0
0.66,0.24,-0.015278,1,0,0
0.68,0.24,-0.03882,1,0,0
0.7,0.24,-0.015149,1,0,0
0.72,0.24,-0.011855,1,0,0
0.74,0.24,-0.023536,1,0,0
0.76,0.24,-0.041095,1,0,0
0.78,0.24,-0.021451,1,0,0
0.8,0.24,-0.0422,1,0,0
0.82,0.24,-0.062124,1,0,0
0.84,0.24,-0.022039,1,0,0
0.86,0.24,-0.0068342,1,0,0
0.88,0.24,-0.048629,1,0,0
0.9,0.24,0.00074991,1,0,0
0.92,0.24,0.017782,1,0,0
0.94,0.24,0.022336,1,0,0
0.96,0.24,0.00045913,1,0,0
0.98,0.24,-0.045592,1,0,0
0.02,0.26,-0.072223,1,0,0
0.04,0.26,-0.053745,1,0,0
0.06,0.26,-0.04972,1,0,0
0.08,0.26,-0.053514,1,0,0
0.1,0.26,-0.018732,1,0,0
0.12,0.26,-0.042335,1,0,0
0.14,0.26,-0.064618,1,0,0
0.16,0.26,-0.057636,1,0,0
0.18,0.26,-0.069615,1,0,0
0.2,0.26,-0.07174,1,0,0
0.22,0.26,-0.0787,1,0,0
0.24,0.26,-0.017102,1,0,0
0.26,0.26,-0.033871,1,0,0
0.28,0.26,0.0055685,1,0,0
0.3,0.26,0.001436,1,0,0
0.32,0.26,-0.0073022,1,0,0
0.34,0.26,0.0028402,1,0,0
0.36,0.26,-0.025965,1,0,0
0.38,0.26,-0.071598,1,0,0
0.4,0.26,-0.056733,1,0,0
0.42,0.26,-0.05651,1,0,0
0.44,0.26,-0.084565,1,0,0
0.46,0.26,-0.066977,1,0,0
0.48,0.26,-0.066595,1,0,0
0.5,0.26,-0.042472,1,0,0
0.52,0.26,-0.035569,1,0,0
0.54,0.26,-0.040085,1,0,0
0.56,0.26,-0.051972,1,0,0
0.58,0.26,-0.026797,1,0,0
0.6,0.26,-0.0075082,1,0,0
0.62,0.26,0.0018533,1,0,0
0.64,0.26,-0.048019,1,0,0
0.66,0.26,-0.040511,1,0,0
0.68,0.26,0.0079448,1,0,0
0.7,0.26,-0.020163,1,0,0
0.72,0.26,-0.040304,1,0,0
0.74,0.26,-0.031799,1,0,0
0.76,0.26,-0.052182,1,0,0
0.78,0.26,-0.018794,1,0,0
0.8,0.26,-0.056635,1,0,0
0.82,0.26,-0.062951,1,0,0
0.84,0.26,-0.026172,1,0,0
0.86,0.26,-0.030466,1,0,0
0.88,0.26,-0.029461,1,0,0
0.9,0.26,0.0014168,1,0,0
0.92,0.26,-0.018462,1,0,0
0.94,0.26,-0.009664,1,0,0
0.96,0.26,0.022157,1,0,0
0.98,0.26,-0.016707,1,0,0
0.02,0.28,-0.076858,1,0,0
0.04,0.28,-0.072548,1,0,0
0.06,0.28,-0.043029,1,0,0
0.08,0.28,-0.041294,1,0,0
0.1,0.28,-0.080324,1,0,0
0.12,0.28,-0.045802,1,0,0
0.14,0.28,-0.045547,1,0,0
0.16,0.28,-0.07846,1,0,0
0.18,0.28,-0.090502,1,0,0
0.2,0.28,-0.033085,1,0,0
0.22,0.28,-0.047106,1,0,0
0.24,0.28,-0.048439,1,0,0
0.26,0.28,-0.021752,1,0,0
0.28,0.28,0.0024275,1,0,0
0.3,0.28,-0.0065261,1,0,0
0.32,0.28,-0.0022537,1,0,0
0.34,0.28,-0.008519,1,0,0
0.36,0.28,-0.03221,1,0,0
0.38,0.28,-0.05004,1,0,0
0.4,0.28,-0.055714,1,0,0
0.42,0.28,-0.066902,1,0,0
0.44,0.28,-0.053005,1,0,0
0.46,0.28,-0.072407,1,0,0
0.48,0.28,-0.04725,1,0,0
0.5,0.28,-0.013715,1,0,0
0.52,0.28,-0.017778,1,0,0
0.54,0.28,-0.018347,1,0,0
0.56,0.28,-0.054351,1,0,0
0.58,0.28,-0.030311,1,0,0
0.6,0.28,-0.047372,1,0,0
0.62,0.28,-0.057737,1,0,0
0.64,0.28,-0.051646,1,0,0
0.66,0.28,-0.022798,1,0,0
0.68,0.28,-0.00031096,1,0,0
0.7,0.28,-0.022276,1,0,0
0.72,0.28,-0.0042866,1,0,0
0.74,0.28,-0.019883,1,0,0
0.76,0.28,-0.039346,1,0,0
0.78,0.28,-0.020427,1,0,0
0.8,0.28,-0.0050753,1,0,0
0.82,0.28,-0.046343,1,0,0
0.84,0.28,-0.0451,1,0,0
0.86,0.28,-0.017237,1,0,0
0.88,0.28,0.0072309,1,0,0
0.9,0.28,-0.010069,1,0,0
0.92,0.28,-0.0001384,1,0,0
0.94,0.28,0.018871,1,0,0
0.96,0.28,0.03802,1,0,0
0.98,0.28,0.014124,1,0,0
0.02,0.3,-0.071917,1,0,0
0.04,0.3,-0.082757,1,0,0
0.06,0.3,-0.071414,1,0,0
0.08,0.3,-0.060166,1,0,0
0.1,0.3,-0.095813,1,0,0
0.12,0.3,-0.064178,1,0,0
0.14,0.3,-0.049408,1,0,0
0.16,0.3,-0.084175,1,0,0
0.18,0.3,-0.078329,1,0,0
0.2,0.3,-0.065067,1,0,0
0.22,0.3,-0.073513,1,0,0
0.24,0.3,-0.066339,1,0,0
0.26,0.3,-0.044878,1,0,0
0.28,0.3,-0.018853,1,0,0
0.3,0.3,-0.031342,1,0,0
0.32,0.3,-0.017832,1,0,0
0.34,0.3,-0.00011231,1,0,0
0.36,0.3,0.0029351,1,0,0
0.38,0.3,-0.038151,1,0,0
0.4,0.3,-0.06564,1,0,0
0.42,0.3,-0.063058,1,0,0
0.44,0.3,-0.045197,1,0,0
0.46,0.3,-0.061693,1,0,0
0.48,0.3,-0.031743,1,0,0
0.5,0.3,-0.012226,1,0,0
0.52,0.3,-0.0075755,1,0,0
0.54,0.3,-0.06213,1,0,0
0.56,0.3,-0.011851,1,0,0
0.58,0.3,-0.053515,1,0,0
0.6,0.3,-0.082185,1,0,0
0.62,0.3,-0.072334,1,0,0
0.64,0.3,-0.059395,1,0,0
0.66,0.3,-0.056297,1,0,0
0.68,0.3,0.014382,1,0,0
0.7,0.3,-0.005381,1,0,0
0.72,0.3,-0.016714,1,0,0
0.74,0.3,-0.030049,1,0,0
0.76,0.3,-0.023667,1,0,0
0.78,0.3,-0.022545,1,0,0
0.8,0.3,-0.030522,1,0,0
0.82,0.3,-0.041102,1,0,0
0.84,0.3,-0.043071,1,0,0
0.86,0.3,-0.008535,1,0,0
0.88,0.3,-0.0013103,1,0,0
0.9,0.3,0.013623,1,0,0
0.92,0.3,-0.013279,1,0,0
0.94,0.3,0.015554,1,0,0
0.96,0.3,0.044986,1,0,0
0.98,0.3,0.030241,1,0,0
0.02,0.32,-0.019523,1,0,0
0.04,0.32,-0.03714,1,0,0
0.06,0.32,-0.070771,1,0,0
0.08,0.32,-0.058824,1,0,0
0.1,0.32,-0.079943,1,0,0
0.12,0.32,-0.070627,1,0,0
0.14,0.32,-0.063383,1,0,0
0.16,0.32,-0.082668,1,0,0
0.18,0.32,-0.090753,1,0,0
0.2,0.32,-0.06001,1,0,0
0.22,0.32,-0.08184,1,0,0
0.24,0.32,-0.047935,1,0,0
0.26,0.32,-0.019073,1,0,0
0.28,0.32,-0.029596,1,0,0
0.3,0.32,-0.021013,1,0,0
0.32,0.32,0.024752,1,0,0
0.34,0.32,0.023445,1,0,0
0.36,0.32,-0.011919,1,0,0
0.38,0.32,-0.039325,1,0,0
0.4,0.32,-0.048671,1,0,0
0.42,0.32,-0.023108,1,0,0
0.44,0.32,0.019801,1,0,0
0.46,0.32,-0.038389,1,0,0
0.48,0.32,-0.019626,1,0,0
0.5,0.32,-0.015897,1,0,0
0.52,0.32,-0.0010412,1,0,0
0.54,0.32,-0.033938,1,0,0
0.56,0.32,-0.029757,1,0,0
0.58,0.32,-0.05491,1,0,0
0.6,0.32,-0.051916,1,0,0
0.62,0.32,-0.023961,1,0,0
0.64,0.32,-0.016624,1,0,0
0.66,0.32,-0.023561,1,0,0
0.68,0.32,0.0046954,1,0,0
0.7,0.32,0.00886,1,0,0
0.72,0.32,-0.0058063,1,0,0
0.74,0.32,-0.038013,1,0,0
0.76,0.32,-0.027761,1,0,0
0.78,0.32,-0.038191,1,0,0
0.8,0.32,-0.02384,1,0,0
0.82,0.32,-0.023917,1,0,0
0.84,0.32,0.026674,1,0,0
0.86,0.32,-0.007917,1,0,0
0.88,0.32,0.031777,1,0,0
0.9,0.32,0.001689,1,0,0
0.92,0.32,0.042538,1,0,0
0.94,0.32,0.063334,1,0,0
0.96,0.32,0.040168,1,0,0
0.98,0.32,0.025611,1,0,0
0.02,0.34,-0.029479,1,0,0
0.04,0.34,-0.077717,1,0,0
0.06,0.34,-0.076373,1,0,0
0.08,0.34,-0.082963,1,0,0
0.1,0.34,-0.090809,1,0,0
0.12,0.34,-0.11038,1,0,0
0.14,0.34,-0.096149,1,0,0
0.16,0.34,-0.063672,1,0,0
0.18,0.34,-0.057655,1,0,0
0.2,0.34,-0.042597,1,0,0
0.22,0.34,-0.10448,1,0,0
0.24,0.34,-0.066369,1,0,0
0.26,0.34,-0.030596,1,0,0
0.28,0.34,-0.035957,1,0,0
0.3,0.34,-0.042539,1,0,0
0.32,0.34,-0.002181,1,0,0
0.34,0.34,-0.017922,1,0,0
0.36,0.34,-0.039895,1,0,0
0.38,0.34,-0.034772,1,0,0
0.4,0.34,-0.061886,1,0,0
0.42,0.34,-0.078307,1,0,0
0.44,0.34,-0.0022265,1,0,0
0.46,0.34,-0.022784,1,0,0
0.48,0.34,-0.015454,1,0,0
0.5,0.34,-0.018051,1,0,0
0.52,0.34,-0.027411,1,0,0
0.54,0.34,-0.033375,1,0,0
0.56,0.34,-0.044506,1,0,0
0.58,0.34,-0.026321,1,0,0
0.6,0.34,-0.026545,1,0,0
0.62,0.34,-0.024439,1,0,0
0.64,0.34,-0.023341,1,0,0
0.66,0.34,-0.045782,1,0,0
0.68,0.34,-0.0082433,1,0,0
0.7,0.34,-0.03102,1,0,0
0.72,0.34,-0.062157,1,0,0
0.74,0.34,-0.041263,1,0,0
0.76,0.34,-0.030251,1,0,0
0.78,0.34,-0.036713,1,0,0
0.8,0.34,-0.022231,1,0,0
0.82,0.34,-0.021329,1,0,0
0.84,0.34,0.0086888,1,0,0
0.86,0.34,0.015974,1,0,0
0.88,0.34,0.056943,1,0,0
0.9,0.34,0.021737,1,0,0
0.92,0.34,0.048463,1,0,0
0.94,0.34,0.034633,1,0,0
0.96,0.34,0.039716,1,0,0
0.98,0.34,0.024747,1,0,0
0.02,0.36,-0.067366,1,0,0
0.04,0.36,-0.099202,1,0,0
0.06,0.36,-0.11048,1,0,0
0.08,0.36,-0.074744,1,0,0
0.1,0.36,-0.084531,1,0,0
0.12,0.36,-0.12223,1,0,0
0.14,0.36,-0.060186,1,0,0
0.16,0.36,-0.05433,1,0,0
0.18,0.36,-0.050497,1,0,0
0.2,0.36,-0.043593,1,0,0
0.22,0.36,-0.089939,1,0,0
0.24,0.36,-0.094195,1,0,0
0.26,0.36,-0.054346,1,0,0
0.28,0.36,-0.04684,1,0,0
0.3,0.36,-0.0358,1,0,0
0.32,0.36,-0.0033786,1,0,0
0.34,0.36,-0.05327,1,0,0
0.36,0.36,-0.034322,1,0,0
0.38,0.36,-0.027716,1,0,0
0.4,0.36,-0.077377,1,0,0
0.42,0.36,-0.060134,1,0,0
0.44,0.36,-0.014839,1,0,0
0.46,0.36,-0.027462,1,0,0
0.48,0.36,-0.017276,1,0,0
0.5,0.36,0.0016637,1,0,0
0.52,0.36,-0.015708,1,0,0
0.54,0.36,-0.025571,1,0,0
0.56,0.36,-0.019602,1,0,0
0.58,0.36,-0.025181,1,0,0
0.6,0.36,-0.029035,1,0,0
0.62,0.36,-0.014888,1,0,0
0.64,0.36,-0.014105,1,0,0
0.66,0.36,-0.038279,1,0,0
0.68,0.36,-0.029753,1,0,0
0.7,0.36,-0.028071,1,0,0
0.72,0.36,-0.028529,1,0,0
0.74,0.36,-0.017969,1,0,0
0.76,0.36,-0.035237,1,0,0
0.78,0.36,-0.053409,1,0,0
0.8,0.36,-0.046323,1,0,0
0.82,0.36,-0.0072929,1,0,0
0.84,0.36,-0.03539,1,0,0
0.86,0.36,0.004582,1,0,0
0.88,0.36,0.04242,1,0,0
0.9,0.36,0.035349,1,0,0
0.92,0.36,0.015548,1,0,0
0.94,0.36,0.045052,1,0,0
0.96,0.36,0.025947,1,0,0
0.98,0.36,-0.0073961,1,0,0
0.02,0.38,-0.080513,1,0,0
0.04,0.38,-0.077853,1,0,0
0.06,0.38,-0.06922,1,0,0
0.08,0.38,-0.046182,1,0,0
0.1,0.38,-0.095644,1,0,0
0.12,0.38,-0.074098,1,0,0
0.14,0.38,-0.05862,1,0,0
0.16,0.38,-0.068151,1,0,0
0.18,0.38,-0.033513,1,0,0
0.2,0.38,-0.031817,1,0,0
0.22,0.38,-0.053452,1,0,0
0.24,0.38,-0.066441,1,0,0
0.26,0.38,-0.013713,1,0,0
0.28,0.38,-0.01603,1,0,0
0.3,0.38,-0.05094,1,0,0
0.32,0.38,-0.043202,1,0,0
0.34,0.38,-0.05127,1,0,0
0.36,0.38,-0.078649,1,0,0
0.38,0.38,-0.054087,1,0,0
0.4,0.38,-0.06353,1,0,0
0.42,0.38,-0.031233,1,0,0
0.44,0.38,0.0079489,1,0,0
0.46,0.38,-0.0046739,1,0,0
0.48,0.38,-0.011657,1,0,0
0.5,0.38,-0.0049363,1,0,0
0.52,0.38,-0.0069549,1,0,0
0.54,0.38,-0.0012608,1,0,0
0.56,0.38,-0.027475,1,0,0
0.58,0.38,-0.011401,1,0,0
0.6,0.38,-0.00069073,1,0,0
0.62,0.38,-0.0056002,1,0,0
0.64,0.38,-0.014484,1,0,0
0.66,0.38,-0.0065948,1,0,0
0.68,0.38,-0.016264,1,0,0
0.7,0.38,0.0038976,1,0,0
0.72,0.38,0.011722,1,0,0
0.74,0.38,-0.010397,1,0,0
0.76,0.38,-0.046321,1,0,0
0.78,0.38,-0.063761,1,0,0
0.8,0.38,-0.019211,1,0,0
0.82,0.38,-0.015841,1,0,0
0.84,0.38,0.020207,1,0,0
0.86,0.38,0.037846,1,0,0
0.88,0.38,0.031455,1,0,0
0.9,0.38,0.012995,1,0,0
0.92,0.38,0.036742,1,0,0
0.94,0.38,0.059747,1,0,0
0.96,0.38,0.025688,1,0,0
0.98,0.38,0.024239,1,0,0
0.02,0.4,-0.074721,1,0,0
0.04,0.4,-0.085299,1,0,0
0.06,0.4,-0.086727,1,0,0
0.08,0.4,-0.071082,1,0,0
0.1,0.4,-0.062124,1,0,0
0.12,0.4,-0.093289,1,0,0
0.14,0.4,-0.053371,1,0,0
0.16,0.4,-0.031573,1,0,0
0.18,0.4,-0.035525,1,0,0
0.2,0.4,-0.021281,1,0,0
0.22,0.4,-0.041485,1,0,0
0.24,0.4,-0.035398,1,0,0
0.26,0.4,-0.011021,1,0,0
0.28,0.4,-0.036883,1,0,0
0.3,0.4,-0.057744,1,0,0
0.32,0.4,-0.086513,1,0,0
0.34,0.4,-0.049225,1,0,0
0.36,0.4,-0.059324,1,0,0
0.38,0.4,-0.067467,1,0,0
0.4,0.4,-0.063662,1,0,0
0.42,0.4,-0.0029421,1,0,0
0.44,0.4,0.0053539,1,0,0
0.46,0.4,-0.021591,1,0,0
0.48,0.4,-0.0061103,1,0,0
0.5,0.4,-0.0040291,1,0,0
0.52,0.4,0.0077754,1,0,0
0.54,0.4,0.022829,1,0,0
0.56,0.4,0.020362,1,0,0
0.58,0.4,-0.0093947,1,0,0
0.6,0.4,-0.00062147,1,0,0
0.62,0.4,-0.01851,1,0,0
0.64,0.4,-0.014709,1,0,0
0.66,0.4,-0.056796,1,0,0
0.68,0.4,-0.016509,1,0,0
0.7,0.4,-0.011439,1,0,0
0.72,0.4,0.0098105,1,0,0
0.74,0.4,-0.0064211,1,0,0
0.76,0.4,-0.03607,1,0,0
0.78,0.4,-0.01625,1,0,0
0.8,0.4,-0.036674,1,0,0
0.82,0.4,0.00059699,1,0,0
0.84,0.4,0.050868,1,0,0
0.86,0.4,0.038495,1,0,0
0.88,0.4,0.022313,1,0,0
0.9,0.4,0.0058612,1,0,0
0.92,0.4,0.017091,1,0,0
0.94,0.4,0.057594,1,0,0
0.96,0.4,0.0091305,1,0,0
0.98,0.4,0.011563,1,0,0
0.02,0.42,-0.061424,1,0,0
0.04,0.42,-0.077446,1,0,0
0.06,0.42,-0.060364,1,0,0
0.08,0.42,-0.04265,1,0,0
0.1,0.42,-0.054937,1,0,0
0.12,0.42,-0.071865,1,0,0
0.14,0.42,-0.078982,1,0,0
0.16,0.42,-0.057131,1,0,0
0.18,0.42,-0.045767,1,0,0
0.2,0.42,-0.071877,1,0,0
0.22,0.42,-0.058332,1,0,0
0.24,0.42,-0.069532,1,0,0
0.26,0.42,-0.019664,1,0,0
0.28,0.42,-0.017711,1,0,0
0.3,0.42,-0.036312,1,0,0
0.32,0.42,-0.046881,1,0,0
0.34,0.42,-0.034088,1,0,0
0.36,0.42,-0.048855,1,0,0
0.38,0.42,-0.045286,1,0,0
0.4,0.42,-0.049435,1,0,0
0.42,0.42,-0.038949,1,0,0
0.44,0.42,-0.010909,1,0,0
0.46,0.42,-0.038275,1,0,0
0.48,0.42,0.0097656,1,0,0
0.5,0.42,-0.02031,1,0,0
0.52,0.42,0.0025736,1,0,0
0.54,0.42,0.01478,1,0,0
0.56,0.42,0.023977,1,0,0
0.58,0.42,-0.009314,1,0,0
0.6,0.42,0.0083077,1,0,0
0.62,0.42,-0.041296,1,0,0
0.64,0.42,-0.015766,1,0,0
0.66,0.42,-0.035848,1,0,0
0.68,0.42,-0.0079469,1,0,0
0.7,0.42,0.000607,1,0,0
0.72,0.42,-0.0036851,1,0,0
0.74,0.42,-0.027473,1,0,0
0.76,0.42,-0.038612,1,0,0
0.78,0.42,-0.032196,1,0,0
0.8,0.42,-0.038381,1,0,0
0.82,0.42,-0.045957,1,0,0
0.84,0.42,0.012121,1,0,0
0.86,0.42,0.049606,1,0,0
0.88,0.42,0.025284,1,0,0
0.9,0.42,0.050477,1,0,0
0.92,0.42,0.048203,1,0,0
0.94,0.42,0.0074195,1,0,0
0.96,0.42,0.0034453,1,0,0
0.98,0.42,0.001371,1,0,0
0.02,0.44,-0.025572,1,0,0
0.04,0.44,-0.012829,1,0,0
0.06,0.44,-0.043813,1,0,0
0.08,0.44,-0.026602,1,0,0
0.1,0.44,-0.039607,1,0,0
0.12,0.44,-0.046328,1,0,0
0.14,0.44,-0.060897,1,0,0
0.16,0.44,-0.056259,1,0,0
0.18,0.44,-0.071688,1,0,0
0.2,0.44,-0.092567,1,0,0
0.22,0.44,-0.071944,1,0,0
0.24,0.44,-0.056312,1,0,0
0.26,0.44,-0.048144,1,0,0
0.28,0.44,-0.029133,1,0,0
0.3,0.44,-0.023716,1,0,0
0.32,0.44,-0.033384,1,0,0
0.34,0.44,-0.038277,1,0,0
0.36,0.44,-0.015213,1,0,0
0.38,0.44,-0.055472,1,0,0
0.4,0.44,-0.034756,1,0,0
0.42,0.44,-0.030214,1,0,0
0.44,0.44,-0.0085985,1,0,0
0.46,0.44,-0.0013577,1,0,0
0.48,0.44,0.0054372,1,0,0
0.5,0.44,-0.033615,1,0,0
0.52,0.44,-0.0050768,1,0,0
0.54,0.44,-0.007298,1,0,0
0.56,0.44,0.017071,1,0,0
0.58,0.44,-0.0039667,1,0,0
0.6,0.44,-0.00082914,1,0,0
0.62,0.44,-0.024564,1,0,0
0.64,0.44,-0.057453,1,0,0
0.66,0.44,-0.05141,1,0,0
0.68,0.44,-0.016346,1,0,0
0.7,0.44,-0.034519,1,0,0
0.72,0.44,-0.0015776,1,0,0
0.74,0.44,-0.0195,1,0,0
0.76,0.44,-0.012857,1,0,0
0.78,0.44,-0.018495,1,0,0
0.8,0.44,-0.0034009,1,0,0
0.82,0.44,-0.041955,1,0,0
0.84,0.44,0.020173,1,0,0
0.86,0.44,-0.0015025,1,0,0
0.88,0.44,0.039615,1,0,0
0.9,0.44,0.051462,1,0,0
0.92,0.44,0.016959,1,0,0
0.94,0.44,0.00072094,1,0,0
0.96,0.44,0.031479,1,0,0
0.98,0.44,0.020268,1,0,0
0.02,0.46,-0.0065503,1,0,0
0.04,0.46,-0.045132,1,0,0
0.06,0.46,-0.044382,1,0,0
0.08,0.46,-0.076034,1,0,0
0.1,0.46,-0.063901,1,0,0
0.12,0.46,-0.06574,1,0,0
0.14,0.46,-0.057565,1,0,0
0.16,0.46,-0.053606,1,0,0
0.18,0.46,-0.081319,1,0,0
0.2,0.46,-0.091813,1,0,0
0.22,0.46,-0.069165,1,0,0
0.24,0.46,-0.042212,1,0,0
0.26,0.46,-0.071142,1,0,0
0.28,0.46,-0.016787,1,0,0
0.3,0.46,-0.025896,1,0,0
0.32,0.46,-0.02721,1,0,0
0.34,0.46,-0.014146,1,0,0
0.36,0.46,-0.023737,1,0,0
0.38,0.46,-0.073476,1,0,0
0.4,0.46,-0.040014,1,0,0
0.42,0.46,-0.0034147,1,0,0
0.44,0.46,0.024661,1,0,0
0.46,0.46,-0.012418,1,0,0
0.48,0.46,-0.017638,1,0,0
0.5,0.46,-0.025987,1,0,0
0.52,0.46,-0.01133,1,0,0
0.54,0.46,0.0030458,1,0,0
0.56,0.46,-0.010415,1,0,0
0.58,0.46,-0.026186,1,0,0
0.6,0.46,0.0035693,1,0,0
0.62,0.46,-0.046197,1,0,0
0.64,0.46,-0.05969,1,0,0
0.66,0.46,-0.071863,1,0,0
0.68,0.46,-0.041141,1,0,0
0.7,0.46,-0.065661,1,0,0
0.72,0.46,-0.03422,1,0,0
0.74,0.46,-0.022379,1,0,0
0.76,0.46,-0.043022,1,0,0
0.78,0.46,-0.019775,1,0,0
0.8,0.46,-0.010926,1,0,0
0.82,0.46,-0.02233,1,0,0
0.84,0.46,-0.004149,1,0,0
0.86,0.46,-0.020173,1,0,0
0.88,0.46,-0.0030137,1,0,0
0.9,0.46,-0.0024075,1,0,0
0.92,0.46,-0.022383,1,0,0
0.94,0.46,-0.010354,1,0,0
0.96,0.46,0.0081106,1,0,0
0.98,0.46,-0.041122,1,0,0
0.02,0.48,-0.070369,1,0,0
0.04,0.48,-0.053348,1,0,0
0.06,0.48,-0.06673,1,0,0
0.08,0.48,-0.065915,1,0,0
0.1,0.48,-0.065868,1,0,0
0.12,0.48,-0.058621,1,0,0
0.14,0.48,-0.054305,1,0,0
0.16,0.48,-0.055777,1,0,0
0.18,0.48,-0.05627,1,0,0
0.2,0.48,-0.078397,1,0,0
0.22,0.48,-0.097914,1,0,0
0.24,0.48,-0.077988,1,0,0
0.26,0.48,-0.054989,1,0,0
0.28,0.48,-0.052864,1,0,0
0.3,0.48,-0.060496,1,0,0
0.32,0.48,-0.031973,1,0,0
0.34,0.48,-0.0011356,1,0,0
0.36,0.48,-0.017334,1,0,0
0.38,0.48,-0.059117,1,0,0
0.4,0.48,-0.025878,1,0,0
0.42,0.48,-0.0254,1,0,0
0.44,0.48,-0.016462,1,0,0
0.46,0.48,-0.017951,1,0,0
0.48,0.48,-0.015404,1,0,0
0.5,0.48,-0.029875,1,0,0
0.52,0.48,-0.017222,1,0,0
0.54,0.48,-0.034907,1,0,0
0.56,0.48,-0.042472,1,0,0
0.58,0.48,-0.042728,1,0,0
0.6,0.48,-0.049945,1,0,0
0.62,0.48,-0.06744,1,0,0
0.64,0.48,-0.095302,1,0,0
0.66,0.48,-0.078827,1,0,0
0.68,0.48,-0.046539,1,0,0
0.7,0.48,-0.067463,1,0,0
0.72,0.48,-0.06914,1,0,0
0.74,0.48,-0.039008,1,0,0
0.76,0.48,-0.057461,1,0,0
0.78,0.48,-0.012089,1,0,0
0.8,0.48,-0.036725,1,0,0
0.82,0.48,-0.081771,1,0,0
0.84,0.48,-0.016133,1,0,0
0.86,0.48,-0.0063387,1,0,0
0.88,0.48,-0.021858,1,0,0
0.9,0.48,-0.038699,1,0,0
0.92,0.48,-0.028915,1,0,0
0.94,0.48,-0.03235,1,0,0
0.96,0.48,-0.043096,1,0,0
0.98,0.48,-0.02987,1,0,0
0.02,0.5,-0.047286,1,0,0
0.04,0.5,-0.034097,1,0,0
0.06,0.5,-0.069051,1,0,0
0.08,0.5,-0.013817,1,0,0
0.1,0.5,-0.066887,1,0,0
0.12,0.5,-0.055085,1,0,0
0.14,0.5,-0.07345,1,0,0
0.16,0.5,-0.062814,1,0,0
0.18,0.5,-0.080322,1,0,0
0.2,0.5,-0.058968,1,0,0
0.22,0.5,-0.053334,1,0,0
0.24,0.5,-0.058504,1,0,0
0.26,0.5,-0.055295,1,0,0
0.28,0.5,-0.022672,1,0,0
0.3,0.5,-0.029489,1,0,0
0.32,0.5,-0.015135,1,0,0
0.34,0.5,-0.028046,1,0,0
0.36,0.5,-0.022351,1,0,0
0.38,0.5,-0.012406,1,0,0
0.4,0.5,-0.019319,1,0,0
0.42,0.5,0.02085,1,0,0
0.44,0.5,-0.018083,1,0,0
0.46,0.5,-0.036203,1,0,0
0.48,0.5,-0.036215,1,0,0
0.5,0.5,-0.004268,1,0,0
0.52,0.5,-0.044381,1,0,0
0.54,0.5,-0.056424,1,0,0
0.56,0.5,-0.058355,1,0,0
0.58,0.5,-0.05473,1,0,0
0.6,0.5,-0.059714,1,0,0
0.62,0.5,-0.041937,1,0,0
0.64,0.5,-0.053822,1,0,0
0.66,0.5,-0.052461,1,0,0
0.68,0.5,-0.050481,1,0,0
0.7,0.5,-0.051638,1,0,0
0.72,0.5,-0.069588,1,0,0
0.74,0.5,-0.09804,1,0,0
0.76,0.5,-0.094367,1,0,0
0.78,0.5,-0.062378,1,0,0
0.8,0.5,-0.033539,1,0,0
0.82,0.5,-0.063169,1,0,0
0.84,0.5,-0.040885,1,0,0
0.86,0.5,-0.012859,1,0,0
0.88,0.5,-0.038074,1,0,0
0.9,0.5,-0.05229,1,0,0
0.92,0.5,-0.066485,1,0,0
0.94,0.5,-0.03274,1,0,0
0.96,0.5,-0.040746,1,0,0
0.98,0.5,-0.035698,1,0,0
0.02,0.52,-0.052818,1,0,0
0.04,0.52,-0.04047,1,0,0
0.06,0.52,-0.035975,1,0,0
0.08,0.52,-0.031239,1,0,0
0.1,0.52,-0.066363,1,0,0
0.12,0.52,-0.026239,1,0,0
0.14,0.52,-0.035523,1,0,0
0.16,0.52,-0.054547,1,0,0
0.18,0.52,-0.05116,1,0,0
0.2,0.52,-0.018402,1,0,0
0.22,0.52,-0.045397,1,0,0
0.24,0.52,-0.045634,1,0,0
0.26,0.52,-0.03704,1,0,0
0.28,0.52,-0.018864,1,0,0
0.3,0.52,-0.016928,1,0,0
0.32,0.52,-7.2416e-05,1,0,0
0.34,0.52,0.015906,1,0,0
0.36,0.52,0.0041821,1,0,0
0.38,0.52,0.0094325,1,0,0
0.4,0.52,0.01963,1,0,0
0.42,0.52,0.0029749,1,0,0
0.44,0.52,-0.015857,1,0,0
0.46,0.52,-0.030673,1,0,0
0.48,0.52,-0.041287,1,0,0
0.5,0.52,-0.020018,1,0,0
0.52,0.52,-0.015954,1,0,0
0.54,0.52,-0.046192,1,0,0
0.56,0.52,-0.044333,1,0,0
0.58,0.52,-0.031562,1,0,0
0.6,0.52,-0.014887,1,0,0
0.62,0.52,-0.020967,1,0,0
0.64,0.52,-0.057808,1,0,0
0.66,0.52,-0.059065,1,0,0
0.68,0.52,-0.05297,1,0,0
0.7,0.52,-0.06805,1,0,0
0.72,0.52,-0.084483,1,0,0
0.74,0.52,-0.085035,1,0,0
0.76,0.52,-0.11894,1,0,0
0.78,0.52,-0.057493,1,0,0
0.8,0.52,-0.041857,1,0,0
0.82,0.52,-0.030112,1,0,0
0.84,0.52,-0.021466,1,0,0
0.86,0.52,-0.011178,1,0,0
0.88,0.52,-0.045192,1,0,0
0.9,0.52,-0.074028,1,0,0
0.92,0.52,-0.086364,1,0,0
0.94,0.52,-0.050101,1,0,0
0.96,0.52,-0.023806,1,0,0
0.98,0.52,-0.0082803,1,0,0
0.02,0.54,-0.027913,1,0,0
0.04,0.54,-0.013962,1,0,0
0.06,0.54,-0.047455,1,0,0
0.08,0.54,-0.029811,1,0,0
0.1,0.54,-0.047073,1,0,0
0.12,0.54,-0.047695,1,0,0
0.14,0.54,-0.025274,1,0,0
0.16,0.54,-0.017779,1,0,0
0.18,0.54,-0.043719,1,0,0
0.2,0.54,-0.023626,1,0,0
0.22,0.54,-0.046842,1,0,0
0.24,0.54,-0.035773,1,0,0
0.26,0.54,-0.025166,1,0,0
0.28,0.54,-0.035646,1,0,0
0.3,0.54,-0.0066233,1,0,0
0.32,0.54,0.018606,1,0,0
0.34,0.54,0.005221,1,0,0
0.36,0.54,0.00018434,1,0,0
0.38,0.54,-0.021533,1,0,0
0.4,0.54,-0.014555,1,0,0
0.42,0.54,-0.0058475,1,0,0
0.44,0.54,0.025033,1,0,0
0.46,0.54,-0.055724,1,0,0
0.48,0.54,-0.028123,1,0,0
0.5,0.54,-0.0045932,1,0,0
0.52,0.54,-0.0046301,1,0,0
0.54,0.54,-0.046495,1,0,0
0.56,0.54,-0.071874,1,0,0
0.58,0.54,-0.072239,1,0,0
0.6,0.54,-0.058265,1,0,0
0.62,0.54,-0.036352,1,0,0
0.64,0.54,-0.062012,1,0,0
0.66,0.54,-0.053185,1,0,0
0.68,0.54,-0.058026,1,0,0
0.7,0.54,-0.063366,1,0,0
0.72,0.54,-0.09887,1,0,0
0.74,0.54,-0.088446,1,0,0
0.76,0.54,-0.093283,1,0,0
0.78,0.54,-0.088846,1,0,0
0.8,0.54,-0.074084,1,0,0
0.82,0.54,-0.040445,1,0,0
0.84,0.54,-0.0028145,1,0,0
0.86,0.54,-0.055021,1,0,0
0.88,0.54,-0.017349,1,0,0
0.9,0.54,-0.068656,1,0,0
0.92,0.54,-0.052755,1,0,0
0.94,0.54,-0.030387,1,0,0
0.96,0.54,-0.030866,1,0,0
0.98,0.54,-0.055772,1,0,0
0.02,0.56,-0.011006,1,0,0
0.04,0.56,-0.049533,1,0,0
0.06,0.56,-0.028935,1,0,0
0.08,0.56,-0.0062439,1,0,0
0.1,0.56,-0.028419,1,0,0
0.12,0.56,-0.0347,1,0,0
0.14,0.56,-0.018875,1,0,0
0.16,0.56,-0.0048714,1,0,0
0.18,0.56,-0.014135,1,0,0
0.2,0.56,0.0057032,1,0,0
0.22,0.56,-0.034708,1,0,0
0.24,0.56,-0.030942,1,0,0
0.26,0.56,-0.031439,1,0,0
0.28,0.56,-0.0053837,1,0,0
0.3,0.56,-0.045571,1,0,0
0.32,0.56,0.025678,1,0,0
0.34,0.56,0.014091,1,0,0
0.36,0.56,0.034547,1,0,0
0.38,0.56,0.03094,1,0,0
0.4,0.56,0.0052233,1,0,0
0.42,0.56,0.011642,1,0,0
0.44,0.56,0.021089,1,0,0
0.46,0.56,-0.0060316,1,0,0
0.48,0.56,0.0097605,1,0,0
0.5,0.56,0.010235,1,0,0
0.52,0.56,-0.026563,1,0,0
0.54,0.56,-0.068131,1,0,0
0.56,0.56,-0.074483,1,0,0
0.58,0.56,-0.06522,1,0,0
0.6,0.56,-0.026568,1,0,0
0.62,0.56,-0.042685,1,0,0
0.64,0.56,-0.054295,1,0,0
0.66,0.56,-0.073912,1,0,0
0.68,0.56,-0.041836,1,0,0
0.7,0.56,-0.077737,1,0,0
0.72,0.56,-0.099933,1,0,0
0.74,0.56,-0.082083,1,0,0
0.76,0.56,-0.029085,1,0,0
0.78,0.56,-0.063529,1,0,0
0.8,0.56,-0.032456,1,0,0
0.82,0.56,-0.060788,1,0,0
0.84,0.56,-0.061642,1,0,0
0.86,0.56,-0.043361,1,0,0
0.88,0.56,-0.041852,1,0,0
0.9,0.56,-0.061264,1,0,0
0.92,0.56,-0.072378,1,0,0
0.94,0.56,-0.05672,1,0,0
0.96,0.56,-0.034058,1,0,0
0.98,0.56,-0.045128,1,0,0
0.02,0.58,-0.0071066,1,0,0
0.04,0.58,-0.002999,1,0,0
0.06,0.58,-0.019221,1,0,0
0.08,0.58,-0.012579,1,0,0
0.1,0.58,-0.017582,1,0,0
0.12,0.58,-0.019353,1,0,0
0.14,0.58,0.014842,1,0,0
0.16,0.58,-0.032122,1,0,0
0.18,0.58,-0.026482,1,0,0
0.2,0.58,0.0087267,1,0,0
0.22,0.58,-0.019244,1,0,0
0.24,0.58,-0.037094,1,0,0
0.26,0.58,0.0021008,1,0,0
0.28,0.58,-0.017924,1,0,0
0.3,0.58,-0.03179,1,0,0
0.32,0.58,0.017462,1,0,0
0.34,0.58,0.004046,1,0,0
0.36,0.58,0.0031501,1,0,0
0.38,0.58,-0.0099922,1,0,0
0.4,0.58,0.020441,1,0,0
0.42,0.58,0.013161,1,0,0
0.44,0.58,0.018922,1,0,0
0.46,0.58,-0.0036057,1,0,0
0.48,0.58,0.036188,1,0,0
0.5,0.58,-0.021393,1,0,0
0.52,0.58,-0.031462,1,0,0
0.54,0.58,-0.043975,1,0,0
0.56,0.58,-0.04677,1,0,0
0.58,0.58,-0.088673,1,0,0
0.6,0.58,-0.043701,1,0,0
0.62,0.58,-0.060687,1,0,0
0.64,0.58,-0.065374,1,0,0
0.66,0.58,-0.090678,1,0,0
0.68,0.58,-0.055112,1,0,0
0.7,0.58,-0.082106,1,0,0
0.72,0.58,-0.07268,1,0,0
0.74,0.58,-0.094448,1,0,0
0.76,0.58,-0.046967,1,0,0
0.78,0.58,-0.015218,1,0,0
0.8,0.58,-0.020914,1,0,0
0.82,0.58,-0.022862,1,0,0
0.84,0.58,-0.048444,1,0,0
0.86,0.58,-0.038208,1,0,0
0.88,0.58,-0.039537,1,0,0
0.9,0.58,-0.045949,1,0,0
0.92,0.58,-0.071234,1,0,0
0.94,0.58,-0.048367,1,0,0
0.96,0.58,-0.065175,1,0,0
0.98,0.58,-0.060083,1,0,0
0.02,0.6,-0.017701,1,0,0
0.04,0.6,-0.016595,1,0,0
0.06,0.6,-0.008322,1,0,0
0.08,0.6,0.00019616,1,0,0
0.1,0.6,0.0056021,1,0,0
0.12,0.6,0.0042503,1,0,0
0.14,0.6,-0.0043395,1,0,0
0.16,0.6,-0.01414,1,0,0
0.18,0.6,-0.044477,1,0,0
0.2,0.6,-0.039332,1,0,0
0.22,0.6,-0.014608,1,0,0
0.24,0.6,-0.01131,1,0,0
0.26,0.6,-0.020189,1,0,0
0.28,0.6,-0.015129,1,0,0
0.3,0.6,-0.012227,1,0,0
0.32,0.6,-0.030583,1,0,0
0.34,0.6,0.023315,1,0,0
0.36,0.6,0.022163,1,0,0
0.38,0.6,0.0021378,1,0,0
0.4,0.6,-0.027717,1,0,0
0.42,0.6,-0.011614,1,0,0
0.44,0.6,0.028497,1,0,0
0.46,0.6,-0.02543,1,0,0
0.48,0.6,0.0046588,1,0,0
0.5,0.6,0.0082564,1,0,0
0.52,0.6,-0.016631,1,0,0
0.54,0.6,-0.035082,1,0,0
0.56,0.6,-0.037404,1,0,0
0.58,0.6,-0.063111,1,0,0
0.6,0.6,-0.071957,1,0,0
0.62,0.6,-0.10583,1,0,0
0.64,0.6,-0.069573,1,0,0
0.66,0.6,-0.10183,1,0,0
0.68,0.6,-0.076739,1,0,0
0.7,0.6,-0.069688,1,0,0
0.72,0.6,-0.050127,1,0,0
0.74,0.6,-0.068937,1,0,0
0.76,0.6,-0.053605,1,0,0
0.78,0.6,-0.028528,1,0,0
0.8,0.6,-0.035428,1,0,0
0.82,0.6,-0.05777,1,0,0
0.84,0.6,-0.038892,1,0,0
0.86,0.6,-0.028125,1,0,0
0.88,0.6,-0.033617,1,0,0
0.9,0.6,-0.045835,1,0,0
0.92,0.6,-0.057087,1,0,0
0.94,0.6,-0.060851,1,0,0
0.96,0.6,-0.068973,1,0,0
0.98,0.6,-0.066974,1,0,0
0.02,0.62,-0.022363,1,0,0
0.04,0.62,0.013043,1,0,0
0.06,0.62,0.022988,1,0,0
0.08,0.62,0.033902,1,0,0
0.1,0.62,0.025798,1,0,0
0.12,0.62,-0.0031757,1,0,0
0.14,0.62,-0.0033932,1,0,0
0.16,0.62,-0.01144,1,0,0
0.18,0.62,-0.037025,1,0,0
0.2,0.62,-0.01537,1,0,0
0.22,0.62,-0.040616,1,0,0
0.24,0.62,0.0019543,1,0,0
0.26,0.62,0.023207,1,0,0
0.28,0.62,-0.018548,1,0,0
0.3,0.62,-0.032532,1,0,0
0.32,0.62,-0.010471,1,0,0
0.34,0.62,0.016954,1,0,0
0.36,0.62,0.020457,1,0,0
0.38,0.62,0.026673,1,0,0
0.4,0.62,-0.017057,1,0,0
0.42,0.62,0.022123,1,0,0
0.44,0.62,0.024454,1,0,0
0.46,0.62,-0.00088644,1,0,0
0.48,0.62,-0.03255,1,0,0
0.5,0.62,-0.02741,1,0,0
0.52,0.62,0.0020603,1,0,0
0.54,0.62,-0.017769,1,0,0
0.56,0.62,-0.029838,1,0,0
0.58,0.62,-0.046414,1,0,0
0.6,0.62,-0.050477,1,0,0
0.62,0.62,-0.079575,1,0,0
0.64,0.62,-0.051456,1,0,0
0.66,0.62,-0.036206,1,0,0
0.68,0.62,-0.04717,1,0,0
0.7,0.62,-0.078841,1,0,0
0.72,0.62,-0.062765,1,0,0
0.74,0.62,-0.064374,1,0,0
0.76,0.62,-0.0533,1,0,0
0.78,0.62,-0.026659,1,0,0
0.8,0.62,-0.035897,1,0,0
0.82,0.62,-0.053218,1,0,0
0.84,0.62,-0.034708,1,0,0
0.86,0.62,-0.023277,1,0,0
0.88,0.62,-0.04847,1,0,0
0.9,0.62,-0.045588,1,0,0
0.92,0.62,-0.053958,1,0,0
0.94,0.62,-0.028489,1,0,0
0.96,0.62,-0.072132,1,0,0
0.98,0.62,-0.061997,1,0,0
0.02,0.64,-0.040272,1,0,0
0.04,0.64,-0.036625,1,0,0
0.06,0.64,-0.021304,1,0,0
0.08,0.64,0.03605,1,0,0
0.1,0.64,0.035345,1,0,0
0.12,0.64,0.0082097,1,0,0
0.14,0.64,-0.034864,1,0,0
0.16,0.64,-0.020931,1,0,0
0.18,0.64,0.0058629,1,0,0
0.2,0.64,-0.023189,1,0,0
0.22,0.64,0.0038895,1,0,0
0.24,0.64,-0.012617,1,0,0
0.26,0.64,-0.0039466,1,0,0
0.28,0.64,-0.036187,1,0,0
0.3,0.64,-0.058298,1,0,0
0.32,0.64,-0.063258,1,0,0
0.34,0.64,-0.045429,1,0,0
0.36,0.64,-0.021913,1,0,0
0.38,0.64,0.0076293,1,0,0
0.4,0.64,-0.010836,1,0,0
0.42,0.64,-0.019759,1,0,0
0.44,0.64,0.0065558,1,0,0
0.46,0.64,-0.01878,1,0,0
0.48,0.64,0.0060471,1,0,0
0.5,0.64,-0.017399,1,0,0
0.52,0.64,-0.014593,1,0,0
0.54,0.64,-0.040922,1,0,0
0.56,0.64,-0.049618,1,0,0
0.58,0.64,-0.052275,1,0,0
0.6,0.64,-0.047658,1,0,0
0.62,0.64,-0.045204,1,0,0
0.64,0.64,-0.078675,1,0,0
0.66,0.64,-0.071968,1,0,0
0.68,0.64,-0.082209,1,0,0
0.7,0.64,-0.056712,1,0,0
0.72,0.64,-0.094669,1,0,0
0.74,0.64,-0.058815,1,0,0
0.76,0.64,-0.046683,1,0,0
0.78,0.64,-0.038608,1,0,0
0.8,0.64,-0.021783,1,0,0
0.82,0.64,-0.04223,1,0,0
0.84,0.64,-0.045925,1,0,0
0.86,0.64,-0.030742,1,0,0
0.88,0.64,-0.052265,1,0,0
0.9,0.64,-0.042653,1,0,0
0.92,0.64,-0.072209,1,0,0
0.94,0.64,-0.092255,1,0,0
0.96,0.64,-0.048796,1,0,0
0.98,0.64,-0.070425,1,0,0
0.02,0.66,-0.01431,1,0,0
0.04,0.66,-0.027473,1,0,0
0.06,0.66,-0.016013,1,0,0
0.08,0.66,-0.0063241,1,0,0
0.1,0.66,0.00572,1,0,0
0.12,0.66,-0.017788,1,0,0
0.14,0.66,-0.014031,1,0,0
0.16,0.66,0.017219,1,0,0
0.18,0.66,0.014896,1,0,0
0.2,0.66,0.026536,1,0,0
0.22,0.66,-0.024863,1,0,0
0.24,0.66,0.005734,1,0,0
0.26,0.66,-0.0023943,1,0,0
0.28,0.66,-0.014911,1,0,0
0.3,0.66,-0.020375,1,0,0
0.32,0.66,-0.035144,1,0,0
0.34,0.66,-0.041732,1,0,0
0.36,0.66,-0.038964,1,0,0
0.38,0.66,-0.028134,1,0,0
0.4,0.66,0.0072363,1,0,0
0.42,0.66,-0.0042941,1,0,0
0.44,0.66,0.020688,1,0,0
0.46,0.66,0.037242,1,0,0
0.48,0.66,0.011737,1,0,0
0.5,0.66,0.0023148,1,0,0
0.52,0.66,0.0016331,1,0,0
0.54,0.66,0.007488,1,0,0
0.56,0.66,-0.035628,1,0,0
0.58,0.66,-0.05169,1,0,0
0.6,0.66,-0.061345,1,0,0
0.62,0.66,-0.038656,1,0,0
0.64,0.66,-0.049381,1,0,0
0.66,0.66,-0.065053,1,0,0
0.68,0.66,-0.034582,1,0,0
0.7,0.66,-0.059438,1,0,0
0.72,0.66,-0.026763,1,0,0
0.74,0.66,-0.049652,1,0,0
0.76,0.66,-0.067182,1,0,0
0.78,0.66,-0.036915,1,0,0
0.8,0.66,-0.050623,1,0,0
0.82,0.66,-0.055647,1,0,0
0.84,0.66,-0.036786,1,0,0
0.86,0.66,-0.060316,1,0,0
0.88,0.66,-0.04938,1,0,0
0.9,0.66,-0.037007,1,0,0
0.92,0.66,-0.029203,1,0,0
0.94,0.66,-0.042251,1,0,0
0.96,0.66,-0.054149,1,0,0
0.98,0.66,-0.073031,1,0,0
0.02,0.68,-0.0024381,1,0,0
0.04,0.68,-0.057092,1,0,0
0.06,0.68,0.012488,1,0,0
0.08,0.68,0.0086734,1,0,0
0.1,0.68,-0.0022497,1,0,0
0.12,0.68,-0.014125,1,0,0
0.14,0.68,0.0090337,1,0,0
0.16,0.68,0.013503,1,0,0
0.18,0.68,0.014775,1,0,0
0.2,0.68,0.030666,1,0,0
0.22,0.68,-0.021738,1,0,0
0.24,0.68,-0.013298,1,0,0
0.26,0.68,-0.023928,1,0,0
0.28,0.68,-0.0076745,1,0,0
0.3,0.68,-0.061756,1,0,0
0.32,0.68,-0.043674,1,0,0
0.34,0.68,-0.011719,1,0,0
0.36,0.68,-0.015237,1,0,0
0.38,0.68,-0.012073,1,0,0
0.4,0.68,0.017411,1,0,0
0.42,0.68,0.028418,1,0,0
0.44,0.68,0.042773,1,0,0
0.46,0.68,0.029839,1,0,0
0.48,0.68,0.021242,1,0,0
0.5,0.68,0.018822,1,0,0
0.52,0.68,-0.0061409,1,0,0
0.54,0.68,-0.023384,1,0,0
0.56,0.68,-0.030964,1,0,0
0.58,0.68,-0.060371,1,0,0
0.6,0.68,-0.034677,1,0,0
0.62,0.68,-0.019434,1,0,0
0.64,0.68,-0.014703,1,0,0
0.66,0.68,-0.075818,1,0,0
0.68,0.68,-0.046796,1,0,0
0.7,0.68,-0.066398,1,0,0
0.72,0.68,-0.036181,1,0,0
0.74,0.68,-0.025799,1,0,0
0.76,0.68,-0.038895,1,0,0
0.78,0.68,-0.052097,1,0,0
0.8,0.68,-0.037327,1,0,0
0.82,0.68,-0.039597,1,0,0
0.84,0.68,-0.018641,1,0,0
0.86,0.68,-0.022292,1,0,0
0.88,0.68,-0.039256,1,0,0
0.9,0.68,-0.036331,1,0,0
0.92,0.68,-0.014771,1,0,0
0.94,0.68,-0.010287,1,0,0
0.96,0.68,-0.01863,1,0,0
0.98,0.68,-0.061038,1,0,0
0.02,0.7,-0.0093216,1,0,0
0.04,0.7,-0.014743,1,0,0
0.06,0.7,-0.0055116,1,0,0
0.08,0.7,0.012457,1,0,0
0.1,0.7,-0.04421,1,0,0
0.12,0.7,-0.057894,1,0,0
0.14,0.7,-0.025291,1,0,0
0.16,0.7,-0.041989,1,0,0
0.18,0.7,-0.01906,1,0,0
0.2,0.7,-0.0015263,1,0,0
0.22,0.7,-0.019804,1,0,0
0.24,0.7,-0.053523,1,0,0
0.26,0.7,0.004121,1,0,0
0.28,0.7,-0.0080086,1,0,0
0.3,0.7,-0.04481,1,0,0
0.32,0.7,-0.053397,1,0,0
0.34,0.7,-0.03016,1,0,0
0.36,0.7,0.0066393,1,0,0
0.38,0.7,-0.015795,1,0,0
0.4,0.7,0.0053762,1,0,0
0.42,0.7,0.037095,1,0,0
0.44,0.7,0.065548,1,0,0
0.46,0.7,-0.0051233,1,0,0
0.48,0.7,0.0063061,1,0,0
0.5,0.7,-0.00060563,1,0,0
0.52,0.7,0.00357,1,0,0
0.54,0.7,-0.062593,1,0,0
0.56,0.7,-0.020432,1,0,0
0.58,0.7,-0.055274,1,0,0
0.6,0.7,-0.049748,1,0,0
0.62,0.7,-0.02116,1,0,0
0.64,0.7,-0.030028,1,0,0
0.66,0.7,-0.050007,1,0,0
0.68,0.7,-0.037423,1,0,0
0.7,0.7,-0.054862,1,0,0
0.72,0.7,-0.083294,1,0,0
0.74,0.7,-0.073414,1,0,0
0.76,0.7,-0.059035,1,0,0
0.78,0.7,-0.079195,1,0,0
0.8,0.7,-0.03606,1,0,0
0.82,0.7,-0.046132,1,0,0
0.84,0.7,-0.022705,1,0,0
0.86,0.7,-0.027662,1,0,0
0.88,0.7,-0.020799,1,0,0
0.9,0.7,-0.025928,1,0,0
0.92,0.7,-0.014316,1,0,0
0.94,0.7,0.0062694,1,0,0
0.96,0.7,-0.011289,1,0,0
0.98,0.7,-0.063859,1,0,0
0.02,0.72,0.0054321,1,0,0
0.04,0.72,-0.039925,1,0,0
0.06,0.72,-0.027687,1,0,0
0.08,0.72,-0.011527,1,0,0
0.1,0.72,-0.032538,1,0,0
0.12,0.72,-0.031029,1,0,0
0.14,0.72,-0.059157,1,0,0
0.16,0.72,-0.056298,1,0,0
0.18,0.72,-0.065098,1,0,0
0.2,0.72,-0.016115,1,0,0
0.22,0.72,-0.05649,1,0,0
0.24,0.72,-0.044302,1,0,0
0.26,0.72,-0.035399,1,0,0
0.28,0.72,-0.042432,1,0,0
0.3,0.72,-0.040414,1,0,0
0.32,0.72,-0.035113,1,0,0
0.34,0.72,-0.027687,1,0,0
0.36,0.72,-0.0085507,1,0,0
0.38,0.72,0.010683,1,0,0
0.4,0.72,0.0071052,1,0,0
0.42,0.72,0.0037022,1,0,0
0.44,0.72,0.033003,1,0,0
0.46,0.72,0.02022,1,0,0
0.48,0.72,0.0081405,1,0,0
0.5,0.72,0.035822,1,0,0
0.52,0.72,0.0012101,1,0,0
0.54,0.72,-0.039074,1,0,0
0.56,0.72,-0.049475,1,0,0
0.58,0.72,-0.054061,1,0,0
0.6,0.72,-0.059569,1,0,0
0.62,0.72,-0.07657,1,0,0
0.64,0.72,-0.068674,1,0,0
0.66,0.72,-0.079046,1,0,0
0.68,0.72,-0.041746,1,0,0
0.7,0.72,-0.04842,1,0,0
0.72,0.72,-0.040574,1,0,0
0.74,0.72,-0.086967,1,0,0
0.76,0.72,-0.096016,1,0,0
0.78,0.72,-0.088021,1,0,0
0.8,0.72,-0.050183,1,0,0
0.82,0.72,-0.057531,1,0,0
0.84,0.72,-0.030181,1,0,0
0.86,0.72,-0.014042,1,0,0
0.88,0.72,7.684e-06,1,0,0
0.9,0.72,-0.016818,1,0,0
0.92,0.72,-0.023511,1,0,0
0.94,0.72,-0.030727,1,0,0
0.96,0.72,-0.025024,1,0,0
0.98,0.72,-0.031708,1,0,0
0.02,0.74,0.032154,1,0,0
0.04,0.74,0.010958,1,0,0
0.06,0.74,-0.024931,1,0,0
0.08,0.74,-0.035654,1,0,0
0.1,0.74,-0.030845,1,0,0
0.12,0.74,-0.03226,1,0,0
0.14,0.74,-0.030128,1,0,0
0.16,0.74,-0.018948,1,0,0
0.18,0.74,-0.049159,1,0,0
0.2,0.74,-0.058927,1,0,0
0.22,0.74,-0.079812,1,0,0
0.24,0.74,-0.058859,1,0,0
0.26,0.74,-0.05541,1,0,0
0.28,0.74,-0.060338,1,0,0
0.3,0.74,-0.026073,1,0,0
0.32,0.74,-0.018406,1,0,0
0.34,0.74,-0.0017573,1,0,0
0.36,0.74,0.004989,1,0,0
0.38,0.74,0.00059438,1,0,0
0.4,0.74,0.015231,1,0,0
0.42,0.74,0.0044597,1,0,0
0.44,0.74,0.035984,1,0,0
0.46,0.74,0.0040999,1,0,0
0.48,0.74,-0.010956,1,0,0
0.5,0.74,-6.9794e-05,1,0,0
0.52,0.74,-0.012851,1,0,0
0.54,0.74,-0.002415,1,0,0
0.56,0.74,-0.017551,1,0,0
0.58,0.74,-0.053352,1,0,0
0.6,0.74,-0.07984,1,0,0
0.62,0.74,-0.073387,1,0,0
0.64,0.74,-0.091722,1,0,0
0.66,0.74,-0.061949,1,0,0
0.68,0.74,-0.037771,1,0,0
0.7,0.74,-0.034758,1,0,0
0.72,0.74,-0.069939,1,0,0
0.74,0.74,-0.063834,1,0,0
0.76,0.74,-0.072529,1,0,0
0.78,0.74,-0.050439,1,0,0
0.8,0.74,-0.045349,1,0,0
0.82,0.74,-0.027929,1,0,0
0.84,0.74,-0.017222,1,0,0
0.86,0.74,-0.043992,1,0,0
0.88,0.74,-0.016409,1,0,0
0.9,0.74,-0.031413,1,0,0
0.92,0.74,-0.02065,1,0,0
0.94,0.74,-0.01153,1,0,0
0.96,0.74,0.024259,1,0,0
0.98,0.74,0.020984,1,0,0
0.02,0.76,0.0050701,1,0,0
0.04,0.76,0.018648,1,0,0
0.06,0.76,-0.027836,1,0,0
0.08,0.76,-0.023362,1,0,0
0.1,0.76,-0.029148,1,0,0
0.12,0.76,-0.051166,1,0,0
0.14,0.76,-0.041547,1,0,0
0.16,0.76,-0.069163,1,0,0
0.18,0.76,-0.072631,1,0,0
0.2,0.76,-0.075259,1,0,0
0.22,0.76,-0.087819,1,0,0
0.24,0.76,-0.066633,1,0,0
0.26,0.76,-0.028236,1,0,0
0.28,0.76,-0.065386,1,0,0
0.3,0.76,-0.069258,1,0,0
0.32,0.76,0.004816,1,0,0
0.34,0.76,-0.0035927,1,0,0
0.36,0.76,-0.016852,1,0,0
0.38,0.76,-0.030974,1,0,0
0.4,0.76,-0.032337,1,0,0
0.42,0.76,-0.011647,1,0,0
0.44,0.76,0.0046565,1,0,0
0.46,0.76,0.021542,1,0,0
0.48,0.76,0.008121,1,0,0
0.5,0.76,-0.014391,1,0,0
0.52,0.76,-0.011957,1,0,0
0.54,0.76,-0.029521,1,0,0
0.56,0.76,-0.060259,1,0,0
0.58,0.76,-0.083058,1,0,0
0.6,0.76,-0.056782,1,0,0
0.62,0.76,-0.070687,1,0,0
0.64,0.76,-0.11226,1,0,0
0.66,0.76,-0.047309,1,0,0
0.68,0.76,-0.072068,1,0,0
0.7,0.76,-0.055478,1,0,0
0.72,0.76,-0.079622,1,0,0
0.74,0.76,-0.056397,1,0,0
0.76,0.76,-0.065455,1,0,0
0.78,0.76,-0.060976,1,0,0
0.8,0.76,-0.057492,1,0,0
0.82,0.76,-0.073536,1,0,0
0.84,0.76,-0.046174,1,0,0
0.86,0.76,-0.035308,1,0,0
0.88,0.76,-0.041858,1,0,0
0.9,0.76,-0.068175,1,0,0
0.92,0.76,-0.052719,1,0,0
0.94,0.76,-0.021707,1,0,0
0.96,0.76,-0.0080163,1,0,0
0.98,0.76,0.015834,1,0,0
0.02,0.78,0.022392,1,0,0
0.04,0.78,0.0060476,1,0,0
0.06,0.78,-0.010667,1,0,0
0.08,0.78,-0.023198,1,0,0
0.1,0.78,-0.02553,1,0,0
0.12,0.78,-0.028233,1,0,0
0.14,0.78,-0.026885,1,0,0
0.16,0.78,-0.013832,1,0,0
0.18,0.78,-0.052067,1,0,0
0.2,0.78,-0.052531,1,0,0
0.22,0.78,-0.064941,1,0,0
0.24,0.78,-0.085864,1,0,0
0.26,0.78,-0.070398,1,0,0
0.28,0.78,-0.013979,1,0,0
0.3,0.78,-0.012551,1,0,0
0.32,0.78,0.0040912,1,0,0
0.34,0.78,-0.0051665,1,0,0
0.36,0.78,-0.0067888,1,0,0
0.38,0.78,-0.047682,1,0,0
0.4,0.78,-0.072034,1,0,0
0.42,0.78,-0.014695,1,0,0
0.44,0.78,-0.021744,1,0,0
0.46,0.78,-0.030907,1,0,0
0.48,0.78,-0.021387,1,0,0
0.5,0.78,0.026759,1,0,0
0.52,0.78,-0.0093988,1,0,0
0.54,0.78,-0.022691,1,0,0
0.56,0.78,-0.04758,1,0,0
0.58,0.78,-0.036571,1,0,0
0.6,0.78,-0.017089,1,0,0
0.62,0.78,-0.085138,1,0,0
0.64,0.78,-0.082008,1,0,0
0.66,0.78,-0.056192,1,0,0
0.68,0.78,-0.046425,1,0,0
0.7,0.78,-0.052344,1,0,0
0.72,0.78,-0.054383,1,0,0
0.74,0.78,-0.079165,1,0,0
0.76,0.78,-0.052404,1,0,0
0.78,0.78,-0.04525,1,0,0
0.8,0.78,-0.021714,1,0,0
0.82,0.78,-0.075463,1,0,0
0.84,0.78,-0.06748,1,0,0
0.86,0.78,-0.0085874,1,0,0
0.88,0.78,-0.024016,1,0,0
0.9,0.78,-0.010375,1,0,0
0.92,0.78,-0.017396,1,0,0
0.94,0.78,0.0080765,1,0,0
0.96,0.78,0.017219,1,0,0
0.98,0.78,0.010941,1,0,0
0.02,0.8,-0.0061318,1,0,0
0.04,0.8,0.034101,1,0,0
0.06,0.8,0.010536,1,0,0
0.08,0.8,-0.0078299,1,0,0
0.1,0.8,-0.0015949,1,0,0
0.12,0.8,-0.018335,1,0,0
0.14,0.8,-0.0059395,1,0,0
0.16,0.8,-0.022292,1,0,0
0.18,0.8,-0.055626,1,0,0
0.2,0.8,-0.050862,1,0,0
0.22,0.8,-0.052551,1,0,0
0.24,0.8,-0.094905,1,0,0
0.26,0.8,-0.047658,1,0,0
0.28,0.8,-0.042616,1,0,0
0.3,0.8,0.014192,1,0,0
0.32,0.8,-0.015487,1,0,0
0.34,0.8,0.0015482,1,0,0
0.36,0.8,0.0014922,1,0,0
0.38,0.8,-0.075227,1,0,0
0.4,0.8,-0.038522,1,0,0
0.42,0.8,-0.037618,1,0,0
0.44,0.8,-0.029124,1,0,0
0.46,0.8,-0.063581,1,0,0
0.48,0.8,-0.0015645,1,0,0
0.5,0.8,-0.021322,1,0,0
0.52,0.8,-0.040165,1,0,0
0.54,0.8,-0.051011,1,0,0
0.56,0.8,-0.031544,1,0,0
0.58,0.8,-0.042749,1,0,0
0.6,0.8,0.0062975,1,0,0
0.62,0.8,-0.043518,1,0,0
0.64,0.8,-0.049698,1,0,0
0.66,0.8,-0.055487,1,0,0
0.68,0.8,-0.045337,1,0,0
0.7,0.8,-0.052315,1,0,0
0.72,0.8,-0.027549,1,0,0
0.74,0.8,-0.073708,1,0,0
0.76,0.8,-0.075499,1,0,0
0.78,0.8,-0.042382,1,0,0
0.8,0.8,-0.068906,1,0,0
0.82,0.8,-0.071563,1,0,0
0.84,0.8,-0.025714,1,0,0
0.86,0.8,-0.012566,1,0,0
0.88,0.8,0.0043344,1,0,0
0.9,0.8,-0.0059174,1,0,0
0.92,0.8,-0.03071,1,0,0
0.94,0.8,0.00134,1,0,0
0.96,0.8,0.027912,1,0,0
0.98,0.8,0.042301,1,0,0
0.02,0.82,0.00074053,1,0,0
0.04,0.82,0.021536,1,0,0
0.06,0.82,0.03676,1,0,0
0.08,0.82,0.0072797,1,0,0
0.1,0.82,-0.012563,1,0,0
0.12,0.82,-0.017171,1,0,0
0.14,0.82,-0.026906,1,0,0
0.16,0.82,-0.010702,1,0,0
0.18,0.82,-0.031708,1,0,0
0.2,0.82,-0.054616,1,0,0
0.22,0.82,-0.042174,1,0,0
0.24,0.82,-0.055544,1,0,0
0.26,0.82,-0.033618,1,0,0
0.28,0.82,-0.0068389,1,0,0
0.3,0.82,-0.0053336,1,0,0
0.32,0.82,-0.018483,1,0,0
0.34,0.82,-0.028675,1,0,0
0.36,0.82,-0.057415,1,0,0
0.38,0.82,-0.072981,1,0,0
0.4,0.82,-0.037142,1,0,0
0.42,0.82,-0.023956,1,0,0
0.44,0.82,-0.029048,1,0,0
0.46,0.82,-0.05707,1,0,0
0.48,0.82,-0.033994,1,0,0
0.5,0.82,-0.048157,1,0,0
0.52,0.82,-0.022387,1,0,0
0.54,0.82,-0.034015,1,0,0
0.56,0.82,-0.014486,1,0,0
0.58,0.82,-0.061062,1,0,0
0.6,0.82,0.0063679,1,0,0
0.62,0.82,-0.053512,1,0,0
0.64,0.82,-0.034998,1,0,0
0.66,0.82,-0.050854,1,0,0
0.68,0.82,-0.046408,1,0,0
0.7,0.82,-0.051678,1,0,0
0.72,0.82,-0.042765,1,0,0
0.74,0.82,-0.076472,1,0,0
0.76,0.82,-0.068968,1,0,0
0.78,0.82,-0.068953,1,0,0
0.8,0.82,-0.043189,1,0,0
0.82,0.82,-0.072956,1,0,0
0.84,0.82,-0.01367,1,0,0
0.86,0.82,0.014864,1,0,0
0.88,0.82,-0.029695,1,0,0
0.9,0.82,-0.0043353,1,0,0
0.92,0.82,-0.0037812,1,0,0
0.94,0.82,0.0074544,1,0,0
0.96,0.82,0.033707,1,0,0
0.98,0.82,0.023802,1,0,0
0.02,0.84,-0.020202,1,0,0
0.04,0.84,-0.011474,1,0,0
0.06,0.84,-0.031206,1,0,0
0.08,0.84,-0.0023426,1,0,0
0.1,0.84,0.021811,1,0,0
0.12,0.84,-0.027004,1,0,0
0.14,0.84,-0.036931,1,0,0
0.16,0.84,-0.0084136,1,0,0
0.18,0.84,-0.055067,1,0,0
0.2,0.84,-0.047414,1,0,0
0.22,0.84,-0.052453,1,0,0
0.24,0.84,-0.033084,1,0,0
0.26,0.84,-0.041307,1,0,0
0.28,0.84,-0.053694,1,0,0
0.3,0.84,-0.061757,1,0,0
0.32,0.84,-0.040775,1,0,0
0.34,0.84,-0.07114,1,0,0
0.36,0.84,-0.0563,1,0,0
0.38,0.84,-0.091073,1,0,0
0.4,0.84,-0.090191,1,0,0
0.42,0.84,-0.051089,1,0,0
0.44,0.84,-0.069438,1,0,0
0.46,0.84,-0.067957,1,0,0
0.48,0.84,-0.045948,1,0,0
0.5,0.84,-0.041502,1,0,0
0.52,0.84,-0.026024,1,0,0
0.54,0.84,-0.054767,1,0,0
0.56,0.84,-0.045985,1,0,0
0.58,0.84,-0.081947,1,0,0
0.6,0.84,-0.028372,1,0,0
0.62,0.84,-0.060147,1,0,0
0.64,0.84,-0.09422,1,0,0
0.66,0.84,-0.10195,1,0,0
0.68,0.84,-0.068551,1,0,0
0.7,0.84,-0.05583,1,0,0
0.72,0.84,-0.058905,1,0,0
0.74,0.84,-0.073183,1,0,0
0.76,0.84,-0.046661,1,0,0
0.78,0.84,-0.079048,1,0,0
0.8,0.84,-0.071726,1,0,0
0.82,0.84,-0.071318,1,0,0
0.84,0.84,0.015249,1,0,0
0.86,0.84,0.016693,1,0,0
0.88,0.84,-0.0025387,1,0,0
0.9,0.84,-0.0024435,1,0,0
0.92,0.84,-0.033294,1,0,0
0.94,0.84,-0.01376,1,0,0
0.96,0.84,0.0016426,1,0,0
0.98,0.84,-0.01364,1,0,0
0.02,0.86,-0.031083,1,0,0
0.04,0.86,-0.045005,1,0,0
0.06,0.86,-0.0090977,1,0,0
0.08,0.86,-0.011256,1,0,0
0.1,0.86,-0.018048,1,0,0
0.12,0.86,-0.0041943,1,0,0
0.14,0.86,-0.032945,1,0,0
0.16,0.86,-0.0078002,1,0,0
0.18,0.86,-0.0089687,1,0,0
0.2,0.86,-0.031514,1,0,0
0.22,0.86,-0.054781,1,0,0
0.24,0.86,-0.077555,1,0,0
0.26,0.86,-0.042383,1,0,0
0.28,0.86,-0.044677,1,0,0
0.3,0.86,-0.034571,1,0,0
0.32,0.86,-0.029625,1,0,0
0.34,0.86,-0.039281,1,0,0
0.36,0.86,-0.060177,1,0,0
0.38,0.86,-0.072772,1,0,0
0.4,0.86,-0.023016,1,0,0
0.42,0.86,-0.07605,1,0,0
0.44,0.86,-0.051046,1,0,0
0.46,0.86,-0.079017,1,0,0
0.48,0.86,-0.060106,1,0,0
0.5,0.86,-0.058872,1,0,0
0.52,0.86,-0.036968,1,0,0
0.54,0.86,-0.034801,1,0,0
0.56,0.86,-0.049293,1,0,0
0.58,0.86,-0.02637,1,0,0
0.6,0.86,-0.016506,1,0,0
0.62,0.86,-0.06275,1,0,0
0.64,0.86,-0.1094,1,0,0
0.66,0.86,-0.088171,1,0,0
0.68,0.86,-0.064651,1,0,0
0.7,0.86,-0.049693,1,0,0
0.72,0.86,-0.077971,1,0,0
0.74,0.86,-0.059595,1,0,0
0.76,0.86,-0.079666,1,0,0
0.78,0.86,-0.055592,1,0,0
0.8,0.86,-0.030357,1,0,0
0.82,0.86,-0.057871,1,0,0
0.84,0.86,-0.028827,1,0,0
0.86,0.86,0.00684,1,0,0
0.88,0.86,0.0022308,1,0,0
0.9,0.86,0.0098178,1,0,0
0.92,0.86,0.0097284,1,0,0
0.94,0.86,-0.021372,1,0,0
0.96,0.86,0.012573,1,0,0
0.98,0.86,-0.022482,1,0,0
0.02,0.88,-0.022183,1,0,0
0.04,0.88,-0.016415,1,0,0
0.06,0.88,0.0053449,1,0,0
0.08,0.88,-0.00082727,1,0,0
0.1,0.88,-0.033295,1,0,0
0.12,0.88,-0.027678,1,0,0
0.14,0.88,-0.016615,1,0,0
0.16,0.88,-0.03303,1,0,0
0.18,0.88,-0.087441,1,0,0
0.2,0.88,-0.042252,1,0,0
0.22,0.88,-0.067068,1,0,0
0.24,0.88,-0.042059,1,0,0
0.26,0.88,-0.039021,1,0,0
0.28,0.88,-0.032114,1,0,0
0.3,0.88,-0.032866,1,0,0
0.32,0.88,-0.044418,1,0,0
0.34,0.88,-0.057715,1,0,0
0.36,0.88,-0.050997,1,0,0
0.38,0.88,-0.090554,1,0,0
0.4,0.88,-0.10374,1,0,0
0.42,0.88,-0.074412,1,0,0
0.44,0.88,-0.047366,1,0,0
0.46,0.88,-0.037074,1,0,0
0.48,0.88,-0.087574,1,0,0
0.5,0.88,-0.046074,1,0,0
0.52,0.88,-0.077018,1,0,0
0.54,0.88,-0.078373,1,0,0
0.56,0.88,-0.047687,1,0,0
0.58,0.88,-0.042798,1,0,0
0.6,0.88,-0.061487,1,0,0
0.62,0.88,-0.065094,1,0,0
0.64,0.88,-0.082893,1,0,0
0.66,0.88,-0.09263,1,0,0
0.68,0.88,-0.08625,1,0,0
0.7,0.88,-0.098756,1,0,0
0.72,0.88,-0.074321,1,0,0
0.74,0.88,-0.066666,1,0,0
0.76,0.88,-0.08895,1,0,0
0.78,0.88,-0.06972,1,0,0
0.8,0.88,-0.059288,1,0,0
0.82,0.88,-0.044901,1,0,0
0.84,0.88,-0.033155,1,0,0
0.86,0.88,0.025153,1,0,0
0.88,0.88,0.036603,1,0,0
0.9,0.88,0.017531,1,0,0
0.92,0.88,-0.027677,1,0,0
0.94,0.88,0.012744,1,0,0
0.96,0.88,-0.014271,1,0,0
0.98,0.88,-0.060389,1,0,0
0.02,0.9,-0.033467,1,0,0
0.04,0.9,-0.035599,1,0,0
0.06,0.9,-0.031722,1,0,0
0.08,0.9,-0.022776,1,0,0
0.1,0.9,-0.053385,1,0,0
0.12,0.9,-0.014559,1,0,0
0.14,0.9,-0.018889,1,0,0
0.16,0.9,-0.026944,1,0,0
0.18,0.9,-0.048565,1,0,0
0.2,0.9,-0.04678,1,0,0
0.22,0.9,-0.084669,1,0,0
0.24,0.9,-0.05327,1,0,0
0.26,0.9,-0.020315,1,0,0
0.28,0.9,-0.012091,1,0,0
0.3,0.9,-0.03555,1,0,0
0.32,0.9,0.0081019,1,0,0
0.34,0.9,-0.014715,1,0,0
0.36,0.9,-0.052625,1,0,0
0.38,0.9,-0.073013,1,0,0
0.4,0.9,-0.10769,1,0,0
0.42,0.9,-0.091437,1,0,0
0.44,0.9,-0.076819,1,0,0
0.46,0.9,-0.065086,1,0,0
0.48,0.9,-0.1061,1,0,0
0.5,0.9,-0.06174,1,0,0
0.52,0.9,-0.053929,1,0,0
0.54,0.9,-0.044767,1,0,0
0.56,0.9,0.0074844,1,0,0
0.58,0.9,-0.027728,1,0,0
0.6,0.9,-0.061117,1,0,0
0.62,0.9,-0.051896,1,0,0
0.64,0.9,-0.077599,1,0,0
0.66,0.9,-0.10241,1,0,0
0.68,0.9,-0.10266,1,0,0
0.7,0.9,-0.067027,1,0,0
0.72,0.9,-0.089813,1,0,0
0.74,0.9,-0.07444,1,0,0
0.76,0.9,-0.05913,1,0,0
0.78,0.9,-0.070059,1,0,0
0.8,0.9,-0.031967,1,0,0
0.82,0.9,-0.068566,1,0,0
0.84,0.9,-0.04563,1,0,0
0.86,0.9,0.012966,1,0,0
0.88,0.9,-0.0081452,1,0,0
0.9,0.9,0.018984,1,0,0
0.92,0.9,0.023879,1,0,0
0.94,0.9,0.022246,1,0,0
0.96,0.9,-0.018538,1,0,0
0.98,0.9,-0.048609,1,0,0
0.02,0.92,-0.04334,1,0,0
0.04,0.92,-0.057261,1,0,0
0.06,0.92,-0.056021,1,0,0
0.08,0.92,-0.0074522,1,0,0
0.1,0.92,0.007988,1,0,0
0.12,0.92,-0.0048218,1,0,0
0.14,0.92,-0.01368,1,0,0
0.16,0.92,-0.02592,1,0,0
0.18,0.92,-0.053679,1,0,0
0.2,0.92,-0.030471,1,0,0
0.22,0.92,-0.061579,1,0,0
0.24,0.92,-0.032479,1,0,0
0.26,0.92,0.017698,1,0,0
0.28,0.92,-0.026879,1,0,0
0.3,0.92,-0.024605,1,0,0
0.32,0.92,-0.007094,1,0,0
0.34,0.92,-0.01428,1,0,0
0.36,0.92,-0.032612,1,0,0
0.38,0.92,-0.070236,1,0,0
0.4,0.92,-0.091327,1,0,0
0.42,0.92,-0.093301,1,0,0
0.44,0.92,-0.036605,1,0,0
0.46,0.92,-0.067011,1,0,0
0.48,0.92,-0.056459,1,0,0
0.5,0.92,-0.028954,1,0,0
0.52,0.92,-0.01234,1,0,0
0.54,0.92,-0.039568,1,0,0
0.56,0.92,-0.012425,1,0,0
0.58,0.92,-0.036523,1,0,0
0.6,0.92,-0.045257,1,0,0
0.62,0.92,-0.056285,1,0,0
0.64,0.92,-0.073084,1,0,0
0.66,0.92,-0.09196,1,0,0
0.68,0.92,-0.072838,1,0,0
0.7,0.92,-0.040054,1,0,0
0.72,0.92,-0.05911,1,0,0
0.74,0.92,-0.049679,1,0,0
0.76,0.92,-0.047426,1,0,0
0.78,0.92,-0.052272,1,0,0
0.8,0.92,-0.062307,1,0,0
0.82,0.92,-0.061966,1,0,0
0.84,0.92,-0.035743,1,0,0
0.86,0.92,-0.0088674,1,0,0
0.88,0.92,-0.0062453,1,0,0
0.9,0.92,-0.0031707,1,0,0
0.92,0.92,0.017884,1,0,0
0.94,0.92,0.012238,1,0,0
0.96,0.92,-0.015894,1,0,0
0.98,0.92,-0.029896,1,0,0
0.02,0.94,-0.039608,1,0,0
0.04,0.94,-0.073567,1,0,0
0.06,0.94,-0.029598,1,0,0
0.08,0.94,-0.0039425,1,0,0
0.1,0.94,-0.0076684,1,0,0
0.12,0.94,-0.031378,1,0,0
0.14,0.94,-0.047589,1,0,0
0.16,0.94,-0.012836,1,0,0
0.18,0.94,-0.044306,1,0,0
0.2,0.94,-0.016791,1,0,0
0.22,0.94,-0.073594,1,0,0
0.24,0.94,-0.020276,1,0,0
0.26,0.94,0.0095765,1,0,0
0.28,0.94,0.015538,1,0,0
0.3,0.94,0.0075543,1,0,0
0.32,0.94,-0.021902,1,0,0
0.34,0.94,-0.044522,1,0,0
0.36,0.94,-0.050213,1,0,0
0.38,0.94,-0.069454,1,0,0
0.4,0.94,-0.054695,1,0,0
0.42,0.94,-0.084811,1,0,0
0.44,0.94,-0.039899,1,0,0
0.46,0.94,-0.063865,1,0,0
0.48,0.94,-0.061629,1,0,0
0.5,0.94,-0.034295,1,0,0
0.52,0.94,-0.037822,1,0,0
0.54,0.94,-0.026781,1,0,0
0.56,0.94,-0.012727,1,0,0
0.58,0.94,-0.043053,1,0,0
0.6,0.94,-0.051911,1,0,0
0.62,0.94,-0.060137,1,0,0
0.64,0.94,-0.061195,1,0,0
0.66,0.94,-0.070379,1,0,0
0.68,0.94,-0.0069987,1,0,0
0.7,0.94,-0.034466,1,0,0
0.72,0.94,-0.045542,1,0,0
0.74,0.94,-0.061081,1,0,0
0.76,0.94,-0.046122,1,0,0
0.78,0.94,-0.067168,1,0,0
0.8,0.94,-0.048828,1,0,0
0.82,0.94,-0.031959,1,0,0
0.84,0.94,-0.039677,1,0,0
0.86,0.94,-0.053916,1,0,0
0.88,0.94,-0.010348,1,0,0
0.9,0.94,-0.0055607,1,0,0
0.92,0.94,-0.006683,1,0,0
0.94,0.94,0.0063583,1,0,0
0.96,0.94,0.046037,1,0,0
0.98,0.94,0.014861,1,0,0
0.02,0.96,-0.05659,1,0,0
0.04,0.96,-0.062159,1,0,0
0.06,0.96,-0.029073,1,0,0
0.08,0.96,-0.013722,1,0,0
0.1,0.96,-0.033829,1,0,0
0.12,0.96,-0.019944,1,0,0
0.14,0.96,-0.00029901,1,0,0
0.16,0.96,-0.035766,1,0,0
0.18,0.96,-0.035305,1,0,0
0.2,0.96,-0.00022687,1,0,0
0.22,0.96,-0.034963,1,0,0
0.24,0.96,-0.026022,1,0,0
0.26,0.96,0.023817,1,0,0
0.28,0.96,0.022039,1,0,0
0.3,0.96,-0.0072745,1,0,0
0.32,0.96,0.011705,1,0,0
0.34,0.96,-0.01027,1,0,0
0.36,0.96,-0.006581,1,0,0
0.38,0.96,-0.038067,1,0,0
0.4,0.96,-0.038719,1,0,0
0.42,0.96,-0.064075,1,0,0
0.44,0.96,-0.014246,1,0,0
0.46,0.96,-0.042314,1,0,0
0.48,0.96,-0.035541,1,0,0
0.5,0.96,-0.02509,1,0,0
0.52,0.96,0.012406,1,0,0
0.54,0.96,0.0052117,1,0,0
0.56,0.96,-0.0067455,1,0,0
0.58,0.96,-0.054409,1,0,0
0.6,0.96,-0.031743,1,0,0
0.62,0.96,-0.020679,1,0,0
0.64,0.96,-0.035048,1,0,0
0.66,0.96,-0.013707,1,0,0
0.68,0.96,-0.041638,1,0,0
0.7,0.96,-0.032575,1,0,0
0.72,0.96,-0.013059,1,0,0
0.74,0.96,-0.022112,1,0,0
0.76,0.96,-0.029778,1,0,0
0.78,0.96,-0.0848,1,0,0
0.8,0.96,-0.025046,1,0,0
0.82,0.96,-0.014491,1,0,0
0.84,0.96,0.0042603,1,0,0
0.86,0.96,-0.017332,1,0,0
0.88,0.96,0.00050839,1,0,0
0.9,0.96,-0.018046,1,0,0
0.92,0.96,0.0010158,1,0,0
0.94,0.96,0.014682,1,0,0
0.96,0.96,0.032004,1,0,0
0.98,0.96,0.00078505,1,0,0
0.02,0.98,-0.026522,1,0,0
0.04,0.98,-0.03181,1,0,0
0.06,0.98,-0.020813,1,0,0
0.08,0.98,-0.029298,1,0,0
0.1,0.98,-0.013435,1,0,0
0.12,0.98,-0.068165,1,0,0
0.14,0.98,-0.022725,1,0,0
0.16,0.98,-0.023997,1,0,0
0.18,0.98,-0.034389,1,0,0
0.2,0.98,-0.015682,1,0,0
0.22,0.98,-0.049271,1,0,0
0.24,0.98,-0.042796,1,0,0
0.26,0.98,-6.3817e-05,1,0,0
0.28,0.98,0.017517,1,0,0
0.3,0.98,0.017573,1,0,0
0.32,0.98,0.0191,1,0,0
0.34,0.98,0.014536,1,0,0
0.36,0.98,0.023842,1,0,0
0.38,0.98,-0.028329,1,0,0
0.4,0.98,-0.05356,1,0,0
0.42,0.98,-0.033954,1,0,0
0.44,0.98,-0.033797,1,0,0
0.46,0.98,-0.057624,1,0,0
0.48,0.98,-0.03122,1,0,0
0.5,0.98,-0.0011484,1,0,0
0.52,0.98,0.0051855,1,0,0
0.54,0.98,-0.021357,1,0,0
0.56,0.98,-0.017193,1,0,0
0.58,0.98,-0.062369,1,0,0
0.6,0.98,-0.023477,1,0,0
0.62,0.98,-0.022503,1,0,0
0.64,0.98,-0.0028657,1,0,0
0.66,0.98,-0.0087529,1,0,0
0.68,0.98,-0.010552,1,0,0
0.7,0.98,-0.0061304,1,0,0
0.72,0.98,-0.0050741,1,0,0
0.74,0.98,-0.028616,1,0,0
0.76,0.98,-0.031395,1,0,0
0.78,0.98,-0.041926,1,0,0
0.8,0.98,-0.037149,1,0,0
0.82,0.98,-0.015035,1,0,0
0.84,0.98,-0.016983,1,0,0
0.86,0.98,-0.00026538,1,0,0
0.88,0.98,-0.010128,1,0,0
0.9,0.98,0.022995,1,0,0
0.92,0.98,0.034096,1,0,0
0.94,0.98,0.054617,1,0,0
0.96,0.98,0.034502,1,0,0
0.98,0.98,-0.016401,1,0,0
0,0,-0.007761,-1,0,0
0.02,0,-0.007761,-1,0,0
0.04,0,-0.0050882,-1,0,0
0.06,0,-0.0019542,-1,0,0
0.08,0,-0.0078512,-1,0,0
0.1,0,-0.038457,-1,0,0
0.12,0,-0.01962,-1,0,0
0.14,0,0.0034365,-1,0,0
0.16,0,-0.0015881,-1,0,0
0.18,0,-0.01717,-1,0,0
0.2,0,0.019361,-1,0,0
0.22,0,-0.016178,-1,0,0
0.24,0,-0.022795,-1,0,0
0.26,0,0.025685,-1,0,0
0.28,0,-0.010531,-1,0,0
0.3,0,0.013819,-1,0,0
0.32,0,-0.03082,-1,0,0
0.34,0,-0.012689,-1,0,0
0.36,0,-0.03958,-1,0,0
0.38,0,-0.034394,-1,0,0
0.4,0,-0.010523,-1,0,0
0.42,0,-0.016282,-1,0,0
0.44,0,-0.0069424,-1,0,0
0.46,0,-0.022234,-1,0,0
0.48,0,-0.049646,-1,0,0
0.5,0,-0.040463,-1,0,0
0.52,0,-0.063023,-1,0,0
0.54,0,-0.063299,-1,0,0
0.56,0,-0.020394,-1,0,0
0.58,0,-0.016174,-1,0,0
0.6,0,-0.040171,-1,0,0
0.62,0,-0.04237,-1,0,0
0.64,0,-0.046169,-1,0,0
0.66,0,-0.055012,-1,0,0
0.68,0,-0.01591,-1,0,0
0.7,0,-0.030332,-1,0,0
0.72,0,-0.052818,-1,0,0
0.74,0,-0.097526,-1,0,0
0.76,0,-0.10498,-1,0,0
0.78,0,-0.071114,-1,0,0
0.8,0,-0.088406,-1,0,0
0.82,0,-0.12757,-1,0,0
0.84,0,-0.10009,-1,0,0
0.86,0,-0.046629,-1,0,0
0.88,0,-0.034299,-1,0,0
0.9,0,-0.039866,-1,0,0
0.92,0,-0.044216,-1,0,0
0.94,0,-0.027049,-1,0,0
0.96,0,-0.036145,-1,0,0
0.98,0,-0.0058703,-1,0,0
1,0,-0.011252,-1,0,0
1,0.02,-0.041858,-1,0,0
1,0.04,-0.04954,-1,0,0
1,0.06,-0.045239,-1,0,0
1,0.08,-0.010015,-1,0,0
1,0.1,-0.040255,-1,0,0
1,0.12,-0.055393,-1,0,0
1,0.14,-0.031516,-1,0,0
1,0.16,-0.079984,-1,0,0
1,0.18,-0.058118,-1,0,0
1,0.2,-0.091652,-1,0,0
1,0.22,-0.099464,-1,0,0
1,0.24,-0.075261,-1,0,0
1,0.26,-0.063421,-1,0,0
1,0.28,-0.013048,-1,0,0
1,0.3,0.0241,-1,0,0
1,0.32,0.018849,-1,0,0
1,0.34,0.0042453,-1,0,0
1,0.36,-0.00013527,-1,0,0
1,0.38,0.011342,-1,0,0
1,0.4,-0.014643,-1,0,0
1,0.42,-0.037767,-1,0,0
1,0.44,-0.036733,-1,0,0
1,0.46,-0.059737,-1,0,0
1,0.48,-0.048382,-1,0,0
1,0.5,-0.027799,-1,0,0
1,0.52,-0.021156,-1,0,0
1,0.54,-0.085852,-1,0,0
1,0.56,-0.045559,-1,0,0
1,0.58,-0.035717,-1,0,0
1,0.6,-0.088068,-1,0,0
1,0.62,-0.06571,-1,0,0
1,0.64,-0.063795,-1,0,0
1,0.66,-0.074607,-1,0,0
1,0.68,-0.050707,-1,0,0
1,0.7,-0.048785,-1,0,0
1,0.72,-0.041551,-1,0,0
1,0.74,0.0075677,-1,0,0
1,0.76,0.026033,-1,0,0
1,0.78,0.0023805,-1,0,0
1,0.8,0.0014828,-1,0,0
1,0.82,-0.024791,-1,0,0
1,0.84,-0.04504,-1,0,0
1,0.86,-0.048883,-1,0,0
1,0.88,-0.044484,-1,0,0
1,0.9,-0.038776,-1,0,0
1,0.92,-0.005377,-1,0,0
1,0.94,0.0040258,-1,0,0
1,0.96,-0.0077112,-1,0,0
1,0.98,-0.029285,-1,0,0
1,1,-0.063016,-1,0,0
0.98,1,-0.034323,-1,0,0
0.96,1,-0.016931,-1,0,0
0.94,1,0.010566,-1,0,0
0.92,1,0.020751,-1,0,0
0.9,1,-0.0027101,-1,0,0
0.88,1,-0.033877,-1,0,0
0.86,1,0.013288,-1,0,0
0.84,1,-0.015002,-1,0,0
0.82,1,-0.039816,-1,0,0
0.8,1,-0.039845,-1,0,0
0.78,1,-0.035172,-1,0,0
0.76,1,-0.053498,-1,0,0
0.74,1,-0.060793,-1,0,0
0.72,1,-0.011859,-1,0,0
0.7,1,-0.027911,-1,0,0
0.68,1,-0.013386,-1,0,0
0.66,1,-0.008695,-1,0,0
0.64,1,-0.0013534,-1,0,0
0.62,1,-0.032985,-1,0,0
0.6,1,-0.011027,-1,0,0
0.58,1,-0.079491,-1,0,0
0.56,1,-0.099192,-1,0,0
0.54,1,-0.048592,-1,0,0
0.52,1,-0.04845,-1,0,0
0.5,1,-0.0059813,-1,0,0
0.48,1,-0.025996,-1,0,0
0.46,1,-0.042086,-1,0,0
0.44,1,-0.037635,-1,0,0
0.42,1,-0.032307,-1,0,0
0.4,1,-0.043707,-1,0,0
0.38,1,-0.03892,-1,0,0
0.36,1,-0.016402,-1,0,0
0.34,1,0.019868,-1,0,0
0.32,1,-0.01465,-1,0,0
0.3,1,-0.015066,-1,0,0
0.28,1,-0.020125,-1,0,0
0.26,1,-0.019434,-1,0,0
0.24,1,-0.062558,-1,0,0
0.22,1,-0.06891,-1,0,0
0.2,1,-0.030978,-1,0,0
0.18,1,-0.059504,-1,0,0
0.16,1,-0.061237,-1,0,0
0.14,1,-0.088954,-1,0,0
0.12,1,-0.065003,-1,0,0
0.1,1,-0.031262,-1,0,0
0.08,1,-0.043309,-1,0,0
0.06,1,-0.022362,-1,0,0
0.04,1,-0.040834,-1,0,0
0.02,1,-0.030634,-1,0,0
0,1,-0.0022295,-1,0,0
0,0.98,-0.0086245,-1,0,0
0,0.96,-0.044699,-1,0,0
0,0.94,-0.066304,-1,0,0
0,0.92,-0.042053,-1,0,0
0,0.9,-0.031611,-1,0,0
0,0.88,-0.032293,-1,0,0
0,0.86,-0.0017,-1,0,0
0,0.84,-0.057071,-1,0,0
0,0.82,-0.027451,-1,0,0
0,0.8,0.0016583,-1,0,0
0,0.78,0.0026396,-1,0,0
0,0.76,-0.020029,-1,0,0
0,0.74,-0.0094372,-1,0,0
0,0.72,0.016782,-1,0,0
0,0.7,0.027335,-1,0,0
0,0.68,0.0057537,-1,0,0
0,0.66,-0.035224,-1,0,0
0,0.64,-0.018599,-1,0,0
0,0.62,-0.018794,-1,0,0
0,0.6,-0.013459,-1,0,0
0,0.58,-0.024665,-1,0,0
0,0.56,-0.033272,-1,0,0
0,0.54,-0.050474,-1,0,0
0,0.52,-0.052463,-1,0,0
0,0.5,-0.068705,-1,0,0
0,0.48,-0.057852,-1,0,0
0,0.46,-0.054029,-1,0,0
0,0.44,-0.057024,-1,0,0
0,0.42,-0.056098,-1,0,0
0,0.4,-0.049954,-1,0,0
0,0.38,-0.051931,-1,0,0
0,0.36,-0.075205,-1,0,0
0,0.34,-0.050608,-1,0,0
0,0.32,-0.046287,-1,0,0
0,0.3,-0.068283,-1,0,0
0,0.28,-0.044614,-1,0,0
0,0.26,-0.089469,-1,0,0
0,0.24,-0.088042,-1,0,0
0,0.22,-0.0988,-1,0,0
0,0.2,-0.095483,-1,0,0
0,0.18,-0.051141,-1,0,0
0,0.16,-0.095017,-1,0,0
0,0.14,-0.057789,-1,0,0
0,0.12,-0.068458,-1,0,0
0,0.1,-0.056542,-1,0,0
0,0.08,-0.029887,-1,0,0
0,0.06,-0.015647,-1,0,0
0,0.04,0.014742,-1,0,0
0,0.02,0.004788,-1,0,0
