0.047386,-0.0059732,0.0018662,-0.00021175,0.0053005,0.0076328,-0.0065662,-0.0023959,-0.00084557,0.00047897,0.0015854,0.001953,0.0024532,-0.0024031,0.0034762,0.0035422,0.0058656,-0.0014672,0.0045988,-0.00065939,0.0066349
-0.01157,0.00044175,-0.021112,-0.0013606,0.0097923,0.0059156,0.0027587,-0.0056926,-0.0037617,0.00069016,0.00032254,0.00095073,-0.00042645,-0.0001818,-0.0014716,0.00062034,-0.0028111,-0.0001764,-0.0020643,0.0002764,-0.0031895
-0.011138,-0.0043065,-0.013294,0.0072216,0.0092807,0.0014289,-0.0041156,-0.00090435,0.0036191,-0.0013632,-0.0036216,0.0022958,0.0017759,-0.0027682,-0.0025146,0.0021427,-0.0011369,0.00038334,-0.0027799,-0.00079349,-0.0013605
0.0030337,-0.00023003,-0.0032734,-0.0038052,0.0021903,0.0026469,-0.0068491,-0.00028171,0.0030002,-0.0023328,-0.0013206,0.0011296,0.0017814,-0.0001863,-0.00013077,0.00052146,-0.001475,-0.00063878,0.00047415,-0.00035832,0.00035566
0.015373,0.0015936,0.0042602,0.010838,-0.0081931,-0.0053752,0.0075687,-0.0034258,-0.0013878,0.0016737,0.0002548,0.00079292,-0.0015149,-0.0012217,0.0035887,0.0014799,0.00023476,0.0010298,0.0019647,-0.00024793,0.0024797
0.00016697,-0.0099784,-0.0022466,0.0031874,-0.0031017,-0.0025011,-0.00222,0.0042498,-0.00054793,-0.0024151,0.00057836,-0.00083306,0.001529,0.00038017,-0.00049501,7.9591e-05,-0.0022488,-0.0011029,0.00013723,-0.0011327,-0.00013768
-0.0053512,0.0030014,-0.0021818,-0.0083814,-0.0027124,0.00082753,0.00094817,0.00087994,-0.0010827,0.00017062,0.00013047,0.00075213,0.00084824,-0.002535,-0.0025516,0.0011601,0.00041364,-0.00021765,-0.0011061,-0.00067159,-0.0032189
-0.0075244,0.0061354,-0.0071503,0.0004187,0.00018256,6.4573e-05,0.0015841,-0.0018716,-0.0010981,0.0035857,-2.7464e-05,-0.0020359,-0.00075954,0.0012799,-0.0016618,0.00028808,-0.001018,0.00082347,-0.00046874,0.0010866,-0.0035782
-0.0012481,-0.0031934,0.0012089,0.00068929,-0.00077447,0.00067553,-0.0038387,0.0013514,9.7895e-05,0.00047756,0.0014812,-0.0036382,0.0015128,0.0010068,0.00053733,0.000631,-0.0012213,-0.00030472,-4.439e-05,-0.00060606,-0.0003402
0.0023487,0.00042057,0.0082888,-0.00023229,0.0022605,-0.001845,-0.002041,-0.0014249,0.0009953,5.0639e-05,0.00022223,0.0019124,0.0013344,-0.0015578,0.00035083,0.00072701,0.00086739,-1.1891e-05,0.00047715,-0.00097402,0.0025789
0.0030314,0.00096702,-0.003075,0.0010081,-0.0015649,0.00049161,-0.00098436,-7.3625e-05,-0.0015321,-0.00071688,-0.0005759,-0.00041294,-0.00071817,-0.00088536,0.00061572,0.00011164,0.00086953,2.5548e-05,0.00088615,0.00064266,-0.00093969
-0.00064269,-0.0019398,-0.0030113,-0.00070194,0.0018125,0.0014606,-0.00037701,0.0039484,0.00088523,-0.0015329,-0.0011558,0.00017522,-0.0012065,-0.00050976,-0.00044348,-0.0002027,0.00065399,0.00064453,-0.00075306,-0.00052268,0.00024986
0.00067945,0.00046705,-0.00093967,0.0017622,0.0032361,0.00039075,0.00050365,-0.00036212,0.00027774,0.0012641,0.00030574,-0.00097536,-0.0013579,0.0008514,0.001236,-0.00037935,0.0013642,0.00048114,-0.00066483,0.00036504,0.0011458
0.0023413,0.00078748,-0.0012751,0.00025169,-0.0019412,0.00036812,0.00057358,-0.0024549,-0.00087598,0.001163,0.0013798,-0.0012571,0.00026966,0.00082709,-0.00047086,-2.1145e-05,-0.0017414,-0.00048152,0.0013045,0.00014941,-0.0005605
0.0024471,-0.0019333,-2.5981e-05,-0.00077634,-0.0022731,0.00039988,0.00070202,-0.00097675,-0.00039564,9.0013e-05,0.00026503,0.001305,0.00076774,2.991e-05,-0.00078714,-8.3084e-06,-0.00051458,-0.0011264,0.00088548,0.00047436,-0.00019142
-0.0035572,-0.00037359,-0.0032445,0.00030829,0.0019173,0.00086387,0.00020122,-0.00011484,-0.00048184,-0.00011461,-0.00015728,-0.00036427,-0.00068582,4.5687e-05,1.4174e-05,-0.00025228,-0.00020511,0.00025539,-0.00082944,-1.6574e-05,-0.00038859
0.004302,-0.00096966,-0.00025852,0.00036458,0.0018859,-0.0012263,-0.0020846,-0.0010602,-0.00049855,-0.00028346,-0.00099064,0.0015681,0.0013513,-0.0017743,-0.00010953,0.00027922,0.0012888,-0.00034949,0.00031645,-0.00040383,0.00079629
-0.0018995,-0.0011383,-0.0024462,-0.0012687,0.00045246,-0.00054132,-0.0013562,-0.00097078,-0.00068257,-1.9932e-05,-0.00022956,0.00048749,0.0010104,-0.00072183,-0.00075087,0.00016268,-0.00079425,-0.00055088,-0.00031847,-0.0001275,-0.00083825
0.005592,0.00024519,-0.0019741,0.0024903,-0.00067337,0.0019493,-0.00081857,-3.4252e-07,0.00096274,-0.0014026,-0.00016013,-0.00045704,-3.5461e-05,0.00031465,0.0012226,0.00087345,7.7181e-05,0.0012055,-0.00031842,-0.00079842,-0.00013891
-0.0022871,-0.00015425,-0.0026964,-4.278e-05,0.0020844,0.00085115,-0.0011827,0.00058811,0.0010318,-0.00075068,-8.424e-05,0.0001138,-9.6046e-05,0.00050716,-0.00023573,0.00020238,-0.00092443,0.00011631,8.9021e-05,6.3287e-05,-0.0003195
0.0077676,-0.00080489,-0.0013333,0.0021548,0.0012083,0.0013071,0.00057983,-0.0013773,-0.0010275,0.00094907,-0.00037757,0.0011138,0.00037064,-0.0015338,-0.0008,0.0012077,0.00067089,-7.7907e-05,0.0013344,-0.00081193,0.0017594
