0.02,0.02,0.074241,1,0,0
0.04,0.02,0.094453,1,0,0
0.06,0.02,0.057494,1,0,0
0.08,0.02,0.055183,1,0,0
0.1,0.02,0.058803,1,0,0
0.12,0.02,0.048136,1,0,0
0.14,0.02,0.040247,1,0,0
0.16,0.02,0.10903,1,0,0
0.18,0.02,0.10614,1,0,0
0.2,0.02,0.10386,1,0,0
0.22,0.02,0.095126,1,0,0
0.24,0.02,0.076275,1,0,0
0.26,0.02,0.069221,1,0,0
0.28,0.02,0.081627,1,0,0
0.3,0.02,0.087304,1,0,0
0.32,0.02,0.080681,1,0,0
0.34,0.02,0.062104,1,0,0
0.36,0.02,0.056501,1,0,0
0.38,0.02,0.082461,1,0,0
0.4,0.02,0.05607,1,0,0
0.42,0.02,0.04872,1,0,0
0.44,0.02,0.05306,1,0,0
0.46,0.02,0.071734,1,0,0
0.48,0.02,0.098734,1,0,0
0.5,0.02,0.096141,1,0,0
0.52,0.02,0.0982,1,0,0
0.54,0.02,0.097563,1,0,0
0.56,0.02,0.10829,1,0,0
0.58,0.02,0.097738,1,0,0
0.6,0.02,0.10899,1,0,0
0.62,0.02,0.10058,1,0,0
0.64,0.02,0.1053,1,0,0
0.66,0.02,0.087652,1,0,0
0.68,0.02,0.068376,1,0,0
0.7,0.02,0.049352,1,0,0
0.72,0.02,0.051856,1,0,0
0.74,0.02,0.038573,1,0,0
0.76,0.02,0.0091169,1,0,0
0.78,0.02,0.0055577,1,0,0
0.8,0.02,-0.010577,1,0,0
0.82,0.02,0.026821,1,0,0
0.84,0.02,0.029676,1,0,0
0.86,0.02,0.0077286,1,0,0
0.88,0.02,0.00050813,1,0,0
0.9,0.02,0.053809,1,0,0
0.92,0.02,0.036744,1,0,0
0.94,0.02,0.032849,1,0,0
0.96,0.02,0.034535,1,0,0
0.98,0.02,0.024971,1,0,0
0.02,0.04,0.058565,1,0,0
0.04,0.04,0.067575,1,0,0
0.06,0.04,0.047463,1,0,0
0.08,0.04,0.077986,1,0,0
0.1,0.04,0.068127,1,0,0
0.12,0.04,0.086478,1,0,0
0.14,0.04,0.099678,1,0,0
0.16,0.04,0.10376,1,0,0
0.18,0.04,0.11434,1,0,0
0.2,0.04,0.11136,1,0,0
0.22,0.04,0.081661,1,0,0
0.24,0.04,0.066363,1,0,0
0.26,0.04,0.055466,1,0,0
0.28,0.04,0.076264,1,0,0
0.3,0.04,0.076811,1,0,0
0.32,0.04,0.087128,1,0,0
0.34,0.04,0.06247,1,0,0
0.36,0.04,0.059485,1,0,0
0.38,0.04,0.061072,1,0,0
0.4,0.04,0.074185,1,0,0
0.42,0.04,0.045749,1,0,0
0.44,0.04,0.058596,1,0,0
0.46,0.04,0.071571,1,0,0
0.48,0.04,0.098959,1,0,0
0.5,0.04,0.091606,1,0,0
0.52,0.04,0.10186,1,0,0
0.54,0.04,0.11156,1,0,0
0.56,0.04,0.09747,1,0,0
0.58,0.04,0.097354,1,0,0
0.6,0.04,0.097581,1,0,0
0.62,0.04,0.10939,1,0,0
0.64,0.04,0.082326,1,0,0
0.66,0.04,0.096756,1,0,0
0.68,0.04,0.081795,1,0,0
0.7,0.04,0.050171,1,0,0
0.72,0.04,0.069047,1,0,0
0.74,0.04,0.044634,1,0,0
0.76,0.04,0.011211,1,0,0
0.78,0.04,-0.005134,1,0,0
0.8,0.04,-9.6225e-05,1,0,0
0.82,0.04,0.022192,1,0,0
0.84,0.04,0.017267,1,0,0
0.86,0.04,0.031688,1,0,0
0.88,0.04,0.013264,1,0,0
0.9,0.04,0.043661,1,0,0
0.92,0.04,0.051556,1,0,0
0.94,0.04,0.037472,1,0,0
0.96,0.04,0.0044633,1,0,0
0.98,0.04,0.029362,1,0,0
0.02,0.06,0.068405,1,0,0
0.04,0.06,0.053636,1,0,0
0.06,0.06,0.060311,1,0,0
0.08,0.06,0.07916,1,0,0
0.1,0.06,0.081072,1,0,0
0.12,0.06,0.10665,1,0,0
0.14,0.06,0.11768,1,0,0
0.16,0.06,0.13896,1,0,0
0.18,0.06,0.11337,1,0,0
0.2,0.06,0.11142,1,0,0
0.22,0.06,0.088777,1,0,0
0.24,0.06,0.076581,1,0,0
0.26,0.06,0.073709,1,0,0
0.28,0.06,0.077506,1,0,0
0.3,0.06,0.055324,1,0,0
0.32,0.06,0.059126,1,0,0
0.34,0.06,0.042938,1,0,0
0.36,0.06,0.08144,1,0,0
0.38,0.06,0.067477,1,0,0
0.4,0.06,0.059388,1,0,0
0.42,0.06,0.066775,1,0,0
0.44,0.06,0.090242,1,0,0
0.46,0.06,0.070059,1,0,0
0.48,0.06,0.081966,1,0,0
0.5,0.06,0.09414,1,0,0
0.52,0.06,0.089247,1,0,0
0.54,0.06,0.11307,1,0,0
0.56,0.06,0.13225,1,0,0
0.58,0.06,0.12,1,0,0
0.6,0.06,0.10049,1,0,0
0.62,0.06,0.10038,1,0,0
0.64,0.06,0.092449,1,0,0
0.66,0.06,0.098444,1,0,0
0.68,0.06,0.068431,1,0,0
0.7,0.06,0.058144,1,0,0
0.72,0.06,0.04033,1,0,0
0.74,0.06,0.054773,1,0,0
0.76,0.06,0.022005,1,0,0
0.78,0.06,0.02195,1,0,0
0.8,0.06,0.005507,1,0,0
0.82,0.06,0.010118,1,0,0
0.84,0.06,0.029624,1,0,0
0.86,0.06,0.040895,1,0,0
0.88,0.06,0.02857,1,0,0
0.9,0.06,0.032451,1,0,0
0.92,0.06,0.038814,1,0,0
0.94,0.06,0.037621,1,0,0
0.96,0.06,0.018435,1,0,0
0.98,0.06,0.022068,1,0,0
0.02,0.08,0.073421,1,0,0
0.04,0.08,0.056712,1,0,0
0.06,0.08,0.064496,1,0,0
0.08,0.08,0.084628,1,0,0
0.1,0.08,0.080077,1,0,0
0.12,0.08,0.11956,1,0,0
0.14,0.08,0.13479,1,0,0
0.16,0.08,0.12688,1,0,0
0.18,0.08,0.10702,1,0,0
0.2,0.08,0.11388,1,0,0
0.22,0.08,0.090149,1,0,0
0.24,0.08,0.087346,1,0,0
0.26,0.08,0.07697,1,0,0
0.28,0.08,0.063469,1,0,0
0.3,0.08,0.054785,1,0,0
0.32,0.08,0.044328,1,0,0
0.34,0.08,0.046614,1,0,0
0.36,0.08,0.068042,1,0,0
0.38,0.08,0.063765,1,0,0
0.4,0.08,0.05523,1,0,0
0.42,0.08,0.076567,1,0,0
0.44,0.08,0.0808,1,0,0
0.46,0.08,0.085389,1,0,0
0.48,0.08,0.070171,1,0,0
0.5,0.08,0.080658,1,0,0
0.52,0.08,0.088576,1,0,0
0.54,0.08,0.1127,1,0,0
0.56,0.08,0.143,1,0,0
0.58,0.08,0.1412,1,0,0
0.6,0.08,0.11067,1,0,0
0.62,0.08,0.09627,1,0,0
0.64,0.08,0.087586,1,0,0
0.66,0.08,0.079906,1,0,0
0.68,0.08,0.057034,1,0,0
0.7,0.08,0.036147,1,0,0
0.72,0.08,0.023501,1,0,0
0.74,0.08,0.047915,1,0,0
0.76,0.08,0.0204,1,0,0
0.78,0.08,0.012292,1,0,0
0.8,0.08,0.012482,1,0,0
0.82,0.08,0.0048893,1,0,0
0.84,0.08,0.014901,1,0,0
0.86,0.08,0.034888,1,0,0
0.88,0.08,0.027627,1,0,0
0.9,0.08,0.022952,1,0,0
0.92,0.08,0.033282,1,0,0
0.94,0.08,0.027442,1,0,0
0.96,0.08,0.020472,1,0,0
0.98,0.08,0.037056,1,0,0
0.02,0.1,0.058138,1,0,0
0.04,0.1,0.055733,1,0,0
0.06,0.1,0.042625,1,0,0
0.08,0.1,0.061094,1,0,0
0.1,0.1,0.085528,1,0,0
0.12,0.1,0.11477,1,0,0
0.14,0.1,0.14028,1,0,0
0.16,0.1,0.10299,1,0,0
0.18,0.1,0.093697,1,0,0
0.2,0.1,0.085835,1,0,0
0.22,0.1,0.071199,1,0,0
0.24,0.1,0.059273,1,0,0
0.26,0.1,0.045574,1,0,0
0.28,0.1,0.033589,1,0,0
0.3,0.1,0.050233,1,0,0
0.32,0.1,0.06118,1,0,0
0.34,0.1,0.048667,1,0,0
0.36,0.1,0.040215,1,0,0
0.38,0.1,0.064492,1,0,0
0.4,0.1,0.057273,1,0,0
0.42,0.1,0.070087,1,0,0
0.44,0.1,0.061148,1,0,0
0.46,0.1,0.064612,1,0,0
0.48,0.1,0.075588,1,0,0
0.5,0.1,0.087635,1,0,0
0.52,0.1,0.085396,1,0,0
0.54,0.1,0.11966,1,0,0
0.56,0.1,0.1301,1,0,0
0.58,0.1,0.13175,1,0,0
0.6,0.1,0.10141,1,0,0
0.62,0.1,0.10808,1,0,0
0.64,0.1,0.069835,1,0,0
0.66,0.1,0.061675,1,0,0
0.68,0.1,0.050752,1,0,0
0.7,0.1,0.027119,1,0,0
0.72,0.1,0.029588,1,0,0
0.74,0.1,0.030186,1,0,0
0.76,0.1,0.029449,1,0,0
0.78,0.1,0.015289,1,0,0
0.8,0.1,0.017119,1,0,0
0.82,0.1,0.011438,1,0,0
0.84,0.1,-0.0019854,1,0,0
0.86,0.1,0.0003602,1,0,0
0.88,0.1,0.013789,1,0,0
0.9,0.1,0.030942,1,0,0
0.92,0.1,0.038885,1,0,0
0.94,0.1,0.0091207,1,0,0
0.96,0.1,0.026403,1,0,0
0.98,0.1,0.040549,1,0,0
0.02,0.12,0.070722,1,0,0
0.04,0.12,0.054399,1,0,0
0.06,0.12,0.047729,1,0,0
0.08,0.12,0.064632,1,0,0
0.1,0.12,0.07788,1,0,0
0.12,0.12,0.094434,1,0,0
0.14,0.12,0.086725,1,0,0
0.16,0.12,0.088908,1,0,0
0.18,0.12,0.078845,1,0,0
0.2,0.12,0.061257,1,0,0
0.22,0.12,0.057653,1,0,0
0.24,0.12,0.058503,1,0,0
0.26,0.12,0.045051,1,0,0
0.28,0.12,0.021473,1,0,0
0.3,0.12,0.054682,1,0,0
0.32,0.12,0.056909,1,0,0
0.34,0.12,0.044357,1,0,0
0.36,0.12,0.043767,1,0,0
0.38,0.12,0.074389,1,0,0
0.4,0.12,0.061163,1,0,0
0.42,0.12,0.072607,1,0,0
0.44,0.12,0.06045,1,0,0
0.46,0.12,0.072655,1,0,0
0.48,0.12,0.072,1,0,0
0.5,0.12,0.08413,1,0,0
0.52,0.12,0.084906,1,0,0
0.54,0.12,0.098431,1,0,0
0.56,0.12,0.09905,1,0,0
0.58,0.12,0.10817,1,0,0
0.6,0.12,0.10776,1,0,0
0.62,0.12,0.1028,1,0,0
0.64,0.12,0.07861,1,0,0
0.66,0.12,0.053587,1,0,0
0.68,0.12,0.053357,1,0,0
0.7,0.12,0.035161,1,0,0
0.72,0.12,-0.0019458,1,0,0
0.74,0.12,0.016982,1,0,0
0.76,0.12,0.015766,1,0,0
0.78,0.12,0.0053553,1,0,0
0.8,0.12,-0.0016712,1,0,0
0.82,0.12,-0.0070383,1,0,0
0.84,0.12,-0.017124,1,0,0
0.86,0.12,-0.01756,1,0,0
0.88,0.12,-0.0063251,1,0,0
0.9,0.12,0.028839,1,0,0
0.92,0.12,0.044656,1,0,0
0.94,0.12,0.014795,1,0,0
0.96,0.12,0.038709,1,0,0
0.98,0.12,0.033054,1,0,0
0.02,0.14,0.083847,1,0,0
0.04,0.14,0.090383,1,0,0
0.06,0.14,0.069847,1,0,0
0.08,0.14,0.074344,1,0,0
0.1,0.14,0.059077,1,0,0
0.12,0.14,0.07276,1,0,0
0.14,0.14,0.087068,1,0,0
0.16,0.14,0.081202,1,0,0
0.18,0.14,0.058452,1,0,0
0.2,0.14,0.052999,1,0,0
0.22,0.14,0.048192,1,0,0
0.24,0.14,0.047778,1,0,0
0.26,0.14,0.067606,1,0,0
0.28,0.14,0.043535,1,0,0
0.3,0.14,0.042424,1,0,0
0.32,0.14,0.06158,1,0,0
0.34,0.14,0.075363,1,0,0
0.36,0.14,0.085818,1,0,0
0.38,0.14,0.098784,1,0,0
0.4,0.14,0.11181,1,0,0
0.42,0.14,0.096017,1,0,0
0.44,0.14,0.086341,1,0,0
0.46,0.14,0.085994,1,0,0
0.48,0.14,0.06396,1,0,0
0.5,0.14,0.085651,1,0,0
0.52,0.14,0.093649,1,0,0
0.54,0.14,0.10977,1,0,0
0.56,0.14,0.10842,1,0,0
0.58,0.14,0.1166,1,0,0
0.6,0.14,0.12798,1,0,0
0.62,0.14,0.11562,1,0,0
0.64,0.14,0.097824,1,0,0
0.66,0.14,0.097842,1,0,0
0.68,0.14,0.062068,1,0,0
0.7,0.14,0.034186,1,0,0
0.72,0.14,0.030449,1,0,0
0.74,0.14,0.035715,1,0,0
0.76,0.14,0.036462,1,0,0
0.78,0.14,0.031881,1,0,0
0.8,0.14,0.010764,1,0,0
0.82,0.14,-0.017,1,0,0
0.84,0.14,-0.0052385,1,0,0
0.86,0.14,-0.0088147,1,0,0
0.88,0.14,-0.00013766,1,0,0
0.9,0.14,0.020131,1,0,0
0.92,0.14,0.046984,1,0,0
0.94,0.14,0.092547,1,0,0
0.96,0.14,0.057352,1,0,0
0.98,0.14,0.063275,1,0,0
0.02,0.16,0.053726,1,0,0
0.04,0.16,0.05749,1,0,0
0.06,0.16,0.049337,1,0,0
0.08,0.16,0.049072,1,0,0
0.1,0.16,0.042544,1,0,0
0.12,0.16,0.038825,1,0,0
0.14,0.16,0.050279,1,0,0
0.16,0.16,0.038636,1,0,0
0.18,0.16,0.012367,1,0,0
0.2,0.16,0.022176,1,0,0
0.22,0.16,0.032703,1,0,0
0.24,0.16,0.032264,1,0,0
0.26,0.16,0.028144,1,0,0
0.28,0.16,0.063589,1,0,0
0.3,0.16,0.05781,1,0,0
0.32,0.16,0.060495,1,0,0
0.34,0.16,0.046451,1,0,0
0.36,0.16,0.068537,1,0,0
0.38,0.16,0.077017,1,0,0
0.4,0.16,0.086797,1,0,0
0.42,0.16,0.084251,1,0,0
0.44,0.16,0.078751,1,0,0
0.46,0.16,0.05225,1,0,0
0.48,0.16,0.080462,1,0,0
0.5,0.16,0.099158,1,0,0
0.52,0.16,0.10687,1,0,0
0.54,0.16,0.084507,1,0,0
0.56,0.16,0.090811,1,0,0
0.58,0.16,0.12832,1,0,0
0.6,0.16,0.10088,1,0,0
0.62,0.16,0.090679,1,0,0
0.64,0.16,0.077465,1,0,0
0.66,0.16,0.071621,1,0,0
0.68,0.16,0.047994,1,0,0
0.7,0.16,0.052719,1,0,0
0.72,0.16,0.038909,1,0,0
0.74,0.16,0.026445,1,0,0
0.76,0.16,-0.0033888,1,0,0
0.78,0.16,0.0002828,1,0,0
0.8,0.16,-0.0022907,1,0,0
0.82,0.16,-0.012504,1,0,0
0.84,0.16,-0.023769,1,0,0
0.86,0.16,-0.0077735,1,0,0
0.88,0.16,-0.0017455,1,0,0
0.9,0.16,0.028768,1,0,0
0.92,0.16,0.024259,1,0,0
0.94,0.16,0.051109,1,0,0
0.96,0.16,0.056769,1,0,0
0.98,0.16,0.034216,1,0,0
0.02,0.18,0.067113,1,0,0
0.04,0.18,0.057338,1,0,0
0.06,0.18,0.029403,1,0,0
0.08,0.18,0.021944,1,0,0
0.1,0.18,0.012076,1,0,0
0.12,0.18,0.025378,1,0,0
0.14,0.18,0.034682,1,0,0
0.16,0.18,0.011991,1,0,0
0.18,0.18,-0.021118,1,0,0
0.2,0.18,0.01493,1,0,0
0.22,0.18,0.022901,1,0,0
0.24,0.18,0.032141,1,0,0
0.26,0.18,0.028429,1,0,0
0.28,0.18,0.053752,1,0,0
0.3,0.18,0.044225,1,0,0
0.32,0.18,0.050889,1,0,0
0.34,0.18,0.039012,1,0,0
0.36,0.18,0.037414,1,0,0
0.38,0.18,0.06354,1,0,0
0.4,0.18,0.096032,1,0,0
0.42,0.18,0.079586,1,0,0
0.44,0.18,0.070391,1,0,0
0.46,0.18,0.045801,1,0,0
0.48,0.18,0.070356,1,0,0
0.5,0.18,0.10139,1,0,0
0.52,0.18,0.11152,1,0,0
0.54,0.18,0.098421,1,0,0
0.56,0.18,0.10118,1,0,0
0.58,0.18,0.092309,1,0,0
0.6,0.18,0.096686,1,0,0
0.62,0.18,0.080479,1,0,0
0.64,0.18,0.059733,1,0,0
0.66,0.18,0.067469,1,0,0
0.68,0.18,0.03572,1,0,0
0.7,0.18,0.027706,1,0,0
0.72,0.18,0.033821,1,0,0
0.74,0.18,0.014177,1,0,0
0.76,0.18,-0.021266,1,0,0
0.78,0.18,0.0043558,1,0,0
0.8,0.18,-0.021188,1,0,0
0.82,0.18,-0.0020914,1,0,0
0.84,0.18,-0.032347,1,0,0
0.86,0.18,-0.022098,1,0,0
0.88,0.18,-0.0089281,1,0,0
0.9,0.18,0.015769,1,0,0
0.92,0.18,0.013995,1,0,0
0.94,0.18,0.029309,1,0,0
0.96,0.18,0.030075,1,0,0
0.98,0.18,0.026589,1,0,0
0.02,0.2,0.066925,1,0,0
0.04,0.2,0.053771,1,0,0
0.06,0.2,0.02954,1,0,0
0.08,0.2,0.019236,1,0,0
0.1,0.2,0.01961,1,0,0
0.12,0.2,0.010383,1,0,0
0.14,0.2,-0.01253,1,0,0
0.16,0.2,-0.00038051,1,0,0
0.18,0.2,-0.019692,1,0,0
0.2,0.2,-0.022356,1,0,0
0.22,0.2,0.0033202,1,0,0
0.24,0.2,0.0045446,1,0,0
0.26,0.2,0.022072,1,0,0
0.28,0.2,0.011595,1,0,0
0.3,0.2,0.014632,1,0,0
0.32,0.2,0.038759,1,0,0
0.34,0.2,0.034238,1,0,0
0.36,0.2,0.049537,1,0,0
0.38,0.2,0.06939,1,0,0
0.4,0.2,0.076849,1,0,0
0.42,0.2,0.056324,1,0,0
0.44,0.2,0.052679,1,0,0
0.46,0.2,0.046549,1,0,0
0.48,0.2,0.06144,1,0,0
0.5,0.2,0.090226,1,0,0
0.52,0.2,0.090659,1,0,0
0.54,0.2,0.10549,1,0,0
0.56,0.2,0.10226,1,0,0
0.58,0.2,0.094765,1,0,0
0.6,0.2,0.097923,1,0,0
0.62,0.2,0.078562,1,0,0
0.64,0.2,0.0717,1,0,0
0.66,0.2,0.053768,1,0,0
0.68,0.2,0.053976,1,0,0
0.7,0.2,0.038848,1,0,0
0.72,0.2,-0.0028477,1,0,0
0.74,0.2,-0.0047082,1,0,0
0.76,0.2,-0.0015179,1,0,0
0.78,0.2,-0.0036813,1,0,0
0.8,0.2,-0.022292,1,0,0
0.82,0.2,-0.02563,1,0,0
0.84,0.2,-0.01739,1,0,0
0.86,0.2,-0.036826,1,0,0
0.88,0.2,-0.029693,1,0,0
0.9,0.2,0.022275,1,0,0
0.92,0.2,0.010058,1,0,0
0.94,0.2,0.040461,1,0,0
0.96,0.2,0.045677,1,0,0
0.98,0.2,0.066364,1,0,0
0.02,0.22,0.082406,1,0,0
0.04,0.22,0.072823,1,0,0
0.06,0.22,0.037848,1,0,0
0.08,0.22,0.033255,1,0,0
0.1,0.22,0.039164,1,0,0
0.12,0.22,0.023583,1,0,0
0.14,0.22,0.03263,1,0,0
0.16,0.22,0.013989,1,0,0
0.18,0.22,-0.010611,1,0,0
0.2,0.22,-0.020852,1,0,0
0.22,0.22,-0.015722,1,0,0
0.24,0.22,0.004021,1,0,0
0.26,0.22,0.011196,1,0,0
0.28,0.22,-0.0019786,1,0,0
0.3,0.22,0.017967,1,0,0
0.32,0.22,0.045493,1,0,0
0.34,0.22,0.078993,1,0,0
0.36,0.22,0.075768,1,0,0
0.38,0.22,0.093266,1,0,0
0.4,0.22,0.070179,1,0,0
0.42,0.22,0.052074,1,0,0
0.44,0.22,0.057049,1,0,0
0.46,0.22,0.06024,1,0,0
0.48,0.22,0.063751,1,0,0
0.5,0.22,0.095789,1,0,0
0.52,0.22,0.10933,1,0,0
0.54,0.22,0.11653,1,0,0
0.56,0.22,0.1214,1,0,0
0.58,0.22,0.085811,1,0,0
0.6,0.22,0.087386,1,0,0
0.62,0.22,0.093955,1,0,0
0.64,0.22,0.0861,1,0,0
0.66,0.22,0.094956,1,0,0
0.68,0.22,0.076682,1,0,0
0.7,0.22,0.028431,1,0,0
0.72,0.22,-0.0033997,1,0,0
0.74,0.22,-0.0011247,1,0,0
0.76,0.22,0.014665,1,0,0
0.78,0.22,0.013203,1,0,0
0.8,0.22,-0.024027,1,0,0
0.82,0.22,-0.013305,1,0,0
0.84,0.22,-0.01423,1,0,0
0.86,0.22,-0.032122,1,0,0
0.88,0.22,-0.012017,1,0,0
0.9,0.22,0.013536,1,0,0
0.92,0.22,0.024254,1,0,0
0.94,0.22,0.05149,1,0,0
0.96,0.22,0.065763,1,0,0
0.98,0.22,0.070415,1,0,0
0.02,0.24,0.059291,1,0,0
0.04,0.24,0.054237,1,0,0
0.06,0.24,0.0553,1,0,0
0.08,0.24,0.04279,1,0,0
0.1,0.24,0.032475,1,0,0
0.12,0.24,0.03217,1,0,0
0.14,0.24,0.03145,1,0,0
0.16,0.24,-0.017122,1,0,0
0.18,0.24,-0.016618,1,0,0
0.2,0.24,0.00081808,1,0,0
0.22,0.24,-0.0012311,1,0,0
0.24,0.24,-0.018326,1,0,0
0.26,0.24,-0.0073963,1,0,0
0.28,0.24,-0.0056857,1,0,0
0.3,0.24,0.017546,1,0,0
0.32,0.24,0.048762,1,0,0
0.34,0.24,0.069281,1,0,0
0.36,0.24,0.060821,1,0,0
0.38,0.24,0.080962,1,0,0
0.4,0.24,0.05694,1,0,0
0.42,0.24,0.048684,1,0,0
0.44,0.24,0.050254,1,0,0
0.46,0.24,0.054844,1,0,0
0.48,0.24,0.091549,1,0,0
0.5,0.24,0.11194,1,0,0
0.52,0.24,0.10633,1,0,0
0.54,0.24,0.11125,1,0,0
0.56,0.24,0.10521,1,0,0
0.58,0.24,0.10038,1,0,0
0.6,0.24,0.079548,1,0,0
0.62,0.24,0.084219,1,0,0
0.64,0.24,0.08046,1,0,0
0.66,0.24,0.087396,1,0,0
0.68,0.24,0.073728,1,0,0
0.7,0.24,0.031317,1,0,0
0.72,0.24,0.018487,1,0,0
0.74,0.24,0.010339,1,0,0
0.76,0.24,1.7289e-05,1,0,0
0.78,0.24,0.011024,1,0,0
0.8,0.24,0.030572,1,0,0
0.82,0.24,0.0076053,1,0,0
0.84,0.24,-0.014846,1,0,0
0.86,0.24,-0.009256,1,0,0
0.88,0.24,-0.0055385,1,0,0
0.9,0.24,0.014496,1,0,0
0.92,0.24,0.029864,1,0,0
0.94,0.24,0.03067,1,0,0
0.96,0.24,0.046487,1,0,0
0.98,0.24,0.060292,1,0,0
0.02,0.26,0.070835,1,0,0
0.04,0.26,0.054917,1,0,0
0.06,0.26,0.037408,1,0,0
0.08,0.26,0.033099,1,0,0
0.1,0.26,0.017346,1,0,0
0.12,0.26,0.032595,1,0,0
0.14,0.26,0.026019,1,0,0
0.16,0.26,-0.0063165,1,0,0
0.18,0.26,-0.024125,1,0,0
0.2,0.26,-0.014774,1,0,0
0.22,0.26,-0.005538,1,0,0
0.24,0.26,-0.0086514,1,0,0
0.26,0.26,-0.0075581,1,0,0
0.28,0.26,-0.008267,1,0,0
0.3,0.26,0.025134,1,0,0
0.32,0.26,0.035383,1,0,0
0.34,0.26,0.044371,1,0,0
0.36,0.26,0.088371,1,0,0
0.38,0.26,0.087758,1,0,0
0.4,0.26,0.067615,1,0,0
0.42,0.26,0.048487,1,0,0
0.44,0.26,0.060143,1,0,0
0.46,0.26,0.035811,1,0,0
0.48,0.26,0.048334,1,0,0
0.5,0.26,0.11187,1,0,0
0.52,0.26,0.10089,1,0,0
0.54,0.26,0.11681,1,0,0
0.56,0.26,0.1219,1,0,0
0.58,0.26,0.10332,1,0,0
0.6,0.26,0.072909,1,0,0
0.62,0.26,0.076328,1,0,0
0.64,0.26,0.083633,1,0,0
0.66,0.26,0.080833,1,0,0
0.68,0.26,0.045201,1,0,0
0.7,0.26,0.018852,1,0,0
0.72,0.26,0.02422,1,0,0
0.74,0.26,0.039678,1,0,0
0.76,0.26,0.035997,1,0,0
0.78,0.26,0.044525,1,0,0
0.8,0.26,0.056823,1,0,0
0.82,0.26,0.025546,1,0,0
0.84,0.26,-0.0034112,1,0,0
0.86,0.26,-0.019232,1,0,0
0.88,0.26,-0.013732,1,0,0
0.9,0.26,-0.004761,1,0,0
0.92,0.26,0.018118,1,0,0
0.94,0.26,0.039815,1,0,0
0.96,0.26,0.032515,1,0,0
0.98,0.26,0.062361,1,0,0
0.02,0.28,0.040013,1,0,0
0.04,0.28,0.015185,1,0,0
0.06,0.28,0.026405,1,0,0
0.08,0.28,0.045496,1,0,0
0.1,0.28,0.029072,1,0,0
0.12,0.28,0.027233,1,0,0
0.14,0.28,0.0054791,1,0,0
0.16,0.28,-0.0051995,1,0,0
0.18,0.28,-0.034323,1,0,0
0.2,0.28,-0.015961,1,0,0
0.22,0.28,-0.044668,1,0,0
0.24,0.28,-0.01233,1,0,0
0.26,0.28,0.00087252,1,0,0
0.28,0.28,0.011196,1,0,0
0.3,0.28,0.0072114,1,0,0
0.32,0.28,0.030221,1,0,0
0.34,0.28,0.03761,1,0,0
0.36,0.28,0.067079,1,0,0
0.38,0.28,0.070641,1,0,0
0.4,0.28,0.057898,1,0,0
0.42,0.28,0.036954,1,0,0
0.44,0.28,0.049495,1,0,0
0.46,0.28,0.052524,1,0,0
0.48,0.28,0.064941,1,0,0
0.5,0.28,0.079823,1,0,0
0.52,0.28,0.088127,1,0,0
0.54,0.28,0.10152,1,0,0
0.56,0.28,0.10019,1,0,0
0.58,0.28,0.078815,1,0,0
0.6,0.28,0.063833,1,0,0
0.62,0.28,0.053673,1,0,0
0.64,0.28,0.05266,1,0,0
0.66,0.28,0.06235,1,0,0
0.68,0.28,0.044832,1,0,0
0.7,0.28,0.035169,1,0,0
0.72,0.28,0.019318,1,0,0
0.74,0.28,0.055893,1,0,0
0.76,0.28,0.024819,1,0,0
0.78,0.28,0.032586,1,0,0
0.8,0.28,0.028096,1,0,0
0.82,0.28,0.022104,1,0,0
0.84,0.28,0.013517,1,0,0
0.86,0.28,0.0087257,1,0,0
0.88,0.28,-0.01982,1,0,0
0.9,0.28,-0.024015,1,0,0
0.92,0.28,0.0077001,1,0,0
0.94,0.28,0.016323,1,0,0
0.96,0.28,0.0084235,1,0,0
0.98,0.28,0.01916,1,0,0
0.02,0.3,0.036435,1,0,0
0.04,0.3,0.04395,1,0,0
0.06,0.3,0.0091498,1,0,0
0.08,0.3,0.0445,1,0,0
0.1,0.3,0.045505,1,0,0
0.12,0.3,0.025486,1,0,0
0.14,0.3,0.0069967,1,0,0
0.16,0.3,0.0041441,1,0,0
0.18,0.3,-0.015093,1,0,0
0.2,0.3,-0.027019,1,0,0
0.22,0.3,-0.057545,1,0,0
0.24,0.3,0.00040047,1,0,0
0.26,0.3,-0.006776,1,0,0
0.28,0.3,0.01569,1,0,0
0.3,0.3,0.018127,1,0,0
0.32,0.3,0.023154,1,0,0
0.34,0.3,0.014144,1,0,0
0.36,0.3,0.050534,1,0,0
0.38,0.3,0.075546,1,0,0
0.4,0.3,0.074714,1,0,0
0.42,0.3,0.056615,1,0,0
0.44,0.3,0.060008,1,0,0
0.46,0.3,0.061378,1,0,0
0.48,0.3,0.07944,1,0,0
0.5,0.3,0.075423,1,0,0
0.52,0.3,0.088567,1,0,0
0.54,0.3,0.097931,1,0,0
0.56,0.3,0.082537,1,0,0
0.58,0.3,0.068874,1,0,0
0.6,0.3,0.051846,1,0,0
0.62,0.3,0.074706,1,0,0
0.64,0.3,0.063392,1,0,0
0.66,0.3,0.062782,1,0,0
0.68,0.3,0.067555,1,0,0
0.7,0.3,0.052079,1,0,0
0.72,0.3,0.040655,1,0,0
0.74,0.3,0.062621,1,0,0
0.76,0.3,0.060544,1,0,0
0.78,0.3,0.032651,1,0,0
0.8,0.3,0.020317,1,0,0
0.82,0.3,0.03314,1,0,0
0.84,0.3,0.025427,1,0,0
0.86,0.3,0.0075457,1,0,0
0.88,0.3,-0.020174,1,0,0
0.9,0.3,0.017777,1,0,0
0.92,0.3,0.022996,1,0,0
0.94,0.3,0.0135,1,0,0
0.96,0.3,0.012022,1,0,0
0.98,0.3,0.025542,1,0,0
0.02,0.32,0.037248,1,0,0
0.04,0.32,0.052769,1,0,0
0.06,0.32,0.030403,1,0,0
0.08,0.32,0.061886,1,0,0
0.1,0.32,0.046716,1,0,0
0.12,0.32,0.038579,1,0,0
0.14,0.32,0.0052543,1,0,0
0.16,0.32,0.0073408,1,0,0
0.18,0.32,-0.012178,1,0,0
0.2,0.32,0.0019053,1,0,0
0.22,0.32,-0.020814,1,0,0
0.24,0.32,-0.012364,1,0,0
0.26,0.32,-0.015893,1,0,0
0.28,0.32,0.0010403,1,0,0
0.3,0.32,0.022678,1,0,0
0.32,0.32,0.021238,1,0,0
0.34,0.32,0.019571,1,0,0
0.36,0.32,0.042845,1,0,0
0.38,0.32,0.069968,1,0,0
0.4,0.32,0.08581,1,0,0
0.42,0.32,0.068439,1,0,0
0.44,0.32,0.061316,1,0,0
0.46,0.32,0.071232,1,0,0
0.48,0.32,0.080003,1,0,0
0.5,0.32,0.08105,1,0,0
0.52,0.32,0.06989,1,0,0
0.54,0.32,0.083245,1,0,0
0.56,0.32,0.073588,1,0,0
0.58,0.32,0.068442,1,0,0
0.6,0.32,0.080045,1,0,0
0.62,0.32,0.073979,1,0,0
0.64,0.32,0.073872,1,0,0
0.66,0.32,0.063149,1,0,0
0.68,0.32,0.051046,1,0,0
0.7,0.32,0.044686,1,0,0
0.72,0.32,0.063353,1,0,0
0.74,0.32,0.064407,1,0,0
0.76,0.32,0.033775,1,0,0
0.78,0.32,0.02281,1,0,0
0.8,0.32,0.019237,1,0,0
0.82,0.32,0.020652,1,0,0
0.84,0.32,0.0041237,1,0,0
0.86,0.32,-0.019205,1,0,0
0.88,0.32,-0.030315,1,0,0
0.9,0.32,0.023302,1,0,0
0.92,0.32,0.041606,1,0,0
0.94,0.32,0.042773,1,0,0
0.96,0.32,0.032624,1,0,0
0.98,0.32,0.045907,1,0,0
0.02,0.34,0.037667,1,0,0
0.04,0.34,0.037646,1,0,0
0.06,0.34,0.044669,1,0,0
0.08,0.34,0.044378,1,0,0
0.1,0.34,0.034466,1,0,0
0.12,0.34,0.033032,1,0,0
0.14,0.34,0.017519,1,0,0
0.16,0.34,0.012287,1,0,0
0.18,0.34,-0.021776,1,0,0
0.2,0.34,-0.01624,1,0,0
0.22,0.34,-0.020485,1,0,0
0.24,0.34,-0.032534,1,0,0
0.26,0.34,-0.0084206,1,0,0
0.28,0.34,0.00778,1,0,0
0.3,0.34,0.0036989,1,0,0
0.32,0.34,-0.014071,1,0,0
0.34,0.34,0.0023381,1,0,0
0.36,0.34,0.026899,1,0,0
0.38,0.34,0.035083,1,0,0
0.4,0.34,0.057203,1,0,0
0.42,0.34,0.055527,1,0,0
0.44,0.34,0.05329,1,0,0
0.46,0.34,0.070208,1,0,0
0.48,0.34,0.081276,1,0,0
0.5,0.34,0.083284,1,0,0
0.52,0.34,0.074054,1,0,0
0.54,0.34,0.077753,1,0,0
0.56,0.34,0.051396,1,0,0
0.58,0.34,0.053625,1,0,0
0.6,0.34,0.055573,1,0,0
0.62,0.34,0.047187,1,0,0
0.64,0.34,0.082935,1,0,0
0.66,0.34,0.081226,1,0,0
0.68,0.34,0.044733,1,0,0
0.7,0.34,0.037776,1,0,0
0.72,0.34,0.033217,1,0,0
0.74,0.34,0.049078,1,0,0
0.76,0.34,0.014344,1,0,0
0.78,0.34,0.012002,1,0,0
0.8,0.34,0.0040271,1,0,0
0.82,0.34,-0.021724,1,0,0
0.84,0.34,-0.019147,1,0,0
0.86,0.34,-0.027316,1,0,0
0.88,0.34,-0.02102,1,0,0
0.9,0.34,0.02506,1,0,0
0.92,0.34,0.052199,1,0,0
0.94,0.34,0.043509,1,0,0
0.96,0.34,0.034373,1,0,0
0.98,0.34,0.014187,1,0,0
0.02,0.36,0.019659,1,0,0
0.04,0.36,0.040224,1,0,0
0.06,0.36,0.02115,1,0,0
0.08,0.36,0.03648,1,0,0
0.1,0.36,0.050973,1,0,0
0.12,0.36,0.0073996,1,0,0
0.14,0.36,0.030566,1,0,0
0.16,0.36,0.0089184,1,0,0
0.18,0.36,-0.0045231,1,0,0
0.2,0.36,-0.011654,1,0,0
0.22,0.36,0.00027462,1,0,0
0.24,0.36,-0.0053446,1,0,0
0.26,0.36,-0.0046978,1,0,0
0.28,0.36,0.005613,1,0,0
0.3,0.36,-0.0049514,1,0,0
0.32,0.36,-0.026334,1,0,0
0.34,0.36,-0.0014167,1,0,0
0.36,0.36,0.0035942,1,0,0
0.38,0.36,-0.0010003,1,0,0
0.4,0.36,0.010778,1,0,0
0.42,0.36,0.031944,1,0,0
0.44,0.36,0.066297,1,0,0
0.46,0.36,0.080036,1,0,0
0.48,0.36,0.084078,1,0,0
0.5,0.36,0.08198,1,0,0
0.52,0.36,0.069409,1,0,0
0.54,0.36,0.073351,1,0,0
0.56,0.36,0.062901,1,0,0
0.58,0.36,0.067083,1,0,0
0.6,0.36,0.043514,1,0,0
0.62,0.36,0.045043,1,0,0
0.64,0.36,0.046732,1,0,0
0.66,0.36,0.070248,1,0,0
0.68,0.36,0.041105,1,0,0
0.7,0.36,0.025945,1,0,0
0.72,0.36,0.038621,1,0,0
0.74,0.36,0.016002,1,0,0
0.76,0.36,0.015527,1,0,0
0.78,0.36,-0.0012532,1,0,0
0.8,0.36,-0.028842,1,0,0
0.82,0.36,-0.035618,1,0,0
0.84,0.36,-0.0050925,1,0,0
0.86,0.36,-0.017061,1,0,0
0.88,0.36,-0.0056167,1,0,0
0.9,0.36,0.021054,1,0,0
0.92,0.36,0.029163,1,0,0
0.94,0.36,0.044256,1,0,0
0.96,0.36,0.040996,1,0,0
0.98,0.36,0.020912,1,0,0
0.02,0.38,0.059764,1,0,0
0.04,0.38,0.051041,1,0,0
0.06,0.38,0.042498,1,0,0
0.08,0.38,0.039712,1,0,0
0.1,0.38,0.06064,1,0,0
0.12,0.38,0.053044,1,0,0
0.14,0.38,0.060111,1,0,0
0.16,0.38,0.046935,1,0,0
0.18,0.38,0.016969,1,0,0
0.2,0.38,0.015371,1,0,0
0.22,0.38,0.019205,1,0,0
0.24,0.38,0.014764,1,0,0
0.26,0.38,0.016122,1,0,0
0.28,0.38,0.020098,1,0,0
0.3,0.38,0.009946,1,0,0
0.32,0.38,-0.0010057,1,0,0
0.34,0.38,0.0073178,1,0,0
0.36,0.38,0.0041309,1,0,0
0.38,0.38,0.035212,1,0,0
0.4,0.38,0.053568,1,0,0
0.42,0.38,0.065725,1,0,0
0.44,0.38,0.064965,1,0,0
0.46,0.38,0.069517,1,0,0
0.48,0.38,0.07359,1,0,0
0.5,0.38,0.057173,1,0,0
0.52,0.38,0.068839,1,0,0
0.54,0.38,0.084054,1,0,0
0.56,0.38,0.075485,1,0,0
0.58,0.38,0.080566,1,0,0
0.6,0.38,0.073164,1,0,0
0.62,0.38,0.048869,1,0,0
0.64,0.38,0.057601,1,0,0
0.66,0.38,0.065677,1,0,0
0.68,0.38,0.052568,1,0,0
0.7,0.38,0.040064,1,0,0
0.72,0.38,0.032276,1,0,0
0.74,0.38,0.034478,1,0,0
0.76,0.38,0.012529,1,0,0
0.78,0.38,0.019408,1,0,0
0.8,0.38,-0.0057165,1,0,0
0.82,0.38,-0.03453,1,0,0
0.84,0.38,-0.02177,1,0,0
0.86,0.38,-0.0046932,1,0,0
0.88,0.38,-9.3949e-05,1,0,0
0.9,0.38,0.049077,1,0,0
0.92,0.38,0.05433,1,0,0
0.94,0.38,0.04052,1,0,0
0.96,0.38,0.055655,1,0,0
0.98,0.38,0.060271,1,0,0
0.02,0.4,0.052166,1,0,0
0.04,0.4,0.064105,1,0,0
0.06,0.4,0.036694,1,0,0
0.08,0.4,0.045378,1,0,0
0.1,0.4,0.081052,1,0,0
0.12,0.4,0.076666,1,0,0
0.14,0.4,0.063298,1,0,0
0.16,0.4,0.053128,1,0,0
0.18,0.4,0.012232,1,0,0
0.2,0.4,0.0094585,1,0,0
0.22,0.4,0.027443,1,0,0
0.24,0.4,0.027938,1,0,0
0.26,0.4,0.013113,1,0,0
0.28,0.4,0.0077306,1,0,0
0.3,0.4,0.026996,1,0,0
0.32,0.4,0.035082,1,0,0
0.34,0.4,0.016727,1,0,0
0.36,0.4,0.021072,1,0,0
0.38,0.4,0.028311,1,0,0
0.4,0.4,0.056694,1,0,0
0.42,0.4,0.045892,1,0,0
0.44,0.4,0.0715,1,0,0
0.46,0.4,0.055114,1,0,0
0.48,0.4,0.043823,1,0,0
0.5,0.4,0.055501,1,0,0
0.52,0.4,0.032409,1,0,0
0.54,0.4,0.057533,1,0,0
0.56,0.4,0.07591,1,0,0
0.58,0.4,0.056793,1,0,0
0.6,0.4,0.072448,1,0,0
0.62,0.4,0.058457,1,0,0
0.64,0.4,0.055991,1,0,0
0.66,0.4,0.074293,1,0,0
0.68,0.4,0.0661,1,0,0
0.7,0.4,0.064865,1,0,0
0.72,0.4,0.04893,1,0,0
0.74,0.4,0.037465,1,0,0
0.76,0.4,0.0032545,1,0,0
0.78,0.4,-0.0028944,1,0,0
0.8,0.4,-0.034552,1,0,0
0.82,0.4,-0.010265,1,0,0
0.84,0.4,0.0041286,1,0,0
0.86,0.4,-0.0049416,1,0,0
0.88,0.4,0.0342,1,0,0
0.9,0.4,0.073253,1,0,0
0.92,0.4,0.048107,1,0,0
0.94,0.4,0.060021,1,0,0
0.96,0.4,0.071785,1,0,0
0.98,0.4,0.095329,1,0,0
0.02,0.42,0.045054,1,0,0
0.04,0.42,0.072065,1,0,0
0.06,0.42,0.060017,1,0,0
0.08,0.42,0.062144,1,0,0
0.1,0.42,0.066118,1,0,0
0.12,0.42,0.091475,1,0,0
0.14,0.42,0.090438,1,0,0
0.16,0.42,0.0778,1,0,0
0.18,0.42,0.044015,1,0,0
0.2,0.42,0.041102,1,0,0
0.22,0.42,0.024174,1,0,0
0.24,0.42,0.032398,1,0,0
0.26,0.42,0.046378,1,0,0
0.28,0.42,0.049979,1,0,0
0.3,0.42,0.037229,1,0,0
0.32,0.42,0.051623,1,0,0
0.34,0.42,0.043384,1,0,0
0.36,0.42,0.03191,1,0,0
0.38,0.42,0.047374,1,0,0
0.4,0.42,0.056606,1,0,0
0.42,0.42,0.047563,1,0,0
0.44,0.42,0.053489,1,0,0
0.46,0.42,0.039833,1,0,0
0.48,0.42,0.05098,1,0,0
0.5,0.42,0.050872,1,0,0
0.52,0.42,0.046235,1,0,0
0.54,0.42,0.047457,1,0,0
0.56,0.42,0.044799,1,0,0
0.58,0.42,0.044756,1,0,0
0.6,0.42,0.052466,1,0,0
0.62,0.42,0.043282,1,0,0
0.64,0.42,0.05831,1,0,0
0.66,0.42,0.074403,1,0,0
0.68,0.42,0.085106,1,0,0
0.7,0.42,0.061167,1,0,0
0.72,0.42,0.040973,1,0,0
0.74,0.42,0.043437,1,0,0
0.76,0.42,0.016929,1,0,0
0.78,0.42,0.0042857,1,0,0
0.8,0.42,0.002601,1,0,0
0.82,0.42,-0.0055335,1,0,0
0.84,0.42,-0.0020602,1,0,0
0.86,0.42,0.035429,1,0,0
0.88,0.42,0.043468,1,0,0
0.9,0.42,0.079644,1,0,0
0.92,0.42,0.05227,1,0,0
0.94,0.42,0.079941,1,0,0
0.96,0.42,0.068862,1,0,0
0.98,0.42,0.093152,1,0,0
0.02,0.44,0.046774,1,0,0
0.04,0.44,0.074868,1,0,0
0.06,0.44,0.056434,1,0,0
0.08,0.44,0.061492,1,0,0
0.1,0.44,0.042725,1,0,0
0.12,0.44,0.052492,1,0,0
0.14,0.44,0.080868,1,0,0
0.16,0.44,0.080884,1,0,0
0.18,0.44,0.070634,1,0,0
0.2,0.44,0.08327,1,0,0
0.22,0.44,0.04096,1,0,0
0.24,0.44,0.050688,1,0,0
0.26,0.44,0.030223,1,0,0
0.28,0.44,0.02876,1,0,0
0.3,0.44,0.038378,1,0,0
0.32,0.44,0.051901,1,0,0
0.34,0.44,0.050965,1,0,0
0.36,0.44,0.037159,1,0,0
0.38,0.44,0.047716,1,0,0
0.4,0.44,0.02582,1,0,0
0.42,0.44,0.024825,1,0,0
0.44,0.44,0.047558,1,0,0
0.46,0.44,0.019352,1,0,0
0.48,0.44,0.020861,1,0,0
0.5,0.44,0.04178,1,0,0
0.52,0.44,0.030188,1,0,0
0.54,0.44,0.011952,1,0,0
0.56,0.44,0.037835,1,0,0
0.58,0.44,0.035758,1,0,0
0.6,0.44,0.049796,1,0,0
0.62,0.44,0.048524,1,0,0
0.64,0.44,0.030108,1,0,0
0.66,0.44,0.051395,1,0,0
0.68,0.44,0.053327,1,0,0
0.7,0.44,0.040106,1,0,0
0.72,0.44,0.039322,1,0,0
0.74,0.44,0.039995,1,0,0
0.76,0.44,0.016615,1,0,0
0.78,0.44,0.023101,1,0,0
0.8,0.44,0.006925,1,0,0
0.82,0.44,0.021126,1,0,0
0.84,0.44,0.021049,1,0,0
0.86,0.44,0.047814,1,0,0
0.88,0.44,0.041587,1,0,0
0.9,0.44,0.046561,1,0,0
0.92,0.44,0.052465,1,0,0
0.94,0.44,0.099478,1,0,0
0.96,0.44,0.092559,1,0,0
0.98,0.44,0.09698,1,0,0
0.02,0.46,0.062985,1,0,0
0.04,0.46,0.061841,1,0,0
0.06,0.46,0.073237,1,0,0
0.08,0.46,0.056092,1,0,0
0.1,0.46,0.033752,1,0,0
0.12,0.46,0.052486,1,0,0
0.14,0.46,0.079316,1,0,0
0.16,0.46,0.070117,1,0,0
0.18,0.46,0.075009,1,0,0
0.2,0.46,0.070238,1,0,0
0.22,0.46,0.057934,1,0,0
0.24,0.46,0.042795,1,0,0
0.26,0.46,0.045842,1,0,0
0.28,0.46,0.036613,1,0,0
0.3,0.46,0.058767,1,0,0
0.32,0.46,0.061233,1,0,0
0.34,0.46,0.013123,1,0,0
0.36,0.46,0.021145,1,0,0
0.38,0.46,0.021434,1,0,0
0.4,0.46,0.03113,1,0,0
0.42,0.46,0.010474,1,0,0
0.44,0.46,0.018826,1,0,0
0.46,0.46,-0.0034406,1,0,0
0.48,0.46,0.01826,1,0,0
0.5,0.46,0.060613,1,0,0
0.52,0.46,0.018364,1,0,0
0.54,0.46,0.0083716,1,0,0
0.56,0.46,-0.0052286,1,0,0
0.58,0.46,0.0064539,1,0,0
0.6,0.46,0.0096533,1,0,0
0.62,0.46,0.039874,1,0,0
0.64,0.46,0.036255,1,0,0
0.66,0.46,0.040782,1,0,0
0.68,0.46,0.046826,1,0,0
0.7,0.46,0.057607,1,0,0
0.72,0.46,0.021661,1,0,0
0.74,0.46,0.029038,1,0,0
0.76,0.46,0.0019048,1,0,0
0.78,0.46,-0.0017762,1,0,0
0.8,0.46,0.025313,1,0,0
0.82,0.46,0.011147,1,0,0
0.84,0.46,0.029904,1,0,0
0.86,0.46,0.042118,1,0,0
0.88,0.46,0.058504,1,0,0
0.9,0.46,0.075778,1,0,0
0.92,0.46,0.084148,1,0,0
0.94,0.46,0.0862,1,0,0
0.96,0.46,0.069363,1,0,0
0.98,0.46,0.088259,1,0,0
0.02,0.48,0.04809,1,0,0
0.04,0.48,0.055523,1,0,0
0.06,0.48,0.074146,1,0,0
0.08,0.48,0.076764,1,0,0
0.1,0.48,0.054237,1,0,0
0.12,0.48,0.078361,1,0,0
0.14,0.48,0.10797,1,0,0
0.16,0.48,0.085613,1,0,0
0.18,0.48,0.0759,1,0,0
0.2,0.48,0.090177,1,0,0
0.22,0.48,0.073836,1,0,0
0.24,0.48,0.054577,1,0,0
0.26,0.48,0.056412,1,0,0
0.28,0.48,0.037668,1,0,0
0.3,0.48,0.057943,1,0,0
0.32,0.48,0.055864,1,0,0
0.34,0.48,0.037106,1,0,0
0.36,0.48,0.0097935,1,0,0
0.38,0.48,0.022193,1,0,0
0.4,0.48,0.018986,1,0,0
0.42,0.48,0.014644,1,0,0
0.44,0.48,0.019467,1,0,0
0.46,0.48,0.024108,1,0,0
0.48,0.48,0.025839,1,0,0
0.5,0.48,0.059956,1,0,0
0.52,0.48,0.018834,1,0,0
0.54,0.48,0.016317,1,0,0
0.56,0.48,0.0059277,1,0,0
0.58,0.48,0.0015731,1,0,0
0.6,0.48,0.010045,1,0,0
0.62,0.48,0.018925,1,0,0
0.64,0.48,0.018686,1,0,0
0.66,0.48,0.031681,1,0,0
0.68,0.48,0.043037,1,0,0
0.7,0.48,0.050081,1,0,0
0.72,0.48,0.039838,1,0,0
0.74,0.48,0.036652,1,0,0
0.76,0.48,0.0014387,1,0,0
0.78,0.48,-0.01041,1,0,0
0.8,0.48,0.010477,1,0,0
0.82,0.48,0.027063,1,0,0
0.84,0.48,0.044019,1,0,0
0.86,0.48,0.060291,1,0,0
0.88,0.48,0.077346,1,0,0
0.9,0.48,0.077693,1,0,0
0.92,0.48,0.092483,1,0,0
0.94,0.48,0.098482,1,0,0
0.96,0.48,0.088439,1,0,0
0.98,0.48,0.094681,1,0,0
0.02,0.5,0.062908,1,0,0
0.04,0.5,0.077173,1,0,0
0.06,0.5,0.066294,1,0,0
0.08,0.5,0.073129,1,0,0
0.1,0.5,0.081207,1,0,0
0.12,0.5,0.07889,1,0,0
0.14,0.5,0.10279,1,0,0
0.16,0.5,0.089584,1,0,0
0.18,0.5,0.081837,1,0,0
0.2,0.5,0.072232,1,0,0
0.22,0.5,0.049509,1,0,0
0.24,0.5,0.074392,1,0,0
0.26,0.5,0.057989,1,0,0
0.28,0.5,0.050408,1,0,0
0.3,0.5,0.057126,1,0,0
0.32,0.5,0.031288,1,0,0
0.34,0.5,0.027394,1,0,0
0.36,0.5,0.017998,1,0,0
0.38,0.5,0.043006,1,0,0
0.4,0.5,0.023951,1,0,0
0.42,0.5,0.043682,1,0,0
0.44,0.5,0.0373,1,0,0
0.46,0.5,0.027854,1,0,0
0.48,0.5,0.024277,1,0,0
0.5,0.5,0.040713,1,0,0
0.52,0.5,0.026117,1,0,0
0.54,0.5,0.013753,1,0,0
0.56,0.5,0.018274,1,0,0
0.58,0.5,0.021736,1,0,0
0.6,0.5,0.0014637,1,0,0
0.62,0.5,0.019881,1,0,0
0.64,0.5,0.026283,1,0,0
0.66,0.5,0.035243,1,0,0
0.68,0.5,0.052979,1,0,0
0.7,0.5,0.060293,1,0,0
0.72,0.5,0.030371,1,0,0
0.74,0.5,0.041047,1,0,0
0.76,0.5,0.03516,1,0,0
0.78,0.5,0.014932,1,0,0
0.8,0.5,0.006471,1,0,0
0.82,0.5,0.02289,1,0,0
0.84,0.5,0.042548,1,0,0
0.86,0.5,0.067068,1,0,0
0.88,0.5,0.090485,1,0,0
0.9,0.5,0.10813,1,0,0
0.92,0.5,0.11096,1,0,0
0.94,0.5,0.095386,1,0,0
0.96,0.5,0.12757,1,0,0
0.98,0.5,0.10776,1,0,0
0.02,0.52,0.045377,1,0,0
0.04,0.52,0.067285,1,0,0
0.06,0.52,0.062264,1,0,0
0.08,0.52,0.074103,1,0,0
0.1,0.52,0.075453,1,0,0
0.12,0.52,0.080396,1,0,0
0.14,0.52,0.086016,1,0,0
0.16,0.52,0.064364,1,0,0
0.18,0.52,0.058421,1,0,0
0.2,0.52,0.066904,1,0,0
0.22,0.52,0.051297,1,0,0
0.24,0.52,0.059799,1,0,0
0.26,0.52,0.064972,1,0,0
0.28,0.52,0.047027,1,0,0
0.3,0.52,0.041133,1,0,0
0.32,0.52,0.047205,1,0,0
0.34,0.52,0.038581,1,0,0
0.36,0.52,0.02654,1,0,0
0.38,0.52,0.020266,1,0,0
0.4,0.52,0.032305,1,0,0
0.42,0.52,0.035127,1,0,0
0.44,0.52,0.046638,1,0,0
0.46,0.52,0.055398,1,0,0
0.48,0.52,0.037735,1,0,0
0.5,0.52,0.025943,1,0,0
0.52,0.52,0.012038,1,0,0
0.54,0.52,0.028013,1,0,0
0.56,0.52,0.010379,1,0,0
0.58,0.52,0.01337,1,0,0
0.6,0.52,0.0062391,1,0,0
0.62,0.52,0.0012309,1,0,0
0.64,0.52,0.0023143,1,0,0
0.66,0.52,0.027735,1,0,0
0.68,0.52,0.039083,1,0,0
0.7,0.52,0.041798,1,0,0
0.72,0.52,0.026816,1,0,0
0.74,0.52,0.041111,1,0,0
0.76,0.52,0.026172,1,0,0
0.78,0.52,0.0081482,1,0,0
0.8,0.52,0.013093,1,0,0
0.82,0.52,0.010881,1,0,0
0.84,0.52,0.052279,1,0,0
0.86,0.52,0.069211,1,0,0
0.88,0.52,0.081325,1,0,0
0.9,0.52,0.10099,1,0,0
0.92,0.52,0.095722,1,0,0
0.94,0.52,0.10336,1,0,0
0.96,0.52,0.096757,1,0,0
0.98,0.52,0.1077,1,0,0
0.02,0.54,0.040362,1,0,0
0.04,0.54,0.047793,1,0,0
0.06,0.54,0.021549,1,0,0
0.08,0.54,0.061579,1,0,0
0.1,0.54,0.058676,1,0,0
0.12,0.54,0.080981,1,0,0
0.14,0.54,0.063912,1,0,0
0.16,0.54,0.067104,1,0,0
0.18,0.54,0.023096,1,0,0
0.2,0.54,0.042128,1,0,0
0.22,0.54,0.046722,1,0,0
0.24,0.54,0.060898,1,0,0
0.26,0.54,0.050387,1,0,0
0.28,0.54,0.051909,1,0,0
0.3,0.54,0.069411,1,0,0
0.32,0.54,0.05349,1,0,0
0.34,0.54,0.036757,1,0,0
0.36,0.54,0.031191,1,0,0
0.38,0.54,0.031921,1,0,0
0.4,0.54,0.045661,1,0,0
0.42,0.54,0.033987,1,0,0
0.44,0.54,0.043499,1,0,0
0.46,0.54,0.059398,1,0,0
0.48,0.54,0.050895,1,0,0
0.5,0.54,0.055875,1,0,0
0.52,0.54,0.043038,1,0,0
0.54,0.54,0.038917,1,0,0
0.56,0.54,0.021021,1,0,0
0.58,0.54,-0.0016344,1,0,0
0.6,0.54,-0.00018165,1,0,0
0.62,0.54,-0.015902,1,0,0
0.64,0.54,0.01627,1,0,0
0.66,0.54,0.024481,1,0,0
0.68,0.54,0.021028,1,0,0
0.7,0.54,0.025334,1,0,0
0.72,0.54,0.026479,1,0,0
0.74,0.54,0.048022,1,0,0
0.76,0.54,0.04141,1,0,0
0.78,0.54,0.050579,1,0,0
0.8,0.54,0.045078,1,0,0
0.82,0.54,0.050681,1,0,0
0.84,0.54,0.046512,1,0,0
0.86,0.54,0.056014,1,0,0
0.88,0.54,0.07353,1,0,0
0.9,0.54,0.11617,1,0,0
0.92,0.54,0.091395,1,0,0
0.94,0.54,0.088576,1,0,0
0.96,0.54,0.059752,1,0,0
0.98,0.54,0.078374,1,0,0
0.02,0.56,0.01706,1,0,0
0.04,0.56,0.03867,1,0,0
0.06,0.56,0.026953,1,0,0
0.08,0.56,0.043888,1,0,0
0.1,0.56,0.055034,1,0,0
0.12,0.56,0.043436,1,0,0
0.14,0.56,0.049523,1,0,0
0.16,0.56,0.046733,1,0,0
0.18,0.56,0.025394,1,0,0
0.2,0.56,0.042585,1,0,0
0.22,0.56,0.050275,1,0,0
0.24,0.56,0.052429,1,0,0
0.26,0.56,0.03908,1,0,0
0.28,0.56,0.06301,1,0,0
0.3,0.56,0.048844,1,0,0
0.32,0.56,0.062996,1,0,0
0.34,0.56,0.058186,1,0,0
0.36,0.56,0.070327,1,0,0
0.38,0.56,0.059834,1,0,0
0.4,0.56,0.062725,1,0,0
0.42,0.56,0.042372,1,0,0
0.44,0.56,0.065885,1,0,0
0.46,0.56,0.058478,1,0,0
0.48,0.56,0.069871,1,0,0
0.5,0.56,0.043115,1,0,0
0.52,0.56,0.042632,1,0,0
0.54,0.56,0.048396,1,0,0
0.56,0.56,0.035025,1,0,0
0.58,0.56,0.045378,1,0,0
0.6,0.56,0.01108,1,0,0
0.62,0.56,0.0025144,1,0,0
0.64,0.56,0.014532,1,0,0
0.66,0.56,0.023432,1,0,0
0.68,0.56,-0.0047741,1,0,0
0.7,0.56,0.011554,1,0,0
0.72,0.56,0.032579,1,0,0
0.74,0.56,0.061109,1,0,0
0.76,0.56,0.067288,1,0,0
0.78,0.56,0.085925,1,0,0
0.8,0.56,0.079265,1,0,0
0.82,0.56,0.068907,1,0,0
0.84,0.56,0.065127,1,0,0
0.86,0.56,0.06385,1,0,0
0.88,0.56,0.04579,1,0,0
0.9,0.56,0.086205,1,0,0
0.92,0.56,0.087179,1,0,0
0.94,0.56,0.090518,1,0,0
0.96,0.56,0.082125,1,0,0
0.98,0.56,0.073797,1,0,0
0.02,0.58,0.01774,1,0,0
0.04,0.58,0.038167,1,0,0
0.06,0.58,0.034594,1,0,0
0.08,0.58,0.056259,1,0,0
0.1,0.58,0.068572,1,0,0
0.12,0.58,0.040843,1,0,0
0.14,0.58,0.051167,1,0,0
0.16,0.58,0.031662,1,0,0
0.18,0.58,0.015809,1,0,0
0.2,0.58,0.018849,1,0,0
0.22,0.58,0.010566,1,0,0
0.24,0.58,0.032645,1,0,0
0.26,0.58,0.05392,1,0,0
0.28,0.58,0.084708,1,0,0
0.3,0.58,0.073228,1,0,0
0.32,0.58,0.062448,1,0,0
0.34,0.58,0.074979,1,0,0
0.36,0.58,0.094876,1,0,0
0.38,0.58,0.088618,1,0,0
0.4,0.58,0.091302,1,0,0
0.42,0.58,0.068713,1,0,0
0.44,0.58,0.07847,1,0,0
0.46,0.58,0.06338,1,0,0
0.48,0.58,0.055904,1,0,0
0.5,0.58,0.050607,1,0,0
0.52,0.58,0.049502,1,0,0
0.54,0.58,0.04741,1,0,0
0.56,0.58,0.040716,1,0,0
0.58,0.58,0.0333,1,0,0
0.6,0.58,0.02337,1,0,0
0.62,0.58,0.018807,1,0,0
0.64,0.58,0.023114,1,0,0
0.66,0.58,0.051439,1,0,0
0.68,0.58,0.020367,1,0,0
0.7,0.58,0.013247,1,0,0
0.72,0.58,0.042764,1,0,0
0.74,0.58,0.066928,1,0,0
0.76,0.58,0.067282,1,0,0
0.78,0.58,0.083279,1,0,0
0.8,0.58,0.068117,1,0,0
0.82,0.58,0.060478,1,0,0
0.84,0.58,0.067271,1,0,0
0.86,0.58,0.059226,1,0,0
0.88,0.58,0.056341,1,0,0
0.9,0.58,0.081136,1,0,0
0.92,0.58,0.085521,1,0,0
0.94,0.58,0.099783,1,0,0
0.96,0.58,0.076056,1,0,0
0.98,0.58,0.06504,1,0,0
0.02,0.6,-0.0035778,1,0,0
0.04,0.6,-0.0026979,1,0,0
0.06,0.6,0.016036,1,0,0
0.08,0.6,0.03647,1,0,0
0.1,0.6,0.068181,1,0,0
0.12,0.6,0.060398,1,0,0
0.14,0.6,0.028954,1,0,0
0.16,0.6,0.040981,1,0,0
0.18,0.6,0.010874,1,0,0
0.2,0.6,0.0070452,1,0,0
0.22,0.6,0.0092705,1,0,0
0.24,0.6,0.014833,1,0,0
0.26,0.6,0.052119,1,0,0
0.28,0.6,0.064209,1,0,0
0.3,0.6,0.081648,1,0,0
0.32,0.6,0.069368,1,0,0
0.34,0.6,0.079457,1,0,0
0.36,0.6,0.090907,1,0,0
0.38,0.6,0.10985,1,0,0
0.4,0.6,0.088013,1,0,0
0.42,0.6,0.082869,1,0,0
0.44,0.6,0.066033,1,0,0
0.46,0.6,0.053604,1,0,0
0.48,0.6,0.053829,1,0,0
0.5,0.6,0.063304,1,0,0
0.52,0.6,0.04693,1,0,0
0.54,0.6,0.062612,1,0,0
0.56,0.6,0.069325,1,0,0
0.58,0.6,0.043119,1,0,0
0.6,0.6,0.052667,1,0,0
0.62,0.6,0.027426,1,0,0
0.64,0.6,0.045771,1,0,0
0.66,0.6,0.02626,1,0,0
0.68,0.6,0.032667,1,0,0
0.7,0.6,0.043132,1,0,0
0.72,0.6,0.048554,1,0,0
0.74,0.6,0.083288,1,0,0
0.76,0.6,0.064073,1,0,0
0.78,0.6,0.066823,1,0,0
0.8,0.6,0.064849,1,0,0
0.82,0.6,0.079039,1,0,0
0.84,0.6,0.092425,1,0,0
0.86,0.6,0.059222,1,0,0
0.88,0.6,0.046697,1,0,0
0.9,0.6,0.092588,1,0,0
0.92,0.6,0.086474,1,0,0
0.94,0.6,0.088409,1,0,0
0.96,0.6,0.090093,1,0,0
0.98,0.6,0.073858,1,0,0
0.02,0.62,0.0082995,1,0,0
0.04,0.62,0.010455,1,0,0
0.06,0.62,0.0059921,1,0,0
0.08,0.62,0.025346,1,0,0
0.1,0.62,0.05535,1,0,0
0.12,0.62,0.037214,1,0,0
0.14,0.62,0.044006,1,0,0
0.16,0.62,0.014175,1,0,0
0.18,0.62,0.016589,1,0,0
0.2,0.62,0.013717,1,0,0
0.22,0.62,0.024316,1,0,0
0.24,0.62,0.035618,1,0,0
0.26,0.62,0.069821,1,0,0
0.28,0.62,0.0731,1,0,0
0.3,0.62,0.076129,1,0,0
0.32,0.62,0.067962,1,0,0
0.34,0.62,0.059835,1,0,0
0.36,0.62,0.06234,1,0,0
0.38,0.62,0.10572,1,0,0
0.4,0.62,0.12034,1,0,0
0.42,0.62,0.070574,1,0,0
0.44,0.62,0.059509,1,0,0
0.46,0.62,0.049782,1,0,0
0.48,0.62,0.056898,1,0,0
0.5,0.62,0.07051,1,0,0
0.52,0.62,0.058483,1,0,0
0.54,0.62,0.083989,1,0,0
0.56,0.62,0.065911,1,0,0
0.58,0.62,0.039917,1,0,0
0.6,0.62,0.046008,1,0,0
0.62,0.62,0.051371,1,0,0
0.64,0.62,0.030726,1,0,0
0.66,0.62,0.043876,1,0,0
0.68,0.62,0.036628,1,0,0
0.7,0.62,0.025718,1,0,0
0.72,0.62,0.058725,1,0,0
0.74,0.62,0.064554,1,0,0
0.76,0.62,0.063832,1,0,0
0.78,0.62,0.062828,1,0,0
0.8,0.62,0.068867,1,0,0
0.82,0.62,0.082298,1,0,0
0.84,0.62,0.076688,1,0,0
0.86,0.62,0.040824,1,0,0
0.88,0.62,0.046278,1,0,0
0.9,0.62,0.081741,1,0,0
0.92,0.62,0.098687,1,0,0
0.94,0.62,0.081214,1,0,0
0.96,0.62,0.061824,1,0,0
0.98,0.62,0.075354,1,0,0
0.02,0.64,0.016931,1,0,0
0.04,0.64,0.020974,1,0,0
0.06,0.64,0.015847,1,0,0
0.08,0.64,0.028301,1,0,0
0.1,0.64,0.02951,1,0,0
0.12,0.64,0.017474,1,0,0
0.14,0.64,0.01854,1,0,0
0.16,0.64,0.022592,1,0,0
0.18,0.64,0.019859,1,0,0
0.2,0.64,0.03032,1,0,0
0.22,0.64,0.038023,1,0,0
0.24,0.64,0.059524,1,0,0
0.26,0.64,0.067525,1,0,0
0.28,0.64,0.075536,1,0,0
0.3,0.64,0.079644,1,0,0
0.32,0.64,0.069341,1,0,0
0.34,0.64,0.07126,1,0,0
0.36,0.64,0.079025,1,0,0
0.38,0.64,0.10252,1,0,0
0.4,0.64,0.069285,1,0,0
0.42,0.64,0.060638,1,0,0
0.44,0.64,0.061733,1,0,0
0.46,0.64,0.046597,1,0,0
0.48,0.64,0.067945,1,0,0
0.5,0.64,0.072127,1,0,0
0.52,0.64,0.065021,1,0,0
0.54,0.64,0.072814,1,0,0
0.56,0.64,0.075258,1,0,0
0.58,0.64,0.059482,1,0,0
0.6,0.64,0.045349,1,0,0
0.62,0.64,0.051494,1,0,0
0.64,0.64,0.057452,1,0,0
0.66,0.64,0.05513,1,0,0
0.68,0.64,0.060862,1,0,0
0.7,0.64,0.044591,1,0,0
0.72,0.64,0.051033,1,0,0
0.74,0.64,0.069478,1,0,0
0.76,0.64,0.064549,1,0,0
0.78,0.64,0.061682,1,0,0
0.8,0.64,0.070315,1,0,0
0.82,0.64,0.071151,1,0,0
0.84,0.64,0.068516,1,0,0
0.86,0.64,0.063404,1,0,0
0.88,0.64,0.043102,1,0,0
0.9,0.64,0.078976,1,0,0
0.92,0.64,0.090514,1,0,0
0.94,0.64,0.095732,1,0,0
0.96,0.64,0.095197,1,0,0
0.98,0.64,0.084918,1,0,0
0.02,0.66,0.035567,1,0,0
0.04,0.66,0.032131,1,0,0
0.06,0.66,0.02475,1,0,0
0.08,0.66,0.032327,1,0,0
0.1,0.66,0.011551,1,0,0
0.12,0.66,0.036174,1,0,0
0.14,0.66,0.043465,1,0,0
0.16,0.66,0.041317,1,0,0
0.18,0.66,0.021949,1,0,0
0.2,0.66,0.059749,1,0,0
0.22,0.66,0.042217,1,0,0
0.24,0.66,0.062354,1,0,0
0.26,0.66,0.08147,1,0,0
0.28,0.66,0.091339,1,0,0
0.3,0.66,0.085329,1,0,0
0.32,0.66,0.087742,1,0,0
0.34,0.66,0.099195,1,0,0
0.36,0.66,0.11418,1,0,0
0.38,0.66,0.089684,1,0,0
0.4,0.66,0.07247,1,0,0
0.42,0.66,0.055329,1,0,0
0.44,0.66,0.066979,1,0,0
0.46,0.66,0.050703,1,0,0
0.48,0.66,0.064111,1,0,0
0.5,0.66,0.09728,1,0,0
0.52,0.66,0.08005,1,0,0
0.54,0.66,0.07554,1,0,0
0.56,0.66,0.073539,1,0,0
0.58,0.66,0.040634,1,0,0
0.6,0.66,0.048917,1,0,0
0.62,0.66,0.053697,1,0,0
0.64,0.66,0.074529,1,0,0
0.66,0.66,0.1135,1,0,0
0.68,0.66,0.093976,1,0,0
0.7,0.66,0.064518,1,0,0
0.72,0.66,0.063467,1,0,0
0.74,0.66,0.08406,1,0,0
0.76,0.66,0.064264,1,0,0
0.78,0.66,0.091019,1,0,0
0.8,0.66,0.085592,1,0,0
0.82,0.66,0.064122,1,0,0
0.84,0.66,0.063979,1,0,0
0.86,0.66,0.071899,1,0,0
0.88,0.66,0.072296,1,0,0
0.9,0.66,0.080632,1,0,0
0.92,0.66,0.098613,1,0,0
0.94,0.66,0.1264,1,0,0
0.96,0.66,0.082339,1,0,0
0.98,0.66,0.085758,1,0,0
0.02,0.68,0.055072,1,0,0
0.04,0.68,0.045669,1,0,0
0.06,0.68,0.023176,1,0,0
0.08,0.68,0.021488,1,0,0
0.1,0.68,0.020372,1,0,0
0.12,0.68,0.038501,1,0,0
0.14,0.68,0.038746,1,0,0
0.16,0.68,0.036742,1,0,0
0.18,0.68,0.035212,1,0,0
0.2,0.68,0.067956,1,0,0
0.22,0.68,0.080389,1,0,0
0.24,0.68,0.093251,1,0,0
0.26,0.68,0.067662,1,0,0
0.28,0.68,0.075869,1,0,0
0.3,0.68,0.081661,1,0,0
0.32,0.68,0.11258,1,0,0
0.34,0.68,0.099817,1,0,0
0.36,0.68,0.13033,1,0,0
0.38,0.68,0.097085,1,0,0
0.4,0.68,0.09838,1,0,0
0.42,0.68,0.061421,1,0,0
0.44,0.68,0.071836,1,0,0
0.46,0.68,0.042181,1,0,0
0.48,0.68,0.057121,1,0,0
0.5,0.68,0.07549,1,0,0
0.52,0.68,0.062132,1,0,0
0.54,0.68,0.059971,1,0,0
0.56,0.68,0.042536,1,0,0
0.58,0.68,0.057286,1,0,0
0.6,0.68,0.044773,1,0,0
0.62,0.68,0.066836,1,0,0
0.64,0.68,0.087734,1,0,0
0.66,0.68,0.11662,1,0,0
0.68,0.68,0.09777,1,0,0
0.7,0.68,0.088508,1,0,0
0.72,0.68,0.067127,1,0,0
0.74,0.68,0.084184,1,0,0
0.76,0.68,0.067106,1,0,0
0.78,0.68,0.081747,1,0,0
0.8,0.68,0.096481,1,0,0
0.82,0.68,0.070578,1,0,0
0.84,0.68,0.051462,1,0,0
0.86,0.68,0.053766,1,0,0
0.88,0.68,0.059804,1,0,0
0.9,0.68,0.084353,1,0,0
0.92,0.68,0.09659,1,0,0
0.94,0.68,0.099681,1,0,0
0.96,0.68,0.092939,1,0,0
0.98,0.68,0.09409,1,0,0
0.02,0.7,0.032589,1,0,0
0.04,0.7,0.042161,1,0,0
0.06,0.7,-0.015112,1,0,0
0.08,0.7,-0.0054177,1,0,0
0.1,0.7,0.0024287,1,0,0
0.12,0.7,0.019252,1,0,0
0.14,0.7,0.017178,1,0,0
0.16,0.7,0.024351,1,0,0
0.18,0.7,0.0017037,1,0,0
0.2,0.7,0.034267,1,0,0
0.22,0.7,0.040717,1,0,0
0.24,0.7,0.077735,1,0,0
0.26,0.7,0.047514,1,0,0
0.28,0.7,0.053408,1,0,0
0.3,0.7,0.071347,1,0,0
0.32,0.7,0.089657,1,0,0
0.34,0.7,0.094224,1,0,0
0.36,0.7,0.087479,1,0,0
0.38,0.7,0.10922,1,0,0
0.4,0.7,0.087298,1,0,0
0.42,0.7,0.05741,1,0,0
0.44,0.7,0.032218,1,0,0
0.46,0.7,0.014366,1,0,0
0.48,0.7,0.020678,1,0,0
0.5,0.7,0.026451,1,0,0
0.52,0.7,0.026584,1,0,0
0.54,0.7,0.030675,1,0,0
0.56,0.7,0.029319,1,0,0
0.58,0.7,0.024972,1,0,0
0.6,0.7,0.033465,1,0,0
0.62,0.7,0.053619,1,0,0
0.64,0.7,0.076246,1,0,0
0.66,0.7,0.094894,1,0,0
0.68,0.7,0.099349,1,0,0
0.7,0.7,0.080127,1,0,0
0.72,0.7,0.061106,1,0,0
0.74,0.7,0.055612,1,0,0
0.76,0.7,0.064251,1,0,0
0.78,0.7,0.076924,1,0,0
0.8,0.7,0.051443,1,0,0
0.82,0.7,0.059495,1,0,0
0.84,0.7,0.028276,1,0,0
0.86,0.7,0.030008,1,0,0
0.88,0.7,0.035951,1,0,0
0.9,0.7,0.073775,1,0,0
0.92,0.7,0.064418,1,0,0
0.94,0.7,0.047732,1,0,0
0.96,0.7,0.065804,1,0,0
0.98,0.7,0.065879,1,0,0
0.02,0.72,0.016348,1,0,0
0.04,0.72,0.0012769,1,0,0
0.06,0.72,-0.017257,1,0,0
0.08,0.72,-6.7601e-05,1,0,0
0.1,0.72,0.0034932,1,0,0
0.12,0.72,0.022376,1,0,0
0.14,0.72,0.038546,1,0,0
0.16,0.72,0.035224,1,0,0
0.18,0.72,0.026339,1,0,0
0.2,0.72,0.032581,1,0,0
0.22,0.72,0.03429,1,0,0
0.24,0.72,0.064553,1,0,0
0.26,0.72,0.065416,1,0,0
0.28,0.72,0.051667,1,0,0
0.3,0.72,0.074182,1,0,0
0.32,0.72,0.089577,1,0,0
0.34,0.72,0.10331,1,0,0
0.36,0.72,0.089541,1,0,0
0.38,0.72,0.089296,1,0,0
0.4,0.72,0.087184,1,0,0
0.42,0.72,0.053846,1,0,0
0.44,0.72,0.018004,1,0,0
0.46,0.72,0.033595,1,0,0
0.48,0.72,0.014732,1,0,0
0.5,0.72,0.014589,1,0,0
0.52,0.72,0.031677,1,0,0
0.54,0.72,0.050442,1,0,0
0.56,0.72,0.029811,1,0,0
0.58,0.72,0.036068,1,0,0
0.6,0.72,0.045108,1,0,0
0.62,0.72,0.040832,1,0,0
0.64,0.72,0.046782,1,0,0
0.66,0.72,0.069696,1,0,0
0.68,0.72,0.085202,1,0,0
0.7,0.72,0.071307,1,0,0
0.72,0.72,0.050787,1,0,0
0.74,0.72,0.066006,1,0,0
0.76,0.72,0.065174,1,0,0
0.78,0.72,0.056483,1,0,0
0.8,0.72,0.05144,1,0,0
0.82,0.72,0.036211,1,0,0
0.84,0.72,0.047201,1,0,0
0.86,0.72,0.037465,1,0,0
0.88,0.72,0.028493,1,0,0
0.9,0.72,0.03242,1,0,0
0.92,0.72,0.028531,1,0,0
0.94,0.72,0.023772,1,0,0
0.96,0.72,0.036589,1,0,0
0.98,0.72,0.049963,1,0,0
0.02,0.74,0.010721,1,0,0
0.04,0.74,0.0015432,1,0,0
0.06,0.74,-0.0092762,1,0,0
0.08,0.74,-0.011478,1,0,0
0.1,0.74,0.0039804,1,0,0
0.12,0.74,0.0098582,1,0,0
0.14,0.74,0.035179,1,0,0
0.16,0.74,0.038814,1,0,0
0.18,0.74,0.024448,1,0,0
0.2,0.74,0.027775,1,0,0
0.22,0.74,0.052616,1,0,0
0.24,0.74,0.047055,1,0,0
0.26,0.74,0.062213,1,0,0
0.28,0.74,0.053939,1,0,0
0.3,0.74,0.063179,1,0,0
0.32,0.74,0.060528,1,0,0
0.34,0.74,0.069623,1,0,0
0.36,0.74,0.08156,1,0,0
0.38,0.74,0.080406,1,0,0
0.4,0.74,0.076439,1,0,0
0.42,0.74,0.065391,1,0,0
0.44,0.74,0.036173,1,0,0
0.46,0.74,0.010221,1,0,0
0.48,0.74,0.0079198,1,0,0
0.5,0.74,0.041783,1,0,0
0.52,0.74,0.033593,1,0,0
0.54,0.74,0.040466,1,0,0
0.56,0.74,0.030596,1,0,0
0.58,0.74,0.048278,1,0,0
0.6,0.74,0.047777,1,0,0
0.62,0.74,0.046283,1,0,0
0.64,0.74,0.053342,1,0,0
0.66,0.74,0.05641,1,0,0
0.68,0.74,0.047715,1,0,0
0.7,0.74,0.059283,1,0,0
0.72,0.74,0.043436,1,0,0
0.74,0.74,0.047727,1,0,0
0.76,0.74,0.053824,1,0,0
0.78,0.74,0.059632,1,0,0
0.8,0.74,0.046959,1,0,0
0.82,0.74,0.023919,1,0,0
0.84,0.74,0.041045,1,0,0
0.86,0.74,0.0087363,1,0,0
0.88,0.74,0.0086375,1,0,0
0.9,0.74,0.012719,1,0,0
0.92,0.74,0.0095648,1,0,0
0.94,0.74,0.015738,1,0,0
0.96,0.74,0.022631,1,0,0
0.98,0.74,0.012537,1,0,0
0.02,0.76,0.0088428,1,0,0
0.04,0.76,0.0033406,1,0,0
0.06,0.76,0.0034013,1,0,0
0.08,0.76,0.019658,1,0,0
0.1,0.76,0.0063777,1,0,0
0.12,0.76,0.029618,1,0,0
0.14,0.76,0.061971,1,0,0
0.16,0.76,0.035138,1,0,0
0.18,0.76,0.023174,1,0,0
0.2,0.76,0.053603,1,0,0
0.22,0.76,0.054248,1,0,0
0.24,0.76,0.030104,1,0,0
0.26,0.76,0.022789,1,0,0
0.28,0.76,0.04239,1,0,0
0.3,0.76,0.060088,1,0,0
0.32,0.76,0.052443,1,0,0
0.34,0.76,0.079393,1,0,0
0.36,0.76,0.070333,1,0,0
0.38,0.76,0.092692,1,0,0
0.4,0.76,0.096418,1,0,0
0.42,0.76,0.079471,1,0,0
0.44,0.76,0.035359,1,0,0
0.46,0.76,0.015326,1,0,0
0.48,0.76,0.02121,1,0,0
0.5,0.76,0.046001,1,0,0
0.52,0.76,0.049354,1,0,0
0.54,0.76,0.0295,1,0,0
0.56,0.76,0.032303,1,0,0
0.58,0.76,0.067574,1,0,0
0.6,0.76,0.074125,1,0,0
0.62,0.76,0.0686,1,0,0
0.64,0.76,0.06743,1,0,0
0.66,0.76,0.057171,1,0,0
0.68,0.76,0.038802,1,0,0
0.7,0.76,0.038078,1,0,0
0.72,0.76,0.05637,1,0,0
0.74,0.76,0.040904,1,0,0
0.76,0.76,0.026781,1,0,0
0.78,0.76,0.04291,1,0,0
0.8,0.76,0.043996,1,0,0
0.82,0.76,0.03112,1,0,0
0.84,0.76,-0.01015,1,0,0
0.86,0.76,-0.0038561,1,0,0
0.88,0.76,-0.0091271,1,0,0
0.9,0.76,0.003084,1,0,0
0.92,0.76,0.0218,1,0,0
0.94,0.76,0.030004,1,0,0
0.96,0.76,0.028296,1,0,0
0.98,0.76,0.01134,1,0,0
0.02,0.78,0.003776,1,0,0
0.04,0.78,0.015081,1,0,0
0.06,0.78,0.017813,1,0,0
0.08,0.78,0.019664,1,0,0
0.1,0.78,0.033417,1,0,0
0.12,0.78,0.03616,1,0,0
0.14,0.78,0.066534,1,0,0
0.16,0.78,0.05983,1,0,0
0.18,0.78,0.037833,1,0,0
0.2,0.78,0.029847,1,0,0
0.22,0.78,0.034298,1,0,0
0.24,0.78,0.020754,1,0,0
0.26,0.78,0.025124,1,0,0
0.28,0.78,0.041156,1,0,0
0.3,0.78,0.048927,1,0,0
0.32,0.78,0.078473,1,0,0
0.34,0.78,0.059959,1,0,0
0.36,0.78,0.080852,1,0,0
0.38,0.78,0.09051,1,0,0
0.4,0.78,0.088796,1,0,0
0.42,0.78,0.062386,1,0,0
0.44,0.78,0.05897,1,0,0
0.46,0.78,0.027248,1,0,0
0.48,0.78,0.047314,1,0,0
0.5,0.78,0.052976,1,0,0
0.52,0.78,0.038984,1,0,0
0.54,0.78,0.044815,1,0,0
0.56,0.78,0.043881,1,0,0
0.58,0.78,0.061539,1,0,0
0.6,0.78,0.054547,1,0,0
0.62,0.78,0.074492,1,0,0
0.64,0.78,0.063681,1,0,0
0.66,0.78,0.05834,1,0,0
0.68,0.78,0.042187,1,0,0
0.7,0.78,0.041972,1,0,0
0.72,0.78,0.027117,1,0,0
0.74,0.78,0.034408,1,0,0
0.76,0.78,0.027598,1,0,0
0.78,0.78,0.016214,1,0,0
0.8,0.78,0.0042077,1,0,0
0.82,0.78,-0.0079135,1,0,0
0.84,0.78,-0.016299,1,0,0
0.86,0.78,-0.030291,1,0,0
0.88,0.78,-0.024031,1,0,0
0.9,0.78,0.012119,1,0,0
0.92,0.78,0.002148,1,0,0
0.94,0.78,0.020139,1,0,0
0.96,0.78,0.020311,1,0,0
0.98,0.78,0.0090933,1,0,0
0.02,0.8,0.030468,1,0,0
0.04,0.8,0.018707,1,0,0
0.06,0.8,0.0081817,1,0,0
0.08,0.8,0.019848,1,0,0
0.1,0.8,0.023305,1,0,0
0.12,0.8,0.030694,1,0,0
0.14,0.8,0.034072,1,0,0
0.16,0.8,0.049399,1,0,0
0.18,0.8,0.038655,1,0,0
0.2,0.8,0.037437,1,0,0
0.22,0.8,0.019465,1,0,0
0.24,0.8,0.051353,1,0,0
0.26,0.8,0.053279,1,0,0
0.28,0.8,0.038576,1,0,0
0.3,0.8,0.045664,1,0,0
0.32,0.8,0.062987,1,0,0
0.34,0.8,0.044339,1,0,0
0.36,0.8,0.062436,1,0,0
0.38,0.8,0.071393,1,0,0
0.4,0.8,0.079576,1,0,0
0.42,0.8,0.061703,1,0,0
0.44,0.8,0.077641,1,0,0
0.46,0.8,0.068398,1,0,0
0.48,0.8,0.051695,1,0,0
0.5,0.8,0.055527,1,0,0
0.52,0.8,0.048138,1,0,0
0.54,0.8,0.05088,1,0,0
0.56,0.8,0.076584,1,0,0
0.58,0.8,0.051747,1,0,0
0.6,0.8,0.067514,1,0,0
0.62,0.8,0.065366,1,0,0
0.64,0.8,0.046126,1,0,0
0.66,0.8,0.048625,1,0,0
0.68,0.8,0.047202,1,0,0
0.7,0.8,0.040865,1,0,0
0.72,0.8,0.013702,1,0,0
0.74,0.8,0.045914,1,0,0
0.76,0.8,0.031136,1,0,0
0.78,0.8,0.025913,1,0,0
0.8,0.8,-0.01584,1,0,0
0.82,0.8,-0.0097885,1,0,0
0.84,0.8,-0.0087885,1,0,0
0.86,0.8,-0.019168,1,0,0
0.88,0.8,-0.023273,1,0,0
0.9,0.8,-9.9556e-05,1,0,0
0.92,0.8,-0.0037071,1,0,0
0.94,0.8,0.013476,1,0,0
0.96,0.8,-0.012037,1,0,0
0.98,0.8,0.0080969,1,0,0
0.02,0.82,0.042755,1,0,0
0.04,0.82,0.024984,1,0,0
0.06,0.82,-0.0016772,1,0,0
0.08,0.82,0.0064435,1,0,0
0.1,0.82,0.016701,1,0,0
0.12,0.82,0.042198,1,0,0
0.14,0.82,0.031982,1,0,0
0.16,0.82,0.040932,1,0,0
0.18,0.82,0.025129,1,0,0
0.2,0.82,0.043043,1,0,0
0.22,0.82,0.039899,1,0,0
0.24,0.82,0.055499,1,0,0
0.26,0.82,0.070063,1,0,0
0.28,0.82,0.054247,1,0,0
0.3,0.82,0.046481,1,0,0
0.32,0.82,0.0729,1,0,0
0.34,0.82,0.057486,1,0,0
0.36,0.82,0.051299,1,0,0
0.38,0.82,0.098364,1,0,0
0.4,0.82,0.079542,1,0,0
0.42,0.82,0.081083,1,0,0
0.44,0.82,0.088433,1,0,0
0.46,0.82,0.064283,1,0,0
0.48,0.82,0.050806,1,0,0
0.5,0.82,0.044277,1,0,0
0.52,0.82,0.051659,1,0,0
0.54,0.82,0.06549,1,0,0
0.56,0.82,0.07952,1,0,0
0.58,0.82,0.066651,1,0,0
0.6,0.82,0.072214,1,0,0
0.62,0.82,0.048524,1,0,0
0.64,0.82,0.037006,1,0,0
0.66,0.82,0.033805,1,0,0
0.68,0.82,0.043612,1,0,0
0.7,0.82,0.020781,1,0,0
0.72,0.82,0.025071,1,0,0
0.74,0.82,0.049905,1,0,0
0.76,0.82,0.029251,1,0,0
0.78,0.82,0.017552,1,0,0
0.8,0.82,-2.5033e-05,1,0,0
0.82,0.82,-0.0063972,1,0,0
0.84,0.82,-0.03305,1,0,0
0.86,0.82,-0.017378,1,0,0
0.88,0.82,-0.032257,1,0,0
0.9,0.82,-0.0042007,1,0,0
0.92,0.82,-0.020087,1,0,0
0.94,0.82,-0.0070092,1,0,0
0.96,0.82,-0.029696,1,0,0
0.98,0.82,-0.015881,1,0,0
0.02,0.84,0.044749,1,0,0
0.04,0.84,0.034148,1,0,0
0.06,0.84,0.0089187,1,0,0
0.08,0.84,0.013567,1,0,0
0.1,0.84,0.026154,1,0,0
0.12,0.84,0.043211,1,0,0
0.14,0.84,0.057375,1,0,0
0.16,0.84,0.019038,1,0,0
0.18,0.84,0.031503,1,0,0
0.2,0.84,0.043727,1,0,0
0.22,0.84,0.052829,1,0,0
0.24,0.84,0.055506,1,0,0
0.26,0.84,0.073611,1,0,0
0.28,0.84,0.086522,1,0,0
0.3,0.84,0.094535,1,0,0
0.32,0.84,0.090829,1,0,0
0.34,0.84,0.070524,1,0,0
0.36,0.84,0.076659,1,0,0
0.38,0.84,0.09047,1,0,0
0.4,0.84,0.084805,1,0,0
0.42,0.84,0.081029,1,0,0
0.44,0.84,0.097547,1,0,0
0.46,0.84,0.067241,1,0,0
0.48,0.84,0.065365,1,0,0
0.5,0.84,0.08048,1,0,0
0.52,0.84,0.054625,1,0,0
0.54,0.84,0.066266,1,0,0
0.56,0.84,0.093601,1,0,0
0.58,0.84,0.085983,1,0,0
0.6,0.84,0.049209,1,0,0
0.62,0.84,0.061157,1,0,0
0.64,0.84,0.043221,1,0,0
0.66,0.84,0.059167,1,0,0
0.68,0.84,0.053487,1,0,0
0.7,0.84,0.042091,1,0,0
0.72,0.84,0.056774,1,0,0
0.74,0.84,0.044144,1,0,0
0.76,0.84,0.027815,1,0,0
0.78,0.84,0.011539,1,0,0
0.8,0.84,0.0077422,1,0,0
0.82,0.84,0.0051097,1,0,0
0.84,0.84,-0.017607,1,0,0
0.86,0.84,-0.0087002,1,0,0
0.88,0.84,0.0064556,1,0,0
0.9,0.84,0.0085729,1,0,0
0.92,0.84,-0.0054553,1,0,0
0.94,0.84,-0.020781,1,0,0
0.96,0.84,-0.039729,1,0,0
0.98,0.84,-0.018881,1,0,0
0.02,0.86,0.054345,1,0,0
0.04,0.86,0.021824,1,0,0
0.06,0.86,0.035512,1,0,0
0.08,0.86,0.017962,1,0,0
0.1,0.86,-0.0032532,1,0,0
0.12,0.86,0.01841,1,0,0
0.14,0.86,0.038367,1,0,0
0.16,0.86,0.037439,1,0,0
0.18,0.86,0.028874,1,0,0
0.2,0.86,0.040741,1,0,0
0.22,0.86,0.044714,1,0,0
0.24,0.86,0.035259,1,0,0
0.26,0.86,0.073449,1,0,0
0.28,0.86,0.070744,1,0,0
0.3,0.86,0.079877,1,0,0
0.32,0.86,0.082945,1,0,0
0.34,0.86,0.0827,1,0,0
0.36,0.86,0.08981,1,0,0
0.38,0.86,0.092582,1,0,0
0.4,0.86,0.062631,1,0,0
0.42,0.86,0.071261,1,0,0
0.44,0.86,0.08188,1,0,0
0.46,0.86,0.076845,1,0,0
0.48,0.86,0.055823,1,0,0
0.5,0.86,0.056001,1,0,0
0.52,0.86,0.041612,1,0,0
0.54,0.86,0.06647,1,0,0
0.56,0.86,0.086127,1,0,0
0.58,0.86,0.07631,1,0,0
0.6,0.86,0.05391,1,0,0
0.62,0.86,0.041283,1,0,0
0.64,0.86,0.054639,1,0,0
0.66,0.86,0.068336,1,0,0
0.68,0.86,0.0374,1,0,0
0.7,0.86,0.019135,1,0,0
0.72,0.86,0.02769,1,0,0
0.74,0.86,0.058869,1,0,0
0.76,0.86,0.012022,1,0,0
0.78,0.86,0.0047634,1,0,0
0.8,0.86,0.0090908,1,0,0
0.82,0.86,-0.015668,1,0,0
0.84,0.86,-0.005631,1,0,0
0.86,0.86,-0.00077031,1,0,0
0.88,0.86,-0.011091,1,0,0
0.9,0.86,-0.024243,1,0,0
0.92,0.86,-0.014404,1,0,0
0.94,0.86,-0.015,1,0,0
0.96,0.86,-0.030041,1,0,0
0.98,0.86,-0.032495,1,0,0
0.02,0.88,0.059951,1,0,0
0.04,0.88,0.048797,1,0,0
0.06,0.88,0.021154,1,0,0
0.08,0.88,0.027848,1,0,0
0.1,0.88,0.023547,1,0,0
0.12,0.88,0.0085543,1,0,0
0.14,0.88,0.02513,1,0,0
0.16,0.88,0.047731,1,0,0
0.18,0.88,0.059178,1,0,0
0.2,0.88,0.044279,1,0,0
0.22,0.88,0.033562,1,0,0
0.24,0.88,0.034942,1,0,0
0.26,0.88,0.056139,1,0,0
0.28,0.88,0.071908,1,0,0
0.3,0.88,0.090472,1,0,0
0.32,0.88,0.088243,1,0,0
0.34,0.88,0.095994,1,0,0
0.36,0.88,0.11012,1,0,0
0.38,0.88,0.10109,1,0,0
0.4,0.88,0.069661,1,0,0
0.42,0.88,0.059015,1,0,0
0.44,0.88,0.054764,1,0,0
0.46,0.88,0.05297,1,0,0
0.48,0.88,0.046784,1,0,0
0.5,0.88,0.063962,1,0,0
0.52,0.88,0.048621,1,0,0
0.54,0.88,0.07303,1,0,0
0.56,0.88,0.088509,1,0,0
0.58,0.88,0.081276,1,0,0
0.6,0.88,0.065974,1,0,0
0.62,0.88,0.077631,1,0,0
0.64,0.88,0.054892,1,0,0
0.66,0.88,0.051834,1,0,0
0.68,0.88,0.028788,1,0,0
0.7,0.88,0.015073,1,0,0
0.72,0.88,0.008144,1,0,0
0.74,0.88,0.012538,1,0,0
0.76,0.88,0.021136,1,0,0
0.78,0.88,0.0071223,1,0,0
0.8,0.88,-0.012593,1,0,0
0.82,0.88,-0.0094904,1,0,0
0.84,0.88,0.0060829,1,0,0
0.86,0.88,-0.031603,1,0,0
0.88,0.88,-0.036435,1,0,0
0.9,0.88,-0.019775,1,0,0
0.92,0.88,-0.0037541,1,0,0
0.94,0.88,-0.0089858,1,0,0
0.96,0.88,-0.014924,1,0,0
0.98,0.88,-0.0096139,1,0,0
0.02,0.9,0.058621,1,0,0
0.04,0.9,0.047649,1,0,0
0.06,0.9,0.014693,1,0,0
0.08,0.9,0.026148,1,0,0
0.1,0.9,0.030939,1,0,0
0.12,0.9,0.022611,1,0,0
0.14,0.9,0.028031,1,0,0
0.16,0.9,0.042998,1,0,0
0.18,0.9,0.051062,1,0,0
0.2,0.9,0.049234,1,0,0
0.22,0.9,0.034739,1,0,0
0.24,0.9,0.037997,1,0,0
0.26,0.9,0.040616,1,0,0
0.28,0.9,0.084044,1,0,0
0.3,0.9,0.094002,1,0,0
0.32,0.9,0.10796,1,0,0
0.34,0.9,0.10009,1,0,0
0.36,0.9,0.087962,1,0,0
0.38,0.9,0.080973,1,0,0
0.4,0.9,0.072239,1,0,0
0.42,0.9,0.045518,1,0,0
0.44,0.9,0.028056,1,0,0
0.46,0.9,0.045319,1,0,0
0.48,0.9,0.072206,1,0,0
0.5,0.9,0.07056,1,0,0
0.52,0.9,0.089833,1,0,0
0.54,0.9,0.10597,1,0,0
0.56,0.9,0.084909,1,0,0
0.58,0.9,0.094358,1,0,0
0.6,0.9,0.082049,1,0,0
0.62,0.9,0.089176,1,0,0
0.64,0.9,0.057207,1,0,0
0.66,0.9,0.048116,1,0,0
0.68,0.9,0.02589,1,0,0
0.7,0.9,0.016771,1,0,0
0.72,0.9,0.011607,1,0,0
0.74,0.9,0.012343,1,0,0
0.76,0.9,0.0017053,1,0,0
0.78,0.9,-0.0089516,1,0,0
0.8,0.9,-0.0078088,1,0,0
0.82,0.9,0.022519,1,0,0
0.84,0.9,0.0136,1,0,0
0.86,0.9,-0.011346,1,0,0
0.88,0.9,-0.03087,1,0,0
0.9,0.9,-0.0036844,1,0,0
0.92,0.9,0.009037,1,0,0
0.94,0.9,-0.022,1,0,0
0.96,0.9,0.00087384,1,0,0
0.98,0.9,-0.010022,1,0,0
0.02,0.92,0.05611,1,0,0
0.04,0.92,0.062891,1,0,0
0.06,0.92,0.031653,1,0,0
0.08,0.92,0.043009,1,0,0
0.1,0.92,0.022752,1,0,0
0.12,0.92,0.040534,1,0,0
0.14,0.92,0.03037,1,0,0
0.16,0.92,0.071702,1,0,0
0.18,0.92,0.050024,1,0,0
0.2,0.92,0.070537,1,0,0
0.22,0.92,0.052625,1,0,0
0.24,0.92,0.059592,1,0,0
0.26,0.92,0.070213,1,0,0
0.28,0.92,0.10993,1,0,0
0.3,0.92,0.11467,1,0,0
0.32,0.92,0.10347,1,0,0
0.34,0.92,0.087629,1,0,0
0.36,0.92,0.08329,1,0,0
0.38,0.92,0.082513,1,0,0
0.4,0.92,0.07723,1,0,0
0.42,0.92,0.057415,1,0,0
0.44,0.92,0.038197,1,0,0
0.46,0.92,0.065261,1,0,0
0.48,0.92,0.088926,1,0,0
0.5,0.92,0.09876,1,0,0
0.52,0.92,0.11481,1,0,0
0.54,0.92,0.12472,1,0,0
0.56,0.92,0.12248,1,0,0
0.58,0.92,0.11295,1,0,0
0.6,0.92,0.10985,1,0,0
0.62,0.92,0.070655,1,0,0
0.64,0.92,0.064983,1,0,0
0.66,0.92,0.054043,1,0,0
0.68,0.92,0.02103,1,0,0
0.7,0.92,0.00953,1,0,0
0.72,0.92,0.01925,1,0,0
0.74,0.92,0.018115,1,0,0
0.76,0.92,-0.015474,1,0,0
0.78,0.92,-0.00091051,1,0,0
0.8,0.92,-0.0016343,1,0,0
0.82,0.92,0.029188,1,0,0
0.84,0.92,0.025115,1,0,0
0.86,0.92,0.014315,1,0,0
0.88,0.92,-0.0034974,1,0,0
0.9,0.92,0.018228,1,0,0
0.92,0.92,0.000575,1,0,0
0.94,0.92,-0.011853,1,0,0
0.96,0.92,-0.0060237,1,0,0
0.98,0.92,0.006855,1,0,0
0.02,0.94,0.053028,1,0,0
0.04,0.94,0.065799,1,0,0
0.06,0.94,0.031845,1,0,0
0.08,0.94,0.037076,1,0,0
0.1,0.94,0.014298,1,0,0
0.12,0.94,0.030598,1,0,0
0.14,0.94,0.032054,1,0,0
0.16,0.94,0.055992,1,0,0
0.18,0.94,0.04114,1,0,0
0.2,0.94,0.042259,1,0,0
0.22,0.94,0.043337,1,0,0
0.24,0.94,0.062512,1,0,0
0.26,0.94,0.065107,1,0,0
0.28,0.94,0.088629,1,0,0
0.3,0.94,0.09313,1,0,0
0.32,0.94,0.08918,1,0,0
0.34,0.94,0.089328,1,0,0
0.36,0.94,0.10974,1,0,0
0.38,0.94,0.072367,1,0,0
0.4,0.94,0.075055,1,0,0
0.42,0.94,0.060449,1,0,0
0.44,0.94,0.055113,1,0,0
0.46,0.94,0.064843,1,0,0
0.48,0.94,0.065843,1,0,0
0.5,0.94,0.076723,1,0,0
0.52,0.94,0.10205,1,0,0
0.54,0.94,0.12389,1,0,0
0.56,0.94,0.13275,1,0,0
0.58,0.94,0.13456,1,0,0
0.6,0.94,0.10093,1,0,0
0.62,0.94,0.069189,1,0,0
0.64,0.94,0.061695,1,0,0
0.66,0.94,0.049854,1,0,0
0.68,0.94,0.012509,1,0,0
0.7,0.94,0.0031713,1,0,0
0.72,0.94,0.016565,1,0,0
0.74,0.94,0.016341,1,0,0
0.76,0.94,-0.00050377,1,0,0
0.78,0.94,-0.006973,1,0,0
0.8,0.94,-0.010075,1,0,0
0.82,0.94,-0.0048566,1,0,0
0.84,0.94,0.025106,1,0,0
0.86,0.94,0.017331,1,0,0
0.88,0.94,-0.010006,1,0,0
0.9,0.94,0.0020246,1,0,0
0.92,0.94,-0.003263,1,0,0
0.94,0.94,0.020364,1,0,0
0.96,0.94,0.013577,1,0,0
0.98,0.94,0.037408,1,0,0
0.02,0.96,0.072192,1,0,0
0.04,0.96,0.062625,1,0,0
0.06,0.96,0.04369,1,0,0
0.08,0.96,0.048871,1,0,0
0.1,0.96,0.049938,1,0,0
0.12,0.96,0.039051,1,0,0
0.14,0.96,0.04352,1,0,0
0.16,0.96,0.03603,1,0,0
0.18,0.96,0.011305,1,0,0
0.2,0.96,0.026438,1,0,0
0.22,0.96,0.042838,1,0,0
0.24,0.96,0.056574,1,0,0
0.26,0.96,0.072868,1,0,0
0.28,0.96,0.10458,1,0,0
0.3,0.96,0.093557,1,0,0
0.32,0.96,0.10605,1,0,0
0.34,0.96,0.096559,1,0,0
0.36,0.96,0.087907,1,0,0
0.38,0.96,0.085358,1,0,0
0.4,0.96,0.080576,1,0,0
0.42,0.96,0.07008,1,0,0
0.44,0.96,0.074767,1,0,0
0.46,0.96,0.073075,1,0,0
0.48,0.96,0.097268,1,0,0
0.5,0.96,0.093666,1,0,0
0.52,0.96,0.12281,1,0,0
0.54,0.96,0.1203,1,0,0
0.56,0.96,0.096292,1,0,0
0.58,0.96,0.11016,1,0,0
0.6,0.96,0.097817,1,0,0
0.62,0.96,0.07717,1,0,0
0.64,0.96,0.06097,1,0,0
0.66,0.96,0.082574,1,0,0
0.68,0.96,0.055688,1,0,0
0.7,0.96,0.032038,1,0,0
0.72,0.96,0.026998,1,0,0
0.74,0.96,0.0088721,1,0,0
0.76,0.96,-0.01224,1,0,0
0.78,0.96,0.0033122,1,0,0
0.8,0.96,-0.0095532,1,0,0
0.82,0.96,-0.0091183,1,0,0
0.84,0.96,0.00089875,1,0,0
0.86,0.96,0.030883,1,0,0
0.88,0.96,0.028156,1,0,0
0.9,0.96,0.038158,1,0,0
0.92,0.96,0.042703,1,0,0
0.94,0.96,0.027189,1,0,0
0.96,0.96,0.02075,1,0,0
0.98,0.96,0.0045801,1,0,0
0.02,0.98,0.076599,1,0,0
0.04,0.98,0.0611,1,0,0
0.06,0.98,0.028133,1,0,0
0.08,0.98,0.026283,1,0,0
0.1,0.98,0.031315,1,0,0
0.12,0.98,0.029973,1,0,0
0.14,0.98,0.026463,1,0,0
0.16,0.98,0.014366,1,0,0
0.18,0.98,0.011487,1,0,0
0.2,0.98,0.022529,1,0,0
0.22,0.98,0.058469,1,0,0
0.24,0.98,0.06784,1,0,0
0.26,0.98,0.053255,1,0,0
0.28,0.98,0.057528,1,0,0
0.3,0.98,0.093115,1,0,0
0.32,0.98,0.09129,1,0,0
0.34,0.98,0.081871,1,0,0
0.36,0.98,0.073242,1,0,0
0.38,0.98,0.067293,1,0,0
0.4,0.98,0.068633,1,0,0
0.42,0.98,0.071677,1,0,0
0.44,0.98,0.075916,1,0,0
0.46,0.98,0.075612,1,0,0
0.48,0.98,0.088554,1,0,0
0.5,0.98,0.10488,1,0,0
0.52,0.98,0.098967,1,0,0
0.54,0.98,0.091279,1,0,0
0.56,0.98,0.093272,1,0,0
0.58,0.98,0.088327,1,0,0
0.6,0.98,0.072023,1,0,0
0.62,0.98,0.072516,1,0,0
0.64,0.98,0.058982,1,0,0
0.66,0.98,0.048172,1,0,0
0.68,0.98,0.042077,1,0,0
0.7,0.98,0.023958,1,0,0
0.72,0.98,0.00982,1,0,0
0.74,0.98,-0.0080797,1,0,0
0.76,0.98,-0.0046468,1,0,0
0.78,0.98,0.0044713,1,0,0
0.8,0.98,-0.012131,1,0,0
0.82,0.98,-0.0057105,1,0,0
0.84,0.98,-0.0093317,1,0,0
0.86,0.98,0.0016764,1,0,0
0.88,0.98,0.016388,1,0,0
0.9,0.98,0.040927,1,0,0
0.92,0.98,0.044415,1,0,0
0.94,0.98,0.010835,1,0,0
0.96,0.98,0.013763,1,0,0
0.98,0.98,0.012805,1,0,0
0,0,0.055077,-1,0,0
0.02,0,0.055077,-1,0,0
0.04,0,0.055355,-1,0,0
0.06,0,0.042398,-1,0,0
0.08,0,0.026585,-1,0,0
0.1,0,0.03386,-1,0,0
0.12,0,0.025391,-1,0,0
0.14,0,0.049594,-1,0,0
0.16,0,0.07729,-1,0,0
0.18,0,0.084491,-1,0,0
0.2,0,0.07609,-1,0,0
0.22,0,0.073989,-1,0,0
0.24,0,0.059969,-1,0,0
0.26,0,0.081383,-1,0,0
0.28,0,0.084366,-1,0,0
0.3,0,0.064639,-1,0,0
0.32,0,0.049283,-1,0,0
0.34,0,0.055452,-1,0,0
0.36,0,0.052593,-1,0,0
0.38,0,0.033624,-1,0,0
0.4,0,0.036088,-1,0,0
0.42,0,0.022709,-1,0,0
0.44,0,0.039319,-1,0,0
0.46,0,0.070851,-1,0,0
0.48,0,0.076175,-1,0,0
0.5,0,0.093919,-1,0,0
0.52,0,0.10661,-1,0,0
0.54,0,0.11724,-1,0,0
0.56,0,0.11721,-1,0,0
0.58,0,0.098249,-1,0,0
0.6,0,0.098758,-1,0,0
0.62,0,0.082029,-1,0,0
0.64,0,0.077361,-1,0,0
0.66,0,0.090806,-1,0,0
0.68,0,0.043151,-1,0,0
0.7,0,0.017434,-1,0,0
0.72,0,0.031722,-1,0,0
0.74,0,0.030553,-1,0,0
0.76,0,0.007936,-1,0,0
0.78,0,0.0082574,-1,0,0
0.8,0,-0.010979,-1,0,0
0.82,0,0.0079251,-1,0,0
0.84,0,0.037536,-1,0,0
0.86,0,0.012844,-1,0,0
0.88,0,0.016434,-1,0,0
0.9,0,0.01982,-1,0,0
0.92,0,0.02983,-1,0,0
0.94,0,0.040576,-1,0,0
0.96,0,0.024844,-1,0,0
0.98,0,0.011706,-1,0,0
1,0,-0.0043202,-1,0,0
1,0.02,0.0071737,-1,0,0
1,0.04,0.014311,-1,0,0
1,0.06,0.029476,-1,0,0
1,0.08,0.034606,-1,0,0
1,0.1,0.046144,-1,0,0
1,0.12,0.024115,-1,0,0
1,0.14,0.036072,-1,0,0
1,0.16,0.029899,-1,0,0
1,0.18,0.039807,-1,0,0
1,0.2,0.03855,-1,0,0
1,0.22,0.067714,-1,0,0
1,0.24,0.08549,-1,0,0
1,0.26,0.075778,-1,0,0
1,0.28,0.052172,-1,0,0
1,0.3,0.023897,-1,0,0
1,0.32,0.031028,-1,0,0
1,0.34,0.023653,-1,0,0
1,0.36,0.022968,-1,0,0
1,0.38,0.087964,-1,0,0
1,0.4,0.086611,-1,0,0
1,0.42,0.088636,-1,0,0
1,0.44,0.096331,-1,0,0
1,0.46,0.090899,-1,0,0
1,0.48,0.10445,-1,0,0
1,0.5,0.11216,-1,0,0
1,0.52,0.09731,-1,0,0
1,0.54,0.080249,-1,0,0
1,0.56,0.082918,-1,0,0
1,0.58,0.070339,-1,0,0
1,0.6,0.076825,-1,0,0
1,0.62,0.0854,-1,0,0
1,0.64,0.079561,-1,0,0
1,0.66,0.082216,-1,0,0
1,0.68,0.07194,-1,0,0
1,0.7,0.057857,-1,0,0
1,0.72,0.029162,-1,0,0
1,0.74,0.015944,-1,0,0
1,0.76,0.023118,-1,0,0
1,0.78,-0.00078485,-1,0,0
1,0.8,-0.012661,-1,0,0
1,0.82,-0.0048602,-1,0,0
1,0.84,-0.0018103,-1,0,0
1,0.86,-0.010089,-1,0,0
1,0.88,-0.017347,-1,0,0
1,0.9,-0.0092055,-1,0,0
1,0.92,0.002359,-1,0,0
1,0.94,-0.0052975,-1,0,0
1,0.96,0.024367,-1,0,0
1,0.98,-0.0058294,-1,0,0
1,1,-0.006223,-1,0,0
0.98,1,0.025443,-1,0,0
0.96,1,0.030665,-1,0,0
0.94,1,0.041623,-1,0,0
0.92,1,0.048177,-1,0,0
0.9,1,0.058052,-1,0,0
0.88,1,0.035929,-1,0,0
0.86,1,0.0060897,-1,0,0
0.84,1,0.0058358,-1,0,0
0.82,1,-0.0021151,-1,0,0
0.8,1,0.024443,-1,0,0
0.78,1,0.02703,-1,0,0
0.76,1,0.023046,-1,0,0
0.74,1,0.024172,-1,0,0
0.72,1,0.00013384,-1,0,0
0.7,1,0.0066414,-1,0,0
0.68,1,0.046235,-1,0,0
0.66,1,0.059569,-1,0,0
0.64,1,0.059126,-1,0,0
0.62,1,0.068662,-1,0,0
0.6,1,0.080413,-1,0,0
0.58,1,0.084858,-1,0,0
0.56,1,0.103,-1,0,0
0.54,1,0.11083,-1,0,0
0.52,1,0.090087,-1,0,0
0.5,1,0.10827,-1,0,0
0.48,1,0.099019,-1,0,0
0.46,1,0.08618,-1,0,0
0.44,1,0.083469,-1,0,0
0.42,1,0.06957,-1,0,0
0.4,1,0.066055,-1,0,0
0.38,1,0.0707,-1,0,0
0.36,1,0.056771,-1,0,0
0.34,1,0.058833,-1,0,0
0.32,1,0.083593,-1,0,0
0.3,1,0.060148,-1,0,0
0.28,1,0.053648,-1,0,0
0.26,1,0.083016,-1,0,0
0.24,1,0.058571,-1,0,0
0.22,1,0.06319,-1,0,0
0.2,1,0.025013,-1,0,0
0.18,1,0.013983,-1,0,0
0.16,1,0.028349,-1,0,0
0.14,1,0.033044,-1,0,0
0.12,1,0.024246,-1,0,0
0.1,1,0.017401,-1,0,0
0.08,1,0.021308,-1,0,0
0.06,1,0.06077,-1,0,0
0.04,1,0.065646,-1,0,0
0.02,1,0.074073,-1,0,0
0,1,0.068782,-1,0,0
0,0.98,0.059994,-1,0,0
0,0.96,0.081499,-1,0,0
0,0.94,0.063662,-1,0,0
0,0.92,0.059478,-1,0,0
0,0.9,0.054206,-1,0,0
0,0.88,0.051833,-1,0,0
0,0.86,0.063401,-1,0,0
0,0.84,0.079153,-1,0,0
0,0.82,0.068478,-1,0,0
0,0.8,0.020532,-1,0,0
0,0.78,0.0215,-1,0,0
0,0.76,0.035222,-1,0,0
0,0.74,0.021521,-1,0,0
0,0.72,0.027463,-1,0,0
0,0.7,0.035813,-1,0,0
0,0.68,0.064518,-1,0,0
0,0.66,0.055995,-1,0,0
0,0.64,0.045855,-1,0,0
0,0.62,0.029791,-1,0,0
0,0.6,0.0039709,-1,0,0
0,0.58,0.020895,-1,0,0
0,0.56,0.030792,-1,0,0
0,0.54,0.027745,-1,0,0
0,0.52,0.031815,-1,0,0
0,0.5,0.033029,-1,0,0
0,0.48,0.038585,-1,0,0
0,0.46,0.052949,-1,0,0
0,0.44,0.050068,-1,0,0
0,0.42,0.06011,-1,0,0
0,0.4,0.030241,-1,0,0
0,0.38,0.059579,-1,0,0
0,0.36,0.032466,-1,0,0
0,0.34,0.037887,-1,0,0
0,0.32,0.049199,-1,0,0
0,0.3,0.051435,-1,0,0
0,0.28,0.057421,-1,0,0
0,0.26,0.081245,-1,0,0
0,0.24,0.083576,-1,0,0
0,0.22,0.074401,-1,0,0
0,0.2,0.079311,-1,0,0
0,0.18,0.091256,-1,0,0
0,0.16,0.088008,-1,0,0
0,0.14,0.08686,-1,0,0
0,0.12,0.049565,-1,0,0
0,0.1,0.063745,-1,0,0
0,0.08,0.070038,-1,0,0
0,0.06,0.071605,-1,0,0
0,0.04,0.072913,-1,0,0
0,0.02,0.057123,-1,0,0
