0.020219,0.020219,0.024482,0.013729,-0.0028581,0.0013765,0.0011152,0.015201,0.0243,0.018619,0.017304,0.010591,0.015181,0.028359,0.038698,0.055874,0.052006,0.049667,0.043139,0.044203,0.037643,0.015044,0.0039235,0.0016737,-0.016986,0.016985,0.00032437,0.022333,0.036759,0.053385,0.041253,0.039681,0.021519,0.014145,0.025442,0.032328,0.011376,0.0032498,-0.0035118,-0.0037596,-0.011669,-0.022249,-0.024971,-0.035402,-0.021394,-0.022503,-0.016457,-0.0041356,0.015433,0.020714,0.0062177
0.00090345,0.015495,0.022103,0.0081041,0.0070022,0.014018,0.024848,0.038507,0.039564,0.023271,0.019654,0.0077767,0.012573,0.033039,0.044473,0.052161,0.070205,0.0617,0.033673,0.032235,0.024321,0.020613,0.016367,0.014117,0.0013229,-0.0018303,0.0041693,0.026932,0.029232,0.035901,0.04183,0.044027,0.029946,0.027393,0.038181,0.043956,0.029964,0.037615,0.034843,0.016915,-0.00017834,-0.016824,-0.01838,-0.017905,-0.027771,-0.019341,-0.0095262,0.0090038,0.019875,0.02067,0.0087496
0.024155,0.025586,0.025973,0.0014362,0.01712,0.025576,0.035941,0.038348,0.042865,0.046881,0.035879,0.022038,0.028913,0.032822,0.053892,0.061593,0.06216,0.057966,0.040607,0.037843,0.042615,0.031889,0.027319,0.0089763,-0.0098637,-0.013168,0.0068212,0.00961,0.032494,0.04367,0.058909,0.064253,0.045133,0.048785,0.059228,0.056392,0.043775,0.050128,0.0519,0.047592,0.022098,-0.0059155,-0.019421,-0.0060605,-0.017029,-0.0035416,-0.0025368,0.011454,0.025809,0.028955,0.010705
0.014356,0.011159,0.00046063,0.0030815,0.011194,0.03621,0.037247,0.036698,0.039763,0.031764,0.038928,0.034765,0.03042,0.02547,0.044937,0.054597,0.054844,0.044018,0.051555,0.030586,0.037012,0.029628,0.021895,-0.012363,-0.028748,-0.019305,-0.013339,0.0071854,0.021677,0.045475,0.058602,0.055039,0.064277,0.056015,0.05603,0.05499,0.051204,0.050048,0.032697,0.041041,0.027975,-0.0001719,-0.011464,-0.00018765,-0.0082534,-0.0026466,-0.010665,0.0077955,0.015511,0.019199,-0.0035628
0.0086484,-0.0058282,-0.0034237,0.0050283,0.021603,0.029603,0.04321,0.046369,0.048413,0.032323,0.025269,0.032962,0.032023,0.037837,0.042793,0.052547,0.034949,0.050258,0.048984,0.037809,0.036045,0.025407,0.016957,-0.0086874,-0.029331,-0.029964,-0.0060983,0.013578,0.029618,0.040092,0.05314,0.062226,0.077133,0.081714,0.068717,0.055372,0.048707,0.052935,0.022051,0.031433,0.036005,0.014733,0.013736,0.021569,0.012229,0.011235,0.0078383,0.012639,0.021108,0.014629,-0.0050697
0.0064424,0.0011162,0.011159,0.0031929,0.017157,0.03552,0.032134,0.046143,0.057344,0.064663,0.043631,0.039103,0.048406,0.045869,0.03891,0.035407,0.029008,0.044711,0.048594,0.055127,0.03496,0.037567,0.026376,0.0077474,-0.018383,-0.017247,-0.0028655,0.021346,0.035666,0.045829,0.057667,0.079137,0.069715,0.069214,0.063005,0.060257,0.047245,0.033959,0.035876,0.032397,0.035874,0.03513,0.036308,0.026099,0.015654,0.02921,0.02777,0.023796,0.033511,0.023571,0.0068448
0.0078482,0.0035677,-0.007905,-7.7039e-06,0.0014165,0.023541,0.026248,0.042283,0.061714,0.073178,0.059375,0.035957,0.033087,0.050701,0.042457,0.022961,0.02331,0.034255,0.032716,0.04181,0.038849,0.025577,0.012315,0.015133,-0.0024655,0.0072272,0.010882,0.039099,0.026087,0.041025,0.060164,0.071857,0.052566,0.044,0.05473,0.050408,0.032607,0.032489,0.029723,0.038674,0.053106,0.038793,0.032145,0.021849,0.027234,0.047999,0.052466,0.035447,0.030016,0.023056,0.021859
-0.010255,-0.015035,-0.0016438,-0.0012509,0.014139,0.014991,0.019702,0.032217,0.0531,0.054906,0.052978,0.034043,0.031888,0.055411,0.038534,0.03524,0.022293,0.034269,0.032207,0.028391,0.014203,0.00075899,0.013427,0.012747,0.008679,0.024409,0.018283,0.02825,0.036171,0.035147,0.046821,0.056492,0.054841,0.040583,0.03795,0.044351,0.026921,0.019702,0.007038,0.023707,0.034975,0.045179,0.035099,0.026645,0.047318,0.055174,0.056658,0.047217,0.032807,0.027163,0.02052
-0.0058827,-0.0048956,0.0050555,0.010721,0.014516,0.0057919,0.0043969,0.029796,0.042324,0.037116,0.046176,0.039912,0.048742,0.058849,0.057594,0.022611,0.033554,0.030619,0.034437,0.032684,0.003506,-0.0046718,0.0084733,-0.0041669,-0.0099325,0.012707,0.034286,0.043967,0.045597,0.038873,0.029841,0.046996,0.059008,0.049038,0.033277,0.025849,0.017521,0.013216,0.0013907,0.0035144,0.030431,0.035283,0.021146,0.036484,0.03979,0.056057,0.055186,0.070258,0.050845,0.027931,0.028188
-0.014076,-0.010268,-0.01199,-0.010309,0.026863,0.012798,-0.0017043,0.0098961,0.022888,0.026781,0.052153,0.046903,0.056389,0.054247,0.047176,0.021659,0.022279,0.020457,0.022549,0.015277,-0.0046746,-0.02412,-0.0010498,-0.013349,-0.019265,0.016678,0.045602,0.047056,0.04776,0.033265,0.026341,0.036255,0.030407,0.03944,0.032564,0.031241,0.014749,0.0068869,0.0015387,0.0078545,0.022568,0.031314,0.020184,0.026882,0.038442,0.033904,0.041484,0.061094,0.050179,0.047392,0.036822
-0.013369,-0.010888,-0.012299,-0.014183,0.017201,0.027896,0.022214,0.0051433,0.030365,0.027962,0.051509,0.057338,0.056674,0.063443,0.041529,0.029835,0.018135,0.004108,-0.0013365,-0.00078927,-0.012328,-0.018824,-0.003998,-0.012969,-0.0051564,0.035511,0.052015,0.059608,0.039647,0.019595,0.013193,0.024202,0.037963,0.028395,0.036528,0.037613,0.00079995,0.0023537,0.0040572,0.015004,0.01773,0.017467,0.021156,0.015817,0.027286,0.036779,0.032584,0.035188,0.039117,0.045439,0.031834
-0.011617,-0.0053338,0.0010265,0.0061886,0.012765,0.019935,0.014048,0.018042,0.012463,0.029909,0.046478,0.042413,0.045454,0.039346,0.022604,-0.0032574,-0.0035144,-0.0045044,-0.02317,-0.023044,-0.016747,-0.018066,-0.016172,0.0085631,-0.00079467,0.018615,0.024387,0.045901,0.031082,0.018048,0.013825,0.028488,0.02123,0.02562,0.022319,0.0060903,-0.0012378,-0.0016165,0.0019224,0.0049766,0.011797,0.0061264,0.0048336,0.012525,0.012607,0.016925,0.022332,0.029437,0.035921,0.037198,0.023347
-0.0011179,0.0072053,0.024718,0.01177,0.0050676,0.018934,0.023221,0.029785,0.025329,0.02664,0.013997,0.021249,0.014174,0.013459,-0.00073377,-0.013345,-0.029484,-0.025134,-0.037948,-0.030574,-0.035664,-0.013971,-0.015515,-0.013768,-0.0065152,0.0078834,0.02161,0.031464,0.027721,0.019778,0.011024,0.02352,0.015139,0.010665,-0.011675,-0.014492,-0.025887,-0.015899,-0.0072868,0.0042859,0.0053015,-0.011313,-0.0097553,-0.0034878,-0.0019796,0.016294,0.027701,0.026663,0.036265,0.0078152,-0.0034843
0.022021,0.031219,0.033541,0.041009,0.046512,0.055864,0.044751,0.034542,0.031304,0.026215,0.013136,0.017442,0.0066013,0.0033823,-0.0022788,-0.0042897,-0.040592,-0.034021,-0.037306,-0.036737,-0.02128,-0.013058,-0.007677,0.0099759,0.0094133,0.023346,0.020763,0.017042,0.0088042,0.022491,0.0421,0.023747,0.0053022,0.0047358,0.0058017,-0.012355,-0.025838,-0.025511,-0.032625,0.00076726,0.0099658,-0.0047699,-0.0016428,0.012951,0.010628,0.023405,0.022705,0.025049,0.021645,0.013472,-0.0077968
0.029977,0.044089,0.05289,0.052536,0.055613,0.066445,0.054187,0.046808,0.045901,0.02517,0.0083745,0.013123,0.010212,-0.00265,-0.0042322,-0.0162,-0.045865,-0.057624,-0.036072,-0.027666,-0.0087653,-0.0058611,-0.0052537,-0.001141,0.0091247,0.020016,0.022535,0.022436,0.0083454,0.021583,0.032467,0.015295,0.00083865,0.0061143,0.0042729,-0.0071567,-0.02094,-0.022536,-0.022711,0.0079997,0.015564,-0.0010949,-0.0024716,0.0065809,0.0043879,0.026804,0.027544,0.028423,0.030302,0.023559,0.0031456
0.025165,0.030764,0.065205,0.055781,0.062081,0.060481,0.063883,0.050192,0.050639,0.035391,0.020372,0.025171,0.024973,0.0016225,-0.0052422,-0.026377,-0.045995,-0.047639,-0.039561,-0.028956,-0.014763,-0.0054258,0.00020341,0.0019179,0.013921,0.0069438,0.016623,0.010751,0.020557,0.015585,0.0060861,0.0032629,-0.013793,-0.0067975,-0.0065242,-0.0020924,-0.010364,-0.0087801,-0.0098223,0.0047722,0.01075,0.00028132,0.0032706,0.0058132,-0.01388,0.0071106,0.011845,0.020424,0.043498,0.036867,0.011241
0.020938,0.040393,0.055909,0.048364,0.047024,0.056149,0.060546,0.053825,0.042898,0.026567,0.029483,0.011529,0.015276,0.016528,0.0091048,-0.018738,-0.028783,-0.039432,-0.051094,-0.047785,-0.022808,-0.011132,-0.010723,-0.0032275,-0.0038145,0.0058519,0.0036687,0.011382,-0.0013541,-0.014304,-0.0077882,-0.009882,-0.012357,-0.0058637,0.0016838,-0.0043639,-0.0091297,-0.012627,-0.0081869,0.0042528,0.0023197,-0.0047642,-0.005543,0.0066313,0.00032466,0.0085173,0.0099089,0.02645,0.019394,0.033158,0.018257
0.030776,0.045749,0.042766,0.041987,0.043243,0.056966,0.044581,0.025831,0.031791,0.029594,0.028673,0.018372,0.0010071,0.0064657,0.0012158,-0.0019034,-0.0097672,-0.025643,-0.039545,-0.043297,-0.038561,-0.027646,-0.011983,-0.016392,-0.026253,-0.0098379,-0.0198,-0.017741,-0.020113,-0.0085341,-0.011092,-0.0072985,-0.014681,-0.019641,-0.0069244,0.003281,-0.020571,-0.013276,-0.015313,-0.0043414,-0.010457,-0.019636,-0.0065159,0.0047913,0.01407,0.015367,0.015035,0.019716,0.037402,0.034009,0.025244
0.03249,0.042996,0.036667,0.017722,0.03302,0.021081,0.012981,0.039897,0.033433,0.029199,0.024566,0.013704,-0.0073377,0.0028392,-0.0074127,-0.0069967,-0.011467,-0.021988,-0.044214,-0.029645,-0.042195,-0.033835,-0.023183,-0.026276,-0.051109,-0.037853,-0.024677,-0.018778,-0.021942,-0.024791,-0.027522,-0.018997,-0.029582,-0.015661,-0.023238,-0.025784,-0.025795,-0.017973,-0.014412,-0.018339,-0.017655,-0.013986,-0.023661,0.001352,0.021045,0.014224,0.018398,0.028376,0.032064,0.025044,0.030193
0.019901,0.025384,0.019908,0.021067,0.018079,0.013872,0.0072649,0.027627,0.037967,0.030032,0.027061,0.021853,0.0023409,9.1848e-05,-0.012381,-0.023519,-0.020126,-0.028461,-0.041086,-0.030964,-0.051199,-0.029845,-0.0084976,-0.014576,-0.043915,-0.029318,-0.03101,-0.023223,-0.022811,-0.025595,-0.044874,-0.026054,-0.018374,-0.022019,-0.01829,-0.011497,-0.017627,-0.017776,-0.026362,-0.03404,-0.010284,0.0092861,0.018521,0.031215,0.030449,0.022978,0.0086706,0.020561,0.031896,0.026843,0.030612
0.010263,0.016347,0.010748,-0.00012346,0.0050787,0.00023635,0.0068577,0.016142,0.036284,0.032378,0.032768,-0.0024995,-0.012881,-0.00030645,-0.020544,-0.035591,-0.042148,-0.035432,-0.031841,-0.028926,-0.025115,-0.031918,-0.019653,-0.036847,-0.054326,-0.034306,-0.031912,-0.022816,-0.024783,-0.035216,-0.039489,-0.026696,-0.032603,-0.023592,-0.020251,-0.0043055,-0.022413,-0.02961,-0.03934,-0.024467,-0.0070673,0.013758,0.02145,0.017356,0.038499,0.015095,0.017,0.014717,0.012182,0.023564,0.027891
0.021149,0.0056952,0.0034528,-0.00304,-0.0018379,-0.0094606,-0.0060961,-0.006,0.024379,0.033214,0.026868,-0.012253,-0.024302,-0.017512,-0.023895,-0.056836,-0.042619,-0.034866,-0.026866,-0.02121,-0.02441,-0.032224,-0.036926,-0.042089,-0.053112,-0.057325,-0.047863,-0.031788,-0.026562,-0.021033,-0.014372,-0.012174,-0.027323,-0.034302,-0.008904,-0.00021132,-0.011201,-0.024977,-0.03347,-0.022237,0.0055138,0.020935,0.023762,0.03241,0.017238,0.025398,0.012624,0.0088494,0.010029,0.01948,0.019653
0.017874,0.013536,0.013878,-0.0073706,-0.010012,-0.017963,-0.016266,0.00733,0.031951,0.025779,-0.0034705,-0.026118,-0.015183,-0.019473,-0.014469,-0.030897,-0.033637,-0.038247,-0.024991,-0.026243,-0.032699,-0.036238,-0.03012,-0.038526,-0.056823,-0.060592,-0.046608,-0.03359,-0.017716,-0.020758,-0.010588,0.0096933,0.0030204,-0.00040592,0.0035872,0.005836,0.0045993,-0.010446,-0.012238,-0.0054219,0.0097023,0.034834,0.030905,0.031663,0.020153,0.036082,0.019778,0.0010279,-0.0054183,0.0018686,-0.0051968
0.030826,0.017863,-0.0021847,0.0013789,-0.0059582,-0.013256,-0.0083865,0.0072096,0.02898,0.013506,-0.0074006,-0.015449,-0.02562,-0.017803,-0.016602,-0.012531,-0.022367,-0.016963,-0.018043,-0.033987,-0.036898,-0.038792,-0.023624,-0.031294,-0.051871,-0.064165,-0.047328,-0.030962,-0.022618,-0.0085163,0.010389,0.014648,0.012642,0.016125,0.01262,0.022454,0.03102,0.041267,0.0075624,0.019777,0.033537,0.025778,0.023138,0.021554,0.014788,0.011577,0.014217,0.0033134,0.00046026,-0.0015443,-0.0088372
0.029723,0.016623,-0.0067601,-0.018901,-0.021897,-0.0089232,-0.013829,-0.0098072,0.0045789,0.0091246,-0.014768,-0.020854,-0.029904,-0.025898,-0.019499,-0.014979,-0.041247,-0.036185,-0.031996,-0.03924,-0.046004,-0.028717,-0.032514,-0.045669,-0.068889,-0.051431,-0.043991,-0.03475,-0.023339,-0.0091998,-0.001414,0.0057382,0.010326,0.00914,0.01926,0.028685,0.045415,0.046827,0.048044,0.059672,0.048331,0.019075,0.0014819,0.0030726,-0.006741,0.001879,-0.0051666,-0.0062569,0.0004885,-0.00090698,-0.013502
0.02398,0.0072968,-0.002651,-0.012713,0.0013377,0.0092804,0.0032267,-0.0051063,-0.013478,-0.0056706,-0.016676,-0.016453,-0.025497,-0.015134,-0.016063,-0.020263,-0.028149,-0.026402,-0.04098,-0.040914,-0.042707,-0.02563,-0.030841,-0.033818,-0.047529,-0.047683,-0.032827,-0.022504,-0.019379,-0.01413,-0.014894,0.0034584,-0.0047582,0.014715,0.027148,0.042611,0.052263,0.059267,0.0642,0.062634,0.055694,0.029727,0.014967,0.010951,-0.0068752,-0.015525,-0.01351,-0.017288,0.01045,0.0045461,-0.0027148
0.015901,0.014659,0.0086244,0.0053531,0.00172,0.0085944,0.012984,-0.0024149,-0.014439,-0.033584,-0.03827,-0.037188,-0.032058,-0.017571,-0.023071,-0.026545,-0.019793,-0.025003,-0.0405,-0.036782,-0.028485,-0.033463,-0.0409,-0.043761,-0.059162,-0.053212,-0.034804,-0.010258,-0.014664,-0.025598,-0.027846,-0.0060415,-0.0028283,0.0083088,0.024218,0.033314,0.034137,0.058065,0.065002,0.061642,0.051525,0.030998,0.020098,0.0042837,-0.0069361,-0.008206,-0.0022791,-0.0017193,0.015034,0.015714,-0.006921
0.031089,0.037335,0.030335,0.017169,0.019993,0.022324,0.014548,0.0018881,-0.0013563,-0.019954,-0.01497,-0.024854,-0.020874,-0.020545,-0.022079,-0.020053,-0.0068809,-0.014524,-0.014536,-0.012349,-0.012759,-0.026278,-0.030132,-0.036561,-0.053392,-0.037999,-0.031671,-0.018419,-0.0094814,-0.009955,0.00023577,-0.00024402,-0.004981,-0.0028783,0.021006,0.030725,0.03862,0.054336,0.072897,0.07737,0.060981,0.052856,0.026404,0.015782,0.0085096,0.011842,0.0099331,0.031905,0.031343,0.036926,0.0033819
0.047165,0.038557,0.028758,0.014179,0.026558,0.017038,0.021796,0.022874,0.023312,0.0065459,0.0076713,-0.0032786,-0.021511,-0.0066896,0.0098066,-0.010187,-0.0037566,-0.012823,-0.0079955,-0.0012981,-0.008544,-0.019114,-0.023389,-0.03923,-0.030566,-0.022036,-0.010744,-0.03111,-0.022407,-0.0043374,-0.0026001,-0.0023794,-0.014785,0.004417,0.01609,0.029347,0.028914,0.04927,0.063535,0.088406,0.09034,0.057166,0.02306,0.034994,0.025231,0.01823,0.021442,0.031959,0.034199,0.014812,0.023673
0.020735,0.027017,0.029745,0.0070144,0.014504,0.018314,0.020952,0.035766,0.040517,0.022494,0.020163,0.011338,0.0016239,-0.00063855,0.0032495,-0.00025088,0.0032417,-0.0051736,0.0048108,0.0017745,-0.019877,-0.027704,-0.029263,-0.041879,-0.043508,-0.013625,-0.020528,-0.030399,-0.01762,-0.0075059,-0.012695,-0.0092735,-0.014286,-0.00016794,0.0095147,0.029835,0.041364,0.043222,0.064041,0.083205,0.079787,0.070706,0.039468,0.03204,0.025568,0.017462,0.02234,0.042029,0.040595,0.032573,0.025061
0.029695,0.033955,0.030346,0.023939,0.0078917,0.010831,0.023464,0.029299,0.049862,0.034781,0.035914,0.040863,0.024654,0.028902,0.0088474,0.00081863,0.0015412,0.0080666,0.0048579,0.014142,-0.00296,-0.026536,-0.05263,-0.053567,-0.059692,-0.040001,-0.032335,-0.011473,-0.018654,-0.014551,-0.012655,-0.008108,-0.0066073,0.0054751,0.017228,0.021512,0.020566,0.039141,0.046897,0.068963,0.077753,0.058732,0.047948,0.03008,0.019273,0.020119,0.028732,0.036139,0.043778,0.044582,0.030562
0.035674,0.037003,0.040364,0.025872,0.038842,0.053184,0.046787,0.042418,0.048427,0.060288,0.05941,0.063051,0.053782,0.048649,0.031347,0.02839,0.024036,0.030937,0.022704,0.01973,-0.0044581,-0.023969,-0.056624,-0.056463,-0.052668,-0.028878,-0.011882,0.0079623,0.0017542,-0.0035301,-0.0014477,0.014868,-0.00523,0.025556,0.031829,0.042946,0.033236,0.030224,0.052436,0.071928,0.070155,0.070206,0.069786,0.050857,0.0449,0.038226,0.049862,0.041168,0.065067,0.065412,0.048081
0.053854,0.045865,0.042455,0.04469,0.05016,0.073471,0.066408,0.052842,0.059845,0.074555,0.066158,0.071056,0.061845,0.059347,0.057889,0.039068,0.035938,0.032682,0.024002,0.013663,-0.011934,-0.020501,-0.053604,-0.051307,-0.049797,-0.021924,0.0042874,0.020804,0.0068577,0.0036845,0.002249,0.012659,0.011602,0.028521,0.045002,0.035435,0.032057,0.033367,0.048258,0.069003,0.076944,0.062916,0.056147,0.068648,0.048501,0.062932,0.054355,0.054681,0.076696,0.066916,0.047938
0.070455,0.064383,0.060029,0.061495,0.067388,0.069386,0.081184,0.083103,0.09017,0.086005,0.092512,0.094419,0.077197,0.070741,0.05446,0.049641,0.037213,0.044448,0.036963,0.0048044,-0.0047917,-0.012535,-0.017594,-0.030244,-0.035536,-0.01802,0.013551,0.030047,0.028356,0.012203,0.017321,0.01767,0.027002,0.035667,0.023219,0.023679,0.044877,0.062679,0.052699,0.077942,0.07887,0.069094,0.054441,0.063193,0.05866,0.0589,0.071604,0.087675,0.083086,0.075111,0.039888
0.066733,0.063475,0.055882,0.063498,0.074081,0.083445,0.089032,0.092082,0.11502,0.10668,0.089419,0.091084,0.089512,0.071293,0.07006,0.057896,0.042075,0.029957,0.035305,0.0091488,-0.006294,-0.01318,-0.0019009,-0.011556,-0.015601,-0.0046735,0.021321,0.025079,0.03199,0.022939,0.016419,0.032407,0.035104,0.031859,0.024407,0.030746,0.039975,0.061947,0.066007,0.082739,0.085396,0.074982,0.062771,0.063594,0.064231,0.087974,0.083487,0.079181,0.081801,0.066495,0.026094
0.066039,0.058976,0.052258,0.060995,0.095657,0.10233,0.10485,0.10908,0.11523,0.11775,0.10502,0.085134,0.086918,0.094332,0.092979,0.065612,0.064896,0.05249,0.042458,0.03362,0.014625,0.0032386,-0.0026038,0.0011245,-0.0091164,-0.0058526,0.01947,0.025203,0.025797,0.026817,0.039239,0.053805,0.036466,0.033987,0.044753,0.044913,0.049482,0.050838,0.064851,0.07348,0.086528,0.085096,0.065018,0.076881,0.07015,0.095249,0.095353,0.086094,0.065431,0.05564,0.030347
0.045527,0.050119,0.049958,0.057388,0.081219,0.086708,0.096827,0.097657,0.11726,0.11963,0.10518,0.088971,0.090888,0.11601,0.091046,0.071527,0.05679,0.059579,0.057346,0.058497,0.039463,0.016811,0.0080291,-0.0088526,-0.034294,-0.021366,-0.0082539,0.0048311,0.025355,0.034422,0.040529,0.065624,0.052635,0.037421,0.047983,0.059861,0.040424,0.045305,0.052436,0.069864,0.084219,0.090628,0.079154,0.067691,0.075958,0.08479,0.096099,0.075139,0.059828,0.041491,0.016769
0.015784,0.021732,0.015528,0.045101,0.053448,0.06993,0.084622,0.11292,0.12064,0.11248,0.1089,0.098415,0.09593,0.11986,0.099046,0.071648,0.071595,0.071136,0.067119,0.065762,0.040966,0.027004,0.014421,-0.001906,-0.038951,-0.025628,-0.025114,0.0013491,0.012581,0.026178,0.024415,0.050657,0.054442,0.04237,0.044272,0.055956,0.055517,0.060489,0.055555,0.062564,0.087341,0.093804,0.07933,0.069169,0.072427,0.067502,0.074477,0.067336,0.044772,0.018335,0.0056285
-0.0050555,-0.011966,-0.013076,-0.0011755,0.033536,0.041298,0.055731,0.094021,0.10148,0.10571,0.10142,0.093563,0.086572,0.10283,0.097091,0.079476,0.068045,0.062793,0.051058,0.058757,0.028709,0.022764,0.015897,-0.0011572,-0.039804,-0.037732,-0.036801,-0.040259,-0.018766,-0.0038463,0.002886,0.028665,0.026336,0.035199,0.034962,0.039962,0.046743,0.042449,0.046727,0.053603,0.070826,0.077787,0.053463,0.063165,0.064301,0.050721,0.040067,0.031328,0.011516,-0.011021,-0.012346
-0.0033195,-0.0019242,-0.011954,-0.018412,0.010827,0.028511,0.041219,0.058178,0.095364,0.095331,0.095714,0.090714,0.075117,0.087621,0.087216,0.085124,0.084872,0.063221,0.058148,0.059359,0.034784,0.028082,0.027188,-0.0121,-0.043775,-0.047432,-0.04282,-0.044045,-0.031962,-0.0088914,0.0035168,0.021381,0.016496,0.019709,0.029664,0.042401,0.031965,0.045496,0.053338,0.061162,0.06362,0.0613,0.051371,0.056792,0.063036,0.055056,0.03957,0.024411,0.020741,-0.0068113,-0.022126
-0.020493,-0.00095868,-0.0007388,-0.0030718,0.004473,0.019435,0.038767,0.051419,0.073926,0.069323,0.090242,0.073963,0.077096,0.085196,0.093266,0.087402,0.10143,0.085683,0.068695,0.040224,0.043661,0.027437,0.018032,-0.0046642,-0.039534,-0.043539,-0.045416,-0.021931,-0.023577,-0.022285,-0.004046,0.0073894,0.0048646,0.017105,0.0275,0.027356,0.035253,0.041533,0.045713,0.052631,0.046616,0.052159,0.057987,0.064896,0.065093,0.047511,0.03764,0.032932,0.013929,0.0084979,-0.03148
-0.033168,-0.021346,0.016105,0.0023253,-0.00037878,0.012675,0.034514,0.023545,0.051143,0.052025,0.05891,0.068169,0.077032,0.082423,0.093299,0.091468,0.095663,0.081297,0.058584,0.041417,0.027153,0.023916,0.0051959,-0.017306,-0.023181,-0.040478,-0.031755,-0.022325,-0.016,-0.025927,-0.025302,-0.0088134,0.0010104,0.019765,0.027637,0.034195,0.031672,0.031099,0.031909,0.037772,0.038331,0.043665,0.06546,0.075738,0.058984,0.055021,0.027712,0.012859,0.023578,0.0064475,-0.034934
-0.02928,-0.010342,0.0085603,-0.002413,-0.0039718,0.0019769,0.0035745,0.011265,0.023257,0.044925,0.062175,0.071666,0.073613,0.075725,0.090381,0.085149,0.078279,0.068684,0.053627,0.037347,0.03152,0.019754,-0.011731,-0.024425,-0.032459,-0.034406,-0.028726,-0.022207,-0.023411,-0.02033,-0.012509,-0.01328,-0.022541,0.01638,0.031622,0.037824,0.045259,0.026895,0.022267,0.0382,0.041692,0.040538,0.048742,0.065496,0.047357,0.03019,0.020349,0.012168,0.018734,0.011625,-0.017624
-0.026632,-0.00053545,-0.0068852,-0.0072512,-0.022721,-0.0086759,-0.014534,-0.0010507,0.035491,0.047682,0.046769,0.072835,0.070128,0.079941,0.090931,0.096964,0.068373,0.052425,0.047388,0.031946,0.016846,0.0044148,-0.017974,-0.027628,-0.040881,-0.024061,-0.02564,-0.020955,-0.030065,-0.010942,-0.005153,-0.018503,-0.018288,0.0033765,0.039612,0.046138,0.038526,0.032602,0.019835,0.041686,0.04473,0.030869,0.038949,0.045985,0.027588,0.024065,0.011577,0.00096872,0.013486,0.0023089,-0.02543
-0.032744,-0.01075,-0.00021016,-0.020917,-0.030307,-0.036917,-0.031792,-0.0069062,0.018417,0.027008,0.024535,0.056282,0.061687,0.076401,0.076985,0.094809,0.06085,0.052281,0.02895,0.010988,-0.014066,-0.016135,-0.023683,-0.031436,-0.043767,-0.044598,-0.040915,-0.043539,-0.031607,-0.018142,-0.0042905,-0.00086547,-0.0014157,0.019266,0.026818,0.037317,0.03403,0.025329,0.010174,0.020936,0.023585,0.02886,0.036723,0.039265,0.02485,0.012649,0.0075277,-0.0036123,-0.0023274,-0.019003,-0.040135
-0.0071754,0.00597,0.0065715,-0.0049267,-0.030376,-0.041326,-0.032148,-0.0084207,0.0038494,0.025007,0.030068,0.038401,0.053339,0.071903,0.09371,0.077168,0.069862,0.055659,0.029649,0.016706,0.0043904,-0.012438,-0.035961,-0.034664,-0.049448,-0.056796,-0.053449,-0.045474,-0.02507,-0.001976,0.0055599,0.025571,0.013765,0.0242,0.029976,0.025786,0.021233,0.015649,0.012904,0.015632,0.028705,0.014655,0.012844,0.032067,0.022491,0.0272,0.017867,0.0066985,0.0028752,-0.011498,-0.025774
-0.0013318,0.0079999,-0.00041171,-0.024951,-0.02588,-0.025016,-0.022025,-0.030141,-0.0097481,0.0048259,0.028289,0.027157,0.039965,0.064711,0.068507,0.064141,0.064577,0.041357,0.021762,0.0067059,0.0013175,-0.013867,-0.022339,-0.042256,-0.057008,-0.051123,-0.050735,-0.039814,-0.02266,-0.0088228,0.0041963,0.019216,0.011638,0.00080123,0.018225,0.029035,0.0064858,0.0052623,0.0099606,0.013867,0.013653,0.016647,0.014152,0.016667,0.0202,0.023222,0.015674,0.014367,0.010855,0.010135,-0.016545
0.0056765,-0.00028306,-0.017905,-0.025034,-0.010243,-0.025974,-0.023351,-0.030613,-0.02155,-0.019086,0.0061817,0.011597,0.030885,0.062551,0.062141,0.044436,0.03641,0.023761,0.0039904,-0.0049461,0.0012357,-0.014669,-0.0094968,-0.023247,-0.052628,-0.049713,-0.03448,-0.03141,-0.029619,-0.034726,-0.02154,-0.0054959,-0.0020653,0.0026523,0.014506,0.0070159,-0.011748,-0.0010307,-0.0051783,0.0064711,0.010888,0.012411,0.0070301,0.020581,0.018945,0.011486,0.0091086,0.014901,0.0068423,0.013807,0.0028529
0.0034432,0.00042742,-0.010735,-0.013068,-0.0040652,-0.0074088,-0.033242,-0.028113,-0.028426,-0.031554,-0.015881,0.0084241,0.032921,0.039032,0.045591,0.029914,0.042994,0.020977,0.017665,0.01482,-0.013109,-0.0056595,0.003981,-0.016421,-0.050848,-0.046732,-0.03292,-0.02276,-0.025783,-0.030538,-0.038834,-0.015662,-0.0084351,-0.0060544,-0.014394,-0.010033,-0.0060236,0.0013037,0.0039897,-0.0068184,-0.00060913,0.0075533,-0.0037532,0.0054251,0.0030126,0.014437,0.012418,0.033694,0.041799,0.029114,0.019275
0.015524,0.0087073,0.0015502,-0.0071703,0.0035519,-0.014284,-0.032937,-0.035329,-0.035867,-0.035847,-0.026916,-0.0089801,0.0042652,0.037477,0.044459,0.045817,0.026669,0.030583,0.02249,0.02338,0.0032044,0.00015452,0.00053763,-0.01837,-0.046195,-0.032011,-0.030811,-0.03214,-0.025431,-0.030316,-0.033531,-0.010547,-0.0086061,-0.0023051,-0.016378,-0.0086335,-0.0071778,-0.0018154,-0.0057348,0.0076393,0.0097024,-0.00172,-0.017916,-0.010082,0.015003,0.025328,0.039726,0.043457,0.043193,0.037366,0.033353
0.0042195,7.8782e-05,-0.00613,-0.0065483,-0.0099929,-0.010623,-0.033156,-0.051758,-0.040592,-0.041221,-0.032141,-0.024063,-0.016043,0.037308,0.039089,0.038131,0.034598,0.037403,0.025967,0.017753,-0.0036246,-0.00014878,-0.0049924,-0.013888,-0.03298,-0.026858,-0.044287,-0.030888,-0.050904,-0.04027,-0.026159,-0.012646,-0.010148,-0.012819,-0.0093904,0.0013495,-0.0085677,-0.011813,-0.024059,-0.0098632,-0.00032589,-0.012721,-0.015399,-0.016627,0.0019492,0.019722,0.035525,0.034561,0.02902,0.023191,0.024987
