-0.02961,-0.02961,0.020473,0.0042977,0.026111,0.020746,-0.00062589,0.0051728,0.0090563,-0.036321,-0.011493,-0.0383,-0.01395,-0.042313,-0.054873,-0.021632,-0.014945,-0.033118,-0.05634,-0.075839,-0.081437,-0.067963,-0.038199,-0.032471,-0.014094,-0.031785,-0.034481,-0.024846,-0.031118,0.0086535,0.010651,-0.032383,-0.040787,-0.039209,-0.025297,-0.030073,-0.037034,-0.016331,-0.0078812,0.015529,-0.0031221,0.00091816,-0.023689,-0.0048694,0.025492,-0.011997,-0.02125,-0.026388,-0.015621,0.0096895,-0.028254
-0.015107,-0.012388,0.0034173,-0.0049109,0.0064348,-0.023779,0.0029447,0.0052316,-0.0010907,-0.048863,-0.023663,0.01383,-0.00045385,-0.040773,-0.033168,-0.035413,-0.021119,-0.043353,-0.064308,-0.038923,-0.036879,-0.039794,-0.037361,-0.043629,-0.046592,0.0028511,0.0067758,0.014166,-0.026615,0.0093465,-0.0034261,-0.026649,-0.044351,-0.049462,-0.032921,-0.053489,-0.049289,-0.014112,-0.013688,-0.019255,0.028199,0.0051678,-0.020394,-0.041482,-0.0060703,-0.025194,-0.040602,-0.060822,-0.017301,-0.035788,-0.029508
-0.054216,-0.029662,0.0018383,-0.0087048,0.033273,-0.026773,-0.057179,-0.036359,-0.053685,-0.052344,-0.0043269,-0.014461,-0.010659,-0.012673,-0.034315,-0.048953,-0.036488,-0.040114,-0.0498,-0.044257,-0.043969,-0.036405,-0.064079,-0.039927,-0.032397,-0.0082335,-0.0030358,-0.01157,-0.016269,-0.013214,-0.025775,-0.03157,-0.069319,-0.070575,-0.04393,-0.035316,-0.048852,-0.042014,-0.016425,-0.029026,-0.02508,-0.010531,-0.011604,-0.030668,-0.018358,-0.054455,-0.059871,-0.047568,-0.033181,-0.034307,-0.028385
-0.047615,-0.04877,-0.023262,0.0039004,0.0035057,-0.0070681,-0.061632,-0.041201,-0.037323,-0.050066,-0.050801,-0.036309,-0.048225,-0.035743,-0.018147,-0.036247,-0.03897,-0.0062875,-0.021128,-0.021174,-0.017214,-0.059849,-0.030321,-0.058184,-0.016157,-0.013058,0.0056057,-0.014835,-0.038492,-0.031845,-0.042339,-0.044426,-0.050197,-0.059063,-0.047836,-0.042234,-0.044747,-0.031386,-0.037207,-0.026079,-0.058755,-0.067335,-0.03969,-0.0058256,-0.050043,-0.062482,-0.049176,-0.035996,-0.056596,-0.049399,-0.03881
-0.040202,-0.030019,0.0021875,-0.001498,-0.0015631,-0.012345,-0.047357,-0.071924,-0.033591,-0.055838,-0.019996,-0.03577,-0.013414,-0.067023,-0.028138,-0.0085058,-0.007509,-0.0040469,-0.0068568,-0.0080087,-0.011805,-0.017361,-0.0058817,-0.029117,-0.0093171,0.010268,-0.014749,-0.043573,-0.022134,-0.02368,-0.028721,-0.029819,-0.021078,-0.057592,-0.048209,-0.032951,-0.033652,-0.038852,-0.057007,-0.021127,-0.067604,-0.033459,-0.033769,-0.040828,-0.058598,-0.043322,-0.03847,-0.063411,-0.061929,-0.041545,-0.038812
0.011987,-0.00029503,0.0018944,-0.025808,0.00041154,-0.038157,-0.025655,-0.029806,-0.0095871,-0.020605,-0.011978,0.0017074,-0.0078041,-0.059289,-0.016835,-0.02302,-0.010204,-0.021407,-0.011522,-0.010899,-0.0031957,-0.016696,-0.015656,-0.0034462,-0.0070958,0.021509,0.027806,-0.0057971,0.0092396,-0.020716,-0.0068474,-0.021276,-0.054329,-0.047155,-0.051926,-0.088273,-0.043961,0.0063886,-0.03332,-0.02516,-0.0048175,-0.010856,-0.040865,-0.036386,-0.040761,0.0012946,-0.031233,-0.025947,-0.049291,-0.046432,-0.049749
-0.0002618,-0.016628,0.010881,-0.0063217,0.0037172,0.011714,-0.015712,-0.03841,-0.012425,-0.0041968,-0.032885,-0.008368,-0.0091862,-0.035389,-0.021668,-0.023871,-0.025186,-0.0043396,0.010066,-0.004074,-0.032597,-0.025873,0.019317,0.019093,0.016827,0.0082686,0.0023563,0.002277,0.013312,0.00011523,-0.0016976,-0.021959,-0.043221,-0.030299,-0.040397,-0.08355,-0.054974,-0.026173,-0.029288,-0.024909,-0.028397,-0.03744,-0.016939,-0.0050572,-0.041407,-0.027102,-0.062277,-0.042513,-0.04602,-0.016781,-0.045474
0.006875,0.0071947,-0.0061011,0.01189,-0.00048265,0.039539,0.014098,-0.018452,-0.0027983,-0.014216,-0.021431,-0.035781,-0.015657,-0.035792,-0.032777,-0.041684,-0.050132,0.0066401,-0.015938,-0.019241,-0.022547,-0.0060321,-0.015552,0.0043346,0.0044033,-0.012073,-0.029199,0.014459,0.014365,-0.007964,-0.011814,-0.015332,-0.038547,-0.02784,-0.022506,-0.073962,-0.058298,-0.033168,-0.041403,-0.018876,-0.034004,-0.03809,-0.021635,-0.019953,-0.028492,-0.023522,-0.019127,-0.029805,-0.014572,-0.0046211,-0.0089158
0.021537,0.0032646,0.0028248,0.021777,-0.0026716,0.0088537,0.015061,0.0028733,-0.039374,-0.0048692,-0.03353,0.011172,-0.043855,-0.029875,-0.031192,-0.061596,-0.044591,-0.036769,-0.05072,-0.045472,-0.02203,-0.0012901,-0.017207,-0.012626,-0.004988,-0.021016,-0.055862,-0.010893,0.0043193,-0.019944,-0.022727,-0.013771,-0.035398,-0.024909,-0.037218,-0.050195,-0.052854,-0.031246,-0.051251,-0.051643,-0.020352,-0.03943,-0.031918,-0.02949,-0.061329,-0.025505,-0.010735,-0.018004,-0.012737,-0.016343,-0.0067264
0.032856,0.030598,0.035588,0.0037884,0.0092569,0.0033123,-0.010269,0.0059188,-0.0049869,0.0011472,-0.014788,-0.010632,-0.016677,-0.010731,-0.02129,-0.00041082,-0.03012,-0.0538,-0.027456,-0.022072,-0.042217,-0.0032802,-0.0026619,-0.0095512,-0.02875,-0.011009,-0.032953,-0.060304,-0.0069167,0.001911,-0.015228,0.0055221,0.014968,0.007325,-0.040903,-0.024165,-0.02434,-0.018078,-0.040259,-0.02698,-0.036296,-0.023817,-0.022982,-0.021266,-0.037415,-0.020815,-0.017762,-0.018756,-0.010725,-0.0061363,-0.014587
0.048151,0.054189,0.010423,0.018749,0.0054812,-0.027868,-0.037648,-0.052015,0.025343,-0.026976,0.013338,-0.025324,-0.013234,-0.016771,0.023829,-0.013794,-0.023727,-0.041286,-0.075176,-0.042471,-0.071965,-0.040564,-0.010013,-0.0059281,-0.037164,-0.03947,-0.054513,-0.051351,-0.069825,-0.0082488,0.0063681,-0.006277,-0.003126,0.0051065,-0.012197,-0.0097416,-0.034009,-0.0095034,-0.034776,-0.055481,-0.048758,-0.033364,-0.016498,-0.0024002,-0.016573,-0.029952,-0.016924,-0.01582,0.0013945,-0.030333,-0.051511
0.073286,0.082189,0.066668,-0.0020296,0.035069,-0.01966,-0.045515,-0.02011,0.020914,0.009395,0.034118,0.012997,0.028316,0.035247,0.033076,0.019322,0.031511,-0.036666,-0.035652,-0.022716,-0.0090965,-0.0030733,-0.0050533,-0.0018781,-0.026023,-0.017575,-0.019974,-0.03374,-0.019511,0.02354,0.0176,0.032913,0.022888,0.01819,0.011382,0.04369,0.0053558,-0.0024887,0.010559,-0.024895,-0.036681,0.0011758,-0.009639,-0.014109,-0.017127,-0.0072879,-0.015941,0.017418,-0.0031248,0.018827,-0.023161
0.063497,0.071912,0.045625,0.0096685,0.03671,-0.048011,-0.028065,-0.013708,0.0045681,-0.020869,0.0076507,0.035894,0.00021486,0.0070736,0.023009,-0.01465,0.018976,-0.043922,-0.058729,-0.017439,-0.0042572,-0.0074494,-0.019795,-0.025955,-0.062427,-0.042811,-0.035523,-0.054013,-0.014992,-0.0013835,0.01634,0.029241,0.029922,0.028518,0.026025,0.052031,-0.0095289,-0.013453,-0.055586,-0.074586,-0.040974,-0.0030139,-0.024794,0.004497,-0.019232,-0.014761,-0.026384,0.0046927,0.0063155,-0.00056734,0.027759
0.036185,0.046723,0.055356,0.046514,0.035263,-0.0063572,-0.017832,0.026467,-0.012415,-0.029171,0.024236,0.0081393,-0.00027597,0.02644,0.012762,-0.0034533,0.0072849,-0.0037734,-0.011845,-0.027823,-0.00017142,-0.0037672,-0.015332,-0.02553,-0.040045,-0.029372,-0.035028,-0.028627,-0.003724,0.031671,0.013222,0.035209,0.031117,0.04633,0.055462,0.063631,0.0041262,-0.038534,-0.046903,-0.071673,-0.075129,-0.040253,-0.022516,-0.0031605,0.020682,-0.025767,-0.02645,1.9392e-05,0.0095566,0.040678,0.042378
0.046102,0.04884,0.045372,0.056158,-0.0037961,-0.0083344,-0.028458,-0.0077725,-0.0033858,-0.00057137,-0.007604,0.041923,0.013086,0.017111,0.00062886,-0.0024551,-0.013109,0.012091,-0.025518,-0.025931,-0.033502,-0.029249,0.00671,-0.034953,-0.05853,-0.027623,0.0015484,-0.017454,0.038452,0.061757,0.047867,0.021931,0.0071466,0.018024,0.022166,0.012973,-0.027206,-0.03873,-0.040051,-0.029654,-0.042866,-0.040696,-0.025033,-0.011097,-0.020836,-0.028236,-0.057024,-0.037374,0.016503,0.012678,0.015097
0.012779,0.064603,0.048396,0.015519,-0.0026544,-0.034508,-0.016607,-0.0096352,0.0075985,-0.0069766,0.0039749,0.016997,0.018172,-0.00017551,-0.020702,-0.01433,0.0035026,-0.013741,-0.056806,-0.032389,-0.047295,-0.021841,-0.044227,-0.017438,-0.053983,-0.044567,-0.013903,-0.014095,0.038214,0.02997,0.068513,0.023944,-0.0024312,0.0068573,0.010293,-0.01989,-0.040296,-0.043724,-0.04035,-0.023333,-0.016289,-0.015847,-0.022682,-0.001933,-0.022169,-0.038266,-0.057826,-0.07695,-0.029375,-0.0099488,0.020442
-0.010121,0.014263,0.045171,0.0067991,-0.026182,-0.019126,-0.01482,-0.035546,0.000698,-0.019319,-0.044572,-0.0083995,0.020717,-0.030982,-0.023946,-0.00065547,0.012829,-0.023202,-0.037376,-0.047228,-0.027119,-0.045259,-0.03898,-0.039147,-0.062211,-0.032286,-0.043346,-0.034881,0.0016629,0.0033785,0.012862,0.04259,0.0032934,-0.0010773,0.016452,-0.028405,-0.0058956,-0.032705,-0.046503,-0.045926,-0.052693,-0.05805,-0.022031,-0.03703,-0.051279,-0.035486,-0.075433,-0.10308,-0.067174,-0.026878,-0.057743
0.019644,-0.00074766,0.024618,0.039757,0.021874,-0.016522,-0.034187,-0.042825,0.00093577,-0.021297,0.004667,0.019271,0.0097058,-0.014055,0.0047212,-0.0062763,-0.036849,-0.027398,-0.022554,-0.056896,-0.028095,-0.02701,-0.016586,-0.064243,-0.03023,-0.055633,-0.040095,-0.034087,-0.01379,0.0075518,0.04868,0.022257,-0.0079925,0.01538,0.022815,-0.018356,0.0022055,0.00014664,-0.036382,-0.015606,-0.017768,-0.013537,-0.025124,0.010926,-0.043752,-0.056811,-0.080825,-0.064009,-0.059516,-0.035676,-0.056754
0.0075834,-0.0084497,0.022445,0.031361,0.012466,-0.01345,-0.0046106,-0.034249,0.0055433,-0.014828,-0.00017577,0.0048679,0.015827,-0.0036835,0.028002,-0.029749,-0.044006,-0.044713,-0.018602,-0.060038,-0.028561,-0.012821,-0.028902,-0.060346,-0.047152,-0.033477,-0.030629,-0.050237,0.003093,-0.015817,-0.00037814,0.031061,0.0055631,0.035422,0.017215,0.001509,0.015151,0.010306,-0.018013,-0.0033805,-0.017605,-0.020715,0.0012064,0.011986,-0.067298,-0.067677,-0.07615,-0.070797,-0.059018,-0.055551,-0.072349
0.0022781,0.0082643,0.027624,0.036451,0.040744,0.029489,0.0052979,-0.023769,-0.00023275,-0.011194,-0.0085037,0.019019,0.015679,0.009474,0.03787,0.0086203,0.00050728,-0.076225,-0.048534,-0.054663,-0.053361,-0.030264,-0.023949,-0.033081,-0.016164,-0.000703,-0.023422,-0.023391,-0.014689,0.00017907,0.0098641,0.023896,0.032388,0.036407,0.019623,0.031956,0.031015,0.010608,-0.015816,-0.022498,0.00086482,0.0064409,0.0080813,0.013084,-0.043933,-0.048808,-0.036988,-0.077241,-0.059972,-0.057976,-0.066797
0.0064739,0.024718,0.025587,0.0053809,0.0022503,0.0069439,-0.012201,-0.020122,0.019756,-0.011959,0.018257,-0.0059362,0.012603,0.0016761,-0.033015,-0.022138,-0.052198,-0.049667,-0.088423,-0.073311,-0.061315,-0.045553,-0.060045,-0.020067,-0.025026,-0.044969,-0.042215,-0.028516,-0.00066392,-0.0048792,0.019014,0.030275,0.025238,0.00040948,-0.0064793,-0.03976,-0.013172,0.022777,0.0024917,0.019168,-0.012434,0.025975,-0.005659,-0.020068,-0.024278,-0.054334,-0.026326,-0.070346,-0.048253,-0.066281,-0.048599
-0.015648,0.0141,0.0024293,0.0041709,0.0071281,0.019325,-0.0077383,-0.048456,0.017317,0.00097835,-0.00051574,-0.015853,-0.018473,-0.025637,-0.025534,-0.04307,-0.035385,-0.059571,-0.065041,-0.047916,-0.092196,-0.052476,-0.02555,-0.0047479,-0.033921,-0.044751,-0.071288,-0.041633,-0.035586,0.025801,0.020694,0.028334,0.011745,0.015031,-0.0078925,-0.019141,-0.046726,-0.030085,0.026606,-0.028634,0.0030179,-0.0048596,-0.0087496,-0.03004,-0.025679,-0.041412,-0.044201,-0.073888,-0.043442,-0.076068,-0.074031
-0.022122,-0.008669,-0.0061156,-0.0086026,0.035295,0.0040285,0.0057796,0.022282,-0.0064748,-0.051655,-0.037458,-0.045022,-0.068769,-0.023836,-0.022485,-0.053316,-0.034288,-0.043543,-0.026691,-0.065962,-0.083626,-0.067895,-0.05347,-0.027303,-0.058862,-0.058335,-0.048858,-0.037913,-0.010509,0.0021381,-0.014215,0.0037198,0.00069541,0.032934,-0.011468,-0.037105,-0.035008,-0.011116,0.016784,-0.022876,-0.00068833,-0.014868,-0.045119,-0.009394,-0.012398,-0.038154,-0.032561,-0.019385,-0.04378,-0.05047,-0.035022
0.0041729,-0.0037323,-0.007971,0.010949,0.012581,-0.013171,-0.02007,-0.039311,-0.027891,-0.049616,0.0081462,0.01565,-0.0279,-0.027187,-0.025419,-0.039295,-0.03,-0.032014,-0.029405,-0.032991,-0.029368,-0.039848,-0.032077,-0.046025,-0.035222,-0.044063,-0.052412,-0.049015,0.0091908,0.01444,0.017783,0.010315,0.024176,-0.0040342,-0.018153,-0.0025264,-0.020853,0.0020494,-0.013627,0.014941,-0.0090664,0.044053,-0.015179,0.0093053,-0.036976,-0.017772,-0.023024,-0.050346,-0.031415,-0.022856,0.0061599
-0.015987,-0.0063102,-0.017763,-0.022112,-0.018308,-0.032767,-0.061228,-0.056331,-0.023448,-0.032244,0.0023727,0.0010192,0.010466,-0.017431,-0.024899,-0.042847,-0.027864,-0.045368,-0.013762,-0.034437,-0.01788,-0.041524,-0.042955,-0.031931,-0.036172,-0.028647,-0.018429,-0.016837,0.0022009,0.0052779,-0.011086,0.008056,-0.0099683,0.0021628,-0.02412,-0.019439,-0.016697,-0.01373,0.0075155,0.016979,-0.0023561,0.014005,0.015086,0.013526,-0.021304,-0.01689,-0.02139,-0.033952,-0.056475,-0.016966,-0.026366
-0.019656,-0.011533,-0.021914,-0.00048708,0.0030144,-0.031251,-0.061344,-0.098051,-0.03671,-0.028402,-0.047716,-0.012914,-0.02357,-0.023061,-0.015102,-0.028914,-0.026079,-0.036358,-0.0356,-0.015457,-0.053442,-0.045059,-0.034845,-0.014025,-0.038586,-0.021288,-0.010633,-0.06958,-0.022605,-0.049411,-0.010779,-0.0021564,-0.017182,0.023179,0.017574,0.018922,0.00011491,0.00093259,-0.01403,-0.021766,-0.024268,-0.015255,0.0088375,0.042289,-0.022972,0.0055084,-0.01504,-0.003118,-0.010218,-0.021,-0.033524
-0.001087,0.0028283,-0.0099686,-0.011345,-0.034301,-0.06411,-0.068602,-0.050816,-0.018037,-0.015101,-0.018423,0.0030596,-0.02541,-0.028099,-0.047425,-0.022804,-0.036643,-0.042958,-0.023616,0.011404,-0.015097,-0.0019375,-0.025777,-0.017319,-0.044437,-0.0020642,-0.0055182,-0.041126,-0.036218,-0.037891,0.014117,0.014844,0.0022045,0.013444,0.016815,-0.010328,-0.0060214,0.016985,0.0039826,-0.021369,-0.023383,-0.0040511,-0.021817,-0.0066177,0.0039017,0.018459,0.0019683,-0.0045777,0.018769,-0.016317,-0.044558
-0.018288,-0.033211,-0.029203,0.012871,-0.048842,-0.064766,-0.08045,-0.061416,-0.065434,-0.038733,-0.01129,0.01903,-0.034062,-0.057081,-0.069935,-0.063979,-0.04927,-0.032283,-0.065375,-0.076345,-0.017588,-0.025029,-0.048708,-0.010025,-0.036879,4.5928e-05,-0.041021,-0.048526,-0.050261,-0.032932,-0.017678,0.019041,-0.030933,-0.0080222,0.006979,-0.02927,0.016656,-0.006159,-0.041622,-0.041693,-0.018426,-0.029161,-0.0064589,-0.016736,0.0039801,0.013226,-0.00013033,-0.0097979,-0.0074026,-0.022725,-0.03704
-0.066325,-0.044487,-0.039236,-0.023953,-0.04254,-0.047104,-0.04158,-0.05169,-0.051279,-0.051189,-0.062054,-0.024018,-0.045645,-0.036675,-0.066188,-0.06847,-0.061226,-0.062244,-0.062484,-0.050125,-0.067968,-0.038222,-0.053531,-0.044896,-0.030083,-0.006345,0.00075606,-0.053116,-0.018409,-0.046054,-0.043279,-0.030772,-0.026354,0.0007142,-0.0086311,0.021376,-0.019997,-0.034063,-0.017052,-0.0096026,-0.035985,-0.045151,-0.035383,0.013953,-0.021974,0.0053928,-0.031438,-0.036665,-0.029623,-0.048347,-0.034008
-0.05355,-0.054637,-0.047653,-0.042205,-0.048139,-0.066439,-0.046857,-0.047956,-0.044405,-0.055553,-0.028985,-0.014565,-0.020237,-0.015823,-0.054227,-0.11335,-0.0552,-0.045672,-0.057067,-0.081763,-0.04723,-0.041933,-0.039362,-0.02855,-0.049701,-0.0371,-0.021708,-0.027678,0.018432,-0.010388,-0.034225,0.0015116,-0.050284,-0.0078005,0.00017324,-0.0050583,-0.037725,-0.027091,-0.0074541,-0.0019637,-0.0086531,-0.010428,-0.0075166,0.011798,-0.028409,-0.054627,-0.07922,-0.046736,-0.037638,-0.044884,-0.060338
-0.075057,-0.056058,-0.07306,-0.084564,-0.049651,-0.052188,-0.030372,-0.038651,-0.016831,-0.090255,-0.032849,-0.034593,-0.03059,-0.068021,-0.062237,-0.068012,-0.026642,-0.078161,-0.062008,-0.058563,-0.060223,-0.04936,-0.051353,-0.065932,-0.069272,-0.023583,-0.020521,-0.02754,-0.041982,0.011747,-0.0074042,-0.033797,-0.034133,-0.03326,-0.033846,-0.011401,-0.019152,-1.8797e-05,0.02008,0.02961,0.028992,0.020996,-0.049816,-0.042399,-0.033656,-0.053974,-0.068335,-0.095193,-0.067491,-0.051836,-0.06393
-0.09023,-0.068222,-0.051958,-0.073964,-0.020568,-0.043159,-0.017088,-0.016218,0.016294,-0.066301,-0.030596,-0.030907,-0.024452,-0.061899,-0.039551,-0.0034028,0.021107,-0.0011874,-0.03083,-0.044212,-0.050874,-0.023007,-0.017045,0.01081,-0.042102,-0.031785,-0.013023,-0.062657,0.0020107,0.014753,0.017888,0.007749,0.0027135,0.017575,0.0047156,0.012527,0.02948,0.041256,0.021424,0.030226,0.0099093,0.028198,-0.023223,-0.027785,-0.038942,-0.049668,-0.083691,-0.076538,-0.04533,-0.066328,-0.079131
-0.043126,-0.046208,-0.070198,-0.066565,-0.040785,-0.062706,-0.041393,-0.0053067,0.010965,-0.0086479,-0.010869,-0.038272,-0.063025,-0.00021242,0.024183,-0.033145,0.0039019,-0.032048,-0.033728,-0.030913,-0.019052,-0.0023217,-0.029223,-0.014567,-0.0050688,-0.027189,-0.037346,-0.010448,-0.013166,0.018211,0.033871,0.042214,0.0023368,0.017951,-0.00068358,0.029255,0.0065515,0.027604,0.085979,0.025473,0.054058,0.0028001,-0.021276,-0.0092778,-0.048338,-0.073131,-0.063267,-0.066477,-0.0711,-0.068986,-0.071729
-0.060428,-0.06339,-0.049199,-0.05969,-0.06903,-0.049513,-0.065098,-0.046766,-0.0041318,-0.0097528,-0.021339,-0.023333,-0.018498,0.0050888,0.0074244,0.029287,0.0028812,-0.023347,-0.034361,-0.057085,-0.056937,-0.027559,-0.0024249,-0.019466,-0.020565,0.0048706,-0.0026074,0.00099888,0.034845,0.048673,0.024757,0.024096,0.0019236,-0.011671,-0.0054545,0.018242,0.048396,0.046401,0.045574,0.031404,0.00074265,0.0047109,0.0038473,-0.018546,-0.074156,-0.11585,-0.061223,-0.075566,-0.051358,-0.065293,-0.083813
-0.048543,-0.076812,-0.062384,-0.048728,-0.060792,-0.039976,-0.034752,-0.042886,-0.03248,-0.011971,-0.016825,-0.0018414,-0.029868,0.0010632,0.024631,0.045669,0.001782,-0.032706,-0.04977,-0.048467,-0.019112,-0.012302,-0.030517,-0.034315,0.018719,0.014836,0.02619,0.022363,0.032138,0.02313,0.053282,0.021766,0.0085989,0.0075552,0.019421,0.030146,0.051138,0.039341,-0.018186,-0.0077213,-0.010765,0.011102,-0.026849,-0.022298,-0.0664,-0.062759,-0.056085,-0.11687,-0.086432,-0.070119,-0.04174
-0.061879,-0.067482,-0.049331,-0.037726,-0.051771,-0.061435,-0.055684,-0.071481,-0.023772,-0.035349,-0.04137,-0.023438,-0.0064408,-0.03238,0.0069435,0.0036081,-0.013259,-0.041047,-0.016707,-0.034209,-0.048388,-0.036771,-0.029171,-0.016864,-0.041446,-0.050549,-0.020446,0.0005521,0.049525,0.02817,0.031267,0.020206,-0.016322,0.043276,0.042698,0.010939,0.040559,0.033982,-0.0097512,-0.060135,-0.035394,-0.028494,-0.019989,-0.036917,-0.085399,-0.085482,-0.10962,-0.088409,-0.031102,-0.027266,-0.061302
-0.031787,-0.033246,-0.051731,-0.057336,-0.058894,-0.057168,-0.048976,-0.081395,0.01511,-0.028877,-0.021304,-0.036546,0.012827,0.010703,0.036936,0.010118,-0.019762,-0.024394,-0.021798,-0.017285,-0.03822,-0.03755,-0.028614,-0.029084,-0.023948,-0.033978,-0.003315,0.022334,0.065599,0.025155,0.048294,0.015036,0.0043564,0.038879,0.061616,0.0079893,0.015324,0.03105,0.00096235,-0.0057694,-0.032072,-0.031956,-0.041399,-0.012922,-0.078806,-0.073396,-0.078777,-0.090066,-0.069347,-0.047926,-0.06241
-0.00099567,-0.028117,-0.024743,-0.051543,-0.051566,-0.039114,-0.034151,-0.048808,-0.011106,-0.012316,-0.0011928,0.015001,0.00087037,-0.0057198,0.013741,0.026411,0.033348,0.025418,0.0081845,-0.058209,-0.032803,-0.04888,-0.020205,-0.03192,-0.020501,-0.04184,-0.029276,0.019235,0.047645,0.041093,0.052232,0.046465,0.017336,0.026741,0.061636,0.039257,0.052939,0.046893,0.013123,0.02244,-0.0095203,-0.0047332,-0.0072221,-0.0096115,-0.070824,-0.060345,-0.063616,-0.079553,-0.086755,-0.034691,-0.026686
-0.0058848,-0.0094351,-0.0067318,-0.025905,-0.036626,-0.046101,-0.033477,-0.023948,-0.014543,-0.015291,-0.0062209,0.035557,0.021955,-0.0051865,0.031738,0.025817,0.017433,-0.013347,8.8093e-05,-0.045957,-0.032042,-0.040411,-0.041872,-0.034883,-0.054806,-0.012534,-0.016909,-0.018599,0.055194,0.049499,0.011373,0.048183,0.030462,0.040861,0.033574,0.033446,0.064518,0.050491,0.038072,0.047883,0.028232,0.0026814,0.0086943,-0.028688,-0.049636,-0.038801,-0.086078,-0.095185,-0.084634,-0.054847,-0.017336
-0.038453,-0.026977,-0.054309,-0.011356,-0.016888,-0.045202,-0.050193,-0.021164,-0.0049238,-0.019995,0.014214,0.020845,-0.0051072,0.016525,0.0082777,-0.0228,-0.027855,-0.019821,-0.037984,-0.02266,-0.071265,-0.059554,-0.057237,-0.055305,-0.069224,-0.048139,-0.018402,-0.017249,0.035253,0.039627,0.017141,-0.0057415,0.0087717,0.023719,0.01859,0.041521,0.034079,0.059164,0.041395,0.024497,0.011796,0.0081838,-0.007021,-0.0056248,-0.061196,-0.089434,-0.086517,-0.075899,-0.050266,-0.064236,-0.044048
-0.015341,0.0042235,-0.0037391,-0.0072767,0.0041804,0.02691,-0.018575,0.0023004,0.028587,0.0056247,0.0081187,0.0029128,0.01486,0.016927,-0.025925,-0.03225,-0.041313,-0.047904,-0.056744,-0.025468,-0.025755,-0.043656,-0.032054,-0.036878,-0.085296,-0.021311,-0.015932,-0.034521,-0.027889,0.011502,-0.0036342,0.035212,0.03996,0.043975,0.06055,0.050336,0.035319,0.037739,0.044472,0.029199,0.0030489,0.033433,0.034545,-0.0056796,-0.0027589,-0.049512,-0.063532,-0.063617,-0.02943,-0.047864,-0.05044
-0.027374,0.014184,-0.0042747,-0.00074694,0.053197,0.019183,0.026945,0.010656,0.02573,-0.00080849,0.052144,0.01407,-0.012875,-0.025188,-0.029574,-0.038995,0.0057346,-0.033518,-0.075408,-0.046471,-0.032495,-0.01693,-0.063794,-0.01976,-0.032946,-0.0059516,-0.017104,-0.014448,-0.039579,0.006351,0.040914,0.046611,0.021401,0.0037588,0.025535,0.068506,0.038851,0.042456,0.045295,0.0047163,0.027854,0.042717,0.00038515,-0.016705,-0.0059178,-0.029724,-0.034607,-0.028748,-0.017027,-0.049215,-0.019204
0.0050421,0.008989,0.022639,-0.0021779,0.016407,-0.043219,-0.011576,0.024657,0.026576,-0.0065049,0.016554,0.0080159,-0.0011982,-0.014872,-0.037399,-0.076267,-0.061519,-0.087257,-0.10372,-0.097921,-0.063058,-0.047895,-0.044533,-0.0078531,-0.02512,-0.0068749,-0.018375,-0.062228,-0.025733,-0.025127,-0.021146,0.027553,0.0057019,0.012075,-0.011329,-0.012406,-0.0099763,0.032313,0.041556,0.02602,0.023112,0.02368,-0.018495,-0.0017927,-0.0016905,-0.012603,-0.062145,-0.016735,-0.042379,-0.061024,-0.065624
0.021519,-0.0007596,0.0011776,0.0055016,-0.010204,-0.032354,-0.027688,0.0077953,0.016347,-0.00042009,0.021517,-0.0029639,-0.021947,-0.020606,-0.035655,-0.076242,-0.061053,-0.090812,-0.080063,-0.093341,-0.08959,-0.048129,0.0017821,-0.037132,0.0079722,0.0017607,-0.042831,-0.060712,-0.05578,0.0020958,-0.013569,-0.010957,0.0086311,0.0044762,-0.023353,0.0095576,-0.034312,-0.012769,0.024709,0.028412,0.019533,0.0096435,-0.023831,0.019102,-0.017635,-0.027437,-0.036234,-0.03175,-0.051208,-0.034589,-0.088869
0.0092041,0.020525,0.019427,0.010968,0.001051,-0.0048178,0.0012315,0.00052881,-0.0027671,-0.029303,-0.0078548,0.013043,0.0067312,-0.035578,-0.045049,-0.0631,-0.061937,-0.049413,-0.062052,-0.073394,-0.05629,-0.0072615,0.01401,0.014735,-0.010361,0.0053063,-0.012371,-0.057797,-0.053861,-0.041593,-0.010175,-0.0083625,-0.0013222,0.021579,0.012466,-0.00095131,-0.0064898,0.0040077,-0.011985,0.043034,0.0061694,-0.01643,-0.025268,0.01342,-0.0049292,-0.0076199,-0.01854,-0.040566,-0.048156,-0.050998,-0.052412
-0.0066843,0.0048682,0.023259,-0.014177,-0.00062632,0.0025059,-0.026384,-0.038995,-0.03594,0.011884,-0.032493,0.031875,0.0069505,-0.045885,-0.092818,-0.058225,-0.046075,-0.072731,-0.054284,-0.023366,-0.027622,0.0011718,-0.0097978,-0.0078851,-0.019493,-0.025258,-0.036396,-0.058052,-0.028871,-0.02917,-0.0042648,-0.017697,-0.026756,-0.0090692,-0.0043392,0.018784,-0.0045217,-0.011357,-0.001292,0.012606,0.014201,-0.0072333,-0.007516,-0.015623,-0.039556,0.0051934,-0.031342,-0.061899,-0.032217,-0.0021637,-0.024789
-0.008029,-0.013946,-0.0095848,0.01639,-0.014904,-0.021833,-0.037657,-0.027693,-0.0060517,-0.0181,-0.028868,0.013857,0.016177,-0.017657,-0.049842,-0.066933,-0.083245,-0.045516,-0.057578,-0.0035904,-0.017767,-0.007031,-0.0054623,0.015295,-0.0075876,-0.011646,-0.020582,-0.0099797,-0.0036415,-0.031446,-0.020309,-0.013067,-0.026056,0.011482,0.014125,-0.052181,-0.042846,-0.0087761,-0.017297,-0.010675,0.011104,-0.007855,0.022479,0.017967,-0.021823,-0.044622,-0.059616,-0.07943,-0.05888,-0.042008,-0.047966
-0.014985,-0.040384,-0.039866,-0.0062024,-0.018496,-0.039381,-0.072581,-0.076439,-0.040063,-0.047903,-0.026794,-0.036557,-0.05415,-0.076064,-0.05955,-0.067045,-0.091994,-0.060598,-0.063261,-0.045928,-0.066256,-0.038877,-0.03711,-0.038144,-0.029708,-0.026167,-0.035777,-0.040008,-0.044648,-0.03653,-0.019323,-0.041507,-0.051888,-0.037193,-0.018378,-0.054461,-0.046097,-0.040105,-0.060167,-0.046976,-0.036934,-0.0312,-0.032847,-0.031543,-0.052094,-0.068205,-0.078022,-0.082195,-0.064135,-0.070621,-0.07697
-0.0015069,-0.035345,0.0080019,-0.013148,-0.029677,-0.06328,-0.055565,-0.061714,-0.060095,-0.0052296,-0.01459,0.0078938,-0.065251,-0.077514,-0.049233,-0.099514,-0.083162,-0.079479,-0.068032,-0.090751,-0.034116,-0.042506,-0.031719,-0.037316,-0.018333,-0.017927,-0.013659,-0.033003,-0.019719,-0.026212,-0.0057197,0.018036,-0.038538,-0.057983,-0.070376,-0.074632,-0.062796,-0.046008,-0.058874,-0.039884,-0.043253,-0.034087,-0.0095334,-0.022605,-0.085328,-0.045969,-0.0844,-0.076039,-0.097866,-0.093639,-0.061868
-0.025352,-0.017586,0.004525,-0.018619,0.02036,-0.032797,-0.057598,-0.05532,-0.016198,-0.034396,-0.013153,-0.045169,-0.035342,-0.071727,-0.04429,-0.058695,-0.05024,-0.070133,-0.054125,-0.055553,-0.036112,-0.063221,-0.043666,-0.023917,-0.01851,-0.016173,-0.011795,-0.034538,0.006722,0.0048018,-0.010947,0.011357,-0.006458,-0.013372,-0.041057,-0.055443,-0.041658,-0.025749,-0.07076,-0.054289,-0.062917,-0.036806,-0.027161,-0.031483,-0.065797,-0.067881,-0.079929,-0.070283,-0.093272,-0.067976,-0.039458
-0.032224,-0.0074801,0.019914,0.011077,0.013289,0.0093656,-0.02529,-0.059679,2.9954e-05,-0.049513,-0.029597,-0.056283,-0.01101,-0.041551,-0.027022,-0.05532,-0.05621,-0.066227,-0.060141,-0.027102,-0.050791,-0.06243,-0.01424,-0.029137,-0.01632,-0.018675,-0.025922,-0.0058699,-0.0027385,-0.0020127,-0.03056,-0.0093589,0.022973,0.0067071,0.0031745,-0.0053131,-0.041548,-0.024421,-0.035289,-0.058432,-0.072053,-0.033844,-0.0066261,-0.021593,-0.046058,-0.053128,-0.056283,-0.075056,-0.065551,-0.055164,-0.071927
