-0.03103,-0.03103,-0.025715,-0.010514,0.0076566,0.013512,0.010982,0.0047908,-0.0025799,-0.015632,-0.017999,-0.0024503,-0.0014289,0.0091912,-0.00113,-0.0024001,-0.011682,-0.0025293,-0.0019301,0.0098792,0.01671,0.019627,0.0072532,0.016147,0.016218,0.027537,0.027567,0.027248,0.019938,0.021334,0.028627,0.033064,0.033196,0.027722,0.02341,0.028873,0.025117,0.020398,0.0042857,0.00072826,0.00029396,0.0058872,0.021008,0.025899,0.045863,0.0682,0.074833,0.066578,0.058712,0.047748,0.058366
-0.020828,-0.036096,-0.023789,-0.013441,-0.0033186,0.0026228,0.0032226,0.0013695,-0.0090882,-0.012399,-0.014284,-0.0093908,-0.0050033,0.0019712,-0.00082791,-0.0058354,-0.0046281,0.011057,0.0027254,0.0094349,0.0096387,0.0083659,-0.000499,3.9141e-05,-0.0039208,0.00098937,0.011397,0.023226,0.028256,0.031717,0.027809,0.028396,0.025123,0.024342,0.018841,0.023111,0.033168,0.02068,0.014193,0.015079,0.0082182,0.016045,0.030111,0.038087,0.046972,0.068902,0.074517,0.064143,0.064758,0.057554,0.060347
-0.0078446,-0.023012,-0.023765,-0.017913,-0.0061533,-0.0016052,-0.010111,-0.0043802,-0.0068046,-0.014515,-0.018558,-0.01346,-0.0044864,0.0024258,0.00755,-0.0013153,0.0070711,0.019363,0.021157,0.0070591,0.00047328,-0.001495,-0.011493,-0.013906,-0.0050525,-0.0046228,0.0044238,0.02193,0.027352,0.032253,0.027752,0.032848,0.029917,0.02882,0.024708,0.017364,0.019089,0.024855,0.031107,0.028835,0.021053,0.023291,0.037783,0.052093,0.062874,0.078371,0.075039,0.067653,0.067283,0.062153,0.064941
-0.015671,-0.020588,-0.022619,-0.023643,-0.012412,-0.016579,-0.013802,-0.019602,-0.009185,-0.015892,-0.015418,-0.013394,-0.0033647,-0.0028332,-0.0058083,0.006933,0.022772,0.023023,0.011046,-0.0035537,-0.016069,-0.021052,-0.013367,-0.012783,-0.0178,-0.008692,-0.00024932,0.00931,0.0191,0.017431,0.029858,0.025746,0.027871,0.027635,0.013625,0.0070589,0.00885,0.015727,0.016339,0.027894,0.025682,0.032559,0.047357,0.052514,0.059607,0.070571,0.074664,0.069792,0.064578,0.071362,0.066935
-0.009239,-0.016013,-0.025332,-0.032666,-0.028452,-0.024521,-0.018662,-0.0046467,-0.00061438,-0.0061087,-0.0042835,0.00048268,-0.00062604,-0.0052704,-0.0059766,0.007819,0.021802,0.013747,0.0118,-0.00066944,-0.017112,-0.016823,-0.01591,-0.018943,-0.0092591,-0.00025063,0.0053954,0.015904,0.012798,0.016717,0.021123,0.028489,0.02338,0.016549,0.0099022,0.0024683,0.0085455,0.019933,0.020066,0.02204,0.03352,0.035699,0.040824,0.051366,0.062487,0.073811,0.074759,0.076089,0.074125,0.078901,0.080097
-0.011585,-0.025185,-0.02468,-0.02624,-0.027146,-0.030472,-0.022981,0.00028383,0.0033124,0.01492,0.011964,0.0051117,0.0033055,0.0032106,0.0019005,0.010116,0.013055,0.01313,0.0031567,0.0031631,-0.012593,-0.0088821,-0.0040333,-0.0069607,0.0037249,0.013013,0.0049349,0.014199,0.022435,0.022462,0.019583,0.021571,0.0065707,0.015672,0.01606,0.01026,0.01814,0.018574,0.018698,0.021221,0.026509,0.038651,0.046156,0.060409,0.063958,0.064194,0.075844,0.078818,0.08482,0.08673,0.085242
-0.0091546,-0.021486,-0.02318,-0.020994,-0.028653,-0.032619,-0.018235,-0.0062911,0.0022933,0.011751,0.012,0.0066342,0.0098008,0.028902,0.013167,0.016737,0.011303,0.0046485,-0.0047114,0.0015696,-0.0104,-0.00031371,-0.0077463,-0.00046592,0.01431,0.026134,0.011536,0.012958,0.016571,0.019558,0.021,0.016002,0.010309,0.0094781,0.014021,0.011333,0.0045204,0.013872,0.011039,0.01726,0.02197,0.031519,0.057729,0.071485,0.066997,0.063173,0.070303,0.067333,0.065824,0.073552,0.07832
-0.015525,-0.013898,-0.020873,-0.030147,-0.041276,-0.042628,-0.037655,-0.017076,-0.009629,0.0052081,0.010377,0.01393,0.0093134,0.010507,0.0079246,0.014184,0.016033,0.0038113,-0.0090733,-0.010597,-0.0068411,-0.0032678,-0.0076198,-0.0032573,0.010078,0.025709,0.0068402,0.01506,0.017181,0.017767,0.01983,0.017806,-0.0052926,-0.0061697,0.00038317,0.0044535,0.0031009,0.0070177,0.0071194,0.010817,0.019982,0.035209,0.053244,0.055442,0.053487,0.049177,0.05518,0.055615,0.045838,0.04442,0.044245
-0.0092666,-0.009067,-0.011866,-0.029987,-0.041624,-0.041477,-0.029981,-0.01249,-0.0031397,0.0060489,0.014941,0.015612,0.018312,0.0060224,0.0036616,0.012674,0.01677,0.0014053,-0.0087575,0.0029578,9.5868e-05,-0.0010281,0.0027186,0.0088646,0.024127,0.026816,0.026176,0.015391,0.010569,0.021089,0.016178,0.010497,-0.0020211,-0.0011564,-0.0033637,-0.00052998,0.0077092,0.017443,0.01929,0.02849,0.023833,0.027572,0.035835,0.046428,0.041121,0.041178,0.040282,0.030233,0.032131,0.020827,0.019937
-0.019885,-0.018911,-0.020631,-0.030234,-0.026074,-0.032752,-0.028113,-0.011932,0.0042015,0.0034802,0.012806,0.017302,0.009823,-0.0060299,0.00047652,0.0040333,0.0046338,-0.00027975,-0.0043345,-0.0069847,-0.0010045,0.0041229,0.015383,0.02222,0.030384,0.030473,0.020373,0.014271,0.019798,0.027253,0.020057,0.0021873,-0.0065747,0.0019957,0.0021786,-0.0057231,0.00059434,0.016996,0.027427,0.033313,0.023511,0.02046,0.024614,0.029102,0.023958,0.01395,-0.0016042,0.0086704,0.012091,0.0018098,-0.0059929
-0.013653,-0.015434,-0.020517,-0.027321,-0.024375,-0.018038,-0.0065219,0.0017569,0.0020191,-7.8495e-05,0.0077751,0.015877,0.0098809,0.00046607,-0.0042166,-0.0071777,0.00044272,-0.0011399,-0.0033343,-0.0072059,0.010499,0.01188,0.015453,0.021732,0.027435,0.036079,0.035727,0.035222,0.037408,0.044185,0.03321,0.011601,0.0040292,0.0025521,-0.0041818,-0.0057316,-0.0018492,0.017662,0.031284,0.034906,0.015155,0.0036992,0.01634,0.016091,0.010643,0.0043193,-0.01381,-0.014043,-0.015313,-0.014273,-0.018232
-0.0095484,-0.013542,-0.0095331,-0.019703,-0.01478,-0.003467,0.0068641,0.0084336,-0.0012209,-0.0031894,0.0084136,0.014753,0.0065545,-0.0034643,-0.010331,-0.0089678,-0.0024568,0.005198,-0.014267,-0.0026206,0.011031,0.021492,0.013533,0.016577,0.025709,0.02917,0.041612,0.053886,0.063264,0.062753,0.046067,0.028344,0.0082089,-0.0062405,-0.0076333,-0.0020577,0.0010721,0.0062989,0.013389,0.017369,-0.0027856,-0.0042875,0.0040235,0.00066145,-0.0096124,-0.0095106,-0.018709,-0.030915,-0.025932,-0.032047,-0.024578
-0.0078355,-0.010695,-0.0097046,-0.012173,-0.0021413,0.0064822,0.0071273,0.01478,4.4714e-05,-0.0019874,-0.0039096,0.0047654,0.0059305,0.0033701,-0.0041299,-0.0075332,-0.011184,-0.0030447,-0.010087,0.0070851,0.014923,0.01961,0.013345,0.023023,0.030641,0.043267,0.045846,0.064782,0.069895,0.071353,0.056516,0.047446,0.02414,0.0089148,0.00035841,-0.0081141,-0.0067013,-0.0078903,0.0026144,-0.0015809,-0.01435,-0.016779,-0.0094588,-0.010465,-0.014661,-0.02069,-0.03153,-0.041332,-0.039931,-0.040368,-0.032858
0.0033607,-0.0059147,-0.0099641,0.0035946,0.0069338,0.0030609,-0.0015598,0.0060793,0.01047,0.012334,0.0063006,0.0057514,0.002357,0.0087644,-0.0075477,-0.0051851,-0.0025538,-0.0020653,0.0052629,0.020744,0.016785,0.02028,0.025832,0.034693,0.036627,0.054171,0.054789,0.061156,0.064767,0.078304,0.068425,0.04984,0.035955,0.025724,0.0098048,-0.0011812,-0.011267,-0.0062384,-0.01499,-0.015135,-0.019677,-0.029448,-0.021351,-0.028645,-0.02857,-0.032681,-0.031031,-0.03318,-0.035635,-0.045113,-0.041393
0.021242,0.011496,0.0011708,-0.0021659,0.0074854,-0.0047793,-0.0055948,0.012092,0.016351,0.014646,0.01369,0.011799,0.010449,0.0047943,-0.0028128,-0.00066189,0.0022668,0.014592,0.02364,0.03827,0.030583,0.034657,0.037864,0.03452,0.046301,0.068519,0.065277,0.060042,0.059221,0.060645,0.068299,0.067377,0.050413,0.039017,0.02216,0.0038859,-0.0014169,-0.0013127,-0.014703,-0.02485,-0.025689,-0.027137,-0.041972,-0.046183,-0.036023,-0.03386,-0.02431,-0.023432,-0.037043,-0.050554,-0.043509
0.025487,0.0026021,0.0020893,-0.0020809,-0.0047647,-0.013012,-0.013451,-0.0038015,-0.0053298,0.0028478,0.0064003,-0.0019867,0.00414,0.0037665,-0.0033149,-0.00015425,0.02012,0.018725,0.026742,0.0396,0.030955,0.032053,0.037407,0.032246,0.045764,0.051854,0.052743,0.052821,0.047347,0.053005,0.055799,0.067256,0.058704,0.040115,0.027026,0.0061339,-0.0041015,-0.02242,-0.036603,-0.041994,-0.034959,-0.036884,-0.045582,-0.050243,-0.057808,-0.043254,-0.034938,-0.037093,-0.052444,-0.050933,-0.050381
0.030504,0.011829,-0.00010859,-0.0053799,-0.0037004,-0.016403,-0.012835,-0.012566,-0.012152,-0.011914,-0.0079035,-0.01147,0.002956,0.014439,0.0066914,0.0033682,0.016427,0.029403,0.037545,0.039269,0.03477,0.02512,0.025778,0.022497,0.037496,0.044712,0.039905,0.051727,0.059656,0.041861,0.051827,0.064293,0.059924,0.047503,0.028605,0.0050114,-0.022751,-0.033493,-0.044817,-0.045766,-0.056189,-0.052303,-0.049996,-0.050872,-0.051175,-0.04818,-0.043778,-0.050242,-0.062466,-0.053298,-0.052801
0.039418,0.015832,0.00067106,-0.0015569,0.0031302,0.00058786,-0.0026319,-0.0024987,-0.0031094,-0.0061759,-0.0045003,-0.0046462,0.0021947,0.0089581,0.0015788,0.0043108,0.02451,0.039691,0.048409,0.045717,0.035468,0.035817,0.028508,0.024345,0.032396,0.042331,0.047372,0.063124,0.064865,0.061349,0.059605,0.061624,0.062219,0.053053,0.038976,0.013212,-0.015068,-0.024837,-0.037996,-0.043956,-0.051962,-0.056487,-0.052174,-0.054814,-0.056612,-0.049814,-0.047664,-0.04829,-0.05264,-0.046444,-0.045986
0.03916,0.021503,0.013174,0.0078819,0.015141,0.027368,0.024375,0.030404,0.011873,0.0042749,-0.0010145,0.0076555,0.011836,0.001751,0.00082051,0.0088788,0.026295,0.044595,0.045693,0.050772,0.038833,0.040001,0.039442,0.033326,0.035284,0.055321,0.065635,0.07072,0.061201,0.067411,0.065054,0.073499,0.071496,0.071921,0.042109,0.012915,0.0031653,-0.014887,-0.028236,-0.031905,-0.041583,-0.049422,-0.055736,-0.060692,-0.060028,-0.053606,-0.048123,-0.051433,-0.042854,-0.041545,-0.03093
0.030226,0.030661,0.025923,0.02774,0.0395,0.044026,0.0364,0.037283,0.029769,0.015006,0.0081573,0.01789,0.0093844,0.001972,0.0034978,0.021009,0.026651,0.044822,0.046777,0.046213,0.037518,0.038884,0.034334,0.042961,0.052916,0.062045,0.069154,0.07739,0.070135,0.075053,0.076275,0.079845,0.07729,0.075634,0.052152,0.027901,0.0060986,0.0001442,-0.018225,-0.021215,-0.031834,-0.044653,-0.054899,-0.065027,-0.058411,-0.053248,-0.04842,-0.045864,-0.031362,-0.042962,-0.035087
0.039189,0.0344,0.041717,0.044817,0.048294,0.0514,0.047452,0.041772,0.038011,0.029281,0.014393,0.015972,0.013255,0.015905,0.012024,0.019224,0.031833,0.047017,0.05087,0.054281,0.051272,0.034705,0.026935,0.043508,0.053723,0.070883,0.073017,0.083232,0.080445,0.087763,0.089029,0.083647,0.081091,0.075982,0.056323,0.034327,0.021678,0.012264,0.0063767,0.0016709,-0.025506,-0.051838,-0.047079,-0.058152,-0.061032,-0.046538,-0.042098,-0.036385,-0.038816,-0.039282,-0.045592
0.037343,0.035402,0.05005,0.051525,0.062059,0.060292,0.051527,0.042708,0.028596,0.020429,0.016694,0.017089,0.02348,0.022629,0.030178,0.029982,0.034633,0.046326,0.0417,0.045444,0.053428,0.049444,0.032896,0.036724,0.061303,0.06857,0.070675,0.071697,0.07598,0.082853,0.086501,0.084534,0.072584,0.06691,0.065067,0.052857,0.036567,0.022944,0.011884,-0.00041105,-0.027104,-0.038762,-0.043106,-0.050053,-0.06068,-0.049556,-0.040844,-0.043192,-0.048134,-0.05534,-0.051008
0.040738,0.037492,0.052561,0.055658,0.057858,0.058059,0.058564,0.044732,0.024971,0.011646,0.019269,0.027826,0.038938,0.039467,0.043523,0.041302,0.042888,0.038595,0.037909,0.051794,0.061278,0.060589,0.051907,0.046087,0.064573,0.074161,0.074917,0.068588,0.070949,0.076958,0.079614,0.077098,0.070514,0.070518,0.073012,0.067433,0.060124,0.046805,0.020398,0.0045077,-0.022095,-0.036806,-0.039036,-0.042337,-0.050799,-0.042579,-0.040848,-0.044368,-0.048971,-0.057199,-0.049925
0.037809,0.040849,0.044188,0.052318,0.058697,0.04948,0.050819,0.044487,0.029578,0.023035,0.028123,0.036582,0.043905,0.042976,0.04228,0.05008,0.047434,0.037879,0.047993,0.059606,0.065742,0.061292,0.060971,0.061358,0.064374,0.078971,0.065542,0.066135,0.070081,0.074327,0.070105,0.059078,0.057719,0.068644,0.077291,0.072949,0.068546,0.059169,0.036263,0.0087395,-0.018447,-0.046029,-0.050133,-0.046929,-0.043607,-0.044275,-0.042682,-0.032698,-0.03966,-0.037067,-0.04578
0.028717,0.036545,0.03823,0.041226,0.048309,0.044818,0.036459,0.034676,0.024591,0.016264,0.020551,0.032944,0.038973,0.042596,0.036225,0.047974,0.051692,0.04519,0.040867,0.055247,0.047216,0.055877,0.057969,0.059121,0.069964,0.073787,0.060279,0.057114,0.057695,0.059149,0.054472,0.054081,0.050027,0.063158,0.072445,0.060177,0.044917,0.049881,0.031868,0.0044422,-0.030328,-0.05605,-0.059975,-0.052752,-0.045477,-0.048526,-0.042374,-0.035773,-0.028953,-0.036398,-0.026848
0.024204,0.035323,0.043774,0.042165,0.041371,0.037577,0.033251,0.032858,0.0053994,0.014015,0.019414,0.026726,0.037398,0.042756,0.037739,0.05653,0.069811,0.063152,0.037732,0.042891,0.035443,0.046645,0.05369,0.057186,0.065372,0.077754,0.064702,0.06098,0.057004,0.059205,0.053724,0.058678,0.052073,0.061336,0.060421,0.048633,0.038714,0.026498,0.01745,-0.006448,-0.037082,-0.054764,-0.056284,-0.04719,-0.044402,-0.041542,-0.023241,-0.023911,-0.023089,-0.016726,-0.0093808
0.022763,0.034881,0.040467,0.039298,0.034145,0.031197,0.035229,0.035358,0.020472,0.013344,0.022232,0.027911,0.021406,0.036869,0.037646,0.056137,0.071656,0.070098,0.054278,0.04558,0.036019,0.045454,0.04182,0.046716,0.060528,0.072772,0.061329,0.072085,0.070339,0.062858,0.055992,0.055472,0.05032,0.044854,0.048019,0.040515,0.028519,0.02683,0.01224,-0.011575,-0.03563,-0.054891,-0.054836,-0.051654,-0.040932,-0.030981,-0.023034,-0.0054943,0.00016445,0.0093376,0.016952
0.0069209,0.016766,0.029603,0.036401,0.039647,0.032121,0.034348,0.032516,0.022937,0.013724,0.011907,0.0057799,0.013989,0.029319,0.03822,0.050607,0.06174,0.06107,0.050214,0.046565,0.038925,0.034214,0.044444,0.052143,0.06005,0.066926,0.062355,0.061148,0.064476,0.058066,0.050688,0.042147,0.042576,0.049487,0.043301,0.044171,0.0351,0.024142,0.0037294,-0.011346,-0.042357,-0.05075,-0.049426,-0.044007,-0.037417,-0.032829,-0.020543,-0.0065296,0.01304,0.029839,0.038751
0.010873,0.014847,0.025989,0.029479,0.040621,0.037998,0.02038,0.026607,0.024188,0.0080381,-0.0032899,-0.0073758,0.0056568,0.014099,0.034489,0.038142,0.053727,0.047014,0.042719,0.038515,0.033209,0.032108,0.039197,0.043375,0.055411,0.056362,0.058998,0.052391,0.042603,0.051041,0.043797,0.040464,0.03589,0.040946,0.043399,0.041737,0.037983,0.020632,-0.00011408,-0.021766,-0.039599,-0.040247,-0.039524,-0.038041,-0.037864,-0.023852,-0.017878,-0.00078213,0.0173,0.029215,0.046312
0.019727,0.031352,0.035323,0.0309,0.038094,0.026397,0.01498,0.01746,0.023208,0.0030149,-0.01077,-0.015112,-0.010185,-0.0043271,0.012721,0.025464,0.039156,0.043552,0.036244,0.029495,0.027905,0.023664,0.027706,0.032991,0.039092,0.047944,0.052983,0.047292,0.039241,0.040464,0.047155,0.043086,0.036467,0.036209,0.033592,0.038805,0.039426,0.025555,-0.0014234,-0.018904,-0.034092,-0.029586,-0.029122,-0.036455,-0.029763,-0.0091776,0.0012995,0.013797,0.022069,0.025666,0.037338
0.026788,0.035805,0.04561,0.052471,0.044924,0.026866,0.016561,0.013588,0.011186,-2.7026e-05,-0.015093,-0.024384,-0.029833,-0.014983,-0.0054791,0.0078238,0.016608,0.025229,0.022116,0.015441,0.014597,0.013301,0.02023,0.035794,0.040322,0.044345,0.041936,0.03826,0.033463,0.039978,0.042726,0.044927,0.047719,0.044016,0.034129,0.0399,0.035437,0.022217,-0.0028954,-0.011015,-0.023179,-0.02727,-0.018579,-0.020976,-0.011155,0.0094839,0.01862,0.019441,0.025527,0.0269,0.031174
0.043061,0.046484,0.062724,0.069466,0.06609,0.053545,0.03345,0.033801,0.016923,0.0049147,-0.014626,-0.021217,-0.029132,-0.020187,-0.013707,-0.013237,-0.0079468,0.012577,0.0060931,0.0060267,0.005277,0.021616,0.027546,0.043784,0.052099,0.051161,0.03924,0.045286,0.043194,0.044235,0.041928,0.058924,0.056285,0.0552,0.052942,0.041443,0.038181,0.025501,0.015648,-0.0012782,-0.013803,-0.014938,-0.0035738,0.0059869,0.018306,0.034997,0.036419,0.034635,0.040128,0.03588,0.041762
0.0511,0.053118,0.059718,0.067443,0.072678,0.067105,0.060375,0.047169,0.024844,0.013268,-0.0089254,-0.026418,-0.031149,-0.036061,-0.051017,-0.040656,-0.029449,-0.0106,-0.014878,0.001374,0.0069664,0.029159,0.034755,0.042143,0.041204,0.047249,0.049104,0.053119,0.056802,0.056293,0.053531,0.055342,0.051127,0.051216,0.05031,0.048694,0.045467,0.038363,0.024019,0.012593,-0.0045473,-0.0077732,0.0061878,0.020807,0.029535,0.045852,0.062278,0.047255,0.049165,0.051821,0.058369
0.043949,0.054679,0.054356,0.067442,0.078328,0.08376,0.074566,0.055426,0.029284,-0.0029442,-0.02569,-0.030522,-0.039721,-0.051723,-0.069841,-0.061775,-0.046259,-0.042912,-0.026384,-0.011289,0.0039971,0.024423,0.036666,0.035065,0.032683,0.044158,0.043555,0.05682,0.057214,0.051276,0.049873,0.051161,0.043307,0.045434,0.047388,0.040433,0.037429,0.04357,0.023781,0.00898,0.0030344,-0.0025,0.015283,0.030277,0.046916,0.056418,0.058972,0.05656,0.051503,0.053339,0.061442
0.037555,0.040635,0.052384,0.068524,0.086758,0.078161,0.069679,0.049101,0.014465,-0.013971,-0.033902,-0.05069,-0.052365,-0.067671,-0.073979,-0.064463,-0.055769,-0.051946,-0.031573,-0.0105,-0.0023065,0.009014,0.023556,0.024019,0.028825,0.037366,0.037277,0.045012,0.05564,0.056137,0.051784,0.045381,0.035804,0.040563,0.038298,0.023915,0.026422,0.026891,0.021552,0.014762,0.015531,0.01511,0.020496,0.046773,0.057928,0.058214,0.05906,0.05786,0.053017,0.057373,0.052106
0.045207,0.037554,0.055749,0.064912,0.068496,0.062285,0.057061,0.038752,0.011135,-0.019439,-0.036072,-0.057874,-0.066779,-0.072365,-0.077217,-0.070978,-0.050781,-0.03901,-0.021705,0.001083,0.00011617,0.0074932,0.0083859,0.0044909,0.027519,0.036052,0.038843,0.040403,0.051622,0.05408,0.052368,0.04655,0.033995,0.032081,0.028047,0.015193,0.01759,0.028738,0.031055,0.035202,0.028133,0.025566,0.032555,0.051308,0.054434,0.063375,0.070285,0.069003,0.063062,0.051459,0.049127
0.028304,0.037048,0.045255,0.050082,0.05203,0.046303,0.037071,0.023594,-0.0044245,-0.024254,-0.043819,-0.061719,-0.078351,-0.083324,-0.086435,-0.072279,-0.05076,-0.036886,-0.02144,-0.012255,0.0057594,0.0086745,-0.0019961,-0.00017046,0.020994,0.038051,0.022545,0.025793,0.027002,0.027666,0.037385,0.036802,0.021674,0.020965,0.021559,0.020078,0.014828,0.020062,0.030811,0.033134,0.030618,0.032155,0.038287,0.037656,0.038871,0.050006,0.0683,0.071766,0.053464,0.048868,0.040286
0.028393,0.028429,0.03774,0.03713,0.030976,0.032756,0.02741,0.0093306,-0.011196,-0.03683,-0.051293,-0.06085,-0.075615,-0.073908,-0.083815,-0.069052,-0.051598,-0.038545,-0.029101,-0.0002353,0.0057299,0.0076082,-0.005251,0.0051946,0.021605,0.033437,0.023717,0.017886,0.011416,0.018334,0.026043,0.02791,0.028487,0.029835,0.024918,0.022403,0.017865,0.018645,0.026174,0.039852,0.030968,0.029014,0.042207,0.039241,0.033987,0.046952,0.05889,0.058671,0.057111,0.047618,0.047737
0.035734,0.035031,0.03034,0.021248,0.022271,0.017827,-0.0023952,-0.0031991,-0.024038,-0.043911,-0.055502,-0.054935,-0.067165,-0.079552,-0.074693,-0.063845,-0.058585,-0.039082,-0.026985,-0.0044612,-0.0021495,-0.0029608,-0.012733,-0.0026846,0.011605,0.019906,0.01611,0.016776,0.014482,0.02374,0.020102,0.020281,0.015918,0.034982,0.029929,0.020294,0.013906,0.011682,0.020985,0.02571,0.019349,0.026258,0.026746,0.033333,0.04014,0.039531,0.046171,0.051699,0.066799,0.043179,0.035861
0.057663,0.049867,0.035801,0.023229,0.012792,0.011564,-0.0026091,-0.011015,-0.02998,-0.050752,-0.055128,-0.04495,-0.053913,-0.060999,-0.064861,-0.060182,-0.045577,-0.037206,-0.02205,-0.010553,-0.0049589,-0.0062419,-0.010193,-0.0047029,0.0028,0.022508,0.026514,0.022789,0.01453,0.029555,0.026288,0.023404,0.032728,0.050648,0.037678,0.023066,0.015126,0.014728,0.016763,0.023478,0.018704,0.014769,0.028424,0.034032,0.039845,0.045105,0.044378,0.052332,0.058209,0.042185,0.03333
0.059444,0.058513,0.044824,0.02473,0.018643,0.005403,0.0017187,-0.019251,-0.031644,-0.048973,-0.042117,-0.03679,-0.042491,-0.050404,-0.058768,-0.048968,-0.032285,-0.019565,-0.021902,-0.020831,-0.0085226,-0.0037946,-0.0047427,0.0023943,0.010741,0.023802,0.028568,0.02482,0.025737,0.024609,0.034514,0.03825,0.050048,0.058064,0.049959,0.035738,0.018946,0.018676,0.020682,0.028991,0.022071,0.025006,0.031842,0.030921,0.029929,0.039304,0.043491,0.050196,0.049692,0.041936,0.031489
0.065524,0.054996,0.043194,0.021835,0.0097381,-0.0017987,-0.0095513,-0.016909,-0.03216,-0.037276,-0.035021,-0.037678,-0.038662,-0.046957,-0.050997,-0.052315,-0.030804,-0.01737,-0.013452,-0.011008,-0.0053341,-0.011666,-0.012668,-0.004351,0.015074,0.019349,0.02128,0.023226,0.025093,0.021626,0.023142,0.045572,0.049731,0.050808,0.047453,0.033075,0.024715,0.025568,0.040642,0.042448,0.027472,0.019472,0.014689,0.018262,0.015762,0.031268,0.035645,0.037161,0.037725,0.033616,0.023772
0.051169,0.03395,0.025782,0.019634,0.0056059,-0.013881,-0.0234,-0.031563,-0.039827,-0.040385,-0.04279,-0.050338,-0.047117,-0.045849,-0.05419,-0.049463,-0.029966,-0.02138,-0.014974,-0.0061168,-0.013534,-0.01777,-0.01373,-0.0069814,-0.0015715,0.0062487,0.007415,0.0086274,0.01641,0.017712,0.01609,0.028321,0.033958,0.037092,0.037037,0.031459,0.031565,0.035487,0.039729,0.041577,0.030175,0.016309,0.0097758,0.0065194,-0.0021066,0.0083131,0.017807,0.018351,0.018313,0.013313,0.0019879
0.052601,0.041823,0.017018,0.016876,0.017414,-0.0074165,-0.018977,-0.026726,-0.035954,-0.049196,-0.052657,-0.047211,-0.039658,-0.028132,-0.035805,-0.025988,-0.02565,-0.014824,-0.0040331,0.0043795,-0.0041286,-0.0011213,-0.0097886,-0.014036,-0.015433,0.00927,0.0067967,0.0076328,0.014776,0.015432,0.026894,0.032405,0.027393,0.027235,0.029003,0.029599,0.033111,0.05026,0.043475,0.038258,0.041766,0.036128,0.021071,0.0092089,0.0097357,0.005712,0.010804,0.0077605,0.0005205,-0.0054824,-3.8187e-05
0.056812,0.034438,0.019898,0.025811,0.015029,-0.001447,-0.023213,-0.024916,-0.041016,-0.04378,-0.049932,-0.042781,-0.034068,-0.01852,-0.025721,-0.018946,-0.008794,-0.008915,-0.0010328,0.012326,0.00044001,0.0017956,-0.0024238,-0.013654,-0.020437,-0.00076434,0.004077,0.013278,0.015985,0.030099,0.024606,0.029053,0.013644,0.013788,0.016242,0.024624,0.042564,0.047712,0.038816,0.033293,0.042515,0.038411,0.032343,0.020958,0.013386,0.013425,0.018053,0.0077451,-0.0017513,-0.013762,-0.0063394
0.053547,0.036067,0.025698,0.019963,0.019983,1.1449e-05,-0.01463,-0.015115,-0.025324,-0.028639,-0.035855,-0.03842,-0.027448,-0.014837,-0.020837,-0.018594,-0.018388,-0.0032748,0.0034337,0.021891,0.01361,0.010391,-0.0006105,-0.0026608,-0.00033974,0.0024804,0.0014427,0.013782,0.023297,0.020236,0.020477,0.027011,0.010474,0.0074887,0.010671,0.020208,0.035,0.042678,0.04888,0.042692,0.035443,0.035964,0.025623,0.026898,0.026715,0.025477,0.027591,0.010432,0.0043248,0.0003238,0.0032319
0.047158,0.032597,0.032516,0.029206,0.019452,0.0065335,-0.0034622,-0.012742,-0.0096527,-0.018755,-0.0204,-0.025234,-0.029393,-0.016619,-0.026609,-0.026618,-0.0099805,-0.00342,0.00099158,0.0042312,0.007953,0.017086,0.015732,0.016046,0.014024,0.0057507,-0.0038138,0.0063302,0.012633,0.0073719,0.011358,0.012051,0.0098539,0.004958,0.0065956,0.014662,0.020433,0.02938,0.033068,0.036175,0.027491,0.025078,0.034749,0.030111,0.02477,0.032974,0.029845,0.024366,0.013859,0.01413,0.011194
0.062404,0.055193,0.043789,0.025517,0.015124,0.0074559,0.001399,-0.0002003,-0.0058474,-0.011179,-0.011748,-0.014821,-0.015107,-0.022758,-0.026168,-0.024104,-0.0042519,0.00097899,0.0060818,0.00040868,0.013455,0.018542,0.02232,0.016739,0.013969,0.014203,0.011209,0.0078892,0.0043533,0.0077089,0.013921,0.011993,0.0093242,0.012067,-0.0010555,0.0022033,0.013172,0.018068,0.02656,0.029387,0.020373,0.024205,0.031426,0.038902,0.042993,0.051851,0.049459,0.037051,0.02428,0.024185,0.017252
0.076676,0.067265,0.058177,0.033139,0.023509,0.014656,0.0012227,0.0010935,0.0067239,-0.012223,-0.0077157,-0.0044587,-0.013974,-0.027912,-0.020068,-0.011141,0.0038231,0.012566,0.010221,0.010431,0.0079105,0.020697,0.022503,0.015886,0.016129,0.005195,0.0090452,0.0084669,0.011104,0.016501,0.014826,0.0075601,0.0023013,0.010074,0.0031892,-0.0028965,0.005968,0.011319,0.012181,0.01814,0.014362,0.027764,0.037058,0.053134,0.059433,0.063284,0.050837,0.045657,0.049819,0.026305,0.023854
0.089868,0.081772,0.066435,0.048933,0.035097,0.027714,0.019011,0.017647,0.010932,0.0001803,-0.010286,-0.0078948,-0.0079278,-0.0096314,-0.0062542,0.0070114,0.015065,0.015393,0.020849,0.025275,0.027185,0.020976,0.018719,0.025847,0.017879,0.015867,0.0099483,0.01326,0.01279,0.02387,0.02132,0.012306,0.010665,0.02198,0.0091976,0.0034034,0.0059506,0.0060172,0.013415,0.021459,0.020867,0.028942,0.054477,0.072877,0.075875,0.068845,0.055793,0.046015,0.051537,0.050995,0.039541
0.091518,0.086183,0.071711,0.057215,0.038673,0.031937,0.022309,0.021069,0.016485,0.0044749,-0.0071175,-0.005301,-0.019725,-0.01269,-0.0078521,0.010753,0.021982,0.026666,0.020554,0.019454,0.024805,0.028393,0.013421,0.016416,0.019551,0.020694,0.0062144,0.013436,0.016915,0.020661,0.022278,0.018387,0.0039987,0.010234,0.014131,0.0134,0.0044014,0.0084665,0.0073728,0.012767,0.017512,0.031934,0.061711,0.066764,0.064832,0.061358,0.059009,0.055287,0.058357,0.046847,0.044979
