0.024163,0.024163,0.0071983,0.00026542,-0.0003649,0.0096718,0.018295,0.036886,0.033337,0.053249,0.044367,0.044386,0.022047,0.030866,0.034142,0.035442,0.049224,0.044969,0.037666,0.040085,0.041416,0.039309,0.059244,0.076265,0.083171,0.08478,0.094333,0.086097,0.071402,0.044627,0.034014,0.010348,0.0066508,0.0028069,-0.013057,-0.010657,-0.011826,-0.017966,0.00071265,-0.0049458,0.0070223,0.0053348,0.016871,0.010673,0.019724,0.028707,0.049325,0.065925,0.094979,0.092239,0.096616
0.0062594,0.034641,0.04051,0.02643,0.0065149,0.016618,0.011954,0.035914,0.048947,0.059669,0.070428,0.054569,0.053692,0.050823,0.039791,0.053697,0.049261,0.033231,0.022846,0.038127,0.034027,0.046048,0.060562,0.087058,0.097954,0.08103,0.078558,0.075874,0.069838,0.048037,0.043676,0.023096,0.021521,0.00086571,0.010843,-0.010879,-0.0059428,-0.014191,-0.0086601,-0.003714,0.0031277,0.030069,0.039728,0.026616,0.029033,0.039166,0.052542,0.072661,0.097801,0.10335,0.092601
0.033049,0.042732,0.045248,0.026696,0.015466,0.023199,0.044852,0.062793,0.068572,0.087044,0.084655,0.066555,0.057232,0.054866,0.060087,0.070872,0.055506,0.029107,0.035773,0.050655,0.058817,0.0581,0.069476,0.069912,0.10286,0.090545,0.067051,0.063244,0.062553,0.052307,0.047075,0.029067,0.016436,0.018243,0.024983,0.028596,0.035163,0.022915,0.015635,0.012545,0.018481,0.021399,0.022858,0.03158,0.047533,0.060227,0.076334,0.082461,0.095952,0.10815,0.092142
0.042206,0.046956,0.042895,0.038011,0.029494,0.025148,0.059966,0.074266,0.074682,0.089525,0.10318,0.077419,0.061872,0.06407,0.078615,0.075431,0.068095,0.033333,0.047176,0.040652,0.051648,0.071857,0.071885,0.067409,0.080715,0.067017,0.049171,0.040452,0.055132,0.051581,0.049019,0.028219,0.011131,0.024942,0.034057,0.047644,0.060823,0.050764,0.020016,0.02246,0.026814,0.014213,0.01958,0.04982,0.04731,0.057181,0.073615,0.093534,0.087376,0.090444,0.094762
0.036453,0.050387,0.054519,0.043187,0.03694,0.036331,0.057635,0.067606,0.074843,0.076021,0.084181,0.079451,0.08114,0.073351,0.08119,0.081155,0.059211,0.033391,0.042043,0.036774,0.031471,0.055414,0.067721,0.044644,0.05301,0.040524,0.021766,0.02948,0.043444,0.031051,0.028337,0.023044,0.016106,0.020085,0.029883,0.033622,0.046038,0.046483,0.036099,0.02527,0.015072,0.017249,0.026567,0.044174,0.044076,0.044536,0.052529,0.061869,0.069914,0.076537,0.068315
0.028231,0.037586,0.047065,0.053932,0.041297,0.046661,0.057471,0.062367,0.056552,0.074498,0.081844,0.076628,0.073463,0.063361,0.060677,0.073498,0.065934,0.047523,0.035086,0.031933,0.032602,0.027667,0.037284,0.031472,0.033572,0.011304,0.014058,0.036486,0.040167,0.029029,0.015272,0.0078785,-0.0014511,0.011268,0.025954,0.022634,0.045773,0.048558,0.0344,0.024987,0.019733,0.009136,0.024359,0.023474,0.027876,0.025842,0.047145,0.037517,0.060975,0.072378,0.053206
0.023601,0.056496,0.059969,0.058499,0.061818,0.084132,0.085538,0.074348,0.070761,0.081257,0.081013,0.0806,0.07172,0.067208,0.069047,0.080433,0.077795,0.057191,0.048902,0.052281,0.037913,0.038605,0.019484,0.024966,0.022146,0.021331,0.027807,0.040425,0.048797,0.022402,0.019784,0.0090133,0.0071115,0.0091437,0.028537,0.029507,0.051683,0.047175,0.050175,0.036231,0.026915,0.012628,0.015576,0.0059678,0.025515,0.043545,0.039605,0.034094,0.063786,0.065049,0.066682
0.011336,0.041407,0.055001,0.063096,0.072649,0.076999,0.082555,0.069562,0.06331,0.076495,0.06896,0.071576,0.053747,0.063501,0.070623,0.067039,0.060774,0.064943,0.04513,0.036966,0.033514,0.038995,0.037472,0.030128,0.010019,-0.00011402,0.0067285,0.019562,0.033942,0.023876,0.019425,0.01341,0.015587,0.011668,0.021251,0.028146,0.048957,0.034637,0.035006,0.018108,0.022304,0.0074837,0.013945,0.0032383,0.0058635,0.0085816,0.016416,0.021057,0.04726,0.046865,0.051764
0.016168,0.02877,0.039424,0.052482,0.055942,0.068569,0.067946,0.088194,0.08341,0.062412,0.059639,0.04466,0.042188,0.060282,0.073331,0.063167,0.058455,0.061677,0.05905,0.047989,0.038513,0.029802,0.034351,0.020341,0.005421,-0.010761,0.0051154,0.017162,0.020867,0.023553,0.011469,0.012702,0.019737,0.018342,0.016059,0.024518,0.059309,0.051278,0.028297,0.022794,0.004115,-0.003065,-0.0044004,-0.014684,-0.00077512,-0.0038135,0.0085387,0.01422,0.022041,0.017008,0.036808
0.018233,0.03206,0.025761,0.034166,0.047895,0.039688,0.046097,0.056099,0.072271,0.06527,0.054491,0.049406,0.047238,0.045534,0.078548,0.072722,0.066206,0.05563,0.058824,0.050246,0.035891,0.019257,0.018892,0.0098026,-0.002298,-0.012931,-0.008178,-0.00096344,0.020158,0.020806,0.019727,0.019377,0.021712,0.017146,0.014392,0.038504,0.049907,0.035397,0.014248,0.0081608,0.0083622,0.015618,-0.0061278,-0.02248,-0.02267,-0.0014684,-0.0080698,-0.012567,-0.0023909,-0.0018621,0.0027413
0.028462,0.026814,0.032562,0.018974,0.032779,0.019983,0.029713,0.038518,0.047296,0.055259,0.061726,0.053151,0.047624,0.079065,0.080307,0.067286,0.071487,0.051302,0.059563,0.051369,0.042719,0.01988,0.0072149,0.005706,0.005184,-0.011054,0.0020343,0.00072382,0.0062675,0.010549,0.028403,0.047574,0.046539,0.046133,0.032609,0.037498,0.040883,0.01971,0.007892,0.017183,0.029719,0.029814,0.01368,-0.014872,-0.020447,-0.0055621,-0.019963,-0.02089,-0.036013,-0.015723,-0.0041393
0.0056825,0.025643,0.019674,0.024069,0.019111,0.023769,0.023252,0.027675,0.045912,0.067431,0.063925,0.045628,0.05287,0.056608,0.059896,0.055274,0.062769,0.0685,0.067113,0.055202,0.026676,0.013958,0.016157,0.00071386,-0.0011454,-0.011113,-0.011335,0.0021171,0.0091684,0.0028419,0.019196,0.039607,0.05813,0.050074,0.054751,0.04936,0.04178,0.023293,0.018145,0.017797,0.020931,0.037999,0.011259,-0.012712,-0.029574,-0.026881,-0.018529,-0.023715,-0.01002,-0.013245,-0.025876
0.019546,0.022178,0.013986,0.016255,0.0095872,0.020255,0.029268,0.051487,0.044108,0.055289,0.060735,0.046243,0.042139,0.055251,0.038469,0.04333,0.053577,0.058026,0.066825,0.060125,0.029097,0.024064,0.0088801,-0.0014016,0.00065411,-0.012287,-0.002529,0.011897,0.017829,0.0023927,0.018837,0.044698,0.071654,0.070742,0.064901,0.041592,0.051111,0.039903,0.034917,0.034716,0.03417,0.02708,0.013213,-0.0095467,-0.01349,-0.02098,-0.012157,-0.012579,-0.011372,-0.0066791,-0.0093775
0.02115,0.0264,0.0018898,0.010041,0.023267,0.019071,0.03005,0.034975,0.017215,0.039385,0.041114,0.053644,0.032087,0.035024,0.035191,0.050819,0.05074,0.031863,0.038109,0.035532,0.017273,0.017325,0.0081321,-0.0032854,-0.0048389,-0.012503,-0.0095238,0.0019164,0.025713,0.019926,0.036243,0.049832,0.060976,0.068961,0.058498,0.047351,0.04689,0.033499,0.035851,0.032112,0.056037,0.036543,0.020639,0.0014373,-0.0026709,-0.011647,-0.01334,-0.022704,-0.013,-0.0015643,-0.0020839
0.034592,0.047755,0.02214,0.019781,0.020563,0.036582,0.042396,0.045353,0.028037,0.025826,0.039024,0.040884,0.040158,0.042388,0.04544,0.052719,0.051356,0.03275,0.042755,0.037746,0.018737,0.019232,0.013867,-0.0072023,-0.004498,0.00072782,0.011111,0.025096,0.04111,0.042335,0.045113,0.058137,0.069168,0.069719,0.064983,0.054822,0.065552,0.065909,0.06871,0.072862,0.061896,0.048228,0.030977,0.023493,0.020844,0.0049574,0.0046506,-0.0025664,0.0033533,7.6619e-05,0.010997
0.038674,0.036699,0.040166,0.030986,0.026963,0.0247,0.03663,0.027396,0.019064,0.029482,0.044317,0.033713,0.034031,0.042273,0.040548,0.038123,0.046427,0.045399,0.043961,0.042423,0.035155,0.017913,0.015873,0.0026781,0.0036505,-0.0034501,0.013481,0.035108,0.049528,0.061791,0.059783,0.064073,0.069268,0.08281,0.084719,0.07938,0.092968,0.09161,0.089283,0.092755,0.079193,0.062677,0.050969,0.03771,0.02162,0.005492,0.016119,0.021135,0.020771,0.017301,0.0028476
0.020657,0.042291,0.053093,0.026046,0.025895,0.01689,0.026365,0.0039258,0.0043858,0.0060868,0.01909,0.030882,0.037022,0.030389,0.035226,0.024227,0.028347,0.01906,0.035555,0.052322,0.047934,0.032173,0.0039586,0.0019071,0.0018099,0.0015781,0.0046511,0.0099052,0.033906,0.034602,0.050127,0.070739,0.085571,0.094823,0.096359,0.097661,0.094536,0.091958,0.10146,0.096764,0.082463,0.074504,0.053381,0.021314,0.0084469,0.019777,0.0043941,0.013024,0.023639,0.018472,0.0077234
0.014525,0.027824,0.025762,0.018323,0.013074,-0.0024637,-0.010138,-0.022551,-0.024028,-0.017544,0.011186,0.01362,0.00090019,-0.0010611,0.011665,0.0062073,0.012308,0.0032991,0.015641,0.04352,0.052894,0.026942,-0.0035385,0.003624,-0.00016978,-0.0099089,-0.0076949,-0.010361,0.0076562,0.028411,0.047326,0.055974,0.065922,0.085884,0.10799,0.11117,0.1143,0.09431,0.084384,0.087456,0.076084,0.061589,0.03366,0.00034276,-0.0073746,0.0039515,0.0030276,0.0080464,0.01767,0.010235,0.014395
0.041373,0.049856,0.03001,0.0078982,-0.013314,-0.026774,-0.032941,-0.027717,-0.028329,-0.022838,-0.012963,0.0060935,-0.0066725,-0.0056352,0.0023724,-0.0037879,-0.018589,0.00065404,0.016454,0.040096,0.048862,0.033599,0.027365,0.0037935,0.00084512,-0.0075079,-0.0085048,-0.0030689,0.010932,0.033334,0.043502,0.059174,0.077225,0.088245,0.10306,0.10204,0.11348,0.09631,0.097886,0.082479,0.062484,0.044785,0.033893,0.0096514,0.007321,-0.0039507,0.0064638,0.0011489,0.016631,0.0014537,0.0024409
0.040434,0.048538,0.026519,0.0088818,-0.0259,-0.035492,-0.048903,-0.04191,-0.049252,-0.040033,-0.023152,-0.0097953,-0.020822,-0.011541,-0.0039058,-0.010417,-0.018163,-0.015118,0.0024046,0.01053,0.017197,0.040099,0.032017,0.020615,0.0077696,-0.010204,-0.010516,-0.0060913,0.027007,0.037076,0.044976,0.053838,0.072292,0.080312,0.085002,0.08168,0.097278,0.077305,0.067333,0.06252,0.049569,0.031571,0.035427,0.016369,0.0088057,-0.0078953,-0.0056129,0.00060003,0.0128,-0.0036092,0.015
0.049778,0.060126,0.028613,0.0036923,-0.027006,-0.034169,-0.024498,-0.033112,-0.049554,-0.024708,-0.026095,-0.013249,-0.021891,-0.020664,-0.016721,-0.015937,-0.0096718,-0.016893,-0.0046412,0.016474,0.036897,0.044341,0.043738,0.035512,0.028996,0.0091881,0.010296,0.018082,0.036894,0.034896,0.052734,0.064072,0.076486,0.091239,0.080561,0.076633,0.086986,0.076404,0.066972,0.055045,0.058312,0.032115,0.023553,0.017085,0.013133,0.0065665,0.0081387,-0.0046533,0.016912,0.031903,0.041366
0.042436,0.041018,0.032468,-0.0045599,-0.021857,-0.017659,-0.025819,-0.034374,-0.02214,-0.0081055,-0.0028905,-0.020419,-0.028064,-0.037323,-0.046241,-0.015596,-0.0032543,-0.009517,0.0084231,0.022636,0.025257,0.0387,0.046991,0.033277,0.037723,0.010993,0.01025,0.02913,0.03923,0.031901,0.041778,0.059266,0.064269,0.066186,0.085665,0.069662,0.077086,0.063203,0.054069,0.049071,0.036358,0.036866,0.019814,0.00051658,-0.0019304,0.0027395,0.0030848,0.0072732,0.031025,0.063438,0.050175
0.026022,0.034796,0.013075,0.0054577,-0.014223,-0.032089,-0.022814,-0.02641,-0.014979,-0.0015673,-0.0018641,-0.024529,-0.012759,-0.021487,-0.018146,-0.018556,-0.001655,0.0014066,0.015795,0.019062,0.010606,0.022407,0.037424,0.033319,0.031164,0.011835,0.018558,0.038691,0.035738,0.019895,0.045814,0.055236,0.065125,0.070715,0.067077,0.044693,0.051856,0.054571,0.042606,0.044821,0.044259,0.044742,0.020312,0.022391,-0.010413,-0.012915,0.0015821,0.0065601,0.027725,0.059755,0.051773
0.01356,0.013549,0.01473,-0.00083849,-0.010889,-0.031388,-0.026846,-0.010779,-0.00039669,0.013553,0.01151,0.0012306,-0.0076096,0.00078688,0.006945,0.012198,0.021319,0.0058962,0.035259,0.010897,-0.0053621,0.019392,0.029888,0.016536,0.025838,0.012807,0.015225,0.02753,0.049158,0.036474,0.042108,0.058931,0.05526,0.057477,0.039352,0.044925,0.055368,0.047785,0.033503,0.040167,0.058937,0.055902,0.043795,0.019015,0.00091332,-0.0075459,-0.0038511,0.013752,0.019854,0.040478,0.04619
0.019885,0.016164,-0.0026262,-0.0043193,-0.020054,-0.03303,-0.013265,0.01194,0.023716,0.040272,0.039974,0.017007,0.0047721,0.017437,0.033078,0.034968,0.021183,0.016479,0.0227,0.023324,0.014313,0.01657,0.015475,0.0055454,0.014221,0.0081357,0.0042227,0.014372,0.038143,0.045532,0.050037,0.05113,0.04983,0.031391,0.027159,0.036008,0.064024,0.046562,0.030119,0.041167,0.064393,0.058851,0.036502,0.025069,0.018128,0.010065,0.012396,-0.0056178,0.0011436,0.023385,0.043058
-0.018309,-0.0027668,-0.013678,-0.012697,-0.023468,-0.016539,-0.017765,0.015434,0.034612,0.046109,0.040457,0.019474,0.012589,0.031973,0.033997,0.03336,0.024355,0.013779,0.0067699,0.0095421,0.0012724,0.0038912,0.015715,0.011116,0.0021475,-0.019711,-0.016467,0.0064133,0.021585,0.034633,0.042917,0.041761,0.032852,0.016187,0.022463,0.029335,0.052861,0.035288,0.027493,0.023571,0.031905,0.04914,0.047046,0.018429,0.0212,0.0085075,0.0088394,-0.012665,0.0041611,0.0058292,0.021864
-0.026856,-0.00254,-0.00095462,-0.013939,-0.0072437,-0.0032443,0.0038108,0.024915,0.046964,0.066328,0.044587,0.042777,0.030013,0.041964,0.031506,0.01745,0.010758,0.0050804,0.0058412,0.010682,0.010393,0.012386,0.014596,0.01911,-0.0083453,-0.030542,-0.017385,-0.0056405,0.013313,0.016082,0.027959,0.040206,0.031889,0.018726,0.018332,0.024746,0.02754,0.018238,0.030321,0.013214,0.023472,0.033051,0.054077,0.018606,0.02082,0.021055,0.0039341,-0.012409,0.0030747,0.0024381,0.010731
-0.022317,0.00038981,-0.0018146,-0.0064939,0.0033198,0.0028522,0.021269,0.03719,0.051218,0.058646,0.075347,0.059763,0.03633,0.025995,0.022616,0.006545,0.015728,0.016365,0.00037839,0.015754,0.01466,0.013214,0.0076029,0.015562,-0.014322,-0.024771,-0.0070863,0.0068023,0.022093,0.02219,0.02963,0.017531,0.027573,0.020225,0.01463,0.013691,0.032515,0.019231,0.015923,0.015145,0.020909,0.034158,0.034013,0.026237,0.025439,0.024141,0.0054513,0.0041338,0.0054743,-0.00068714,0.0058048
-0.0026954,0.0082587,0.011189,0.0092405,0.017526,0.02596,0.030675,0.040475,0.045249,0.046776,0.077532,0.070193,0.044423,0.027956,0.039821,0.030423,0.016488,0.0082308,0.010967,0.0078971,0.02067,0.012762,0.015598,-0.00032389,-0.00037194,-0.001622,0.0022368,0.0081346,0.033229,0.048232,0.019959,0.026747,0.030515,0.018435,0.012558,0.01577,0.024271,0.017598,0.013192,0.033475,0.0289,0.037263,0.034261,0.030598,0.041894,0.028299,0.00024224,-0.0055611,0.0048146,-0.0028275,0.0052845
0.00088527,0.017057,0.019157,0.017885,0.027588,0.02293,0.0478,0.048499,0.042561,0.047998,0.061167,0.06253,0.044757,0.038426,0.042531,0.02563,0.028247,0.01559,0.011046,0.0077138,0.015279,0.015186,0.027659,0.011161,-0.0034425,-0.01239,-0.00064321,0.015967,0.036799,0.039954,0.032626,0.022316,0.022579,0.03013,0.010365,0.016683,0.027624,0.029377,0.029772,0.031563,0.028449,0.027505,0.034747,0.041764,0.024852,0.007993,-0.0068029,-0.0012336,-0.00045757,-0.001899,-0.00092702
-0.00708,0.013097,0.010814,0.0039471,0.011422,0.030112,0.047878,0.051519,0.047868,0.045502,0.039978,0.029496,0.024915,0.021167,0.019168,0.023841,0.026862,0.0056913,0.015118,0.023296,0.01824,0.021912,0.010099,0.0069383,-0.0068185,-0.015252,-0.0015277,0.0069354,0.030864,0.022135,0.02552,0.017214,0.0098436,0.012525,0.027964,0.031477,0.042267,0.050933,0.051069,0.04153,0.023031,0.013375,0.016834,0.0061833,-0.0048112,0.00026563,-0.015717,-0.011051,-0.0078893,-0.005794,-0.0030863
-0.0084732,0.010141,0.0082864,0.01375,0.0088206,0.03159,0.042597,0.047891,0.026995,0.040227,0.02691,0.018858,0.0095547,0.011598,0.013407,0.031495,0.022846,0.0047134,0.0012787,0.016249,0.018264,0.00078841,-0.0010404,-0.016018,0.0059747,-0.0040399,-0.015279,0.002835,0.015035,0.011445,0.015739,0.013058,0.0025735,0.0079276,0.030989,0.038638,0.047824,0.046107,0.049933,0.03641,0.03195,0.020664,0.0069575,-0.017766,-0.018708,-0.024647,-0.013038,-0.030052,-0.0082731,0.0010533,-0.010237
0.015941,0.024542,0.028842,0.037527,0.022353,0.029005,0.036685,0.04228,0.026352,0.038086,0.04616,0.027017,0.014807,0.02694,0.020953,0.032959,0.01885,0.0023844,0.0068058,0.02049,0.0090151,0.0079847,-0.01036,-0.00364,0.023817,0.019368,0.0073716,0.0094212,0.020414,0.015273,0.028081,0.018859,0.025045,0.028486,0.049584,0.036092,0.056632,0.046819,0.043685,0.054847,0.064861,0.04463,0.022413,0.0032138,-0.013686,-0.025011,-0.016109,-0.010808,-0.0045231,0.0022013,0.0053025
0.0321,0.048544,0.043973,0.042528,0.033049,0.027965,0.043605,0.049193,0.043558,0.053443,0.044646,0.040483,0.027104,0.01754,0.020463,0.018125,0.011702,0.0056167,0.025175,0.014686,-0.0094048,0.003975,0.0019089,-0.00057742,0.026497,0.041731,0.033822,0.031721,0.039558,0.013977,0.019879,0.018423,0.034702,0.046831,0.046962,0.053533,0.06037,0.057757,0.062572,0.062169,0.071066,0.049362,0.03094,0.016246,-0.010742,-0.014787,0.0035259,0.020071,0.021219,0.0055451,-0.0036618
0.055144,0.048727,0.04551,0.036022,0.037219,0.041439,0.044191,0.057402,0.04722,0.047444,0.055384,0.038825,0.025249,0.01645,0.0069932,0.0029185,0.002168,-0.014766,-0.00041061,-0.007377,-0.0060217,-0.0094095,0.0092558,0.011012,0.036374,0.031633,0.038801,0.038216,0.020888,0.012578,0.010329,0.019592,0.027385,0.053796,0.049205,0.048599,0.056797,0.058196,0.050241,0.062755,0.062181,0.044804,0.031165,0.011754,0.005329,-0.0023105,0.015187,0.022923,0.017133,0.015765,0.0029124
0.059604,0.05849,0.04866,0.028842,0.037794,0.05061,0.057908,0.047584,0.056694,0.051685,0.061659,0.043273,0.039826,0.011763,0.0094739,0.0054233,-0.010317,-0.025234,-0.02491,-0.010018,-0.00021173,0.0061138,0.022456,0.033202,0.043808,0.036143,0.030339,0.032965,0.027043,0.016808,0.018683,0.028564,0.050417,0.052768,0.061896,0.05876,0.064384,0.059417,0.059007,0.066676,0.057034,0.057236,0.033699,0.022589,0.01889,0.031589,0.019079,0.0096729,0.020538,0.028255,0.010471
0.056306,0.052736,0.049503,0.024049,0.036277,0.049642,0.062879,0.057505,0.059137,0.060805,0.057057,0.046559,0.030043,0.023298,0.0090883,-0.0080791,-0.004355,-0.014264,-0.015703,-0.016284,-0.0070606,0.0038443,0.019502,0.034984,0.035564,0.026395,0.036989,0.047995,0.0395,0.014746,0.01311,0.018914,0.035861,0.052924,0.049976,0.063187,0.080017,0.077192,0.078339,0.065531,0.057245,0.041665,0.035621,0.015818,0.021954,0.034292,0.023733,0.022611,0.025244,0.015297,0.0034664
0.05366,0.049128,0.038206,0.033755,0.034111,0.041061,0.040375,0.046228,0.040801,0.047128,0.048704,0.045868,0.036802,0.036953,0.0241,-0.0039654,-0.016249,-0.00335,-0.0068747,-0.015919,-0.012183,-0.0014656,0.010123,0.025895,0.024062,0.026905,0.047647,0.053435,0.045684,0.020589,0.01359,0.024938,0.04352,0.044817,0.049792,0.054706,0.076351,0.076991,0.078049,0.072237,0.070191,0.048183,0.045303,0.015626,0.016882,0.020398,0.021832,0.013726,0.015541,-0.008094,-0.0074154
0.037783,0.040917,0.030039,0.043608,0.044861,0.044606,0.02089,0.028168,0.028899,0.028885,0.042115,0.043312,0.037658,0.029407,0.027499,0.012692,-0.017001,-0.0042844,-0.0064477,0.0023771,-0.011891,-0.0038984,0.011381,0.015216,0.024218,0.038062,0.041102,0.049215,0.047482,0.027531,0.025674,0.025042,0.046943,0.035285,0.050362,0.053391,0.081174,0.067427,0.070236,0.073545,0.075205,0.06897,0.044044,0.0060037,0.006039,0.006281,0.008971,-0.0031921,0.0049018,-0.012729,-0.0072261
0.035522,0.02483,0.023408,0.047046,0.050192,0.041277,0.032938,0.039819,0.026934,0.037013,0.030143,0.02604,0.010779,0.019619,0.015419,0.0072063,-0.0070581,-0.011688,0.0098306,0.014572,0.019015,-0.0018809,0.0047145,0.015246,0.028974,0.031948,0.048114,0.046727,0.044794,0.034863,0.024353,0.027855,0.023842,0.034305,0.043648,0.061457,0.090815,0.087305,0.066529,0.066638,0.079261,0.041374,0.022774,-0.013866,-0.01058,0.0021707,0.010188,-0.0044279,-0.0034285,-0.0063162,0.0056744
0.020085,0.032848,0.042435,0.050409,0.052016,0.049042,0.05309,0.044066,0.039798,0.039463,0.020947,0.0075589,0.012667,0.013768,0.01441,0.0014231,0.0021795,0.001022,0.021521,0.025981,0.020213,0.028306,0.042437,0.031287,0.038235,0.040446,0.040561,0.057016,0.068432,0.039071,0.040654,0.038377,0.038047,0.039342,0.046989,0.077813,0.097123,0.096253,0.084202,0.0662,0.059419,0.048185,0.0255,-6.7401e-05,-0.014793,0.0038526,0.0069134,0.0052846,0.0044527,-0.0004541,0.00010912
0.063142,0.061461,0.071493,0.066747,0.062777,0.066662,0.068537,0.057556,0.048088,0.043017,0.044229,0.010051,0.032267,0.041085,0.031281,0.02495,0.017608,0.012801,0.023375,0.037077,0.045263,0.051292,0.063766,0.059568,0.058296,0.045841,0.056334,0.068408,0.073649,0.064467,0.067441,0.066915,0.062675,0.054871,0.073575,0.070734,0.092063,0.10174,0.081966,0.082831,0.071648,0.062382,0.044582,0.034114,0.018069,0.019403,0.010948,0.010045,0.00043425,0.01645,0.019879
0.069201,0.074239,0.068701,0.061848,0.06468,0.064135,0.068718,0.064883,0.048002,0.052749,0.049816,0.029606,0.019844,0.016873,0.023618,0.035682,0.041833,0.025571,0.032954,0.04265,0.049933,0.049121,0.067438,0.052491,0.063359,0.053303,0.048668,0.070837,0.080611,0.069734,0.070404,0.061912,0.058195,0.06734,0.073891,0.090468,0.10023,0.10053,0.093689,0.082391,0.077797,0.06794,0.049376,0.040031,0.03151,0.023137,0.013412,0.0049751,0.0074817,0.024003,0.02028
0.067634,0.086259,0.06884,0.058674,0.056381,0.055329,0.059663,0.070628,0.05896,0.05365,0.061662,0.051125,0.027068,0.014538,0.018218,0.036987,0.041885,0.029341,0.046905,0.05493,0.05028,0.064049,0.056456,0.054057,0.05017,0.04481,0.042893,0.046539,0.065616,0.055253,0.062445,0.062558,0.085112,0.088495,0.092389,0.090736,0.097659,0.097225,0.098086,0.093589,0.091708,0.077155,0.063975,0.050922,0.036034,0.026019,-0.001314,0.0021929,0.01257,0.019136,0.032933
0.047435,0.072016,0.069012,0.065162,0.053526,0.054098,0.057784,0.078631,0.056243,0.061721,0.070097,0.05683,0.026728,0.026751,0.024261,0.034868,0.043972,0.053854,0.044268,0.044243,0.044477,0.049503,0.062819,0.046566,0.03881,0.023107,0.018782,0.028766,0.035071,0.042383,0.050856,0.055247,0.089854,0.1045,0.097936,0.097285,0.10464,0.093875,0.10123,0.097396,0.099392,0.085842,0.084407,0.061732,0.038038,-0.0043748,1.9987e-05,0.0077196,0.022506,0.019326,0.025934
0.038012,0.068269,0.068679,0.045716,0.034728,0.061783,0.061027,0.083094,0.075864,0.078654,0.07637,0.051467,0.027373,0.030284,0.037189,0.050566,0.050808,0.050512,0.047656,0.048624,0.051421,0.042251,0.040117,0.02879,0.031209,0.02041,0.011148,0.014468,0.030137,0.047354,0.049758,0.063463,0.084095,0.090051,0.10174,0.11362,0.11351,0.10696,0.1212,0.11853,0.10309,0.093658,0.093251,0.056729,0.051694,0.020118,0.0050472,0.0045059,0.029333,0.022038,0.032175
0.035312,0.060381,0.061985,0.040159,0.043306,0.044613,0.066411,0.077285,0.085354,0.086373,0.084128,0.055686,0.028806,0.029599,0.046657,0.057333,0.063074,0.041833,0.021307,0.034888,0.04068,0.025367,0.0090519,0.028589,0.017996,0.0017719,-0.001348,0.0088434,0.032637,0.050168,0.071013,0.054294,0.056559,0.064143,0.081319,0.10076,0.11268,0.10604,0.1106,0.10668,0.11149,0.10826,0.098502,0.069342,0.046859,0.040458,0.0073485,0.0080023,0.020926,0.027369,0.03569
0.036888,0.054894,0.071117,0.044565,0.048928,0.046748,0.064828,0.079421,0.091092,0.0793,0.073098,0.061694,0.050848,0.049914,0.063264,0.061229,0.04655,0.024392,0.01706,0.02021,0.025045,0.012202,0.013956,0.01485,0.016958,0.0084134,0.0047395,0.020594,0.040781,0.057219,0.068336,0.067431,0.061543,0.060392,0.06256,0.07903,0.090485,0.095598,0.10512,0.10655,0.11014,0.11535,0.11234,0.081205,0.061982,0.052292,0.022107,0.020077,0.026531,0.034608,0.04025
0.015943,0.03077,0.044087,0.048504,0.040563,0.045315,0.05298,0.071698,0.082921,0.076602,0.081897,0.050195,0.043739,0.026297,0.038539,0.031257,0.017382,0.013574,0.01253,0.002546,-0.00010424,-0.00055837,0.01127,0.0064389,0.0017182,0.00023502,0.0051766,0.018201,0.038184,0.051099,0.047304,0.041254,0.040238,0.038408,0.049471,0.05667,0.078159,0.086372,0.069706,0.088078,0.08667,0.088417,0.085952,0.074026,0.049379,0.034005,0.032121,0.042309,0.046259,0.035429,0.04042
0.021357,0.03109,0.034975,0.038719,0.035447,0.034914,0.055712,0.06315,0.06556,0.085393,0.085897,0.066305,0.040165,0.024836,0.022505,0.0094557,-0.0048337,-0.0083701,0.0026839,0.0068278,0.0061657,0.010648,0.010986,-0.0019785,0.0014513,0.0056349,0.00038966,0.011516,0.033323,0.028609,0.038445,0.03171,0.034094,0.040513,0.034051,0.040757,0.062279,0.059823,0.052115,0.064561,0.07868,0.058203,0.058226,0.060249,0.048644,0.043111,0.038651,0.040404,0.04347,0.052167,0.061226
0.014393,0.02247,0.029414,0.030679,0.021458,0.032056,0.033919,0.035478,0.039244,0.075307,0.070583,0.073258,0.053609,0.033444,0.0087776,0.016724,-0.0019858,-0.022578,-0.0092084,-0.01213,-0.0019588,0.013151,0.02141,0.011253,0.0088435,-0.0074,-0.0073771,0.012972,0.037829,0.023868,0.02474,0.03798,0.028083,0.025379,0.031033,0.02763,0.038698,0.04055,0.031631,0.031682,0.057874,0.048114,0.063135,0.04307,0.043335,0.049779,0.038479,0.02369,0.044011,0.056013,0.053605
