0.02,0.02,-0.0010286,1,0,0
0.04,0.02,-0.00072213,1,0,0
0.06,0.02,-0.013009,1,0,0
0.08,0.02,0.001069,1,0,0
0.1,0.02,-0.018457,1,0,0
0.12,0.02,0.024294,1,0,0
0.14,0.02,0.021479,1,0,0
0.16,0.02,0.037252,1,0,0
0.18,0.02,0.031263,1,0,0
0.2,0.02,0.017403,1,0,0
0.22,0.02,0.026379,1,0,0
0.24,0.02,0.026021,1,0,0
0.26,0.02,0.034416,1,0,0
0.28,0.02,0.067498,1,0,0
0.3,0.02,0.053692,1,0,0
0.32,0.02,0.050283,1,0,0
0.34,0.02,0.02303,1,0,0
0.36,0.02,0.024727,1,0,0
0.38,0.02,0.031934,1,0,0
0.4,0.02,0.04044,1,0,0
0.42,0.02,0.017669,1,0,0
0.44,0.02,0.012936,1,0,0
0.46,0.02,-0.010424,1,0,0
0.48,0.02,-0.01721,1,0,0
0.5,0.02,-0.0041382,1,0,0
0.52,0.02,-0.015293,1,0,0
0.54,0.02,-0.011511,1,0,0
0.56,0.02,0.031022,1,0,0
0.58,0.02,0.031435,1,0,0
0.6,0.02,0.0069555,1,0,0
0.62,0.02,0.012692,1,0,0
0.64,0.02,0.0094681,1,0,0
0.66,0.02,0.0048209,1,0,0
0.68,0.02,0.0029432,1,0,0
0.7,0.02,-0.001277,1,0,0
0.72,0.02,-0.023742,1,0,0
0.74,0.02,-0.013612,1,0,0
0.76,0.02,-0.02554,1,0,0
0.78,0.02,-0.035289,1,0,0
0.8,0.02,-0.021032,1,0,0
0.82,0.02,0.001307,1,0,0
0.84,0.02,0.0074443,1,0,0
0.86,0.02,0.020518,1,0,0
0.88,0.02,0.0036175,1,0,0
0.9,0.02,0.011284,1,0,0
0.92,0.02,-0.0092048,1,0,0
0.94,0.02,0.0069296,1,0,0
0.96,0.02,-0.0045724,1,0,0
0.98,0.02,0.0083968,1,0,0
0.02,0.04,-0.016263,1,0,0
0.04,0.04,0.0079265,1,0,0
0.06,0.04,-0.010814,1,0,0
0.08,0.04,-0.015957,1,0,0
0.1,0.04,-0.030531,1,0,0
0.12,0.04,-0.0028208,1,0,0
0.14,0.04,0.013575,1,0,0
0.16,0.04,0.026254,1,0,0
0.18,0.04,0.012889,1,0,0
0.2,0.04,0.049167,1,0,0
0.22,0.04,0.017229,1,0,0
0.24,0.04,0.031147,1,0,0
0.26,0.04,0.035095,1,0,0
0.28,0.04,0.048072,1,0,0
0.3,0.04,0.047427,1,0,0
0.32,0.04,0.07,1,0,0
0.34,0.04,0.033629,1,0,0
0.36,0.04,0.0034846,1,0,0
0.38,0.04,0.023954,1,0,0
0.4,0.04,0.043136,1,0,0
0.42,0.04,0.031727,1,0,0
0.44,0.04,0.030222,1,0,0
0.46,0.04,0.027535,1,0,0
0.48,0.04,0.017774,1,0,0
0.5,0.04,0.01017,1,0,0
0.52,0.04,0.013882,1,0,0
0.54,0.04,0.023339,1,0,0
0.56,0.04,0.020004,1,0,0
0.58,0.04,0.026445,1,0,0
0.6,0.04,0.0083437,1,0,0
0.62,0.04,0.030167,1,0,0
0.64,0.04,-0.0036722,1,0,0
0.66,0.04,-0.0044217,1,0,0
0.68,0.04,0.010909,1,0,0
0.7,0.04,-0.0042285,1,0,0
0.72,0.04,0.0086269,1,0,0
0.74,0.04,-0.0063979,1,0,0
0.76,0.04,-0.033345,1,0,0
0.78,0.04,-0.024227,1,0,0
0.8,0.04,-0.010103,1,0,0
0.82,0.04,0.036966,1,0,0
0.84,0.04,0.043132,1,0,0
0.86,0.04,0.022284,1,0,0
0.88,0.04,0.0067772,1,0,0
0.9,0.04,-0.0023599,1,0,0
0.92,0.04,0.0046467,1,0,0
0.94,0.04,0.012341,1,0,0
0.96,0.04,-0.0089046,1,0,0
0.98,0.04,0.0066485,1,0,0
0.02,0.06,0.014063,1,0,0
0.04,0.06,0.018955,1,0,0
0.06,0.06,0.0070862,1,0,0
0.08,0.06,0.000854,1,0,0
0.1,0.06,-0.033779,1,0,0
0.12,0.06,-0.022253,1,0,0
0.14,0.06,-0.0042975,1,0,0
0.16,0.06,0.028005,1,0,0
0.18,0.06,0.028272,1,0,0
0.2,0.06,0.035925,1,0,0
0.22,0.06,0.032347,1,0,0
0.24,0.06,0.050788,1,0,0
0.26,0.06,0.04463,1,0,0
0.28,0.06,0.05865,1,0,0
0.3,0.06,0.062161,1,0,0
0.32,0.06,0.058793,1,0,0
0.34,0.06,0.046545,1,0,0
0.36,0.06,0.013971,1,0,0
0.38,0.06,0.052087,1,0,0
0.4,0.06,0.04595,1,0,0
0.42,0.06,0.045112,1,0,0
0.44,0.06,0.041928,1,0,0
0.46,0.06,0.033341,1,0,0
0.48,0.06,0.034617,1,0,0
0.5,0.06,0.041974,1,0,0
0.52,0.06,0.03912,1,0,0
0.54,0.06,0.015612,1,0,0
0.56,0.06,0.016014,1,0,0
0.58,0.06,0.026583,1,0,0
0.6,0.06,0.0259,1,0,0
0.62,0.06,0.027935,1,0,0
0.64,0.06,0.017503,1,0,0
0.66,0.06,0.0069413,1,0,0
0.68,0.06,0.025878,1,0,0
0.7,0.06,0.008663,1,0,0
0.72,0.06,-0.0076817,1,0,0
0.74,0.06,-0.0021494,1,0,0
0.76,0.06,-0.013752,1,0,0
0.78,0.06,-0.016924,1,0,0
0.8,0.06,-0.010265,1,0,0
0.82,0.06,0.0332,1,0,0
0.84,0.06,0.029628,1,0,0
0.86,0.06,0.037524,1,0,0
0.88,0.06,0.033524,1,0,0
0.9,0.06,0.034201,1,0,0
0.92,0.06,0.035782,1,0,0
0.94,0.06,0.0078102,1,0,0
0.96,0.06,0.014647,1,0,0
0.98,0.06,0.01325,1,0,0
0.02,0.08,-0.012963,1,0,0
0.04,0.08,0.014046,1,0,0
0.06,0.08,0.0057962,1,0,0
0.08,0.08,-0.0043899,1,0,0
0.1,0.08,-0.042499,1,0,0
0.12,0.08,-0.054911,1,0,0
0.14,0.08,-0.0067373,1,0,0
0.16,0.08,0.0078113,1,0,0
0.18,0.08,0.016394,1,0,0
0.2,0.08,0.017652,1,0,0
0.22,0.08,0.036187,1,0,0
0.24,0.08,0.019062,1,0,0
0.26,0.08,0.04466,1,0,0
0.28,0.08,0.036494,1,0,0
0.3,0.08,0.044858,1,0,0
0.32,0.08,0.061309,1,0,0
0.34,0.08,0.040917,1,0,0
0.36,0.08,0.047205,1,0,0
0.38,0.08,0.034228,1,0,0
0.4,0.08,0.028156,1,0,0
0.42,0.08,0.044648,1,0,0
0.44,0.08,0.037361,1,0,0
0.46,0.08,0.021058,1,0,0
0.48,0.08,0.018565,1,0,0
0.5,0.08,0.03476,1,0,0
0.52,0.08,0.022137,1,0,0
0.54,0.08,0.013067,1,0,0
0.56,0.08,0.030688,1,0,0
0.58,0.08,0.042863,1,0,0
0.6,0.08,0.014306,1,0,0
0.62,0.08,0.0038118,1,0,0
0.64,0.08,-0.0036323,1,0,0
0.66,0.08,0.01969,1,0,0
0.68,0.08,0.020478,1,0,0
0.7,0.08,0.0172,1,0,0
0.72,0.08,0.01334,1,0,0
0.74,0.08,0.00026873,1,0,0
0.76,0.08,-0.016541,1,0,0
0.78,0.08,-0.025568,1,0,0
0.8,0.08,-0.014795,1,0,0
0.82,0.08,-0.013754,1,0,0
0.84,0.08,0.017046,1,0,0
0.86,0.08,0.015833,1,0,0
0.88,0.08,0.041246,1,0,0
0.9,0.08,0.029505,1,0,0
0.92,0.08,0.032068,1,0,0
0.94,0.08,0.046659,1,0,0
0.96,0.08,0.028435,1,0,0
0.98,0.08,0.024918,1,0,0
0.02,0.1,-0.012779,1,0,0
0.04,0.1,-0.0066857,1,0,0
0.06,0.1,0.00014036,1,0,0
0.08,0.1,-0.028699,1,0,0
0.1,0.1,-0.047425,1,0,0
0.12,0.1,-0.018504,1,0,0
0.14,0.1,0.0039352,1,0,0
0.16,0.1,-0.0075447,1,0,0
0.18,0.1,-0.0048006,1,0,0
0.2,0.1,0.016953,1,0,0
0.22,0.1,0.048334,1,0,0
0.24,0.1,0.059797,1,0,0
0.26,0.1,0.058088,1,0,0
0.28,0.1,0.055371,1,0,0
0.3,0.1,0.047743,1,0,0
0.32,0.1,0.03837,1,0,0
0.34,0.1,0.022863,1,0,0
0.36,0.1,0.014222,1,0,0
0.38,0.1,0.016063,1,0,0
0.4,0.1,0.02319,1,0,0
0.42,0.1,0.052018,1,0,0
0.44,0.1,0.055026,1,0,0
0.46,0.1,0.031488,1,0,0
0.48,0.1,0.032735,1,0,0
0.5,0.1,0.043027,1,0,0
0.52,0.1,0.03556,1,0,0
0.54,0.1,0.0347,1,0,0
0.56,0.1,0.02174,1,0,0
0.58,0.1,0.019395,1,0,0
0.6,0.1,0.0033126,1,0,0
0.62,0.1,0.0026128,1,0,0
0.64,0.1,0.010158,1,0,0
0.66,0.1,0.036456,1,0,0
0.68,0.1,0.033591,1,0,0
0.7,0.1,0.026319,1,0,0
0.72,0.1,0.035264,1,0,0
0.74,0.1,0.0093977,1,0,0
0.76,0.1,-0.025405,1,0,0
0.78,0.1,-0.020806,1,0,0
0.8,0.1,0.00090138,1,0,0
0.82,0.1,0.00024469,1,0,0
0.84,0.1,0.01161,1,0,0
0.86,0.1,0.040669,1,0,0
0.88,0.1,0.05019,1,0,0
0.9,0.1,0.031347,1,0,0
0.92,0.1,0.038151,1,0,0
0.94,0.1,0.013094,1,0,0
0.96,0.1,0.01739,1,0,0
0.98,0.1,0.020467,1,0,0
0.02,0.12,-0.046973,1,0,0
0.04,0.12,-0.013293,1,0,0
0.06,0.12,-0.035392,1,0,0
0.08,0.12,-0.040537,1,0,0
0.1,0.12,-0.036767,1,0,0
0.12,0.12,-0.022617,1,0,0
0.14,0.12,-0.0039064,1,0,0
0.16,0.12,-0.00050515,1,0,0
0.18,0.12,-0.0040827,1,0,0
0.2,0.12,0.025093,1,0,0
0.22,0.12,0.05091,1,0,0
0.24,0.12,0.067541,1,0,0
0.26,0.12,0.05094,1,0,0
0.28,0.12,0.036453,1,0,0
0.3,0.12,0.041817,1,0,0
0.32,0.12,0.032667,1,0,0
0.34,0.12,0.010464,1,0,0
0.36,0.12,-0.0073422,1,0,0
0.38,0.12,-0.0045474,1,0,0
0.4,0.12,0.0013153,1,0,0
0.42,0.12,0.040195,1,0,0
0.44,0.12,0.049708,1,0,0
0.46,0.12,0.017646,1,0,0
0.48,0.12,0.042394,1,0,0
0.5,0.12,0.026227,1,0,0
0.52,0.12,0.019526,1,0,0
0.54,0.12,0.032858,1,0,0
0.56,0.12,0.02233,1,0,0
0.58,0.12,6.6235e-05,1,0,0
0.6,0.12,-0.011697,1,0,0
0.62,0.12,-0.011578,1,0,0
0.64,0.12,-0.017557,1,0,0
0.66,0.12,0.0032805,1,0,0
0.68,0.12,0.037192,1,0,0
0.7,0.12,0.030485,1,0,0
0.72,0.12,0.032125,1,0,0
0.74,0.12,0.0046586,1,0,0
0.76,0.12,-0.01011,1,0,0
0.78,0.12,-0.0047347,1,0,0
0.8,0.12,-0.014055,1,0,0
0.82,0.12,0.017116,1,0,0
0.84,0.12,0.0093508,1,0,0
0.86,0.12,0.01533,1,0,0
0.88,0.12,0.025853,1,0,0
0.9,0.12,0.03318,1,0,0
0.92,0.12,0.014446,1,0,0
0.94,0.12,-0.0080826,1,0,0
0.96,0.12,0.0083716,1,0,0
0.98,0.12,0.031019,1,0,0
0.02,0.14,-0.047467,1,0,0
0.04,0.14,-0.029814,1,0,0
0.06,0.14,-0.041632,1,0,0
0.08,0.14,-0.030437,1,0,0
0.1,0.14,-0.046316,1,0,0
0.12,0.14,-0.012454,1,0,0
0.14,0.14,0.0056113,1,0,0
0.16,0.14,0.023009,1,0,0
0.18,0.14,0.020281,1,0,0
0.2,0.14,0.038705,1,0,0
0.22,0.14,0.046044,1,0,0
0.24,0.14,0.061325,1,0,0
0.26,0.14,0.056636,1,0,0
0.28,0.14,0.0426,1,0,0
0.3,0.14,0.01557,1,0,0
0.32,0.14,0.041993,1,0,0
0.34,0.14,0.014006,1,0,0
0.36,0.14,0.0078257,1,0,0
0.38,0.14,-0.0042388,1,0,0
0.4,0.14,0.024301,1,0,0
0.42,0.14,0.035723,1,0,0
0.44,0.14,0.028967,1,0,0
0.46,0.14,0.037975,1,0,0
0.48,0.14,0.053914,1,0,0
0.5,0.14,0.036089,1,0,0
0.52,0.14,0.041031,1,0,0
0.54,0.14,0.044754,1,0,0
0.56,0.14,0.025936,1,0,0
0.58,0.14,0.0063449,1,0,0
0.6,0.14,0.0076958,1,0,0
0.62,0.14,-0.0065125,1,0,0
0.64,0.14,-0.015705,1,0,0
0.66,0.14,0.019196,1,0,0
0.68,0.14,0.037145,1,0,0
0.7,0.14,0.025612,1,0,0
0.72,0.14,0.016944,1,0,0
0.74,0.14,0.039867,1,0,0
0.76,0.14,0.037779,1,0,0
0.78,0.14,0.033425,1,0,0
0.8,0.14,0.020697,1,0,0
0.82,0.14,0.012755,1,0,0
0.84,0.14,0.025243,1,0,0
0.86,0.14,0.029279,1,0,0
0.88,0.14,0.025548,1,0,0
0.9,0.14,0.046052,1,0,0
0.92,0.14,0.036859,1,0,0
0.94,0.14,0.02262,1,0,0
0.96,0.14,0.004786,1,0,0
0.98,0.14,0.042736,1,0,0
0.02,0.16,-0.036439,1,0,0
0.04,0.16,-0.016499,1,0,0
0.06,0.16,-0.019699,1,0,0
0.08,0.16,-0.0089194,1,0,0
0.1,0.16,-0.021342,1,0,0
0.12,0.16,0.0022343,1,0,0
0.14,0.16,0.0014719,1,0,0
0.16,0.16,0.050741,1,0,0
0.18,0.16,0.03433,1,0,0
0.2,0.16,0.038741,1,0,0
0.22,0.16,0.033983,1,0,0
0.24,0.16,0.053769,1,0,0
0.26,0.16,0.033943,1,0,0
0.28,0.16,0.04622,1,0,0
0.3,0.16,0.028539,1,0,0
0.32,0.16,0.045053,1,0,0
0.34,0.16,0.011536,1,0,0
0.36,0.16,0.015414,1,0,0
0.38,0.16,0.015311,1,0,0
0.4,0.16,0.018287,1,0,0
0.42,0.16,0.036918,1,0,0
0.44,0.16,0.053417,1,0,0
0.46,0.16,0.052733,1,0,0
0.48,0.16,0.065968,1,0,0
0.5,0.16,0.053461,1,0,0
0.52,0.16,0.030884,1,0,0
0.54,0.16,0.00982,1,0,0
0.56,0.16,0.015512,1,0,0
0.58,0.16,-1.9221e-05,1,0,0
0.6,0.16,0.0072508,1,0,0
0.62,0.16,-0.011121,1,0,0
0.64,0.16,0.0064538,1,0,0
0.66,0.16,0.032497,1,0,0
0.68,0.16,0.026691,1,0,0
0.7,0.16,0.024028,1,0,0
0.72,0.16,0.014224,1,0,0
0.74,0.16,0.032528,1,0,0
0.76,0.16,0.031234,1,0,0
0.78,0.16,0.054922,1,0,0
0.8,0.16,0.042459,1,0,0
0.82,0.16,0.054064,1,0,0
0.84,0.16,0.045172,1,0,0
0.86,0.16,0.045043,1,0,0
0.88,0.16,0.026403,1,0,0
0.9,0.16,0.046332,1,0,0
0.92,0.16,0.03779,1,0,0
0.94,0.16,0.03462,1,0,0
0.96,0.16,0.02319,1,0,0
0.98,0.16,0.022478,1,0,0
0.02,0.18,-0.038684,1,0,0
0.04,0.18,-0.010897,1,0,0
0.06,0.18,-0.018771,1,0,0
0.08,0.18,-0.01673,1,0,0
0.1,0.18,-0.0053848,1,0,0
0.12,0.18,0.01749,1,0,0
0.14,0.18,0.044311,1,0,0
0.16,0.18,0.03199,1,0,0
0.18,0.18,0.019937,1,0,0
0.2,0.18,0.030617,1,0,0
0.22,0.18,0.028022,1,0,0
0.24,0.18,0.015547,1,0,0
0.26,0.18,0.012305,1,0,0
0.28,0.18,0.031379,1,0,0
0.3,0.18,0.035336,1,0,0
0.32,0.18,0.03323,1,0,0
0.34,0.18,0.017578,1,0,0
0.36,0.18,0.017259,1,0,0
0.38,0.18,0.018575,1,0,0
0.4,0.18,0.041494,1,0,0
0.42,0.18,0.033542,1,0,0
0.44,0.18,0.055936,1,0,0
0.46,0.18,0.036127,1,0,0
0.48,0.18,0.060547,1,0,0
0.5,0.18,0.049419,1,0,0
0.52,0.18,0.047598,1,0,0
0.54,0.18,0.0098345,1,0,0
0.56,0.18,-0.0045844,1,0,0
0.58,0.18,0.0021681,1,0,0
0.6,0.18,-0.0091315,1,0,0
0.62,0.18,0.010552,1,0,0
0.64,0.18,0.021378,1,0,0
0.66,0.18,0.022412,1,0,0
0.68,0.18,0.0053564,1,0,0
0.7,0.18,-0.0088765,1,0,0
0.72,0.18,0.030129,1,0,0
0.74,0.18,0.030011,1,0,0
0.76,0.18,0.017301,1,0,0
0.78,0.18,0.059118,1,0,0
0.8,0.18,0.063965,1,0,0
0.82,0.18,0.072387,1,0,0
0.84,0.18,0.051667,1,0,0
0.86,0.18,0.052085,1,0,0
0.88,0.18,0.031002,1,0,0
0.9,0.18,0.047672,1,0,0
0.92,0.18,0.055299,1,0,0
0.94,0.18,0.062422,1,0,0
0.96,0.18,0.022045,1,0,0
0.98,0.18,-0.0030352,1,0,0
0.02,0.2,-0.02774,1,0,0
0.04,0.2,-0.040328,1,0,0
0.06,0.2,-0.021963,1,0,0
0.08,0.2,0.00041081,1,0,0
0.1,0.2,-0.00067608,1,0,0
0.12,0.2,0.0040102,1,0,0
0.14,0.2,0.02903,1,0,0
0.16,0.2,0.028088,1,0,0
0.18,0.2,0.01854,1,0,0
0.2,0.2,0.012817,1,0,0
0.22,0.2,0.020177,1,0,0
0.24,0.2,-0.013868,1,0,0
0.26,0.2,-0.013774,1,0,0
0.28,0.2,0.022366,1,0,0
0.3,0.2,0.017978,1,0,0
0.32,0.2,0.022196,1,0,0
0.34,0.2,0.010784,1,0,0
0.36,0.2,0.012182,1,0,0
0.38,0.2,0.035698,1,0,0
0.4,0.2,0.046974,1,0,0
0.42,0.2,0.021977,1,0,0
0.44,0.2,0.034896,1,0,0
0.46,0.2,0.027775,1,0,0
0.48,0.2,0.035371,1,0,0
0.5,0.2,0.044956,1,0,0
0.52,0.2,0.03561,1,0,0
0.54,0.2,0.0054562,1,0,0
0.56,0.2,0.0019429,1,0,0
0.58,0.2,0.017236,1,0,0
0.6,0.2,-0.00034552,1,0,0
0.62,0.2,-0.011327,1,0,0
0.64,0.2,-0.0040316,1,0,0
0.66,0.2,0.002324,1,0,0
0.68,0.2,-0.0099754,1,0,0
0.7,0.2,-0.003687,1,0,0
0.72,0.2,0.014703,1,0,0
0.74,0.2,0.030337,1,0,0
0.76,0.2,0.034365,1,0,0
0.78,0.2,0.046732,1,0,0
0.8,0.2,0.066286,1,0,0
0.82,0.2,0.063741,1,0,0
0.84,0.2,0.04958,1,0,0
0.86,0.2,0.032957,1,0,0
0.88,0.2,0.026951,1,0,0
0.9,0.2,0.037138,1,0,0
0.92,0.2,0.053391,1,0,0
0.94,0.2,0.054062,1,0,0
0.96,0.2,0.034624,1,0,0
0.98,0.2,-0.0096343,1,0,0
0.02,0.22,-0.022222,1,0,0
0.04,0.22,-0.02764,1,0,0
0.06,0.22,-0.025461,1,0,0
0.08,0.22,0.013019,1,0,0
0.1,0.22,0.023794,1,0,0
0.12,0.22,0.018163,1,0,0
0.14,0.22,0.034853,1,0,0
0.16,0.22,0.046593,1,0,0
0.18,0.22,0.022536,1,0,0
0.2,0.22,0.016014,1,0,0
0.22,0.22,0.020126,1,0,0
0.24,0.22,0.011836,1,0,0
0.26,0.22,0.032304,1,0,0
0.28,0.22,0.024998,1,0,0
0.3,0.22,0.0073948,1,0,0
0.32,0.22,0.008599,1,0,0
0.34,0.22,-0.0061335,1,0,0
0.36,0.22,-0.00086778,1,0,0
0.38,0.22,0.027045,1,0,0
0.4,0.22,0.038921,1,0,0
0.42,0.22,0.031526,1,0,0
0.44,0.22,0.021068,1,0,0
0.46,0.22,0.054281,1,0,0
0.48,0.22,0.04477,1,0,0
0.5,0.22,0.049215,1,0,0
0.52,0.22,0.041779,1,0,0
0.54,0.22,0.013624,1,0,0
0.56,0.22,0.026049,1,0,0
0.58,0.22,0.0084169,1,0,0
0.6,0.22,-0.01643,1,0,0
0.62,0.22,-0.017343,1,0,0
0.64,0.22,-0.0045245,1,0,0
0.66,0.22,0.002202,1,0,0
0.68,0.22,0.011709,1,0,0
0.7,0.22,-0.0012021,1,0,0
0.72,0.22,-0.010453,1,0,0
0.74,0.22,0.030375,1,0,0
0.76,0.22,0.054782,1,0,0
0.78,0.22,0.049297,1,0,0
0.8,0.22,0.039985,1,0,0
0.82,0.22,0.060074,1,0,0
0.84,0.22,0.089346,1,0,0
0.86,0.22,0.035211,1,0,0
0.88,0.22,0.029823,1,0,0
0.9,0.22,0.037718,1,0,0
0.92,0.22,0.033919,1,0,0
0.94,0.22,0.038548,1,0,0
0.96,0.22,0.026071,1,0,0
0.98,0.22,-0.0032403,1,0,0
0.02,0.24,-0.018316,1,0,0
0.04,0.24,-0.020414,1,0,0
0.06,0.24,-0.010698,1,0,0
0.08,0.24,0.021822,1,0,0
0.1,0.24,0.020996,1,0,0
0.12,0.24,0.045088,1,0,0
0.14,0.24,0.043138,1,0,0
0.16,0.24,0.020682,1,0,0
0.18,0.24,0.014411,1,0,0
0.2,0.24,0.021426,1,0,0
0.22,0.24,0.021982,1,0,0
0.24,0.24,0.0097371,1,0,0
0.26,0.24,0.024259,1,0,0
0.28,0.24,0.034918,1,0,0
0.3,0.24,0.0087172,1,0,0
0.32,0.24,0.0056651,1,0,0
0.34,0.24,0.012942,1,0,0
0.36,0.24,-0.017999,1,0,0
0.38,0.24,0.016599,1,0,0
0.4,0.24,0.03753,1,0,0
0.42,0.24,0.01325,1,0,0
0.44,0.24,0.020982,1,0,0
0.46,0.24,0.039922,1,0,0
0.48,0.24,0.051469,1,0,0
0.5,0.24,0.043739,1,0,0
0.52,0.24,0.033149,1,0,0
0.54,0.24,0.040306,1,0,0
0.56,0.24,0.029758,1,0,0
0.58,0.24,0.013324,1,0,0
0.6,0.24,-0.014005,1,0,0
0.62,0.24,-0.011766,1,0,0
0.64,0.24,-0.0020066,1,0,0
0.66,0.24,0.016062,1,0,0
0.68,0.24,0.033542,1,0,0
0.7,0.24,0.010791,1,0,0
0.72,0.24,0.013294,1,0,0
0.74,0.24,0.024965,1,0,0
0.76,0.24,0.044807,1,0,0
0.78,0.24,0.033272,1,0,0
0.8,0.24,0.040808,1,0,0
0.82,0.24,0.056004,1,0,0
0.84,0.24,0.060569,1,0,0
0.86,0.24,0.040557,1,0,0
0.88,0.24,0.024262,1,0,0
0.9,0.24,0.032298,1,0,0
0.92,0.24,0.048637,1,0,0
0.94,0.24,0.040229,1,0,0
0.96,0.24,0.030244,1,0,0
0.98,0.24,0.018538,1,0,0
0.02,0.26,0.022695,1,0,0
0.04,0.26,0.038936,1,0,0
0.06,0.26,0.0074146,1,0,0
0.08,0.26,0.019897,1,0,0
0.1,0.26,0.036865,1,0,0
0.12,0.26,0.057477,1,0,0
0.14,0.26,0.042918,1,0,0
0.16,0.26,0.030725,1,0,0
0.18,0.26,-0.005746,1,0,0
0.2,0.26,0.041042,1,0,0
0.22,0.26,0.019737,1,0,0
0.24,0.26,0.022773,1,0,0
0.26,0.26,0.0021332,1,0,0
0.28,0.26,0.01776,1,0,0
0.3,0.26,0.020216,1,0,0
0.32,0.26,0.028414,1,0,0
0.34,0.26,0.023839,1,0,0
0.36,0.26,0.019737,1,0,0
0.38,0.26,0.024463,1,0,0
0.4,0.26,0.01479,1,0,0
0.42,0.26,0.0099445,1,0,0
0.44,0.26,0.0016404,1,0,0
0.46,0.26,0.0023367,1,0,0
0.48,0.26,0.018015,1,0,0
0.5,0.26,0.031722,1,0,0
0.52,0.26,0.028007,1,0,0
0.54,0.26,0.033351,1,0,0
0.56,0.26,0.043365,1,0,0
0.58,0.26,0.019766,1,0,0
0.6,0.26,-0.021778,1,0,0
0.62,0.26,0.0019881,1,0,0
0.64,0.26,0.016894,1,0,0
0.66,0.26,0.016843,1,0,0
0.68,0.26,0.022941,1,0,0
0.7,0.26,0.0069552,1,0,0
0.72,0.26,0.017302,1,0,0
0.74,0.26,0.025982,1,0,0
0.76,0.26,0.02634,1,0,0
0.78,0.26,0.037867,1,0,0
0.8,0.26,0.015374,1,0,0
0.82,0.26,0.033633,1,0,0
0.84,0.26,0.024698,1,0,0
0.86,0.26,0.011916,1,0,0
0.88,0.26,0.029408,1,0,0
0.9,0.26,0.052647,1,0,0
0.92,0.26,0.063565,1,0,0
0.94,0.26,0.070388,1,0,0
0.96,0.26,0.057458,1,0,0
0.98,0.26,0.029857,1,0,0
0.02,0.28,0.035732,1,0,0
0.04,0.28,0.047389,1,0,0
0.06,0.28,0.046011,1,0,0
0.08,0.28,0.064769,1,0,0
0.1,0.28,0.038792,1,0,0
0.12,0.28,0.059361,1,0,0
0.14,0.28,0.03557,1,0,0
0.16,0.28,0.029414,1,0,0
0.18,0.28,0.020324,1,0,0
0.2,0.28,0.033062,1,0,0
0.22,0.28,0.02864,1,0,0
0.24,0.28,0.020714,1,0,0
0.26,0.28,0.0066849,1,0,0
0.28,0.28,0.021918,1,0,0
0.3,0.28,0.01545,1,0,0
0.32,0.28,0.038732,1,0,0
0.34,0.28,0.018392,1,0,0
0.36,0.28,0.029613,1,0,0
0.38,0.28,0.020017,1,0,0
0.4,0.28,0.013683,1,0,0
0.42,0.28,-0.0045639,1,0,0
0.44,0.28,0.0059512,1,0,0
0.46,0.28,0.012885,1,0,0
0.48,0.28,0.02071,1,0,0
0.5,0.28,0.03105,1,0,0
0.52,0.28,0.023566,1,0,0
0.54,0.28,0.014409,1,0,0
0.56,0.28,0.022602,1,0,0
0.58,0.28,0.017128,1,0,0
0.6,0.28,-0.0031223,1,0,0
0.62,0.28,-0.015682,1,0,0
0.64,0.28,0.0094293,1,0,0
0.66,0.28,0.047104,1,0,0
0.68,0.28,0.024519,1,0,0
0.7,0.28,0.010311,1,0,0
0.72,0.28,-0.0011381,1,0,0
0.74,0.28,0.030487,1,0,0
0.76,0.28,0.018594,1,0,0
0.78,0.28,0.028903,1,0,0
0.8,0.28,0.035889,1,0,0
0.82,0.28,0.022024,1,0,0
0.84,0.28,0.025554,1,0,0
0.86,0.28,0.048622,1,0,0
0.88,0.28,0.038057,1,0,0
0.9,0.28,0.053587,1,0,0
0.92,0.28,0.067656,1,0,0
0.94,0.28,0.073567,1,0,0
0.96,0.28,0.041682,1,0,0
0.98,0.28,0.047237,1,0,0
0.02,0.3,0.022782,1,0,0
0.04,0.3,0.053221,1,0,0
0.06,0.3,0.04812,1,0,0
0.08,0.3,0.071336,1,0,0
0.1,0.3,0.055441,1,0,0
0.12,0.3,0.041015,1,0,0
0.14,0.3,0.053169,1,0,0
0.16,0.3,0.049094,1,0,0
0.18,0.3,0.023383,1,0,0
0.2,0.3,0.01176,1,0,0
0.22,0.3,0.011891,1,0,0
0.24,0.3,0.019509,1,0,0
0.26,0.3,0.013471,1,0,0
0.28,0.3,0.0068474,1,0,0
0.3,0.3,0.023892,1,0,0
0.32,0.3,0.030033,1,0,0
0.34,0.3,0.006115,1,0,0
0.36,0.3,0.036452,1,0,0
0.38,0.3,0.021858,1,0,0
0.4,0.3,-0.0055216,1,0,0
0.42,0.3,-0.010955,1,0,0
0.44,0.3,0.006716,1,0,0
0.46,0.3,-0.011134,1,0,0
0.48,0.3,0.016791,1,0,0
0.5,0.3,0.022465,1,0,0
0.52,0.3,0.01744,1,0,0
0.54,0.3,0.019329,1,0,0
0.56,0.3,0.01752,1,0,0
0.58,0.3,0.0051752,1,0,0
0.6,0.3,-0.026406,1,0,0
0.62,0.3,-0.039213,1,0,0
0.64,0.3,-0.030665,1,0,0
0.66,0.3,0.023554,1,0,0
0.68,0.3,0.018634,1,0,0
0.7,0.3,-0.0083547,1,0,0
0.72,0.3,0.0047675,1,0,0
0.74,0.3,0.035761,1,0,0
0.76,0.3,0.030847,1,0,0
0.78,0.3,0.036386,1,0,0
0.8,0.3,0.028044,1,0,0
0.82,0.3,0.035103,1,0,0
0.84,0.3,0.043112,1,0,0
0.86,0.3,0.050825,1,0,0
0.88,0.3,0.043152,1,0,0
0.9,0.3,0.047419,1,0,0
0.92,0.3,0.055369,1,0,0
0.94,0.3,0.072599,1,0,0
0.96,0.3,0.044595,1,0,0
0.98,0.3,0.054463,1,0,0
0.02,0.32,0.057774,1,0,0
0.04,0.32,0.065778,1,0,0
0.06,0.32,0.072584,1,0,0
0.08,0.32,0.056156,1,0,0
0.1,0.32,0.060454,1,0,0
0.12,0.32,0.068087,1,0,0
0.14,0.32,0.055269,1,0,0
0.16,0.32,0.039773,1,0,0
0.18,0.32,0.032538,1,0,0
0.2,0.32,0.03341,1,0,0
0.22,0.32,0.0097143,1,0,0
0.24,0.32,0.024798,1,0,0
0.26,0.32,-0.00077139,1,0,0
0.28,0.32,0.0043736,1,0,0
0.3,0.32,0.027789,1,0,0
0.32,0.32,0.019599,1,0,0
0.34,0.32,0.015423,1,0,0
0.36,0.32,0.012524,1,0,0
0.38,0.32,0.030968,1,0,0
0.4,0.32,0.020074,1,0,0
0.42,0.32,0.012527,1,0,0
0.44,0.32,-0.010105,1,0,0
0.46,0.32,-0.038258,1,0,0
0.48,0.32,-0.0090794,1,0,0
0.5,0.32,-0.0018839,1,0,0
0.52,0.32,-0.0050098,1,0,0
0.54,0.32,0.018661,1,0,0
0.56,0.32,-0.00010692,1,0,0
0.58,0.32,-0.020997,1,0,0
0.6,0.32,-0.035523,1,0,0
0.62,0.32,-0.037387,1,0,0
0.64,0.32,-0.05875,1,0,0
0.66,0.32,-0.038673,1,0,0
0.68,0.32,-0.0043719,1,0,0
0.7,0.32,-0.0082784,1,0,0
0.72,0.32,0.016328,1,0,0
0.74,0.32,0.030651,1,0,0
0.76,0.32,0.020723,1,0,0
0.78,0.32,0.027882,1,0,0
0.8,0.32,0.040293,1,0,0
0.82,0.32,0.062714,1,0,0
0.84,0.32,0.053295,1,0,0
0.86,0.32,0.057139,1,0,0
0.88,0.32,0.043805,1,0,0
0.9,0.32,0.052239,1,0,0
0.92,0.32,0.077595,1,0,0
0.94,0.32,0.046746,1,0,0
0.96,0.32,0.050541,1,0,0
0.98,0.32,0.054846,1,0,0
0.02,0.34,0.043796,1,0,0
0.04,0.34,0.074123,1,0,0
0.06,0.34,0.080273,1,0,0
0.08,0.34,0.066638,1,0,0
0.1,0.34,0.07,1,0,0
0.12,0.34,0.078102,1,0,0
0.14,0.34,0.081647,1,0,0
0.16,0.34,0.050715,1,0,0
0.18,0.34,0.045411,1,0,0
0.2,0.34,0.031878,1,0,0
0.22,0.34,0.014977,1,0,0
0.24,0.34,-0.0043781,1,0,0
0.26,0.34,0.012714,1,0,0
0.28,0.34,1.782e-05,1,0,0
0.3,0.34,0.019676,1,0,0
0.32,0.34,0.031865,1,0,0
0.34,0.34,0.020946,1,0,0
0.36,0.34,0.019976,1,0,0
0.38,0.34,0.032561,1,0,0
0.4,0.34,0.03041,1,0,0
0.42,0.34,0.025871,1,0,0
0.44,0.34,-0.011271,1,0,0
0.46,0.34,-0.035491,1,0,0
0.48,0.34,-0.018346,1,0,0
0.5,0.34,-0.010095,1,0,0
0.52,0.34,-0.022907,1,0,0
0.54,0.34,-0.00037823,1,0,0
0.56,0.34,-0.011622,1,0,0
0.58,0.34,-0.03253,1,0,0
0.6,0.34,-0.029266,1,0,0
0.62,0.34,-0.043114,1,0,0
0.64,0.34,-0.059182,1,0,0
0.66,0.34,-0.040142,1,0,0
0.68,0.34,-0.020631,1,0,0
0.7,0.34,-0.0037088,1,0,0
0.72,0.34,0.029758,1,0,0
0.74,0.34,0.03494,1,0,0
0.76,0.34,0.027067,1,0,0
0.78,0.34,0.032682,1,0,0
0.8,0.34,0.071065,1,0,0
0.82,0.34,0.074867,1,0,0
0.84,0.34,0.081189,1,0,0
0.86,0.34,0.07702,1,0,0
0.88,0.34,0.069208,1,0,0
0.9,0.34,0.061551,1,0,0
0.92,0.34,0.06572,1,0,0
0.94,0.34,0.060125,1,0,0
0.96,0.34,0.040022,1,0,0
0.98,0.34,0.060227,1,0,0
0.02,0.36,0.033742,1,0,0
0.04,0.36,0.063805,1,0,0
0.06,0.36,0.085526,1,0,0
0.08,0.36,0.080268,1,0,0
0.1,0.36,0.0765,1,0,0
0.12,0.36,0.073324,1,0,0
0.14,0.36,0.082067,1,0,0
0.16,0.36,0.071901,1,0,0
0.18,0.36,0.049313,1,0,0
0.2,0.36,0.011544,1,0,0
0.22,0.36,-0.0093464,1,0,0
0.24,0.36,-0.010126,1,0,0
0.26,0.36,0.003209,1,0,0
0.28,0.36,0.0063167,1,0,0
0.3,0.36,0.024924,1,0,0
0.32,0.36,0.023261,1,0,0
0.34,0.36,0.021723,1,0,0
0.36,0.36,0.022191,1,0,0
0.38,0.36,0.01532,1,0,0
0.4,0.36,0.0015819,1,0,0
0.42,0.36,0.011879,1,0,0
0.44,0.36,-0.019861,1,0,0
0.46,0.36,-0.042455,1,0,0
0.48,0.36,-0.03183,1,0,0
0.5,0.36,-0.021435,1,0,0
0.52,0.36,-0.0451,1,0,0
0.54,0.36,-0.060043,1,0,0
0.56,0.36,-0.039463,1,0,0
0.58,0.36,-0.055023,1,0,0
0.6,0.36,-0.060645,1,0,0
0.62,0.36,-0.064779,1,0,0
0.64,0.36,-0.059371,1,0,0
0.66,0.36,-0.054673,1,0,0
0.68,0.36,-0.022581,1,0,0
0.7,0.36,-0.0056073,1,0,0
0.72,0.36,-0.0021307,1,0,0
0.74,0.36,0.026919,1,0,0
0.76,0.36,0.029541,1,0,0
0.78,0.36,0.040637,1,0,0
0.8,0.36,0.051844,1,0,0
0.82,0.36,0.06564,1,0,0
0.84,0.36,0.079165,1,0,0
0.86,0.36,0.073138,1,0,0
0.88,0.36,0.056168,1,0,0
0.9,0.36,0.059732,1,0,0
0.92,0.36,0.053557,1,0,0
0.94,0.36,0.047279,1,0,0
0.96,0.36,0.046392,1,0,0
0.98,0.36,0.049977,1,0,0
0.02,0.38,0.048572,1,0,0
0.04,0.38,0.048778,1,0,0
0.06,0.38,0.07121,1,0,0
0.08,0.38,0.059318,1,0,0
0.1,0.38,0.041829,1,0,0
0.12,0.38,0.046071,1,0,0
0.14,0.38,0.089513,1,0,0
0.16,0.38,0.084473,1,0,0
0.18,0.38,0.042767,1,0,0
0.2,0.38,0.026769,1,0,0
0.22,0.38,-0.0076637,1,0,0
0.24,0.38,-0.0062584,1,0,0
0.26,0.38,-0.01705,1,0,0
0.28,0.38,-0.00040919,1,0,0
0.3,0.38,0.0052945,1,0,0
0.32,0.38,0.031772,1,0,0
0.34,0.38,0.026098,1,0,0
0.36,0.38,0.0031996,1,0,0
0.38,0.38,0.0051484,1,0,0
0.4,0.38,-0.0050646,1,0,0
0.42,0.38,-0.021209,1,0,0
0.44,0.38,-0.0063795,1,0,0
0.46,0.38,-0.047585,1,0,0
0.48,0.38,-0.043763,1,0,0
0.5,0.38,-0.049873,1,0,0
0.52,0.38,-0.057884,1,0,0
0.54,0.38,-0.0611,1,0,0
0.56,0.38,-0.071711,1,0,0
0.58,0.38,-0.059098,1,0,0
0.6,0.38,-0.061703,1,0,0
0.62,0.38,-0.077665,1,0,0
0.64,0.38,-0.082845,1,0,0
0.66,0.38,-0.048436,1,0,0
0.68,0.38,-0.032827,1,0,0
0.7,0.38,-0.024459,1,0,0
0.72,0.38,0.0013752,1,0,0
0.74,0.38,0.031678,1,0,0
0.76,0.38,0.032073,1,0,0
0.78,0.38,0.053684,1,0,0
0.8,0.38,0.053743,1,0,0
0.82,0.38,0.069283,1,0,0
0.84,0.38,0.044493,1,0,0
0.86,0.38,0.053577,1,0,0
0.88,0.38,0.042689,1,0,0
0.9,0.38,0.043482,1,0,0
0.92,0.38,0.057413,1,0,0
0.94,0.38,0.055977,1,0,0
0.96,0.38,0.056579,1,0,0
0.98,0.38,0.045104,1,0,0
0.02,0.4,0.06409,1,0,0
0.04,0.4,0.072376,1,0,0
0.06,0.4,0.046171,1,0,0
0.08,0.4,0.050329,1,0,0
0.1,0.4,0.044613,1,0,0
0.12,0.4,0.062627,1,0,0
0.14,0.4,0.09473,1,0,0
0.16,0.4,0.080598,1,0,0
0.18,0.4,0.03969,1,0,0
0.2,0.4,0.031283,1,0,0
0.22,0.4,0.034894,1,0,0
0.24,0.4,0.017812,1,0,0
0.26,0.4,-0.0014767,1,0,0
0.28,0.4,0.012307,1,0,0
0.3,0.4,0.035805,1,0,0
0.32,0.4,0.046783,1,0,0
0.34,0.4,0.012979,1,0,0
0.36,0.4,0.0040026,1,0,0
0.38,0.4,-0.019131,1,0,0
0.4,0.4,0.0081271,1,0,0
0.42,0.4,-0.0078327,1,0,0
0.44,0.4,0.024789,1,0,0
0.46,0.4,-0.0071557,1,0,0
0.48,0.4,-0.020182,1,0,0
0.5,0.4,-0.020448,1,0,0
0.52,0.4,-0.023342,1,0,0
0.54,0.4,-0.063667,1,0,0
0.56,0.4,-0.06998,1,0,0
0.58,0.4,-0.062153,1,0,0
0.6,0.4,-0.08488,1,0,0
0.62,0.4,-0.060024,1,0,0
0.64,0.4,-0.060677,1,0,0
0.66,0.4,-0.04816,1,0,0
0.68,0.4,-0.022629,1,0,0
0.7,0.4,0.0073925,1,0,0
0.72,0.4,0.027441,1,0,0
0.74,0.4,0.052547,1,0,0
0.76,0.4,0.055126,1,0,0
0.78,0.4,0.079745,1,0,0
0.8,0.4,0.084377,1,0,0
0.82,0.4,0.083318,1,0,0
0.84,0.4,0.054678,1,0,0
0.86,0.4,0.046765,1,0,0
0.88,0.4,0.044372,1,0,0
0.9,0.4,0.071646,1,0,0
0.92,0.4,0.038276,1,0,0
0.94,0.4,0.055408,1,0,0
0.96,0.4,0.040583,1,0,0
0.98,0.4,0.053645,1,0,0
0.02,0.42,0.051933,1,0,0
0.04,0.42,0.059069,1,0,0
0.06,0.42,0.047169,1,0,0
0.08,0.42,0.058309,1,0,0
0.1,0.42,0.044511,1,0,0
0.12,0.42,0.083338,1,0,0
0.14,0.42,0.086672,1,0,0
0.16,0.42,0.080774,1,0,0
0.18,0.42,0.029999,1,0,0
0.2,0.42,0.033565,1,0,0
0.22,0.42,0.024265,1,0,0
0.24,0.42,0.015306,1,0,0
0.26,0.42,0.021223,1,0,0
0.28,0.42,0.040994,1,0,0
0.3,0.42,0.024439,1,0,0
0.32,0.42,0.054891,1,0,0
0.34,0.42,0.034329,1,0,0
0.36,0.42,-0.011301,1,0,0
0.38,0.42,-0.019398,1,0,0
0.4,0.42,0.0012824,1,0,0
0.42,0.42,0.0059014,1,0,0
0.44,0.42,0.029877,1,0,0
0.46,0.42,0.032072,1,0,0
0.48,0.42,0.010732,1,0,0
0.5,0.42,0.00060632,1,0,0
0.52,0.42,-0.022213,1,0,0
0.54,0.42,-0.041128,1,0,0
0.56,0.42,-0.042733,1,0,0
0.58,0.42,-0.070461,1,0,0
0.6,0.42,-0.082279,1,0,0
0.62,0.42,-0.098157,1,0,0
0.64,0.42,-0.075025,1,0,0
0.66,0.42,-0.050258,1,0,0
0.68,0.42,-0.021718,1,0,0
0.7,0.42,0.02721,1,0,0
0.72,0.42,0.035268,1,0,0
0.74,0.42,0.070166,1,0,0
0.76,0.42,0.077074,1,0,0
0.78,0.42,0.086311,1,0,0
0.8,0.42,0.083451,1,0,0
0.82,0.42,0.077662,1,0,0
0.84,0.42,0.05647,1,0,0
0.86,0.42,0.058957,1,0,0
0.88,0.42,0.04514,1,0,0
0.9,0.42,0.055684,1,0,0
0.92,0.42,0.028856,1,0,0
0.94,0.42,0.049944,1,0,0
0.96,0.42,0.048561,1,0,0
0.98,0.42,0.053186,1,0,0
0.02,0.44,0.065285,1,0,0
0.04,0.44,0.076114,1,0,0
0.06,0.44,0.055716,1,0,0
0.08,0.44,0.046572,1,0,0
0.1,0.44,0.046274,1,0,0
0.12,0.44,0.047663,1,0,0
0.14,0.44,0.067236,1,0,0
0.16,0.44,0.058078,1,0,0
0.18,0.44,0.017181,1,0,0
0.2,0.44,0.017904,1,0,0
0.22,0.44,-0.0080408,1,0,0
0.24,0.44,0.021733,1,0,0
0.26,0.44,0.03932,1,0,0
0.28,0.44,0.045283,1,0,0
0.3,0.44,0.028004,1,0,0
0.32,0.44,0.042414,1,0,0
0.34,0.44,0.042432,1,0,0
0.36,0.44,0.011671,1,0,0
0.38,0.44,0.015392,1,0,0
0.4,0.44,0.045221,1,0,0
0.42,0.44,0.047528,1,0,0
0.44,0.44,0.045123,1,0,0
0.46,0.44,0.049571,1,0,0
0.48,0.44,0.023819,1,0,0
0.5,0.44,0.0034051,1,0,0
0.52,0.44,-0.0148,1,0,0
0.54,0.44,-0.022982,1,0,0
0.56,0.44,-0.028897,1,0,0
0.58,0.44,-0.033557,1,0,0
0.6,0.44,-0.076703,1,0,0
0.62,0.44,-0.075034,1,0,0
0.64,0.44,-0.064019,1,0,0
0.66,0.44,-0.027403,1,0,0
0.68,0.44,0.020786,1,0,0
0.7,0.44,0.027484,1,0,0
0.72,0.44,0.049667,1,0,0
0.74,0.44,0.080357,1,0,0
0.76,0.44,0.089189,1,0,0
0.78,0.44,0.089805,1,0,0
0.8,0.44,0.074634,1,0,0
0.82,0.44,0.064239,1,0,0
0.84,0.44,0.081473,1,0,0
0.86,0.44,0.066838,1,0,0
0.88,0.44,0.066083,1,0,0
0.9,0.44,0.057388,1,0,0
0.92,0.44,0.050974,1,0,0
0.94,0.44,0.055798,1,0,0
0.96,0.44,0.06287,1,0,0
0.98,0.44,0.05365,1,0,0
0.02,0.46,0.068032,1,0,0
0.04,0.46,0.067641,1,0,0
0.06,0.46,0.039866,1,0,0
0.08,0.46,0.036354,1,0,0
0.1,0.46,0.034752,1,0,0
0.12,0.46,0.03411,1,0,0
0.14,0.46,0.036714,1,0,0
0.16,0.46,0.034208,1,0,0
0.18,0.46,0.010181,1,0,0
0.2,0.46,-0.0082601,1,0,0
0.22,0.46,-0.0028494,1,0,0
0.24,0.46,-0.00088322,1,0,0
0.26,0.46,0.003119,1,0,0
0.28,0.46,0.024032,1,0,0
0.3,0.46,0.051878,1,0,0
0.32,0.46,0.044104,1,0,0
0.34,0.46,0.04215,1,0,0
0.36,0.46,0.0088416,1,0,0
0.38,0.46,0.038123,1,0,0
0.4,0.46,0.050005,1,0,0
0.42,0.46,0.055443,1,0,0
0.44,0.46,0.066316,1,0,0
0.46,0.46,0.039668,1,0,0
0.48,0.46,0.023621,1,0,0
0.5,0.46,0.021121,1,0,0
0.52,0.46,-0.0080655,1,0,0
0.54,0.46,-0.015344,1,0,0
0.56,0.46,-0.026121,1,0,0
0.58,0.46,-0.038831,1,0,0
0.6,0.46,-0.063486,1,0,0
0.62,0.46,-0.077297,1,0,0
0.64,0.46,-0.063953,1,0,0
0.66,0.46,-0.03892,1,0,0
0.68,0.46,0.0019388,1,0,0
0.7,0.46,0.03564,1,0,0
0.72,0.46,0.060777,1,0,0
0.74,0.46,0.061568,1,0,0
0.76,0.46,0.074671,1,0,0
0.78,0.46,0.063356,1,0,0
0.8,0.46,0.062528,1,0,0
0.82,0.46,0.070066,1,0,0
0.84,0.46,0.081764,1,0,0
0.86,0.46,0.05672,1,0,0
0.88,0.46,0.043528,1,0,0
0.9,0.46,0.05757,1,0,0
0.92,0.46,0.065172,1,0,0
0.94,0.46,0.048404,1,0,0
0.96,0.46,0.05741,1,0,0
0.98,0.46,0.039265,1,0,0
0.02,0.48,0.05786,1,0,0
0.04,0.48,0.046651,1,0,0
0.06,0.48,0.028433,1,0,0
0.08,0.48,0.023511,1,0,0
0.1,0.48,0.005441,1,0,0
0.12,0.48,0.0097922,1,0,0
0.14,0.48,0.024768,1,0,0
0.16,0.48,0.023925,1,0,0
0.18,0.48,-0.010117,1,0,0
0.2,0.48,0.0015376,1,0,0
0.22,0.48,-0.00020337,1,0,0
0.24,0.48,-0.012713,1,0,0
0.26,0.48,-0.0011272,1,0,0
0.28,0.48,0.01962,1,0,0
0.3,0.48,0.053646,1,0,0
0.32,0.48,0.043388,1,0,0
0.34,0.48,0.018854,1,0,0
0.36,0.48,0.018885,1,0,0
0.38,0.48,0.040205,1,0,0
0.4,0.48,0.054967,1,0,0
0.42,0.48,0.05857,1,0,0
0.44,0.48,0.054613,1,0,0
0.46,0.48,0.072255,1,0,0
0.48,0.48,0.04713,1,0,0
0.5,0.48,0.043112,1,0,0
0.52,0.48,0.026661,1,0,0
0.54,0.48,-0.0090076,1,0,0
0.56,0.48,-0.032237,1,0,0
0.58,0.48,-0.049036,1,0,0
0.6,0.48,-0.048237,1,0,0
0.62,0.48,-0.065248,1,0,0
0.64,0.48,-0.048845,1,0,0
0.66,0.48,-0.017663,1,0,0
0.68,0.48,-0.0046666,1,0,0
0.7,0.48,0.018423,1,0,0
0.72,0.48,0.058316,1,0,0
0.74,0.48,0.080462,1,0,0
0.76,0.48,0.054255,1,0,0
0.78,0.48,0.062135,1,0,0
0.8,0.48,0.079319,1,0,0
0.82,0.48,0.070427,1,0,0
0.84,0.48,0.080691,1,0,0
0.86,0.48,0.055855,1,0,0
0.88,0.48,0.048508,1,0,0
0.9,0.48,0.050793,1,0,0
0.92,0.48,0.046259,1,0,0
0.94,0.48,0.040092,1,0,0
0.96,0.48,0.02627,1,0,0
0.98,0.48,0.0049371,1,0,0
0.02,0.5,0.034111,1,0,0
0.04,0.5,0.042795,1,0,0
0.06,0.5,0.018612,1,0,0
0.08,0.5,-0.0014605,1,0,0
0.1,0.5,-0.017886,1,0,0
0.12,0.5,-0.027602,1,0,0
0.14,0.5,0.00039881,1,0,0
0.16,0.5,0.019338,1,0,0
0.18,0.5,0.029209,1,0,0
0.2,0.5,0.023084,1,0,0
0.22,0.5,0.010339,1,0,0
0.24,0.5,-0.0069176,1,0,0
0.26,0.5,-0.011959,1,0,0
0.28,0.5,0.027109,1,0,0
0.3,0.5,0.037741,1,0,0
0.32,0.5,0.036764,1,0,0
0.34,0.5,0.023392,1,0,0
0.36,0.5,0.054013,1,0,0
0.38,0.5,0.049289,1,0,0
0.4,0.5,0.061225,1,0,0
0.42,0.5,0.058757,1,0,0
0.44,0.5,0.067117,1,0,0
0.46,0.5,0.047061,1,0,0
0.48,0.5,0.063245,1,0,0
0.5,0.5,0.052349,1,0,0
0.52,0.5,0.0076154,1,0,0
0.54,0.5,0.010162,1,0,0
0.56,0.5,0.0038549,1,0,0
0.58,0.5,-0.0014058,1,0,0
0.6,0.5,-0.025729,1,0,0
0.62,0.5,-0.03682,1,0,0
0.64,0.5,-0.03205,1,0,0
0.66,0.5,-0.0014365,1,0,0
0.68,0.5,0.0025684,1,0,0
0.7,0.5,0.02838,1,0,0
0.72,0.5,0.049737,1,0,0
0.74,0.5,0.07346,1,0,0
0.76,0.5,0.073112,1,0,0
0.78,0.5,0.0633,1,0,0
0.8,0.5,0.073526,1,0,0
0.82,0.5,0.073424,1,0,0
0.84,0.5,0.090556,1,0,0
0.86,0.5,0.063173,1,0,0
0.88,0.5,0.036214,1,0,0
0.9,0.5,0.036952,1,0,0
0.92,0.5,0.044327,1,0,0
0.94,0.5,0.042431,1,0,0
0.96,0.5,0.034496,1,0,0
0.98,0.5,0.010982,1,0,0
0.02,0.52,0.015562,1,0,0
0.04,0.52,0.038167,1,0,0
0.06,0.52,0.0037543,1,0,0
0.08,0.52,-0.0017968,1,0,0
0.1,0.52,-0.018739,1,0,0
0.12,0.52,-0.010866,1,0,0
0.14,0.52,0.010175,1,0,0
0.16,0.52,0.024881,1,0,0
0.18,0.52,0.018247,1,0,0
0.2,0.52,0.037733,1,0,0
0.22,0.52,-0.0039633,1,0,0
0.24,0.52,0.0083088,1,0,0
0.26,0.52,0.020455,1,0,0
0.28,0.52,0.036066,1,0,0
0.3,0.52,0.033737,1,0,0
0.32,0.52,0.032665,1,0,0
0.34,0.52,0.03658,1,0,0
0.36,0.52,0.049991,1,0,0
0.38,0.52,0.05487,1,0,0
0.4,0.52,0.068065,1,0,0
0.42,0.52,0.059918,1,0,0
0.44,0.52,0.046886,1,0,0
0.46,0.52,0.026758,1,0,0
0.48,0.52,0.062195,1,0,0
0.5,0.52,0.038872,1,0,0
0.52,0.52,0.018606,1,0,0
0.54,0.52,0.024541,1,0,0
0.56,0.52,0.025172,1,0,0
0.58,0.52,0.0082404,1,0,0
0.6,0.52,-0.0044001,1,0,0
0.62,0.52,-0.031277,1,0,0
0.64,0.52,-0.016979,1,0,0
0.66,0.52,0.022723,1,0,0
0.68,0.52,0.030306,1,0,0
0.7,0.52,0.018361,1,0,0
0.72,0.52,0.047855,1,0,0
0.74,0.52,0.072951,1,0,0
0.76,0.52,0.057285,1,0,0
0.78,0.52,0.066941,1,0,0
0.8,0.52,0.048747,1,0,0
0.82,0.52,0.065768,1,0,0
0.84,0.52,0.071282,1,0,0
0.86,0.52,0.076616,1,0,0
0.88,0.52,0.036052,1,0,0
0.9,0.52,0.039127,1,0,0
0.92,0.52,0.042299,1,0,0
0.94,0.52,0.045194,1,0,0
0.96,0.52,0.012695,1,0,0
0.98,0.52,0.012712,1,0,0
0.02,0.54,0.00040565,1,0,0
0.04,0.54,0.0081698,1,0,0
0.06,0.54,-0.021988,1,0,0
0.08,0.54,-0.011343,1,0,0
0.1,0.54,-0.016243,1,0,0
0.12,0.54,0.0096598,1,0,0
0.14,0.54,-0.018551,1,0,0
0.16,0.54,-0.0098307,1,0,0
0.18,0.54,-0.015876,1,0,0
0.2,0.54,0.019921,1,0,0
0.22,0.54,-0.0023016,1,0,0
0.24,0.54,0.0074703,1,0,0
0.26,0.54,0.00069591,1,0,0
0.28,0.54,0.019829,1,0,0
0.3,0.54,0.028805,1,0,0
0.32,0.54,0.042134,1,0,0
0.34,0.54,0.017552,1,0,0
0.36,0.54,0.020689,1,0,0
0.38,0.54,0.025105,1,0,0
0.4,0.54,0.056315,1,0,0
0.42,0.54,0.043544,1,0,0
0.44,0.54,0.032229,1,0,0
0.46,0.54,0.027244,1,0,0
0.48,0.54,0.033909,1,0,0
0.5,0.54,0.021066,1,0,0
0.52,0.54,0.007495,1,0,0
0.54,0.54,0.021323,1,0,0
0.56,0.54,0.025706,1,0,0
0.58,0.54,-0.0022034,1,0,0
0.6,0.54,-0.0015407,1,0,0
0.62,0.54,-0.017129,1,0,0
0.64,0.54,-0.011845,1,0,0
0.66,0.54,0.018415,1,0,0
0.68,0.54,0.036758,1,0,0
0.7,0.54,0.049093,1,0,0
0.72,0.54,0.039746,1,0,0
0.74,0.54,0.052132,1,0,0
0.76,0.54,0.034067,1,0,0
0.78,0.54,0.023441,1,0,0
0.8,0.54,0.031458,1,0,0
0.82,0.54,0.05975,1,0,0
0.84,0.54,0.072452,1,0,0
0.86,0.54,0.058597,1,0,0
0.88,0.54,0.026379,1,0,0
0.9,0.54,0.045641,1,0,0
0.92,0.54,0.02527,1,0,0
0.94,0.54,0.015406,1,0,0
0.96,0.54,-0.013028,1,0,0
0.98,0.54,0.0057274,1,0,0
0.02,0.56,0.014153,1,0,0
0.04,0.56,0.018916,1,0,0
0.06,0.56,-0.018623,1,0,0
0.08,0.56,-0.015699,1,0,0
0.1,0.56,-0.01105,1,0,0
0.12,0.56,-0.0082401,1,0,0
0.14,0.56,-0.0017103,1,0,0
0.16,0.56,-0.0098201,1,0,0
0.18,0.56,-0.024427,1,0,0
0.2,0.56,0.0016137,1,0,0
0.22,0.56,0.013411,1,0,0
0.24,0.56,0.017869,1,0,0
0.26,0.56,0.013178,1,0,0
0.28,0.56,0.013821,1,0,0
0.3,0.56,0.015545,1,0,0
0.32,0.56,0.027506,1,0,0
0.34,0.56,0.0025607,1,0,0
0.36,0.56,0.028189,1,0,0
0.38,0.56,0.038821,1,0,0
0.4,0.56,0.043304,1,0,0
0.42,0.56,0.023657,1,0,0
0.44,0.56,0.03603,1,0,0
0.46,0.56,0.021461,1,0,0
0.48,0.56,0.018086,1,0,0
0.5,0.56,0.010663,1,0,0
0.52,0.56,0.0018271,1,0,0
0.54,0.56,0.02202,1,0,0
0.56,0.56,0.026943,1,0,0
0.58,0.56,0.0046974,1,0,0
0.6,0.56,-0.0077543,1,0,0
0.62,0.56,-0.015993,1,0,0
0.64,0.56,0.0040698,1,0,0
0.66,0.56,0.030912,1,0,0
0.68,0.56,0.026419,1,0,0
0.7,0.56,0.031255,1,0,0
0.72,0.56,0.023953,1,0,0
0.74,0.56,0.040271,1,0,0
0.76,0.56,0.040191,1,0,0
0.78,0.56,0.020335,1,0,0
0.8,0.56,0.023629,1,0,0
0.82,0.56,0.03882,1,0,0
0.84,0.56,0.058201,1,0,0
0.86,0.56,0.053217,1,0,0
0.88,0.56,0.048314,1,0,0
0.9,0.56,0.052595,1,0,0
0.92,0.56,0.020685,1,0,0
0.94,0.56,0.015319,1,0,0
0.96,0.56,-0.010497,1,0,0
0.98,0.56,0.0012777,1,0,0
0.02,0.58,0.0027771,1,0,0
0.04,0.58,0.0010108,1,0,0
0.06,0.58,0.0038027,1,0,0
0.08,0.58,-0.0013789,1,0,0
0.1,0.58,-0.0035372,1,0,0
0.12,0.58,-0.025555,1,0,0
0.14,0.58,0.0011145,1,0,0
0.16,0.58,-0.0085805,1,0,0
0.18,0.58,-0.014884,1,0,0
0.2,0.58,0.0062852,1,0,0
0.22,0.58,-0.001689,1,0,0
0.24,0.58,0.0074611,1,0,0
0.26,0.58,0.0058299,1,0,0
0.28,0.58,0.0084173,1,0,0
0.3,0.58,0.023738,1,0,0
0.32,0.58,0.013492,1,0,0
0.34,0.58,0.018788,1,0,0
0.36,0.58,0.011722,1,0,0
0.38,0.58,0.02897,1,0,0
0.4,0.58,0.014997,1,0,0
0.42,0.58,0.013572,1,0,0
0.44,0.58,0.037804,1,0,0
0.46,0.58,0.035197,1,0,0
0.48,0.58,0.032127,1,0,0
0.5,0.58,0.025298,1,0,0
0.52,0.58,0.02891,1,0,0
0.54,0.58,0.0080188,1,0,0
0.56,0.58,0.029566,1,0,0
0.58,0.58,0.024879,1,0,0
0.6,0.58,-0.0086248,1,0,0
0.62,0.58,-0.044436,1,0,0
0.64,0.58,-0.0076938,1,0,0
0.66,0.58,0.021081,1,0,0
0.68,0.58,0.034872,1,0,0
0.7,0.58,0.011939,1,0,0
0.72,0.58,0.021926,1,0,0
0.74,0.58,0.048243,1,0,0
0.76,0.58,0.028846,1,0,0
0.78,0.58,0.04761,1,0,0
0.8,0.58,0.040572,1,0,0
0.82,0.58,0.045041,1,0,0
0.84,0.58,0.040054,1,0,0
0.86,0.58,0.061943,1,0,0
0.88,0.58,0.040656,1,0,0
0.9,0.58,0.029798,1,0,0
0.92,0.58,0.032218,1,0,0
0.94,0.58,0.029345,1,0,0
0.96,0.58,0.012256,1,0,0
0.98,0.58,-0.014474,1,0,0
0.02,0.6,0.010084,1,0,0
0.04,0.6,0.0060212,1,0,0
0.06,0.6,0.00088017,1,0,0
0.08,0.6,-0.01039,1,0,0
0.1,0.6,-0.0031855,1,0,0
0.12,0.6,-0.015522,1,0,0
0.14,0.6,0.0071053,1,0,0
0.16,0.6,-0.0097155,1,0,0
0.18,0.6,-0.015807,1,0,0
0.2,0.6,-0.019608,1,0,0
0.22,0.6,-0.0018761,1,0,0
0.24,0.6,-0.0049965,1,0,0
0.26,0.6,0.0028063,1,0,0
0.28,0.6,0.0038822,1,0,0
0.3,0.6,0.0016069,1,0,0
0.32,0.6,0.0060684,1,0,0
0.34,0.6,-0.0049974,1,0,0
0.36,0.6,-0.0075569,1,0,0
0.38,0.6,-0.00275,1,0,0
0.4,0.6,0.010152,1,0,0
0.42,0.6,0.015342,1,0,0
0.44,0.6,0.052493,1,0,0
0.46,0.6,0.031754,1,0,0
0.48,0.6,0.047025,1,0,0
0.5,0.6,0.074371,1,0,0
0.52,0.6,0.032519,1,0,0
0.54,0.6,0.0078099,1,0,0
0.56,0.6,0.0040761,1,0,0
0.58,0.6,-0.0035343,1,0,0
0.6,0.6,-0.030452,1,0,0
0.62,0.6,-0.023202,1,0,0
0.64,0.6,0.0022421,1,0,0
0.66,0.6,0.021917,1,0,0
0.68,0.6,0.0067311,1,0,0
0.7,0.6,0.0065725,1,0,0
0.72,0.6,0.00015808,1,0,0
0.74,0.6,0.020548,1,0,0
0.76,0.6,0.045898,1,0,0
0.78,0.6,0.044015,1,0,0
0.8,0.6,0.058266,1,0,0
0.82,0.6,0.054326,1,0,0
0.84,0.6,0.054616,1,0,0
0.86,0.6,0.041863,1,0,0
0.88,0.6,0.042638,1,0,0
0.9,0.6,0.033338,1,0,0
0.92,0.6,0.024102,1,0,0
0.94,0.6,0.016696,1,0,0
0.96,0.6,-0.0094605,1,0,0
0.98,0.6,-0.042233,1,0,0
0.02,0.62,-0.0021169,1,0,0
0.04,0.62,0.0062499,1,0,0
0.06,0.62,0.013076,1,0,0
0.08,0.62,0.011739,1,0,0
0.1,0.62,-0.015211,1,0,0
0.12,0.62,-0.0090639,1,0,0
0.14,0.62,0.0022258,1,0,0
0.16,0.62,-0.018783,1,0,0
0.18,0.62,-0.024375,1,0,0
0.2,0.62,-0.0051771,1,0,0
0.22,0.62,-0.0085438,1,0,0
0.24,0.62,-0.036962,1,0,0
0.26,0.62,-0.025403,1,0,0
0.28,0.62,-0.026597,1,0,0
0.3,0.62,-0.014403,1,0,0
0.32,0.62,-0.0024511,1,0,0
0.34,0.62,-0.0092814,1,0,0
0.36,0.62,-0.022118,1,0,0
0.38,0.62,-0.020779,1,0,0
0.4,0.62,0.023586,1,0,0
0.42,0.62,0.011624,1,0,0
0.44,0.62,0.022332,1,0,0
0.46,0.62,0.040284,1,0,0
0.48,0.62,0.032042,1,0,0
0.5,0.62,0.041042,1,0,0
0.52,0.62,0.025756,1,0,0
0.54,0.62,-0.00492,1,0,0
0.56,0.62,-0.0094531,1,0,0
0.58,0.62,-0.01231,1,0,0
0.6,0.62,-0.016237,1,0,0
0.62,0.62,0.0023492,1,0,0
0.64,0.62,-0.0089578,1,0,0
0.66,0.62,-0.012304,1,0,0
0.68,0.62,-0.0044182,1,0,0
0.7,0.62,-0.0083663,1,0,0
0.72,0.62,-0.01394,1,0,0
0.74,0.62,0.0063088,1,0,0
0.76,0.62,-0.00027832,1,0,0
0.78,0.62,0.0099547,1,0,0
0.8,0.62,0.055454,1,0,0
0.82,0.62,0.046843,1,0,0
0.84,0.62,0.0423,1,0,0
0.86,0.62,0.021348,1,0,0
0.88,0.62,0.020139,1,0,0
0.9,0.62,0.033372,1,0,0
0.92,0.62,0.017872,1,0,0
0.94,0.62,0.025093,1,0,0
0.96,0.62,-0.019808,1,0,0
0.98,0.62,-0.045155,1,0,0
0.02,0.64,-0.019863,1,0,0
0.04,0.64,0.013199,1,0,0
0.06,0.64,0.010718,1,0,0
0.08,0.64,0.011993,1,0,0
0.1,0.64,0.0023943,1,0,0
0.12,0.64,0.018832,1,0,0
0.14,0.64,0.012846,1,0,0
0.16,0.64,0.012843,1,0,0
0.18,0.64,-0.029006,1,0,0
0.2,0.64,-0.027118,1,0,0
0.22,0.64,-0.049396,1,0,0
0.24,0.64,-0.024012,1,0,0
0.26,0.64,-0.030238,1,0,0
0.28,0.64,-0.022591,1,0,0
0.3,0.64,-0.024446,1,0,0
0.32,0.64,-0.012729,1,0,0
0.34,0.64,-0.0051922,1,0,0
0.36,0.64,-0.021746,1,0,0
0.38,0.64,0.023422,1,0,0
0.4,0.64,0.023828,1,0,0
0.42,0.64,0.015416,1,0,0
0.44,0.64,0.019493,1,0,0
0.46,0.64,0.012182,1,0,0
0.48,0.64,0.028967,1,0,0
0.5,0.64,0.038976,1,0,0
0.52,0.64,0.023087,1,0,0
0.54,0.64,0.030118,1,0,0
0.56,0.64,0.020882,1,0,0
0.58,0.64,-0.0063068,1,0,0
0.6,0.64,0.013285,1,0,0
0.62,0.64,0.024103,1,0,0
0.64,0.64,0.019919,1,0,0
0.66,0.64,-0.0027356,1,0,0
0.68,0.64,0.0068813,1,0,0
0.7,0.64,-0.0013649,1,0,0
0.72,0.64,-0.019417,1,0,0
0.74,0.64,0.0036184,1,0,0
0.76,0.64,0.016025,1,0,0
0.78,0.64,0.021133,1,0,0
0.8,0.64,0.018105,1,0,0
0.82,0.64,0.046488,1,0,0
0.84,0.64,0.033263,1,0,0
0.86,0.64,0.02709,1,0,0
0.88,0.64,0.0099776,1,0,0
0.9,0.64,0.038836,1,0,0
0.92,0.64,0.030191,1,0,0
0.94,0.64,0.0087223,1,0,0
0.96,0.64,-0.00060891,1,0,0
0.98,0.64,-0.023794,1,0,0
0.02,0.66,-0.05504,1,0,0
0.04,0.66,-0.016197,1,0,0
0.06,0.66,0.010882,1,0,0
0.08,0.66,0.024762,1,0,0
0.1,0.66,0.014738,1,0,0
0.12,0.66,0.010647,1,0,0
0.14,0.66,0.014175,1,0,0
0.16,0.66,0.01691,1,0,0
0.18,0.66,-0.014162,1,0,0
0.2,0.66,-0.019246,1,0,0
0.22,0.66,-0.050804,1,0,0
0.24,0.66,-0.013871,1,0,0
0.26,0.66,-0.032448,1,0,0
0.28,0.66,-0.027341,1,0,0
0.3,0.66,-0.034404,1,0,0
0.32,0.66,-0.031033,1,0,0
0.34,0.66,-0.04722,1,0,0
0.36,0.66,-0.032441,1,0,0
0.38,0.66,-0.021062,1,0,0
0.4,0.66,0.015163,1,0,0
0.42,0.66,0.019317,1,0,0
0.44,0.66,0.02366,1,0,0
0.46,0.66,0.02024,1,0,0
0.48,0.66,0.025196,1,0,0
0.5,0.66,0.038231,1,0,0
0.52,0.66,0.018672,1,0,0
0.54,0.66,0.013069,1,0,0
0.56,0.66,0.0093456,1,0,0
0.58,0.66,0.024948,1,0,0
0.6,0.66,0.0097665,1,0,0
0.62,0.66,0.021735,1,0,0
0.64,0.66,-0.0024114,1,0,0
0.66,0.66,0.010398,1,0,0
0.68,0.66,0.021162,1,0,0
0.7,0.66,-0.010965,1,0,0
0.72,0.66,-0.030681,1,0,0
0.74,0.66,-0.020489,1,0,0
0.76,0.66,-0.030366,1,0,0
0.78,0.66,-0.00083899,1,0,0
0.8,0.66,0.030537,1,0,0
0.82,0.66,0.033942,1,0,0
0.84,0.66,0.04686,1,0,0
0.86,0.66,0.028797,1,0,0
0.88,0.66,0.0034482,1,0,0
0.9,0.66,0.0031322,1,0,0
0.92,0.66,-0.008984,1,0,0
0.94,0.66,-0.021122,1,0,0
0.96,0.66,-0.035305,1,0,0
0.98,0.66,-0.031126,1,0,0
0.02,0.68,-0.010948,1,0,0
0.04,0.68,-0.0025915,1,0,0
0.06,0.68,0.0042714,1,0,0
0.08,0.68,0.013092,1,0,0
0.1,0.68,-0.00028783,1,0,0
0.12,0.68,0.041494,1,0,0
0.14,0.68,0.040004,1,0,0
0.16,0.68,0.032662,1,0,0
0.18,0.68,-0.0069751,1,0,0
0.2,0.68,-0.0045685,1,0,0
0.22,0.68,-0.00076753,1,0,0
0.24,0.68,-0.0017131,1,0,0
0.26,0.68,-0.01996,1,0,0
0.28,0.68,-0.029532,1,0,0
0.3,0.68,-0.034209,1,0,0
0.32,0.68,-0.029834,1,0,0
0.34,0.68,-0.028163,1,0,0
0.36,0.68,-0.021555,1,0,0
0.38,0.68,-0.008977,1,0,0
0.4,0.68,0.014035,1,0,0
0.42,0.68,0.034854,1,0,0
0.44,0.68,0.037154,1,0,0
0.46,0.68,0.0078433,1,0,0
0.48,0.68,0.024397,1,0,0
0.5,0.68,0.065766,1,0,0
0.52,0.68,0.050948,1,0,0
0.54,0.68,0.044216,1,0,0
0.56,0.68,0.037136,1,0,0
0.58,0.68,0.023736,1,0,0
0.6,0.68,0.043539,1,0,0
0.62,0.68,0.029326,1,0,0
0.64,0.68,0.030324,1,0,0
0.66,0.68,0.037108,1,0,0
0.68,0.68,0.0023155,1,0,0
0.7,0.68,-0.0039182,1,0,0
0.72,0.68,-0.0080134,1,0,0
0.74,0.68,0.0040543,1,0,0
0.76,0.68,-0.0090761,1,0,0
0.78,0.68,0.020891,1,0,0
0.8,0.68,0.048892,1,0,0
0.82,0.68,0.036733,1,0,0
0.84,0.68,0.023653,1,0,0
0.86,0.68,0.034201,1,0,0
0.88,0.68,0.0047812,1,0,0
0.9,0.68,0.0090465,1,0,0
0.92,0.68,0.00046035,1,0,0
0.94,0.68,-0.0041998,1,0,0
0.96,0.68,-0.035681,1,0,0
0.98,0.68,-0.034921,1,0,0
0.02,0.7,-0.0032996,1,0,0
0.04,0.7,0.027307,1,0,0
0.06,0.7,0.018351,1,0,0
0.08,0.7,0.0038411,1,0,0
0.1,0.7,0.011889,1,0,0
0.12,0.7,0.01031,1,0,0
0.14,0.7,0.022922,1,0,0
0.16,0.7,0.015636,1,0,0
0.18,0.7,-0.0017518,1,0,0
0.2,0.7,-9.303e-05,1,0,0
0.22,0.7,0.0044468,1,0,0
0.24,0.7,0.0011039,1,0,0
0.26,0.7,-0.033697,1,0,0
0.28,0.7,-0.052535,1,0,0
0.3,0.7,-0.015086,1,0,0
0.32,0.7,-0.02341,1,0,0
0.34,0.7,-0.019911,1,0,0
0.36,0.7,-0.0081779,1,0,0
0.38,0.7,-0.01164,1,0,0
0.4,0.7,-0.009183,1,0,0
0.42,0.7,0.014035,1,0,0
0.44,0.7,0.032759,1,0,0
0.46,0.7,0.020107,1,0,0
0.48,0.7,0.036087,1,0,0
0.5,0.7,0.051362,1,0,0
0.52,0.7,0.045114,1,0,0
0.54,0.7,0.045679,1,0,0
0.56,0.7,0.046814,1,0,0
0.58,0.7,0.044009,1,0,0
0.6,0.7,0.03163,1,0,0
0.62,0.7,0.036261,1,0,0
0.64,0.7,0.031064,1,0,0
0.66,0.7,0.030128,1,0,0
0.68,0.7,0.0194,1,0,0
0.7,0.7,0.0032183,1,0,0
0.72,0.7,0.0029556,1,0,0
0.74,0.7,0.0036807,1,0,0
0.76,0.7,-0.010605,1,0,0
0.78,0.7,0.022896,1,0,0
0.8,0.7,0.042536,1,0,0
0.82,0.7,0.02848,1,0,0
0.84,0.7,0.017523,1,0,0
0.86,0.7,0.014487,1,0,0
0.88,0.7,0.0082924,1,0,0
0.9,0.7,0.014979,1,0,0
0.92,0.7,0.006737,1,0,0
0.94,0.7,-0.0048239,1,0,0
0.96,0.7,-0.0080363,1,0,0
0.98,0.7,-0.020572,1,0,0
0.02,0.72,0.015367,1,0,0
0.04,0.72,0.031231,1,0,0
0.06,0.72,0.029097,1,0,0
0.08,0.72,0.0043339,1,0,0
0.1,0.72,0.014012,1,0,0
0.12,0.72,-0.0027862,1,0,0
0.14,0.72,0.030616,1,0,0
0.16,0.72,-0.0021658,1,0,0
0.18,0.72,-0.012375,1,0,0
0.2,0.72,-0.016126,1,0,0
0.22,0.72,-0.012415,1,0,0
0.24,0.72,-0.0039304,1,0,0
0.26,0.72,-0.014848,1,0,0
0.28,0.72,-0.036978,1,0,0
0.3,0.72,-0.03388,1,0,0
0.32,0.72,-0.024191,1,0,0
0.34,0.72,-0.024508,1,0,0
0.36,0.72,-0.024916,1,0,0
0.38,0.72,-0.011052,1,0,0
0.4,0.72,-0.0041455,1,0,0
0.42,0.72,-0.0026784,1,0,0
0.44,0.72,0.019636,1,0,0
0.46,0.72,0.019369,1,0,0
0.48,0.72,0.04174,1,0,0
0.5,0.72,0.036173,1,0,0
0.52,0.72,0.023476,1,0,0
0.54,0.72,0.055093,1,0,0
0.56,0.72,0.011891,1,0,0
0.58,0.72,0.013395,1,0,0
0.6,0.72,0.015163,1,0,0
0.62,0.72,0.019628,1,0,0
0.64,0.72,0.020318,1,0,0
0.66,0.72,0.054174,1,0,0
0.68,0.72,0.033175,1,0,0
0.7,0.72,-0.011271,1,0,0
0.72,0.72,-0.017196,1,0,0
0.74,0.72,-0.01222,1,0,0
0.76,0.72,0.0010862,1,0,0
0.78,0.72,0.0077978,1,0,0
0.8,0.72,0.024906,1,0,0
0.82,0.72,0.0065625,1,0,0
0.84,0.72,0.018573,1,0,0
0.86,0.72,0.018959,1,0,0
0.88,0.72,0.02181,1,0,0
0.9,0.72,0.010655,1,0,0
0.92,0.72,0.016798,1,0,0
0.94,0.72,-0.019439,1,0,0
0.96,0.72,-0.022675,1,0,0
0.98,0.72,-0.01784,1,0,0
0.02,0.74,0.026181,1,0,0
0.04,0.74,0.041943,1,0,0
0.06,0.74,0.024723,1,0,0
0.08,0.74,0.021022,1,0,0
0.1,0.74,0.0040199,1,0,0
0.12,0.74,-0.017746,1,0,0
0.14,0.74,-0.021605,1,0,0
0.16,0.74,-0.015152,1,0,0
0.18,0.74,-0.027157,1,0,0
0.2,0.74,-0.018103,1,0,0
0.22,0.74,-0.018232,1,0,0
0.24,0.74,-0.012271,1,0,0
0.26,0.74,-0.011477,1,0,0
0.28,0.74,-0.034655,1,0,0
0.3,0.74,-0.021945,1,0,0
0.32,0.74,-0.022101,1,0,0
0.34,0.74,-0.016828,1,0,0
0.36,0.74,-0.030352,1,0,0
0.38,0.74,-0.02025,1,0,0
0.4,0.74,-0.010689,1,0,0
0.42,0.74,0.011206,1,0,0
0.44,0.74,0.0015662,1,0,0
0.46,0.74,0.014335,1,0,0
0.48,0.74,0.02529,1,0,0
0.5,0.74,0.028743,1,0,0
0.52,0.74,0.014625,1,0,0
0.54,0.74,0.022989,1,0,0
0.56,0.74,0.037864,1,0,0
0.58,0.74,0.00984,1,0,0
0.6,0.74,0.015024,1,0,0
0.62,0.74,-0.0057041,1,0,0
0.64,0.74,0.013329,1,0,0
0.66,0.74,0.030328,1,0,0
0.68,0.74,0.04943,1,0,0
0.7,0.74,0.032449,1,0,0
0.72,0.74,-0.0053361,1,0,0
0.74,0.74,-0.00085277,1,0,0
0.76,0.74,0.0068706,1,0,0
0.78,0.74,0.0027113,1,0,0
0.8,0.74,-0.0073507,1,0,0
0.82,0.74,0.015364,1,0,0
0.84,0.74,0.029369,1,0,0
0.86,0.74,0.016389,1,0,0
0.88,0.74,0.0096552,1,0,0
0.9,0.74,0.033599,1,0,0
0.92,0.74,0.012531,1,0,0
0.94,0.74,-0.0018297,1,0,0
0.96,0.74,-0.010364,1,0,0
0.98,0.74,-0.012535,1,0,0
0.02,0.76,0.043642,1,0,0
0.04,0.76,0.048979,1,0,0
0.06,0.76,0.016469,1,0,0
0.08,0.76,0.010554,1,0,0
0.1,0.76,-0.0026185,1,0,0
0.12,0.76,-0.0048055,1,0,0
0.14,0.76,-0.0012045,1,0,0
0.16,0.76,-0.015048,1,0,0
0.18,0.76,-0.0301,1,0,0
0.2,0.76,0.0082689,1,0,0
0.22,0.76,0.0071845,1,0,0
0.24,0.76,0.003842,1,0,0
0.26,0.76,0.0091583,1,0,0
0.28,0.76,0.001024,1,0,0
0.3,0.76,-0.014288,1,0,0
0.32,0.76,-0.010609,1,0,0
0.34,0.76,-0.020971,1,0,0
0.36,0.76,-0.023445,1,0,0
0.38,0.76,-0.013865,1,0,0
0.4,0.76,0.015125,1,0,0
0.42,0.76,-0.0015408,1,0,0
0.44,0.76,-0.00094553,1,0,0
0.46,0.76,-0.0068152,1,0,0
0.48,0.76,0.0059217,1,0,0
0.5,0.76,0.027708,1,0,0
0.52,0.76,0.038282,1,0,0
0.54,0.76,0.036326,1,0,0
0.56,0.76,0.028716,1,0,0
0.58,0.76,0.021608,1,0,0
0.6,0.76,0.007969,1,0,0
0.62,0.76,-0.0062241,1,0,0
0.64,0.76,0.012992,1,0,0
0.66,0.76,0.03254,1,0,0
0.68,0.76,0.027574,1,0,0
0.7,0.76,0.038533,1,0,0
0.72,0.76,0.043469,1,0,0
0.74,0.76,0.038928,1,0,0
0.76,0.76,0.017499,1,0,0
0.78,0.76,0.0034377,1,0,0
0.8,0.76,-0.00017036,1,0,0
0.82,0.76,0.013608,1,0,0
0.84,0.76,0.021909,1,0,0
0.86,0.76,0.025376,1,0,0
0.88,0.76,0.023877,1,0,0
0.9,0.76,0.040147,1,0,0
0.92,0.76,0.02817,1,0,0
0.94,0.76,0.033277,1,0,0
0.96,0.76,-0.0072944,1,0,0
0.98,0.76,-0.011521,1,0,0
0.02,0.78,0.022329,1,0,0
0.04,0.78,0.03999,1,0,0
0.06,0.78,0.025329,1,0,0
0.08,0.78,0.014389,1,0,0
0.1,0.78,-0.0080962,1,0,0
0.12,0.78,-0.028643,1,0,0
0.14,0.78,-0.0084989,1,0,0
0.16,0.78,-0.01153,1,0,0
0.18,0.78,-0.020372,1,0,0
0.2,0.78,0.035073,1,0,0
0.22,0.78,0.023842,1,0,0
0.24,0.78,0.023772,1,0,0
0.26,0.78,0.016578,1,0,0
0.28,0.78,0.041822,1,0,0
0.3,0.78,0.0063556,1,0,0
0.32,0.78,-0.01265,1,0,0
0.34,0.78,-0.040305,1,0,0
0.36,0.78,-0.039885,1,0,0
0.38,0.78,-0.026629,1,0,0
0.4,0.78,-0.00075751,1,0,0
0.42,0.78,-0.014177,1,0,0
0.44,0.78,0.022332,1,0,0
0.46,0.78,0.0051934,1,0,0
0.48,0.78,0.02476,1,0,0
0.5,0.78,0.021638,1,0,0
0.52,0.78,0.016643,1,0,0
0.54,0.78,0.012273,1,0,0
0.56,0.78,0.018745,1,0,0
0.58,0.78,0.030201,1,0,0
0.6,0.78,-0.0036029,1,0,0
0.62,0.78,-0.007412,1,0,0
0.64,0.78,0.024912,1,0,0
0.66,0.78,0.048365,1,0,0
0.68,0.78,0.043432,1,0,0
0.7,0.78,0.06319,1,0,0
0.72,0.78,0.063052,1,0,0
0.74,0.78,0.045418,1,0,0
0.76,0.78,0.0063788,1,0,0
0.78,0.78,0.0055426,1,0,0
0.8,0.78,0.0021536,1,0,0
0.82,0.78,0.039593,1,0,0
0.84,0.78,0.041835,1,0,0
0.86,0.78,0.047103,1,0,0
0.88,0.78,0.025006,1,0,0
0.9,0.78,0.018805,1,0,0
0.92,0.78,0.0080144,1,0,0
0.94,0.78,0.016186,1,0,0
0.96,0.78,-0.00052626,1,0,0
0.98,0.78,-0.017615,1,0,0
0.02,0.8,0.033259,1,0,0
0.04,0.8,0.029993,1,0,0
0.06,0.8,0.0059409,1,0,0
0.08,0.8,0.02193,1,0,0
0.1,0.8,-0.0058133,1,0,0
0.12,0.8,-0.022215,1,0,0
0.14,0.8,0.0079618,1,0,0
0.16,0.8,0.032473,1,0,0
0.18,0.8,0.012295,1,0,0
0.2,0.8,0.035954,1,0,0
0.22,0.8,0.024523,1,0,0
0.24,0.8,0.018988,1,0,0
0.26,0.8,0.02938,1,0,0
0.28,0.8,0.054178,1,0,0
0.3,0.8,0.037492,1,0,0
0.32,0.8,0.0076178,1,0,0
0.34,0.8,-0.024334,1,0,0
0.36,0.8,-0.016121,1,0,0
0.38,0.8,-0.0046521,1,0,0
0.4,0.8,0.0079655,1,0,0
0.42,0.8,-0.01816,1,0,0
0.44,0.8,-0.0068639,1,0,0
0.46,0.8,0.0021654,1,0,0
0.48,0.8,0.016217,1,0,0
0.5,0.8,0.024066,1,0,0
0.52,0.8,0.033083,1,0,0
0.54,0.8,0.0060408,1,0,0
0.56,0.8,0.039185,1,0,0
0.58,0.8,0.03942,1,0,0
0.6,0.8,0.027475,1,0,0
0.62,0.8,0.01299,1,0,0
0.64,0.8,0.043194,1,0,0
0.66,0.8,0.061203,1,0,0
0.68,0.8,0.069139,1,0,0
0.7,0.8,0.068775,1,0,0
0.72,0.8,0.052226,1,0,0
0.74,0.8,0.076695,1,0,0
0.76,0.8,0.046801,1,0,0
0.78,0.8,0.03905,1,0,0
0.8,0.8,0.010726,1,0,0
0.82,0.8,0.041376,1,0,0
0.84,0.8,0.038859,1,0,0
0.86,0.8,0.033175,1,0,0
0.88,0.8,0.020844,1,0,0
0.9,0.8,0.044312,1,0,0
0.92,0.8,0.014357,1,0,0
0.94,0.8,0.038155,1,0,0
0.96,0.8,0.019792,1,0,0
0.98,0.8,-0.0033356,1,0,0
0.02,0.82,0.050936,1,0,0
0.04,0.82,0.039314,1,0,0
0.06,0.82,0.017919,1,0,0
0.08,0.82,0.017874,1,0,0
0.1,0.82,-0.0081335,1,0,0
0.12,0.82,-0.0092788,1,0,0
0.14,0.82,0.0098259,1,0,0
0.16,0.82,0.02387,1,0,0
0.18,0.82,0.033138,1,0,0
0.2,0.82,0.035043,1,0,0
0.22,0.82,0.02827,1,0,0
0.24,0.82,0.0010712,1,0,0
0.26,0.82,0.018845,1,0,0
0.28,0.82,0.038181,1,0,0
0.3,0.82,0.027026,1,0,0
0.32,0.82,0.048752,1,0,0
0.34,0.82,0.019728,1,0,0
0.36,0.82,-0.0087211,1,0,0
0.38,0.82,-0.014703,1,0,0
0.4,0.82,0.013682,1,0,0
0.42,0.82,-0.027409,1,0,0
0.44,0.82,-0.0099773,1,0,0
0.46,0.82,-0.00019408,1,0,0
0.48,0.82,-0.0070617,1,0,0
0.5,0.82,-0.0035539,1,0,0
0.52,0.82,-0.01117,1,0,0
0.54,0.82,0.0063736,1,0,0
0.56,0.82,0.02066,1,0,0
0.58,0.82,0.043052,1,0,0
0.6,0.82,0.048162,1,0,0
0.62,0.82,0.041185,1,0,0
0.64,0.82,0.043536,1,0,0
0.66,0.82,0.072024,1,0,0
0.68,0.82,0.064123,1,0,0
0.7,0.82,0.062439,1,0,0
0.72,0.82,0.051543,1,0,0
0.74,0.82,0.062603,1,0,0
0.76,0.82,0.057151,1,0,0
0.78,0.82,0.014558,1,0,0
0.8,0.82,0.020197,1,0,0
0.82,0.82,0.025462,1,0,0
0.84,0.82,0.04669,1,0,0
0.86,0.82,0.018323,1,0,0
0.88,0.82,0.0011102,1,0,0
0.9,0.82,0.024056,1,0,0
0.92,0.82,0.034474,1,0,0
0.94,0.82,0.051916,1,0,0
0.96,0.82,0.018092,1,0,0
0.98,0.82,0.0029664,1,0,0
0.02,0.84,0.047871,1,0,0
0.04,0.84,0.050809,1,0,0
0.06,0.84,0.011932,1,0,0
0.08,0.84,-0.0064276,1,0,0
0.1,0.84,0.014127,1,0,0
0.12,0.84,0.021825,1,0,0
0.14,0.84,0.025948,1,0,0
0.16,0.84,0.033377,1,0,0
0.18,0.84,0.021281,1,0,0
0.2,0.84,0.031141,1,0,0
0.22,0.84,0.013385,1,0,0
0.24,0.84,0.02072,1,0,0
0.26,0.84,0.019111,1,0,0
0.28,0.84,0.03814,1,0,0
0.3,0.84,0.05831,1,0,0
0.32,0.84,0.036431,1,0,0
0.34,0.84,0.02677,1,0,0
0.36,0.84,-0.0032632,1,0,0
0.38,0.84,0.00089592,1,0,0
0.4,0.84,0.003758,1,0,0
0.42,0.84,0.0038393,1,0,0
0.44,0.84,0.0041358,1,0,0
0.46,0.84,0.016188,1,0,0
0.48,0.84,0.01732,1,0,0
0.5,0.84,0.018611,1,0,0
0.52,0.84,0.00068009,1,0,0
0.54,0.84,0.0043319,1,0,0
0.56,0.84,0.033345,1,0,0
0.58,0.84,0.046529,1,0,0
0.6,0.84,0.032852,1,0,0
0.62,0.84,0.06416,1,0,0
0.64,0.84,0.076451,1,0,0
0.66,0.84,0.066737,1,0,0
0.68,0.84,0.082103,1,0,0
0.7,0.84,0.057806,1,0,0
0.72,0.84,0.065702,1,0,0
0.74,0.84,0.068264,1,0,0
0.76,0.84,0.062228,1,0,0
0.78,0.84,0.052102,1,0,0
0.8,0.84,0.042533,1,0,0
0.82,0.84,0.043026,1,0,0
0.84,0.84,0.058071,1,0,0
0.86,0.84,0.029611,1,0,0
0.88,0.84,0.022369,1,0,0
0.9,0.84,0.031332,1,0,0
0.92,0.84,0.030924,1,0,0
0.94,0.84,0.013548,1,0,0
0.96,0.84,0.017717,1,0,0
0.98,0.84,-0.0022735,1,0,0
0.02,0.86,0.04386,1,0,0
0.04,0.86,0.049649,1,0,0
0.06,0.86,0.030829,1,0,0
0.08,0.86,0.012098,1,0,0
0.1,0.86,0.013966,1,0,0
0.12,0.86,0.0472,1,0,0
0.14,0.86,0.04612,1,0,0
0.16,0.86,0.036059,1,0,0
0.18,0.86,0.02645,1,0,0
0.2,0.86,0.028039,1,0,0
0.22,0.86,0.018977,1,0,0
0.24,0.86,0.016404,1,0,0
0.26,0.86,0.026061,1,0,0
0.28,0.86,0.04417,1,0,0
0.3,0.86,0.054659,1,0,0
0.32,0.86,0.045302,1,0,0
0.34,0.86,0.033417,1,0,0
0.36,0.86,-0.0075471,1,0,0
0.38,0.86,0.0095046,1,0,0
0.4,0.86,-0.00053717,1,0,0
0.42,0.86,0.020738,1,0,0
0.44,0.86,0.037785,1,0,0
0.46,0.86,0.040759,1,0,0
0.48,0.86,0.036704,1,0,0
0.5,0.86,0.018857,1,0,0
0.52,0.86,-0.00024815,1,0,0
0.54,0.86,0.032551,1,0,0
0.56,0.86,0.054507,1,0,0
0.58,0.86,0.041766,1,0,0
0.6,0.86,0.041389,1,0,0
0.62,0.86,0.020387,1,0,0
0.64,0.86,0.042786,1,0,0
0.66,0.86,0.068645,1,0,0
0.68,0.86,0.073474,1,0,0
0.7,0.86,0.059405,1,0,0
0.72,0.86,0.076825,1,0,0
0.74,0.86,0.084201,1,0,0
0.76,0.86,0.066965,1,0,0
0.78,0.86,0.063031,1,0,0
0.8,0.86,0.07053,1,0,0
0.82,0.86,0.052035,1,0,0
0.84,0.86,0.058566,1,0,0
0.86,0.86,0.055659,1,0,0
0.88,0.86,0.024589,1,0,0
0.9,0.86,0.0076727,1,0,0
0.92,0.86,0.019209,1,0,0
0.94,0.86,0.01035,1,0,0
0.96,0.86,0.023255,1,0,0
0.98,0.86,0.014402,1,0,0
0.02,0.88,0.061365,1,0,0
0.04,0.88,0.049189,1,0,0
0.06,0.88,0.029371,1,0,0
0.08,0.88,0.025326,1,0,0
0.1,0.88,0.019822,1,0,0
0.12,0.88,0.039258,1,0,0
0.14,0.88,0.044828,1,0,0
0.16,0.88,0.048916,1,0,0
0.18,0.88,0.025653,1,0,0
0.2,0.88,0.00061866,1,0,0
0.22,0.88,0.0013051,1,0,0
0.24,0.88,0.01875,1,0,0
0.26,0.88,0.018079,1,0,0
0.28,0.88,0.035942,1,0,0
0.3,0.88,0.050755,1,0,0
0.32,0.88,0.045281,1,0,0
0.34,0.88,0.0060267,1,0,0
0.36,0.88,0.031739,1,0,0
0.38,0.88,0.015125,1,0,0
0.4,0.88,0.024115,1,0,0
0.42,0.88,0.031947,1,0,0
0.44,0.88,0.034438,1,0,0
0.46,0.88,0.032836,1,0,0
0.48,0.88,0.020121,1,0,0
0.5,0.88,0.030571,1,0,0
0.52,0.88,0.01728,1,0,0
0.54,0.88,0.024092,1,0,0
0.56,0.88,0.055234,1,0,0
0.58,0.88,0.058117,1,0,0
0.6,0.88,0.030262,1,0,0
0.62,0.88,0.020121,1,0,0
0.64,0.88,0.018381,1,0,0
0.66,0.88,0.058561,1,0,0
0.68,0.88,0.068185,1,0,0
0.7,0.88,0.060699,1,0,0
0.72,0.88,0.062636,1,0,0
0.74,0.88,0.091961,1,0,0
0.76,0.88,0.077981,1,0,0
0.78,0.88,0.074939,1,0,0
0.8,0.88,0.075698,1,0,0
0.82,0.88,0.030903,1,0,0
0.84,0.88,0.055674,1,0,0
0.86,0.88,0.041914,1,0,0
0.88,0.88,0.030073,1,0,0
0.9,0.88,0.025758,1,0,0
0.92,0.88,0.015791,1,0,0
0.94,0.88,0.012498,1,0,0
0.96,0.88,0.0093286,1,0,0
0.98,0.88,0.024991,1,0,0
0.02,0.9,0.050124,1,0,0
0.04,0.9,0.051793,1,0,0
0.06,0.9,0.041066,1,0,0
0.08,0.9,0.041492,1,0,0
0.1,0.9,0.015095,1,0,0
0.12,0.9,0.032627,1,0,0
0.14,0.9,0.028504,1,0,0
0.16,0.9,0.030843,1,0,0
0.18,0.9,-0.014863,1,0,0
0.2,0.9,-0.012118,1,0,0
0.22,0.9,-0.012671,1,0,0
0.24,0.9,0.0099375,1,0,0
0.26,0.9,-0.011477,1,0,0
0.28,0.9,0.013104,1,0,0
0.3,0.9,0.03296,1,0,0
0.32,0.9,0.044213,1,0,0
0.34,0.9,0.012561,1,0,0
0.36,0.9,-0.0019831,1,0,0
0.38,0.9,-0.0085232,1,0,0
0.4,0.9,-0.0064273,1,0,0
0.42,0.9,0.019166,1,0,0
0.44,0.9,0.04939,1,0,0
0.46,0.9,0.011863,1,0,0
0.48,0.9,0.019533,1,0,0
0.5,0.9,0.017338,1,0,0
0.52,0.9,0.0039152,1,0,0
0.54,0.9,0.016225,1,0,0
0.56,0.9,0.019687,1,0,0
0.58,0.9,0.013724,1,0,0
0.6,0.9,0.028884,1,0,0
0.62,0.9,0.014671,1,0,0
0.64,0.9,0.013453,1,0,0
0.66,0.9,0.045119,1,0,0
0.68,0.9,0.051706,1,0,0
0.7,0.9,0.051983,1,0,0
0.72,0.9,0.060441,1,0,0
0.74,0.9,0.074673,1,0,0
0.76,0.9,0.045711,1,0,0
0.78,0.9,0.038849,1,0,0
0.8,0.9,0.03426,1,0,0
0.82,0.9,0.054373,1,0,0
0.84,0.9,0.038565,1,0,0
0.86,0.9,0.042831,1,0,0
0.88,0.9,0.0035069,1,0,0
0.9,0.9,0.0059,1,0,0
0.92,0.9,0.0089997,1,0,0
0.94,0.9,0.0041362,1,0,0
0.96,0.9,-0.0078982,1,0,0
0.98,0.9,-0.0067796,1,0,0
0.02,0.92,0.034301,1,0,0
0.04,0.92,0.079074,1,0,0
0.06,0.92,0.06637,1,0,0
0.08,0.92,0.051496,1,0,0
0.1,0.92,0.029877,1,0,0
0.12,0.92,0.05113,1,0,0
0.14,0.92,0.056942,1,0,0
0.16,0.92,0.033521,1,0,0
0.18,0.92,0.013124,1,0,0
0.2,0.92,0.011646,1,0,0
0.22,0.92,-0.02081,1,0,0
0.24,0.92,-0.0055332,1,0,0
0.26,0.92,0.00576,1,0,0
0.28,0.92,0.023991,1,0,0
0.3,0.92,0.037868,1,0,0
0.32,0.92,0.04732,1,0,0
0.34,0.92,0.02195,1,0,0
0.36,0.92,0.0088509,1,0,0
0.38,0.92,-0.0073878,1,0,0
0.4,0.92,0.016232,1,0,0
0.42,0.92,0.0076793,1,0,0
0.44,0.92,0.0040263,1,0,0
0.46,0.92,-0.010619,1,0,0
0.48,0.92,0.031774,1,0,0
0.5,0.92,0.016308,1,0,0
0.52,0.92,0.010708,1,0,0
0.54,0.92,0.023255,1,0,0
0.56,0.92,0.01493,1,0,0
0.58,0.92,0.0086044,1,0,0
0.6,0.92,0.014976,1,0,0
0.62,0.92,0.037075,1,0,0
0.64,0.92,0.016906,1,0,0
0.66,0.92,0.030271,1,0,0
0.68,0.92,0.059954,1,0,0
0.7,0.92,0.05609,1,0,0
0.72,0.92,0.064661,1,0,0
0.74,0.92,0.071598,1,0,0
0.76,0.92,0.042674,1,0,0
0.78,0.92,0.042648,1,0,0
0.8,0.92,0.040872,1,0,0
0.82,0.92,0.035558,1,0,0
0.84,0.92,0.011712,1,0,0
0.86,0.92,0.018515,1,0,0
0.88,0.92,0.0037556,1,0,0
0.9,0.92,0.023865,1,0,0
0.92,0.92,0.020517,1,0,0
0.94,0.92,0.014725,1,0,0
0.96,0.92,-0.0061717,1,0,0
0.98,0.92,0.014444,1,0,0
0.02,0.94,0.046364,1,0,0
0.04,0.94,0.089032,1,0,0
0.06,0.94,0.073841,1,0,0
0.08,0.94,0.055911,1,0,0
0.1,0.94,0.029853,1,0,0
0.12,0.94,0.036093,1,0,0
0.14,0.94,0.04732,1,0,0
0.16,0.94,0.055184,1,0,0
0.18,0.94,0.038835,1,0,0
0.2,0.94,0.031117,1,0,0
0.22,0.94,0.0058824,1,0,0
0.24,0.94,0.0033788,1,0,0
0.26,0.94,0.012546,1,0,0
0.28,0.94,0.024989,1,0,0
0.3,0.94,0.030675,1,0,0
0.32,0.94,0.054958,1,0,0
0.34,0.94,0.018292,1,0,0
0.36,0.94,0.020127,1,0,0
0.38,0.94,0.0073038,1,0,0
0.4,0.94,-0.00063004,1,0,0
0.42,0.94,0.0077006,1,0,0
0.44,0.94,-0.00282,1,0,0
0.46,0.94,-0.023043,1,0,0
0.48,0.94,0.00038692,1,0,0
0.5,0.94,0.020224,1,0,0
0.52,0.94,0.0044357,1,0,0
0.54,0.94,0.026193,1,0,0
0.56,0.94,0.042468,1,0,0
0.58,0.94,0.029929,1,0,0
0.6,0.94,0.034394,1,0,0
0.62,0.94,0.035642,1,0,0
0.64,0.94,0.033191,1,0,0
0.66,0.94,0.043251,1,0,0
0.68,0.94,0.052327,1,0,0
0.7,0.94,0.080586,1,0,0
0.72,0.94,0.067424,1,0,0
0.74,0.94,0.064579,1,0,0
0.76,0.94,0.055047,1,0,0
0.78,0.94,0.03887,1,0,0
0.8,0.94,0.039891,1,0,0
0.82,0.94,0.033228,1,0,0
0.84,0.94,0.027809,1,0,0
0.86,0.94,0.010085,1,0,0
0.88,0.94,0.0099582,1,0,0
0.9,0.94,0.01397,1,0,0
0.92,0.94,0.015446,1,0,0
0.94,0.94,0.031303,1,0,0
0.96,0.94,0.016254,1,0,0
0.98,0.94,0.01563,1,0,0
0.02,0.96,0.03791,1,0,0
0.04,0.96,0.04919,1,0,0
0.06,0.96,0.066871,1,0,0
0.08,0.96,0.069978,1,0,0
0.1,0.96,0.043181,1,0,0
0.12,0.96,0.045754,1,0,0
0.14,0.96,0.066666,1,0,0
0.16,0.96,0.063898,1,0,0
0.18,0.96,0.04274,1,0,0
0.2,0.96,0.035348,1,0,0
0.22,0.96,0.016899,1,0,0
0.24,0.96,0.022617,1,0,0
0.26,0.96,0.040381,1,0,0
0.28,0.96,0.028064,1,0,0
0.3,0.96,0.028387,1,0,0
0.32,0.96,0.032725,1,0,0
0.34,0.96,0.022824,1,0,0
0.36,0.96,-0.0094875,1,0,0
0.38,0.96,0.003721,1,0,0
0.4,0.96,-0.0026344,1,0,0
0.42,0.96,-0.011001,1,0,0
0.44,0.96,-0.029418,1,0,0
0.46,0.96,-0.02911,1,0,0
0.48,0.96,-0.019969,1,0,0
0.5,0.96,0.011908,1,0,0
0.52,0.96,0.031054,1,0,0
0.54,0.96,0.01775,1,0,0
0.56,0.96,0.029111,1,0,0
0.58,0.96,0.031745,1,0,0
0.6,0.96,0.037473,1,0,0
0.62,0.96,0.016999,1,0,0
0.64,0.96,0.02545,1,0,0
0.66,0.96,0.034661,1,0,0
0.68,0.96,0.056512,1,0,0
0.7,0.96,0.060693,1,0,0
0.72,0.96,0.057147,1,0,0
0.74,0.96,0.058117,1,0,0
0.76,0.96,0.040815,1,0,0
0.78,0.96,0.035298,1,0,0
0.8,0.96,0.033203,1,0,0
0.82,0.96,0.036437,1,0,0
0.84,0.96,0.022884,1,0,0
0.86,0.96,0.0228,1,0,0
0.88,0.96,0.0098202,1,0,0
0.9,0.96,0.0026429,1,0,0
0.92,0.96,0.0053441,1,0,0
0.94,0.96,0.00072856,1,0,0
0.96,0.96,-0.013827,1,0,0
0.98,0.96,0.00049798,1,0,0
0.02,0.98,0.023874,1,0,0
0.04,0.98,0.039903,1,0,0
0.06,0.98,0.047601,1,0,0
0.08,0.98,0.059908,1,0,0
0.1,0.98,0.071739,1,0,0
0.12,0.98,0.042656,1,0,0
0.14,0.98,0.087044,1,0,0
0.16,0.98,0.058255,1,0,0
0.18,0.98,0.025663,1,0,0
0.2,0.98,0.018202,1,0,0
0.22,0.98,0.034515,1,0,0
0.24,0.98,0.028362,1,0,0
0.26,0.98,0.019837,1,0,0
0.28,0.98,0.0043996,1,0,0
0.3,0.98,0.031385,1,0,0
0.32,0.98,0.035613,1,0,0
0.34,0.98,0.019491,1,0,0
0.36,0.98,-0.0018321,1,0,0
0.38,0.98,0.0019793,1,0,0
0.4,0.98,-0.013662,1,0,0
0.42,0.98,-0.024432,1,0,0
0.44,0.98,-0.010886,1,0,0
0.46,0.98,-0.056272,1,0,0
0.48,0.98,-0.045135,1,0,0
0.5,0.98,-0.0085372,1,0,0
0.52,0.98,0.023672,1,0,0
0.54,0.98,0.026554,1,0,0
0.56,0.98,0.027804,1,0,0
0.58,0.98,0.045825,1,0,0
0.6,0.98,0.020154,1,0,0
0.62,0.98,0.017876,1,0,0
0.64,0.98,0.014126,1,0,0
0.66,0.98,0.025281,1,0,0
0.68,0.98,0.04732,1,0,0
0.7,0.98,0.050123,1,0,0
0.72,0.98,0.064124,1,0,0
0.74,0.98,0.045019,1,0,0
0.76,0.98,0.030919,1,0,0
0.78,0.98,0.016816,1,0,0
0.8,0.98,0.016106,1,0,0
0.82,0.98,0.047699,1,0,0
0.84,0.98,0.029929,1,0,0
0.86,0.98,0.011328,1,0,0
0.88,0.98,0.012729,1,0,0
0.9,0.98,-0.00069918,1,0,0
0.92,0.98,-0.0098189,1,0,0
0.94,0.98,-0.0085895,1,0,0
0.96,0.98,-0.009672,1,0,0
0.98,0.98,-0.0060958,1,0,0
0,0,-0.0073021,-1,0,0
0.02,0,-0.0073021,-1,0,0
0.04,0,0.0028842,-1,0,0
0.06,0,0.011091,-1,0,0
0.08,0,0.019515,-1,0,0
0.1,0,0.019817,-1,0,0
0.12,0,0.025623,-1,0,0
0.14,0,0.046865,-1,0,0
0.16,0,0.040358,-1,0,0
0.18,0,0.026562,-1,0,0
0.2,0,0.040547,-1,0,0
0.22,0,0.027527,-1,0,0
0.24,0,0.027317,-1,0,0
0.26,0,0.047293,-1,0,0
0.28,0,0.063133,-1,0,0
0.3,0,0.061892,-1,0,0
0.32,0,0.068181,-1,0,0
0.34,0,0.043788,-1,0,0
0.36,0,0.025317,-1,0,0
0.38,0,0.020956,-1,0,0
0.4,0,0.020508,-1,0,0
0.42,0,0.024921,-1,0,0
0.44,0,0.02656,-1,0,0
0.46,0,0.011639,-1,0,0
0.48,0,0.00041971,-1,0,0
0.5,0,-0.021,-1,0,0
0.52,0,-0.020344,-1,0,0
0.54,0,-0.020989,-1,0,0
0.56,0,0.025097,-1,0,0
0.58,0,0.040288,-1,0,0
0.6,0,0.018215,-1,0,0
0.62,0,0.010361,-1,0,0
0.64,0,0.017735,-1,0,0
0.66,0,0.038399,-1,0,0
0.68,0,0.035385,-1,0,0
0.7,0,-0.0045303,-1,0,0
0.72,0,-0.010405,-1,0,0
0.74,0,0.0040992,-1,0,0
0.76,0,-0.031266,-1,0,0
0.78,0,-0.013627,-1,0,0
0.8,0,-0.02443,-1,0,0
0.82,0,0.0041794,-1,0,0
0.84,0,0.018242,-1,0,0
0.86,0,0.033528,-1,0,0
0.88,0,0.0089502,-1,0,0
0.9,0,-0.0063641,-1,0,0
0.92,0,-0.0020414,-1,0,0
0.94,0,0.017733,-1,0,0
0.96,0,0.0017461,-1,0,0
0.98,0,0.0021073,-1,0,0
1,0,0.022524,-1,0,0
1,0.02,0.0031345,-1,0,0
1,0.04,0.016752,-1,0,0
1,0.06,0.019918,-1,0,0
1,0.08,0.016368,-1,0,0
1,0.1,0.024831,-1,0,0
1,0.12,0.0081872,-1,0,0
1,0.14,0.0032106,-1,0,0
1,0.16,-0.012107,-1,0,0
1,0.18,-0.024254,-1,0,0
1,0.2,-0.021426,-1,0,0
1,0.22,0.00043127,-1,0,0
1,0.24,0.0065322,-1,0,0
1,0.26,0.026606,-1,0,0
1,0.28,0.040414,-1,0,0
1,0.3,0.039208,-1,0,0
1,0.32,0.048939,-1,0,0
1,0.34,0.059531,-1,0,0
1,0.36,0.037921,-1,0,0
1,0.38,0.025985,-1,0,0
1,0.4,0.036027,-1,0,0
1,0.42,0.047648,-1,0,0
1,0.44,0.0438,-1,0,0
1,0.46,0.019242,-1,0,0
1,0.48,0.017681,-1,0,0
1,0.5,-0.018091,-1,0,0
1,0.52,-0.0016275,-1,0,0
1,0.54,-0.0065804,-1,0,0
1,0.56,-0.012518,-1,0,0
1,0.58,-0.013697,-1,0,0
1,0.6,-0.030825,-1,0,0
1,0.62,-0.047984,-1,0,0
1,0.64,-0.055314,-1,0,0
1,0.66,-0.052576,-1,0,0
1,0.68,-0.0172,-1,0,0
1,0.7,-0.025287,-1,0,0
1,0.72,-0.027797,-1,0,0
1,0.74,-0.026227,-1,0,0
1,0.76,-0.013444,-1,0,0
1,0.78,-0.025153,-1,0,0
1,0.8,-0.010141,-1,0,0
1,0.82,-0.007606,-1,0,0
1,0.84,0.0093338,-1,0,0
1,0.86,0.0084816,-1,0,0
1,0.88,0.013874,-1,0,0
1,0.9,-0.012528,-1,0,0
1,0.92,-0.017215,-1,0,0
1,0.94,-0.018352,-1,0,0
1,0.96,0.018361,-1,0,0
1,0.98,0.01259,-1,0,0
1,1,0.0078399,-1,0,0
0.98,1,-0.0026988,-1,0,0
0.96,1,-0.00086696,-1,0,0
0.94,1,-0.0041155,-1,0,0
0.92,1,0.0026438,-1,0,0
0.9,1,0.015656,-1,0,0
0.88,1,0.026479,-1,0,0
0.86,1,0.020015,-1,0,0
0.84,1,0.0047273,-1,0,0
0.82,1,0.019567,-1,0,0
0.8,1,0.026193,-1,0,0
0.78,1,0.016788,-1,0,0
0.76,1,0.0052487,-1,0,0
0.74,1,0.030542,-1,0,0
0.72,1,0.028473,-1,0,0
0.7,1,0.03902,-1,0,0
0.68,1,0.036968,-1,0,0
0.66,1,0.041323,-1,0,0
0.64,1,0.025068,-1,0,0
0.62,1,0.017551,-1,0,0
0.6,1,0.031208,-1,0,0
0.58,1,0.050708,-1,0,0
0.56,1,0.041739,-1,0,0
0.54,1,0.021078,-1,0,0
0.52,1,0.0053484,-1,0,0
0.5,1,-0.02898,-1,0,0
0.48,1,-0.060011,-1,0,0
0.46,1,-0.056848,-1,0,0
0.44,1,-0.034079,-1,0,0
0.42,1,-0.023879,-1,0,0
0.4,1,0.00621,-1,0,0
0.38,1,0.017919,-1,0,0
0.36,1,0.014306,-1,0,0
0.34,1,0.01763,-1,0,0
0.32,1,0.025461,-1,0,0
0.3,1,0.010907,-1,0,0
0.28,1,0.013611,-1,0,0
0.26,1,0.0022279,-1,0,0
0.24,1,0.0098482,-1,0,0
0.22,1,0.023353,-1,0,0
0.2,1,0.017365,-1,0,0
0.18,1,0.013037,-1,0,0
0.16,1,0.044466,-1,0,0
0.14,1,0.073916,-1,0,0
0.12,1,0.054598,-1,0,0
0.1,1,0.045622,-1,0,0
0.08,1,0.049974,-1,0,0
0.06,1,0.050746,-1,0,0
0.04,1,0.035257,-1,0,0
0.02,1,0.043756,-1,0,0
0,1,0.022082,-1,0,0
0,0.98,0.010163,-1,0,0
0,0.96,0.02041,-1,0,0
0,0.94,0.027488,-1,0,0
0,0.92,0.06102,-1,0,0
0,0.9,0.056278,-1,0,0
0,0.88,0.090546,-1,0,0
0,0.86,0.062652,-1,0,0
0,0.84,0.040369,-1,0,0
0,0.82,0.037323,-1,0,0
0,0.8,0.041989,-1,0,0
0,0.78,0.026252,-1,0,0
0,0.76,0.031456,-1,0,0
0,0.74,0.0049569,-1,0,0
0,0.72,0.021956,-1,0,0
0,0.7,0.004046,-1,0,0
0,0.68,0.0076387,-1,0,0
0,0.66,-0.0076173,-1,0,0
0,0.64,-0.0047067,-1,0,0
0,0.62,-0.0020716,-1,0,0
0,0.6,-0.0075051,-1,0,0
0,0.58,0.017112,-1,0,0
0,0.56,0.0071056,-1,0,0
0,0.54,-0.0027508,-1,0,0
0,0.52,0.059177,-1,0,0
0,0.5,0.057947,-1,0,0
0,0.48,0.05052,-1,0,0
0,0.46,0.070331,-1,0,0
0,0.44,0.081989,-1,0,0
0,0.42,0.043866,-1,0,0
0,0.4,0.0658,-1,0,0
0,0.38,0.056439,-1,0,0
0,0.36,0.038278,-1,0,0
0,0.34,0.045608,-1,0,0
0,0.32,0.056542,-1,0,0
0,0.3,0.046393,-1,0,0
0,0.28,0.033492,-1,0,0
0,0.26,0.0081687,-1,0,0
0,0.24,-0.0047332,-1,0,0
0,0.22,-0.02815,-1,0,0
0,0.2,-0.034047,-1,0,0
0,0.18,-0.035306,-1,0,0
0,0.16,-0.053445,-1,0,0
0,0.14,-0.037177,-1,0,0
0,0.12,-0.049802,-1,0,0
0,0.1,-0.03623,-1,0,0
0,0.08,-0.018197,-1,0,0
0,0.06,-0.0033513,-1,0,0
0,0.04,-0.026111,-1,0,0
0,0.02,-0.012861,-1,0,0
