-0.039434,-0.0045931,-0.0062221,0.004014,0.0023124,0.0065136,-0.0028024,-0.0012299,0.00043605,-0.0011945,-0.00024626,0.0011741,-0.00027929,0.00091132,-0.0050355,0.0013432,-0.0038924,-0.0012658,-0.005909,0.00040928,-0.0053384
-0.0045964,-0.00068617,0.0031051,-0.011608,0.0026414,-0.012765,-0.0045282,0.0063635,0.0027466,-0.00065828,-0.00055866,-0.00025813,-0.00044501,-0.0012879,0.00064324,-0.0010165,-0.00013397,-0.0016953,-0.00012928,-0.0027501,-0.0004663
-0.00010337,-0.01026,-0.0094719,-0.016099,0.0047577,0.0097614,-0.0022622,-0.0032469,0.00048016,0.0011475,-0.00060866,-0.0033145,0.00076112,0.0010917,-1.2803e-05,-0.0016503,-0.0011691,-0.0023546,-0.0013462,-0.0021747,0.00036499
-0.005793,-0.0001146,0.013757,0.0044483,0.0014766,0.0019294,-0.0018296,0.0019796,-0.0010862,-0.0030489,0.0014977,0.0022362,-0.00060566,-0.0003774,0.0012738,0.00092814,0.00068942,0.00091304,0.0008809,0.0003353,0.00071222
0.00098801,0.014908,0.0011364,0.010715,-0.0044342,-0.00075921,0.0069353,0.0033591,-0.00018424,0.00019101,-0.00083368,-0.00025266,-0.0020407,0.0014261,0.0029851,0.0028689,-0.0011327,0.0022135,0.00044128,0.0037177,0.00076214
0.00020482,0.013313,-0.013134,-0.0010342,0.0045103,-9.2656e-05,-0.00015124,-0.0043019,-0.0016256,0.0035541,0.00010736,-0.001053,-4.5481e-05,0.0013089,-0.0007024,0.0007504,-0.00040752,0.001636,-0.0012319,0.00075127,-0.0016853
-5.1564e-05,-0.0093387,7.9083e-05,-0.0058526,0.0011384,0.0054776,0.00089916,0.0021411,0.00033441,-0.001499,-0.00043864,-0.0013128,-0.00077997,0.00040919,-0.00064017,-0.0012809,0.0013109,-0.0003983,0.00047418,-0.0016059,-0.0011776
0.0029314,-0.0072611,-0.00016468,-0.0020338,-0.0012602,0.0032079,-7.4981e-05,0.0013395,-0.00021313,-7.9716e-05,-0.0003155,-0.0013602,0.00093356,0.00011029,0.00015738,-0.00074053,0.0001352,-0.00013064,-0.0001903,-0.0010917,0.00042374
-0.0035125,0.004084,-0.001426,0.001432,0.0025329,-0.0031928,-0.0018079,-0.00079369,0.00066098,0.0011709,0.0010565,0.0019182,-0.00046406,-0.0016745,0.00034577,0.00035945,-0.0013733,0.0012704,-0.00056701,-0.00022417,0.00023812
0.0012683,0.0020476,0.0059442,0.0028163,-0.0020278,-0.0018054,-0.0010871,-0.00084932,0.00039407,-0.00025105,0.00041567,0.00081835,0.00020595,-0.0010011,0.00044637,0.00013663,0.00047538,0.00025578,0.00015645,0.00053111,0.00093841
0.0018116,-0.0006324,0.0013612,-1.3319e-05,-0.00049013,0.00043969,0.00082169,-0.0017851,-0.00044285,0.0025762,-0.00026051,-0.00087408,0.00078891,0.00066033,-0.00055282,0.0002868,0.00029361,0.00027615,0.00037703,-0.00055092,0.00017943
-0.00057572,0.0001958,-0.0013383,-0.0012332,0.00051757,0.00023691,-0.00020124,-0.00023496,5.6387e-05,-0.00060914,-0.00059888,-0.00029424,-9.6144e-06,0.00052938,-0.00022769,0.00019312,5.8161e-05,-0.00010787,-0.00023723,-0.000509,0.00017284
-0.0016208,-0.0012836,0.00038987,-0.0010029,-0.0012349,0.0009644,-0.00032869,0.00066954,-9.7814e-05,-0.002304,-0.00030025,0.00092466,0.00054841,0.00031865,-0.0006656,0.00057274,1.2365e-05,-0.001792,-0.00056319,0.00084877,-0.0004359
-0.0034921,0.00042501,-4.6365e-05,-0.00013581,0.0019008,-0.00048722,-8.7743e-05,0.0005297,0.00045942,-0.00027821,-0.00020959,0.0001393,-0.00027139,-0.00024761,-5.4787e-05,-0.00040493,-0.00018138,0.00062141,-0.00010558,-0.00041959,-8.2901e-05
-0.0018164,-0.00013004,-0.0019067,-0.00014246,0.0017665,0.0011063,-0.0011878,-0.00054118,0.00013477,0.0013664,-1.589e-06,-0.00025616,-0.00015909,-0.00016348,9.6662e-05,-0.00051506,-0.00020106,0.00053375,-5.0081e-05,-0.0004122,-0.00057016
0.00022393,0.00040109,-0.00028455,-0.00094201,-0.0010644,-0.0011734,0.00097458,0.0004629,0.00010034,-0.00071082,-4.5851e-05,0.00025926,6.3778e-05,0.00027162,0.00011141,-0.00023633,0.00011717,-0.00019061,-0.0001152,-0.00012325,-0.0003973
-0.0048564,-0.00036779,-0.0018781,-0.0003448,-0.00074477,0.0018073,0.001461,0.00058761,0.00068335,-0.00064846,0.00019347,-0.00049027,-0.0011593,0.0010452,8.4196e-05,-2.4473e-05,-0.00088283,-0.00031505,-0.00082841,0.00027129,-0.00075193
-0.00047283,0.00042995,0.00082883,-0.0010678,0.0010783,-0.0011422,-0.0013086,0.0001308,2.5099e-05,5.2993e-05,6.9787e-05,0.00044378,0.0004973,-0.00020639,-0.00013292,-0.00014353,0.00028359,-8.4692e-05,9.0824e-05,-0.00017973,-0.00038204
-0.0043099,-0.00084809,-0.0010934,-0.00097184,0.001385,0.0016067,0.00023765,-0.0003049,-0.00064311,0.00018069,-0.00045639,5.3744e-05,0.0007096,-0.00048537,-0.0010624,0.00037337,-0.0003268,9.7284e-06,-0.00055008,-0.00023807,1.8592e-05
0.00014404,0.0010034,0.0019312,-0.00076681,0.0010757,-0.00076758,-0.0016346,0.00046968,0.00051901,0.00019287,0.00041655,-0.00029688,-0.00063311,9.2637e-05,0.00028484,9.0836e-05,9.89e-05,0.00017069,0.00049675,-0.00024827,0.00054778
-0.0061029,-0.00052287,-0.0019495,-0.00025179,0.00045152,0.0032698,-0.00069162,-0.00033844,0.00086037,-0.00011368,-5.1973e-05,-0.00075605,-0.00043744,0.00070495,0.00034654,0.00036159,-0.00089249,0.00032214,-0.0014907,0.00013119,-0.00095561
