-0.046283,-0.046283,0.00087117,0.012093,-0.0034455,-0.044719,-0.020031,-0.060346,-0.051246,-0.08612,-0.060539,-0.064123,-0.0053327,-0.018957,-0.01374,-0.0026027,-0.0066494,-0.025306,-0.014222,-0.039365,-0.059796,-0.019507,-0.050608,-0.034564,-0.012841,-0.015834,-0.049837,-0.042602,-0.053145,-0.05188,-0.0057126,-0.060736,-0.028831,-0.034153,-0.026003,-0.027006,-0.015784,-0.01991,-0.023802,-0.0010262,0.011636,0.013941,0.00055389,0.018104,0.015362,0.020306,0.0080598,0.019716,-0.018344,-0.00072681,0.0084043
-0.00014132,-0.054064,0.010544,0.009009,-0.010243,-0.028168,-0.036093,-0.046732,-0.054524,-0.036921,-0.080395,-0.038873,-0.005987,-0.013426,-0.019241,-0.0086124,-0.017487,0.0011778,-0.02922,-0.053374,-0.020042,-0.0083022,-0.010171,-0.051029,-0.0031179,-0.025408,-0.070609,-0.044978,-0.039091,-0.036892,-0.01688,-0.038155,-0.037844,-0.02503,-0.026712,0.0043063,-0.011924,-0.044735,-0.024771,0.0039231,0.0046936,0.020354,0.022989,0.017541,0.0021893,0.0087062,0.044645,0.012531,-0.0078833,0.007889,0.016353
0.002424,-0.028527,0.010352,0.017911,-0.011366,-0.0029352,0.0058332,0.0034293,-0.019711,-0.039514,-0.046182,-0.03635,-0.038977,-0.01321,-0.068069,-0.02823,-0.024734,-0.030883,-0.052766,-0.074949,-0.026051,0.014545,-0.026206,-0.017732,-0.0065103,-0.047485,-0.047924,-0.038588,-0.087401,-0.078409,-0.055616,-0.057541,-0.045216,-0.029646,-0.032075,-0.0019608,0.0069113,-0.0042507,-0.020864,-0.019166,0.0060863,-0.038881,0.0065315,0.003366,0.015266,0.022171,0.039231,0.060738,0.0036424,-0.00037682,0.030851
-0.044082,-0.013795,0.0070359,0.030329,0.011085,-0.0005634,-0.0069212,-0.030283,-0.0025861,-0.0014376,-0.053243,-0.031887,-0.019297,-0.05736,-0.063678,-0.0016819,-0.040223,-0.049603,-0.057592,-0.060937,-0.073151,-0.016693,-0.00092093,0.0095509,-0.024045,-0.019326,-0.055362,-0.044503,-0.06372,-0.066144,-0.028073,-0.057357,-0.044827,-0.040146,-0.047262,-0.0227,-0.024829,-0.022543,0.00047206,-0.022235,-0.013948,-0.034364,-0.0042636,-0.0087141,0.023295,0.028383,0.0007505,0.0080136,0.038952,0.018182,-0.012901
0.037743,0.0022192,0.025938,0.036639,-0.0016346,-0.0043255,-0.033226,0.00066968,-0.028334,-0.00094387,-0.033913,0.0010838,-0.0070348,-0.026994,-0.055477,-0.022782,-0.019688,-0.044106,-0.078717,-0.084292,-0.040031,-0.03303,-0.0026203,-0.0076071,-0.012449,-0.031966,-0.017749,-0.037224,-0.067327,-0.048799,-0.03428,-0.036396,-0.037489,-0.040656,-0.054777,-0.056249,-0.034716,-0.019619,-0.034152,-0.023389,-0.031849,-0.019027,0.015286,0.010952,0.031865,0.015605,0.0069893,0.0093726,0.0092877,-0.0039161,0.0099947
0.0025336,0.0058221,0.0061654,0.021956,0.029223,-0.016419,-0.0050147,0.011485,0.0081203,0.005583,0.0026342,-0.012094,-0.013756,-0.040778,-0.0449,-0.026246,-0.0085953,-0.011609,-0.070697,-0.071894,-0.029015,-0.020045,-0.015953,0.0080645,-0.014375,0.0048362,0.008955,-0.019522,-0.023216,-0.040751,-0.055156,-0.10411,-0.068588,-0.08471,-0.035735,-0.0098815,0.0018965,-0.013916,-0.012805,-0.036463,-0.039339,-0.004827,0.010546,0.022914,0.0013787,0.01405,0.0089319,0.037674,-0.0078817,-0.0076487,0.010529
-0.0228,-0.0058935,0.013818,0.017289,0.018059,-0.022171,0.005647,-0.0088641,-0.00090905,-0.011363,0.0025335,-0.0054666,-0.013047,0.004542,-0.02411,-0.021906,-0.013965,-0.014621,-0.027541,-0.04034,0.016382,0.00064594,-0.01604,0.014254,0.013974,0.018815,0.0045678,-0.025656,0.00045042,-0.032002,-0.071553,-0.06121,-0.046429,-0.07935,-0.038601,0.0070679,-0.010613,-0.032986,-0.018031,-0.026383,-0.035035,-0.036323,0.033951,0.017463,-0.010631,0.014484,-0.03223,0.0011948,-0.03192,0.0072799,0.035722
-0.026837,-0.018547,0.0037502,0.035222,0.020035,-0.036168,-0.02745,0.0060794,-0.022713,0.0073703,0.010148,0.0064836,-0.024261,-0.018381,-0.014632,-0.007416,-0.023351,-0.010344,-0.00079479,-0.025412,0.00074886,-0.027485,0.018805,0.019143,0.026875,0.0046652,-0.012244,-0.035195,-0.015603,0.0029887,-0.060892,-0.071705,-0.079653,-0.054723,-0.055708,-0.0066277,-0.02405,-0.033633,-0.040888,-0.043466,-0.050323,-0.030151,-0.0041977,0.0032194,0.009834,-0.029235,-0.015905,-0.0013561,0.00222,-0.0079572,0.023396
-0.034536,-0.010538,-0.012163,-0.0010372,-0.027366,-0.036484,-0.033495,-0.015834,0.010237,0.0080658,0.0028691,-0.005213,0.0042786,-0.025626,-0.0038708,0.0047016,-0.005634,0.0054307,-0.033895,-0.0061971,-0.017939,-0.013941,0.0036188,0.051562,0.027876,0.055519,0.00089874,-0.01954,-0.012632,0.0081271,-0.039126,-0.05929,-0.069871,-0.056338,-0.039244,-0.027645,-0.03689,-0.027624,-0.032701,-0.07037,-0.084814,-0.035937,-0.031329,-0.042061,0.017541,-0.00018888,-0.0060227,-0.018862,0.0023943,-0.066366,-0.0071059
-0.036172,-0.0051156,-0.015179,-0.024986,-0.046878,-0.044146,-0.055555,-0.020206,-0.014727,0.023695,0.012644,-0.00027099,-0.028438,-0.0092486,-0.044193,0.010605,0.029008,-0.012874,-0.048568,-0.056106,-0.020133,-0.0055925,-0.020604,0.047513,0.027339,0.0083859,-0.0067338,0.0050001,-0.023552,0.033884,-0.0006431,-0.046554,-0.07517,-0.053465,-0.080888,-0.07027,-0.07866,-0.055067,-0.055625,-0.098536,-0.070649,-0.063558,-0.029595,-0.047215,-0.025362,-0.027705,-0.013255,-0.0030839,-0.027519,-0.056161,-0.0026836
-0.017228,-0.0092123,-0.00507,0.0029945,-0.040646,-0.019716,-0.03529,-0.040596,-0.019562,0.036692,0.01697,0.030109,0.014874,0.0059055,0.00083812,0.02416,-0.011902,-0.018929,-0.042155,-0.029533,-0.028567,-0.0087805,-0.00013441,0.040367,0.057233,0.035744,-0.011299,0.0089644,0.015798,0.031961,0.025588,0.0024499,-0.018598,-0.023532,-0.084237,-0.093151,-0.086445,-0.090908,-0.060382,-0.058007,-0.085506,-0.077852,-0.033216,0.0139,-0.0018808,-0.0015164,-0.012775,-0.020083,-0.0020727,-0.025079,0.0090938
-0.04121,-0.080105,-0.030166,-0.017956,-0.037473,-0.021638,-0.0023227,-0.021354,-0.011666,0.0090565,0.035894,-0.002999,-0.016092,-0.025527,-0.023796,0.0074116,0.0028264,0.0025811,-0.032974,-0.03807,-0.048769,0.016705,-0.012161,0.021922,0.047269,0.0045639,-0.0038131,0.038411,0.028708,0.022548,0.0013691,-0.036862,-0.021826,-0.04294,-0.057221,-0.064926,-0.0381,-0.077044,-0.060553,-0.077905,-0.12129,-0.087768,-0.058795,-0.016523,-0.035069,-0.040058,-0.0048771,0.014829,0.0071578,-0.0077904,-0.029755
-0.022373,-0.057457,-0.048194,-0.030346,-0.019605,-0.028192,-0.00035337,-0.007482,0.005094,0.0071125,-0.017469,0.027897,-0.0092356,-0.024701,-0.02012,-0.0098819,-0.035545,-0.049981,-0.038525,-0.056873,-0.021272,-0.0021677,0.0082637,-0.027013,0.0096644,0.012843,-0.0074915,-0.018448,0.003712,0.010993,0.0022289,-0.036739,-0.041392,-0.023417,-0.089331,-0.072259,-0.078463,-0.074074,-0.062475,-0.078439,-0.081518,-0.062094,-0.026371,-0.018801,-0.031168,-0.038465,-0.025354,-0.029266,-0.026127,-0.015666,-0.025062
-0.037368,-0.025349,-0.024936,-0.0098698,-0.018455,-0.0034996,-0.017546,-0.022441,0.0088811,-0.0040839,-0.0050153,0.0081515,0.012241,-0.0028937,-0.0231,0.042332,0.028024,-0.029167,-0.01782,-0.059013,-0.044837,0.012297,-0.016377,-0.022819,0.022329,0.0029228,0.010008,0.012916,0.029882,0.039931,0.0271,-0.004625,-0.023472,-0.056107,-0.06824,-0.051654,-0.063867,-0.056364,-0.046173,-0.03713,-0.035776,-0.0087307,0.0047529,-0.010843,-0.037949,-0.011318,-0.025688,-0.017781,-0.021228,-0.029625,-0.025606
-0.031096,-0.037712,-0.028041,0.015103,-0.01442,-0.0092225,0.013368,0.023985,0.02113,0.029158,-0.02574,-0.033413,-0.0037246,-0.0051241,-0.0029565,0.0092502,0.005512,0.025663,-0.016353,-0.0048249,-0.038006,-0.063425,-0.051181,0.0073799,0.017305,0.012757,0.01173,0.052949,0.027123,0.024978,0.030622,-0.0082362,-0.060695,-0.064909,-0.05441,-0.091097,-0.042545,-0.041973,0.0022848,-0.00094553,0.0079752,-0.0076021,-0.017057,0.019374,0.0057548,-0.019506,-0.01709,-0.026948,-0.030526,-0.044429,-0.043609
-0.031999,-0.048556,-0.015906,0.01374,-0.015899,-0.0058188,-0.004411,0.034359,0.0161,0.037122,-0.032209,-0.012439,-0.041091,-0.026429,-0.06521,-0.011686,-0.0018748,-0.0027247,-0.019973,-0.032264,-0.036694,-0.018759,-0.031424,-0.0089613,-0.012986,0.00093313,0.0035869,0.0068409,0.033016,0.026805,-0.0052492,-0.030579,-0.062214,-0.098626,-0.070121,-0.048135,-0.047694,-0.048876,-0.025694,-0.005365,0.021296,0.038723,0.011541,-0.01201,-0.018033,-0.04312,-0.024196,-0.008296,-0.032052,-0.056073,-0.01735
-0.034308,-0.035306,-0.032512,0.026159,-0.00040829,-0.035472,0.017599,0.015076,-0.00079777,-0.011734,-0.037713,-0.022012,-0.01984,-0.0099312,-0.059962,-0.035875,-0.041709,-0.016633,-0.039534,-0.02791,-0.014661,0.010805,-0.032766,-0.011872,-0.028388,0.028592,0.035678,-0.0076489,0.025465,0.0055399,-9.6213e-05,-0.034837,-0.043864,-0.060407,-0.050187,-0.052378,-0.062676,-0.053837,-0.048441,-0.029095,0.01358,0.015591,0.012226,0.012239,-0.0082403,-0.012426,-0.013408,-0.017979,-0.040214,-0.03481,0.019978
-0.016831,-0.050608,-0.01695,0.019896,0.020353,-0.0034811,0.016357,-0.0037544,0.0031932,0.0054562,-0.0041395,-0.016895,-0.018723,-0.058054,-0.089805,-0.044474,-0.035898,-0.027954,-0.020274,-0.028314,-0.0068157,-0.0034868,-0.011398,-0.018908,-0.0048978,0.018467,0.03668,0.030471,0.025042,0.019639,-0.047261,-0.032167,-0.081842,-0.072616,-0.048788,-0.037513,-0.032931,-0.063685,-0.040974,-0.036846,0.0053344,0.004692,0.030618,0.010048,0.016142,-0.00087137,-0.0068153,0.0010222,0.0013713,-0.0025269,-0.0088877
0.0051736,-0.0071804,-0.0064613,0.0016845,-0.010726,-0.021756,-0.01118,-0.014484,0.0038976,0.0076107,-0.0085368,-0.0036116,0.019468,-0.031086,-0.04728,-0.065943,-0.036522,-0.033155,0.0049798,-0.018021,0.021363,-0.0042508,0.018139,0.016746,0.018681,0.012794,0.04709,0.054168,0.050876,0.011112,-0.031697,-0.0093063,-0.032953,-0.03337,-0.050051,-0.039849,-0.061436,-0.046681,-0.018552,0.0085053,-0.019195,0.013143,0.034429,0.046996,0.03986,0.005651,0.0040952,0.0014802,0.028035,0.0058964,-0.0034206
0.018272,0.014011,-0.016423,-0.008847,0.0057219,-0.041813,-0.023559,-0.054496,-0.014205,-0.02545,-0.016821,-0.012194,-0.014755,-0.050643,-0.040857,-0.038997,0.010795,-0.035866,-0.033338,-0.04895,0.018879,0.023938,0.00083071,0.033574,0.0042249,0.027083,0.031315,0.025291,0.0081297,-0.0057399,0.0093112,-0.039098,-0.051645,-0.039564,-0.059061,-0.048156,-0.053249,-0.043792,-0.038267,-0.017806,0.0054049,0.032366,0.034563,0.023461,0.022224,0.01729,0.021745,0.019968,0.0049883,-0.0062238,-0.013075
0.046748,-0.007065,-0.0060512,-0.023794,-0.043897,-0.054168,-0.021479,-0.02219,-0.012415,-0.026085,-0.020702,-0.020145,-0.030206,-0.034595,-0.057063,-0.015943,-0.0029977,-0.011318,0.016111,-0.021189,0.0092323,0.044956,-0.0088832,0.0016094,0.03401,0.032582,0.024758,0.0095826,-0.013301,0.0025801,-0.018482,-0.02652,-0.030731,-0.030889,-0.05255,-0.054282,-0.031376,-0.021606,0.012461,0.00086956,-0.0025721,-0.0077363,0.020174,0.0072905,0.023698,0.044089,0.033006,0.029869,0.01917,0.0018781,-0.0086927
0.0061532,-0.044252,-0.0372,0.0097378,-0.037039,-0.054073,-0.034154,-0.028208,-0.036962,-0.017494,-0.025454,-0.030891,-0.070691,-0.050864,-0.03798,-0.028071,-0.035645,0.018982,0.0066663,0.019117,0.0090117,0.021561,0.013986,0.031144,0.044707,0.01217,-0.0089622,-0.0088821,-0.0080151,0.0012593,-0.0034305,-0.057044,-0.047852,-0.011451,-0.042943,-0.034837,0.0079617,-0.019781,-0.0030448,0.026288,0.0049514,0.0082599,-0.013035,0.017898,-0.0036791,-0.017497,0.019245,0.02437,0.030674,-0.015831,0.0025638
-0.011949,-0.00052211,0.021596,-0.0092876,-0.017478,0.00040171,0.00065844,-0.021575,-0.022183,-0.029336,-0.062199,-0.021796,-0.029798,0.026968,-0.011724,0.0055315,0.0040207,-0.0080489,0.015326,0.012159,-0.0055205,0.011903,-0.033927,0.024755,0.036881,0.027381,0.0095526,0.0236,0.026048,0.028444,-0.01116,-0.035651,-0.011373,-0.023024,-0.047833,-0.0032152,-0.010559,-0.025149,0.040204,0.025706,0.01486,0.011819,0.05073,0.0093105,0.016689,0.0054609,0.027069,0.043545,0.033353,0.023655,0.0091977
0.014518,0.023993,-0.00095993,-0.0085403,-0.014441,-0.01548,-0.0096026,-0.038505,-0.029833,-0.0078617,-0.040592,-0.0029195,-0.026102,-0.0022141,-0.015112,0.006844,0.02266,-0.012456,-0.027042,-0.0053447,0.018509,0.0012476,-0.013703,0.0095896,0.017911,0.024925,0.017835,0.012139,0.0241,0.044253,0.037715,-0.017948,-0.038095,-0.0018769,-0.023701,0.0083426,-0.0028416,-0.015456,0.014375,-0.0020506,0.025392,0.032754,0.033299,-0.0056043,-0.0040314,0.0019168,0.032369,0.029607,0.015205,-0.0047444,0.010619
0.042828,0.023818,-0.015715,0.010918,-0.0063609,0.0023155,0.00027899,0.013972,0.0021169,-0.0093227,0.010253,-0.0087713,-0.0075729,-0.0057034,-0.035508,-0.00068802,0.014462,-0.015613,-0.019502,-0.00059679,-0.0011182,0.0031599,-0.0031787,0.029658,0.054236,0.0038376,0.042878,0.0034964,0.0090585,0.046001,0.032543,-0.0020591,-0.0017582,0.0071602,0.00066823,-0.018814,0.010927,0.040065,0.038867,0.015479,-0.009567,0.023488,-0.015994,0.016989,0.014676,0.020632,0.024072,0.050421,0.038361,-0.013881,0.022967
0.029622,0.025832,0.027643,0.045172,0.036667,-0.0043441,0.012715,-0.0063561,0.00065924,0.012231,-0.0025426,0.016302,-0.021874,-0.016022,0.011736,0.00951,0.012553,0.0014721,-0.020023,-0.022896,-0.010958,-0.0020675,0.045771,0.068035,0.02466,0.014992,-0.017332,-0.020968,0.034383,0.029239,0.0099163,0.014073,0.031951,0.022384,0.021634,0.0090789,0.017378,0.0061888,0.066678,0.010809,-0.015819,0.0063524,0.013186,0.021973,0.0071654,0.011212,0.011394,0.058488,0.042291,0.019851,-0.018219
0.066495,0.053274,0.0031421,0.01434,0.010262,-0.029172,0.0077575,0.023504,-0.004439,0.013625,0.029258,0.029836,-0.033392,-0.0066532,-0.017879,0.0067554,0.02759,0.0036611,-0.013086,-0.019966,0.028771,0.050887,0.0087396,0.049096,0.019553,0.017323,0.016834,-0.0056135,0.017011,0.015021,0.019755,0.018862,0.046217,0.014222,0.010309,0.033763,0.039316,0.036902,0.036302,0.021938,0.0015738,-0.0042831,0.0011556,0.036214,0.014808,0.0038323,0.025342,0.049854,-0.0064207,-0.007011,0.021601
0.033711,0.043652,0.034807,0.0436,-0.0064161,-0.0033712,-0.0053216,-0.018129,-0.011123,0.029606,0.0031538,0.017024,0.0037283,-0.022454,-0.043554,0.018316,0.013766,0.024521,-0.029895,-0.024291,0.01254,0.040867,0.019365,0.015734,0.019223,0.015279,-0.0040991,-0.016186,0.011546,-0.00038998,-0.033897,0.01719,-0.011349,-0.0035704,0.028331,0.049899,0.041475,0.026274,0.028337,0.01542,-0.025574,0.0079821,0.049983,0.034052,-0.0044495,0.00029793,0.011811,-0.032554,-0.0053152,-0.033698,0.0080819
0.0070966,0.014925,0.020882,0.057106,0.025607,-0.0034992,-0.021538,-0.025297,-0.0077523,0.0041886,-0.025141,-5.4787e-05,0.021614,-0.00082551,-0.02715,0.034004,0.0076792,0.0098093,0.00066676,0.00039123,-0.010075,0.0099493,0.0020763,0.021513,0.01247,0.018034,0.011873,0.014626,-0.010112,0.032501,-0.0214,0.0075157,-0.037569,0.019186,0.01341,0.022535,0.0444,0.019566,0.023165,-0.013274,0.0092136,0.0098224,0.043897,0.027255,0.033968,-0.023767,-0.017466,-0.050864,-0.022038,-0.031627,-0.001871
-0.051569,-0.017944,0.018446,0.07182,-0.015071,-0.036281,-0.021509,-0.024505,-0.0033111,-0.0010822,-0.05292,-0.038197,-0.034577,-0.043296,-0.051215,-0.030058,-0.018668,-0.018746,-0.0019543,-0.023364,-0.031362,-0.013264,-0.02824,0.020188,-0.029713,-0.029881,-0.026886,-0.015506,-0.013084,-0.019801,-0.019646,-0.042355,-0.070963,-0.016502,-0.011139,-0.0031438,0.0018644,0.011539,-0.030551,-0.021846,-0.0084261,0.0051703,-0.00042031,0.010058,-0.0022072,-0.056755,-0.074308,-0.068695,-0.023822,-0.056656,-0.0098396
-0.043105,-0.038215,0.020313,0.034593,-0.0072301,0.001403,0.028478,0.018101,0.012685,0.020979,-0.042479,-0.061358,-0.053689,-0.076328,-0.065229,-0.014124,0.0084095,-0.012131,-0.0068774,-0.041238,-0.024386,-0.0097916,-0.054871,-0.041517,-0.0038627,-0.0010731,-0.013939,-0.001136,-0.033564,-0.022806,0.0034669,-0.029405,-0.082176,-0.057342,-0.028905,0.0079341,0.036634,-0.0013627,-0.01585,-0.013312,-0.0065367,-0.0083278,-0.046126,-0.029694,-0.02773,-0.019247,-0.012569,-0.046403,-0.045724,-0.015946,0.019426
-0.036187,-0.049058,0.039931,0.075194,0.035471,0.0013328,0.0011677,-0.0087066,0.018075,-0.017087,-0.026784,-0.053071,-0.01982,-0.036975,-0.055844,-0.023649,-0.0098359,0.0014633,-0.026307,-0.077547,-0.060154,0.0043143,-0.019075,-0.012318,0.03486,-0.015666,-0.038169,-0.027991,-0.020838,0.0052808,-0.0046682,-0.0096824,-0.031424,-0.036401,-0.017976,-0.026134,0.024981,-0.019276,-0.019733,-0.0015575,-0.018455,-0.029421,-0.0022207,0.015354,-0.031597,-0.021991,-0.018401,-0.032165,-0.054716,-0.0068236,0.024119
-0.034255,-0.013047,0.015863,0.047015,0.024634,-0.0071522,0.0040466,-0.023363,0.0094807,-0.0013181,-0.02803,-0.016359,-0.021121,-0.023902,-0.029355,-0.014315,-0.023908,-0.027152,-0.036992,-0.078064,-0.0787,-0.045367,-0.035331,-0.056047,-0.016832,-0.021962,-0.040572,-0.031607,0.010317,-0.012383,0.0048691,-0.02528,-0.021333,-0.030688,-0.050913,-0.0030933,-0.025638,-0.031688,-0.0033779,-0.011866,-0.040811,-0.00060754,-0.0070266,0.013914,0.011034,-0.0030754,-0.012576,-0.01881,-0.017795,-0.0013647,0.0080652
-0.030496,-0.034049,-0.0080641,0.020452,0.021064,0.0014663,-0.0060497,-0.0074547,-0.025629,-0.030061,-0.03931,-0.010377,-0.048471,-0.022492,-0.053727,-0.016273,-0.0082112,-0.056078,-0.048272,-0.077701,-0.073132,-0.050228,-0.045908,-0.038134,-0.053252,-0.056023,-0.031322,-0.026044,-0.045288,-0.025038,-0.033759,-0.046683,-0.034806,-0.013642,-0.021376,-0.00048267,-0.0047515,-0.006003,-0.015612,-0.04303,-0.021881,-0.031838,-0.017687,-0.016283,0.026706,-0.027397,-0.03941,-0.021682,-0.0039196,-0.0079349,-0.02458
-0.026365,-0.014845,-0.030552,0.0017368,0.00057272,0.012658,-0.0075527,-0.025674,-0.045306,-0.027923,-0.027572,-0.0066445,-0.015113,-0.038802,-0.049386,-0.014948,-0.019626,-0.040275,-0.096539,-0.067302,-0.066996,-0.031023,-0.038966,-0.052884,-0.065438,-0.038275,-0.060979,-0.069395,-0.071472,-0.037049,-0.021514,-0.023061,-0.0089616,-0.019324,-0.014405,-0.010692,0.0085053,-0.032085,-0.0010128,-0.036023,-0.041373,-0.006151,-0.010241,-0.0078848,-0.0057879,-0.0092325,0.0024554,-0.02437,-0.0070409,-0.012408,0.004481
-0.018777,-0.020367,-0.028156,0.012924,-0.0018782,-0.016674,-0.038685,-0.023612,-0.031895,-0.021805,-0.031605,-0.028971,-0.039071,0.0016561,-0.057447,-0.031744,-0.012331,-0.028994,-0.081236,-0.07621,-0.059827,-0.052369,-0.060542,-0.01681,-0.035769,-0.078545,-0.075632,-0.10236,-0.065641,-0.031619,-0.034961,-0.036415,0.0034531,-0.0023797,-0.0069425,-0.018265,-0.022798,-0.0070617,0.0052864,-0.027465,-0.04781,-0.02795,-0.011858,0.0087854,0.001496,-0.0051037,-0.0065367,0.024484,-0.0076054,-0.044065,0.0081174
-0.034173,-0.036886,-0.021392,-0.013784,-0.018145,-0.051776,0.012047,-0.0087179,-0.017542,-0.0054716,-0.028493,-0.025757,-0.064439,-0.016164,-0.0093436,-0.025439,-0.014447,-0.018599,-0.065701,-0.069669,-0.04653,-0.075579,-0.05617,-0.00098443,-0.023415,-0.019193,-0.043537,-0.058506,-0.021343,-0.03445,-0.025714,-0.034729,-0.0082884,-0.014662,-0.021596,0.0048802,-0.0046548,-0.014537,0.023995,-0.016218,-0.027358,-0.043992,-0.014865,-0.0045636,0.0044414,0.0082229,0.020529,0.054662,-0.0089637,-0.029739,-0.036276
-0.025259,-0.016783,-0.0075944,-0.021581,-0.018547,-0.043544,-0.016849,-0.029885,-0.021968,-0.043102,-0.022906,-0.028405,-0.015543,-0.048674,-0.010671,0.0002418,-0.041874,-0.079326,-0.05679,-0.06619,-0.064899,-0.051345,-0.052809,-0.027612,-0.013322,-0.011527,-0.029002,-0.069511,-0.031173,-0.008992,-0.024657,-0.03274,-0.0083908,-0.036759,-0.027364,-0.0094394,-0.02362,-0.039049,-0.024475,-0.012474,-0.029526,-0.0085627,-0.018401,-0.021067,-0.010786,0.0097044,0.012111,0.021488,0.015133,-0.025631,-0.014327
-0.043169,-0.06078,-0.051236,-0.021641,-0.023299,-0.036837,-0.02541,-0.036742,-0.035205,-0.034736,-0.045129,-0.022431,-0.018576,-0.040858,-0.040652,-0.046554,-0.030346,-0.048548,-0.055924,-0.078231,-0.010896,-0.070069,-0.04496,-0.016738,0.0053285,-0.01944,-0.0035605,-0.015219,-0.016342,0.0055563,-0.018462,-0.02645,-0.06858,-0.0026257,-0.020845,-0.031803,-0.032401,-0.018483,-0.043267,-0.049878,-0.049981,-0.029443,0.0054743,-0.022806,-0.029792,-0.0060848,0.010333,0.021717,0.016932,-0.023338,0.0085703
-0.085859,-0.0537,-0.0552,-0.038157,-0.0012718,-0.020329,-0.010958,-0.039004,-0.0036249,-0.019091,-0.044325,-0.035093,-0.022841,-0.039162,-0.051004,-0.04131,-0.043862,-0.055069,-0.021324,-0.027307,0.0072338,-0.010302,-0.045951,0.018118,0.018175,0.019489,-0.00014803,0.013661,-0.0046945,-0.018127,-0.057916,-0.071734,-0.051305,0.0025292,0.0019903,0.031227,-0.0059586,-0.019433,0.0025436,-0.043874,-0.059247,-0.059151,0.0013608,-0.025971,-0.023863,-0.011649,0.011056,0.031497,0.028185,0.01783,0.01916
-0.047019,-0.052293,-0.041866,-0.019624,-0.041852,-0.027504,-0.025152,-0.03796,-0.040373,-0.019212,-0.018838,0.0040078,-0.017469,-0.03901,-0.037082,-0.023879,-0.041383,-0.031724,-0.028773,-0.0051399,0.007351,0.033533,-0.0065656,0.032705,0.0060368,0.0091367,-0.0027854,0.018124,0.0053945,-0.023416,-0.039217,-0.049253,-0.01735,0.0088416,0.0056195,0.004999,0.0041853,-0.023089,-0.033548,0.00019471,-0.031587,-0.032684,0.0098263,0.010033,-0.022301,-0.030475,-0.0015413,0.017201,0.050437,0.018579,0.041422
-0.040176,-0.084963,-0.058227,-0.048458,-0.06989,-0.057377,-0.055838,-0.049706,-0.10824,-0.030909,-0.043519,-0.023316,-0.048384,-0.048028,-0.063945,-0.013422,-0.032538,-0.020969,-0.030558,-0.032944,-0.010632,0.023922,-0.008715,-0.022529,0.013222,0.011095,-0.009342,0.0050918,-0.031276,-0.024846,-0.037502,-0.043891,-0.042098,-0.021897,-0.041533,-0.017481,-0.0076278,-0.036896,-0.014085,-0.018402,-0.028255,-0.023259,-0.016696,-0.023524,-0.031176,-0.040119,-0.010089,-0.033603,-0.028908,-0.026396,-0.014457
-0.054214,-0.077366,-0.061573,-0.039313,-0.0584,-0.069669,-0.072773,-0.067692,-0.027008,-0.045273,-0.040639,-0.021309,-0.031151,-0.037288,-0.069441,-0.023153,-0.025825,-0.023756,-0.029954,-0.042985,-0.053878,0.008833,-0.011605,-0.0027903,-0.01088,0.0083199,-0.018095,-0.036287,-0.024852,-0.022285,-0.060145,-0.07098,-0.036718,-0.013658,-0.014782,-0.019877,-0.0035612,-0.0058648,-0.0029124,-0.037874,-0.035847,-0.049113,-0.01233,-0.025908,-0.019406,-0.012946,-0.042801,0.0078962,-0.023703,-0.052459,-0.038063
-0.076232,-0.053396,-0.05433,-0.037324,-0.037249,-0.046007,-0.029646,-0.023557,-0.02787,-0.0061879,-0.031426,-0.04028,-0.028868,-0.017257,-0.059458,-0.055354,-0.035795,-0.038367,-0.037094,-0.0154,0.018295,0.0021141,0.0084874,-0.0015657,0.011503,-0.017076,-0.020804,-0.018897,-0.042267,-0.043469,-0.01264,-0.03799,-0.027559,0.012476,-0.0055449,0.027786,-0.0077359,-0.0057059,0.011029,-0.016675,-0.0089021,-0.0073415,-0.039328,-0.019317,-0.015836,-0.048927,-0.030473,-0.020501,-0.043155,-0.014041,-0.0096453
-0.057154,-0.076055,-0.018804,-0.0099312,-0.029777,-0.009668,-0.029725,-0.013042,-0.016305,-0.0060031,-0.038001,-0.031003,8.9786e-05,-0.0098662,-0.04809,-0.028677,-0.026533,-0.046272,-0.036087,-0.027487,-0.019064,-0.021532,0.00068468,-0.022592,0.00014142,-0.028312,-0.027272,-0.020721,-0.020893,-0.009068,-0.010975,-0.00034358,-0.015035,-0.012207,0.024158,0.024576,-0.00054569,-0.014408,-0.032155,-0.018335,-0.0057726,0.0038407,-0.02618,-0.032569,-0.011397,-0.0331,-0.038986,-0.016451,-0.0027793,-0.01353,-0.0085659
-0.030963,-0.048177,-0.044291,0.017513,0.0022311,-0.015383,0.03138,0.043693,0.014659,-0.00024549,-0.0072433,-0.025798,-0.013688,-0.026857,-0.042028,-0.023498,-0.014704,0.018482,-0.022226,-0.018651,-0.036683,-0.01773,-0.039188,-0.032505,-0.026548,0.018973,-0.0098677,-0.011875,-0.012684,-0.0022307,0.031886,-0.017129,-0.0021621,-0.027869,0.0045843,0.015671,0.042008,0.023321,0.018614,-0.0035194,0.010651,0.0080723,-0.043225,-0.016905,-0.026799,-0.014438,-0.0026234,0.013653,-0.034548,-0.010374,0.029721
-0.037853,-0.061459,-0.021411,0.02916,-0.011552,-0.028044,-0.034768,0.011526,0.015643,0.015515,-0.037846,-0.010371,-0.030161,-0.0012643,-0.03739,0.0057627,-0.017531,0.00051749,-0.020062,-0.059468,-0.05936,-0.034049,-0.036414,-0.036866,-0.031239,-0.014547,-0.045044,-0.04741,0.0042119,0.037357,0.0098252,0.010754,0.01111,-0.027108,-0.01834,-0.00091815,-0.018818,-0.0090416,0.016745,0.015528,0.014523,-0.0086362,-0.0012263,-0.027856,-0.04839,-0.031803,-0.048629,-0.027862,-0.031463,-0.0193,0.0064241
0.0024573,-0.0094459,0.00052395,0.017317,-0.015089,-0.0052042,-0.0014771,0.0045131,-0.0082787,0.0030659,-0.045605,-0.01425,-0.0071833,-0.025187,-0.0096826,0.048573,0.0079149,0.03327,-0.029773,-0.040445,-0.059214,-0.042783,-0.045605,-0.057808,-0.053155,-0.031531,-0.05681,-0.027542,-0.018208,0.0058525,0.013196,0.026326,0.010662,-0.021157,-0.037053,-0.014926,0.0022416,-0.0019514,0.030704,0.031861,-0.0029844,-0.021742,-0.019767,-0.027142,-0.038963,-0.044907,-0.012388,-0.042425,-0.0060644,-0.011753,-0.002094
-0.016435,-0.031138,-0.016638,0.014009,-0.0088178,-0.0035591,0.0052739,-0.022264,-0.0051431,0.010212,0.00044861,-0.029821,-0.0069495,-0.04748,-0.033433,0.030052,0.041162,0.049299,-0.016096,-0.029356,-0.02143,-0.019963,-0.049455,-0.016434,-0.039672,-0.066188,-0.059096,-0.0080677,-0.02337,-0.0019742,0.013477,0.0093707,-0.02199,-0.018246,-0.011165,0.0010868,0.016472,0.027321,0.0078035,0.01412,-0.0075859,-0.036412,-0.013836,-0.032212,-0.039297,-0.052855,-0.027861,-0.043363,-0.0079142,-0.029385,-0.0013048
-0.0052214,-0.022119,-0.011443,-0.0094991,-0.012342,0.0096951,0.0025136,-0.017977,-0.0024274,-0.0039106,-0.032005,0.00084631,-0.0019834,-0.047755,-0.04136,0.019311,0.047076,0.026851,0.029317,-0.013315,0.030867,-0.020907,-0.022913,-0.051301,-0.062057,-0.061557,-0.039112,-0.022927,-0.031604,-0.0030113,-0.0040696,-0.0015153,-0.032374,-0.0039844,-0.036604,-0.0091423,-0.0083055,0.04225,0.019592,-0.012245,-0.019859,-0.031082,0.0029991,-0.047098,-0.049472,-0.057805,-0.092828,-0.048598,-0.020033,-0.025588,0.026055
0.0008137,-0.028196,8.7747e-05,0.029349,0.0092416,-0.045368,-0.034929,-0.037519,-0.030812,-0.024764,0.016828,-0.026741,0.0027819,-0.024261,0.010948,0.012166,0.015591,0.018253,-0.0081233,-0.02592,0.0024541,-0.011735,-0.038386,-0.025392,-0.030403,-0.056053,-0.054634,-0.018633,-0.017292,0.011248,-8.8556e-05,-0.070116,-0.039347,-0.016026,-0.014999,-0.028829,-0.023225,-0.032685,-0.040154,-0.047108,-0.045639,-0.02373,-0.0068096,0.01388,-0.040657,-0.068375,-0.079612,-0.042282,-0.04789,-0.028448,0.0083699
