0.02,0.02,0.10303,1,0,0
0.04,0.02,0.093566,1,0,0
0.06,0.02,0.057934,1,0,0
0.08,0.02,0.013779,1,0,0
0.1,0.02,0.042806,1,0,0
0.12,0.02,0.089453,1,0,0
0.14,0.02,0.043513,1,0,0
0.16,0.02,0.0066233,1,0,0
0.18,0.02,0.11164,1,0,0
0.2,0.02,0.06786,1,0,0
0.22,0.02,-0.022788,1,0,0
0.24,0.02,0.036156,1,0,0
0.26,0.02,0.0053898,1,0,0
0.28,0.02,0.01492,1,0,0
0.3,0.02,-0.010479,1,0,0
0.32,0.02,0.029327,1,0,0
0.34,0.02,0.021168,1,0,0
0.36,0.02,-0.029423,1,0,0
0.38,0.02,-0.013687,1,0,0
0.4,0.02,0.050838,1,0,0
0.42,0.02,0.032097,1,0,0
0.44,0.02,0.052653,1,0,0
0.46,0.02,0.062469,1,0,0
0.48,0.02,0.058826,1,0,0
0.5,0.02,0.11476,1,0,0
0.52,0.02,0.083445,1,0,0
0.54,0.02,0.030166,1,0,0
0.56,0.02,0.075693,1,0,0
0.58,0.02,0.033105,1,0,0
0.6,0.02,0.0018519,1,0,0
0.62,0.02,0.099193,1,0,0
0.64,0.02,0.066854,1,0,0
0.66,0.02,0.15783,1,0,0
0.68,0.02,0.11924,1,0,0
0.7,0.02,0.13987,1,0,0
0.72,0.02,0.050561,1,0,0
0.74,0.02,0.045528,1,0,0
0.76,0.02,0.016027,1,0,0
0.78,0.02,0.11836,1,0,0
0.8,0.02,0.046627,1,0,0
0.82,0.02,0.099106,1,0,0
0.84,0.02,0.046001,1,0,0
0.86,0.02,0.084301,1,0,0
0.88,0.02,0.073167,1,0,0
0.9,0.02,0.044665,1,0,0
0.92,0.02,0.094715,1,0,0
0.94,0.02,0.056112,1,0,0
0.96,0.02,0.049905,1,0,0
0.98,0.02,0.039099,1,0,0
0.02,0.04,0.13337,1,0,0
0.04,0.04,0.078384,1,0,0
0.06,0.04,0.045704,1,0,0
0.08,0.04,0.025447,1,0,0
0.1,0.04,0.017587,1,0,0
0.12,0.04,0.0040289,1,0,0
0.14,0.04,-0.044519,1,0,0
0.16,0.04,0.053548,1,0,0
0.18,0.04,0.0021581,1,0,0
0.2,0.04,0.086696,1,0,0
0.22,0.04,0.046726,1,0,0
0.24,0.04,0.010903,1,0,0
0.26,0.04,0.004885,1,0,0
0.28,0.04,-0.027055,1,0,0
0.3,0.04,-0.020875,1,0,0
0.32,0.04,0.0091202,1,0,0
0.34,0.04,0.043002,1,0,0
0.36,0.04,0.026448,1,0,0
0.38,0.04,0.016989,1,0,0
0.4,0.04,0.010918,1,0,0
0.42,0.04,0.064804,1,0,0
0.44,0.04,0.067771,1,0,0
0.46,0.04,0.04935,1,0,0
0.48,0.04,0.01489,1,0,0
0.5,0.04,0.046768,1,0,0
0.52,0.04,0.060403,1,0,0
0.54,0.04,0.051627,1,0,0
0.56,0.04,0.029541,1,0,0
0.58,0.04,0.037767,1,0,0
0.6,0.04,0.074635,1,0,0
0.62,0.04,0.051578,1,0,0
0.64,0.04,0.12574,1,0,0
0.66,0.04,0.10254,1,0,0
0.68,0.04,0.10339,1,0,0
0.7,0.04,0.095443,1,0,0
0.72,0.04,0.027818,1,0,0
0.74,0.04,0.033479,1,0,0
0.76,0.04,0.02795,1,0,0
0.78,0.04,0.067489,1,0,0
0.8,0.04,-0.018538,1,0,0
0.82,0.04,0.084654,1,0,0
0.84,0.04,0.031443,1,0,0
0.86,0.04,0.042517,1,0,0
0.88,0.04,0.0088603,1,0,0
0.9,0.04,0.060228,1,0,0
0.92,0.04,0.0027088,1,0,0
0.94,0.04,0.039785,1,0,0
0.96,0.04,0.072192,1,0,0
0.98,0.04,0.049535,1,0,0
0.02,0.06,0.16058,1,0,0
0.04,0.06,0.085711,1,0,0
0.06,0.06,0.071038,1,0,0
0.08,0.06,0.051298,1,0,0
0.1,0.06,0.053315,1,0,0
0.12,0.06,0.048191,1,0,0
0.14,0.06,0.039445,1,0,0
0.16,0.06,0.081487,1,0,0
0.18,0.06,0.0062907,1,0,0
0.2,0.06,0.049772,1,0,0
0.22,0.06,0.094709,1,0,0
0.24,0.06,0.037491,1,0,0
0.26,0.06,0.008145,1,0,0
0.28,0.06,0.0059407,1,0,0
0.3,0.06,0.03427,1,0,0
0.32,0.06,0.055013,1,0,0
0.34,0.06,0.052707,1,0,0
0.36,0.06,0.062333,1,0,0
0.38,0.06,0.025154,1,0,0
0.4,0.06,0.081263,1,0,0
0.42,0.06,0.061295,1,0,0
0.44,0.06,0.070032,1,0,0
0.46,0.06,0.073762,1,0,0
0.48,0.06,0.044027,1,0,0
0.5,0.06,0.076721,1,0,0
0.52,0.06,0.077415,1,0,0
0.54,0.06,0.12066,1,0,0
0.56,0.06,0.061573,1,0,0
0.58,0.06,0.08886,1,0,0
0.6,0.06,0.070934,1,0,0
0.62,0.06,0.13511,1,0,0
0.64,0.06,0.11862,1,0,0
0.66,0.06,0.1226,1,0,0
0.68,0.06,0.038807,1,0,0
0.7,0.06,0.050621,1,0,0
0.72,0.06,0.061815,1,0,0
0.74,0.06,0.068857,1,0,0
0.76,0.06,0.11886,1,0,0
0.78,0.06,0.09354,1,0,0
0.8,0.06,0.02471,1,0,0
0.82,0.06,0.1002,1,0,0
0.84,0.06,0.094247,1,0,0
0.86,0.06,0.098554,1,0,0
0.88,0.06,0.09675,1,0,0
0.9,0.06,0.15093,1,0,0
0.92,0.06,0.068713,1,0,0
0.94,0.06,0.048278,1,0,0
0.96,0.06,0.1051,1,0,0
0.98,0.06,0.079017,1,0,0
0.02,0.08,0.13172,1,0,0
0.04,0.08,0.087959,1,0,0
0.06,0.08,0.06922,1,0,0
0.08,0.08,0.11231,1,0,0
0.1,0.08,0.082937,1,0,0
0.12,0.08,0.032923,1,0,0
0.14,0.08,0.05698,1,0,0
0.16,0.08,0.071844,1,0,0
0.18,0.08,-0.01167,1,0,0
0.2,0.08,0.036647,1,0,0
0.22,0.08,0.069927,1,0,0
0.24,0.08,0.039031,1,0,0
0.26,0.08,0.039548,1,0,0
0.28,0.08,0.046589,1,0,0
0.3,0.08,0.049757,1,0,0
0.32,0.08,0.091034,1,0,0
0.34,0.08,0.054999,1,0,0
0.36,0.08,0.063457,1,0,0
0.38,0.08,0.072854,1,0,0
0.4,0.08,0.029356,1,0,0
0.42,0.08,0.1135,1,0,0
0.44,0.08,0.065921,1,0,0
0.46,0.08,0.10348,1,0,0
0.48,0.08,0.047442,1,0,0
0.5,0.08,0.028663,1,0,0
0.52,0.08,0.039034,1,0,0
0.54,0.08,0.091675,1,0,0
0.56,0.08,0.091892,1,0,0
0.58,0.08,0.097679,1,0,0
0.6,0.08,0.070912,1,0,0
0.62,0.08,0.089634,1,0,0
0.64,0.08,0.065519,1,0,0
0.66,0.08,0.06924,1,0,0
0.68,0.08,0.044857,1,0,0
0.7,0.08,0.044834,1,0,0
0.72,0.08,0.078955,1,0,0
0.74,0.08,0.048937,1,0,0
0.76,0.08,0.087759,1,0,0
0.78,0.08,0.043945,1,0,0
0.8,0.08,0.054511,1,0,0
0.82,0.08,0.031952,1,0,0
0.84,0.08,0.030308,1,0,0
0.86,0.08,0.078116,1,0,0
0.88,0.08,0.087025,1,0,0
0.9,0.08,0.08557,1,0,0
0.92,0.08,0.10111,1,0,0
0.94,0.08,0.1028,1,0,0
0.96,0.08,0.11311,1,0,0
0.98,0.08,0.066474,1,0,0
0.02,0.1,0.11803,1,0,0
0.04,0.1,0.085131,1,0,0
0.06,0.1,0.032282,1,0,0
0.08,0.1,0.079955,1,0,0
0.1,0.1,0.10025,1,0,0
0.12,0.1,0.06089,1,0,0
0.14,0.1,0.033209,1,0,0
0.16,0.1,0.049896,1,0,0
0.18,0.1,0.038027,1,0,0
0.2,0.1,0.0053702,1,0,0
0.22,0.1,0.063264,1,0,0
0.24,0.1,0.021024,1,0,0
0.26,0.1,0.12675,1,0,0
0.28,0.1,0.031497,1,0,0
0.3,0.1,0.0408,1,0,0
0.32,0.1,0.019659,1,0,0
0.34,0.1,0.045483,1,0,0
0.36,0.1,0.057424,1,0,0
0.38,0.1,0.090839,1,0,0
0.4,0.1,0.054692,1,0,0
0.42,0.1,0.10528,1,0,0
0.44,0.1,0.049632,1,0,0
0.46,0.1,0.053925,1,0,0
0.48,0.1,0.036594,1,0,0
0.5,0.1,0.049266,1,0,0
0.52,0.1,0.072913,1,0,0
0.54,0.1,0.088551,1,0,0
0.56,0.1,0.085699,1,0,0
0.58,0.1,0.071222,1,0,0
0.6,0.1,0.096432,1,0,0
0.62,0.1,0.11723,1,0,0
0.64,0.1,0.062351,1,0,0
0.66,0.1,0.02811,1,0,0
0.68,0.1,0.02321,1,0,0
0.7,0.1,0.095034,1,0,0
0.72,0.1,0.05552,1,0,0
0.74,0.1,0.018031,1,0,0
0.76,0.1,0.07176,1,0,0
0.78,0.1,0.093941,1,0,0
0.8,0.1,0.0090321,1,0,0
0.82,0.1,0.02412,1,0,0
0.84,0.1,0.069745,1,0,0
0.86,0.1,0.030443,1,0,0
0.88,0.1,0.037498,1,0,0
0.9,0.1,0.080117,1,0,0
0.92,0.1,0.13546,1,0,0
0.94,0.1,0.097662,1,0,0
0.96,0.1,0.070836,1,0,0
0.98,0.1,0.088957,1,0,0
0.02,0.12,0.03614,1,0,0
0.04,0.12,0.050543,1,0,0
0.06,0.12,0.081754,1,0,0
0.08,0.12,0.098765,1,0,0
0.1,0.12,0.089437,1,0,0
0.12,0.12,0.068835,1,0,0
0.14,0.12,0.09244,1,0,0
0.16,0.12,0.099703,1,0,0
0.18,0.12,0.063396,1,0,0
0.2,0.12,0.029861,1,0,0
0.22,0.12,0.10346,1,0,0
0.24,0.12,0.028085,1,0,0
0.26,0.12,0.083155,1,0,0
0.28,0.12,0.031477,1,0,0
0.3,0.12,0.021486,1,0,0
0.32,0.12,0.017507,1,0,0
0.34,0.12,0.040869,1,0,0
0.36,0.12,0.11075,1,0,0
0.38,0.12,0.042322,1,0,0
0.4,0.12,0.040597,1,0,0
0.42,0.12,0.072679,1,0,0
0.44,0.12,0.031943,1,0,0
0.46,0.12,0.042424,1,0,0
0.48,0.12,0.090052,1,0,0
0.5,0.12,0.064845,1,0,0
0.52,0.12,0.070528,1,0,0
0.54,0.12,0.10451,1,0,0
0.56,0.12,0.063987,1,0,0
0.58,0.12,0.069565,1,0,0
0.6,0.12,0.069445,1,0,0
0.62,0.12,0.082282,1,0,0
0.64,0.12,0.083968,1,0,0
0.66,0.12,0.057195,1,0,0
0.68,0.12,0.018092,1,0,0
0.7,0.12,0.073485,1,0,0
0.72,0.12,0.046597,1,0,0
0.74,0.12,0.037197,1,0,0
0.76,0.12,0.057408,1,0,0
0.78,0.12,0.086061,1,0,0
0.8,0.12,0.05887,1,0,0
0.82,0.12,0.047199,1,0,0
0.84,0.12,0.077644,1,0,0
0.86,0.12,0.020606,1,0,0
0.88,0.12,0.032755,1,0,0
0.9,0.12,0.037297,1,0,0
0.92,0.12,0.1182,1,0,0
0.94,0.12,0.065949,1,0,0
0.96,0.12,0.11681,1,0,0
0.98,0.12,0.085738,1,0,0
0.02,0.14,0.0073241,1,0,0
0.04,0.14,0.068409,1,0,0
0.06,0.14,0.11784,1,0,0
0.08,0.14,0.097195,1,0,0
0.1,0.14,0.072246,1,0,0
0.12,0.14,0.072528,1,0,0
0.14,0.14,0.053091,1,0,0
0.16,0.14,0.097822,1,0,0
0.18,0.14,0.068826,1,0,0
0.2,0.14,0.054431,1,0,0
0.22,0.14,0.081248,1,0,0
0.24,0.14,0.071345,1,0,0
0.26,0.14,0.042883,1,0,0
0.28,0.14,0.049606,1,0,0
0.3,0.14,0.036297,1,0,0
0.32,0.14,0.037779,1,0,0
0.34,0.14,0.024927,1,0,0
0.36,0.14,0.094556,1,0,0
0.38,0.14,0.15172,1,0,0
0.4,0.14,0.0090222,1,0,0
0.42,0.14,0.061181,1,0,0
0.44,0.14,0.044107,1,0,0
0.46,0.14,0.080922,1,0,0
0.48,0.14,0.05288,1,0,0
0.5,0.14,0.072578,1,0,0
0.52,0.14,0.063899,1,0,0
0.54,0.14,0.064194,1,0,0
0.56,0.14,0.046006,1,0,0
0.58,0.14,0.01957,1,0,0
0.6,0.14,0.075142,1,0,0
0.62,0.14,0.086442,1,0,0
0.64,0.14,0.074241,1,0,0
0.66,0.14,0.073132,1,0,0
0.68,0.14,0.045685,1,0,0
0.7,0.14,0.011117,1,0,0
0.72,0.14,0.045758,1,0,0
0.74,0.14,0.018208,1,0,0
0.76,0.14,0.0099031,1,0,0
0.78,0.14,0.030347,1,0,0
0.8,0.14,0.054112,1,0,0
0.82,0.14,0.068498,1,0,0
0.84,0.14,0.034892,1,0,0
0.86,0.14,0.016132,1,0,0
0.88,0.14,0.028578,1,0,0
0.9,0.14,0.079663,1,0,0
0.92,0.14,0.055057,1,0,0
0.94,0.14,0.04218,1,0,0
0.96,0.14,0.11298,1,0,0
0.98,0.14,0.068808,1,0,0
0.02,0.16,0.087493,1,0,0
0.04,0.16,0.11988,1,0,0
0.06,0.16,0.055315,1,0,0
0.08,0.16,0.10538,1,0,0
0.1,0.16,0.046044,1,0,0
0.12,0.16,0.032885,1,0,0
0.14,0.16,0.033467,1,0,0
0.16,0.16,0.060439,1,0,0
0.18,0.16,0.097041,1,0,0
0.2,0.16,0.029549,1,0,0
0.22,0.16,0.02425,1,0,0
0.24,0.16,0.090891,1,0,0
0.26,0.16,0.051983,1,0,0
0.28,0.16,0.02469,1,0,0
0.3,0.16,0.016992,1,0,0
0.32,0.16,0.012999,1,0,0
0.34,0.16,0.020884,1,0,0
0.36,0.16,0.093923,1,0,0
0.38,0.16,0.086958,1,0,0
0.4,0.16,0.086429,1,0,0
0.42,0.16,0.11618,1,0,0
0.44,0.16,0.08515,1,0,0
0.46,0.16,0.059907,1,0,0
0.48,0.16,0.027311,1,0,0
0.5,0.16,0.029248,1,0,0
0.52,0.16,0.031793,1,0,0
0.54,0.16,0.04939,1,0,0
0.56,0.16,0.10451,1,0,0
0.58,0.16,0.01165,1,0,0
0.6,0.16,0.056945,1,0,0
0.62,0.16,0.1105,1,0,0
0.64,0.16,0.052062,1,0,0
0.66,0.16,0.093761,1,0,0
0.68,0.16,0.11147,1,0,0
0.7,0.16,0.066464,1,0,0
0.72,0.16,0.005701,1,0,0
0.74,0.16,0.017575,1,0,0
0.76,0.16,0.02554,1,0,0
0.78,0.16,-0.011964,1,0,0
0.8,0.16,0.067012,1,0,0
0.82,0.16,0.11452,1,0,0
0.84,0.16,0.043181,1,0,0
0.86,0.16,0.01852,1,0,0
0.88,0.16,0.055808,1,0,0
0.9,0.16,0.076906,1,0,0
0.92,0.16,0.09276,1,0,0
0.94,0.16,0.098093,1,0,0
0.96,0.16,0.11436,1,0,0
0.98,0.16,0.10104,1,0,0
0.02,0.18,0.056998,1,0,0
0.04,0.18,0.041857,1,0,0
0.06,0.18,0.051669,1,0,0
0.08,0.18,0.1067,1,0,0
0.1,0.18,0.10991,1,0,0
0.12,0.18,0.10233,1,0,0
0.14,0.18,0.036206,1,0,0
0.16,0.18,0.10585,1,0,0
0.18,0.18,0.08977,1,0,0
0.2,0.18,0.036316,1,0,0
0.22,0.18,0.048363,1,0,0
0.24,0.18,0.042481,1,0,0
0.26,0.18,0.078223,1,0,0
0.28,0.18,0.094123,1,0,0
0.3,0.18,0.05212,1,0,0
0.32,0.18,0.021393,1,0,0
0.34,0.18,0.039654,1,0,0
0.36,0.18,0.1015,1,0,0
0.38,0.18,0.048996,1,0,0
0.4,0.18,0.070595,1,0,0
0.42,0.18,0.08341,1,0,0
0.44,0.18,0.10852,1,0,0
0.46,0.18,0.037726,1,0,0
0.48,0.18,0.082034,1,0,0
0.5,0.18,0.10254,1,0,0
0.52,0.18,0.083788,1,0,0
0.54,0.18,0.11048,1,0,0
0.56,0.18,0.1086,1,0,0
0.58,0.18,0.046736,1,0,0
0.6,0.18,0.040484,1,0,0
0.62,0.18,0.09647,1,0,0
0.64,0.18,0.019511,1,0,0
0.66,0.18,0.076578,1,0,0
0.68,0.18,0.074298,1,0,0
0.7,0.18,0.071892,1,0,0
0.72,0.18,0.029967,1,0,0
0.74,0.18,0.0056517,1,0,0
0.76,0.18,0.045761,1,0,0
0.78,0.18,0.054916,1,0,0
0.8,0.18,0.065823,1,0,0
0.82,0.18,0.051168,1,0,0
0.84,0.18,0.056711,1,0,0
0.86,0.18,0.043291,1,0,0
0.88,0.18,0.1024,1,0,0
0.9,0.18,0.084432,1,0,0
0.92,0.18,0.082252,1,0,0
0.94,0.18,0.10165,1,0,0
0.96,0.18,0.064123,1,0,0
0.98,0.18,0.026749,1,0,0
0.02,0.2,0.091781,1,0,0
0.04,0.2,0.082228,1,0,0
0.06,0.2,0.062949,1,0,0
0.08,0.2,0.077778,1,0,0
0.1,0.2,0.065629,1,0,0
0.12,0.2,0.079309,1,0,0
0.14,0.2,0.0062148,1,0,0
0.16,0.2,-0.0081564,1,0,0
0.18,0.2,0.099249,1,0,0
0.2,0.2,-0.0013886,1,0,0
0.22,0.2,0.0020863,1,0,0
0.24,0.2,0.077329,1,0,0
0.26,0.2,0.060628,1,0,0
0.28,0.2,0.055182,1,0,0
0.3,0.2,0.026528,1,0,0
0.32,0.2,0.063089,1,0,0
0.34,0.2,0.07727,1,0,0
0.36,0.2,0.037193,1,0,0
0.38,0.2,0.037394,1,0,0
0.4,0.2,0.094076,1,0,0
0.42,0.2,0.072187,1,0,0
0.44,0.2,0.080438,1,0,0
0.46,0.2,0.07813,1,0,0
0.48,0.2,0.041116,1,0,0
0.5,0.2,0.032975,1,0,0
0.52,0.2,0.047493,1,0,0
0.54,0.2,0.078988,1,0,0
0.56,0.2,0.10091,1,0,0
0.58,0.2,0.050721,1,0,0
0.6,0.2,-0.0053988,1,0,0
0.62,0.2,0.1103,1,0,0
0.64,0.2,0.066251,1,0,0
0.66,0.2,0.06456,1,0,0
0.68,0.2,0.02062,1,0,0
0.7,0.2,0.027985,1,0,0
0.72,0.2,0.070255,1,0,0
0.74,0.2,0.024229,1,0,0
0.76,0.2,0.082001,1,0,0
0.78,0.2,0.080676,1,0,0
0.8,0.2,0.036103,1,0,0
0.82,0.2,0.082613,1,0,0
0.84,0.2,0.028838,1,0,0
0.86,0.2,0.068107,1,0,0
0.88,0.2,0.0090128,1,0,0
0.9,0.2,0.058076,1,0,0
0.92,0.2,0.042861,1,0,0
0.94,0.2,0.0056115,1,0,0
0.96,0.2,0.076123,1,0,0
0.98,0.2,0.080458,1,0,0
0.02,0.22,0.070742,1,0,0
0.04,0.22,0.025335,1,0,0
0.06,0.22,0.043856,1,0,0
0.08,0.22,0.063031,1,0,0
0.1,0.22,0.039875,1,0,0
0.12,0.22,0.01571,1,0,0
0.14,0.22,0.093219,1,0,0
0.16,0.22,0.028817,1,0,0
0.18,0.22,0.1009,1,0,0
0.2,0.22,0.044195,1,0,0
0.22,0.22,0.084647,1,0,0
0.24,0.22,0.0079512,1,0,0
0.26,0.22,0.060176,1,0,0
0.28,0.22,0.077831,1,0,0
0.3,0.22,0.011252,1,0,0
0.32,0.22,0.056838,1,0,0
0.34,0.22,0.057118,1,0,0
0.36,0.22,0.025089,1,0,0
0.38,0.22,0.060827,1,0,0
0.4,0.22,0.062908,1,0,0
0.42,0.22,0.073121,1,0,0
0.44,0.22,0.10327,1,0,0
0.46,0.22,0.033792,1,0,0
0.48,0.22,0.040865,1,0,0
0.5,0.22,0.024578,1,0,0
0.52,0.22,0.05249,1,0,0
0.54,0.22,0.060053,1,0,0
0.56,0.22,0.14472,1,0,0
0.58,0.22,0.088729,1,0,0
0.6,0.22,0.022995,1,0,0
0.62,0.22,0.080487,1,0,0
0.64,0.22,0.040369,1,0,0
0.66,0.22,0.099144,1,0,0
0.68,0.22,0.060942,1,0,0
0.7,0.22,0.045859,1,0,0
0.72,0.22,0.05018,1,0,0
0.74,0.22,0.03459,1,0,0
0.76,0.22,0.077788,1,0,0
0.78,0.22,0.09183,1,0,0
0.8,0.22,0.060341,1,0,0
0.82,0.22,0.08398,1,0,0
0.84,0.22,0.046601,1,0,0
0.86,0.22,0.069268,1,0,0
0.88,0.22,0.065294,1,0,0
0.9,0.22,0.072876,1,0,0
0.92,0.22,0.054157,1,0,0
0.94,0.22,0.050451,1,0,0
0.96,0.22,0.064124,1,0,0
0.98,0.22,0.035023,1,0,0
0.02,0.24,0.16501,1,0,0
0.04,0.24,0.056534,1,0,0
0.06,0.24,0.07001,1,0,0
0.08,0.24,0.052404,1,0,0
0.1,0.24,0.05886,1,0,0
0.12,0.24,0.022714,1,0,0
0.14,0.24,0.075404,1,0,0
0.16,0.24,0.016986,1,0,0
0.18,0.24,0.077611,1,0,0
0.2,0.24,0.059448,1,0,0
0.22,0.24,0.031954,1,0,0
0.24,0.24,0.084807,1,0,0
0.26,0.24,0.071352,1,0,0
0.28,0.24,0.1055,1,0,0
0.3,0.24,0.057053,1,0,0
0.32,0.24,0.085728,1,0,0
0.34,0.24,0.10758,1,0,0
0.36,0.24,0.075973,1,0,0
0.38,0.24,0.034167,1,0,0
0.4,0.24,0.0386,1,0,0
0.42,0.24,0.06148,1,0,0
0.44,0.24,0.036754,1,0,0
0.46,0.24,0.070375,1,0,0
0.48,0.24,-0.02499,1,0,0
0.5,0.24,0.099116,1,0,0
0.52,0.24,0.086505,1,0,0
0.54,0.24,0.083055,1,0,0
0.56,0.24,0.11952,1,0,0
0.58,0.24,0.09959,1,0,0
0.6,0.24,0.057513,1,0,0
0.62,0.24,0.10355,1,0,0
0.64,0.24,0.081271,1,0,0
0.66,0.24,0.076312,1,0,0
0.68,0.24,0.036639,1,0,0
0.7,0.24,0.091455,1,0,0
0.72,0.24,0.051739,1,0,0
0.74,0.24,0.055124,1,0,0
0.76,0.24,0.067962,1,0,0
0.78,0.24,0.079044,1,0,0
0.8,0.24,0.030119,1,0,0
0.82,0.24,0.11179,1,0,0
0.84,0.24,0.062883,1,0,0
0.86,0.24,0.032297,1,0,0
0.88,0.24,0.041264,1,0,0
0.9,0.24,0.012591,1,0,0
0.92,0.24,0.067191,1,0,0
0.94,0.24,0.048063,1,0,0
0.96,0.24,0.077858,1,0,0
0.98,0.24,0.050993,1,0,0
0.02,0.26,0.071247,1,0,0
0.04,0.26,0.10486,1,0,0
0.06,0.26,0.04699,1,0,0
0.08,0.26,0.081269,1,0,0
0.1,0.26,0.064397,1,0,0
0.12,0.26,0.058416,1,0,0
0.14,0.26,0.024483,1,0,0
0.16,0.26,0.089776,1,0,0
0.18,0.26,0.053377,1,0,0
0.2,0.26,0.037096,1,0,0
0.22,0.26,0.030259,1,0,0
0.24,0.26,0.02439,1,0,0
0.26,0.26,0.091798,1,0,0
0.28,0.26,0.089239,1,0,0
0.3,0.26,0.074343,1,0,0
0.32,0.26,0.078197,1,0,0
0.34,0.26,0.091591,1,0,0
0.36,0.26,0.054411,1,0,0
0.38,0.26,0.085309,1,0,0
0.4,0.26,0.025389,1,0,0
0.42,0.26,0.0086189,1,0,0
0.44,0.26,0.017538,1,0,0
0.46,0.26,0.071675,1,0,0
0.48,0.26,0.084395,1,0,0
0.5,0.26,0.09894,1,0,0
0.52,0.26,0.078013,1,0,0
0.54,0.26,0.086098,1,0,0
0.56,0.26,0.068387,1,0,0
0.58,0.26,0.09421,1,0,0
0.6,0.26,0.11315,1,0,0
0.62,0.26,0.11549,1,0,0
0.64,0.26,0.085464,1,0,0
0.66,0.26,0.10218,1,0,0
0.68,0.26,0.098991,1,0,0
0.7,0.26,0.078863,1,0,0
0.72,0.26,0.049474,1,0,0
0.74,0.26,0.037966,1,0,0
0.76,0.26,0.094987,1,0,0
0.78,0.26,0.080981,1,0,0
0.8,0.26,0.068134,1,0,0
0.82,0.26,0.11869,1,0,0
0.84,0.26,0.088184,1,0,0
0.86,0.26,0.064547,1,0,0
0.88,0.26,0.12729,1,0,0
0.9,0.26,0.07562,1,0,0
0.92,0.26,-0.0099692,1,0,0
0.94,0.26,0.063,1,0,0
0.96,0.26,0.086403,1,0,0
0.98,0.26,0.019876,1,0,0
0.02,0.28,0.036436,1,0,0
0.04,0.28,0.070015,1,0,0
0.06,0.28,0.028909,1,0,0
0.08,0.28,0.072316,1,0,0
0.1,0.28,0.040439,1,0,0
0.12,0.28,0.05784,1,0,0
0.14,0.28,0.096297,1,0,0
0.16,0.28,0.045292,1,0,0
0.18,0.28,0.059013,1,0,0
0.2,0.28,0.033591,1,0,0
0.22,0.28,0.046075,1,0,0
0.24,0.28,0.027192,1,0,0
0.26,0.28,0.019491,1,0,0
0.28,0.28,0.034164,1,0,0
0.3,0.28,0.060545,1,0,0
0.32,0.28,0.11542,1,0,0
0.34,0.28,0.086343,1,0,0
0.36,0.28,0.084062,1,0,0
0.38,0.28,0.10203,1,0,0
0.4,0.28,0.059748,1,0,0
0.42,0.28,0.051166,1,0,0
0.44,0.28,0.083787,1,0,0
0.46,0.28,0.068022,1,0,0
0.48,0.28,0.023229,1,0,0
0.5,0.28,0.027948,1,0,0
0.52,0.28,0.019042,1,0,0
0.54,0.28,0.029191,1,0,0
0.56,0.28,0.026049,1,0,0
0.58,0.28,0.11914,1,0,0
0.6,0.28,0.057975,1,0,0
0.62,0.28,0.11134,1,0,0
0.64,0.28,0.075784,1,0,0
0.66,0.28,0.067346,1,0,0
0.68,0.28,0.038682,1,0,0
0.7,0.28,0.060819,1,0,0
0.72,0.28,0.082303,1,0,0
0.74,0.28,0.078479,1,0,0
0.76,0.28,0.087689,1,0,0
0.78,0.28,0.055209,1,0,0
0.8,0.28,0.040062,1,0,0
0.82,0.28,0.091763,1,0,0
0.84,0.28,0.064078,1,0,0
0.86,0.28,0.090218,1,0,0
0.88,0.28,0.042258,1,0,0
0.9,0.28,0.029222,1,0,0
0.92,0.28,-0.010384,1,0,0
0.94,0.28,0.037599,1,0,0
0.96,0.28,0.03075,1,0,0
0.98,0.28,0.037103,1,0,0
0.02,0.3,0.032984,1,0,0
0.04,0.3,0.045732,1,0,0
0.06,0.3,0.044771,1,0,0
0.08,0.3,0.050709,1,0,0
0.1,0.3,0.053277,1,0,0
0.12,0.3,0.065047,1,0,0
0.14,0.3,0.1077,1,0,0
0.16,0.3,0.10505,1,0,0
0.18,0.3,0.028976,1,0,0
0.2,0.3,0.033048,1,0,0
0.22,0.3,-0.0090508,1,0,0
0.24,0.3,0.04051,1,0,0
0.26,0.3,0.08065,1,0,0
0.28,0.3,0.081542,1,0,0
0.3,0.3,0.067285,1,0,0
0.32,0.3,0.12674,1,0,0
0.34,0.3,0.04132,1,0,0
0.36,0.3,0.06081,1,0,0
0.38,0.3,0.099276,1,0,0
0.4,0.3,0.039751,1,0,0
0.42,0.3,0.075118,1,0,0
0.44,0.3,0.095838,1,0,0
0.46,0.3,0.077248,1,0,0
0.48,0.3,0.045316,1,0,0
0.5,0.3,0.05641,1,0,0
0.52,0.3,0.013255,1,0,0
0.54,0.3,0.063335,1,0,0
0.56,0.3,0.048662,1,0,0
0.58,0.3,0.10436,1,0,0
0.6,0.3,0.041771,1,0,0
0.62,0.3,0.045171,1,0,0
0.64,0.3,0.035844,1,0,0
0.66,0.3,0.026754,1,0,0
0.68,0.3,0.046795,1,0,0
0.7,0.3,0.11372,1,0,0
0.72,0.3,0.11861,1,0,0
0.74,0.3,0.12053,1,0,0
0.76,0.3,0.12997,1,0,0
0.78,0.3,0.12065,1,0,0
0.8,0.3,0.035381,1,0,0
0.82,0.3,0.081196,1,0,0
0.84,0.3,0.087468,1,0,0
0.86,0.3,0.051197,1,0,0
0.88,0.3,0.050505,1,0,0
0.9,0.3,0.059693,1,0,0
0.92,0.3,0.027183,1,0,0
0.94,0.3,0.034854,1,0,0
0.96,0.3,0.014068,1,0,0
0.98,0.3,0.067828,1,0,0
0.02,0.32,0.056946,1,0,0
0.04,0.32,0.085258,1,0,0
0.06,0.32,0.073694,1,0,0
0.08,0.32,0.07166,1,0,0
0.1,0.32,0.073298,1,0,0
0.12,0.32,0.076084,1,0,0
0.14,0.32,0.056551,1,0,0
0.16,0.32,0.051001,1,0,0
0.18,0.32,0.042697,1,0,0
0.2,0.32,0.039176,1,0,0
0.22,0.32,0.086066,1,0,0
0.24,0.32,0.052646,1,0,0
0.26,0.32,0.088812,1,0,0
0.28,0.32,0.06825,1,0,0
0.3,0.32,0.13597,1,0,0
0.32,0.32,0.078809,1,0,0
0.34,0.32,0.062095,1,0,0
0.36,0.32,0.078664,1,0,0
0.38,0.32,0.094239,1,0,0
0.4,0.32,0.077405,1,0,0
0.42,0.32,0.12468,1,0,0
0.44,0.32,0.12045,1,0,0
0.46,0.32,0.11532,1,0,0
0.48,0.32,0.083493,1,0,0
0.5,0.32,0.046028,1,0,0
0.52,0.32,0.025288,1,0,0
0.54,0.32,0.029461,1,0,0
0.56,0.32,-0.0034309,1,0,0
0.58,0.32,0.055335,1,0,0
0.6,0.32,0.087029,1,0,0
0.62,0.32,0.10129,1,0,0
0.64,0.32,0.082228,1,0,0
0.66,0.32,0.087611,1,0,0
0.68,0.32,0.11408,1,0,0
0.7,0.32,0.14245,1,0,0
0.72,0.32,0.12293,1,0,0
0.74,0.32,0.13718,1,0,0
0.76,0.32,0.12674,1,0,0
0.78,0.32,0.14925,1,0,0
0.8,0.32,0.058052,1,0,0
0.82,0.32,0.08359,1,0,0
0.84,0.32,0.096033,1,0,0
0.86,0.32,0.12875,1,0,0
0.88,0.32,0.10023,1,0,0
0.9,0.32,0.070074,1,0,0
0.92,0.32,0.048238,1,0,0
0.94,0.32,0.056792,1,0,0
0.96,0.32,0.0051041,1,0,0
0.98,0.32,0.022092,1,0,0
0.02,0.34,0.091834,1,0,0
0.04,0.34,0.11631,1,0,0
0.06,0.34,0.13967,1,0,0
0.08,0.34,0.11632,1,0,0
0.1,0.34,0.10966,1,0,0
0.12,0.34,0.079165,1,0,0
0.14,0.34,-0.0028116,1,0,0
0.16,0.34,0.047652,1,0,0
0.18,0.34,0.075826,1,0,0
0.2,0.34,0.060882,1,0,0
0.22,0.34,0.06999,1,0,0
0.24,0.34,0.076118,1,0,0
0.26,0.34,0.1187,1,0,0
0.28,0.34,0.055494,1,0,0
0.3,0.34,0.14141,1,0,0
0.32,0.34,0.11889,1,0,0
0.34,0.34,0.13355,1,0,0
0.36,0.34,0.10321,1,0,0
0.38,0.34,0.14703,1,0,0
0.4,0.34,0.081521,1,0,0
0.42,0.34,0.13361,1,0,0
0.44,0.34,0.11899,1,0,0
0.46,0.34,0.093917,1,0,0
0.48,0.34,0.0856,1,0,0
0.5,0.34,0.043744,1,0,0
0.52,0.34,0.0013955,1,0,0
0.54,0.34,0.032401,1,0,0
0.56,0.34,0.035052,1,0,0
0.58,0.34,0.054997,1,0,0
0.6,0.34,0.032499,1,0,0
0.62,0.34,0.099161,1,0,0
0.64,0.34,0.081268,1,0,0
0.66,0.34,0.1185,1,0,0
0.68,0.34,0.085064,1,0,0
0.7,0.34,0.14187,1,0,0
0.72,0.34,0.13415,1,0,0
0.74,0.34,0.10254,1,0,0
0.76,0.34,0.11336,1,0,0
0.78,0.34,0.16933,1,0,0
0.8,0.34,0.048335,1,0,0
0.82,0.34,0.048415,1,0,0
0.84,0.34,0.079759,1,0,0
0.86,0.34,0.1523,1,0,0
0.88,0.34,0.10071,1,0,0
0.9,0.34,0.095783,1,0,0
0.92,0.34,0.1204,1,0,0
0.94,0.34,0.030089,1,0,0
0.96,0.34,0.053123,1,0,0
0.98,0.34,0.026181,1,0,0
0.02,0.36,0.10451,1,0,0
0.04,0.36,0.061348,1,0,0
0.06,0.36,0.080439,1,0,0
0.08,0.36,0.080708,1,0,0
0.1,0.36,0.023891,1,0,0
0.12,0.36,-0.0074816,1,0,0
0.14,0.36,-0.011279,1,0,0
0.16,0.36,0.018651,1,0,0
0.18,0.36,-0.006342,1,0,0
0.2,0.36,0.035053,1,0,0
0.22,0.36,0.062617,1,0,0
0.24,0.36,0.032835,1,0,0
0.26,0.36,0.041147,1,0,0
0.28,0.36,0.032835,1,0,0
0.3,0.36,0.072922,1,0,0
0.32,0.36,0.065997,1,0,0
0.34,0.36,0.079325,1,0,0
0.36,0.36,0.0421,1,0,0
0.38,0.36,0.076123,1,0,0
0.4,0.36,0.02531,1,0,0
0.42,0.36,0.11574,1,0,0
0.44,0.36,0.053506,1,0,0
0.46,0.36,0.047503,1,0,0
0.48,0.36,-0.014657,1,0,0
0.5,0.36,0.0049029,1,0,0
0.52,0.36,-0.03652,1,0,0
0.54,0.36,0.063394,1,0,0
0.56,0.36,0.030378,1,0,0
0.58,0.36,0.0029346,1,0,0
0.6,0.36,0.0052061,1,0,0
0.62,0.36,0.039499,1,0,0
0.64,0.36,0.042994,1,0,0
0.66,0.36,0.053579,1,0,0
0.68,0.36,0.092252,1,0,0
0.7,0.36,0.072958,1,0,0
0.72,0.36,0.063253,1,0,0
0.74,0.36,0.11696,1,0,0
0.76,0.36,0.10407,1,0,0
0.78,0.36,0.098983,1,0,0
0.8,0.36,0.061494,1,0,0
0.82,0.36,0.038436,1,0,0
0.84,0.36,0.057568,1,0,0
0.86,0.36,0.046706,1,0,0
0.88,0.36,0.046123,1,0,0
0.9,0.36,0.037539,1,0,0
0.92,0.36,0.077736,1,0,0
0.94,0.36,0.025312,1,0,0
0.96,0.36,0.062808,1,0,0
0.98,0.36,0.032971,1,0,0
0.02,0.38,0.076731,1,0,0
0.04,0.38,0.10994,1,0,0
0.06,0.38,0.065966,1,0,0
0.08,0.38,0.089848,1,0,0
0.1,0.38,0.056507,1,0,0
0.12,0.38,0.043206,1,0,0
0.14,0.38,0.032978,1,0,0
0.16,0.38,0.023863,1,0,0
0.18,0.38,0.082651,1,0,0
0.2,0.38,0.020604,1,0,0
0.22,0.38,0.05049,1,0,0
0.24,0.38,0.067469,1,0,0
0.26,0.38,0.081991,1,0,0
0.28,0.38,0.030272,1,0,0
0.3,0.38,0.10023,1,0,0
0.32,0.38,0.062896,1,0,0
0.34,0.38,0.069598,1,0,0
0.36,0.38,0.014309,1,0,0
0.38,0.38,0.021332,1,0,0
0.4,0.38,0.057956,1,0,0
0.42,0.38,0.051592,1,0,0
0.44,0.38,0.084517,1,0,0
0.46,0.38,0.10221,1,0,0
0.48,0.38,0.020803,1,0,0
0.5,0.38,0.056307,1,0,0
0.52,0.38,0.031019,1,0,0
0.54,0.38,0.0729,1,0,0
0.56,0.38,0.030947,1,0,0
0.58,0.38,0.026608,1,0,0
0.6,0.38,0.033927,1,0,0
0.62,0.38,0.031298,1,0,0
0.64,0.38,0.053095,1,0,0
0.66,0.38,0.102,1,0,0
0.68,0.38,0.071098,1,0,0
0.7,0.38,0.10741,1,0,0
0.72,0.38,0.097197,1,0,0
0.74,0.38,0.10534,1,0,0
0.76,0.38,0.03111,1,0,0
0.78,0.38,0.079867,1,0,0
0.8,0.38,0.024086,1,0,0
0.82,0.38,0.053701,1,0,0
0.84,0.38,0.076713,1,0,0
0.86,0.38,0.031021,1,0,0
0.88,0.38,0.072257,1,0,0
0.9,0.38,0.069904,1,0,0
0.92,0.38,0.053834,1,0,0
0.94,0.38,0.030092,1,0,0
0.96,0.38,0.011037,1,0,0
0.98,0.38,0.085578,1,0,0
0.02,0.4,0.084966,1,0,0
0.04,0.4,0.11721,1,0,0
0.06,0.4,0.10439,1,0,0
0.08,0.4,0.062237,1,0,0
0.1,0.4,0.074961,1,0,0
0.12,0.4,0.071516,1,0,0
0.14,0.4,0.017873,1,0,0
0.16,0.4,0.054378,1,0,0
0.18,0.4,0.11654,1,0,0
0.2,0.4,0.017835,1,0,0
0.22,0.4,0.0081524,1,0,0
0.24,0.4,0.046581,1,0,0
0.26,0.4,0.064008,1,0,0
0.28,0.4,0.10811,1,0,0
0.3,0.4,0.051438,1,0,0
0.32,0.4,0.028363,1,0,0
0.34,0.4,0.033911,1,0,0
0.36,0.4,0.065698,1,0,0
0.38,0.4,0.078301,1,0,0
0.4,0.4,0.077586,1,0,0
0.42,0.4,0.021423,1,0,0
0.44,0.4,0.07515,1,0,0
0.46,0.4,0.042126,1,0,0
0.48,0.4,0.0049009,1,0,0
0.5,0.4,0.023899,1,0,0
0.52,0.4,0.022432,1,0,0
0.54,0.4,0.0050027,1,0,0
0.56,0.4,0.0063337,1,0,0
0.58,0.4,0.052865,1,0,0
0.6,0.4,0.070258,1,0,0
0.62,0.4,0.054007,1,0,0
0.64,0.4,0.059797,1,0,0
0.66,0.4,0.093574,1,0,0
0.68,0.4,0.096507,1,0,0
0.7,0.4,0.13086,1,0,0
0.72,0.4,0.12694,1,0,0
0.74,0.4,0.086731,1,0,0
0.76,0.4,0.026506,1,0,0
0.78,0.4,0.11688,1,0,0
0.8,0.4,0.010393,1,0,0
0.82,0.4,0.00080877,1,0,0
0.84,0.4,0.0099794,1,0,0
0.86,0.4,0.020874,1,0,0
0.88,0.4,0.031403,1,0,0
0.9,0.4,0.089326,1,0,0
0.92,0.4,0.044535,1,0,0
0.94,0.4,0.034752,1,0,0
0.96,0.4,0.056083,1,0,0
0.98,0.4,0.071407,1,0,0
0.02,0.42,0.10109,1,0,0
0.04,0.42,0.097977,1,0,0
0.06,0.42,0.083731,1,0,0
0.08,0.42,0.1246,1,0,0
0.1,0.42,0.10641,1,0,0
0.12,0.42,0.13567,1,0,0
0.14,0.42,0.088933,1,0,0
0.16,0.42,0.097131,1,0,0
0.18,0.42,0.13166,1,0,0
0.2,0.42,0.084142,1,0,0
0.22,0.42,0.052789,1,0,0
0.24,0.42,0.097537,1,0,0
0.26,0.42,0.095755,1,0,0
0.28,0.42,0.083912,1,0,0
0.3,0.42,0.050336,1,0,0
0.32,0.42,0.059601,1,0,0
0.34,0.42,0.09911,1,0,0
0.36,0.42,0.047376,1,0,0
0.38,0.42,0.0002536,1,0,0
0.4,0.42,0.083599,1,0,0
0.42,0.42,0.059491,1,0,0
0.44,0.42,0.11188,1,0,0
0.46,0.42,0.058282,1,0,0
0.48,0.42,0.068015,1,0,0
0.5,0.42,0.058462,1,0,0
0.52,0.42,0.045949,1,0,0
0.54,0.42,0.071646,1,0,0
0.56,0.42,0.11182,1,0,0
0.58,0.42,0.078354,1,0,0
0.6,0.42,0.06034,1,0,0
0.62,0.42,0.12995,1,0,0
0.64,0.42,0.049796,1,0,0
0.66,0.42,0.091359,1,0,0
0.68,0.42,0.090475,1,0,0
0.7,0.42,0.15608,1,0,0
0.72,0.42,0.11766,1,0,0
0.74,0.42,0.13785,1,0,0
0.76,0.42,0.082496,1,0,0
0.78,0.42,0.077934,1,0,0
0.8,0.42,0.039092,1,0,0
0.82,0.42,0.13598,1,0,0
0.84,0.42,0.06827,1,0,0
0.86,0.42,0.080668,1,0,0
0.88,0.42,0.060673,1,0,0
0.9,0.42,0.08975,1,0,0
0.92,0.42,0.099522,1,0,0
0.94,0.42,0.075571,1,0,0
0.96,0.42,0.092322,1,0,0
0.98,0.42,0.064206,1,0,0
0.02,0.44,0.095444,1,0,0
0.04,0.44,0.12727,1,0,0
0.06,0.44,0.10929,1,0,0
0.08,0.44,0.062698,1,0,0
0.1,0.44,0.084097,1,0,0
0.12,0.44,0.11166,1,0,0
0.14,0.44,0.084616,1,0,0
0.16,0.44,0.11084,1,0,0
0.18,0.44,0.079911,1,0,0
0.2,0.44,0.014365,1,0,0
0.22,0.44,-0.009106,1,0,0
0.24,0.44,0.049689,1,0,0
0.26,0.44,0.13315,1,0,0
0.28,0.44,0.10028,1,0,0
0.3,0.44,0.04733,1,0,0
0.32,0.44,0.073644,1,0,0
0.34,0.44,0.074281,1,0,0
0.36,0.44,0.041635,1,0,0
0.38,0.44,0.067259,1,0,0
0.4,0.44,0.070932,1,0,0
0.42,0.44,0.035729,1,0,0
0.44,0.44,0.069322,1,0,0
0.46,0.44,0.042377,1,0,0
0.48,0.44,0.033737,1,0,0
0.5,0.44,0.02006,1,0,0
0.52,0.44,0.031909,1,0,0
0.54,0.44,0.028629,1,0,0
0.56,0.44,0.073568,1,0,0
0.58,0.44,0.021893,1,0,0
0.6,0.44,0.070832,1,0,0
0.62,0.44,0.094302,1,0,0
0.64,0.44,0.13574,1,0,0
0.66,0.44,0.11832,1,0,0
0.68,0.44,0.08642,1,0,0
0.7,0.44,0.11204,1,0,0
0.72,0.44,0.07504,1,0,0
0.74,0.44,0.053366,1,0,0
0.76,0.44,-0.017974,1,0,0
0.78,0.44,0.046037,1,0,0
0.8,0.44,0.037144,1,0,0
0.82,0.44,0.10606,1,0,0
0.84,0.44,0.063756,1,0,0
0.86,0.44,0.044778,1,0,0
0.88,0.44,0.057281,1,0,0
0.9,0.44,0.073132,1,0,0
0.92,0.44,0.042689,1,0,0
0.94,0.44,0.040695,1,0,0
0.96,0.44,0.0085174,1,0,0
0.98,0.44,0.025881,1,0,0
0.02,0.46,0.18455,1,0,0
0.04,0.46,0.10465,1,0,0
0.06,0.46,0.10852,1,0,0
0.08,0.46,0.13245,1,0,0
0.1,0.46,0.10515,1,0,0
0.12,0.46,0.080243,1,0,0
0.14,0.46,0.1165,1,0,0
0.16,0.46,0.096173,1,0,0
0.18,0.46,0.074242,1,0,0
0.2,0.46,0.069541,1,0,0
0.22,0.46,0.062586,1,0,0
0.24,0.46,0.10364,1,0,0
0.26,0.46,0.017671,1,0,0
0.28,0.46,0.10341,1,0,0
0.3,0.46,0.050222,1,0,0
0.32,0.46,0.033426,1,0,0
0.34,0.46,0.08044,1,0,0
0.36,0.46,0.055474,1,0,0
0.38,0.46,0.035335,1,0,0
0.4,0.46,0.034473,1,0,0
0.42,0.46,0.064254,1,0,0
0.44,0.46,0.052372,1,0,0
0.46,0.46,0.11027,1,0,0
0.48,0.46,0.0453,1,0,0
0.5,0.46,0.08893,1,0,0
0.52,0.46,0.092141,1,0,0
0.54,0.46,0.079775,1,0,0
0.56,0.46,0.025797,1,0,0
0.58,0.46,0.044155,1,0,0
0.6,0.46,0.064574,1,0,0
0.62,0.46,0.091854,1,0,0
0.64,0.46,0.086018,1,0,0
0.66,0.46,0.099959,1,0,0
0.68,0.46,0.08561,1,0,0
0.7,0.46,0.080179,1,0,0
0.72,0.46,0.13381,1,0,0
0.74,0.46,0.08394,1,0,0
0.76,0.46,0.043226,1,0,0
0.78,0.46,0.044639,1,0,0
0.8,0.46,0.076347,1,0,0
0.82,0.46,0.1356,1,0,0
0.84,0.46,0.066576,1,0,0
0.86,0.46,0.052867,1,0,0
0.88,0.46,0.10675,1,0,0
0.9,0.46,0.07321,1,0,0
0.92,0.46,0.089084,1,0,0
0.94,0.46,0.13697,1,0,0
0.96,0.46,0.13286,1,0,0
0.98,0.46,0.060001,1,0,0
0.02,0.48,0.11149,1,0,0
0.04,0.48,0.11047,1,0,0
0.06,0.48,0.058459,1,0,0
0.08,0.48,0.13683,1,0,0
0.1,0.48,0.10142,1,0,0
0.12,0.48,0.03499,1,0,0
0.14,0.48,0.046579,1,0,0
0.16,0.48,0.075251,1,0,0
0.18,0.48,0.098681,1,0,0
0.2,0.48,0.039496,1,0,0
0.22,0.48,0.088049,1,0,0
0.24,0.48,0.056245,1,0,0
0.26,0.48,0.072327,1,0,0
0.28,0.48,0.087452,1,0,0
0.3,0.48,0.041771,1,0,0
0.32,0.48,0.04581,1,0,0
0.34,0.48,0.074631,1,0,0
0.36,0.48,0.064049,1,0,0
0.38,0.48,0.10345,1,0,0
0.4,0.48,0.016074,1,0,0
0.42,0.48,0.067983,1,0,0
0.44,0.48,0.084478,1,0,0
0.46,0.48,0.049519,1,0,0
0.48,0.48,0.070623,1,0,0
0.5,0.48,0.085857,1,0,0
0.52,0.48,0.048838,1,0,0
0.54,0.48,0.068661,1,0,0
0.56,0.48,0.0048176,1,0,0
0.58,0.48,0.038152,1,0,0
0.6,0.48,0.0025109,1,0,0
0.62,0.48,0.073531,1,0,0
0.64,0.48,0.049559,1,0,0
0.66,0.48,0.088391,1,0,0
0.68,0.48,0.121,1,0,0
0.7,0.48,0.077841,1,0,0
0.72,0.48,0.069397,1,0,0
0.74,0.48,0.0074158,1,0,0
0.76,0.48,0.10211,1,0,0
0.78,0.48,0.073512,1,0,0
0.8,0.48,0.066258,1,0,0
0.82,0.48,0.064258,1,0,0
0.84,0.48,0.081459,1,0,0
0.86,0.48,0.0029814,1,0,0
0.88,0.48,0.084825,1,0,0
0.9,0.48,0.1033,1,0,0
0.92,0.48,0.04298,1,0,0
0.94,0.48,0.052598,1,0,0
0.96,0.48,0.095252,1,0,0
0.98,0.48,0.062339,1,0,0
0.02,0.5,0.096311,1,0,0
0.04,0.5,0.13954,1,0,0
0.06,0.5,0.073055,1,0,0
0.08,0.5,0.11322,1,0,0
0.1,0.5,0.10183,1,0,0
0.12,0.5,0.093115,1,0,0
0.14,0.5,0.11549,1,0,0
0.16,0.5,0.0696,1,0,0
0.18,0.5,0.090249,1,0,0
0.2,0.5,0.077781,1,0,0
0.22,0.5,0.14278,1,0,0
0.24,0.5,0.12736,1,0,0
0.26,0.5,0.11247,1,0,0
0.28,0.5,0.045783,1,0,0
0.3,0.5,0.10419,1,0,0
0.32,0.5,0.10234,1,0,0
0.34,0.5,0.077845,1,0,0
0.36,0.5,0.059751,1,0,0
0.38,0.5,0.031534,1,0,0
0.4,0.5,-0.024505,1,0,0
0.42,0.5,0.082259,1,0,0
0.44,0.5,0.13493,1,0,0
0.46,0.5,0.051514,1,0,0
0.48,0.5,0.039712,1,0,0
0.5,0.5,0.073945,1,0,0
0.52,0.5,0.11039,1,0,0
0.54,0.5,0.1272,1,0,0
0.56,0.5,0.073193,1,0,0
0.58,0.5,0.041387,1,0,0
0.6,0.5,0.0037063,1,0,0
0.62,0.5,0.067089,1,0,0
0.64,0.5,0.14909,1,0,0
0.66,0.5,0.068888,1,0,0
0.68,0.5,0.047431,1,0,0
0.7,0.5,0.063796,1,0,0
0.72,0.5,0.076582,1,0,0
0.74,0.5,0.059257,1,0,0
0.76,0.5,0.061579,1,0,0
0.78,0.5,0.058375,1,0,0
0.8,0.5,0.10615,1,0,0
0.82,0.5,0.1021,1,0,0
0.84,0.5,0.13516,1,0,0
0.86,0.5,0.12526,1,0,0
0.88,0.5,0.064511,1,0,0
0.9,0.5,0.048198,1,0,0
0.92,0.5,0.12651,1,0,0
0.94,0.5,0.11726,1,0,0
0.96,0.5,0.055705,1,0,0
0.98,0.5,0.075508,1,0,0
0.02,0.52,0.074723,1,0,0
0.04,0.52,0.15313,1,0,0
0.06,0.52,0.087624,1,0,0
0.08,0.52,0.071248,1,0,0
0.1,0.52,0.13009,1,0,0
0.12,0.52,0.073487,1,0,0
0.14,0.52,0.080916,1,0,0
0.16,0.52,0.053079,1,0,0
0.18,0.52,0.065335,1,0,0
0.2,0.52,0.043076,1,0,0
0.22,0.52,0.056946,1,0,0
0.24,0.52,0.11046,1,0,0
0.26,0.52,0.092076,1,0,0
0.28,0.52,0.086006,1,0,0
0.3,0.52,0.080984,1,0,0
0.32,0.52,0.13969,1,0,0
0.34,0.52,0.055033,1,0,0
0.36,0.52,0.03565,1,0,0
0.38,0.52,0.053118,1,0,0
0.4,0.52,0.018066,1,0,0
0.42,0.52,0.042985,1,0,0
0.44,0.52,0.0083876,1,0,0
0.46,0.52,0.01297,1,0,0
0.48,0.52,0.042595,1,0,0
0.5,0.52,0.057824,1,0,0
0.52,0.52,0.039901,1,0,0
0.54,0.52,0.11949,1,0,0
0.56,0.52,0.097424,1,0,0
0.58,0.52,0.039007,1,0,0
0.6,0.52,0.021189,1,0,0
0.62,0.52,0.07311,1,0,0
0.64,0.52,0.10456,1,0,0
0.66,0.52,0.099769,1,0,0
0.68,0.52,0.039888,1,0,0
0.7,0.52,0.10444,1,0,0
0.72,0.52,0.07275,1,0,0
0.74,0.52,0.049627,1,0,0
0.76,0.52,0.068261,1,0,0
0.78,0.52,0.11057,1,0,0
0.8,0.52,0.031134,1,0,0
0.82,0.52,0.0038344,1,0,0
0.84,0.52,0.079515,1,0,0
0.86,0.52,0.038168,1,0,0
0.88,0.52,0.10858,1,0,0
0.9,0.52,0.10524,1,0,0
0.92,0.52,0.13388,1,0,0
0.94,0.52,0.1015,1,0,0
0.96,0.52,0.071691,1,0,0
0.98,0.52,0.099589,1,0,0
0.02,0.54,0.064767,1,0,0
0.04,0.54,0.11532,1,0,0
0.06,0.54,0.050034,1,0,0
0.08,0.54,0.12301,1,0,0
0.1,0.54,0.074284,1,0,0
0.12,0.54,0.051292,1,0,0
0.14,0.54,0.058396,1,0,0
0.16,0.54,0.02737,1,0,0
0.18,0.54,0.09861,1,0,0
0.2,0.54,0.099083,1,0,0
0.22,0.54,0.11515,1,0,0
0.24,0.54,0.12248,1,0,0
0.26,0.54,0.073354,1,0,0
0.28,0.54,0.10193,1,0,0
0.3,0.54,0.066996,1,0,0
0.32,0.54,0.072878,1,0,0
0.34,0.54,0.054568,1,0,0
0.36,0.54,0.06516,1,0,0
0.38,0.54,0.068519,1,0,0
0.4,0.54,0.037189,1,0,0
0.42,0.54,0.080526,1,0,0
0.44,0.54,0.050613,1,0,0
0.46,0.54,0.03278,1,0,0
0.48,0.54,0.043223,1,0,0
0.5,0.54,0.0095429,1,0,0
0.52,0.54,0.061188,1,0,0
0.54,0.54,0.064236,1,0,0
0.56,0.54,0.049141,1,0,0
0.58,0.54,0.065881,1,0,0
0.6,0.54,0.073659,1,0,0
0.62,0.54,0.10758,1,0,0
0.64,0.54,0.077613,1,0,0
0.66,0.54,0.046794,1,0,0
0.68,0.54,0.093099,1,0,0
0.7,0.54,0.076291,1,0,0
0.72,0.54,0.044282,1,0,0
0.74,0.54,0.0010482,1,0,0
0.76,0.54,0.065182,1,0,0
0.78,0.54,0.049906,1,0,0
0.8,0.54,0.023405,1,0,0
0.82,0.54,0.038739,1,0,0
0.84,0.54,0.078816,1,0,0
0.86,0.54,0.082663,1,0,0
0.88,0.54,0.067307,1,0,0
0.9,0.54,0.12414,1,0,0
0.92,0.54,0.097076,1,0,0
0.94,0.54,0.072058,1,0,0
0.96,0.54,0.072234,1,0,0
0.98,0.54,0.031537,1,0,0
0.02,0.56,0.032525,1,0,0
0.04,0.56,0.039573,1,0,0
0.06,0.56,0.054744,1,0,0
0.08,0.56,0.1426,1,0,0
0.1,0.56,0.073343,1,0,0
0.12,0.56,0.052251,1,0,0
0.14,0.56,0.056664,1,0,0
0.16,0.56,0.054145,1,0,0
0.18,0.56,0.043668,1,0,0
0.2,0.56,0.087522,1,0,0
0.22,0.56,0.089533,1,0,0
0.24,0.56,0.10511,1,0,0
0.26,0.56,0.091042,1,0,0
0.28,0.56,0.069646,1,0,0
0.3,0.56,0.020833,1,0,0
0.32,0.56,0.046253,1,0,0
0.34,0.56,0.031164,1,0,0
0.36,0.56,0.015596,1,0,0
0.38,0.56,0.083601,1,0,0
0.4,0.56,-0.0019811,1,0,0
0.42,0.56,0.030561,1,0,0
0.44,0.56,0.048266,1,0,0
0.46,0.56,0.026638,1,0,0
0.48,0.56,0.053376,1,0,0
0.5,0.56,0.061644,1,0,0
0.52,0.56,0.050836,1,0,0
0.54,0.56,0.054225,1,0,0
0.56,0.56,0.002516,1,0,0
0.58,0.56,0.02607,1,0,0
0.6,0.56,0.064497,1,0,0
0.62,0.56,0.067909,1,0,0
0.64,0.56,0.021612,1,0,0
0.66,0.56,0.071791,1,0,0
0.68,0.56,0.094713,1,0,0
0.7,0.56,0.017063,1,0,0
0.72,0.56,0.016998,1,0,0
0.74,0.56,0.057658,1,0,0
0.76,0.56,0.050049,1,0,0
0.78,0.56,0.055318,1,0,0
0.8,0.56,0.061628,1,0,0
0.82,0.56,0.097395,1,0,0
0.84,0.56,0.014704,1,0,0
0.86,0.56,0.078795,1,0,0
0.88,0.56,0.10198,1,0,0
0.9,0.56,0.09462,1,0,0
0.92,0.56,0.070714,1,0,0
0.94,0.56,0.10248,1,0,0
0.96,0.56,0.058359,1,0,0
0.98,0.56,0.0062046,1,0,0
0.02,0.58,0.030395,1,0,0
0.04,0.58,0.12101,1,0,0
0.06,0.58,0.10999,1,0,0
0.08,0.58,0.10004,1,0,0
0.1,0.58,0.080183,1,0,0
0.12,0.58,0.11824,1,0,0
0.14,0.58,0.096004,1,0,0
0.16,0.58,0.060354,1,0,0
0.18,0.58,0.059668,1,0,0
0.2,0.58,0.042335,1,0,0
0.22,0.58,0.070453,1,0,0
0.24,0.58,0.096999,1,0,0
0.26,0.58,0.089382,1,0,0
0.28,0.58,0.050857,1,0,0
0.3,0.58,0.090861,1,0,0
0.32,0.58,0.12133,1,0,0
0.34,0.58,0.071774,1,0,0
0.36,0.58,0.085322,1,0,0
0.38,0.58,0.11677,1,0,0
0.4,0.58,0.063751,1,0,0
0.42,0.58,0.044852,1,0,0
0.44,0.58,0.074712,1,0,0
0.46,0.58,0.05282,1,0,0
0.48,0.58,0.052199,1,0,0
0.5,0.58,0.052619,1,0,0
0.52,0.58,0.065722,1,0,0
0.54,0.58,0.10598,1,0,0
0.56,0.58,0.042161,1,0,0
0.58,0.58,0.097114,1,0,0
0.6,0.58,0.049191,1,0,0
0.62,0.58,0.10908,1,0,0
0.64,0.58,0.075579,1,0,0
0.66,0.58,0.056799,1,0,0
0.68,0.58,0.078883,1,0,0
0.7,0.58,0.076277,1,0,0
0.72,0.58,0.034649,1,0,0
0.74,0.58,0.097754,1,0,0
0.76,0.58,0.10008,1,0,0
0.78,0.58,0.049361,1,0,0
0.8,0.58,0.11035,1,0,0
0.82,0.58,0.096648,1,0,0
0.84,0.58,0.087976,1,0,0
0.86,0.58,0.024102,1,0,0
0.88,0.58,0.052745,1,0,0
0.9,0.58,0.057599,1,0,0
0.92,0.58,0.09602,1,0,0
0.94,0.58,0.086727,1,0,0
0.96,0.58,0.098689,1,0,0
0.98,0.58,0.058952,1,0,0
0.02,0.6,0.044024,1,0,0
0.04,0.6,0.076479,1,0,0
0.06,0.6,0.0499,1,0,0
0.08,0.6,0.11479,1,0,0
0.1,0.6,0.11553,1,0,0
0.12,0.6,0.0917,1,0,0
0.14,0.6,0.13317,1,0,0
0.16,0.6,0.037401,1,0,0
0.18,0.6,0.089625,1,0,0
0.2,0.6,0.0035364,1,0,0
0.22,0.6,0.048565,1,0,0
0.24,0.6,0.049597,1,0,0
0.26,0.6,0.077103,1,0,0
0.28,0.6,0.10994,1,0,0
0.3,0.6,0.094646,1,0,0
0.32,0.6,0.029398,1,0,0
0.34,0.6,0.096706,1,0,0
0.36,0.6,0.069713,1,0,0
0.38,0.6,0.091978,1,0,0
0.4,0.6,0.099207,1,0,0
0.42,0.6,0.063056,1,0,0
0.44,0.6,0.046186,1,0,0
0.46,0.6,0.022749,1,0,0
0.48,0.6,0.073595,1,0,0
0.5,0.6,0.10462,1,0,0
0.52,0.6,0.036711,1,0,0
0.54,0.6,0.020344,1,0,0
0.56,0.6,0.091707,1,0,0
0.58,0.6,0.081468,1,0,0
0.6,0.6,0.047391,1,0,0
0.62,0.6,0.11845,1,0,0
0.64,0.6,0.030856,1,0,0
0.66,0.6,0.047403,1,0,0
0.68,0.6,0.014593,1,0,0
0.7,0.6,0.094369,1,0,0
0.72,0.6,0.078534,1,0,0
0.74,0.6,0.074815,1,0,0
0.76,0.6,0.10054,1,0,0
0.78,0.6,0.12648,1,0,0
0.8,0.6,0.055356,1,0,0
0.82,0.6,0.095017,1,0,0
0.84,0.6,0.076477,1,0,0
0.86,0.6,0.055705,1,0,0
0.88,0.6,0.10757,1,0,0
0.9,0.6,0.092084,1,0,0
0.92,0.6,0.03288,1,0,0
0.94,0.6,0.049028,1,0,0
0.96,0.6,0.025345,1,0,0
0.98,0.6,0.029934,1,0,0
0.02,0.62,0.079026,1,0,0
0.04,0.62,0.076293,1,0,0
0.06,0.62,0.10346,1,0,0
0.08,0.62,0.080263,1,0,0
0.1,0.62,0.14544,1,0,0
0.12,0.62,0.085705,1,0,0
0.14,0.62,0.059225,1,0,0
0.16,0.62,0.0058718,1,0,0
0.18,0.62,0.12685,1,0,0
0.2,0.62,0.059813,1,0,0
0.22,0.62,0.052227,1,0,0
0.24,0.62,0.070419,1,0,0
0.26,0.62,0.13426,1,0,0
0.28,0.62,0.11492,1,0,0
0.3,0.62,0.082808,1,0,0
0.32,0.62,0.10154,1,0,0
0.34,0.62,0.094322,1,0,0
0.36,0.62,0.043823,1,0,0
0.38,0.62,0.072375,1,0,0
0.4,0.62,0.078823,1,0,0
0.42,0.62,0.058395,1,0,0
0.44,0.62,0.094606,1,0,0
0.46,0.62,0.080442,1,0,0
0.48,0.62,0.051277,1,0,0
0.5,0.62,0.074035,1,0,0
0.52,0.62,0.022989,1,0,0
0.54,0.62,0.024791,1,0,0
0.56,0.62,0.082099,1,0,0
0.58,0.62,0.15443,1,0,0
0.6,0.62,0.079545,1,0,0
0.62,0.62,0.075266,1,0,0
0.64,0.62,0.04483,1,0,0
0.66,0.62,0.0052476,1,0,0
0.68,0.62,0.059281,1,0,0
0.7,0.62,0.11531,1,0,0
0.72,0.62,0.049979,1,0,0
0.74,0.62,0.064472,1,0,0
0.76,0.62,0.10599,1,0,0
0.78,0.62,0.1832,1,0,0
0.8,0.62,0.082555,1,0,0
0.82,0.62,0.10662,1,0,0
0.84,0.62,0.11674,1,0,0
0.86,0.62,0.15746,1,0,0
0.88,0.62,0.04949,1,0,0
0.9,0.62,0.10368,1,0,0
0.92,0.62,0.050463,1,0,0
0.94,0.62,0.029329,1,0,0
0.96,0.62,0.033253,1,0,0
0.98,0.62,0.024164,1,0,0
0.02,0.64,0.1214,1,0,0
0.04,0.64,0.07024,1,0,0
0.06,0.64,0.043206,1,0,0
0.08,0.64,0.083248,1,0,0
0.1,0.64,0.083802,1,0,0
0.12,0.64,0.084732,1,0,0
0.14,0.64,0.091427,1,0,0
0.16,0.64,0.052497,1,0,0
0.18,0.64,0.026983,1,0,0
0.2,0.64,0.021711,1,0,0
0.22,0.64,0.046463,1,0,0
0.24,0.64,0.086832,1,0,0
0.26,0.64,0.12747,1,0,0
0.28,0.64,0.10732,1,0,0
0.3,0.64,0.10525,1,0,0
0.32,0.64,0.11619,1,0,0
0.34,0.64,0.090843,1,0,0
0.36,0.64,0.054933,1,0,0
0.38,0.64,0.049849,1,0,0
0.4,0.64,0.068344,1,0,0
0.42,0.64,0.034132,1,0,0
0.44,0.64,0.11257,1,0,0
0.46,0.64,0.053157,1,0,0
0.48,0.64,0.0068173,1,0,0
0.5,0.64,0.082748,1,0,0
0.52,0.64,0.066973,1,0,0
0.54,0.64,0.11069,1,0,0
0.56,0.64,0.072413,1,0,0
0.58,0.64,0.07188,1,0,0
0.6,0.64,0.033745,1,0,0
0.62,0.64,0.078952,1,0,0
0.64,0.64,0.078432,1,0,0
0.66,0.64,0.06539,1,0,0
0.68,0.64,0.010618,1,0,0
0.7,0.64,0.089636,1,0,0
0.72,0.64,0.039454,1,0,0
0.74,0.64,0.11128,1,0,0
0.76,0.64,0.062533,1,0,0
0.78,0.64,0.082397,1,0,0
0.8,0.64,0.019373,1,0,0
0.82,0.64,0.063986,1,0,0
0.84,0.64,0.073511,1,0,0
0.86,0.64,0.045292,1,0,0
0.88,0.64,0.11114,1,0,0
0.9,0.64,0.081774,1,0,0
0.92,0.64,0.086244,1,0,0
0.94,0.64,0.052465,1,0,0
0.96,0.64,0.038038,1,0,0
0.98,0.64,0.020475,1,0,0
0.02,0.66,0.097373,1,0,0
0.04,0.66,0.066653,1,0,0
0.06,0.66,0.046807,1,0,0
0.08,0.66,0.080611,1,0,0
0.1,0.66,0.036623,1,0,0
0.12,0.66,0.052048,1,0,0
0.14,0.66,0.083066,1,0,0
0.16,0.66,0.13173,1,0,0
0.18,0.66,0.10969,1,0,0
0.2,0.66,0.11612,1,0,0
0.22,0.66,0.12804,1,0,0
0.24,0.66,0.091831,1,0,0
0.26,0.66,0.063395,1,0,0
0.28,0.66,0.08663,1,0,0
0.3,0.66,0.048629,1,0,0
0.32,0.66,0.035062,1,0,0
0.34,0.66,0.079973,1,0,0
0.36,0.66,0.034286,1,0,0
0.38,0.66,0.071185,1,0,0
0.4,0.66,0.074596,1,0,0
0.42,0.66,0.12756,1,0,0
0.44,0.66,0.086534,1,0,0
0.46,0.66,0.094608,1,0,0
0.48,0.66,0.068105,1,0,0
0.5,0.66,0.033907,1,0,0
0.52,0.66,0.028221,1,0,0
0.54,0.66,0.10685,1,0,0
0.56,0.66,0.11867,1,0,0
0.58,0.66,0.089696,1,0,0
0.6,0.66,0.080612,1,0,0
0.62,0.66,0.070238,1,0,0
0.64,0.66,0.090796,1,0,0
0.66,0.66,0.058116,1,0,0
0.68,0.66,0.058188,1,0,0
0.7,0.66,0.064155,1,0,0
0.72,0.66,0.022911,1,0,0
0.74,0.66,0.10267,1,0,0
0.76,0.66,0.049204,1,0,0
0.78,0.66,0.10762,1,0,0
0.8,0.66,0.043456,1,0,0
0.82,0.66,0.12851,1,0,0
0.84,0.66,0.09003,1,0,0
0.86,0.66,0.08348,1,0,0
0.88,0.66,0.11525,1,0,0
0.9,0.66,0.11766,1,0,0
0.92,0.66,0.0076583,1,0,0
0.94,0.66,0.077758,1,0,0
0.96,0.66,0.088426,1,0,0
0.98,0.66,0.099145,1,0,0
0.02,0.68,0.089065,1,0,0
0.04,0.68,0.096442,1,0,0
0.06,0.68,0.045372,1,0,0
0.08,0.68,0.090141,1,0,0
0.1,0.68,0.082002,1,0,0
0.12,0.68,0.11184,1,0,0
0.14,0.68,0.062087,1,0,0
0.16,0.68,0.10016,1,0,0
0.18,0.68,0.15299,1,0,0
0.2,0.68,0.1279,1,0,0
0.22,0.68,0.078197,1,0,0
0.24,0.68,0.13972,1,0,0
0.26,0.68,0.10089,1,0,0
0.28,0.68,0.13632,1,0,0
0.3,0.68,0.11357,1,0,0
0.32,0.68,0.1144,1,0,0
0.34,0.68,0.095538,1,0,0
0.36,0.68,0.045718,1,0,0
0.38,0.68,0.069479,1,0,0
0.4,0.68,0.075827,1,0,0
0.42,0.68,0.085068,1,0,0
0.44,0.68,0.093219,1,0,0
0.46,0.68,0.1111,1,0,0
0.48,0.68,0.067826,1,0,0
0.5,0.68,0.097977,1,0,0
0.52,0.68,0.123,1,0,0
0.54,0.68,0.12749,1,0,0
0.56,0.68,0.075872,1,0,0
0.58,0.68,0.075356,1,0,0
0.6,0.68,0.049244,1,0,0
0.62,0.68,0.051711,1,0,0
0.64,0.68,0.041218,1,0,0
0.66,0.68,0.10834,1,0,0
0.68,0.68,0.07183,1,0,0
0.7,0.68,0.057046,1,0,0
0.72,0.68,0.07362,1,0,0
0.74,0.68,0.055875,1,0,0
0.76,0.68,0.052601,1,0,0
0.78,0.68,0.10702,1,0,0
0.8,0.68,0.054639,1,0,0
0.82,0.68,0.076083,1,0,0
0.84,0.68,0.076063,1,0,0
0.86,0.68,0.075466,1,0,0
0.88,0.68,0.11106,1,0,0
0.9,0.68,0.10071,1,0,0
0.92,0.68,0.080273,1,0,0
0.94,0.68,0.10228,1,0,0
0.96,0.68,0.077342,1,0,0
0.98,0.68,0.098246,1,0,0
0.02,0.7,0.056609,1,0,0
0.04,0.7,0.048612,1,0,0
0.06,0.7,0.072665,1,0,0
0.08,0.7,0.07043,1,0,0
0.1,0.7,0.053368,1,0,0
0.12,0.7,0.04022,1,0,0
0.14,0.7,0.065631,1,0,0
0.16,0.7,0.15538,1,0,0
0.18,0.7,0.16679,1,0,0
0.2,0.7,0.17377,1,0,0
0.22,0.7,0.14254,1,0,0
0.24,0.7,0.081861,1,0,0
0.26,0.7,0.16396,1,0,0
0.28,0.7,0.093006,1,0,0
0.3,0.7,0.064894,1,0,0
0.32,0.7,0.092355,1,0,0
0.34,0.7,0.10493,1,0,0
0.36,0.7,0.11368,1,0,0
0.38,0.7,0.06431,1,0,0
0.4,0.7,0.050588,1,0,0
0.42,0.7,0.076303,1,0,0
0.44,0.7,0.11049,1,0,0
0.46,0.7,0.094493,1,0,0
0.48,0.7,0.09309,1,0,0
0.5,0.7,0.093713,1,0,0
0.52,0.7,0.022159,1,0,0
0.54,0.7,0.1564,1,0,0
0.56,0.7,0.043755,1,0,0
0.58,0.7,0.10892,1,0,0
0.6,0.7,0.071555,1,0,0
0.62,0.7,0.10624,1,0,0
0.64,0.7,0.075899,1,0,0
0.66,0.7,0.08618,1,0,0
0.68,0.7,0.065485,1,0,0
0.7,0.7,0.048653,1,0,0
0.72,0.7,0.035943,1,0,0
0.74,0.7,0.0010502,1,0,0
0.76,0.7,-0.0068294,1,0,0
0.78,0.7,0.043259,1,0,0
0.8,0.7,0.080514,1,0,0
0.82,0.7,0.098053,1,0,0
0.84,0.7,0.10796,1,0,0
0.86,0.7,0.12358,1,0,0
0.88,0.7,0.10048,1,0,0
0.9,0.7,0.12141,1,0,0
0.92,0.7,0.10264,1,0,0
0.94,0.7,0.12022,1,0,0
0.96,0.7,0.10669,1,0,0
0.98,0.7,0.116,1,0,0
0.02,0.72,0.098758,1,0,0
0.04,0.72,0.11574,1,0,0
0.06,0.72,0.089977,1,0,0
0.08,0.72,0.018026,1,0,0
0.1,0.72,0.012735,1,0,0
0.12,0.72,0.0538,1,0,0
0.14,0.72,0.12071,1,0,0
0.16,0.72,0.13377,1,0,0
0.18,0.72,0.083276,1,0,0
0.2,0.72,0.092342,1,0,0
0.22,0.72,0.11647,1,0,0
0.24,0.72,0.094485,1,0,0
0.26,0.72,0.13124,1,0,0
0.28,0.72,0.076299,1,0,0
0.3,0.72,0.12311,1,0,0
0.32,0.72,0.043466,1,0,0
0.34,0.72,0.09879,1,0,0
0.36,0.72,0.10695,1,0,0
0.38,0.72,0.10068,1,0,0
0.4,0.72,0.034651,1,0,0
0.42,0.72,0.12559,1,0,0
0.44,0.72,0.09465,1,0,0
0.46,0.72,0.039729,1,0,0
0.48,0.72,0.031626,1,0,0
0.5,0.72,0.038597,1,0,0
0.52,0.72,0.056969,1,0,0
0.54,0.72,0.12055,1,0,0
0.56,0.72,0.057556,1,0,0
0.58,0.72,0.034232,1,0,0
0.6,0.72,0.052431,1,0,0
0.62,0.72,0.05097,1,0,0
0.64,0.72,0.14195,1,0,0
0.66,0.72,0.057423,1,0,0
0.68,0.72,0.020038,1,0,0
0.7,0.72,0.035763,1,0,0
0.72,0.72,0.033972,1,0,0
0.74,0.72,0.020227,1,0,0
0.76,0.72,0.0062342,1,0,0
0.78,0.72,0.061138,1,0,0
0.8,0.72,0.032275,1,0,0
0.82,0.72,0.087075,1,0,0
0.84,0.72,0.1092,1,0,0
0.86,0.72,0.096104,1,0,0
0.88,0.72,0.029911,1,0,0
0.9,0.72,0.11031,1,0,0
0.92,0.72,0.15977,1,0,0
0.94,0.72,0.12018,1,0,0
0.96,0.72,0.11029,1,0,0
0.98,0.72,0.11928,1,0,0
0.02,0.74,-0.0053128,1,0,0
0.04,0.74,0.014926,1,0,0
0.06,0.74,0.009898,1,0,0
0.08,0.74,0.053634,1,0,0
0.1,0.74,0.078364,1,0,0
0.12,0.74,0.0067143,1,0,0
0.14,0.74,0.06792,1,0,0
0.16,0.74,0.12782,1,0,0
0.18,0.74,0.12723,1,0,0
0.2,0.74,0.034917,1,0,0
0.22,0.74,0.055308,1,0,0
0.24,0.74,0.08681,1,0,0
0.26,0.74,0.05458,1,0,0
0.28,0.74,0.092406,1,0,0
0.3,0.74,0.10702,1,0,0
0.32,0.74,0.032537,1,0,0
0.34,0.74,0.063019,1,0,0
0.36,0.74,0.057087,1,0,0
0.38,0.74,0.086339,1,0,0
0.4,0.74,0.003023,1,0,0
0.42,0.74,0.074788,1,0,0
0.44,0.74,0.066954,1,0,0
0.46,0.74,0.073135,1,0,0
0.48,0.74,0.08664,1,0,0
0.5,0.74,0.065616,1,0,0
0.52,0.74,0.010978,1,0,0
0.54,0.74,0.073585,1,0,0
0.56,0.74,0.043307,1,0,0
0.58,0.74,0.058101,1,0,0
0.6,0.74,0.029181,1,0,0
0.62,0.74,0.017498,1,0,0
0.64,0.74,-0.047858,1,0,0
0.66,0.74,-0.0090762,1,0,0
0.68,0.74,-0.047885,1,0,0
0.7,0.74,-0.014298,1,0,0
0.72,0.74,0.0007912,1,0,0
0.74,0.74,-0.0020221,1,0,0
0.76,0.74,-0.031142,1,0,0
0.78,0.74,0.032297,1,0,0
0.8,0.74,0.023472,1,0,0
0.82,0.74,0.079709,1,0,0
0.84,0.74,0.11222,1,0,0
0.86,0.74,0.027421,1,0,0
0.88,0.74,0.096296,1,0,0
0.9,0.74,0.050897,1,0,0
0.92,0.74,0.038651,1,0,0
0.94,0.74,0.0066154,1,0,0
0.96,0.74,0.076574,1,0,0
0.98,0.74,0.068412,1,0,0
0.02,0.76,0.062571,1,0,0
0.04,0.76,0.066235,1,0,0
0.06,0.76,0.01076,1,0,0
0.08,0.76,0.080845,1,0,0
0.1,0.76,0.077913,1,0,0
0.12,0.76,0.050921,1,0,0
0.14,0.76,0.052482,1,0,0
0.16,0.76,0.10288,1,0,0
0.18,0.76,0.093815,1,0,0
0.2,0.76,0.056513,1,0,0
0.22,0.76,0.057127,1,0,0
0.24,0.76,0.084922,1,0,0
0.26,0.76,0.079049,1,0,0
0.28,0.76,0.070279,1,0,0
0.3,0.76,0.090689,1,0,0
0.32,0.76,0.042369,1,0,0
0.34,0.76,0.08344,1,0,0
0.36,0.76,0.079429,1,0,0
0.38,0.76,0.09567,1,0,0
0.4,0.76,0.022558,1,0,0
0.42,0.76,0.11151,1,0,0
0.44,0.76,0.085722,1,0,0
0.46,0.76,0.093971,1,0,0
0.48,0.76,0.097261,1,0,0
0.5,0.76,0.068364,1,0,0
0.52,0.76,0.023589,1,0,0
0.54,0.76,0.073437,1,0,0
0.56,0.76,0.035016,1,0,0
0.58,0.76,0.015841,1,0,0
0.6,0.76,0.027647,1,0,0
0.62,0.76,0.059085,1,0,0
0.64,0.76,0.034506,1,0,0
0.66,0.76,-0.049874,1,0,0
0.68,0.76,0.019336,1,0,0
0.7,0.76,0.02971,1,0,0
0.72,0.76,-0.02476,1,0,0
0.74,0.76,0.020968,1,0,0
0.76,0.76,0.035598,1,0,0
0.78,0.76,0.047125,1,0,0
0.8,0.76,0.042239,1,0,0
0.82,0.76,0.055,1,0,0
0.84,0.76,0.11081,1,0,0
0.86,0.76,0.083665,1,0,0
0.88,0.76,0.095069,1,0,0
0.9,0.76,0.085965,1,0,0
0.92,0.76,0.1236,1,0,0
0.94,0.76,0.058478,1,0,0
0.96,0.76,0.073278,1,0,0
0.98,0.76,0.087433,1,0,0
0.02,0.78,0.10149,1,0,0
0.04,0.78,0.11162,1,0,0
0.06,0.78,0.048653,1,0,0
0.08,0.78,0.083394,1,0,0
0.1,0.78,0.051442,1,0,0
0.12,0.78,0.0091151,1,0,0
0.14,0.78,0.011357,1,0,0
0.16,0.78,0.086162,1,0,0
0.18,0.78,0.058415,1,0,0
0.2,0.78,0.081984,1,0,0
0.22,0.78,0.074791,1,0,0
0.24,0.78,0.076149,1,0,0
0.26,0.78,0.079794,1,0,0
0.28,0.78,0.025766,1,0,0
0.3,0.78,0.01041,1,0,0
0.32,0.78,0.051955,1,0,0
0.34,0.78,0.049878,1,0,0
0.36,0.78,0.071959,1,0,0
0.38,0.78,0.081638,1,0,0
0.4,0.78,0.045803,1,0,0
0.42,0.78,0.074253,1,0,0
0.44,0.78,0.10568,1,0,0
0.46,0.78,0.06108,1,0,0
0.48,0.78,0.042481,1,0,0
0.5,0.78,0.05978,1,0,0
0.52,0.78,0.01133,1,0,0
0.54,0.78,0.068176,1,0,0
0.56,0.78,0.059608,1,0,0
0.58,0.78,0.036336,1,0,0
0.6,0.78,0.038982,1,0,0
0.62,0.78,0.023418,1,0,0
0.64,0.78,0.045884,1,0,0
0.66,0.78,-0.045166,1,0,0
0.68,0.78,-0.036725,1,0,0
0.7,0.78,-0.014704,1,0,0
0.72,0.78,-0.0071762,1,0,0
0.74,0.78,-0.024503,1,0,0
0.76,0.78,0.0061823,1,0,0
0.78,0.78,0.048519,1,0,0
0.8,0.78,-0.0024459,1,0,0
0.82,0.78,0.058142,1,0,0
0.84,0.78,0.041303,1,0,0
0.86,0.78,0.069399,1,0,0
0.88,0.78,0.021209,1,0,0
0.9,0.78,0.069245,1,0,0
0.92,0.78,0.081637,1,0,0
0.94,0.78,0.095524,1,0,0
0.96,0.78,0.097989,1,0,0
0.98,0.78,0.084287,1,0,0
0.02,0.8,0.050316,1,0,0
0.04,0.8,0.099073,1,0,0
0.06,0.8,0.049605,1,0,0
0.08,0.8,0.078835,1,0,0
0.1,0.8,0.083733,1,0,0
0.12,0.8,0.074205,1,0,0
0.14,0.8,0.091119,1,0,0
0.16,0.8,0.047337,1,0,0
0.18,0.8,0.071751,1,0,0
0.2,0.8,0.026966,1,0,0
0.22,0.8,0.039217,1,0,0
0.24,0.8,0.048435,1,0,0
0.26,0.8,0.065145,1,0,0
0.28,0.8,0.071494,1,0,0
0.3,0.8,-0.0053997,1,0,0
0.32,0.8,0.06968,1,0,0
0.34,0.8,0.062627,1,0,0
0.36,0.8,0.067134,1,0,0
0.38,0.8,0.034262,1,0,0
0.4,0.8,0.077582,1,0,0
0.42,0.8,0.045475,1,0,0
0.44,0.8,0.048516,1,0,0
0.46,0.8,0.067446,1,0,0
0.48,0.8,0.081781,1,0,0
0.5,0.8,0.011209,1,0,0
0.52,0.8,0.10719,1,0,0
0.54,0.8,0.12189,1,0,0
0.56,0.8,0.062271,1,0,0
0.58,0.8,0.062198,1,0,0
0.6,0.8,0.007044,1,0,0
0.62,0.8,0.070603,1,0,0
0.64,0.8,0.0077718,1,0,0
0.66,0.8,0.012344,1,0,0
0.68,0.8,-0.010162,1,0,0
0.7,0.8,0.020621,1,0,0
0.72,0.8,-0.023745,1,0,0
0.74,0.8,0.05593,1,0,0
0.76,0.8,0.076913,1,0,0
0.78,0.8,0.010725,1,0,0
0.8,0.8,-0.0046824,1,0,0
0.82,0.8,0.017319,1,0,0
0.84,0.8,0.046085,1,0,0
0.86,0.8,0.044271,1,0,0
0.88,0.8,0.059073,1,0,0
0.9,0.8,0.08453,1,0,0
0.92,0.8,0.063058,1,0,0
0.94,0.8,0.032559,1,0,0
0.96,0.8,0.11443,1,0,0
0.98,0.8,0.082922,1,0,0
0.02,0.82,0.056306,1,0,0
0.04,0.82,0.081032,1,0,0
0.06,0.82,0.076962,1,0,0
0.08,0.82,0.12093,1,0,0
0.1,0.82,0.064643,1,0,0
0.12,0.82,0.046475,1,0,0
0.14,0.82,0.04753,1,0,0
0.16,0.82,0.0074625,1,0,0
0.18,0.82,0.085735,1,0,0
0.2,0.82,0.082995,1,0,0
0.22,0.82,0.045941,1,0,0
0.24,0.82,0.0135,1,0,0
0.26,0.82,-0.011647,1,0,0
0.28,0.82,0.054748,1,0,0
0.3,0.82,0.031455,1,0,0
0.32,0.82,0.062094,1,0,0
0.34,0.82,0.046315,1,0,0
0.36,0.82,-0.0029354,1,0,0
0.38,0.82,0.040988,1,0,0
0.4,0.82,0.0739,1,0,0
0.42,0.82,0.032146,1,0,0
0.44,0.82,0.10079,1,0,0
0.46,0.82,0.044301,1,0,0
0.48,0.82,0.039034,1,0,0
0.5,0.82,0.015369,1,0,0
0.52,0.82,0.050523,1,0,0
0.54,0.82,-0.0070312,1,0,0
0.56,0.82,0.114,1,0,0
0.58,0.82,0.10075,1,0,0
0.6,0.82,0.06177,1,0,0
0.62,0.82,0.060876,1,0,0
0.64,0.82,0.0021621,1,0,0
0.66,0.82,0.050545,1,0,0
0.68,0.82,0.021674,1,0,0
0.7,0.82,0.015948,1,0,0
0.72,0.82,0.004549,1,0,0
0.74,0.82,-0.0066748,1,0,0
0.76,0.82,0.0077359,1,0,0
0.78,0.82,0.053322,1,0,0
0.8,0.82,-0.020678,1,0,0
0.82,0.82,0.055353,1,0,0
0.84,0.82,0.022192,1,0,0
0.86,0.82,0.058055,1,0,0
0.88,0.82,0.1111,1,0,0
0.9,0.82,0.10163,1,0,0
0.92,0.82,0.035792,1,0,0
0.94,0.82,0.051625,1,0,0
0.96,0.82,0.081369,1,0,0
0.98,0.82,0.059401,1,0,0
0.02,0.84,0.16281,1,0,0
0.04,0.84,0.099158,1,0,0
0.06,0.84,0.09766,1,0,0
0.08,0.84,0.067381,1,0,0
0.1,0.84,0.037883,1,0,0
0.12,0.84,0.021406,1,0,0
0.14,0.84,0.062168,1,0,0
0.16,0.84,0.045585,1,0,0
0.18,0.84,0.068902,1,0,0
0.2,0.84,0.070961,1,0,0
0.22,0.84,0.064607,1,0,0
0.24,0.84,0.019467,1,0,0
0.26,0.84,0.077395,1,0,0
0.28,0.84,0.035173,1,0,0
0.3,0.84,0.00713,1,0,0
0.32,0.84,0.023333,1,0,0
0.34,0.84,0.036481,1,0,0
0.36,0.84,0.027994,1,0,0
0.38,0.84,0.068697,1,0,0
0.4,0.84,0.06377,1,0,0
0.42,0.84,0.087152,1,0,0
0.44,0.84,0.10714,1,0,0
0.46,0.84,0.058545,1,0,0
0.48,0.84,0.07528,1,0,0
0.5,0.84,0.021525,1,0,0
0.52,0.84,0.037907,1,0,0
0.54,0.84,0.052334,1,0,0
0.56,0.84,0.069883,1,0,0
0.58,0.84,0.08622,1,0,0
0.6,0.84,0.060789,1,0,0
0.62,0.84,0.10558,1,0,0
0.64,0.84,0.078614,1,0,0
0.66,0.84,-0.0031925,1,0,0
0.68,0.84,0.067263,1,0,0
0.7,0.84,0.060038,1,0,0
0.72,0.84,-0.040454,1,0,0
0.74,0.84,0.062254,1,0,0
0.76,0.84,0.025283,1,0,0
0.78,0.84,-0.0060624,1,0,0
0.8,0.84,-0.010551,1,0,0
0.82,0.84,0.019321,1,0,0
0.84,0.84,-0.025777,1,0,0
0.86,0.84,0.062819,1,0,0
0.88,0.84,0.091817,1,0,0
0.9,0.84,0.096201,1,0,0
0.92,0.84,0.060969,1,0,0
0.94,0.84,0.073707,1,0,0
0.96,0.84,0.11263,1,0,0
0.98,0.84,0.049811,1,0,0
0.02,0.86,0.12395,1,0,0
0.04,0.86,0.10637,1,0,0
0.06,0.86,0.054037,1,0,0
0.08,0.86,0.063763,1,0,0
0.1,0.86,0.074438,1,0,0
0.12,0.86,0.035614,1,0,0
0.14,0.86,0.05797,1,0,0
0.16,0.86,0.045567,1,0,0
0.18,0.86,0.042964,1,0,0
0.2,0.86,0.00504,1,0,0
0.22,0.86,-0.0065166,1,0,0
0.24,0.86,0.010374,1,0,0
0.26,0.86,0.022978,1,0,0
0.28,0.86,0.030321,1,0,0
0.3,0.86,-0.0066611,1,0,0
0.32,0.86,0.019556,1,0,0
0.34,0.86,-0.0019608,1,0,0
0.36,0.86,-0.014631,1,0,0
0.38,0.86,0.040403,1,0,0
0.4,0.86,0.051408,1,0,0
0.42,0.86,0.083798,1,0,0
0.44,0.86,0.11168,1,0,0
0.46,0.86,0.072869,1,0,0
0.48,0.86,0.066766,1,0,0
0.5,0.86,0.091202,1,0,0
0.52,0.86,0.056649,1,0,0
0.54,0.86,0.097752,1,0,0
0.56,0.86,0.064447,1,0,0
0.58,0.86,0.066021,1,0,0
0.6,0.86,0.023807,1,0,0
0.62,0.86,0.070769,1,0,0
0.64,0.86,0.012366,1,0,0
0.66,0.86,0.036211,1,0,0
0.68,0.86,0.069519,1,0,0
0.7,0.86,0.074185,1,0,0
0.72,0.86,0.049296,1,0,0
0.74,0.86,0.014135,1,0,0
0.76,0.86,0.073543,1,0,0
0.78,0.86,0.010865,1,0,0
0.8,0.86,0.025772,1,0,0
0.82,0.86,0.062707,1,0,0
0.84,0.86,0.06604,1,0,0
0.86,0.86,0.023502,1,0,0
0.88,0.86,0.093523,1,0,0
0.9,0.86,0.056564,1,0,0
0.92,0.86,0.077879,1,0,0
0.94,0.86,0.10016,1,0,0
0.96,0.86,0.12646,1,0,0
0.98,0.86,0.015282,1,0,0
0.02,0.88,0.11197,1,0,0
0.04,0.88,0.12242,1,0,0
0.06,0.88,0.096751,1,0,0
0.08,0.88,0.083946,1,0,0
0.1,0.88,0.051125,1,0,0
0.12,0.88,0.0073935,1,0,0
0.14,0.88,0.029639,1,0,0
0.16,0.88,0.0059267,1,0,0
0.18,0.88,0.030997,1,0,0
0.2,0.88,-0.030246,1,0,0
0.22,0.88,0.00012452,1,0,0
0.24,0.88,0.034918,1,0,0
0.26,0.88,-0.0068852,1,0,0
0.28,0.88,0.038238,1,0,0
0.3,0.88,0.049365,1,0,0
0.32,0.88,0.039521,1,0,0
0.34,0.88,0.015811,1,0,0
0.36,0.88,0.032223,1,0,0
0.38,0.88,0.10495,1,0,0
0.4,0.88,0.019048,1,0,0
0.42,0.88,0.097691,1,0,0
0.44,0.88,0.044068,1,0,0
0.46,0.88,0.066445,1,0,0
0.48,0.88,0.025796,1,0,0
0.5,0.88,0.076642,1,0,0
0.52,0.88,0.052725,1,0,0
0.54,0.88,0.0057069,1,0,0
0.56,0.88,0.075424,1,0,0
0.58,0.88,0.10884,1,0,0
0.6,0.88,0.043657,1,0,0
0.62,0.88,0.038842,1,0,0
0.64,0.88,0.073008,1,0,0
0.66,0.88,0.050879,1,0,0
0.68,0.88,0.021397,1,0,0
0.7,0.88,0.016621,1,0,0
0.72,0.88,0.0097248,1,0,0
0.74,0.88,-0.018562,1,0,0
0.76,0.88,0.024039,1,0,0
0.78,0.88,0.062249,1,0,0
0.8,0.88,0.07297,1,0,0
0.82,0.88,0.069021,1,0,0
0.84,0.88,0.068466,1,0,0
0.86,0.88,0.074115,1,0,0
0.88,0.88,0.055137,1,0,0
0.9,0.88,0.067061,1,0,0
0.92,0.88,0.032817,1,0,0
0.94,0.88,0.059109,1,0,0
0.96,0.88,0.083671,1,0,0
0.98,0.88,0.06531,1,0,0
0.02,0.9,0.061595,1,0,0
0.04,0.9,0.11115,1,0,0
0.06,0.9,0.060484,1,0,0
0.08,0.9,0.089626,1,0,0
0.1,0.9,0.022373,1,0,0
0.12,0.9,0.016737,1,0,0
0.14,0.9,-0.0064007,1,0,0
0.16,0.9,-0.034413,1,0,0
0.18,0.9,-0.0046204,1,0,0
0.2,0.9,-0.034724,1,0,0
0.22,0.9,-0.0069484,1,0,0
0.24,0.9,-0.046021,1,0,0
0.26,0.9,-0.0034041,1,0,0
0.28,0.9,-0.0013211,1,0,0
0.3,0.9,0.060359,1,0,0
0.32,0.9,0.069436,1,0,0
0.34,0.9,0.028197,1,0,0
0.36,0.9,0.056001,1,0,0
0.38,0.9,0.035478,1,0,0
0.4,0.9,-0.013292,1,0,0
0.42,0.9,-0.010045,1,0,0
0.44,0.9,0.02303,1,0,0
0.46,0.9,-0.003249,1,0,0
0.48,0.9,0.03425,1,0,0
0.5,0.9,0.079997,1,0,0
0.52,0.9,0.022049,1,0,0
0.54,0.9,0.044192,1,0,0
0.56,0.9,0.075314,1,0,0
0.58,0.9,0.038285,1,0,0
0.6,0.9,0.032043,1,0,0
0.62,0.9,0.073147,1,0,0
0.64,0.9,-0.0088675,1,0,0
0.66,0.9,-0.003325,1,0,0
0.68,0.9,-0.0075235,1,0,0
0.7,0.9,0.028205,1,0,0
0.72,0.9,0.0073532,1,0,0
0.74,0.9,-0.018879,1,0,0
0.76,0.9,0.028125,1,0,0
0.78,0.9,0.031441,1,0,0
0.8,0.9,0.060917,1,0,0
0.82,0.9,0.071257,1,0,0
0.84,0.9,0.075347,1,0,0
0.86,0.9,0.014413,1,0,0
0.88,0.9,0.059731,1,0,0
0.9,0.9,0.039769,1,0,0
0.92,0.9,0.057677,1,0,0
0.94,0.9,0.082063,1,0,0
0.96,0.9,0.052541,1,0,0
0.98,0.9,0.10985,1,0,0
0.02,0.92,0.091587,1,0,0
0.04,0.92,0.11085,1,0,0
0.06,0.92,0.051371,1,0,0
0.08,0.92,0.031661,1,0,0
0.1,0.92,0.034161,1,0,0
0.12,0.92,0.064061,1,0,0
0.14,0.92,0.029664,1,0,0
0.16,0.92,0.016481,1,0,0
0.18,0.92,-0.0059922,1,0,0
0.2,0.92,-0.041412,1,0,0
0.22,0.92,-0.029532,1,0,0
0.24,0.92,0.00067643,1,0,0
0.26,0.92,0.040078,1,0,0
0.28,0.92,0.016837,1,0,0
0.3,0.92,0.0079511,1,0,0
0.32,0.92,0.08965,1,0,0
0.34,0.92,0.01449,1,0,0
0.36,0.92,0.095581,1,0,0
0.38,0.92,0.037321,1,0,0
0.4,0.92,-0.0049379,1,0,0
0.42,0.92,0.053332,1,0,0
0.44,0.92,0.038331,1,0,0
0.46,0.92,-0.021636,1,0,0
0.48,0.92,0.030941,1,0,0
0.5,0.92,0.082114,1,0,0
0.52,0.92,0.046256,1,0,0
0.54,0.92,0.10071,1,0,0
0.56,0.92,0.04464,1,0,0
0.58,0.92,0.076962,1,0,0
0.6,0.92,0.020912,1,0,0
0.62,0.92,0.063864,1,0,0
0.64,0.92,0.063447,1,0,0
0.66,0.92,0.049987,1,0,0
0.68,0.92,0.0081632,1,0,0
0.7,0.92,0.046208,1,0,0
0.72,0.92,0.016386,1,0,0
0.74,0.92,0.020342,1,0,0
0.76,0.92,0.054354,1,0,0
0.78,0.92,0.074615,1,0,0
0.8,0.92,0.1055,1,0,0
0.82,0.92,0.098971,1,0,0
0.84,0.92,0.097778,1,0,0
0.86,0.92,0.10565,1,0,0
0.88,0.92,0.044675,1,0,0
0.9,0.92,0.019879,1,0,0
0.92,0.92,0.070871,1,0,0
0.94,0.92,0.070719,1,0,0
0.96,0.92,0.063657,1,0,0
0.98,0.92,0.077937,1,0,0
0.02,0.94,0.088423,1,0,0
0.04,0.94,0.11273,1,0,0
0.06,0.94,0.049478,1,0,0
0.08,0.94,0.058717,1,0,0
0.1,0.94,0.087803,1,0,0
0.12,0.94,0.095909,1,0,0
0.14,0.94,0.055592,1,0,0
0.16,0.94,0.035994,1,0,0
0.18,0.94,0.052636,1,0,0
0.2,0.94,0.027117,1,0,0
0.22,0.94,0.040525,1,0,0
0.24,0.94,0.062025,1,0,0
0.26,0.94,0.083606,1,0,0
0.28,0.94,0.067544,1,0,0
0.3,0.94,0.028703,1,0,0
0.32,0.94,0.061608,1,0,0
0.34,0.94,0.08845,1,0,0
0.36,0.94,0.032658,1,0,0
0.38,0.94,0.036582,1,0,0
0.4,0.94,0.0090898,1,0,0
0.42,0.94,0.098041,1,0,0
0.44,0.94,0.04779,1,0,0
0.46,0.94,0.087797,1,0,0
0.48,0.94,0.098423,1,0,0
0.5,0.94,0.069653,1,0,0
0.52,0.94,0.098222,1,0,0
0.54,0.94,0.13541,1,0,0
0.56,0.94,0.075948,1,0,0
0.58,0.94,0.028227,1,0,0
0.6,0.94,0.067195,1,0,0
0.62,0.94,0.059904,1,0,0
0.64,0.94,0.045809,1,0,0
0.66,0.94,0.05806,1,0,0
0.68,0.94,0.046293,1,0,0
0.7,0.94,0.041971,1,0,0
0.72,0.94,0.080639,1,0,0
0.74,0.94,0.044614,1,0,0
0.76,0.94,0.068957,1,0,0
0.78,0.94,0.089648,1,0,0
0.8,0.94,0.047383,1,0,0
0.82,0.94,0.11278,1,0,0
0.84,0.94,0.098704,1,0,0
0.86,0.94,0.14988,1,0,0
0.88,0.94,0.049071,1,0,0
0.9,0.94,0.076455,1,0,0
0.92,0.94,0.064668,1,0,0
0.94,0.94,0.1193,1,0,0
0.96,0.94,0.074739,1,0,0
0.98,0.94,0.097784,1,0,0
0.02,0.96,0.096344,1,0,0
0.04,0.96,0.047008,1,0,0
0.06,0.96,0.0089449,1,0,0
0.08,0.96,0.049439,1,0,0
0.1,0.96,0.044587,1,0,0
0.12,0.96,0.01613,1,0,0
0.14,0.96,0.03165,1,0,0
0.16,0.96,0.035814,1,0,0
0.18,0.96,0.031935,1,0,0
0.2,0.96,0.040676,1,0,0
0.22,0.96,0.035887,1,0,0
0.24,0.96,0.045105,1,0,0
0.26,0.96,0.010478,1,0,0
0.28,0.96,0.0043611,1,0,0
0.3,0.96,0.027249,1,0,0
0.32,0.96,0.065583,1,0,0
0.34,0.96,0.052554,1,0,0
0.36,0.96,0.023328,1,0,0
0.38,0.96,0.046785,1,0,0
0.4,0.96,0.063771,1,0,0
0.42,0.96,0.065296,1,0,0
0.44,0.96,0.035897,1,0,0
0.46,0.96,0.081925,1,0,0
0.48,0.96,0.0029568,1,0,0
0.5,0.96,0.023937,1,0,0
0.52,0.96,0.027815,1,0,0
0.54,0.96,0.093776,1,0,0
0.56,0.96,0.059203,1,0,0
0.58,0.96,0.056696,1,0,0
0.6,0.96,0.061776,1,0,0
0.62,0.96,0.082318,1,0,0
0.64,0.96,0.055319,1,0,0
0.66,0.96,0.095243,1,0,0
0.68,0.96,0.0097951,1,0,0
0.7,0.96,0.028329,1,0,0
0.72,0.96,0.053376,1,0,0
0.74,0.96,0.058013,1,0,0
0.76,0.96,0.061124,1,0,0
0.78,0.96,0.070957,1,0,0
0.8,0.96,0.062284,1,0,0
0.82,0.96,0.070267,1,0,0
0.84,0.96,0.078248,1,0,0
0.86,0.96,0.047658,1,0,0
0.88,0.96,0.13195,1,0,0
0.9,0.96,0.14,1,0,0
0.92,0.96,0.10747,1,0,0
0.94,0.96,0.067003,1,0,0
0.96,0.96,0.10589,1,0,0
0.98,0.96,0.1198,1,0,0
0.02,0.98,0.073383,1,0,0
0.04,0.98,0.029483,1,0,0
0.06,0.98,0.056156,1,0,0
0.08,0.98,0.051568,1,0,0
0.1,0.98,0.06172,1,0,0
0.12,0.98,0.039427,1,0,0
0.14,0.98,0.013265,1,0,0
0.16,0.98,0.053149,1,0,0
0.18,0.98,-0.018078,1,0,0
0.2,0.98,0.036361,1,0,0
0.22,0.98,0.056552,1,0,0
0.24,0.98,0.027645,1,0,0
0.26,0.98,0.088626,1,0,0
0.28,0.98,0.007601,1,0,0
0.3,0.98,0.074519,1,0,0
0.32,0.98,0.042393,1,0,0
0.34,0.98,0.057388,1,0,0
0.36,0.98,0.030744,1,0,0
0.38,0.98,0.048424,1,0,0
0.4,0.98,0.00069983,1,0,0
0.42,0.98,0.047686,1,0,0
0.44,0.98,0.060633,1,0,0
0.46,0.98,0.077183,1,0,0
0.48,0.98,-0.0022082,1,0,0
0.5,0.98,0.042966,1,0,0
0.52,0.98,0.042671,1,0,0
0.54,0.98,0.10798,1,0,0
0.56,0.98,0.02254,1,0,0
0.58,0.98,0.078812,1,0,0
0.6,0.98,0.06978,1,0,0
0.62,0.98,0.078973,1,0,0
0.64,0.98,0.065804,1,0,0
0.66,0.98,0.052202,1,0,0
0.68,0.98,0.015357,1,0,0
0.7,0.98,0.056979,1,0,0
0.72,0.98,0.029052,1,0,0
0.74,0.98,0.05809,1,0,0
0.76,0.98,0.050497,1,0,0
0.78,0.98,0.036504,1,0,0
0.8,0.98,0.036705,1,0,0
0.82,0.98,0.042201,1,0,0
0.84,0.98,0.081466,1,0,0
0.86,0.98,0.091468,1,0,0
0.88,0.98,0.097407,1,0,0
0.9,0.98,0.14725,1,0,0
0.92,0.98,0.13505,1,0,0
0.94,0.98,0.052351,1,0,0
0.96,0.98,0.079604,1,0,0
0.98,0.98,0.06635,1,0,0
0,0,0.058501,-1,0,0
0.02,0,0.058501,-1,0,0
0.04,0,0.084819,-1,0,0
0.06,0,0.086785,-1,0,0
0.08,0,-0.02513,-1,0,0
0.1,0,-0.0032216,-1,0,0
0.12,0,0.012219,-1,0,0
0.14,0,-0.0012898,-1,0,0
0.16,0,-0.019316,-1,0,0
0.18,0,0.0634,-1,0,0
0.2,0,-0.016835,-1,0,0
0.22,0,0.020994,-1,0,0
0.24,0,-0.01921,-1,0,0
0.26,0,0.024741,-1,0,0
0.28,0,-0.014036,-1,0,0
0.3,0,0.0096328,-1,0,0
0.32,0,0.030245,-1,0,0
0.34,0,0.005802,-1,0,0
0.36,0,-0.0054395,-1,0,0
0.38,0,0.0043767,-1,0,0
0.4,0,-0.012889,-1,0,0
0.42,0,0.002024,-1,0,0
0.44,0,0.036214,-1,0,0
0.46,0,0.03056,-1,0,0
0.48,0,0.044202,-1,0,0
0.5,0,0.048835,-1,0,0
0.52,0,0.0043593,-1,0,0
0.54,0,0.022424,-1,0,0
0.56,0,0.069812,-1,0,0
0.58,0,0.076597,-1,0,0
0.6,0,0.070904,-1,0,0
0.62,0,0.13285,-1,0,0
0.64,0,0.057181,-1,0,0
0.66,0,0.076395,-1,0,0
0.68,0,0.040581,-1,0,0
0.7,0,0.082368,-1,0,0
0.72,0,0.059035,-1,0,0
0.74,0,0.065254,-1,0,0
0.76,0,0.024573,-1,0,0
0.78,0,0.057037,-1,0,0
0.8,0,0.014459,-1,0,0
0.82,0,0.089661,-1,0,0
0.84,0,0.057072,-1,0,0
0.86,0,0.057771,-1,0,0
0.88,0,0.0282,-1,0,0
0.9,0,0.033172,-1,0,0
0.92,0,-0.0055097,-1,0,0
0.94,0,-0.013415,-1,0,0
0.96,0,0.049059,-1,0,0
0.98,0,0.029893,-1,0,0
1,0,0.0097282,-1,0,0
1,0.02,0.022818,-1,0,0
1,0.04,-0.0066733,-1,0,0
1,0.06,0.033289,-1,0,0
1,0.08,0.10343,-1,0,0
1,0.1,0.10497,-1,0,0
1,0.12,0.12007,-1,0,0
1,0.14,0.11634,-1,0,0
1,0.16,0.039949,-1,0,0
1,0.18,0.07388,-1,0,0
1,0.2,0.059633,-1,0,0
1,0.22,0.06672,-1,0,0
1,0.24,0.020782,-1,0,0
1,0.26,0.041002,-1,0,0
1,0.28,0.038987,-1,0,0
1,0.3,0.033678,-1,0,0
1,0.32,0.046977,-1,0,0
1,0.34,0.062229,-1,0,0
1,0.36,0.041364,-1,0,0
1,0.38,-0.032577,-1,0,0
1,0.4,0.083849,-1,0,0
1,0.42,0.061664,-1,0,0
1,0.44,0.057654,-1,0,0
1,0.46,0.070842,-1,0,0
1,0.48,0.069704,-1,0,0
1,0.5,0.083837,-1,0,0
1,0.52,0.098932,-1,0,0
1,0.54,0.01949,-1,0,0
1,0.56,0.059785,-1,0,0
1,0.58,0.023796,-1,0,0
1,0.6,0.059054,-1,0,0
1,0.62,0.09985,-1,0,0
1,0.64,-0.037349,-1,0,0
1,0.66,0.032805,-1,0,0
1,0.68,0.058434,-1,0,0
1,0.7,0.055465,-1,0,0
1,0.72,0.039426,-1,0,0
1,0.74,0.085337,-1,0,0
1,0.76,0.10805,-1,0,0
1,0.78,0.063598,-1,0,0
1,0.8,0.075244,-1,0,0
1,0.82,0.13166,-1,0,0
1,0.84,0.10787,-1,0,0
1,0.86,0.071745,-1,0,0
1,0.88,0.094927,-1,0,0
1,0.9,0.041489,-1,0,0
1,0.92,0.047051,-1,0,0
1,0.94,0.11057,-1,0,0
1,0.96,0.069689,-1,0,0
1,0.98,0.028867,-1,0,0
1,1,0.043446,-1,0,0
0.98,1,0.0298,-1,0,0
0.96,1,0.047923,-1,0,0
0.94,1,0.074888,-1,0,0
0.92,1,0.14154,-1,0,0
0.9,1,0.14443,-1,0,0
0.88,1,0.045784,-1,0,0
0.86,1,0.1075,-1,0,0
0.84,1,0.082023,-1,0,0
0.82,1,0.095739,-1,0,0
0.8,1,0.044516,-1,0,0
0.78,1,0.1011,-1,0,0
0.76,1,0.049328,-1,0,0
0.74,1,0.03196,-1,0,0
0.72,1,0.075627,-1,0,0
0.7,1,0.074929,-1,0,0
0.68,1,0.032988,-1,0,0
0.66,1,0.091211,-1,0,0
0.64,1,0.085969,-1,0,0
0.62,1,0.070794,-1,0,0
0.6,1,0.045839,-1,0,0
0.58,1,0.042939,-1,0,0
0.56,1,0.015332,-1,0,0
0.54,1,0.084178,-1,0,0
0.52,1,0.090645,-1,0,0
0.5,1,0.054414,-1,0,0
0.48,1,0.022133,-1,0,0
0.46,1,0.06202,-1,0,0
0.44,1,0.09756,-1,0,0
0.42,1,0.065608,-1,0,0
0.4,1,0.040958,-1,0,0
0.38,1,0.040879,-1,0,0
0.36,1,0.02878,-1,0,0
0.34,1,0.024374,-1,0,0
0.32,1,0.0098796,-1,0,0
0.3,1,0.044128,-1,0,0
0.28,1,0.063285,-1,0,0
0.26,1,0.14316,-1,0,0
0.24,1,0.069382,-1,0,0
0.22,1,0.044949,-1,0,0
0.2,1,-0.026362,-1,0,0
0.18,1,0.049627,-1,0,0
0.16,1,0.030613,-1,0,0
0.14,1,0.0088667,-1,0,0
0.12,1,0.040825,-1,0,0
0.1,1,0.1109,-1,0,0
0.08,1,0.063007,-1,0,0
0.06,1,0.051779,-1,0,0
0.04,1,0.11019,-1,0,0
0.02,1,0.056148,-1,0,0
0,1,0.0889,-1,0,0
0,0.98,0.050107,-1,0,0
0,0.96,0.11021,-1,0,0
0,0.94,0.090609,-1,0,0
0,0.92,0.090318,-1,0,0
0,0.9,0.060647,-1,0,0
0,0.88,0.13294,-1,0,0
0,0.86,0.086655,-1,0,0
0,0.84,0.12536,-1,0,0
0,0.82,0.10715,-1,0,0
0,0.8,0.085576,-1,0,0
0,0.78,0.088976,-1,0,0
0,0.76,0.053557,-1,0,0
0,0.74,0.034926,-1,0,0
0,0.72,0.10945,-1,0,0
0,0.7,0.068185,-1,0,0
0,0.68,0.08607,-1,0,0
0,0.66,0.10872,-1,0,0
0,0.64,0.059677,-1,0,0
0,0.62,0.060156,-1,0,0
0,0.6,0.065742,-1,0,0
0,0.58,0.018528,-1,0,0
0,0.56,0.032405,-1,0,0
0,0.54,0.1233,-1,0,0
0,0.52,0.072641,-1,0,0
0,0.5,0.095508,-1,0,0
0,0.48,0.12903,-1,0,0
0,0.46,0.077248,-1,0,0
0,0.44,0.076455,-1,0,0
0,0.42,0.042485,-1,0,0
0,0.4,0.10474,-1,0,0
0,0.38,0.052406,-1,0,0
0,0.36,0.078012,-1,0,0
0,0.34,0.076748,-1,0,0
0,0.32,0.081897,-1,0,0
0,0.3,0.034049,-1,0,0
0,0.28,0.049933,-1,0,0
0,0.26,0.037028,-1,0,0
0,0.24,0.066598,-1,0,0
0,0.22,0.084667,-1,0,0
0,0.2,0.054048,-1,0,0
0,0.18,0.093037,-1,0,0
0,0.16,0.12672,-1,0,0
0,0.14,0.067268,-1,0,0
0,0.12,0.050023,-1,0,0
0,0.1,0.11398,-1,0,0
0,0.08,0.12199,-1,0,0
0,0.06,0.13206,-1,0,0
0,0.04,0.093614,-1,0,0
0,0.02,0.043846,-1,0,0
