0.02,0.02,0.046705,1,0,0
0.04,0.02,0.05685,1,0,0
0.06,0.02,0.065003,1,0,0
0.08,0.02,0.058089,1,0,0
0.1,0.02,0.062969,1,0,0
0.12,0.02,0.06463,1,0,0
0.14,0.02,0.080088,1,0,0
0.16,0.02,0.060496,1,0,0
0.18,0.02,0.07872,1,0,0
0.2,0.02,0.080738,1,0,0
0.22,0.02,0.10032,1,0,0
0.24,0.02,0.087566,1,0,0
0.26,0.02,0.076697,1,0,0
0.28,0.02,0.049707,1,0,0
0.3,0.02,0.056644,1,0,0
0.32,0.02,0.021007,1,0,0
0.34,0.02,0.044095,1,0,0
0.36,0.02,0.043221,1,0,0
0.38,0.02,0.077431,1,0,0
0.4,0.02,0.071706,1,0,0
0.42,0.02,0.093061,1,0,0
0.44,0.02,0.10822,1,0,0
0.46,0.02,0.071104,1,0,0
0.48,0.02,0.095739,1,0,0
0.5,0.02,0.12406,1,0,0
0.52,0.02,0.095854,1,0,0
0.54,0.02,0.089923,1,0,0
0.56,0.02,0.10033,1,0,0
0.58,0.02,0.11008,1,0,0
0.6,0.02,0.081488,1,0,0
0.62,0.02,0.080208,1,0,0
0.64,0.02,0.073375,1,0,0
0.66,0.02,0.061638,1,0,0
0.68,0.02,0.063587,1,0,0
0.7,0.02,0.051925,1,0,0
0.72,0.02,0.057005,1,0,0
0.74,0.02,0.050334,1,0,0
0.76,0.02,0.029187,1,0,0
0.78,0.02,0.034207,1,0,0
0.8,0.02,0.047469,1,0,0
0.82,0.02,0.05496,1,0,0
0.84,0.02,0.082371,1,0,0
0.86,0.02,0.098405,1,0,0
0.88,0.02,0.098814,1,0,0
0.9,0.02,0.07505,1,0,0
0.92,0.02,0.11036,1,0,0
0.94,0.02,0.08543,1,0,0
0.96,0.02,0.085441,1,0,0
0.98,0.02,0.0734,1,0,0
0.02,0.04,0.075439,1,0,0
0.04,0.04,0.0464,1,0,0
0.06,0.04,0.039136,1,0,0
0.08,0.04,0.034336,1,0,0
0.1,0.04,0.045433,1,0,0
0.12,0.04,0.056376,1,0,0
0.14,0.04,0.085219,1,0,0
0.16,0.04,0.063476,1,0,0
0.18,0.04,0.069578,1,0,0
0.2,0.04,0.073049,1,0,0
0.22,0.04,0.075064,1,0,0
0.24,0.04,0.07405,1,0,0
0.26,0.04,0.06743,1,0,0
0.28,0.04,0.039854,1,0,0
0.3,0.04,0.049028,1,0,0
0.32,0.04,0.035155,1,0,0
0.34,0.04,0.04813,1,0,0
0.36,0.04,0.035282,1,0,0
0.38,0.04,0.064779,1,0,0
0.4,0.04,0.056454,1,0,0
0.42,0.04,0.084805,1,0,0
0.44,0.04,0.066909,1,0,0
0.46,0.04,0.077408,1,0,0
0.48,0.04,0.06575,1,0,0
0.5,0.04,0.095713,1,0,0
0.52,0.04,0.082144,1,0,0
0.54,0.04,0.080752,1,0,0
0.56,0.04,0.07546,1,0,0
0.58,0.04,0.075531,1,0,0
0.6,0.04,0.081829,1,0,0
0.62,0.04,0.070853,1,0,0
0.64,0.04,0.073962,1,0,0
0.66,0.04,0.066737,1,0,0
0.68,0.04,0.082275,1,0,0
0.7,0.04,0.028881,1,0,0
0.72,0.04,0.034225,1,0,0
0.74,0.04,0.041576,1,0,0
0.76,0.04,0.039402,1,0,0
0.78,0.04,0.039269,1,0,0
0.8,0.04,0.055143,1,0,0
0.82,0.04,0.036246,1,0,0
0.84,0.04,0.055823,1,0,0
0.86,0.04,0.076208,1,0,0
0.88,0.04,0.072906,1,0,0
0.9,0.04,0.069266,1,0,0
0.92,0.04,0.090775,1,0,0
0.94,0.04,0.095047,1,0,0
0.96,0.04,0.05935,1,0,0
0.98,0.04,0.063176,1,0,0
0.02,0.06,0.094657,1,0,0
0.04,0.06,0.061693,1,0,0
0.06,0.06,0.029534,1,0,0
0.08,0.06,0.031513,1,0,0
0.1,0.06,0.047561,1,0,0
0.12,0.06,0.065864,1,0,0
0.14,0.06,0.075604,1,0,0
0.16,0.06,0.074224,1,0,0
0.18,0.06,0.088891,1,0,0
0.2,0.06,0.059167,1,0,0
0.22,0.06,0.088325,1,0,0
0.24,0.06,0.070743,1,0,0
0.26,0.06,0.04764,1,0,0
0.28,0.06,0.018855,1,0,0
0.3,0.06,0.048506,1,0,0
0.32,0.06,0.058798,1,0,0
0.34,0.06,0.058081,1,0,0
0.36,0.06,0.04658,1,0,0
0.38,0.06,0.071094,1,0,0
0.4,0.06,0.066143,1,0,0
0.42,0.06,0.06239,1,0,0
0.44,0.06,0.067119,1,0,0
0.46,0.06,0.05937,1,0,0
0.48,0.06,0.064923,1,0,0
0.5,0.06,0.057927,1,0,0
0.52,0.06,0.047197,1,0,0
0.54,0.06,0.052451,1,0,0
0.56,0.06,0.075603,1,0,0
0.58,0.06,0.064492,1,0,0
0.6,0.06,0.073027,1,0,0
0.62,0.06,0.064793,1,0,0
0.64,0.06,0.070598,1,0,0
0.66,0.06,0.071536,1,0,0
0.68,0.06,0.069285,1,0,0
0.7,0.06,0.052714,1,0,0
0.72,0.06,0.0076921,1,0,0
0.74,0.06,0.039985,1,0,0
0.76,0.06,0.049759,1,0,0
0.78,0.06,0.030058,1,0,0
0.8,0.06,0.035359,1,0,0
0.82,0.06,0.024268,1,0,0
0.84,0.06,0.053119,1,0,0
0.86,0.06,0.048895,1,0,0
0.88,0.06,0.047735,1,0,0
0.9,0.06,0.059485,1,0,0
0.92,0.06,0.08152,1,0,0
0.94,0.06,0.081155,1,0,0
0.96,0.06,0.091447,1,0,0
0.98,0.06,0.091975,1,0,0
0.02,0.08,0.071862,1,0,0
0.04,0.08,0.060456,1,0,0
0.06,0.08,0.025111,1,0,0
0.08,0.08,0.039061,1,0,0
0.1,0.08,0.061517,1,0,0
0.12,0.08,0.067786,1,0,0
0.14,0.08,0.096666,1,0,0
0.16,0.08,0.077037,1,0,0
0.18,0.08,0.064685,1,0,0
0.2,0.08,0.062775,1,0,0
0.22,0.08,0.052346,1,0,0
0.24,0.08,0.062715,1,0,0
0.26,0.08,0.048381,1,0,0
0.28,0.08,0.03678,1,0,0
0.3,0.08,0.062614,1,0,0
0.32,0.08,0.067435,1,0,0
0.34,0.08,0.05705,1,0,0
0.36,0.08,0.056612,1,0,0
0.38,0.08,0.079394,1,0,0
0.4,0.08,0.088396,1,0,0
0.42,0.08,0.050303,1,0,0
0.44,0.08,0.04859,1,0,0
0.46,0.08,0.052843,1,0,0
0.48,0.08,0.063214,1,0,0
0.5,0.08,0.052755,1,0,0
0.52,0.08,0.058392,1,0,0
0.54,0.08,0.056451,1,0,0
0.56,0.08,0.067839,1,0,0
0.58,0.08,0.087214,1,0,0
0.6,0.08,0.064595,1,0,0
0.62,0.08,0.061898,1,0,0
0.64,0.08,0.073391,1,0,0
0.66,0.08,0.07329,1,0,0
0.68,0.08,0.085729,1,0,0
0.7,0.08,0.027575,1,0,0
0.72,0.08,0.0040738,1,0,0
0.74,0.08,0.025394,1,0,0
0.76,0.08,0.04486,1,0,0
0.78,0.08,0.039496,1,0,0
0.8,0.08,0.029656,1,0,0
0.82,0.08,0.02793,1,0,0
0.84,0.08,0.035243,1,0,0
0.86,0.08,0.037944,1,0,0
0.88,0.08,0.056209,1,0,0
0.9,0.08,0.052798,1,0,0
0.92,0.08,0.063372,1,0,0
0.94,0.08,0.07708,1,0,0
0.96,0.08,0.094156,1,0,0
0.98,0.08,0.11586,1,0,0
0.02,0.1,0.056621,1,0,0
0.04,0.1,0.037111,1,0,0
0.06,0.1,0.042701,1,0,0
0.08,0.1,0.049449,1,0,0
0.1,0.1,0.06037,1,0,0
0.12,0.1,0.073297,1,0,0
0.14,0.1,0.088127,1,0,0
0.16,0.1,0.056487,1,0,0
0.18,0.1,0.041896,1,0,0
0.2,0.1,0.064766,1,0,0
0.22,0.1,0.067324,1,0,0
0.24,0.1,0.057429,1,0,0
0.26,0.1,0.045754,1,0,0
0.28,0.1,0.073191,1,0,0
0.3,0.1,0.054696,1,0,0
0.32,0.1,0.071481,1,0,0
0.34,0.1,0.073534,1,0,0
0.36,0.1,0.05622,1,0,0
0.38,0.1,0.057703,1,0,0
0.4,0.1,0.068819,1,0,0
0.42,0.1,0.04693,1,0,0
0.44,0.1,0.054585,1,0,0
0.46,0.1,0.041258,1,0,0
0.48,0.1,0.048598,1,0,0
0.5,0.1,0.067521,1,0,0
0.52,0.1,0.056973,1,0,0
0.54,0.1,0.05479,1,0,0
0.56,0.1,0.060075,1,0,0
0.58,0.1,0.090419,1,0,0
0.6,0.1,0.067113,1,0,0
0.62,0.1,0.045697,1,0,0
0.64,0.1,0.063135,1,0,0
0.66,0.1,0.052241,1,0,0
0.68,0.1,0.057307,1,0,0
0.7,0.1,0.024522,1,0,0
0.72,0.1,0.011947,1,0,0
0.74,0.1,0.0079871,1,0,0
0.76,0.1,0.014257,1,0,0
0.78,0.1,0.010724,1,0,0
0.8,0.1,0.020412,1,0,0
0.82,0.1,0.026752,1,0,0
0.84,0.1,0.039333,1,0,0
0.86,0.1,0.049103,1,0,0
0.88,0.1,0.033143,1,0,0
0.9,0.1,0.02815,1,0,0
0.92,0.1,0.04448,1,0,0
0.94,0.1,0.084407,1,0,0
0.96,0.1,0.1089,1,0,0
0.98,0.1,0.11252,1,0,0
0.02,0.12,0.062067,1,0,0
0.04,0.12,0.052121,1,0,0
0.06,0.12,0.021023,1,0,0
0.08,0.12,0.032112,1,0,0
0.1,0.12,0.045595,1,0,0
0.12,0.12,0.064126,1,0,0
0.14,0.12,0.10028,1,0,0
0.16,0.12,0.082313,1,0,0
0.18,0.12,0.069384,1,0,0
0.2,0.12,0.07594,1,0,0
0.22,0.12,0.085962,1,0,0
0.24,0.12,0.060895,1,0,0
0.26,0.12,0.069903,1,0,0
0.28,0.12,0.066322,1,0,0
0.3,0.12,0.068348,1,0,0
0.32,0.12,0.060014,1,0,0
0.34,0.12,0.062712,1,0,0
0.36,0.12,0.075359,1,0,0
0.38,0.12,0.073288,1,0,0
0.4,0.12,0.088464,1,0,0
0.42,0.12,0.078979,1,0,0
0.44,0.12,0.059771,1,0,0
0.46,0.12,0.040223,1,0,0
0.48,0.12,0.049561,1,0,0
0.5,0.12,0.075203,1,0,0
0.52,0.12,0.098317,1,0,0
0.54,0.12,0.069254,1,0,0
0.56,0.12,0.080663,1,0,0
0.58,0.12,0.088445,1,0,0
0.6,0.12,0.062198,1,0,0
0.62,0.12,0.050581,1,0,0
0.64,0.12,0.051631,1,0,0
0.66,0.12,0.043956,1,0,0
0.68,0.12,0.019057,1,0,0
0.7,0.12,0.029915,1,0,0
0.72,0.12,-0.00078218,1,0,0
0.74,0.12,0.020568,1,0,0
0.76,0.12,0.027093,1,0,0
0.78,0.12,0.036177,1,0,0
0.8,0.12,0.029621,1,0,0
0.82,0.12,0.030664,1,0,0
0.84,0.12,0.058285,1,0,0
0.86,0.12,0.022021,1,0,0
0.88,0.12,0.027512,1,0,0
0.9,0.12,0.026006,1,0,0
0.92,0.12,0.057277,1,0,0
0.94,0.12,0.10066,1,0,0
0.96,0.12,0.11674,1,0,0
0.98,0.12,0.11065,1,0,0
0.02,0.14,0.028449,1,0,0
0.04,0.14,0.022534,1,0,0
0.06,0.14,0.035675,1,0,0
0.08,0.14,0.036269,1,0,0
0.1,0.14,0.041985,1,0,0
0.12,0.14,0.032901,1,0,0
0.14,0.14,0.057603,1,0,0
0.16,0.14,0.063092,1,0,0
0.18,0.14,0.05193,1,0,0
0.2,0.14,0.059019,1,0,0
0.22,0.14,0.062661,1,0,0
0.24,0.14,0.047814,1,0,0
0.26,0.14,0.057627,1,0,0
0.28,0.14,0.075909,1,0,0
0.3,0.14,0.066119,1,0,0
0.32,0.14,0.07362,1,0,0
0.34,0.14,0.087885,1,0,0
0.36,0.14,0.042623,1,0,0
0.38,0.14,0.092832,1,0,0
0.4,0.14,0.079573,1,0,0
0.42,0.14,0.05464,1,0,0
0.44,0.14,0.04026,1,0,0
0.46,0.14,0.06398,1,0,0
0.48,0.14,0.067338,1,0,0
0.5,0.14,0.081647,1,0,0
0.52,0.14,0.059068,1,0,0
0.54,0.14,0.060356,1,0,0
0.56,0.14,0.052224,1,0,0
0.58,0.14,0.071488,1,0,0
0.6,0.14,0.067491,1,0,0
0.62,0.14,0.039426,1,0,0
0.64,0.14,0.033691,1,0,0
0.66,0.14,0.023852,1,0,0
0.68,0.14,0.023992,1,0,0
0.7,0.14,0.0098636,1,0,0
0.72,0.14,0.0053194,1,0,0
0.74,0.14,0.0072155,1,0,0
0.76,0.14,0.013215,1,0,0
0.78,0.14,0.01261,1,0,0
0.8,0.14,0.015983,1,0,0
0.82,0.14,0.021096,1,0,0
0.84,0.14,0.036417,1,0,0
0.86,0.14,0.02049,1,0,0
0.88,0.14,0.016862,1,0,0
0.9,0.14,0.029213,1,0,0
0.92,0.14,0.055293,1,0,0
0.94,0.14,0.080616,1,0,0
0.96,0.14,0.10654,1,0,0
0.98,0.14,0.11108,1,0,0
0.02,0.16,0.041386,1,0,0
0.04,0.16,0.049714,1,0,0
0.06,0.16,0.024683,1,0,0
0.08,0.16,0.029576,1,0,0
0.1,0.16,0.041175,1,0,0
0.12,0.16,0.0092617,1,0,0
0.14,0.16,0.04979,1,0,0
0.16,0.16,0.056816,1,0,0
0.18,0.16,0.048742,1,0,0
0.2,0.16,0.049387,1,0,0
0.22,0.16,0.057633,1,0,0
0.24,0.16,0.063655,1,0,0
0.26,0.16,0.067349,1,0,0
0.28,0.16,0.064234,1,0,0
0.3,0.16,0.092139,1,0,0
0.32,0.16,0.080056,1,0,0
0.34,0.16,0.086691,1,0,0
0.36,0.16,0.066219,1,0,0
0.38,0.16,0.10197,1,0,0
0.4,0.16,0.083461,1,0,0
0.42,0.16,0.066394,1,0,0
0.44,0.16,0.056402,1,0,0
0.46,0.16,0.057384,1,0,0
0.48,0.16,0.062369,1,0,0
0.5,0.16,0.073842,1,0,0
0.52,0.16,0.052033,1,0,0
0.54,0.16,0.04766,1,0,0
0.56,0.16,0.035081,1,0,0
0.58,0.16,0.057694,1,0,0
0.6,0.16,0.044658,1,0,0
0.62,0.16,0.059839,1,0,0
0.64,0.16,0.047281,1,0,0
0.66,0.16,0.021193,1,0,0
0.68,0.16,0.025444,1,0,0
0.7,0.16,-0.0013497,1,0,0
0.72,0.16,-0.010558,1,0,0
0.74,0.16,0.0029806,1,0,0
0.76,0.16,0.020458,1,0,0
0.78,0.16,0.013507,1,0,0
0.8,0.16,-0.0022883,1,0,0
0.82,0.16,0.02574,1,0,0
0.84,0.16,0.029966,1,0,0
0.86,0.16,0.0058885,1,0,0
0.88,0.16,0.039885,1,0,0
0.9,0.16,0.05538,1,0,0
0.92,0.16,0.07063,1,0,0
0.94,0.16,0.072209,1,0,0
0.96,0.16,0.096868,1,0,0
0.98,0.16,0.092482,1,0,0
0.02,0.18,0.028682,1,0,0
0.04,0.18,0.03165,1,0,0
0.06,0.18,0.025685,1,0,0
0.08,0.18,0.021109,1,0,0
0.1,0.18,0.018713,1,0,0
0.12,0.18,0.0075556,1,0,0
0.14,0.18,0.023916,1,0,0
0.16,0.18,0.035138,1,0,0
0.18,0.18,0.057804,1,0,0
0.2,0.18,0.054541,1,0,0
0.22,0.18,0.084579,1,0,0
0.24,0.18,0.066526,1,0,0
0.26,0.18,0.074557,1,0,0
0.28,0.18,0.057933,1,0,0
0.3,0.18,0.057721,1,0,0
0.32,0.18,0.080518,1,0,0
0.34,0.18,0.093539,1,0,0
0.36,0.18,0.084021,1,0,0
0.38,0.18,0.094186,1,0,0
0.4,0.18,0.090707,1,0,0
0.42,0.18,0.07398,1,0,0
0.44,0.18,0.094515,1,0,0
0.46,0.18,0.0744,1,0,0
0.48,0.18,0.065706,1,0,0
0.5,0.18,0.072312,1,0,0
0.52,0.18,0.058439,1,0,0
0.54,0.18,0.052477,1,0,0
0.56,0.18,0.045362,1,0,0
0.58,0.18,0.050051,1,0,0
0.6,0.18,0.056706,1,0,0
0.62,0.18,0.047893,1,0,0
0.64,0.18,0.012685,1,0,0
0.66,0.18,0.025834,1,0,0
0.68,0.18,0.017462,1,0,0
0.7,0.18,0.013095,1,0,0
0.72,0.18,0.012895,1,0,0
0.74,0.18,0.039484,1,0,0
0.76,0.18,0.020565,1,0,0
0.78,0.18,0.016851,1,0,0
0.8,0.18,0.024688,1,0,0
0.82,0.18,0.016591,1,0,0
0.84,0.18,0.037512,1,0,0
0.86,0.18,0.022973,1,0,0
0.88,0.18,0.044507,1,0,0
0.9,0.18,0.049065,1,0,0
0.92,0.18,0.059288,1,0,0
0.94,0.18,0.063644,1,0,0
0.96,0.18,0.072862,1,0,0
0.98,0.18,0.063909,1,0,0
0.02,0.2,0.029436,1,0,0
0.04,0.2,0.023121,1,0,0
0.06,0.2,0.02426,1,0,0
0.08,0.2,0.010167,1,0,0
0.1,0.2,0.018554,1,0,0
0.12,0.2,0.027957,1,0,0
0.14,0.2,0.045022,1,0,0
0.16,0.2,0.037223,1,0,0
0.18,0.2,0.041491,1,0,0
0.2,0.2,0.061811,1,0,0
0.22,0.2,0.075552,1,0,0
0.24,0.2,0.10129,1,0,0
0.26,0.2,0.082006,1,0,0
0.28,0.2,0.074125,1,0,0
0.3,0.2,0.055636,1,0,0
0.32,0.2,0.075459,1,0,0
0.34,0.2,0.074847,1,0,0
0.36,0.2,0.085817,1,0,0
0.38,0.2,0.085474,1,0,0
0.4,0.2,0.076045,1,0,0
0.42,0.2,0.094092,1,0,0
0.44,0.2,0.099458,1,0,0
0.46,0.2,0.066662,1,0,0
0.48,0.2,0.059856,1,0,0
0.5,0.2,0.08922,1,0,0
0.52,0.2,0.085999,1,0,0
0.54,0.2,0.086939,1,0,0
0.56,0.2,0.069582,1,0,0
0.58,0.2,0.051393,1,0,0
0.6,0.2,0.036944,1,0,0
0.62,0.2,0.017439,1,0,0
0.64,0.2,0.018489,1,0,0
0.66,0.2,0.0086486,1,0,0
0.68,0.2,0.0070391,1,0,0
0.7,0.2,0.0016617,1,0,0
0.72,0.2,0.032003,1,0,0
0.74,0.2,0.042586,1,0,0
0.76,0.2,0.042538,1,0,0
0.78,0.2,0.036553,1,0,0
0.8,0.2,0.04621,1,0,0
0.82,0.2,0.01945,1,0,0
0.84,0.2,0.033222,1,0,0
0.86,0.2,0.045459,1,0,0
0.88,0.2,0.041228,1,0,0
0.9,0.2,0.04471,1,0,0
0.92,0.2,0.055081,1,0,0
0.94,0.2,0.054322,1,0,0
0.96,0.2,0.027145,1,0,0
0.98,0.2,0.06341,1,0,0
0.02,0.22,-0.0070245,1,0,0
0.04,0.22,0.016869,1,0,0
0.06,0.22,0.036476,1,0,0
0.08,0.22,0.043491,1,0,0
0.1,0.22,0.036044,1,0,0
0.12,0.22,0.012719,1,0,0
0.14,0.22,0.020904,1,0,0
0.16,0.22,0.02417,1,0,0
0.18,0.22,0.026991,1,0,0
0.2,0.22,0.047418,1,0,0
0.22,0.22,0.070855,1,0,0
0.24,0.22,0.094093,1,0,0
0.26,0.22,0.072199,1,0,0
0.28,0.22,0.058908,1,0,0
0.3,0.22,0.056307,1,0,0
0.32,0.22,0.054646,1,0,0
0.34,0.22,0.06442,1,0,0
0.36,0.22,0.060489,1,0,0
0.38,0.22,0.070949,1,0,0
0.4,0.22,0.062353,1,0,0
0.42,0.22,0.056502,1,0,0
0.44,0.22,0.10107,1,0,0
0.46,0.22,0.068509,1,0,0
0.48,0.22,0.094485,1,0,0
0.5,0.22,0.083316,1,0,0
0.52,0.22,0.069254,1,0,0
0.54,0.22,0.062393,1,0,0
0.56,0.22,0.08139,1,0,0
0.58,0.22,0.059325,1,0,0
0.6,0.22,0.029245,1,0,0
0.62,0.22,0.015402,1,0,0
0.64,0.22,-0.00094278,1,0,0
0.66,0.22,-0.0069473,1,0,0
0.68,0.22,0.01082,1,0,0
0.7,0.22,-0.0035485,1,0,0
0.72,0.22,0.020047,1,0,0
0.74,0.22,0.031216,1,0,0
0.76,0.22,0.017821,1,0,0
0.78,0.22,0.031756,1,0,0
0.8,0.22,0.027289,1,0,0
0.82,0.22,0.020142,1,0,0
0.84,0.22,0.034872,1,0,0
0.86,0.22,0.049665,1,0,0
0.88,0.22,0.056205,1,0,0
0.9,0.22,0.036261,1,0,0
0.92,0.22,0.030715,1,0,0
0.94,0.22,-0.0010697,1,0,0
0.96,0.22,0.011916,1,0,0
0.98,0.22,0.058969,1,0,0
0.02,0.24,0.020066,1,0,0
0.04,0.24,0.026072,1,0,0
0.06,0.24,0.039537,1,0,0
0.08,0.24,0.046309,1,0,0
0.1,0.24,0.026979,1,0,0
0.12,0.24,0.037408,1,0,0
0.14,0.24,0.053345,1,0,0
0.16,0.24,0.04486,1,0,0
0.18,0.24,0.054151,1,0,0
0.2,0.24,0.052386,1,0,0
0.22,0.24,0.060096,1,0,0
0.24,0.24,0.06804,1,0,0
0.26,0.24,0.059874,1,0,0
0.28,0.24,0.036677,1,0,0
0.3,0.24,0.040302,1,0,0
0.32,0.24,0.05515,1,0,0
0.34,0.24,0.077106,1,0,0
0.36,0.24,0.067897,1,0,0
0.38,0.24,0.069772,1,0,0
0.4,0.24,0.075421,1,0,0
0.42,0.24,0.076599,1,0,0
0.44,0.24,0.082575,1,0,0
0.46,0.24,0.072702,1,0,0
0.48,0.24,0.091374,1,0,0
0.5,0.24,0.082787,1,0,0
0.52,0.24,0.08808,1,0,0
0.54,0.24,0.097892,1,0,0
0.56,0.24,0.090627,1,0,0
0.58,0.24,0.054522,1,0,0
0.6,0.24,0.052921,1,0,0
0.62,0.24,0.027833,1,0,0
0.64,0.24,0.015451,1,0,0
0.66,0.24,-0.012324,1,0,0
0.68,0.24,-0.0028084,1,0,0
0.7,0.24,-0.01236,1,0,0
0.72,0.24,0.01133,1,0,0
0.74,0.24,0.045723,1,0,0
0.76,0.24,0.046686,1,0,0
0.78,0.24,0.039306,1,0,0
0.8,0.24,0.040483,1,0,0
0.82,0.24,0.020423,1,0,0
0.84,0.24,0.02184,1,0,0
0.86,0.24,0.040534,1,0,0
0.88,0.24,0.03617,1,0,0
0.9,0.24,0.041419,1,0,0
0.92,0.24,0.049975,1,0,0
0.94,0.24,0.018546,1,0,0
0.96,0.24,0.010517,1,0,0
0.98,0.24,0.052008,1,0,0
0.02,0.26,0.018138,1,0,0
0.04,0.26,0.046092,1,0,0
0.06,0.26,0.048055,1,0,0
0.08,0.26,0.059807,1,0,0
0.1,0.26,0.06812,1,0,0
0.12,0.26,0.046794,1,0,0
0.14,0.26,0.049766,1,0,0
0.16,0.26,0.065759,1,0,0
0.18,0.26,0.066558,1,0,0
0.2,0.26,0.040272,1,0,0
0.22,0.26,0.044973,1,0,0
0.24,0.26,0.048873,1,0,0
0.26,0.26,0.031913,1,0,0
0.28,0.26,0.026543,1,0,0
0.3,0.26,0.056918,1,0,0
0.32,0.26,0.064774,1,0,0
0.34,0.26,0.083973,1,0,0
0.36,0.26,0.076646,1,0,0
0.38,0.26,0.062317,1,0,0
0.4,0.26,0.039566,1,0,0
0.42,0.26,0.070983,1,0,0
0.44,0.26,0.072411,1,0,0
0.46,0.26,0.090009,1,0,0
0.48,0.26,0.0805,1,0,0
0.5,0.26,0.10114,1,0,0
0.52,0.26,0.087424,1,0,0
0.54,0.26,0.073574,1,0,0
0.56,0.26,0.066754,1,0,0
0.58,0.26,0.049748,1,0,0
0.6,0.26,0.054716,1,0,0
0.62,0.26,0.034479,1,0,0
0.64,0.26,0.0064189,1,0,0
0.66,0.26,-0.02885,1,0,0
0.68,0.26,-0.0053171,1,0,0
0.7,0.26,-0.015262,1,0,0
0.72,0.26,0.013399,1,0,0
0.74,0.26,0.035117,1,0,0
0.76,0.26,0.044576,1,0,0
0.78,0.26,0.025084,1,0,0
0.8,0.26,0.029607,1,0,0
0.82,0.26,0.017518,1,0,0
0.84,0.26,0.034525,1,0,0
0.86,0.26,0.013488,1,0,0
0.88,0.26,0.019428,1,0,0
0.9,0.26,0.045339,1,0,0
0.92,0.26,0.0317,1,0,0
0.94,0.26,0.035756,1,0,0
0.96,0.26,0.034904,1,0,0
0.98,0.26,0.046897,1,0,0
0.02,0.28,0.025938,1,0,0
0.04,0.28,0.046,1,0,0
0.06,0.28,0.057996,1,0,0
0.08,0.28,0.055174,1,0,0
0.1,0.28,0.052179,1,0,0
0.12,0.28,0.039247,1,0,0
0.14,0.28,0.071799,1,0,0
0.16,0.28,0.060304,1,0,0
0.18,0.28,0.068477,1,0,0
0.2,0.28,0.041098,1,0,0
0.22,0.28,0.046663,1,0,0
0.24,0.28,0.033672,1,0,0
0.26,0.28,0.044652,1,0,0
0.28,0.28,0.051491,1,0,0
0.3,0.28,0.069117,1,0,0
0.32,0.28,0.064828,1,0,0
0.34,0.28,0.094365,1,0,0
0.36,0.28,0.055374,1,0,0
0.38,0.28,0.066483,1,0,0
0.4,0.28,0.068613,1,0,0
0.42,0.28,0.06649,1,0,0
0.44,0.28,0.078321,1,0,0
0.46,0.28,0.082719,1,0,0
0.48,0.28,0.11364,1,0,0
0.5,0.28,0.10164,1,0,0
0.52,0.28,0.095537,1,0,0
0.54,0.28,0.078616,1,0,0
0.56,0.28,0.03462,1,0,0
0.58,0.28,0.05075,1,0,0
0.6,0.28,0.051882,1,0,0
0.62,0.28,0.042976,1,0,0
0.64,0.28,0.019289,1,0,0
0.66,0.28,0.0048612,1,0,0
0.68,0.28,-0.013939,1,0,0
0.7,0.28,-0.013072,1,0,0
0.72,0.28,0.00057936,1,0,0
0.74,0.28,0.037128,1,0,0
0.76,0.28,0.041464,1,0,0
0.78,0.28,0.031844,1,0,0
0.8,0.28,0.048501,1,0,0
0.82,0.28,0.036179,1,0,0
0.84,0.28,0.032074,1,0,0
0.86,0.28,0.023984,1,0,0
0.88,0.28,0.033113,1,0,0
0.9,0.28,0.025183,1,0,0
0.92,0.28,0.051264,1,0,0
0.94,0.28,0.012646,1,0,0
0.96,0.28,0.030378,1,0,0
0.98,0.28,0.02768,1,0,0
0.02,0.3,0.0078012,1,0,0
0.04,0.3,0.034238,1,0,0
0.06,0.3,0.046746,1,0,0
0.08,0.3,0.04684,1,0,0
0.1,0.3,0.051094,1,0,0
0.12,0.3,0.014234,1,0,0
0.14,0.3,0.056401,1,0,0
0.16,0.3,0.06394,1,0,0
0.18,0.3,0.066652,1,0,0
0.2,0.3,0.061532,1,0,0
0.22,0.3,0.054548,1,0,0
0.24,0.3,0.04013,1,0,0
0.26,0.3,0.031246,1,0,0
0.28,0.3,0.045909,1,0,0
0.3,0.3,0.066456,1,0,0
0.32,0.3,0.06852,1,0,0
0.34,0.3,0.078516,1,0,0
0.36,0.3,0.070179,1,0,0
0.38,0.3,0.068348,1,0,0
0.4,0.3,0.072025,1,0,0
0.42,0.3,0.057897,1,0,0
0.44,0.3,0.061179,1,0,0
0.46,0.3,0.096812,1,0,0
0.48,0.3,0.10652,1,0,0
0.5,0.3,0.099556,1,0,0
0.52,0.3,0.066908,1,0,0
0.54,0.3,0.041833,1,0,0
0.56,0.3,0.029834,1,0,0
0.58,0.3,0.054175,1,0,0
0.6,0.3,0.019866,1,0,0
0.62,0.3,0.0093128,1,0,0
0.64,0.3,-0.0054702,1,0,0
0.66,0.3,-0.021429,1,0,0
0.68,0.3,-0.011494,1,0,0
0.7,0.3,-0.0098714,1,0,0
0.72,0.3,0.022097,1,0,0
0.74,0.3,0.033783,1,0,0
0.76,0.3,0.038891,1,0,0
0.78,0.3,0.042864,1,0,0
0.8,0.3,0.028316,1,0,0
0.82,0.3,0.02381,1,0,0
0.84,0.3,0.038368,1,0,0
0.86,0.3,0.021506,1,0,0
0.88,0.3,0.018047,1,0,0
0.9,0.3,0.013339,1,0,0
0.92,0.3,0.015993,1,0,0
0.94,0.3,0.006708,1,0,0
0.96,0.3,0.022294,1,0,0
0.98,0.3,0.02953,1,0,0
0.02,0.32,0.024935,1,0,0
0.04,0.32,0.025339,1,0,0
0.06,0.32,0.016141,1,0,0
0.08,0.32,0.033328,1,0,0
0.1,0.32,0.028231,1,0,0
0.12,0.32,0.041538,1,0,0
0.14,0.32,0.049667,1,0,0
0.16,0.32,0.066205,1,0,0
0.18,0.32,0.047741,1,0,0
0.2,0.32,0.037172,1,0,0
0.22,0.32,0.052894,1,0,0
0.24,0.32,0.040081,1,0,0
0.26,0.32,0.029323,1,0,0
0.28,0.32,0.04751,1,0,0
0.3,0.32,0.052333,1,0,0
0.32,0.32,0.064622,1,0,0
0.34,0.32,0.066012,1,0,0
0.36,0.32,0.063812,1,0,0
0.38,0.32,0.070041,1,0,0
0.4,0.32,0.078892,1,0,0
0.42,0.32,0.072179,1,0,0
0.44,0.32,0.072232,1,0,0
0.46,0.32,0.080077,1,0,0
0.48,0.32,0.076204,1,0,0
0.5,0.32,0.08237,1,0,0
0.52,0.32,0.062641,1,0,0
0.54,0.32,0.028462,1,0,0
0.56,0.32,0.0038546,1,0,0
0.58,0.32,0.0064772,1,0,0
0.6,0.32,-0.0025991,1,0,0
0.62,0.32,-0.029609,1,0,0
0.64,0.32,-0.0088996,1,0,0
0.66,0.32,-0.0074461,1,0,0
0.68,0.32,-0.015261,1,0,0
0.7,0.32,0.002462,1,0,0
0.72,0.32,0.017099,1,0,0
0.74,0.32,0.027902,1,0,0
0.76,0.32,0.033449,1,0,0
0.78,0.32,0.026169,1,0,0
0.8,0.32,0.023183,1,0,0
0.82,0.32,-0.001014,1,0,0
0.84,0.32,0.028966,1,0,0
0.86,0.32,0.024705,1,0,0
0.88,0.32,0.0049158,1,0,0
0.9,0.32,0.0077733,1,0,0
0.92,0.32,0.015849,1,0,0
0.94,0.32,0.011107,1,0,0
0.96,0.32,0.0031771,1,0,0
0.98,0.32,0.0051615,1,0,0
0.02,0.34,0.021631,1,0,0
0.04,0.34,0.040024,1,0,0
0.06,0.34,0.020908,1,0,0
0.08,0.34,0.02827,1,0,0
0.1,0.34,0.040662,1,0,0
0.12,0.34,0.036475,1,0,0
0.14,0.34,0.044573,1,0,0
0.16,0.34,0.030065,1,0,0
0.18,0.34,0.013437,1,0,0
0.2,0.34,0.044174,1,0,0
0.22,0.34,0.046222,1,0,0
0.24,0.34,0.036801,1,0,0
0.26,0.34,0.030005,1,0,0
0.28,0.34,0.041484,1,0,0
0.3,0.34,0.047561,1,0,0
0.32,0.34,0.066708,1,0,0
0.34,0.34,0.077457,1,0,0
0.36,0.34,0.06459,1,0,0
0.38,0.34,0.055366,1,0,0
0.4,0.34,0.074159,1,0,0
0.42,0.34,0.075619,1,0,0
0.44,0.34,0.089359,1,0,0
0.46,0.34,0.075572,1,0,0
0.48,0.34,0.07829,1,0,0
0.5,0.34,0.049233,1,0,0
0.52,0.34,0.038019,1,0,0
0.54,0.34,-0.010682,1,0,0
0.56,0.34,-0.017762,1,0,0
0.58,0.34,-0.01113,1,0,0
0.6,0.34,-0.0074923,1,0,0
0.62,0.34,-0.012296,1,0,0
0.64,0.34,-0.0047272,1,0,0
0.66,0.34,0.010712,1,0,0
0.68,0.34,0.017737,1,0,0
0.7,0.34,0.010734,1,0,0
0.72,0.34,0.0058084,1,0,0
0.74,0.34,0.01278,1,0,0
0.76,0.34,0.00063324,1,0,0
0.78,0.34,0.0045804,1,0,0
0.8,0.34,-0.012981,1,0,0
0.82,0.34,-0.0026014,1,0,0
0.84,0.34,0.030799,1,0,0
0.86,0.34,0.029404,1,0,0
0.88,0.34,0.023824,1,0,0
0.9,0.34,0.0033463,1,0,0
0.92,0.34,0.010995,1,0,0
0.94,0.34,0.015323,1,0,0
0.96,0.34,0.0071853,1,0,0
0.98,0.34,0.0025762,1,0,0
0.02,0.36,0.062533,1,0,0
0.04,0.36,0.066964,1,0,0
0.06,0.36,0.05325,1,0,0
0.08,0.36,0.046644,1,0,0
0.1,0.36,0.072505,1,0,0
0.12,0.36,0.066418,1,0,0
0.14,0.36,0.075314,1,0,0
0.16,0.36,0.07859,1,0,0
0.18,0.36,0.052608,1,0,0
0.2,0.36,0.061407,1,0,0
0.22,0.36,0.062321,1,0,0
0.24,0.36,0.058619,1,0,0
0.26,0.36,0.025267,1,0,0
0.28,0.36,0.05194,1,0,0
0.3,0.36,0.059066,1,0,0
0.32,0.36,0.084495,1,0,0
0.34,0.36,0.081774,1,0,0
0.36,0.36,0.071049,1,0,0
0.38,0.36,0.097832,1,0,0
0.4,0.36,0.086218,1,0,0
0.42,0.36,0.077619,1,0,0
0.44,0.36,0.096129,1,0,0
0.46,0.36,0.083824,1,0,0
0.48,0.36,0.090552,1,0,0
0.5,0.36,0.085049,1,0,0
0.52,0.36,0.036461,1,0,0
0.54,0.36,0.012963,1,0,0
0.56,0.36,0.0093997,1,0,0
0.58,0.36,0.007706,1,0,0
0.6,0.36,-0.00090045,1,0,0
0.62,0.36,-0.0067399,1,0,0
0.64,0.36,0.012593,1,0,0
0.66,0.36,0.02017,1,0,0
0.68,0.36,0.04649,1,0,0
0.7,0.36,0.012798,1,0,0
0.72,0.36,0.011386,1,0,0
0.74,0.36,0.033463,1,0,0
0.76,0.36,0.054911,1,0,0
0.78,0.36,0.029158,1,0,0
0.8,0.36,0.0024332,1,0,0
0.82,0.36,0.010195,1,0,0
0.84,0.36,0.0087119,1,0,0
0.86,0.36,0.024157,1,0,0
0.88,0.36,0.04929,1,0,0
0.9,0.36,0.060727,1,0,0
0.92,0.36,0.036509,1,0,0
0.94,0.36,0.032559,1,0,0
0.96,0.36,0.047206,1,0,0
0.98,0.36,0.034225,1,0,0
0.02,0.38,0.045504,1,0,0
0.04,0.38,0.056966,1,0,0
0.06,0.38,0.053638,1,0,0
0.08,0.38,0.06846,1,0,0
0.1,0.38,0.061956,1,0,0
0.12,0.38,0.077982,1,0,0
0.14,0.38,0.08438,1,0,0
0.16,0.38,0.070742,1,0,0
0.18,0.38,0.065856,1,0,0
0.2,0.38,0.072666,1,0,0
0.22,0.38,0.071801,1,0,0
0.24,0.38,0.037615,1,0,0
0.26,0.38,0.037658,1,0,0
0.28,0.38,0.015691,1,0,0
0.3,0.38,0.044533,1,0,0
0.32,0.38,0.073265,1,0,0
0.34,0.38,0.063708,1,0,0
0.36,0.38,0.055485,1,0,0
0.38,0.38,0.068029,1,0,0
0.4,0.38,0.072443,1,0,0
0.42,0.38,0.063448,1,0,0
0.44,0.38,0.078301,1,0,0
0.46,0.38,0.10446,1,0,0
0.48,0.38,0.10447,1,0,0
0.5,0.38,0.086109,1,0,0
0.52,0.38,0.043782,1,0,0
0.54,0.38,0.027833,1,0,0
0.56,0.38,0.02684,1,0,0
0.58,0.38,0.019104,1,0,0
0.6,0.38,0.0070504,1,0,0
0.62,0.38,-0.00072271,1,0,0
0.64,0.38,-0.0088332,1,0,0
0.66,0.38,0.024265,1,0,0
0.68,0.38,0.036154,1,0,0
0.7,0.38,0.018603,1,0,0
0.72,0.38,0.018585,1,0,0
0.74,0.38,0.057295,1,0,0
0.76,0.38,0.060407,1,0,0
0.78,0.38,0.036524,1,0,0
0.8,0.38,0.018639,1,0,0
0.82,0.38,-0.0029862,1,0,0
0.84,0.38,0.021732,1,0,0
0.86,0.38,0.023641,1,0,0
0.88,0.38,0.046148,1,0,0
0.9,0.38,0.036566,1,0,0
0.92,0.38,0.04211,1,0,0
0.94,0.38,0.041959,1,0,0
0.96,0.38,0.034645,1,0,0
0.98,0.38,0.033439,1,0,0
0.02,0.4,0.06163,1,0,0
0.04,0.4,0.064158,1,0,0
0.06,0.4,0.075387,1,0,0
0.08,0.4,0.065302,1,0,0
0.1,0.4,0.094484,1,0,0
0.12,0.4,0.092793,1,0,0
0.14,0.4,0.097135,1,0,0
0.16,0.4,0.066035,1,0,0
0.18,0.4,0.067907,1,0,0
0.2,0.4,0.04787,1,0,0
0.22,0.4,0.069344,1,0,0
0.24,0.4,0.051423,1,0,0
0.26,0.4,0.053392,1,0,0
0.28,0.4,0.030365,1,0,0
0.3,0.4,0.04073,1,0,0
0.32,0.4,0.047396,1,0,0
0.34,0.4,0.032492,1,0,0
0.36,0.4,0.025447,1,0,0
0.38,0.4,0.053611,1,0,0
0.4,0.4,0.058717,1,0,0
0.42,0.4,0.068826,1,0,0
0.44,0.4,0.084238,1,0,0
0.46,0.4,0.074008,1,0,0
0.48,0.4,0.078823,1,0,0
0.5,0.4,0.10178,1,0,0
0.52,0.4,0.060384,1,0,0
0.54,0.4,0.044703,1,0,0
0.56,0.4,0.034517,1,0,0
0.58,0.4,0.019058,1,0,0
0.6,0.4,0.0095409,1,0,0
0.62,0.4,0.028251,1,0,0
0.64,0.4,0.010478,1,0,0
0.66,0.4,0.027401,1,0,0
0.68,0.4,0.038596,1,0,0
0.7,0.4,0.031544,1,0,0
0.72,0.4,0.018424,1,0,0
0.74,0.4,0.044761,1,0,0
0.76,0.4,0.051226,1,0,0
0.78,0.4,0.041176,1,0,0
0.8,0.4,0.026364,1,0,0
0.82,0.4,0.019207,1,0,0
0.84,0.4,0.048954,1,0,0
0.86,0.4,0.039427,1,0,0
0.88,0.4,0.043021,1,0,0
0.9,0.4,0.04115,1,0,0
0.92,0.4,0.052199,1,0,0
0.94,0.4,0.031995,1,0,0
0.96,0.4,0.02242,1,0,0
0.98,0.4,0.0042943,1,0,0
0.02,0.42,0.03746,1,0,0
0.04,0.42,0.041199,1,0,0
0.06,0.42,0.087849,1,0,0
0.08,0.42,0.088921,1,0,0
0.1,0.42,0.10537,1,0,0
0.12,0.42,0.096015,1,0,0
0.14,0.42,0.11019,1,0,0
0.16,0.42,0.055848,1,0,0
0.18,0.42,0.049393,1,0,0
0.2,0.42,0.056256,1,0,0
0.22,0.42,0.046457,1,0,0
0.24,0.42,0.031783,1,0,0
0.26,0.42,0.031126,1,0,0
0.28,0.42,0.017453,1,0,0
0.3,0.42,0.02161,1,0,0
0.32,0.42,0.019424,1,0,0
0.34,0.42,0.032637,1,0,0
0.36,0.42,0.019188,1,0,0
0.38,0.42,0.061688,1,0,0
0.4,0.42,0.046325,1,0,0
0.42,0.42,0.064694,1,0,0
0.44,0.42,0.059482,1,0,0
0.46,0.42,0.041849,1,0,0
0.48,0.42,0.053169,1,0,0
0.5,0.42,0.088044,1,0,0
0.52,0.42,0.063507,1,0,0
0.54,0.42,0.056058,1,0,0
0.56,0.42,0.044273,1,0,0
0.58,0.42,0.050625,1,0,0
0.6,0.42,0.026909,1,0,0
0.62,0.42,0.014886,1,0,0
0.64,0.42,0.0078114,1,0,0
0.66,0.42,0.010397,1,0,0
0.68,0.42,0.040582,1,0,0
0.7,0.42,0.04278,1,0,0
0.72,0.42,0.064387,1,0,0
0.74,0.42,0.065888,1,0,0
0.76,0.42,0.057751,1,0,0
0.78,0.42,0.03645,1,0,0
0.8,0.42,0.037733,1,0,0
0.82,0.42,0.029492,1,0,0
0.84,0.42,0.035556,1,0,0
0.86,0.42,0.05223,1,0,0
0.88,0.42,0.041782,1,0,0
0.9,0.42,0.015485,1,0,0
0.92,0.42,0.053641,1,0,0
0.94,0.42,0.044661,1,0,0
0.96,0.42,0.016461,1,0,0
0.98,0.42,0.0089064,1,0,0
0.02,0.44,0.01754,1,0,0
0.04,0.44,0.048023,1,0,0
0.06,0.44,0.084369,1,0,0
0.08,0.44,0.10881,1,0,0
0.1,0.44,0.0974,1,0,0
0.12,0.44,0.094453,1,0,0
0.14,0.44,0.092282,1,0,0
0.16,0.44,0.068076,1,0,0
0.18,0.44,0.046269,1,0,0
0.2,0.44,0.029991,1,0,0
0.22,0.44,0.035203,1,0,0
0.24,0.44,0.015319,1,0,0
0.26,0.44,0.036903,1,0,0
0.28,0.44,0.017178,1,0,0
0.3,0.44,0.023177,1,0,0
0.32,0.44,-0.00022482,1,0,0
0.34,0.44,0.0083749,1,0,0
0.36,0.44,0.018763,1,0,0
0.38,0.44,0.065003,1,0,0
0.4,0.44,0.060392,1,0,0
0.42,0.44,0.048606,1,0,0
0.44,0.44,0.043686,1,0,0
0.46,0.44,0.038358,1,0,0
0.48,0.44,0.05145,1,0,0
0.5,0.44,0.083019,1,0,0
0.52,0.44,0.074687,1,0,0
0.54,0.44,0.047535,1,0,0
0.56,0.44,0.072256,1,0,0
0.58,0.44,0.058032,1,0,0
0.6,0.44,0.033253,1,0,0
0.62,0.44,0.017488,1,0,0
0.64,0.44,0.02178,1,0,0
0.66,0.44,0.038297,1,0,0
0.68,0.44,0.061802,1,0,0
0.7,0.44,0.062344,1,0,0
0.72,0.44,0.081266,1,0,0
0.74,0.44,0.093685,1,0,0
0.76,0.44,0.072263,1,0,0
0.78,0.44,0.059059,1,0,0
0.8,0.44,0.058723,1,0,0
0.82,0.44,0.037768,1,0,0
0.84,0.44,0.047846,1,0,0
0.86,0.44,0.04737,1,0,0
0.88,0.44,0.057419,1,0,0
0.9,0.44,0.039481,1,0,0
0.92,0.44,0.040483,1,0,0
0.94,0.44,0.031454,1,0,0
0.96,0.44,0.011893,1,0,0
0.98,0.44,0.0041134,1,0,0
0.02,0.46,0.046942,1,0,0
0.04,0.46,0.049768,1,0,0
0.06,0.46,0.071205,1,0,0
0.08,0.46,0.098464,1,0,0
0.1,0.46,0.093595,1,0,0
0.12,0.46,0.076332,1,0,0
0.14,0.46,0.065938,1,0,0
0.16,0.46,0.052143,1,0,0
0.18,0.46,0.035847,1,0,0
0.2,0.46,0.0066168,1,0,0
0.22,0.46,0.02307,1,0,0
0.24,0.46,0.02978,1,0,0
0.26,0.46,0.024569,1,0,0
0.28,0.46,0.0076163,1,0,0
0.3,0.46,0.0096308,1,0,0
0.32,0.46,0.0092458,1,0,0
0.34,0.46,-0.0057427,1,0,0
0.36,0.46,0.0084843,1,0,0
0.38,0.46,0.025438,1,0,0
0.4,0.46,0.036398,1,0,0
0.42,0.46,0.033405,1,0,0
0.44,0.46,0.033722,1,0,0
0.46,0.46,0.042863,1,0,0
0.48,0.46,0.050944,1,0,0
0.5,0.46,0.062039,1,0,0
0.52,0.46,0.065129,1,0,0
0.54,0.46,0.052114,1,0,0
0.56,0.46,0.054786,1,0,0
0.58,0.46,0.039763,1,0,0
0.6,0.46,0.045048,1,0,0
0.62,0.46,0.02423,1,0,0
0.64,0.46,0.042389,1,0,0
0.66,0.46,0.033519,1,0,0
0.68,0.46,0.0608,1,0,0
0.7,0.46,0.071414,1,0,0
0.72,0.46,0.071523,1,0,0
0.74,0.46,0.084229,1,0,0
0.76,0.46,0.084884,1,0,0
0.78,0.46,0.054868,1,0,0
0.8,0.46,0.063243,1,0,0
0.82,0.46,0.077709,1,0,0
0.84,0.46,0.068504,1,0,0
0.86,0.46,0.056206,1,0,0
0.88,0.46,0.038485,1,0,0
0.9,0.46,0.04543,1,0,0
0.92,0.46,0.025959,1,0,0
0.94,0.46,0.011789,1,0,0
0.96,0.46,0.0035311,1,0,0
0.98,0.46,-0.0027188,1,0,0
0.02,0.48,0.052934,1,0,0
0.04,0.48,0.05147,1,0,0
0.06,0.48,0.037164,1,0,0
0.08,0.48,0.05142,1,0,0
0.1,0.48,0.064663,1,0,0
0.12,0.48,0.046772,1,0,0
0.14,0.48,0.056321,1,0,0
0.16,0.48,0.047713,1,0,0
0.18,0.48,0.014674,1,0,0
0.2,0.48,0.0092925,1,0,0
0.22,0.48,0.0082366,1,0,0
0.24,0.48,0.023187,1,0,0
0.26,0.48,0.018783,1,0,0
0.28,0.48,0.0034008,1,0,0
0.3,0.48,-0.0080651,1,0,0
0.32,0.48,-0.00092808,1,0,0
0.34,0.48,0.0080604,1,0,0
0.36,0.48,-0.015969,1,0,0
0.38,0.48,-0.0066126,1,0,0
0.4,0.48,0.021753,1,0,0
0.42,0.48,0.016894,1,0,0
0.44,0.48,0.032199,1,0,0
0.46,0.48,0.046795,1,0,0
0.48,0.48,0.056202,1,0,0
0.5,0.48,0.065093,1,0,0
0.52,0.48,0.10135,1,0,0
0.54,0.48,0.080172,1,0,0
0.56,0.48,0.049836,1,0,0
0.58,0.48,0.035654,1,0,0
0.6,0.48,0.033978,1,0,0
0.62,0.48,0.042094,1,0,0
0.64,0.48,0.036667,1,0,0
0.66,0.48,0.037443,1,0,0
0.68,0.48,0.07018,1,0,0
0.7,0.48,0.062845,1,0,0
0.72,0.48,0.085385,1,0,0
0.74,0.48,0.090996,1,0,0
0.76,0.48,0.096425,1,0,0
0.78,0.48,0.091156,1,0,0
0.8,0.48,0.079799,1,0,0
0.82,0.48,0.074616,1,0,0
0.84,0.48,0.070794,1,0,0
0.86,0.48,0.044524,1,0,0
0.88,0.48,0.040213,1,0,0
0.9,0.48,0.044548,1,0,0
0.92,0.48,0.048793,1,0,0
0.94,0.48,0.021653,1,0,0
0.96,0.48,-0.0097441,1,0,0
0.98,0.48,-0.02159,1,0,0
0.02,0.5,0.043878,1,0,0
0.04,0.5,0.029305,1,0,0
0.06,0.5,0.021358,1,0,0
0.08,0.5,0.028568,1,0,0
0.1,0.5,0.03478,1,0,0
0.12,0.5,0.018422,1,0,0
0.14,0.5,0.029766,1,0,0
0.16,0.5,0.02838,1,0,0
0.18,0.5,0.015108,1,0,0
0.2,0.5,-0.00745,1,0,0
0.22,0.5,0.0090232,1,0,0
0.24,0.5,0.0055002,1,0,0
0.26,0.5,-0.011069,1,0,0
0.28,0.5,-0.023563,1,0,0
0.3,0.5,-0.031138,1,0,0
0.32,0.5,-0.023548,1,0,0
0.34,0.5,-0.011369,1,0,0
0.36,0.5,-0.018287,1,0,0
0.38,0.5,-0.019651,1,0,0
0.4,0.5,-0.012875,1,0,0
0.42,0.5,-0.00079704,1,0,0
0.44,0.5,0.034708,1,0,0
0.46,0.5,0.040204,1,0,0
0.48,0.5,0.057484,1,0,0
0.5,0.5,0.066674,1,0,0
0.52,0.5,0.077644,1,0,0
0.54,0.5,0.065967,1,0,0
0.56,0.5,0.046869,1,0,0
0.58,0.5,0.049656,1,0,0
0.6,0.5,0.020048,1,0,0
0.62,0.5,0.016761,1,0,0
0.64,0.5,0.034189,1,0,0
0.66,0.5,0.035815,1,0,0
0.68,0.5,0.036477,1,0,0
0.7,0.5,0.06782,1,0,0
0.72,0.5,0.063552,1,0,0
0.74,0.5,0.072499,1,0,0
0.76,0.5,0.09754,1,0,0
0.78,0.5,0.083138,1,0,0
0.8,0.5,0.078679,1,0,0
0.82,0.5,0.065505,1,0,0
0.84,0.5,0.054179,1,0,0
0.86,0.5,0.039806,1,0,0
0.88,0.5,0.037565,1,0,0
0.9,0.5,0.031424,1,0,0
0.92,0.5,0.037454,1,0,0
0.94,0.5,-0.00013443,1,0,0
0.96,0.5,0.0056517,1,0,0
0.98,0.5,-0.0071746,1,0,0
0.02,0.52,0.035629,1,0,0
0.04,0.52,0.035392,1,0,0
0.06,0.52,0.061253,1,0,0
0.08,0.52,0.046144,1,0,0
0.1,0.52,0.035932,1,0,0
0.12,0.52,0.02343,1,0,0
0.14,0.52,0.042961,1,0,0
0.16,0.52,0.0081329,1,0,0
0.18,0.52,-0.018597,1,0,0
0.2,0.52,-0.01835,1,0,0
0.22,0.52,0.0032266,1,0,0
0.24,0.52,-0.0096678,1,0,0
0.26,0.52,0.014147,1,0,0
0.28,0.52,0.010669,1,0,0
0.3,0.52,-0.014011,1,0,0
0.32,0.52,-0.018701,1,0,0
0.34,0.52,-0.0041013,1,0,0
0.36,0.52,-0.001804,1,0,0
0.38,0.52,-0.019711,1,0,0
0.4,0.52,0.0025863,1,0,0
0.42,0.52,0.023928,1,0,0
0.44,0.52,0.028112,1,0,0
0.46,0.52,0.074209,1,0,0
0.48,0.52,0.0642,1,0,0
0.5,0.52,0.083755,1,0,0
0.52,0.52,0.077881,1,0,0
0.54,0.52,0.069485,1,0,0
0.56,0.52,0.067206,1,0,0
0.58,0.52,0.06036,1,0,0
0.6,0.52,0.02862,1,0,0
0.62,0.52,0.033205,1,0,0
0.64,0.52,0.058847,1,0,0
0.66,0.52,0.085837,1,0,0
0.68,0.52,0.074217,1,0,0
0.7,0.52,0.05723,1,0,0
0.72,0.52,0.069148,1,0,0
0.74,0.52,0.067148,1,0,0
0.76,0.52,0.060815,1,0,0
0.78,0.52,0.082333,1,0,0
0.8,0.52,0.085791,1,0,0
0.82,0.52,0.063829,1,0,0
0.84,0.52,0.075905,1,0,0
0.86,0.52,0.073878,1,0,0
0.88,0.52,0.070795,1,0,0
0.9,0.52,0.059203,1,0,0
0.92,0.52,0.037818,1,0,0
0.94,0.52,0.02756,1,0,0
0.96,0.52,0.025223,1,0,0
0.98,0.52,0.015756,1,0,0
0.02,0.54,0.046139,1,0,0
0.04,0.54,0.037565,1,0,0
0.06,0.54,0.029816,1,0,0
0.08,0.54,0.03417,1,0,0
0.1,0.54,0.030554,1,0,0
0.12,0.54,0.029516,1,0,0
0.14,0.54,0.024407,1,0,0
0.16,0.54,0.0082248,1,0,0
0.18,0.54,-0.027228,1,0,0
0.2,0.54,-0.037956,1,0,0
0.22,0.54,-0.0056636,1,0,0
0.24,0.54,-0.0018817,1,0,0
0.26,0.54,0.0034917,1,0,0
0.28,0.54,-0.0034233,1,0,0
0.3,0.54,0.010369,1,0,0
0.32,0.54,-0.00019053,1,0,0
0.34,0.54,0.030571,1,0,0
0.36,0.54,0.0061923,1,0,0
0.38,0.54,0.016755,1,0,0
0.4,0.54,0.0090795,1,0,0
0.42,0.54,0.040113,1,0,0
0.44,0.54,0.043146,1,0,0
0.46,0.54,0.04645,1,0,0
0.48,0.54,0.059562,1,0,0
0.5,0.54,0.081686,1,0,0
0.52,0.54,0.093067,1,0,0
0.54,0.54,0.10116,1,0,0
0.56,0.54,0.077263,1,0,0
0.58,0.54,0.068978,1,0,0
0.6,0.54,0.052804,1,0,0
0.62,0.54,0.052068,1,0,0
0.64,0.54,0.060474,1,0,0
0.66,0.54,0.073621,1,0,0
0.68,0.54,0.073575,1,0,0
0.7,0.54,0.078033,1,0,0
0.72,0.54,0.080852,1,0,0
0.74,0.54,0.077068,1,0,0
0.76,0.54,0.071921,1,0,0
0.78,0.54,0.063803,1,0,0
0.8,0.54,0.080127,1,0,0
0.82,0.54,0.085001,1,0,0
0.84,0.54,0.083122,1,0,0
0.86,0.54,0.06555,1,0,0
0.88,0.54,0.064815,1,0,0
0.9,0.54,0.05948,1,0,0
0.92,0.54,0.075531,1,0,0
0.94,0.54,0.043712,1,0,0
0.96,0.54,0.07025,1,0,0
0.98,0.54,0.048891,1,0,0
0.02,0.56,0.049714,1,0,0
0.04,0.56,0.045471,1,0,0
0.06,0.56,0.021926,1,0,0
0.08,0.56,0.0052092,1,0,0
0.1,0.56,0.034902,1,0,0
0.12,0.56,0.0023074,1,0,0
0.14,0.56,0.0027075,1,0,0
0.16,0.56,0.0075542,1,0,0
0.18,0.56,-0.014449,1,0,0
0.2,0.56,-0.024923,1,0,0
0.22,0.56,-0.019367,1,0,0
0.24,0.56,0.0056695,1,0,0
0.26,0.56,0.0078653,1,0,0
0.28,0.56,0.0020841,1,0,0
0.3,0.56,0.011602,1,0,0
0.32,0.56,0.022822,1,0,0
0.34,0.56,0.029261,1,0,0
0.36,0.56,0.010586,1,0,0
0.38,0.56,0.033315,1,0,0
0.4,0.56,0.029081,1,0,0
0.42,0.56,0.039327,1,0,0
0.44,0.56,0.045976,1,0,0
0.46,0.56,0.05097,1,0,0
0.48,0.56,0.063372,1,0,0
0.5,0.56,0.082113,1,0,0
0.52,0.56,0.096514,1,0,0
0.54,0.56,0.092159,1,0,0
0.56,0.56,0.070541,1,0,0
0.58,0.56,0.051228,1,0,0
0.6,0.56,0.055235,1,0,0
0.62,0.56,0.067615,1,0,0
0.64,0.56,0.039049,1,0,0
0.66,0.56,0.049514,1,0,0
0.68,0.56,0.078238,1,0,0
0.7,0.56,0.063184,1,0,0
0.72,0.56,0.072922,1,0,0
0.74,0.56,0.079472,1,0,0
0.76,0.56,0.08354,1,0,0
0.78,0.56,0.088062,1,0,0
0.8,0.56,0.079388,1,0,0
0.82,0.56,0.092955,1,0,0
0.84,0.56,0.094142,1,0,0
0.86,0.56,0.065894,1,0,0
0.88,0.56,0.051876,1,0,0
0.9,0.56,0.055578,1,0,0
0.92,0.56,0.072705,1,0,0
0.94,0.56,0.048807,1,0,0
0.96,0.56,0.056525,1,0,0
0.98,0.56,0.053532,1,0,0
0.02,0.58,0.034467,1,0,0
0.04,0.58,0.021454,1,0,0
0.06,0.58,0.024699,1,0,0
0.08,0.58,0.011122,1,0,0
0.1,0.58,-0.0048742,1,0,0
0.12,0.58,-0.022272,1,0,0
0.14,0.58,-0.029484,1,0,0
0.16,0.58,-0.013558,1,0,0
0.18,0.58,-0.018226,1,0,0
0.2,0.58,-0.034759,1,0,0
0.22,0.58,-0.026274,1,0,0
0.24,0.58,-0.0114,1,0,0
0.26,0.58,0.0058741,1,0,0
0.28,0.58,0.024517,1,0,0
0.3,0.58,0.03042,1,0,0
0.32,0.58,0.058818,1,0,0
0.34,0.58,0.028778,1,0,0
0.36,0.58,0.035696,1,0,0
0.38,0.58,0.03882,1,0,0
0.4,0.58,0.034208,1,0,0
0.42,0.58,0.02051,1,0,0
0.44,0.58,0.035468,1,0,0
0.46,0.58,0.054004,1,0,0
0.48,0.58,0.079142,1,0,0
0.5,0.58,0.087591,1,0,0
0.52,0.58,0.075909,1,0,0
0.54,0.58,0.070807,1,0,0
0.56,0.58,0.067532,1,0,0
0.58,0.58,0.056647,1,0,0
0.6,0.58,0.077648,1,0,0
0.62,0.58,0.063588,1,0,0
0.64,0.58,0.041514,1,0,0
0.66,0.58,0.060415,1,0,0
0.68,0.58,0.065449,1,0,0
0.7,0.58,0.051156,1,0,0
0.72,0.58,0.062281,1,0,0
0.74,0.58,0.088266,1,0,0
0.76,0.58,0.094648,1,0,0
0.78,0.58,0.088975,1,0,0
0.8,0.58,0.10431,1,0,0
0.82,0.58,0.089516,1,0,0
0.84,0.58,0.085307,1,0,0
0.86,0.58,0.075449,1,0,0
0.88,0.58,0.044813,1,0,0
0.9,0.58,0.04386,1,0,0
0.92,0.58,0.053971,1,0,0
0.94,0.58,0.047478,1,0,0
0.96,0.58,0.046298,1,0,0
0.98,0.58,0.055875,1,0,0
0.02,0.6,0.040584,1,0,0
0.04,0.6,0.058329,1,0,0
0.06,0.6,0.045273,1,0,0
0.08,0.6,0.025944,1,0,0
0.1,0.6,-0.0024862,1,0,0
0.12,0.6,-0.005563,1,0,0
0.14,0.6,-0.014865,1,0,0
0.16,0.6,-0.0033812,1,0,0
0.18,0.6,-0.020928,1,0,0
0.2,0.6,-0.023178,1,0,0
0.22,0.6,-0.0095402,1,0,0
0.24,0.6,-0.0019086,1,0,0
0.26,0.6,0.012558,1,0,0
0.28,0.6,0.044182,1,0,0
0.3,0.6,0.076877,1,0,0
0.32,0.6,0.08019,1,0,0
0.34,0.6,0.054758,1,0,0
0.36,0.6,0.080745,1,0,0
0.38,0.6,0.066316,1,0,0
0.4,0.6,0.051793,1,0,0
0.42,0.6,0.039134,1,0,0
0.44,0.6,0.05459,1,0,0
0.46,0.6,0.040838,1,0,0
0.48,0.6,0.083579,1,0,0
0.5,0.6,0.10499,1,0,0
0.52,0.6,0.081106,1,0,0
0.54,0.6,0.058155,1,0,0
0.56,0.6,0.084591,1,0,0
0.58,0.6,0.083596,1,0,0
0.6,0.6,0.075403,1,0,0
0.62,0.6,0.07719,1,0,0
0.64,0.6,0.063984,1,0,0
0.66,0.6,0.076121,1,0,0
0.68,0.6,0.074586,1,0,0
0.7,0.6,0.05982,1,0,0
0.72,0.6,0.090863,1,0,0
0.74,0.6,0.10586,1,0,0
0.76,0.6,0.10699,1,0,0
0.78,0.6,0.10722,1,0,0
0.8,0.6,0.10778,1,0,0
0.82,0.6,0.084835,1,0,0
0.84,0.6,0.08876,1,0,0
0.86,0.6,0.07479,1,0,0
0.88,0.6,0.067547,1,0,0
0.9,0.6,0.066715,1,0,0
0.92,0.6,0.07864,1,0,0
0.94,0.6,0.07295,1,0,0
0.96,0.6,0.070239,1,0,0
0.98,0.6,0.06185,1,0,0
0.02,0.62,0.071093,1,0,0
0.04,0.62,0.060449,1,0,0
0.06,0.62,0.058715,1,0,0
0.08,0.62,0.0093586,1,0,0
0.1,0.62,0.010232,1,0,0
0.12,0.62,0.0070617,1,0,0
0.14,0.62,0.018405,1,0,0
0.16,0.62,-0.013912,1,0,0
0.18,0.62,-0.019845,1,0,0
0.2,0.62,0.010412,1,0,0
0.22,0.62,0.012738,1,0,0
0.24,0.62,0.010518,1,0,0
0.26,0.62,0.011457,1,0,0
0.28,0.62,0.03716,1,0,0
0.3,0.62,0.051406,1,0,0
0.32,0.62,0.080294,1,0,0
0.34,0.62,0.085675,1,0,0
0.36,0.62,0.080569,1,0,0
0.38,0.62,0.084214,1,0,0
0.4,0.62,0.082982,1,0,0
0.42,0.62,0.076983,1,0,0
0.44,0.62,0.070893,1,0,0
0.46,0.62,0.038343,1,0,0
0.48,0.62,0.062166,1,0,0
0.5,0.62,0.084403,1,0,0
0.52,0.62,0.083349,1,0,0
0.54,0.62,0.071141,1,0,0
0.56,0.62,0.080769,1,0,0
0.58,0.62,0.093621,1,0,0
0.6,0.62,0.094009,1,0,0
0.62,0.62,0.086752,1,0,0
0.64,0.62,0.074969,1,0,0
0.66,0.62,0.074075,1,0,0
0.68,0.62,0.080125,1,0,0
0.7,0.62,0.060308,1,0,0
0.72,0.62,0.10961,1,0,0
0.74,0.62,0.11299,1,0,0
0.76,0.62,0.10134,1,0,0
0.78,0.62,0.10467,1,0,0
0.8,0.62,0.099474,1,0,0
0.82,0.62,0.083082,1,0,0
0.84,0.62,0.076321,1,0,0
0.86,0.62,0.093848,1,0,0
0.88,0.62,0.065721,1,0,0
0.9,0.62,0.059083,1,0,0
0.92,0.62,0.10046,1,0,0
0.94,0.62,0.089883,1,0,0
0.96,0.62,0.063951,1,0,0
0.98,0.62,0.053269,1,0,0
0.02,0.64,0.089698,1,0,0
0.04,0.64,0.072795,1,0,0
0.06,0.64,0.056879,1,0,0
0.08,0.64,0.053866,1,0,0
0.1,0.64,0.050994,1,0,0
0.12,0.64,0.024292,1,0,0
0.14,0.64,0.0068722,1,0,0
0.16,0.64,-7.2083e-05,1,0,0
0.18,0.64,0.00040154,1,0,0
0.2,0.64,0.0068114,1,0,0
0.22,0.64,0.04641,1,0,0
0.24,0.64,0.038956,1,0,0
0.26,0.64,0.050763,1,0,0
0.28,0.64,0.044561,1,0,0
0.3,0.64,0.069231,1,0,0
0.32,0.64,0.074702,1,0,0
0.34,0.64,0.081475,1,0,0
0.36,0.64,0.076277,1,0,0
0.38,0.64,0.10228,1,0,0
0.4,0.64,0.083969,1,0,0
0.42,0.64,0.091323,1,0,0
0.44,0.64,0.084604,1,0,0
0.46,0.64,0.080995,1,0,0
0.48,0.64,0.087207,1,0,0
0.5,0.64,0.096225,1,0,0
0.52,0.64,0.08924,1,0,0
0.54,0.64,0.078933,1,0,0
0.56,0.64,0.10745,1,0,0
0.58,0.64,0.10764,1,0,0
0.6,0.64,0.1122,1,0,0
0.62,0.64,0.096813,1,0,0
0.64,0.64,0.08917,1,0,0
0.66,0.64,0.097954,1,0,0
0.68,0.64,0.11146,1,0,0
0.7,0.64,0.10281,1,0,0
0.72,0.64,0.086353,1,0,0
0.74,0.64,0.099256,1,0,0
0.76,0.64,0.11918,1,0,0
0.78,0.64,0.088841,1,0,0
0.8,0.64,0.075462,1,0,0
0.82,0.64,0.07258,1,0,0
0.84,0.64,0.10005,1,0,0
0.86,0.64,0.11257,1,0,0
0.88,0.64,0.11286,1,0,0
0.9,0.64,0.096608,1,0,0
0.92,0.64,0.095396,1,0,0
0.94,0.64,0.074551,1,0,0
0.96,0.64,0.076001,1,0,0
0.98,0.64,0.068263,1,0,0
0.02,0.66,0.09775,1,0,0
0.04,0.66,0.083298,1,0,0
0.06,0.66,0.059283,1,0,0
0.08,0.66,0.060061,1,0,0
0.1,0.66,0.051728,1,0,0
0.12,0.66,0.037241,1,0,0
0.14,0.66,0.028345,1,0,0
0.16,0.66,0.021186,1,0,0
0.18,0.66,0.02552,1,0,0
0.2,0.66,0.037871,1,0,0
0.22,0.66,0.074644,1,0,0
0.24,0.66,0.055647,1,0,0
0.26,0.66,0.068401,1,0,0
0.28,0.66,0.036818,1,0,0
0.3,0.66,0.059566,1,0,0
0.32,0.66,0.061759,1,0,0
0.34,0.66,0.076398,1,0,0
0.36,0.66,0.063539,1,0,0
0.38,0.66,0.092757,1,0,0
0.4,0.66,0.09787,1,0,0
0.42,0.66,0.092639,1,0,0
0.44,0.66,0.063797,1,0,0
0.46,0.66,0.10861,1,0,0
0.48,0.66,0.098826,1,0,0
0.5,0.66,0.095918,1,0,0
0.52,0.66,0.092335,1,0,0
0.54,0.66,0.099726,1,0,0
0.56,0.66,0.12709,1,0,0
0.58,0.66,0.11925,1,0,0
0.6,0.66,0.10672,1,0,0
0.62,0.66,0.091749,1,0,0
0.64,0.66,0.079255,1,0,0
0.66,0.66,0.08862,1,0,0
0.68,0.66,0.10878,1,0,0
0.7,0.66,0.079637,1,0,0
0.72,0.66,0.071931,1,0,0
0.74,0.66,0.091961,1,0,0
0.76,0.66,0.11848,1,0,0
0.78,0.66,0.083916,1,0,0
0.8,0.66,0.060193,1,0,0
0.82,0.66,0.058885,1,0,0
0.84,0.66,0.10181,1,0,0
0.86,0.66,0.10726,1,0,0
0.88,0.66,0.12308,1,0,0
0.9,0.66,0.11791,1,0,0
0.92,0.66,0.092005,1,0,0
0.94,0.66,0.07259,1,0,0
0.96,0.66,0.081227,1,0,0
0.98,0.66,0.073375,1,0,0
0.02,0.68,0.10084,1,0,0
0.04,0.68,0.069629,1,0,0
0.06,0.68,0.053487,1,0,0
0.08,0.68,0.02623,1,0,0
0.1,0.68,0.033697,1,0,0
0.12,0.68,0.018388,1,0,0
0.14,0.68,0.043014,1,0,0
0.16,0.68,0.027971,1,0,0
0.18,0.68,0.045362,1,0,0
0.2,0.68,0.062958,1,0,0
0.22,0.68,0.088928,1,0,0
0.24,0.68,0.069612,1,0,0
0.26,0.68,0.045518,1,0,0
0.28,0.68,0.026183,1,0,0
0.3,0.68,0.03703,1,0,0
0.32,0.68,0.052955,1,0,0
0.34,0.68,0.063156,1,0,0
0.36,0.68,0.050359,1,0,0
0.38,0.68,0.082347,1,0,0
0.4,0.68,0.097737,1,0,0
0.42,0.68,0.087675,1,0,0
0.44,0.68,0.085806,1,0,0
0.46,0.68,0.10542,1,0,0
0.48,0.68,0.1058,1,0,0
0.5,0.68,0.10145,1,0,0
0.52,0.68,0.099426,1,0,0
0.54,0.68,0.102,1,0,0
0.56,0.68,0.10036,1,0,0
0.58,0.68,0.13161,1,0,0
0.6,0.68,0.10843,1,0,0
0.62,0.68,0.084001,1,0,0
0.64,0.68,0.085743,1,0,0
0.66,0.68,0.079969,1,0,0
0.68,0.68,0.080394,1,0,0
0.7,0.68,0.060426,1,0,0
0.72,0.68,0.069643,1,0,0
0.74,0.68,0.080163,1,0,0
0.76,0.68,0.099332,1,0,0
0.78,0.68,0.069701,1,0,0
0.8,0.68,0.056861,1,0,0
0.82,0.68,0.070629,1,0,0
0.84,0.68,0.069419,1,0,0
0.86,0.68,0.099207,1,0,0
0.88,0.68,0.11166,1,0,0
0.9,0.68,0.10587,1,0,0
0.92,0.68,0.097176,1,0,0
0.94,0.68,0.061097,1,0,0
0.96,0.68,0.073796,1,0,0
0.98,0.68,0.048313,1,0,0
0.02,0.7,0.091007,1,0,0
0.04,0.7,0.084854,1,0,0
0.06,0.7,0.052804,1,0,0
0.08,0.7,0.040687,1,0,0
0.1,0.7,0.040436,1,0,0
0.12,0.7,0.037283,1,0,0
0.14,0.7,0.055909,1,0,0
0.16,0.7,0.053802,1,0,0
0.18,0.7,0.047828,1,0,0
0.2,0.7,0.074131,1,0,0
0.22,0.7,0.090282,1,0,0
0.24,0.7,0.058074,1,0,0
0.26,0.7,0.046799,1,0,0
0.28,0.7,0.041585,1,0,0
0.3,0.7,0.053845,1,0,0
0.32,0.7,0.068274,1,0,0
0.34,0.7,0.080696,1,0,0
0.36,0.7,0.077488,1,0,0
0.38,0.7,0.072276,1,0,0
0.4,0.7,0.090959,1,0,0
0.42,0.7,0.095538,1,0,0
0.44,0.7,0.11248,1,0,0
0.46,0.7,0.10512,1,0,0
0.48,0.7,0.10204,1,0,0
0.5,0.7,0.11531,1,0,0
0.52,0.7,0.11948,1,0,0
0.54,0.7,0.069774,1,0,0
0.56,0.7,0.089777,1,0,0
0.58,0.7,0.11833,1,0,0
0.6,0.7,0.099329,1,0,0
0.62,0.7,0.11202,1,0,0
0.64,0.7,0.10326,1,0,0
0.66,0.7,0.087432,1,0,0
0.68,0.7,0.060759,1,0,0
0.7,0.7,0.058718,1,0,0
0.72,0.7,0.061422,1,0,0
0.74,0.7,0.067528,1,0,0
0.76,0.7,0.076314,1,0,0
0.78,0.7,0.068058,1,0,0
0.8,0.7,0.054923,1,0,0
0.82,0.7,0.056271,1,0,0
0.84,0.7,0.086841,1,0,0
0.86,0.7,0.091612,1,0,0
0.88,0.7,0.11416,1,0,0
0.9,0.7,0.10151,1,0,0
0.92,0.7,0.10919,1,0,0
0.94,0.7,0.090607,1,0,0
0.96,0.7,0.066957,1,0,0
0.98,0.7,0.03005,1,0,0
0.02,0.72,0.085234,1,0,0
0.04,0.72,0.053568,1,0,0
0.06,0.72,0.06997,1,0,0
0.08,0.72,0.072294,1,0,0
0.1,0.72,0.029795,1,0,0
0.12,0.72,0.032593,1,0,0
0.14,0.72,0.044922,1,0,0
0.16,0.72,0.065629,1,0,0
0.18,0.72,0.070245,1,0,0
0.2,0.72,0.082043,1,0,0
0.22,0.72,0.072614,1,0,0
0.24,0.72,0.048802,1,0,0
0.26,0.72,0.055951,1,0,0
0.28,0.72,0.073788,1,0,0
0.3,0.72,0.059259,1,0,0
0.32,0.72,0.096666,1,0,0
0.34,0.72,0.097169,1,0,0
0.36,0.72,0.10626,1,0,0
0.38,0.72,0.099385,1,0,0
0.4,0.72,0.10551,1,0,0
0.42,0.72,0.093771,1,0,0
0.44,0.72,0.09408,1,0,0
0.46,0.72,0.11633,1,0,0
0.48,0.72,0.11555,1,0,0
0.5,0.72,0.11157,1,0,0
0.52,0.72,0.093104,1,0,0
0.54,0.72,0.06921,1,0,0
0.56,0.72,0.087207,1,0,0
0.58,0.72,0.11735,1,0,0
0.6,0.72,0.13174,1,0,0
0.62,0.72,0.10484,1,0,0
0.64,0.72,0.10691,1,0,0
0.66,0.72,0.089427,1,0,0
0.68,0.72,0.061334,1,0,0
0.7,0.72,0.062158,1,0,0
0.72,0.72,0.049473,1,0,0
0.74,0.72,0.054883,1,0,0
0.76,0.72,0.075178,1,0,0
0.78,0.72,0.056158,1,0,0
0.8,0.72,0.065195,1,0,0
0.82,0.72,0.05351,1,0,0
0.84,0.72,0.076749,1,0,0
0.86,0.72,0.11443,1,0,0
0.88,0.72,0.10638,1,0,0
0.9,0.72,0.097799,1,0,0
0.92,0.72,0.10533,1,0,0
0.94,0.72,0.095906,1,0,0
0.96,0.72,0.063503,1,0,0
0.98,0.72,0.054689,1,0,0
0.02,0.74,0.055411,1,0,0
0.04,0.74,0.047113,1,0,0
0.06,0.74,0.035403,1,0,0
0.08,0.74,0.027346,1,0,0
0.1,0.74,0.027614,1,0,0
0.12,0.74,0.012871,1,0,0
0.14,0.74,0.043989,1,0,0
0.16,0.74,0.080369,1,0,0
0.18,0.74,0.073742,1,0,0
0.2,0.74,0.065946,1,0,0
0.22,0.74,0.064693,1,0,0
0.24,0.74,0.0649,1,0,0
0.26,0.74,0.053335,1,0,0
0.28,0.74,0.053171,1,0,0
0.3,0.74,0.076279,1,0,0
0.32,0.74,0.089299,1,0,0
0.34,0.74,0.083174,1,0,0
0.36,0.74,0.10536,1,0,0
0.38,0.74,0.11615,1,0,0
0.4,0.74,0.1186,1,0,0
0.42,0.74,0.094227,1,0,0
0.44,0.74,0.096668,1,0,0
0.46,0.74,0.098679,1,0,0
0.48,0.74,0.10179,1,0,0
0.5,0.74,0.11136,1,0,0
0.52,0.74,0.10109,1,0,0
0.54,0.74,0.076877,1,0,0
0.56,0.74,0.10372,1,0,0
0.58,0.74,0.10902,1,0,0
0.6,0.74,0.098355,1,0,0
0.62,0.74,0.10832,1,0,0
0.64,0.74,0.084618,1,0,0
0.66,0.74,0.055775,1,0,0
0.68,0.74,0.054814,1,0,0
0.7,0.74,0.035979,1,0,0
0.72,0.74,0.049559,1,0,0
0.74,0.74,0.061265,1,0,0
0.76,0.74,0.066702,1,0,0
0.78,0.74,0.073598,1,0,0
0.8,0.74,0.055414,1,0,0
0.82,0.74,0.077901,1,0,0
0.84,0.74,0.085732,1,0,0
0.86,0.74,0.078476,1,0,0
0.88,0.74,0.079711,1,0,0
0.9,0.74,0.08596,1,0,0
0.92,0.74,0.079008,1,0,0
0.94,0.74,0.061082,1,0,0
0.96,0.74,0.062156,1,0,0
0.98,0.74,0.048771,1,0,0
0.02,0.76,0.04805,1,0,0
0.04,0.76,0.032703,1,0,0
0.06,0.76,0.0376,1,0,0
0.08,0.76,0.038683,1,0,0
0.1,0.76,0.027822,1,0,0
0.12,0.76,0.040619,1,0,0
0.14,0.76,0.056708,1,0,0
0.16,0.76,0.066245,1,0,0
0.18,0.76,0.062011,1,0,0
0.2,0.76,0.063058,1,0,0
0.22,0.76,0.067019,1,0,0
0.24,0.76,0.064815,1,0,0
0.26,0.76,0.073558,1,0,0
0.28,0.76,0.059492,1,0,0
0.3,0.76,0.084131,1,0,0
0.32,0.76,0.10261,1,0,0
0.34,0.76,0.10989,1,0,0
0.36,0.76,0.08314,1,0,0
0.38,0.76,0.10669,1,0,0
0.4,0.76,0.095518,1,0,0
0.42,0.76,0.098133,1,0,0
0.44,0.76,0.10311,1,0,0
0.46,0.76,0.096944,1,0,0
0.48,0.76,0.10826,1,0,0
0.5,0.76,0.1157,1,0,0
0.52,0.76,0.10837,1,0,0
0.54,0.76,0.1058,1,0,0
0.56,0.76,0.093706,1,0,0
0.58,0.76,0.093139,1,0,0
0.6,0.76,0.099471,1,0,0
0.62,0.76,0.095853,1,0,0
0.64,0.76,0.06308,1,0,0
0.66,0.76,0.044042,1,0,0
0.68,0.76,0.041384,1,0,0
0.7,0.76,0.039551,1,0,0
0.72,0.76,0.048165,1,0,0
0.74,0.76,0.064155,1,0,0
0.76,0.76,0.059488,1,0,0
0.78,0.76,0.044022,1,0,0
0.8,0.76,0.073446,1,0,0
0.82,0.76,0.098399,1,0,0
0.84,0.76,0.082922,1,0,0
0.86,0.76,0.074199,1,0,0
0.88,0.76,0.072045,1,0,0
0.9,0.76,0.055017,1,0,0
0.92,0.76,0.077896,1,0,0
0.94,0.76,0.044806,1,0,0
0.96,0.76,0.055919,1,0,0
0.98,0.76,0.062009,1,0,0
0.02,0.78,0.059951,1,0,0
0.04,0.78,0.038983,1,0,0
0.06,0.78,0.051987,1,0,0
0.08,0.78,0.025243,1,0,0
0.1,0.78,0.036196,1,0,0
0.12,0.78,0.034171,1,0,0
0.14,0.78,0.050333,1,0,0
0.16,0.78,0.060724,1,0,0
0.18,0.78,0.061678,1,0,0
0.2,0.78,0.052892,1,0,0
0.22,0.78,0.061513,1,0,0
0.24,0.78,0.055139,1,0,0
0.26,0.78,0.078382,1,0,0
0.28,0.78,0.06698,1,0,0
0.3,0.78,0.073847,1,0,0
0.32,0.78,0.10347,1,0,0
0.34,0.78,0.10753,1,0,0
0.36,0.78,0.10017,1,0,0
0.38,0.78,0.10168,1,0,0
0.4,0.78,0.076364,1,0,0
0.42,0.78,0.10216,1,0,0
0.44,0.78,0.10331,1,0,0
0.46,0.78,0.11459,1,0,0
0.48,0.78,0.089113,1,0,0
0.5,0.78,0.13039,1,0,0
0.52,0.78,0.11218,1,0,0
0.54,0.78,0.11025,1,0,0
0.56,0.78,0.11114,1,0,0
0.58,0.78,0.095203,1,0,0
0.6,0.78,0.10841,1,0,0
0.62,0.78,0.11636,1,0,0
0.64,0.78,0.072126,1,0,0
0.66,0.78,0.065049,1,0,0
0.68,0.78,0.056446,1,0,0
0.7,0.78,0.027648,1,0,0
0.72,0.78,0.030137,1,0,0
0.74,0.78,0.054611,1,0,0
0.76,0.78,0.058625,1,0,0
0.78,0.78,0.052081,1,0,0
0.8,0.78,0.072377,1,0,0
0.82,0.78,0.072462,1,0,0
0.84,0.78,0.082962,1,0,0
0.86,0.78,0.070311,1,0,0
0.88,0.78,0.076492,1,0,0
0.9,0.78,0.072252,1,0,0
0.92,0.78,0.062019,1,0,0
0.94,0.78,0.057261,1,0,0
0.96,0.78,0.056327,1,0,0
0.98,0.78,0.059699,1,0,0
0.02,0.8,0.072689,1,0,0
0.04,0.8,0.057805,1,0,0
0.06,0.8,0.071931,1,0,0
0.08,0.8,0.045837,1,0,0
0.1,0.8,0.039044,1,0,0
0.12,0.8,0.037003,1,0,0
0.14,0.8,0.062649,1,0,0
0.16,0.8,0.066233,1,0,0
0.18,0.8,0.083458,1,0,0
0.2,0.8,0.060197,1,0,0
0.22,0.8,0.068151,1,0,0
0.24,0.8,0.044071,1,0,0
0.26,0.8,0.060186,1,0,0
0.28,0.8,0.039064,1,0,0
0.3,0.8,0.065708,1,0,0
0.32,0.8,0.090345,1,0,0
0.34,0.8,0.10942,1,0,0
0.36,0.8,0.11714,1,0,0
0.38,0.8,0.10533,1,0,0
0.4,0.8,0.080582,1,0,0
0.42,0.8,0.094781,1,0,0
0.44,0.8,0.11508,1,0,0
0.46,0.8,0.10887,1,0,0
0.48,0.8,0.11291,1,0,0
0.5,0.8,0.11834,1,0,0
0.52,0.8,0.097856,1,0,0
0.54,0.8,0.10605,1,0,0
0.56,0.8,0.11666,1,0,0
0.58,0.8,0.12153,1,0,0
0.6,0.8,0.11131,1,0,0
0.62,0.8,0.11298,1,0,0
0.64,0.8,0.081828,1,0,0
0.66,0.8,0.083012,1,0,0
0.68,0.8,0.051163,1,0,0
0.7,0.8,0.041622,1,0,0
0.72,0.8,0.038033,1,0,0
0.74,0.8,0.056362,1,0,0
0.76,0.8,0.060698,1,0,0
0.78,0.8,0.066042,1,0,0
0.8,0.8,0.069108,1,0,0
0.82,0.8,0.048923,1,0,0
0.84,0.8,0.061491,1,0,0
0.86,0.8,0.070641,1,0,0
0.88,0.8,0.077258,1,0,0
0.9,0.8,0.065588,1,0,0
0.92,0.8,0.090482,1,0,0
0.94,0.8,0.061526,1,0,0
0.96,0.8,0.076045,1,0,0
0.98,0.8,0.080009,1,0,0
0.02,0.82,0.078805,1,0,0
0.04,0.82,0.076903,1,0,0
0.06,0.82,0.077612,1,0,0
0.08,0.82,0.050596,1,0,0
0.1,0.82,0.047065,1,0,0
0.12,0.82,0.045472,1,0,0
0.14,0.82,0.068347,1,0,0
0.16,0.82,0.064774,1,0,0
0.18,0.82,0.042389,1,0,0
0.2,0.82,0.041049,1,0,0
0.22,0.82,0.054306,1,0,0
0.24,0.82,0.049271,1,0,0
0.26,0.82,0.054662,1,0,0
0.28,0.82,0.04739,1,0,0
0.3,0.82,0.064156,1,0,0
0.32,0.82,0.081583,1,0,0
0.34,0.82,0.096401,1,0,0
0.36,0.82,0.079095,1,0,0
0.38,0.82,0.087031,1,0,0
0.4,0.82,0.084161,1,0,0
0.42,0.82,0.086377,1,0,0
0.44,0.82,0.1037,1,0,0
0.46,0.82,0.10326,1,0,0
0.48,0.82,0.10979,1,0,0
0.5,0.82,0.11373,1,0,0
0.52,0.82,0.10362,1,0,0
0.54,0.82,0.1104,1,0,0
0.56,0.82,0.10698,1,0,0
0.58,0.82,0.10276,1,0,0
0.6,0.82,0.096629,1,0,0
0.62,0.82,0.11017,1,0,0
0.64,0.82,0.09574,1,0,0
0.66,0.82,0.091687,1,0,0
0.68,0.82,0.080185,1,0,0
0.7,0.82,0.030967,1,0,0
0.72,0.82,0.056821,1,0,0
0.74,0.82,0.050789,1,0,0
0.76,0.82,0.049943,1,0,0
0.78,0.82,0.062247,1,0,0
0.8,0.82,0.061536,1,0,0
0.82,0.82,0.046281,1,0,0
0.84,0.82,0.048927,1,0,0
0.86,0.82,0.059363,1,0,0
0.88,0.82,0.070564,1,0,0
0.9,0.82,0.079912,1,0,0
0.92,0.82,0.096205,1,0,0
0.94,0.82,0.060794,1,0,0
0.96,0.82,0.056945,1,0,0
0.98,0.82,0.069943,1,0,0
0.02,0.84,0.079469,1,0,0
0.04,0.84,0.071401,1,0,0
0.06,0.84,0.052415,1,0,0
0.08,0.84,0.036781,1,0,0
0.1,0.84,0.041974,1,0,0
0.12,0.84,0.023817,1,0,0
0.14,0.84,0.023353,1,0,0
0.16,0.84,0.025599,1,0,0
0.18,0.84,0.0062969,1,0,0
0.2,0.84,0.018245,1,0,0
0.22,0.84,0.05102,1,0,0
0.24,0.84,0.051328,1,0,0
0.26,0.84,0.035756,1,0,0
0.28,0.84,0.029909,1,0,0
0.3,0.84,0.037635,1,0,0
0.32,0.84,0.058837,1,0,0
0.34,0.84,0.060797,1,0,0
0.36,0.84,0.064758,1,0,0
0.38,0.84,0.052203,1,0,0
0.4,0.84,0.053065,1,0,0
0.42,0.84,0.084207,1,0,0
0.44,0.84,0.086986,1,0,0
0.46,0.84,0.07789,1,0,0
0.48,0.84,0.074215,1,0,0
0.5,0.84,0.08852,1,0,0
0.52,0.84,0.09481,1,0,0
0.54,0.84,0.085087,1,0,0
0.56,0.84,0.10132,1,0,0
0.58,0.84,0.083764,1,0,0
0.6,0.84,0.094611,1,0,0
0.62,0.84,0.089871,1,0,0
0.64,0.84,0.089357,1,0,0
0.66,0.84,0.05918,1,0,0
0.68,0.84,0.06088,1,0,0
0.7,0.84,0.048414,1,0,0
0.72,0.84,0.053553,1,0,0
0.74,0.84,0.04451,1,0,0
0.76,0.84,0.050089,1,0,0
0.78,0.84,0.034901,1,0,0
0.8,0.84,0.041406,1,0,0
0.82,0.84,0.057663,1,0,0
0.84,0.84,0.06338,1,0,0
0.86,0.84,0.052956,1,0,0
0.88,0.84,0.041344,1,0,0
0.9,0.84,0.05898,1,0,0
0.92,0.84,0.050958,1,0,0
0.94,0.84,0.042742,1,0,0
0.96,0.84,0.030453,1,0,0
0.98,0.84,0.040793,1,0,0
0.02,0.86,0.063993,1,0,0
0.04,0.86,0.057636,1,0,0
0.06,0.86,0.040425,1,0,0
0.08,0.86,0.042893,1,0,0
0.1,0.86,0.027486,1,0,0
0.12,0.86,0.0098973,1,0,0
0.14,0.86,-0.00057159,1,0,0
0.16,0.86,0.019943,1,0,0
0.18,0.86,0.010856,1,0,0
0.2,0.86,0.0037771,1,0,0
0.22,0.86,0.03776,1,0,0
0.24,0.86,0.02981,1,0,0
0.26,0.86,0.047471,1,0,0
0.28,0.86,0.037824,1,0,0
0.3,0.86,0.018853,1,0,0
0.32,0.86,0.010755,1,0,0
0.34,0.86,0.026357,1,0,0
0.36,0.86,0.037437,1,0,0
0.38,0.86,0.055835,1,0,0
0.4,0.86,0.066293,1,0,0
0.42,0.86,0.052991,1,0,0
0.44,0.86,0.050742,1,0,0
0.46,0.86,0.046104,1,0,0
0.48,0.86,0.057331,1,0,0
0.5,0.86,0.05707,1,0,0
0.52,0.86,0.095541,1,0,0
0.54,0.86,0.073469,1,0,0
0.56,0.86,0.081457,1,0,0
0.58,0.86,0.070628,1,0,0
0.6,0.86,0.084148,1,0,0
0.62,0.86,0.040036,1,0,0
0.64,0.86,0.034798,1,0,0
0.66,0.86,0.056336,1,0,0
0.68,0.86,0.05152,1,0,0
0.7,0.86,0.04529,1,0,0
0.72,0.86,0.044582,1,0,0
0.74,0.86,0.058991,1,0,0
0.76,0.86,0.054345,1,0,0
0.78,0.86,0.04659,1,0,0
0.8,0.86,0.050424,1,0,0
0.82,0.86,0.035931,1,0,0
0.84,0.86,0.047979,1,0,0
0.86,0.86,0.048615,1,0,0
0.88,0.86,0.044754,1,0,0
0.9,0.86,0.038028,1,0,0
0.92,0.86,0.030673,1,0,0
0.94,0.86,0.016352,1,0,0
0.96,0.86,0.020367,1,0,0
0.98,0.86,0.013253,1,0,0
0.02,0.88,0.045495,1,0,0
0.04,0.88,0.059963,1,0,0
0.06,0.88,0.047975,1,0,0
0.08,0.88,0.051324,1,0,0
0.1,0.88,0.060915,1,0,0
0.12,0.88,0.01639,1,0,0
0.14,0.88,0.010745,1,0,0
0.16,0.88,0.0074692,1,0,0
0.18,0.88,-0.010187,1,0,0
0.2,0.88,-0.0013289,1,0,0
0.22,0.88,0.016473,1,0,0
0.24,0.88,0.037623,1,0,0
0.26,0.88,0.029653,1,0,0
0.28,0.88,0.031838,1,0,0
0.3,0.88,0.041708,1,0,0
0.32,0.88,0.022969,1,0,0
0.34,0.88,0.031722,1,0,0
0.36,0.88,0.038244,1,0,0
0.38,0.88,0.057643,1,0,0
0.4,0.88,0.067517,1,0,0
0.42,0.88,0.053564,1,0,0
0.44,0.88,0.025927,1,0,0
0.46,0.88,0.041096,1,0,0
0.48,0.88,0.050383,1,0,0
0.5,0.88,0.0613,1,0,0
0.52,0.88,0.081706,1,0,0
0.54,0.88,0.077699,1,0,0
0.56,0.88,0.075539,1,0,0
0.58,0.88,0.091823,1,0,0
0.6,0.88,0.065991,1,0,0
0.62,0.88,0.044253,1,0,0
0.64,0.88,0.039414,1,0,0
0.66,0.88,0.033516,1,0,0
0.68,0.88,0.064061,1,0,0
0.7,0.88,0.048608,1,0,0
0.72,0.88,0.077862,1,0,0
0.74,0.88,0.063639,1,0,0
0.76,0.88,0.069984,1,0,0
0.78,0.88,0.058584,1,0,0
0.8,0.88,0.046254,1,0,0
0.82,0.88,0.063818,1,0,0
0.84,0.88,0.071211,1,0,0
0.86,0.88,0.05057,1,0,0
0.88,0.88,0.031429,1,0,0
0.9,0.88,0.032896,1,0,0
0.92,0.88,0.029816,1,0,0
0.94,0.88,0.018261,1,0,0
0.96,0.88,0.037221,1,0,0
0.98,0.88,0.026828,1,0,0
0.02,0.9,0.067621,1,0,0
0.04,0.9,0.068368,1,0,0
0.06,0.9,0.078576,1,0,0
0.08,0.9,0.065937,1,0,0
0.1,0.9,0.05977,1,0,0
0.12,0.9,0.034291,1,0,0
0.14,0.9,0.034932,1,0,0
0.16,0.9,0.002733,1,0,0
0.18,0.9,-0.01185,1,0,0
0.2,0.9,-0.020833,1,0,0
0.22,0.9,0.017794,1,0,0
0.24,0.9,0.016266,1,0,0
0.26,0.9,0.033771,1,0,0
0.28,0.9,0.045986,1,0,0
0.3,0.9,0.043949,1,0,0
0.32,0.9,0.036496,1,0,0
0.34,0.9,0.033741,1,0,0
0.36,0.9,0.023012,1,0,0
0.38,0.9,0.051309,1,0,0
0.4,0.9,0.072161,1,0,0
0.42,0.9,0.043265,1,0,0
0.44,0.9,0.014613,1,0,0
0.46,0.9,0.02199,1,0,0
0.48,0.9,0.044408,1,0,0
0.5,0.9,0.063785,1,0,0
0.52,0.9,0.067942,1,0,0
0.54,0.9,0.072648,1,0,0
0.56,0.9,0.060887,1,0,0
0.58,0.9,0.07806,1,0,0
0.6,0.9,0.056526,1,0,0
0.62,0.9,0.048323,1,0,0
0.64,0.9,0.046164,1,0,0
0.66,0.9,0.050204,1,0,0
0.68,0.9,0.042862,1,0,0
0.7,0.9,0.045628,1,0,0
0.72,0.9,0.048332,1,0,0
0.74,0.9,0.047041,1,0,0
0.76,0.9,0.060299,1,0,0
0.78,0.9,0.057098,1,0,0
0.8,0.9,0.066391,1,0,0
0.82,0.9,0.064835,1,0,0
0.84,0.9,0.068519,1,0,0
0.86,0.9,0.062641,1,0,0
0.88,0.9,0.044551,1,0,0
0.9,0.9,0.044573,1,0,0
0.92,0.9,0.067656,1,0,0
0.94,0.9,0.031228,1,0,0
0.96,0.9,0.035205,1,0,0
0.98,0.9,0.016574,1,0,0
0.02,0.92,0.054425,1,0,0
0.04,0.92,0.054857,1,0,0
0.06,0.92,0.049642,1,0,0
0.08,0.92,0.04787,1,0,0
0.1,0.92,0.045096,1,0,0
0.12,0.92,0.037478,1,0,0
0.14,0.92,0.037348,1,0,0
0.16,0.92,0.0040612,1,0,0
0.18,0.92,-0.0032866,1,0,0
0.2,0.92,5.7944e-05,1,0,0
0.22,0.92,0.024113,1,0,0
0.24,0.92,-0.0033672,1,0,0
0.26,0.92,0.0061094,1,0,0
0.28,0.92,-0.0018924,1,0,0
0.3,0.92,0.021067,1,0,0
0.32,0.92,0.03059,1,0,0
0.34,0.92,0.036561,1,0,0
0.36,0.92,0.029432,1,0,0
0.38,0.92,0.021274,1,0,0
0.4,0.92,0.025508,1,0,0
0.42,0.92,0.020928,1,0,0
0.44,0.92,-0.00038422,1,0,0
0.46,0.92,0.015187,1,0,0
0.48,0.92,0.022089,1,0,0
0.5,0.92,0.049592,1,0,0
0.52,0.92,0.068319,1,0,0
0.54,0.92,0.053221,1,0,0
0.56,0.92,0.060923,1,0,0
0.58,0.92,0.066196,1,0,0
0.6,0.92,0.040894,1,0,0
0.62,0.92,0.030288,1,0,0
0.64,0.92,0.0013069,1,0,0
0.66,0.92,0.014215,1,0,0
0.68,0.92,-0.0014573,1,0,0
0.7,0.92,0.012942,1,0,0
0.72,0.92,0.023597,1,0,0
0.74,0.92,0.052328,1,0,0
0.76,0.92,0.057499,1,0,0
0.78,0.92,0.055235,1,0,0
0.8,0.92,0.058158,1,0,0
0.82,0.92,0.037412,1,0,0
0.84,0.92,0.065772,1,0,0
0.86,0.92,0.048729,1,0,0
0.88,0.92,0.036451,1,0,0
0.9,0.92,0.022708,1,0,0
0.92,0.92,0.064531,1,0,0
0.94,0.92,0.066904,1,0,0
0.96,0.92,0.052827,1,0,0
0.98,0.92,0.020583,1,0,0
0.02,0.94,0.047279,1,0,0
0.04,0.94,0.039384,1,0,0
0.06,0.94,0.048262,1,0,0
0.08,0.94,0.042049,1,0,0
0.1,0.94,0.053909,1,0,0
0.12,0.94,0.058181,1,0,0
0.14,0.94,0.04818,1,0,0
0.16,0.94,0.033424,1,0,0
0.18,0.94,0.018075,1,0,0
0.2,0.94,0.015708,1,0,0
0.22,0.94,0.010121,1,0,0
0.24,0.94,0.022618,1,0,0
0.26,0.94,0.013664,1,0,0
0.28,0.94,0.032252,1,0,0
0.3,0.94,0.023135,1,0,0
0.32,0.94,0.009977,1,0,0
0.34,0.94,0.012183,1,0,0
0.36,0.94,0.0076487,1,0,0
0.38,0.94,0.025988,1,0,0
0.4,0.94,0.0057317,1,0,0
0.42,0.94,0.019441,1,0,0
0.44,0.94,0.011034,1,0,0
0.46,0.94,0.020977,1,0,0
0.48,0.94,0.056401,1,0,0
0.5,0.94,0.089118,1,0,0
0.52,0.94,0.063309,1,0,0
0.54,0.94,0.063646,1,0,0
0.56,0.94,0.065074,1,0,0
0.58,0.94,0.056973,1,0,0
0.6,0.94,0.021316,1,0,0
0.62,0.94,-0.004013,1,0,0
0.64,0.94,0.0010701,1,0,0
0.66,0.94,0.0038577,1,0,0
0.68,0.94,0.021561,1,0,0
0.7,0.94,-0.0015041,1,0,0
0.72,0.94,-0.0018042,1,0,0
0.74,0.94,0.019616,1,0,0
0.76,0.94,0.075962,1,0,0
0.78,0.94,0.073777,1,0,0
0.8,0.94,0.066522,1,0,0
0.82,0.94,0.055699,1,0,0
0.84,0.94,0.055496,1,0,0
0.86,0.94,0.078364,1,0,0
0.88,0.94,0.066622,1,0,0
0.9,0.94,0.059453,1,0,0
0.92,0.94,0.063735,1,0,0
0.94,0.94,0.050569,1,0,0
0.96,0.94,0.06594,1,0,0
0.98,0.94,0.047371,1,0,0
0.02,0.96,0.050921,1,0,0
0.04,0.96,0.048301,1,0,0
0.06,0.96,0.036263,1,0,0
0.08,0.96,0.048339,1,0,0
0.1,0.96,0.05893,1,0,0
0.12,0.96,0.068318,1,0,0
0.14,0.96,0.064993,1,0,0
0.16,0.96,0.034166,1,0,0
0.18,0.96,0.010844,1,0,0
0.2,0.96,0.033968,1,0,0
0.22,0.96,0.040393,1,0,0
0.24,0.96,0.045671,1,0,0
0.26,0.96,0.030695,1,0,0
0.28,0.96,0.012774,1,0,0
0.3,0.96,0.024699,1,0,0
0.32,0.96,0.029327,1,0,0
0.34,0.96,0.011561,1,0,0
0.36,0.96,-0.0067684,1,0,0
0.38,0.96,0.0064157,1,0,0
0.4,0.96,0.020613,1,0,0
0.42,0.96,0.0049042,1,0,0
0.44,0.96,0.026411,1,0,0
0.46,0.96,0.030166,1,0,0
0.48,0.96,0.054525,1,0,0
0.5,0.96,0.050111,1,0,0
0.52,0.96,0.05685,1,0,0
0.54,0.96,0.045522,1,0,0
0.56,0.96,0.056023,1,0,0
0.58,0.96,0.034555,1,0,0
0.6,0.96,0.011866,1,0,0
0.62,0.96,0.0031271,1,0,0
0.64,0.96,-0.019232,1,0,0
0.66,0.96,0.0081026,1,0,0
0.68,0.96,0.02929,1,0,0
0.7,0.96,-0.019261,1,0,0
0.72,0.96,-0.010882,1,0,0
0.74,0.96,0.025418,1,0,0
0.76,0.96,0.027947,1,0,0
0.78,0.96,0.04322,1,0,0
0.8,0.96,0.052839,1,0,0
0.82,0.96,0.077296,1,0,0
0.84,0.96,0.081808,1,0,0
0.86,0.96,0.088407,1,0,0
0.88,0.96,0.089444,1,0,0
0.9,0.96,0.06329,1,0,0
0.92,0.96,0.070089,1,0,0
0.94,0.96,0.067725,1,0,0
0.96,0.96,0.083022,1,0,0
0.98,0.96,0.068748,1,0,0
0.02,0.98,0.067279,1,0,0
0.04,0.98,0.051694,1,0,0
0.06,0.98,0.03146,1,0,0
0.08,0.98,0.040698,1,0,0
0.1,0.98,0.055107,1,0,0
0.12,0.98,0.081219,1,0,0
0.14,0.98,0.066307,1,0,0
0.16,0.98,0.058831,1,0,0
0.18,0.98,0.03471,1,0,0
0.2,0.98,0.024055,1,0,0
0.22,0.98,0.04144,1,0,0
0.24,0.98,0.054392,1,0,0
0.26,0.98,0.034337,1,0,0
0.28,0.98,0.018859,1,0,0
0.3,0.98,0.020486,1,0,0
0.32,0.98,0.046735,1,0,0
0.34,0.98,0.00069346,1,0,0
0.36,0.98,0.00638,1,0,0
0.38,0.98,0.025649,1,0,0
0.4,0.98,0.024528,1,0,0
0.42,0.98,0.015581,1,0,0
0.44,0.98,0.032935,1,0,0
0.46,0.98,0.018648,1,0,0
0.48,0.98,0.038175,1,0,0
0.5,0.98,0.059602,1,0,0
0.52,0.98,0.048287,1,0,0
0.54,0.98,0.042099,1,0,0
0.56,0.98,0.052162,1,0,0
0.58,0.98,0.011861,1,0,0
0.6,0.98,0.00024876,1,0,0
0.62,0.98,-0.0052435,1,0,0
0.64,0.98,0.0018199,1,0,0
0.66,0.98,0.013869,1,0,0
0.68,0.98,0.023879,1,0,0
0.7,0.98,0.017647,1,0,0
0.72,0.98,-0.0026617,1,0,0
0.74,0.98,0.02217,1,0,0
0.76,0.98,0.050195,1,0,0
0.78,0.98,0.035989,1,0,0
0.8,0.98,0.050176,1,0,0
0.82,0.98,0.061754,1,0,0
0.84,0.98,0.07964,1,0,0
0.86,0.98,0.090278,1,0,0
0.88,0.98,0.091565,1,0,0
0.9,0.98,0.10032,1,0,0
0.92,0.98,0.10698,1,0,0
0.94,0.98,0.092638,1,0,0
0.96,0.98,0.077634,1,0,0
0.98,0.98,0.08173,1,0,0
0,0,0.029553,-1,0,0
0.02,0,0.029553,-1,0,0
0.04,0,0.035934,-1,0,0
0.06,0,0.069671,-1,0,0
0.08,0,0.064726,-1,0,0
0.1,0,0.059823,-1,0,0
0.12,0,0.051012,-1,0,0
0.14,0,0.075079,-1,0,0
0.16,0,0.073305,-1,0,0
0.18,0,0.072455,-1,0,0
0.2,0,0.059715,-1,0,0
0.22,0,0.072129,-1,0,0
0.24,0,0.064441,-1,0,0
0.26,0,0.067572,-1,0,0
0.28,0,0.058434,-1,0,0
0.3,0,0.029787,-1,0,0
0.32,0,0.022305,-1,0,0
0.34,0,0.025444,-1,0,0
0.36,0,0.053495,-1,0,0
0.38,0,0.091542,-1,0,0
0.4,0,0.10865,-1,0,0
0.42,0,0.088609,-1,0,0
0.44,0,0.080666,-1,0,0
0.46,0,0.072021,-1,0,0
0.48,0,0.095627,-1,0,0
0.5,0,0.11417,-1,0,0
0.52,0,0.10448,-1,0,0
0.54,0,0.11569,-1,0,0
0.56,0,0.12015,-1,0,0
0.58,0,0.1068,-1,0,0
0.6,0,0.09347,-1,0,0
0.62,0,0.066394,-1,0,0
0.64,0,0.041729,-1,0,0
0.66,0,0.054039,-1,0,0
0.68,0,0.046441,-1,0,0
0.7,0,0.034659,-1,0,0
0.72,0,0.042029,-1,0,0
0.74,0,0.049805,-1,0,0
0.76,0,0.025326,-1,0,0
0.78,0,0.032413,-1,0,0
0.8,0,0.050972,-1,0,0
0.82,0,0.043546,-1,0,0
0.84,0,0.068881,-1,0,0
0.86,0,0.079753,-1,0,0
0.88,0,0.095345,-1,0,0
0.9,0,0.097841,-1,0,0
0.92,0,0.10693,-1,0,0
0.94,0,0.093746,-1,0,0
0.96,0,0.083539,-1,0,0
0.98,0,0.086578,-1,0,0
1,0,0.088698,-1,0,0
1,0.02,0.079529,-1,0,0
1,0.04,0.065371,-1,0,0
1,0.06,0.064673,-1,0,0
1,0.08,0.097994,-1,0,0
1,0.1,0.1205,-1,0,0
1,0.12,0.13686,-1,0,0
1,0.14,0.12845,-1,0,0
1,0.16,0.11006,-1,0,0
1,0.18,0.091868,-1,0,0
1,0.2,0.08575,-1,0,0
1,0.22,0.079081,-1,0,0
1,0.24,0.06884,-1,0,0
1,0.26,0.038021,-1,0,0
1,0.28,0.03799,-1,0,0
1,0.3,0.044192,-1,0,0
1,0.32,0.024653,-1,0,0
1,0.34,0.01691,-1,0,0
1,0.36,0.01948,-1,0,0
1,0.38,0.031473,-1,0,0
1,0.4,0.031884,-1,0,0
1,0.42,0.021098,-1,0,0
1,0.44,0.006809,-1,0,0
1,0.46,-0.020827,-1,0,0
1,0.48,-0.030897,-1,0,0
1,0.5,-0.028353,-1,0,0
1,0.52,0.028598,-1,0,0
1,0.54,0.032398,-1,0,0
1,0.56,0.047262,-1,0,0
1,0.58,0.046989,-1,0,0
1,0.6,0.04556,-1,0,0
1,0.62,0.063923,-1,0,0
1,0.64,0.06278,-1,0,0
1,0.66,0.063971,-1,0,0
1,0.68,0.044636,-1,0,0
1,0.7,0.038435,-1,0,0
1,0.72,0.047146,-1,0,0
1,0.74,0.050814,-1,0,0
1,0.76,0.064921,-1,0,0
1,0.78,0.073324,-1,0,0
1,0.8,0.083774,-1,0,0
1,0.82,0.075785,-1,0,0
1,0.84,0.031558,-1,0,0
1,0.86,0.0055365,-1,0,0
1,0.88,0.0061959,-1,0,0
1,0.9,0.026547,-1,0,0
1,0.92,0.024425,-1,0,0
1,0.94,0.025759,-1,0,0
1,0.96,0.05925,-1,0,0
1,0.98,0.058409,-1,0,0
1,1,0.064249,-1,0,0
0.98,1,0.072539,-1,0,0
0.96,1,0.081566,-1,0,0
0.94,1,0.11284,-1,0,0
0.92,1,0.099806,-1,0,0
0.9,1,0.08115,-1,0,0
0.88,1,0.08645,-1,0,0
0.86,1,0.097574,-1,0,0
0.84,1,0.084869,-1,0,0
0.82,1,0.048079,-1,0,0
0.8,1,0.04816,-1,0,0
0.78,1,0.03713,-1,0,0
0.76,1,0.034925,-1,0,0
0.74,1,0.03198,-1,0,0
0.72,1,0.030069,-1,0,0
0.7,1,0.012096,-1,0,0
0.68,1,0.034018,-1,0,0
0.66,1,0.015461,-1,0,0
0.64,1,-0.0027626,-1,0,0
0.62,1,0.003645,-1,0,0
0.6,1,0.0015077,-1,0,0
0.58,1,0.0016988,-1,0,0
0.56,1,0.0061284,-1,0,0
0.54,1,0.0045141,-1,0,0
0.52,1,0.023404,-1,0,0
0.5,1,0.045969,-1,0,0
0.48,1,0.026431,-1,0,0
0.46,1,0.031051,-1,0,0
0.44,1,0.031092,-1,0,0
0.42,1,0.0090969,-1,0,0
0.4,1,0.009673,-1,0,0
0.38,1,0.019441,-1,0,0
0.36,1,0.014805,-1,0,0
0.34,1,0.025327,-1,0,0
0.32,1,0.045209,-1,0,0
0.3,1,0.015533,-1,0,0
0.28,1,0.025953,-1,0,0
0.26,1,0.029523,-1,0,0
0.24,1,0.040915,-1,0,0
0.22,1,0.042207,-1,0,0
0.2,1,0.052092,-1,0,0
0.18,1,0.046738,-1,0,0
0.16,1,0.059575,-1,0,0
0.14,1,0.070136,-1,0,0
0.12,1,0.065981,-1,0,0
0.1,1,0.06585,-1,0,0
0.08,1,0.049289,-1,0,0
0.06,1,0.055926,-1,0,0
0.04,1,0.044106,-1,0,0
0.02,1,0.051071,-1,0,0
0,1,0.068368,-1,0,0
0,0.98,0.053473,-1,0,0
0,0.96,0.067108,-1,0,0
0,0.94,0.043496,-1,0,0
0,0.92,0.049136,-1,0,0
0,0.9,0.055348,-1,0,0
0,0.88,0.05128,-1,0,0
0,0.86,0.077559,-1,0,0
0,0.84,0.075086,-1,0,0
0,0.82,0.10802,-1,0,0
0,0.8,0.10111,-1,0,0
0,0.78,0.075518,-1,0,0
0,0.76,0.069866,-1,0,0
0,0.74,0.072668,-1,0,0
0,0.72,0.082816,-1,0,0
0,0.7,0.091745,-1,0,0
0,0.68,0.096254,-1,0,0
0,0.66,0.10339,-1,0,0
0,0.64,0.093628,-1,0,0
0,0.62,0.1032,-1,0,0
0,0.6,0.078937,-1,0,0
0,0.58,0.053955,-1,0,0
0,0.56,0.06642,-1,0,0
0,0.54,0.061369,-1,0,0
0,0.52,0.057029,-1,0,0
0,0.5,0.043526,-1,0,0
0,0.48,0.051777,-1,0,0
0,0.46,0.02187,-1,0,0
0,0.44,0.035344,-1,0,0
0,0.42,0.045827,-1,0,0
0,0.4,0.045942,-1,0,0
0,0.38,0.039975,-1,0,0
0,0.36,0.048123,-1,0,0
0,0.34,0.02494,-1,0,0
0,0.32,0.011635,-1,0,0
0,0.3,0.014097,-1,0,0
0,0.28,0.021418,-1,0,0
0,0.26,0.0053453,-1,0,0
0,0.24,0.03121,-1,0,0
0,0.22,0.038753,-1,0,0
0,0.2,0.046252,-1,0,0
0,0.18,0.045422,-1,0,0
0,0.16,0.038579,-1,0,0
0,0.14,0.043991,-1,0,0
0,0.12,0.071716,-1,0,0
0,0.1,0.067761,-1,0,0
0,0.08,0.077733,-1,0,0
0,0.06,0.088598,-1,0,0
0,0.04,0.086082,-1,0,0
0,0.02,0.083318,-1,0,0
