0.02,0.02,-0.028912,1,0,0
0.04,0.02,0.013304,1,0,0
0.06,0.02,-0.034229,1,0,0
0.08,0.02,0.0021739,1,0,0
0.1,0.02,0.0036992,1,0,0
0.12,0.02,0.028145,1,0,0
0.14,0.02,0.017871,1,0,0
0.16,0.02,0.023172,1,0,0
0.18,0.02,0.023554,1,0,0
0.2,0.02,0.025095,1,0,0
0.22,0.02,0.038751,1,0,0
0.24,0.02,0.036277,1,0,0
0.26,0.02,0.026813,1,0,0
0.28,0.02,0.0040322,1,0,0
0.3,0.02,0.012422,1,0,0
0.32,0.02,0.00010925,1,0,0
0.34,0.02,0.0016865,1,0,0
0.36,0.02,-0.013055,1,0,0
0.38,0.02,-0.01401,1,0,0
0.4,0.02,-0.022544,1,0,0
0.42,0.02,0.0032688,1,0,0
0.44,0.02,-0.0033356,1,0,0
0.46,0.02,-0.023133,1,0,0
0.48,0.02,0.030977,1,0,0
0.5,0.02,0.0057476,1,0,0
0.52,0.02,0.013232,1,0,0
0.54,0.02,0.019641,1,0,0
0.56,0.02,-0.0057361,1,0,0
0.58,0.02,-0.022571,1,0,0
0.6,0.02,-0.00025335,1,0,0
0.62,0.02,0.018917,1,0,0
0.64,0.02,-0.0036287,1,0,0
0.66,0.02,-0.011873,1,0,0
0.68,0.02,-0.018165,1,0,0
0.7,0.02,0.02033,1,0,0
0.72,0.02,-0.013991,1,0,0
0.74,0.02,0.0026474,1,0,0
0.76,0.02,0.019907,1,0,0
0.78,0.02,0.017939,1,0,0
0.8,0.02,0.015584,1,0,0
0.82,0.02,-0.032176,1,0,0
0.84,0.02,-0.090177,1,0,0
0.86,0.02,-0.051079,1,0,0
0.88,0.02,-0.034072,1,0,0
0.9,0.02,-0.041686,1,0,0
0.92,0.02,-0.069902,1,0,0
0.94,0.02,-0.075343,1,0,0
0.96,0.02,-0.077333,1,0,0
0.98,0.02,-0.067175,1,0,0
0.02,0.04,-0.038865,1,0,0
0.04,0.04,0.0046615,1,0,0
0.06,0.04,0.010958,1,0,0
0.08,0.04,-0.013531,1,0,0
0.1,0.04,0.01712,1,0,0
0.12,0.04,0.024075,1,0,0
0.14,0.04,0.0064469,1,0,0
0.16,0.04,0.035868,1,0,0
0.18,0.04,0.036567,1,0,0
0.2,0.04,0.045281,1,0,0
0.22,0.04,0.028583,1,0,0
0.24,0.04,0.068698,1,0,0
0.26,0.04,0.039665,1,0,0
0.28,0.04,0.011297,1,0,0
0.3,0.04,0.029494,1,0,0
0.32,0.04,0.035197,1,0,0
0.34,0.04,0.017202,1,0,0
0.36,0.04,0.0059124,1,0,0
0.38,0.04,-0.021371,1,0,0
0.4,0.04,0.00045019,1,0,0
0.42,0.04,0.011842,1,0,0
0.44,0.04,-0.0087608,1,0,0
0.46,0.04,0.0038569,1,0,0
0.48,0.04,-0.02334,1,0,0
0.5,0.04,0.022325,1,0,0
0.52,0.04,0.0048936,1,0,0
0.54,0.04,0.030991,1,0,0
0.56,0.04,0.025036,1,0,0
0.58,0.04,0.057848,1,0,0
0.6,0.04,0.038744,1,0,0
0.62,0.04,0.040642,1,0,0
0.64,0.04,0.01858,1,0,0
0.66,0.04,-0.012055,1,0,0
0.68,0.04,0.02309,1,0,0
0.7,0.04,0.016172,1,0,0
0.72,0.04,0.025698,1,0,0
0.74,0.04,0.027414,1,0,0
0.76,0.04,0.017482,1,0,0
0.78,0.04,0.0403,1,0,0
0.8,0.04,0.038792,1,0,0
0.82,0.04,-0.013159,1,0,0
0.84,0.04,-0.007959,1,0,0
0.86,0.04,-0.040733,1,0,0
0.88,0.04,-0.026621,1,0,0
0.9,0.04,-0.034007,1,0,0
0.92,0.04,-0.036178,1,0,0
0.94,0.04,-0.03063,1,0,0
0.96,0.04,-0.04045,1,0,0
0.98,0.04,-0.032586,1,0,0
0.02,0.06,-0.018139,1,0,0
0.04,0.06,-0.029825,1,0,0
0.06,0.06,0.025009,1,0,0
0.08,0.06,0.022941,1,0,0
0.1,0.06,-0.012236,1,0,0
0.12,0.06,0.010746,1,0,0
0.14,0.06,0.032099,1,0,0
0.16,0.06,0.042904,1,0,0
0.18,0.06,0.029533,1,0,0
0.2,0.06,0.012919,1,0,0
0.22,0.06,0.033279,1,0,0
0.24,0.06,0.065395,1,0,0
0.26,0.06,0.065474,1,0,0
0.28,0.06,0.064115,1,0,0
0.3,0.06,0.052562,1,0,0
0.32,0.06,0.012966,1,0,0
0.34,0.06,0.017233,1,0,0
0.36,0.06,0.002465,1,0,0
0.38,0.06,-0.0016384,1,0,0
0.4,0.06,0.0035274,1,0,0
0.42,0.06,0.0040539,1,0,0
0.44,0.06,-0.019495,1,0,0
0.46,0.06,-0.0021313,1,0,0
0.48,0.06,-0.0094398,1,0,0
0.5,0.06,0.02252,1,0,0
0.52,0.06,0.0027807,1,0,0
0.54,0.06,0.039086,1,0,0
0.56,0.06,0.0099364,1,0,0
0.58,0.06,0.022517,1,0,0
0.6,0.06,0.05208,1,0,0
0.62,0.06,0.02374,1,0,0
0.64,0.06,0.027027,1,0,0
0.66,0.06,0.030664,1,0,0
0.68,0.06,0.050661,1,0,0
0.7,0.06,0.02578,1,0,0
0.72,0.06,0.017349,1,0,0
0.74,0.06,0.03991,1,0,0
0.76,0.06,0.02577,1,0,0
0.78,0.06,-0.009151,1,0,0
0.8,0.06,0.0070973,1,0,0
0.82,0.06,-0.024709,1,0,0
0.84,0.06,-0.033068,1,0,0
0.86,0.06,-0.042779,1,0,0
0.88,0.06,0.012664,1,0,0
0.9,0.06,-0.027111,1,0,0
0.92,0.06,-0.013091,1,0,0
0.94,0.06,-0.051011,1,0,0
0.96,0.06,-0.046385,1,0,0
0.98,0.06,-0.062033,1,0,0
0.02,0.08,-0.045288,1,0,0
0.04,0.08,-0.026509,1,0,0
0.06,0.08,-1.6894e-05,1,0,0
0.08,0.08,-0.0017654,1,0,0
0.1,0.08,-0.0084204,1,0,0
0.12,0.08,0.0040538,1,0,0
0.14,0.08,0.037289,1,0,0
0.16,0.08,0.020521,1,0,0
0.18,0.08,0.038698,1,0,0
0.2,0.08,0.021728,1,0,0
0.22,0.08,0.04992,1,0,0
0.24,0.08,0.029047,1,0,0
0.26,0.08,0.030443,1,0,0
0.28,0.08,0.038173,1,0,0
0.3,0.08,0.046356,1,0,0
0.32,0.08,0.003639,1,0,0
0.34,0.08,0.027029,1,0,0
0.36,0.08,-0.015618,1,0,0
0.38,0.08,-0.018969,1,0,0
0.4,0.08,-0.034154,1,0,0
0.42,0.08,-0.031287,1,0,0
0.44,0.08,-0.039217,1,0,0
0.46,0.08,-0.011448,1,0,0
0.48,0.08,-0.025921,1,0,0
0.5,0.08,-0.0061623,1,0,0
0.52,0.08,0.043397,1,0,0
0.54,0.08,0.012704,1,0,0
0.56,0.08,0.028664,1,0,0
0.58,0.08,0.036603,1,0,0
0.6,0.08,0.033789,1,0,0
0.62,0.08,0.024574,1,0,0
0.64,0.08,0.013435,1,0,0
0.66,0.08,-0.010091,1,0,0
0.68,0.08,0.0027326,1,0,0
0.7,0.08,0.021861,1,0,0
0.72,0.08,0.051171,1,0,0
0.74,0.08,0.029388,1,0,0
0.76,0.08,0.0070216,1,0,0
0.78,0.08,-0.013853,1,0,0
0.8,0.08,0.0058775,1,0,0
0.82,0.08,-0.015412,1,0,0
0.84,0.08,-0.015266,1,0,0
0.86,0.08,-0.022371,1,0,0
0.88,0.08,-0.0173,1,0,0
0.9,0.08,-0.022154,1,0,0
0.92,0.08,-0.014303,1,0,0
0.94,0.08,-0.029729,1,0,0
0.96,0.08,-0.017204,1,0,0
0.98,0.08,-0.06045,1,0,0
0.02,0.1,0.014358,1,0,0
0.04,0.1,-0.0094369,1,0,0
0.06,0.1,0.012548,1,0,0
0.08,0.1,-0.017433,1,0,0
0.1,0.1,0.010781,1,0,0
0.12,0.1,-0.029554,1,0,0
0.14,0.1,0.013983,1,0,0
0.16,0.1,0.0055762,1,0,0
0.18,0.1,0.039595,1,0,0
0.2,0.1,0.021773,1,0,0
0.22,0.1,0.028596,1,0,0
0.24,0.1,0.020835,1,0,0
0.26,0.1,0.025429,1,0,0
0.28,0.1,0.050716,1,0,0
0.3,0.1,0.027278,1,0,0
0.32,0.1,-0.019182,1,0,0
0.34,0.1,-0.033058,1,0,0
0.36,0.1,-0.022963,1,0,0
0.38,0.1,-0.021809,1,0,0
0.4,0.1,-0.017165,1,0,0
0.42,0.1,-0.053895,1,0,0
0.44,0.1,-0.053978,1,0,0
0.46,0.1,-0.017649,1,0,0
0.48,0.1,-0.025021,1,0,0
0.5,0.1,0.0038779,1,0,0
0.52,0.1,0.023099,1,0,0
0.54,0.1,0.00063999,1,0,0
0.56,0.1,-0.023126,1,0,0
0.58,0.1,0.034001,1,0,0
0.6,0.1,0.014152,1,0,0
0.62,0.1,0.011945,1,0,0
0.64,0.1,0.032294,1,0,0
0.66,0.1,0.0015859,1,0,0
0.68,0.1,0.010592,1,0,0
0.7,0.1,0.020411,1,0,0
0.72,0.1,0.012251,1,0,0
0.74,0.1,-0.00345,1,0,0
0.76,0.1,0.022927,1,0,0
0.78,0.1,0.01262,1,0,0
0.8,0.1,0.029463,1,0,0
0.82,0.1,-0.012065,1,0,0
0.84,0.1,-0.028854,1,0,0
0.86,0.1,-0.026997,1,0,0
0.88,0.1,-0.011024,1,0,0
0.9,0.1,-0.0081499,1,0,0
0.92,0.1,-0.022868,1,0,0
0.94,0.1,-0.019323,1,0,0
0.96,0.1,-0.0056574,1,0,0
0.98,0.1,-0.016944,1,0,0
0.02,0.12,0.011789,1,0,0
0.04,0.12,0.014364,1,0,0
0.06,0.12,0.018834,1,0,0
0.08,0.12,0.025689,1,0,0
0.1,0.12,0.027278,1,0,0
0.12,0.12,0.007001,1,0,0
0.14,0.12,0.017104,1,0,0
0.16,0.12,0.025988,1,0,0
0.18,0.12,0.052928,1,0,0
0.2,0.12,0.023573,1,0,0
0.22,0.12,0.040699,1,0,0
0.24,0.12,-0.003633,1,0,0
0.26,0.12,0.0087526,1,0,0
0.28,0.12,0.020948,1,0,0
0.3,0.12,0.024852,1,0,0
0.32,0.12,0.0099749,1,0,0
0.34,0.12,0.033948,1,0,0
0.36,0.12,-0.017808,1,0,0
0.38,0.12,-0.067101,1,0,0
0.4,0.12,-0.031155,1,0,0
0.42,0.12,-0.060783,1,0,0
0.44,0.12,-0.05003,1,0,0
0.46,0.12,-0.021563,1,0,0
0.48,0.12,0.011788,1,0,0
0.5,0.12,0.018891,1,0,0
0.52,0.12,0.0076684,1,0,0
0.54,0.12,0.017568,1,0,0
0.56,0.12,0.0054867,1,0,0
0.58,0.12,-0.0069682,1,0,0
0.6,0.12,-0.021736,1,0,0
0.62,0.12,-0.0027081,1,0,0
0.64,0.12,0.017339,1,0,0
0.66,0.12,0.0071535,1,0,0
0.68,0.12,0.018878,1,0,0
0.7,0.12,0.029634,1,0,0
0.72,0.12,-0.0093346,1,0,0
0.74,0.12,0.026478,1,0,0
0.76,0.12,0.020719,1,0,0
0.78,0.12,0.015744,1,0,0
0.8,0.12,-0.0086201,1,0,0
0.82,0.12,0.016087,1,0,0
0.84,0.12,0.0018566,1,0,0
0.86,0.12,-0.033317,1,0,0
0.88,0.12,-0.022136,1,0,0
0.9,0.12,-0.0060224,1,0,0
0.92,0.12,0.016615,1,0,0
0.94,0.12,0.024209,1,0,0
0.96,0.12,0.019706,1,0,0
0.98,0.12,0.0077276,1,0,0
0.02,0.14,0.02869,1,0,0
0.04,0.14,0.057881,1,0,0
0.06,0.14,0.031114,1,0,0
0.08,0.14,0.035814,1,0,0
0.1,0.14,0.013076,1,0,0
0.12,0.14,0.0058196,1,0,0
0.14,0.14,0.020427,1,0,0
0.16,0.14,0.025203,1,0,0
0.18,0.14,0.037255,1,0,0
0.2,0.14,-0.003402,1,0,0
0.22,0.14,0.019745,1,0,0
0.24,0.14,0.027817,1,0,0
0.26,0.14,0.00023028,1,0,0
0.28,0.14,0.021333,1,0,0
0.3,0.14,0.023101,1,0,0
0.32,0.14,0.026222,1,0,0
0.34,0.14,0.030528,1,0,0
0.36,0.14,0.0060047,1,0,0
0.38,0.14,-0.014726,1,0,0
0.4,0.14,-0.062908,1,0,0
0.42,0.14,-0.086955,1,0,0
0.44,0.14,-0.060828,1,0,0
0.46,0.14,-0.013378,1,0,0
0.48,0.14,-0.031733,1,0,0
0.5,0.14,-0.016741,1,0,0
0.52,0.14,0.021071,1,0,0
0.54,0.14,0.0068458,1,0,0
0.56,0.14,-0.00019158,1,0,0
0.58,0.14,0.011704,1,0,0
0.6,0.14,-0.0057102,1,0,0
0.62,0.14,0.0161,1,0,0
0.64,0.14,0.05078,1,0,0
0.66,0.14,0.067115,1,0,0
0.68,0.14,0.024528,1,0,0
0.7,0.14,-0.0053546,1,0,0
0.72,0.14,-0.0097386,1,0,0
0.74,0.14,0.013104,1,0,0
0.76,0.14,0.045168,1,0,0
0.78,0.14,0.045303,1,0,0
0.8,0.14,0.0070112,1,0,0
0.82,0.14,0.030078,1,0,0
0.84,0.14,0.019178,1,0,0
0.86,0.14,0.028983,1,0,0
0.88,0.14,0.010723,1,0,0
0.9,0.14,0.050403,1,0,0
0.92,0.14,0.036367,1,0,0
0.94,0.14,0.034637,1,0,0
0.96,0.14,0.019605,1,0,0
0.98,0.14,0.028833,1,0,0
0.02,0.16,0.044976,1,0,0
0.04,0.16,0.012438,1,0,0
0.06,0.16,0.024574,1,0,0
0.08,0.16,0.030982,1,0,0
0.1,0.16,0.039575,1,0,0
0.12,0.16,0.007487,1,0,0
0.14,0.16,0.018356,1,0,0
0.16,0.16,0.0082237,1,0,0
0.18,0.16,0.00086321,1,0,0
0.2,0.16,0.036941,1,0,0
0.22,0.16,0.049663,1,0,0
0.24,0.16,0.020895,1,0,0
0.26,0.16,-0.017057,1,0,0
0.28,0.16,0.039966,1,0,0
0.3,0.16,0.010636,1,0,0
0.32,0.16,0.020057,1,0,0
0.34,0.16,0.023259,1,0,0
0.36,0.16,-0.0018713,1,0,0
0.38,0.16,-0.013716,1,0,0
0.4,0.16,-0.055249,1,0,0
0.42,0.16,-0.054652,1,0,0
0.44,0.16,-0.053804,1,0,0
0.46,0.16,-0.025815,1,0,0
0.48,0.16,-0.042633,1,0,0
0.5,0.16,-0.057108,1,0,0
0.52,0.16,-0.027769,1,0,0
0.54,0.16,-0.0041518,1,0,0
0.56,0.16,-0.035565,1,0,0
0.58,0.16,0.0081242,1,0,0
0.6,0.16,0.01862,1,0,0
0.62,0.16,0.024945,1,0,0
0.64,0.16,0.034232,1,0,0
0.66,0.16,0.055818,1,0,0
0.68,0.16,0.012003,1,0,0
0.7,0.16,-0.0002662,1,0,0
0.72,0.16,0.01407,1,0,0
0.74,0.16,0.017576,1,0,0
0.76,0.16,0.026644,1,0,0
0.78,0.16,0.0025329,1,0,0
0.8,0.16,0.026284,1,0,0
0.82,0.16,0.041514,1,0,0
0.84,0.16,0.00080035,1,0,0
0.86,0.16,0.038614,1,0,0
0.88,0.16,0.019065,1,0,0
0.9,0.16,0.020139,1,0,0
0.92,0.16,0.011897,1,0,0
0.94,0.16,0.028808,1,0,0
0.96,0.16,0.017769,1,0,0
0.98,0.16,0.0059474,1,0,0
0.02,0.18,-0.030079,1,0,0
0.04,0.18,-0.027036,1,0,0
0.06,0.18,-0.0097231,1,0,0
0.08,0.18,-0.020221,1,0,0
0.1,0.18,0.015901,1,0,0
0.12,0.18,0.019494,1,0,0
0.14,0.18,0.018198,1,0,0
0.16,0.18,0.01143,1,0,0
0.18,0.18,0.0058257,1,0,0
0.2,0.18,0.015101,1,0,0
0.22,0.18,0.0018973,1,0,0
0.24,0.18,-0.026288,1,0,0
0.26,0.18,-0.0036468,1,0,0
0.28,0.18,-0.0081872,1,0,0
0.3,0.18,0.004641,1,0,0
0.32,0.18,-0.050443,1,0,0
0.34,0.18,-0.030234,1,0,0
0.36,0.18,-0.024725,1,0,0
0.38,0.18,-0.026384,1,0,0
0.4,0.18,-0.035324,1,0,0
0.42,0.18,-0.044751,1,0,0
0.44,0.18,-0.055539,1,0,0
0.46,0.18,-0.060667,1,0,0
0.48,0.18,-0.05631,1,0,0
0.5,0.18,-0.079342,1,0,0
0.52,0.18,-0.056169,1,0,0
0.54,0.18,-0.061865,1,0,0
0.56,0.18,-0.038546,1,0,0
0.58,0.18,-0.028307,1,0,0
0.6,0.18,-0.031043,1,0,0
0.62,0.18,-0.019883,1,0,0
0.64,0.18,0.011298,1,0,0
0.66,0.18,0.030312,1,0,0
0.68,0.18,0.024628,1,0,0
0.7,0.18,0.0093845,1,0,0
0.72,0.18,0.0075795,1,0,0
0.74,0.18,0.0096388,1,0,0
0.76,0.18,-0.0087291,1,0,0
0.78,0.18,0.037508,1,0,0
0.8,0.18,0.0096386,1,0,0
0.82,0.18,-0.004671,1,0,0
0.84,0.18,0.0023034,1,0,0
0.86,0.18,0.011306,1,0,0
0.88,0.18,0.016708,1,0,0
0.9,0.18,-0.0083061,1,0,0
0.92,0.18,-0.0062794,1,0,0
0.94,0.18,-0.02685,1,0,0
0.96,0.18,-0.030263,1,0,0
0.98,0.18,-0.028099,1,0,0
0.02,0.2,-0.04412,1,0,0
0.04,0.2,-0.040796,1,0,0
0.06,0.2,-0.011227,1,0,0
0.08,0.2,-0.02971,1,0,0
0.1,0.2,0.00027027,1,0,0
0.12,0.2,-0.017243,1,0,0
0.14,0.2,0.0081288,1,0,0
0.16,0.2,-0.011919,1,0,0
0.18,0.2,0.036842,1,0,0
0.2,0.2,-0.02845,1,0,0
0.22,0.2,0.0064744,1,0,0
0.24,0.2,-0.0074014,1,0,0
0.26,0.2,-0.015351,1,0,0
0.28,0.2,-0.021253,1,0,0
0.3,0.2,-0.026231,1,0,0
0.32,0.2,-0.015884,1,0,0
0.34,0.2,-0.022597,1,0,0
0.36,0.2,-0.019251,1,0,0
0.38,0.2,-0.022067,1,0,0
0.4,0.2,-0.048869,1,0,0
0.42,0.2,-0.033467,1,0,0
0.44,0.2,-0.04155,1,0,0
0.46,0.2,-0.074418,1,0,0
0.48,0.2,-0.056326,1,0,0
0.5,0.2,-0.071151,1,0,0
0.52,0.2,-0.089492,1,0,0
0.54,0.2,-0.051283,1,0,0
0.56,0.2,-0.03811,1,0,0
0.58,0.2,-0.03351,1,0,0
0.6,0.2,-0.0083815,1,0,0
0.62,0.2,-0.017194,1,0,0
0.64,0.2,0.017299,1,0,0
0.66,0.2,0.031809,1,0,0
0.68,0.2,0.018858,1,0,0
0.7,0.2,-0.002626,1,0,0
0.72,0.2,0.032751,1,0,0
0.74,0.2,0.0050139,1,0,0
0.76,0.2,0.0064386,1,0,0
0.78,0.2,-0.021344,1,0,0
0.8,0.2,-0.0020028,1,0,0
0.82,0.2,0.016572,1,0,0
0.84,0.2,0.010353,1,0,0
0.86,0.2,0.029954,1,0,0
0.88,0.2,0.011035,1,0,0
0.9,0.2,-0.019083,1,0,0
0.92,0.2,0.0041254,1,0,0
0.94,0.2,-0.013298,1,0,0
0.96,0.2,-0.033237,1,0,0
0.98,0.2,-0.05141,1,0,0
0.02,0.22,-0.022422,1,0,0
0.04,0.22,0.031389,1,0,0
0.06,0.22,0.018972,1,0,0
0.08,0.22,-0.0092589,1,0,0
0.1,0.22,0.0020638,1,0,0
0.12,0.22,-0.025608,1,0,0
0.14,0.22,-0.0015049,1,0,0
0.16,0.22,-0.017917,1,0,0
0.18,0.22,0.025779,1,0,0
0.2,0.22,-0.022449,1,0,0
0.22,0.22,0.0032713,1,0,0
0.24,0.22,0.018425,1,0,0
0.26,0.22,0.01812,1,0,0
0.28,0.22,0.00041368,1,0,0
0.3,0.22,-0.01761,1,0,0
0.32,0.22,-0.01621,1,0,0
0.34,0.22,-0.013102,1,0,0
0.36,0.22,-0.0016646,1,0,0
0.38,0.22,-0.0047364,1,0,0
0.4,0.22,-0.0075897,1,0,0
0.42,0.22,-0.0083495,1,0,0
0.44,0.22,-0.03767,1,0,0
0.46,0.22,-0.03816,1,0,0
0.48,0.22,-0.027483,1,0,0
0.5,0.22,-0.060884,1,0,0
0.52,0.22,-0.049924,1,0,0
0.54,0.22,-0.047892,1,0,0
0.56,0.22,-0.036892,1,0,0
0.58,0.22,-0.031464,1,0,0
0.6,0.22,-0.019813,1,0,0
0.62,0.22,0.053505,1,0,0
0.64,0.22,0.017914,1,0,0
0.66,0.22,0.024201,1,0,0
0.68,0.22,0.024295,1,0,0
0.7,0.22,-0.0096087,1,0,0
0.72,0.22,0.0094476,1,0,0
0.74,0.22,-0.0016683,1,0,0
0.76,0.22,0.015007,1,0,0
0.78,0.22,-0.020197,1,0,0
0.8,0.22,-0.00099156,1,0,0
0.82,0.22,0.00048732,1,0,0
0.84,0.22,0.027994,1,0,0
0.86,0.22,-0.00041247,1,0,0
0.88,0.22,0.023084,1,0,0
0.9,0.22,0.0074672,1,0,0
0.92,0.22,0.02847,1,0,0
0.94,0.22,-0.0077111,1,0,0
0.96,0.22,-0.01552,1,0,0
0.98,0.22,-0.056439,1,0,0
0.02,0.24,-0.029763,1,0,0
0.04,0.24,-0.0048747,1,0,0
0.06,0.24,-0.0028606,1,0,0
0.08,0.24,0.0043352,1,0,0
0.1,0.24,-0.016411,1,0,0
0.12,0.24,-0.031048,1,0,0
0.14,0.24,-0.059763,1,0,0
0.16,0.24,-0.030181,1,0,0
0.18,0.24,-0.020774,1,0,0
0.2,0.24,-0.026089,1,0,0
0.22,0.24,-0.03637,1,0,0
0.24,0.24,-0.031386,1,0,0
0.26,0.24,-0.026395,1,0,0
0.28,0.24,-0.038199,1,0,0
0.3,0.24,-0.0065533,1,0,0
0.32,0.24,-0.031012,1,0,0
0.34,0.24,-0.046222,1,0,0
0.36,0.24,-0.037728,1,0,0
0.38,0.24,0.009262,1,0,0
0.4,0.24,-0.028059,1,0,0
0.42,0.24,-0.035464,1,0,0
0.44,0.24,-0.041059,1,0,0
0.46,0.24,-0.04796,1,0,0
0.48,0.24,-0.042213,1,0,0
0.5,0.24,-0.054823,1,0,0
0.52,0.24,-0.047305,1,0,0
0.54,0.24,-0.047003,1,0,0
0.56,0.24,-0.062634,1,0,0
0.58,0.24,-0.022852,1,0,0
0.6,0.24,0.0086706,1,0,0
0.62,0.24,0.0011405,1,0,0
0.64,0.24,-0.0017106,1,0,0
0.66,0.24,-0.021106,1,0,0
0.68,0.24,-5.1854e-05,1,0,0
0.7,0.24,0.0078908,1,0,0
0.72,0.24,-0.016748,1,0,0
0.74,0.24,-0.038502,1,0,0
0.76,0.24,-0.019031,1,0,0
0.78,0.24,-0.027812,1,0,0
0.8,0.24,0.001115,1,0,0
0.82,0.24,0.0017354,1,0,0
0.84,0.24,-0.012237,1,0,0
0.86,0.24,-0.019441,1,0,0
0.88,0.24,0.015777,1,0,0
0.9,0.24,0.0010705,1,0,0
0.92,0.24,0.0060923,1,0,0
0.94,0.24,-0.0302,1,0,0
0.96,0.24,-0.007141,1,0,0
0.98,0.24,-0.020095,1,0,0
0.02,0.26,-0.02692,1,0,0
0.04,0.26,-0.028079,1,0,0
0.06,0.26,0.0046061,1,0,0
0.08,0.26,0.0030567,1,0,0
0.1,0.26,-0.027906,1,0,0
0.12,0.26,-0.012879,1,0,0
0.14,0.26,-0.010617,1,0,0
0.16,0.26,-0.014883,1,0,0
0.18,0.26,-0.049513,1,0,0
0.2,0.26,-0.03042,1,0,0
0.22,0.26,-0.048678,1,0,0
0.24,0.26,-0.018736,1,0,0
0.26,0.26,-0.02643,1,0,0
0.28,0.26,0.0077862,1,0,0
0.3,0.26,-0.0092324,1,0,0
0.32,0.26,-0.02008,1,0,0
0.34,0.26,-0.024016,1,0,0
0.36,0.26,-0.022813,1,0,0
0.38,0.26,-0.021665,1,0,0
0.4,0.26,-0.0058871,1,0,0
0.42,0.26,0.012478,1,0,0
0.44,0.26,-0.039221,1,0,0
0.46,0.26,-0.017641,1,0,0
0.48,0.26,-0.056256,1,0,0
0.5,0.26,-0.013815,1,0,0
0.52,0.26,-0.016757,1,0,0
0.54,0.26,-0.018071,1,0,0
0.56,0.26,-0.016035,1,0,0
0.58,0.26,-0.010666,1,0,0
0.6,0.26,-0.025298,1,0,0
0.62,0.26,-0.0040545,1,0,0
0.64,0.26,-0.0090802,1,0,0
0.66,0.26,-0.023314,1,0,0
0.68,0.26,0.016607,1,0,0
0.7,0.26,-0.02559,1,0,0
0.72,0.26,-0.005847,1,0,0
0.74,0.26,-0.014917,1,0,0
0.76,0.26,-0.046247,1,0,0
0.78,0.26,-0.025649,1,0,0
0.8,0.26,-0.00080676,1,0,0
0.82,0.26,-0.022934,1,0,0
0.84,0.26,-0.036725,1,0,0
0.86,0.26,-0.010855,1,0,0
0.88,0.26,0.011786,1,0,0
0.9,0.26,-0.017899,1,0,0
0.92,0.26,-0.01442,1,0,0
0.94,0.26,-0.00061576,1,0,0
0.96,0.26,-0.022898,1,0,0
0.98,0.26,-0.040616,1,0,0
0.02,0.28,-0.047287,1,0,0
0.04,0.28,-0.009397,1,0,0
0.06,0.28,0.0021319,1,0,0
0.08,0.28,0.014891,1,0,0
0.1,0.28,-0.053587,1,0,0
0.12,0.28,-0.019314,1,0,0
0.14,0.28,-0.024614,1,0,0
0.16,0.28,-0.04159,1,0,0
0.18,0.28,-0.043327,1,0,0
0.2,0.28,-0.054387,1,0,0
0.22,0.28,-0.029626,1,0,0
0.24,0.28,0.02584,1,0,0
0.26,0.28,0.017601,1,0,0
0.28,0.28,0.0090326,1,0,0
0.3,0.28,-0.032166,1,0,0
0.32,0.28,-0.013371,1,0,0
0.34,0.28,-0.033478,1,0,0
0.36,0.28,-0.043903,1,0,0
0.38,0.28,-0.036878,1,0,0
0.4,0.28,-0.032042,1,0,0
0.42,0.28,0.0069513,1,0,0
0.44,0.28,0.016347,1,0,0
0.46,0.28,-0.0056585,1,0,0
0.48,0.28,-0.036374,1,0,0
0.5,0.28,-0.025739,1,0,0
0.52,0.28,-0.0044704,1,0,0
0.54,0.28,-0.032011,1,0,0
0.56,0.28,-0.0040068,1,0,0
0.58,0.28,0.01797,1,0,0
0.6,0.28,-0.031773,1,0,0
0.62,0.28,-0.026674,1,0,0
0.64,0.28,-0.01045,1,0,0
0.66,0.28,0.00096798,1,0,0
0.68,0.28,-0.027446,1,0,0
0.7,0.28,0.0061357,1,0,0
0.72,0.28,-0.0079822,1,0,0
0.74,0.28,-0.023214,1,0,0
0.76,0.28,-0.018986,1,0,0
0.78,0.28,-0.031095,1,0,0
0.8,0.28,-0.028095,1,0,0
0.82,0.28,-0.028523,1,0,0
0.84,0.28,-0.037504,1,0,0
0.86,0.28,0.0059581,1,0,0
0.88,0.28,0.0090563,1,0,0
0.9,0.28,-0.044129,1,0,0
0.92,0.28,-0.0027632,1,0,0
0.94,0.28,-0.021136,1,0,0
0.96,0.28,-0.0080567,1,0,0
0.98,0.28,-0.025759,1,0,0
0.02,0.3,0.00061165,1,0,0
0.04,0.3,-0.021587,1,0,0
0.06,0.3,-0.018291,1,0,0
0.08,0.3,-0.012307,1,0,0
0.1,0.3,-0.023402,1,0,0
0.12,0.3,-0.016562,1,0,0
0.14,0.3,-0.0016192,1,0,0
0.16,0.3,-0.027336,1,0,0
0.18,0.3,-0.048127,1,0,0
0.2,0.3,-0.043738,1,0,0
0.22,0.3,0.014481,1,0,0
0.24,0.3,0.01845,1,0,0
0.26,0.3,0.026452,1,0,0
0.28,0.3,0.024629,1,0,0
0.3,0.3,0.01177,1,0,0
0.32,0.3,-0.0062433,1,0,0
0.34,0.3,0.00029788,1,0,0
0.36,0.3,-0.024593,1,0,0
0.38,0.3,-0.039094,1,0,0
0.4,0.3,0.0067556,1,0,0
0.42,0.3,0.0088839,1,0,0
0.44,0.3,0.014247,1,0,0
0.46,0.3,-0.0099646,1,0,0
0.48,0.3,-0.040312,1,0,0
0.5,0.3,-0.025702,1,0,0
0.52,0.3,0.020195,1,0,0
0.54,0.3,-0.021476,1,0,0
0.56,0.3,0.0013561,1,0,0
0.58,0.3,0.0056565,1,0,0
0.6,0.3,-0.027729,1,0,0
0.62,0.3,0.0043063,1,0,0
0.64,0.3,0.010325,1,0,0
0.66,0.3,-0.021633,1,0,0
0.68,0.3,0.021087,1,0,0
0.7,0.3,0.021456,1,0,0
0.72,0.3,0.0056318,1,0,0
0.74,0.3,0.0057196,1,0,0
0.76,0.3,0.0070237,1,0,0
0.78,0.3,-0.014599,1,0,0
0.8,0.3,-0.0067618,1,0,0
0.82,0.3,-0.0065298,1,0,0
0.84,0.3,-0.036148,1,0,0
0.86,0.3,-0.018671,1,0,0
0.88,0.3,0.0028988,1,0,0
0.9,0.3,-0.0096155,1,0,0
0.92,0.3,-0.04121,1,0,0
0.94,0.3,-0.011243,1,0,0
0.96,0.3,0.0086166,1,0,0
0.98,0.3,0.004284,1,0,0
0.02,0.32,0.017788,1,0,0
0.04,0.32,-0.033553,1,0,0
0.06,0.32,-0.0078361,1,0,0
0.08,0.32,-0.032223,1,0,0
0.1,0.32,-0.02469,1,0,0
0.12,0.32,-0.03509,1,0,0
0.14,0.32,-0.003632,1,0,0
0.16,0.32,-0.014176,1,0,0
0.18,0.32,-0.0037847,1,0,0
0.2,0.32,0.0019306,1,0,0
0.22,0.32,0.02174,1,0,0
0.24,0.32,0.018142,1,0,0
0.26,0.32,0.045098,1,0,0
0.28,0.32,0.048858,1,0,0
0.3,0.32,0.05959,1,0,0
0.32,0.32,0.029873,1,0,0
0.34,0.32,-0.0091923,1,0,0
0.36,0.32,-0.007766,1,0,0
0.38,0.32,-0.017742,1,0,0
0.4,0.32,0.0061653,1,0,0
0.42,0.32,-0.02128,1,0,0
0.44,0.32,-0.0015434,1,0,0
0.46,0.32,0.0029551,1,0,0
0.48,0.32,-0.019813,1,0,0
0.5,0.32,-0.029783,1,0,0
0.52,0.32,0.0030283,1,0,0
0.54,0.32,-0.0012664,1,0,0
0.56,0.32,-0.011368,1,0,0
0.58,0.32,0.0080374,1,0,0
0.6,0.32,0.0032656,1,0,0
0.62,0.32,0.0015492,1,0,0
0.64,0.32,0.012588,1,0,0
0.66,0.32,-0.0055227,1,0,0
0.68,0.32,0.06893,1,0,0
0.7,0.32,0.040333,1,0,0
0.72,0.32,-0.025222,1,0,0
0.74,0.32,-0.054753,1,0,0
0.76,0.32,-0.01645,1,0,0
0.78,0.32,-0.026281,1,0,0
0.8,0.32,0.0047049,1,0,0
0.82,0.32,0.0082794,1,0,0
0.84,0.32,-0.0093144,1,0,0
0.86,0.32,-0.019238,1,0,0
0.88,0.32,0.040174,1,0,0
0.9,0.32,0.0078133,1,0,0
0.92,0.32,-0.036363,1,0,0
0.94,0.32,-0.042635,1,0,0
0.96,0.32,0.00063451,1,0,0
0.98,0.32,0.011433,1,0,0
0.02,0.34,0.011308,1,0,0
0.04,0.34,-0.0073048,1,0,0
0.06,0.34,-0.0090686,1,0,0
0.08,0.34,-0.059478,1,0,0
0.1,0.34,-0.068007,1,0,0
0.12,0.34,-0.042369,1,0,0
0.14,0.34,-0.029392,1,0,0
0.16,0.34,-0.026881,1,0,0
0.18,0.34,0.0085267,1,0,0
0.2,0.34,-0.039129,1,0,0
0.22,0.34,0.019796,1,0,0
0.24,0.34,0.036022,1,0,0
0.26,0.34,0.037898,1,0,0
0.28,0.34,0.029644,1,0,0
0.3,0.34,0.028307,1,0,0
0.32,0.34,0.049422,1,0,0
0.34,0.34,0.025328,1,0,0
0.36,0.34,-0.027144,1,0,0
0.38,0.34,-0.031445,1,0,0
0.4,0.34,-0.02825,1,0,0
0.42,0.34,-0.040151,1,0,0
0.44,0.34,-0.033193,1,0,0
0.46,0.34,-0.033923,1,0,0
0.48,0.34,-0.056753,1,0,0
0.5,0.34,-0.044837,1,0,0
0.52,0.34,0.0090925,1,0,0
0.54,0.34,-0.02207,1,0,0
0.56,0.34,-0.01137,1,0,0
0.58,0.34,-0.023268,1,0,0
0.6,0.34,-0.0008175,1,0,0
0.62,0.34,0.016069,1,0,0
0.64,0.34,0.027848,1,0,0
0.66,0.34,0.020042,1,0,0
0.68,0.34,0.034215,1,0,0
0.7,0.34,0.0021109,1,0,0
0.72,0.34,-0.020438,1,0,0
0.74,0.34,-0.033536,1,0,0
0.76,0.34,-0.021128,1,0,0
0.78,0.34,-0.038972,1,0,0
0.8,0.34,-0.0071512,1,0,0
0.82,0.34,0.01608,1,0,0
0.84,0.34,0.017556,1,0,0
0.86,0.34,-0.022438,1,0,0
0.88,0.34,-0.00059533,1,0,0
0.9,0.34,-0.012954,1,0,0
0.92,0.34,0.012277,1,0,0
0.94,0.34,-0.029164,1,0,0
0.96,0.34,0.020761,1,0,0
0.98,0.34,-0.019251,1,0,0
0.02,0.36,-0.013433,1,0,0
0.04,0.36,-0.014775,1,0,0
0.06,0.36,-0.0022349,1,0,0
0.08,0.36,-0.044231,1,0,0
0.1,0.36,-0.082438,1,0,0
0.12,0.36,-0.06786,1,0,0
0.14,0.36,-0.003012,1,0,0
0.16,0.36,0.0093692,1,0,0
0.18,0.36,0.020906,1,0,0
0.2,0.36,0.016089,1,0,0
0.22,0.36,0.031518,1,0,0
0.24,0.36,0.020585,1,0,0
0.26,0.36,0.038083,1,0,0
0.28,0.36,0.035848,1,0,0
0.3,0.36,-0.01021,1,0,0
0.32,0.36,-0.014771,1,0,0
0.34,0.36,-0.0021005,1,0,0
0.36,0.36,-0.011578,1,0,0
0.38,0.36,-0.041249,1,0,0
0.4,0.36,-0.03786,1,0,0
0.42,0.36,-0.0055089,1,0,0
0.44,0.36,-0.046454,1,0,0
0.46,0.36,-0.019246,1,0,0
0.48,0.36,-0.018412,1,0,0
0.5,0.36,-0.027774,1,0,0
0.52,0.36,-0.031461,1,0,0
0.54,0.36,-0.04408,1,0,0
0.56,0.36,-0.032552,1,0,0
0.58,0.36,-0.036546,1,0,0
0.6,0.36,-0.01027,1,0,0
0.62,0.36,-0.013123,1,0,0
0.64,0.36,0.016254,1,0,0
0.66,0.36,0.002763,1,0,0
0.68,0.36,0.022717,1,0,0
0.7,0.36,-0.023653,1,0,0
0.72,0.36,-0.01965,1,0,0
0.74,0.36,-0.045858,1,0,0
0.76,0.36,-0.027746,1,0,0
0.78,0.36,-0.033439,1,0,0
0.8,0.36,-0.0049085,1,0,0
0.82,0.36,0.023212,1,0,0
0.84,0.36,-0.0079134,1,0,0
0.86,0.36,-0.0044919,1,0,0
0.88,0.36,-0.016385,1,0,0
0.9,0.36,-0.062468,1,0,0
0.92,0.36,-0.037422,1,0,0
0.94,0.36,-0.0047954,1,0,0
0.96,0.36,-0.031974,1,0,0
0.98,0.36,-0.03255,1,0,0
0.02,0.38,0.00058893,1,0,0
0.04,0.38,-0.026265,1,0,0
0.06,0.38,-0.002464,1,0,0
0.08,0.38,-0.049884,1,0,0
0.1,0.38,-0.029919,1,0,0
0.12,0.38,0.0094404,1,0,0
0.14,0.38,-0.0072926,1,0,0
0.16,0.38,0.032591,1,0,0
0.18,0.38,0.031585,1,0,0
0.2,0.38,0.025672,1,0,0
0.22,0.38,0.034151,1,0,0
0.24,0.38,0.011699,1,0,0
0.26,0.38,0.022258,1,0,0
0.28,0.38,0.04045,1,0,0
0.3,0.38,0.037713,1,0,0
0.32,0.38,0.00031236,1,0,0
0.34,0.38,-0.030965,1,0,0
0.36,0.38,-0.024531,1,0,0
0.38,0.38,-0.019799,1,0,0
0.4,0.38,-0.015114,1,0,0
0.42,0.38,-0.018754,1,0,0
0.44,0.38,-0.005478,1,0,0
0.46,0.38,-0.023601,1,0,0
0.48,0.38,-0.0075852,1,0,0
0.5,0.38,0.0093477,1,0,0
0.52,0.38,0.0068008,1,0,0
0.54,0.38,-0.0056235,1,0,0
0.56,0.38,-0.034113,1,0,0
0.58,0.38,-0.020575,1,0,0
0.6,0.38,-0.015386,1,0,0
0.62,0.38,-0.024278,1,0,0
0.64,0.38,-0.0043244,1,0,0
0.66,0.38,0.011024,1,0,0
0.68,0.38,0.006599,1,0,0
0.7,0.38,0.028136,1,0,0
0.72,0.38,0.020485,1,0,0
0.74,0.38,-0.010587,1,0,0
0.76,0.38,-0.055336,1,0,0
0.78,0.38,-0.019196,1,0,0
0.8,0.38,0.010573,1,0,0
0.82,0.38,0.011902,1,0,0
0.84,0.38,0.0041186,1,0,0
0.86,0.38,0.011155,1,0,0
0.88,0.38,0.013265,1,0,0
0.9,0.38,-0.018886,1,0,0
0.92,0.38,0.0092151,1,0,0
0.94,0.38,0.00071866,1,0,0
0.96,0.38,-0.011714,1,0,0
0.98,0.38,-0.014464,1,0,0
0.02,0.4,0.013745,1,0,0
0.04,0.4,0.021988,1,0,0
0.06,0.4,0.0082372,1,0,0
0.08,0.4,0.003052,1,0,0
0.1,0.4,-0.0065978,1,0,0
0.12,0.4,-0.012653,1,0,0
0.14,0.4,-0.010192,1,0,0
0.16,0.4,0.0075051,1,0,0
0.18,0.4,0.0068532,1,0,0
0.2,0.4,-0.0026271,1,0,0
0.22,0.4,0.023029,1,0,0
0.24,0.4,0.01685,1,0,0
0.26,0.4,0.036703,1,0,0
0.28,0.4,0.061618,1,0,0
0.3,0.4,0.054963,1,0,0
0.32,0.4,-0.012288,1,0,0
0.34,0.4,-0.057561,1,0,0
0.36,0.4,-0.0098664,1,0,0
0.38,0.4,-0.017248,1,0,0
0.4,0.4,-0.011739,1,0,0
0.42,0.4,0.0096575,1,0,0
0.44,0.4,-0.0072623,1,0,0
0.46,0.4,-0.011841,1,0,0
0.48,0.4,0.0026818,1,0,0
0.5,0.4,-0.023751,1,0,0
0.52,0.4,-0.0094216,1,0,0
0.54,0.4,0.0027638,1,0,0
0.56,0.4,-0.0012102,1,0,0
0.58,0.4,-0.00036955,1,0,0
0.6,0.4,-0.0055221,1,0,0
0.62,0.4,0.0056458,1,0,0
0.64,0.4,-0.028608,1,0,0
0.66,0.4,0.017512,1,0,0
0.68,0.4,0.015725,1,0,0
0.7,0.4,0.0095661,1,0,0
0.72,0.4,-0.0019036,1,0,0
0.74,0.4,-0.018221,1,0,0
0.76,0.4,-0.055017,1,0,0
0.78,0.4,-0.0046831,1,0,0
0.8,0.4,-0.008146,1,0,0
0.82,0.4,0.020229,1,0,0
0.84,0.4,0.016114,1,0,0
0.86,0.4,0.031681,1,0,0
0.88,0.4,0.025964,1,0,0
0.9,0.4,0.0094834,1,0,0
0.92,0.4,0.010852,1,0,0
0.94,0.4,0.0022556,1,0,0
0.96,0.4,-0.0084288,1,0,0
0.98,0.4,0.0073574,1,0,0
0.02,0.42,0.025935,1,0,0
0.04,0.42,0.035663,1,0,0
0.06,0.42,0.018407,1,0,0
0.08,0.42,0.021943,1,0,0
0.1,0.42,0.019435,1,0,0
0.12,0.42,0.0062426,1,0,0
0.14,0.42,0.0029978,1,0,0
0.16,0.42,0.01394,1,0,0
0.18,0.42,0.017479,1,0,0
0.2,0.42,-0.045263,1,0,0
0.22,0.42,0.034272,1,0,0
0.24,0.42,0.040326,1,0,0
0.26,0.42,0.018542,1,0,0
0.28,0.42,0.03612,1,0,0
0.3,0.42,0.010573,1,0,0
0.32,0.42,0.019117,1,0,0
0.34,0.42,-0.005297,1,0,0
0.36,0.42,0.0011839,1,0,0
0.38,0.42,0.0097012,1,0,0
0.4,0.42,-0.010943,1,0,0
0.42,0.42,0.027116,1,0,0
0.44,0.42,0.01744,1,0,0
0.46,0.42,0.0068881,1,0,0
0.48,0.42,-0.013414,1,0,0
0.5,0.42,-0.020606,1,0,0
0.52,0.42,-0.01569,1,0,0
0.54,0.42,0.019818,1,0,0
0.56,0.42,0.0020337,1,0,0
0.58,0.42,-0.0035143,1,0,0
0.6,0.42,0.0037354,1,0,0
0.62,0.42,-0.0045128,1,0,0
0.64,0.42,-0.00093897,1,0,0
0.66,0.42,0.017035,1,0,0
0.68,0.42,-0.016899,1,0,0
0.7,0.42,-0.036824,1,0,0
0.72,0.42,-0.0037618,1,0,0
0.74,0.42,-0.0051135,1,0,0
0.76,0.42,0.010571,1,0,0
0.78,0.42,-0.025944,1,0,0
0.8,0.42,-0.035241,1,0,0
0.82,0.42,0.028901,1,0,0
0.84,0.42,0.016202,1,0,0
0.86,0.42,0.026464,1,0,0
0.88,0.42,-0.018604,1,0,0
0.9,0.42,0.0049172,1,0,0
0.92,0.42,0.013881,1,0,0
0.94,0.42,-0.0036212,1,0,0
0.96,0.42,0.00048374,1,0,0
0.98,0.42,0.0014419,1,0,0
0.02,0.44,0.014576,1,0,0
0.04,0.44,0.031743,1,0,0
0.06,0.44,0.020351,1,0,0
0.08,0.44,0.013228,1,0,0
0.1,0.44,0.030628,1,0,0
0.12,0.44,0.006576,1,0,0
0.14,0.44,-0.032382,1,0,0
0.16,0.44,-0.02069,1,0,0
0.18,0.44,-0.020052,1,0,0
0.2,0.44,-0.026247,1,0,0
0.22,0.44,-0.0090639,1,0,0
0.24,0.44,-0.0067561,1,0,0
0.26,0.44,0.024869,1,0,0
0.28,0.44,0.0062082,1,0,0
0.3,0.44,0.023066,1,0,0
0.32,0.44,0.0043725,1,0,0
0.34,0.44,0.013276,1,0,0
0.36,0.44,-0.0016199,1,0,0
0.38,0.44,-0.018437,1,0,0
0.4,0.44,-0.0043577,1,0,0
0.42,0.44,0.00021435,1,0,0
0.44,0.44,-0.022179,1,0,0
0.46,0.44,0.01363,1,0,0
0.48,0.44,0.011551,1,0,0
0.5,0.44,-0.013605,1,0,0
0.52,0.44,-0.018014,1,0,0
0.54,0.44,-0.0056131,1,0,0
0.56,0.44,-0.019714,1,0,0
0.58,0.44,-0.010355,1,0,0
0.6,0.44,-0.039969,1,0,0
0.62,0.44,-0.00020138,1,0,0
0.64,0.44,0.00065785,1,0,0
0.66,0.44,0.019701,1,0,0
0.68,0.44,0.0075936,1,0,0
0.7,0.44,-0.013786,1,0,0
0.72,0.44,-0.0067682,1,0,0
0.74,0.44,-0.0068885,1,0,0
0.76,0.44,0.0058327,1,0,0
0.78,0.44,-0.0023551,1,0,0
0.8,0.44,-0.024348,1,0,0
0.82,0.44,-0.02871,1,0,0
0.84,0.44,0.0064228,1,0,0
0.86,0.44,-0.021264,1,0,0
0.88,0.44,0.027773,1,0,0
0.9,0.44,-0.0063078,1,0,0
0.92,0.44,0.026648,1,0,0
0.94,0.44,-0.015907,1,0,0
0.96,0.44,-0.0096052,1,0,0
0.98,0.44,-0.017913,1,0,0
0.02,0.46,0.032167,1,0,0
0.04,0.46,0.012799,1,0,0
0.06,0.46,0.032267,1,0,0
0.08,0.46,0.018859,1,0,0
0.1,0.46,0.034868,1,0,0
0.12,0.46,0.021805,1,0,0
0.14,0.46,-0.016225,1,0,0
0.16,0.46,-0.029391,1,0,0
0.18,0.46,-0.009764,1,0,0
0.2,0.46,0.0056769,1,0,0
0.22,0.46,0.013197,1,0,0
0.24,0.46,-0.017689,1,0,0
0.26,0.46,0.0020726,1,0,0
0.28,0.46,0.032883,1,0,0
0.3,0.46,0.034176,1,0,0
0.32,0.46,0.011418,1,0,0
0.34,0.46,0.022572,1,0,0
0.36,0.46,0.0011266,1,0,0
0.38,0.46,0.019205,1,0,0
0.4,0.46,-0.0012611,1,0,0
0.42,0.46,0.018507,1,0,0
0.44,0.46,-0.0065924,1,0,0
0.46,0.46,0.025384,1,0,0
0.48,0.46,0.014157,1,0,0
0.5,0.46,-0.0039064,1,0,0
0.52,0.46,-0.00953,1,0,0
0.54,0.46,0.014648,1,0,0
0.56,0.46,-0.0066011,1,0,0
0.58,0.46,0.0036687,1,0,0
0.6,0.46,-0.01476,1,0,0
0.62,0.46,-0.014287,1,0,0
0.64,0.46,0.0030419,1,0,0
0.66,0.46,0.0019941,1,0,0
0.68,0.46,0.0031397,1,0,0
0.7,0.46,-0.016024,1,0,0
0.72,0.46,0.011721,1,0,0
0.74,0.46,-0.016049,1,0,0
0.76,0.46,0.012918,1,0,0
0.78,0.46,0.0050183,1,0,0
0.8,0.46,0.025129,1,0,0
0.82,0.46,-0.0304,1,0,0
0.84,0.46,-0.0461,1,0,0
0.86,0.46,-0.026489,1,0,0
0.88,0.46,0.0065641,1,0,0
0.9,0.46,-0.028087,1,0,0
0.92,0.46,0.0064226,1,0,0
0.94,0.46,-0.0049656,1,0,0
0.96,0.46,0.0056271,1,0,0
0.98,0.46,-0.021738,1,0,0
0.02,0.48,0.013251,1,0,0
0.04,0.48,0.0063691,1,0,0
0.06,0.48,0.018369,1,0,0
0.08,0.48,0.026117,1,0,0
0.1,0.48,0.0044958,1,0,0
0.12,0.48,-0.012909,1,0,0
0.14,0.48,-0.0027987,1,0,0
0.16,0.48,-0.044248,1,0,0
0.18,0.48,-0.016554,1,0,0
0.2,0.48,-0.028525,1,0,0
0.22,0.48,0.0057181,1,0,0
0.24,0.48,-0.0062169,1,0,0
0.26,0.48,-0.012353,1,0,0
0.28,0.48,0.0037428,1,0,0
0.3,0.48,-0.010489,1,0,0
0.32,0.48,-0.013093,1,0,0
0.34,0.48,0.0085691,1,0,0
0.36,0.48,0.0015671,1,0,0
0.38,0.48,0.028574,1,0,0
0.4,0.48,0.01291,1,0,0
0.42,0.48,0.036342,1,0,0
0.44,0.48,0.0014854,1,0,0
0.46,0.48,0.039144,1,0,0
0.48,0.48,-0.024537,1,0,0
0.5,0.48,-0.03468,1,0,0
0.52,0.48,0.0037271,1,0,0
0.54,0.48,-0.040946,1,0,0
0.56,0.48,-0.021289,1,0,0
0.58,0.48,0.0050572,1,0,0
0.6,0.48,-0.016655,1,0,0
0.62,0.48,0.0038321,1,0,0
0.64,0.48,0.013596,1,0,0
0.66,0.48,0.0048312,1,0,0
0.68,0.48,-0.0046157,1,0,0
0.7,0.48,-0.046859,1,0,0
0.72,0.48,0.0017708,1,0,0
0.74,0.48,-0.004293,1,0,0
0.76,0.48,0.0015148,1,0,0
0.78,0.48,-0.0078438,1,0,0
0.8,0.48,-0.0064153,1,0,0
0.82,0.48,-0.015953,1,0,0
0.84,0.48,-0.040227,1,0,0
0.86,0.48,-0.032756,1,0,0
0.88,0.48,-0.021236,1,0,0
0.9,0.48,-0.026779,1,0,0
0.92,0.48,-0.025708,1,0,0
0.94,0.48,-0.032078,1,0,0
0.96,0.48,-0.0068664,1,0,0
0.98,0.48,-0.045873,1,0,0
0.02,0.5,0.012185,1,0,0
0.04,0.5,-0.00049668,1,0,0
0.06,0.5,0.031373,1,0,0
0.08,0.5,0.056259,1,0,0
0.1,0.5,0.012861,1,0,0
0.12,0.5,-0.0055263,1,0,0
0.14,0.5,0.023404,1,0,0
0.16,0.5,-0.0078549,1,0,0
0.18,0.5,-0.024038,1,0,0
0.2,0.5,-0.042743,1,0,0
0.22,0.5,-0.009508,1,0,0
0.24,0.5,-0.025217,1,0,0
0.26,0.5,-0.003638,1,0,0
0.28,0.5,0.016812,1,0,0
0.3,0.5,-0.017085,1,0,0
0.32,0.5,0.0093262,1,0,0
0.34,0.5,0.042828,1,0,0
0.36,0.5,0.029551,1,0,0
0.38,0.5,0.011441,1,0,0
0.4,0.5,0.027359,1,0,0
0.42,0.5,0.014421,1,0,0
0.44,0.5,-0.002569,1,0,0
0.46,0.5,0.023644,1,0,0
0.48,0.5,0.015448,1,0,0
0.5,0.5,-0.012486,1,0,0
0.52,0.5,0.0037947,1,0,0
0.54,0.5,-0.0030321,1,0,0
0.56,0.5,-0.0086004,1,0,0
0.58,0.5,0.015545,1,0,0
0.6,0.5,-0.0062785,1,0,0
0.62,0.5,0.009105,1,0,0
0.64,0.5,0.00055664,1,0,0
0.66,0.5,0.006304,1,0,0
0.68,0.5,-0.00072565,1,0,0
0.7,0.5,0.012516,1,0,0
0.72,0.5,-0.01396,1,0,0
0.74,0.5,0.017165,1,0,0
0.76,0.5,0.010981,1,0,0
0.78,0.5,-0.03448,1,0,0
0.8,0.5,-0.054211,1,0,0
0.82,0.5,-0.0019341,1,0,0
0.84,0.5,-0.020819,1,0,0
0.86,0.5,-0.0060531,1,0,0
0.88,0.5,0.032435,1,0,0
0.9,0.5,0.003643,1,0,0
0.92,0.5,0.029157,1,0,0
0.94,0.5,-0.0043445,1,0,0
0.96,0.5,-0.0074003,1,0,0
0.98,0.5,-0.045136,1,0,0
0.02,0.52,0.029979,1,0,0
0.04,0.52,0.015739,1,0,0
0.06,0.52,0.026291,1,0,0
0.08,0.52,0.013784,1,0,0
0.1,0.52,0.017,1,0,0
0.12,0.52,-0.011163,1,0,0
0.14,0.52,-0.038207,1,0,0
0.16,0.52,-0.033556,1,0,0
0.18,0.52,-0.01433,1,0,0
0.2,0.52,-0.045151,1,0,0
0.22,0.52,-0.031219,1,0,0
0.24,0.52,-0.019336,1,0,0
0.26,0.52,-0.015173,1,0,0
0.28,0.52,-0.0044418,1,0,0
0.3,0.52,0.0046066,1,0,0
0.32,0.52,0.0034084,1,0,0
0.34,0.52,-0.011995,1,0,0
0.36,0.52,-0.00040813,1,0,0
0.38,0.52,0.016269,1,0,0
0.4,0.52,0.040976,1,0,0
0.42,0.52,-0.0058568,1,0,0
0.44,0.52,-0.013307,1,0,0
0.46,0.52,-0.0015334,1,0,0
0.48,0.52,-0.025191,1,0,0
0.5,0.52,-0.0080551,1,0,0
0.52,0.52,0.0078261,1,0,0
0.54,0.52,-0.036486,1,0,0
0.56,0.52,-0.027044,1,0,0
0.58,0.52,0.024266,1,0,0
0.6,0.52,-0.012705,1,0,0
0.62,0.52,0.02032,1,0,0
0.64,0.52,0.0019868,1,0,0
0.66,0.52,-0.034899,1,0,0
0.68,0.52,-0.020208,1,0,0
0.7,0.52,-0.027979,1,0,0
0.72,0.52,-0.038944,1,0,0
0.74,0.52,-0.054107,1,0,0
0.76,0.52,-0.061154,1,0,0
0.78,0.52,-0.042969,1,0,0
0.8,0.52,-0.039977,1,0,0
0.82,0.52,-0.014612,1,0,0
0.84,0.52,-0.034895,1,0,0
0.86,0.52,-0.0031796,1,0,0
0.88,0.52,-0.00083164,1,0,0
0.9,0.52,0.042812,1,0,0
0.92,0.52,-0.002265,1,0,0
0.94,0.52,-0.010466,1,0,0
0.96,0.52,-0.04263,1,0,0
0.98,0.52,-0.039329,1,0,0
0.02,0.54,0.0027768,1,0,0
0.04,0.54,0.025219,1,0,0
0.06,0.54,0.016747,1,0,0
0.08,0.54,0.0060496,1,0,0
0.1,0.54,-0.034178,1,0,0
0.12,0.54,-0.026405,1,0,0
0.14,0.54,-0.025011,1,0,0
0.16,0.54,-0.03539,1,0,0
0.18,0.54,0.0012642,1,0,0
0.2,0.54,-0.010904,1,0,0
0.22,0.54,-0.031183,1,0,0
0.24,0.54,-0.048619,1,0,0
0.26,0.54,-0.036241,1,0,0
0.28,0.54,-0.026856,1,0,0
0.3,0.54,-0.03045,1,0,0
0.32,0.54,-0.020209,1,0,0
0.34,0.54,-0.014936,1,0,0
0.36,0.54,0.0024883,1,0,0
0.38,0.54,0.012304,1,0,0
0.4,0.54,0.002297,1,0,0
0.42,0.54,0.011022,1,0,0
0.44,0.54,-0.024474,1,0,0
0.46,0.54,-0.019592,1,0,0
0.48,0.54,-0.00029116,1,0,0
0.5,0.54,-0.032491,1,0,0
0.52,0.54,-0.012135,1,0,0
0.54,0.54,-0.039016,1,0,0
0.56,0.54,-0.021273,1,0,0
0.58,0.54,-0.00089795,1,0,0
0.6,0.54,-0.0073854,1,0,0
0.62,0.54,0.040644,1,0,0
0.64,0.54,-0.014204,1,0,0
0.66,0.54,-0.029898,1,0,0
0.68,0.54,-0.015518,1,0,0
0.7,0.54,-0.010492,1,0,0
0.72,0.54,-0.042441,1,0,0
0.74,0.54,-0.076495,1,0,0
0.76,0.54,-0.044726,1,0,0
0.78,0.54,-0.031563,1,0,0
0.8,0.54,-0.011568,1,0,0
0.82,0.54,-0.0018212,1,0,0
0.84,0.54,-0.040903,1,0,0
0.86,0.54,-0.0014329,1,0,0
0.88,0.54,0.0013223,1,0,0
0.9,0.54,0.010252,1,0,0
0.92,0.54,0.00079094,1,0,0
0.94,0.54,0.0043428,1,0,0
0.96,0.54,-0.012597,1,0,0
0.98,0.54,-0.015882,1,0,0
0.02,0.56,0.0060537,1,0,0
0.04,0.56,-0.0085297,1,0,0
0.06,0.56,0.035387,1,0,0
0.08,0.56,0.00077337,1,0,0
0.1,0.56,-0.026543,1,0,0
0.12,0.56,-0.0030275,1,0,0
0.14,0.56,0.018211,1,0,0
0.16,0.56,0.013002,1,0,0
0.18,0.56,0.0066707,1,0,0
0.2,0.56,-0.036637,1,0,0
0.22,0.56,-0.010175,1,0,0
0.24,0.56,-0.014118,1,0,0
0.26,0.56,-0.052361,1,0,0
0.28,0.56,-0.026444,1,0,0
0.3,0.56,-0.032082,1,0,0
0.32,0.56,0.010072,1,0,0
0.34,0.56,0.020287,1,0,0
0.36,0.56,0.010238,1,0,0
0.38,0.56,-0.00030408,1,0,0
0.4,0.56,-0.028257,1,0,0
0.42,0.56,-0.017279,1,0,0
0.44,0.56,-0.016305,1,0,0
0.46,0.56,-0.013973,1,0,0
0.48,0.56,-0.018138,1,0,0
0.5,0.56,0.010161,1,0,0
0.52,0.56,0.029504,1,0,0
0.54,0.56,-0.023586,1,0,0
0.56,0.56,-0.043213,1,0,0
0.58,0.56,-0.043344,1,0,0
0.6,0.56,-0.030464,1,0,0
0.62,0.56,0.0060991,1,0,0
0.64,0.56,0.0053544,1,0,0
0.66,0.56,-0.0029805,1,0,0
0.68,0.56,-0.0098922,1,0,0
0.7,0.56,-0.040281,1,0,0
0.72,0.56,-0.027583,1,0,0
0.74,0.56,-0.025925,1,0,0
0.76,0.56,-0.024274,1,0,0
0.78,0.56,-0.040737,1,0,0
0.8,0.56,-0.015235,1,0,0
0.82,0.56,-0.0091934,1,0,0
0.84,0.56,-0.029731,1,0,0
0.86,0.56,-0.013264,1,0,0
0.88,0.56,0.0011776,1,0,0
0.9,0.56,-0.014193,1,0,0
0.92,0.56,0.017456,1,0,0
0.94,0.56,-0.016767,1,0,0
0.96,0.56,-0.0057356,1,0,0
0.98,0.56,-0.040084,1,0,0
0.02,0.58,0.00085705,1,0,0
0.04,0.58,-0.014962,1,0,0
0.06,0.58,0.048334,1,0,0
0.08,0.58,-0.0090162,1,0,0
0.1,0.58,-0.027979,1,0,0
0.12,0.58,-0.045647,1,0,0
0.14,0.58,0.00028393,1,0,0
0.16,0.58,-0.0031359,1,0,0
0.18,0.58,-0.0075749,1,0,0
0.2,0.58,-0.013849,1,0,0
0.22,0.58,0.00048255,1,0,0
0.24,0.58,-0.0028032,1,0,0
0.26,0.58,-0.018668,1,0,0
0.28,0.58,-0.034052,1,0,0
0.3,0.58,0.01462,1,0,0
0.32,0.58,0.030151,1,0,0
0.34,0.58,0.018584,1,0,0
0.36,0.58,0.026123,1,0,0
0.38,0.58,0.0032443,1,0,0
0.4,0.58,-0.056593,1,0,0
0.42,0.58,-0.038025,1,0,0
0.44,0.58,-0.030193,1,0,0
0.46,0.58,-0.035005,1,0,0
0.48,0.58,-0.044372,1,0,0
0.5,0.58,-0.015682,1,0,0
0.52,0.58,0.0021675,1,0,0
0.54,0.58,-0.028733,1,0,0
0.56,0.58,-0.025824,1,0,0
0.58,0.58,-0.0026797,1,0,0
0.6,0.58,0.01872,1,0,0
0.62,0.58,-0.018789,1,0,0
0.64,0.58,0.026173,1,0,0
0.66,0.58,0.0082129,1,0,0
0.68,0.58,0.017728,1,0,0
0.7,0.58,-0.04229,1,0,0
0.72,0.58,-0.021631,1,0,0
0.74,0.58,-0.046239,1,0,0
0.76,0.58,-0.024148,1,0,0
0.78,0.58,-0.0041988,1,0,0
0.8,0.58,-0.0039261,1,0,0
0.82,0.58,0.0018232,1,0,0
0.84,0.58,-0.021035,1,0,0
0.86,0.58,-0.0015712,1,0,0
0.88,0.58,0.023691,1,0,0
0.9,0.58,-0.021076,1,0,0
0.92,0.58,-0.0016444,1,0,0
0.94,0.58,-0.0067491,1,0,0
0.96,0.58,-0.016604,1,0,0
0.98,0.58,0.010593,1,0,0
0.02,0.6,0.02432,1,0,0
0.04,0.6,-0.0067592,1,0,0
0.06,0.6,0.014411,1,0,0
0.08,0.6,-0.033438,1,0,0
0.1,0.6,-0.044071,1,0,0
0.12,0.6,-0.016143,1,0,0
0.14,0.6,-0.024602,1,0,0
0.16,0.6,-0.048568,1,0,0
0.18,0.6,-0.029933,1,0,0
0.2,0.6,-0.0481,1,0,0
0.22,0.6,0.0060142,1,0,0
0.24,0.6,-0.023405,1,0,0
0.26,0.6,-0.0069293,1,0,0
0.28,0.6,0.0044633,1,0,0
0.3,0.6,0.01435,1,0,0
0.32,0.6,0.013221,1,0,0
0.34,0.6,0.018902,1,0,0
0.36,0.6,-0.016436,1,0,0
0.38,0.6,-0.026648,1,0,0
0.4,0.6,-0.033906,1,0,0
0.42,0.6,-0.026645,1,0,0
0.44,0.6,-0.040869,1,0,0
0.46,0.6,-0.095433,1,0,0
0.48,0.6,-0.047346,1,0,0
0.5,0.6,-0.061586,1,0,0
0.52,0.6,-0.021811,1,0,0
0.54,0.6,-0.014773,1,0,0
0.56,0.6,-0.0075258,1,0,0
0.58,0.6,-0.04337,1,0,0
0.6,0.6,-0.0057157,1,0,0
0.62,0.6,0.020507,1,0,0
0.64,0.6,-0.013621,1,0,0
0.66,0.6,0.0019825,1,0,0
0.68,0.6,0.02181,1,0,0
0.7,0.6,-0.010359,1,0,0
0.72,0.6,-0.025964,1,0,0
0.74,0.6,-0.0281,1,0,0
0.76,0.6,-0.0092749,1,0,0
0.78,0.6,-0.017481,1,0,0
0.8,0.6,0.021104,1,0,0
0.82,0.6,-0.010958,1,0,0
0.84,0.6,-0.03825,1,0,0
0.86,0.6,-0.023591,1,0,0
0.88,0.6,0.015871,1,0,0
0.9,0.6,-0.02073,1,0,0
0.92,0.6,-0.010828,1,0,0
0.94,0.6,-0.037476,1,0,0
0.96,0.6,0.0098116,1,0,0
0.98,0.6,-0.013544,1,0,0
0.02,0.62,-0.024041,1,0,0
0.04,0.62,0.013852,1,0,0
0.06,0.62,-0.0052057,1,0,0
0.08,0.62,-0.024256,1,0,0
0.1,0.62,-0.0015405,1,0,0
0.12,0.62,-0.011806,1,0,0
0.14,0.62,-0.023597,1,0,0
0.16,0.62,-0.060978,1,0,0
0.18,0.62,-0.032981,1,0,0
0.2,0.62,-0.055882,1,0,0
0.22,0.62,-0.036833,1,0,0
0.24,0.62,-0.0069473,1,0,0
0.26,0.62,0.012113,1,0,0
0.28,0.62,0.0071243,1,0,0
0.3,0.62,0.014614,1,0,0
0.32,0.62,0.055191,1,0,0
0.34,0.62,-0.0032632,1,0,0
0.36,0.62,0.0024454,1,0,0
0.38,0.62,-0.040859,1,0,0
0.4,0.62,-0.067862,1,0,0
0.42,0.62,-0.051818,1,0,0
0.44,0.62,-0.059702,1,0,0
0.46,0.62,-0.059585,1,0,0
0.48,0.62,-0.048208,1,0,0
0.5,0.62,-0.050493,1,0,0
0.52,0.62,-0.022947,1,0,0
0.54,0.62,-0.011667,1,0,0
0.56,0.62,-0.018656,1,0,0
0.58,0.62,-0.029475,1,0,0
0.6,0.62,-0.042785,1,0,0
0.62,0.62,-0.011227,1,0,0
0.64,0.62,-0.036017,1,0,0
0.66,0.62,-0.015242,1,0,0
0.68,0.62,0.0076629,1,0,0
0.7,0.62,0.019073,1,0,0
0.72,0.62,0.024114,1,0,0
0.74,0.62,-0.021685,1,0,0
0.76,0.62,0.0060582,1,0,0
0.78,0.62,-0.02066,1,0,0
0.8,0.62,-0.02897,1,0,0
0.82,0.62,-0.03147,1,0,0
0.84,0.62,-0.038658,1,0,0
0.86,0.62,-0.029809,1,0,0
0.88,0.62,0.0054438,1,0,0
0.9,0.62,-0.0291,1,0,0
0.92,0.62,-0.027961,1,0,0
0.94,0.62,-0.036461,1,0,0
0.96,0.62,-0.017845,1,0,0
0.98,0.62,-0.010922,1,0,0
0.02,0.64,-0.0088736,1,0,0
0.04,0.64,-0.0022,1,0,0
0.06,0.64,-0.016573,1,0,0
0.08,0.64,-0.026441,1,0,0
0.1,0.64,-0.062991,1,0,0
0.12,0.64,-0.022149,1,0,0
0.14,0.64,-0.046937,1,0,0
0.16,0.64,-0.022964,1,0,0
0.18,0.64,-0.056018,1,0,0
0.2,0.64,-0.073412,1,0,0
0.22,0.64,-0.024147,1,0,0
0.24,0.64,-0.014797,1,0,0
0.26,0.64,-0.0046382,1,0,0
0.28,0.64,-0.0044449,1,0,0
0.3,0.64,-0.028182,1,0,0
0.32,0.64,-0.0023835,1,0,0
0.34,0.64,0.0026855,1,0,0
0.36,0.64,-0.035104,1,0,0
0.38,0.64,-0.048259,1,0,0
0.4,0.64,-0.050498,1,0,0
0.42,0.64,-0.061102,1,0,0
0.44,0.64,-0.06476,1,0,0
0.46,0.64,-0.060978,1,0,0
0.48,0.64,-0.073842,1,0,0
0.5,0.64,-0.043202,1,0,0
0.52,0.64,-0.039946,1,0,0
0.54,0.64,-0.0062375,1,0,0
0.56,0.64,-0.02638,1,0,0
0.58,0.64,-0.042615,1,0,0
0.6,0.64,-0.020265,1,0,0
0.62,0.64,-0.026444,1,0,0
0.64,0.64,-0.0050716,1,0,0
0.66,0.64,-0.014248,1,0,0
0.68,0.64,-0.0070306,1,0,0
0.7,0.64,-0.0092746,1,0,0
0.72,0.64,-6.7459e-05,1,0,0
0.74,0.64,0.020725,1,0,0
0.76,0.64,0.028743,1,0,0
0.78,0.64,-0.0019084,1,0,0
0.8,0.64,-0.016991,1,0,0
0.82,0.64,-0.0059198,1,0,0
0.84,0.64,-0.037874,1,0,0
0.86,0.64,-0.025637,1,0,0
0.88,0.64,-0.010968,1,0,0
0.9,0.64,-0.044266,1,0,0
0.92,0.64,-0.013471,1,0,0
0.94,0.64,-0.017277,1,0,0
0.96,0.64,-0.026122,1,0,0
0.98,0.64,-0.024671,1,0,0
0.02,0.66,0.018339,1,0,0
0.04,0.66,0.01036,1,0,0
0.06,0.66,0.011515,1,0,0
0.08,0.66,0.04012,1,0,0
0.1,0.66,-0.020516,1,0,0
0.12,0.66,-0.027375,1,0,0
0.14,0.66,-0.035611,1,0,0
0.16,0.66,0.011796,1,0,0
0.18,0.66,-0.020583,1,0,0
0.2,0.66,0.0061794,1,0,0
0.22,0.66,-0.010226,1,0,0
0.24,0.66,-0.0024911,1,0,0
0.26,0.66,-0.0069016,1,0,0
0.28,0.66,-0.0019934,1,0,0
0.3,0.66,0.0069018,1,0,0
0.32,0.66,-0.006743,1,0,0
0.34,0.66,-0.02077,1,0,0
0.36,0.66,-0.022646,1,0,0
0.38,0.66,-0.016398,1,0,0
0.4,0.66,-0.025513,1,0,0
0.42,0.66,-0.027652,1,0,0
0.44,0.66,-0.039161,1,0,0
0.46,0.66,-0.0088862,1,0,0
0.48,0.66,-0.022217,1,0,0
0.5,0.66,-0.011907,1,0,0
0.52,0.66,-0.0015004,1,0,0
0.54,0.66,-0.023064,1,0,0
0.56,0.66,-0.02039,1,0,0
0.58,0.66,0.017885,1,0,0
0.6,0.66,0.00088925,1,0,0
0.62,0.66,-0.012729,1,0,0
0.64,0.66,-0.021328,1,0,0
0.66,0.66,-0.0022652,1,0,0
0.68,0.66,0.0052954,1,0,0
0.7,0.66,0.014749,1,0,0
0.72,0.66,0.026996,1,0,0
0.74,0.66,0.035821,1,0,0
0.76,0.66,0.033882,1,0,0
0.78,0.66,0.035924,1,0,0
0.8,0.66,0.030224,1,0,0
0.82,0.66,0.026827,1,0,0
0.84,0.66,-0.0057712,1,0,0
0.86,0.66,-0.044881,1,0,0
0.88,0.66,-0.0012239,1,0,0
0.9,0.66,-0.031792,1,0,0
0.92,0.66,0.0043025,1,0,0
0.94,0.66,0.0050166,1,0,0
0.96,0.66,0.0084677,1,0,0
0.98,0.66,-0.0041509,1,0,0
0.02,0.68,0.044371,1,0,0
0.04,0.68,0.016139,1,0,0
0.06,0.68,0.022234,1,0,0
0.08,0.68,0.011175,1,0,0
0.1,0.68,-0.0063824,1,0,0
0.12,0.68,-0.0063149,1,0,0
0.14,0.68,-0.0088938,1,0,0
0.16,0.68,-0.011385,1,0,0
0.18,0.68,-0.025368,1,0,0
0.2,0.68,-0.040023,1,0,0
0.22,0.68,-0.032278,1,0,0
0.24,0.68,-0.030866,1,0,0
0.26,0.68,-0.03731,1,0,0
0.28,0.68,0.035155,1,0,0
0.3,0.68,0.00033848,1,0,0
0.32,0.68,-0.01456,1,0,0
0.34,0.68,-0.02356,1,0,0
0.36,0.68,-0.01949,1,0,0
0.38,0.68,-0.012723,1,0,0
0.4,0.68,-0.045307,1,0,0
0.42,0.68,-0.039134,1,0,0
0.44,0.68,-0.048374,1,0,0
0.46,0.68,-0.031513,1,0,0
0.48,0.68,-0.03476,1,0,0
0.5,0.68,0.0011891,1,0,0
0.52,0.68,0.010504,1,0,0
0.54,0.68,-0.022879,1,0,0
0.56,0.68,-0.026601,1,0,0
0.58,0.68,-0.0019085,1,0,0
0.6,0.68,-0.038506,1,0,0
0.62,0.68,-0.015404,1,0,0
0.64,0.68,0.0066488,1,0,0
0.66,0.68,-0.0010872,1,0,0
0.68,0.68,0.00248,1,0,0
0.7,0.68,0.032606,1,0,0
0.72,0.68,0.062221,1,0,0
0.74,0.68,0.023345,1,0,0
0.76,0.68,0.043074,1,0,0
0.78,0.68,0.030378,1,0,0
0.8,0.68,0.0392,1,0,0
0.82,0.68,-0.0019281,1,0,0
0.84,0.68,-0.023398,1,0,0
0.86,0.68,-0.011669,1,0,0
0.88,0.68,-0.015463,1,0,0
0.9,0.68,0.00058787,1,0,0
0.92,0.68,0.02756,1,0,0
0.94,0.68,0.016486,1,0,0
0.96,0.68,0.0088297,1,0,0
0.98,0.68,-0.045939,1,0,0
0.02,0.7,0.034924,1,0,0
0.04,0.7,0.02207,1,0,0
0.06,0.7,-0.0034268,1,0,0
0.08,0.7,0.0070563,1,0,0
0.1,0.7,-0.00013152,1,0,0
0.12,0.7,-0.035028,1,0,0
0.14,0.7,-0.029218,1,0,0
0.16,0.7,-0.026568,1,0,0
0.18,0.7,-0.009063,1,0,0
0.2,0.7,-0.038504,1,0,0
0.22,0.7,-0.0083009,1,0,0
0.24,0.7,-0.041686,1,0,0
0.26,0.7,-0.008113,1,0,0
0.28,0.7,-0.011569,1,0,0
0.3,0.7,-0.0050421,1,0,0
0.32,0.7,-0.049552,1,0,0
0.34,0.7,-0.024365,1,0,0
0.36,0.7,-0.028851,1,0,0
0.38,0.7,-0.046938,1,0,0
0.4,0.7,-0.029199,1,0,0
0.42,0.7,-0.047203,1,0,0
0.44,0.7,-0.05487,1,0,0
0.46,0.7,-0.032529,1,0,0
0.48,0.7,-0.036302,1,0,0
0.5,0.7,-0.058096,1,0,0
0.52,0.7,-0.026871,1,0,0
0.54,0.7,-0.050351,1,0,0
0.56,0.7,-0.0071307,1,0,0
0.58,0.7,0.0017725,1,0,0
0.6,0.7,-0.0092649,1,0,0
0.62,0.7,-0.008811,1,0,0
0.64,0.7,0.021853,1,0,0
0.66,0.7,-0.018124,1,0,0
0.68,0.7,0.0027068,1,0,0
0.7,0.7,0.017922,1,0,0
0.72,0.7,0.037084,1,0,0
0.74,0.7,0.039441,1,0,0
0.76,0.7,0.027633,1,0,0
0.78,0.7,0.024224,1,0,0
0.8,0.7,0.029936,1,0,0
0.82,0.7,0.04072,1,0,0
0.84,0.7,0.028474,1,0,0
0.86,0.7,0.011523,1,0,0
0.88,0.7,0.033674,1,0,0
0.9,0.7,-0.013275,1,0,0
0.92,0.7,0.0051316,1,0,0
0.94,0.7,0.0075348,1,0,0
0.96,0.7,0.0011048,1,0,0
0.98,0.7,-0.052739,1,0,0
0.02,0.72,0.039656,1,0,0
0.04,0.72,0.0037517,1,0,0
0.06,0.72,0.016664,1,0,0
0.08,0.72,-0.024802,1,0,0
0.1,0.72,0.010147,1,0,0
0.12,0.72,-0.006741,1,0,0
0.14,0.72,-0.0096196,1,0,0
0.16,0.72,-0.019981,1,0,0
0.18,0.72,0.0015079,1,0,0
0.2,0.72,-0.054551,1,0,0
0.22,0.72,-0.017337,1,0,0
0.24,0.72,-0.0076147,1,0,0
0.26,0.72,0.02483,1,0,0
0.28,0.72,0.012236,1,0,0
0.3,0.72,-0.0083857,1,0,0
0.32,0.72,-0.033925,1,0,0
0.34,0.72,-0.037495,1,0,0
0.36,0.72,-0.037394,1,0,0
0.38,0.72,-0.047965,1,0,0
0.4,0.72,-0.0051531,1,0,0
0.42,0.72,-0.046427,1,0,0
0.44,0.72,-0.051556,1,0,0
0.46,0.72,-0.044722,1,0,0
0.48,0.72,-0.06748,1,0,0
0.5,0.72,-0.07813,1,0,0
0.52,0.72,-0.057085,1,0,0
0.54,0.72,-0.027557,1,0,0
0.56,0.72,-0.0089029,1,0,0
0.58,0.72,-0.0031087,1,0,0
0.6,0.72,-0.029828,1,0,0
0.62,0.72,-0.024786,1,0,0
0.64,0.72,0.012358,1,0,0
0.66,0.72,-0.00061887,1,0,0
0.68,0.72,0.018787,1,0,0
0.7,0.72,0.01792,1,0,0
0.72,0.72,0.024255,1,0,0
0.74,0.72,0.052594,1,0,0
0.76,0.72,0.080843,1,0,0
0.78,0.72,0.051441,1,0,0
0.8,0.72,0.018474,1,0,0
0.82,0.72,0.02463,1,0,0
0.84,0.72,0.043237,1,0,0
0.86,0.72,-0.0048863,1,0,0
0.88,0.72,0.0085345,1,0,0
0.9,0.72,-0.010302,1,0,0
0.92,0.72,0.007363,1,0,0
0.94,0.72,-0.037394,1,0,0
0.96,0.72,-0.01258,1,0,0
0.98,0.72,-0.02487,1,0,0
0.02,0.74,0.036112,1,0,0
0.04,0.74,-0.023876,1,0,0
0.06,0.74,0.0072593,1,0,0
0.08,0.74,0.019539,1,0,0
0.1,0.74,0.038454,1,0,0
0.12,0.74,0.012145,1,0,0
0.14,0.74,0.019969,1,0,0
0.16,0.74,-0.001305,1,0,0
0.18,0.74,0.015022,1,0,0
0.2,0.74,-0.017107,1,0,0
0.22,0.74,0.0063525,1,0,0
0.24,0.74,0.001681,1,0,0
0.26,0.74,-0.0023817,1,0,0
0.28,0.74,0.037986,1,0,0
0.3,0.74,0.018116,1,0,0
0.32,0.74,-0.014295,1,0,0
0.34,0.74,-0.034857,1,0,0
0.36,0.74,-0.051601,1,0,0
0.38,0.74,-0.059397,1,0,0
0.4,0.74,-0.029681,1,0,0
0.42,0.74,-0.019359,1,0,0
0.44,0.74,-0.050648,1,0,0
0.46,0.74,-0.018105,1,0,0
0.48,0.74,-0.035533,1,0,0
0.5,0.74,-0.071557,1,0,0
0.52,0.74,-0.033409,1,0,0
0.54,0.74,-0.016082,1,0,0
0.56,0.74,-0.015437,1,0,0
0.58,0.74,-0.011423,1,0,0
0.6,0.74,-0.021838,1,0,0
0.62,0.74,-0.022594,1,0,0
0.64,0.74,-0.029111,1,0,0
0.66,0.74,0.027063,1,0,0
0.68,0.74,0.093773,1,0,0
0.7,0.74,0.058089,1,0,0
0.72,0.74,0.091213,1,0,0
0.74,0.74,0.10394,1,0,0
0.76,0.74,0.098492,1,0,0
0.78,0.74,0.058573,1,0,0
0.8,0.74,0.082436,1,0,0
0.82,0.74,0.071148,1,0,0
0.84,0.74,0.04473,1,0,0
0.86,0.74,0.032574,1,0,0
0.88,0.74,0.0091196,1,0,0
0.9,0.74,0.023165,1,0,0
0.92,0.74,-0.012209,1,0,0
0.94,0.74,-0.010728,1,0,0
0.96,0.74,0.012181,1,0,0
0.98,0.74,0.0029654,1,0,0
0.02,0.76,0.01139,1,0,0
0.04,0.76,0.021469,1,0,0
0.06,0.76,-0.011871,1,0,0
0.08,0.76,-0.015672,1,0,0
0.1,0.76,-0.0053469,1,0,0
0.12,0.76,0.037325,1,0,0
0.14,0.76,0.024588,1,0,0
0.16,0.76,0.010968,1,0,0
0.18,0.76,0.0083554,1,0,0
0.2,0.76,-0.0027759,1,0,0
0.22,0.76,0.0023515,1,0,0
0.24,0.76,-0.0023697,1,0,0
0.26,0.76,0.015668,1,0,0
0.28,0.76,0.016081,1,0,0
0.3,0.76,0.022655,1,0,0
0.32,0.76,-0.02503,1,0,0
0.34,0.76,-0.03586,1,0,0
0.36,0.76,-0.039192,1,0,0
0.38,0.76,-0.036898,1,0,0
0.4,0.76,-0.063308,1,0,0
0.42,0.76,-0.059012,1,0,0
0.44,0.76,-0.072339,1,0,0
0.46,0.76,-0.046596,1,0,0
0.48,0.76,-0.058874,1,0,0
0.5,0.76,-0.080619,1,0,0
0.52,0.76,-0.014592,1,0,0
0.54,0.76,-0.011976,1,0,0
0.56,0.76,-0.031033,1,0,0
0.58,0.76,-0.033909,1,0,0
0.6,0.76,-0.034902,1,0,0
0.62,0.76,-0.03158,1,0,0
0.64,0.76,-0.0061225,1,0,0
0.66,0.76,0.033551,1,0,0
0.68,0.76,0.037637,1,0,0
0.7,0.76,0.038895,1,0,0
0.72,0.76,0.067458,1,0,0
0.74,0.76,0.090203,1,0,0
0.76,0.76,0.075618,1,0,0
0.78,0.76,0.096536,1,0,0
0.8,0.76,0.074189,1,0,0
0.82,0.76,0.048207,1,0,0
0.84,0.76,0.021189,1,0,0
0.86,0.76,0.032365,1,0,0
0.88,0.76,0.011038,1,0,0
0.9,0.76,-4.1577e-05,1,0,0
0.92,0.76,-0.0042463,1,0,0
0.94,0.76,-0.0060942,1,0,0
0.96,0.76,-0.009376,1,0,0
0.98,0.76,0.0032734,1,0,0
0.02,0.78,0.023175,1,0,0
0.04,0.78,0.016359,1,0,0
0.06,0.78,0.049216,1,0,0
0.08,0.78,-0.0011179,1,0,0
0.1,0.78,-0.005658,1,0,0
0.12,0.78,-0.0039002,1,0,0
0.14,0.78,-0.01816,1,0,0
0.16,0.78,-0.0091381,1,0,0
0.18,0.78,-0.0058622,1,0,0
0.2,0.78,-0.010119,1,0,0
0.22,0.78,0.0067932,1,0,0
0.24,0.78,0.0054694,1,0,0
0.26,0.78,-0.011145,1,0,0
0.28,0.78,0.034838,1,0,0
0.3,0.78,0.0020721,1,0,0
0.32,0.78,-0.015783,1,0,0
0.34,0.78,-0.027653,1,0,0
0.36,0.78,-0.036695,1,0,0
0.38,0.78,-0.089784,1,0,0
0.4,0.78,-0.088667,1,0,0
0.42,0.78,-0.077416,1,0,0
0.44,0.78,-0.073837,1,0,0
0.46,0.78,-0.064076,1,0,0
0.48,0.78,-0.072833,1,0,0
0.5,0.78,-0.046047,1,0,0
0.52,0.78,-0.070516,1,0,0
0.54,0.78,-0.018193,1,0,0
0.56,0.78,-0.023416,1,0,0
0.58,0.78,-0.014317,1,0,0
0.6,0.78,-0.035353,1,0,0
0.62,0.78,-0.029419,1,0,0
0.64,0.78,0.0052813,1,0,0
0.66,0.78,0.019236,1,0,0
0.68,0.78,0.01489,1,0,0
0.7,0.78,0.027297,1,0,0
0.72,0.78,0.0368,1,0,0
0.74,0.78,0.053694,1,0,0
0.76,0.78,0.032488,1,0,0
0.78,0.78,0.077781,1,0,0
0.8,0.78,0.070886,1,0,0
0.82,0.78,0.066026,1,0,0
0.84,0.78,0.049204,1,0,0
0.86,0.78,0.051595,1,0,0
0.88,0.78,0.011079,1,0,0
0.9,0.78,-0.026475,1,0,0
0.92,0.78,0.0051097,1,0,0
0.94,0.78,0.015755,1,0,0
0.96,0.78,0.0028794,1,0,0
0.98,0.78,0.0047505,1,0,0
0.02,0.8,0.0095423,1,0,0
0.04,0.8,0.011147,1,0,0
0.06,0.8,-0.00124,1,0,0
0.08,0.8,-0.0073897,1,0,0
0.1,0.8,-0.00020426,1,0,0
0.12,0.8,-0.011319,1,0,0
0.14,0.8,0.033446,1,0,0
0.16,0.8,0.035324,1,0,0
0.18,0.8,0.012928,1,0,0
0.2,0.8,-0.037789,1,0,0
0.22,0.8,-0.025387,1,0,0
0.24,0.8,-0.015144,1,0,0
0.26,0.8,-0.013035,1,0,0
0.28,0.8,-0.0051882,1,0,0
0.3,0.8,0.0061318,1,0,0
0.32,0.8,-0.025338,1,0,0
0.34,0.8,-0.049073,1,0,0
0.36,0.8,-0.039163,1,0,0
0.38,0.8,-0.055511,1,0,0
0.4,0.8,-0.081502,1,0,0
0.42,0.8,-0.050886,1,0,0
0.44,0.8,-0.070392,1,0,0
0.46,0.8,-0.08616,1,0,0
0.48,0.8,-0.051179,1,0,0
0.5,0.8,-0.02692,1,0,0
0.52,0.8,-0.014611,1,0,0
0.54,0.8,-0.014394,1,0,0
0.56,0.8,-0.018981,1,0,0
0.58,0.8,-0.028295,1,0,0
0.6,0.8,-0.040837,1,0,0
0.62,0.8,-0.0321,1,0,0
0.64,0.8,-0.021304,1,0,0
0.66,0.8,0.028218,1,0,0
0.68,0.8,0.030193,1,0,0
0.7,0.8,0.024886,1,0,0
0.72,0.8,0.033372,1,0,0
0.74,0.8,0.031226,1,0,0
0.76,0.8,0.035767,1,0,0
0.78,0.8,0.060627,1,0,0
0.8,0.8,0.049323,1,0,0
0.82,0.8,0.082652,1,0,0
0.84,0.8,0.048351,1,0,0
0.86,0.8,0.051346,1,0,0
0.88,0.8,0.026816,1,0,0
0.9,0.8,0.015083,1,0,0
0.92,0.8,0.018378,1,0,0
0.94,0.8,0.025136,1,0,0
0.96,0.8,-0.012128,1,0,0
0.98,0.8,-0.013929,1,0,0
0.02,0.82,-0.0064761,1,0,0
0.04,0.82,0.0050002,1,0,0
0.06,0.82,-0.0029916,1,0,0
0.08,0.82,-0.030259,1,0,0
0.1,0.82,-0.011999,1,0,0
0.12,0.82,0.0057393,1,0,0
0.14,0.82,0.013398,1,0,0
0.16,0.82,0.020733,1,0,0
0.18,0.82,0.052115,1,0,0
0.2,0.82,-0.014767,1,0,0
0.22,0.82,0.0095,1,0,0
0.24,0.82,-0.0025945,1,0,0
0.26,0.82,-0.0015637,1,0,0
0.28,0.82,-0.0083421,1,0,0
0.3,0.82,0.0030038,1,0,0
0.32,0.82,-0.020345,1,0,0
0.34,0.82,-0.035271,1,0,0
0.36,0.82,-0.069905,1,0,0
0.38,0.82,-0.023,1,0,0
0.4,0.82,-0.052964,1,0,0
0.42,0.82,-0.04884,1,0,0
0.44,0.82,-0.029428,1,0,0
0.46,0.82,-0.049772,1,0,0
0.48,0.82,-0.030053,1,0,0
0.5,0.82,-0.025018,1,0,0
0.52,0.82,0.0025383,1,0,0
0.54,0.82,-0.011862,1,0,0
0.56,0.82,-0.01394,1,0,0
0.58,0.82,-0.0075602,1,0,0
0.6,0.82,-0.0096473,1,0,0
0.62,0.82,-0.0021257,1,0,0
0.64,0.82,-0.025928,1,0,0
0.66,0.82,-0.0034244,1,0,0
0.68,0.82,0.016122,1,0,0
0.7,0.82,0.047351,1,0,0
0.72,0.82,0.026468,1,0,0
0.74,0.82,-0.018215,1,0,0
0.76,0.82,0.0020912,1,0,0
0.78,0.82,0.0037,1,0,0
0.8,0.82,0.047069,1,0,0
0.82,0.82,0.077356,1,0,0
0.84,0.82,0.083384,1,0,0
0.86,0.82,0.061335,1,0,0
0.88,0.82,0.01836,1,0,0
0.9,0.82,0.030589,1,0,0
0.92,0.82,0.023429,1,0,0
0.94,0.82,-0.025314,1,0,0
0.96,0.82,-0.0010918,1,0,0
0.98,0.82,-0.015194,1,0,0
0.02,0.84,0.0010041,1,0,0
0.04,0.84,-0.023871,1,0,0
0.06,0.84,-0.022322,1,0,0
0.08,0.84,-0.034964,1,0,0
0.1,0.84,-0.011322,1,0,0
0.12,0.84,-0.039113,1,0,0
0.14,0.84,0.042341,1,0,0
0.16,0.84,0.021818,1,0,0
0.18,0.84,-0.0013843,1,0,0
0.2,0.84,-0.00054604,1,0,0
0.22,0.84,0.0061929,1,0,0
0.24,0.84,-0.0040794,1,0,0
0.26,0.84,0.0057203,1,0,0
0.28,0.84,-0.0056992,1,0,0
0.3,0.84,-0.022277,1,0,0
0.32,0.84,-0.039466,1,0,0
0.34,0.84,-0.067615,1,0,0
0.36,0.84,-0.048114,1,0,0
0.38,0.84,-0.031686,1,0,0
0.4,0.84,-0.022347,1,0,0
0.42,0.84,-0.026441,1,0,0
0.44,0.84,-0.031049,1,0,0
0.46,0.84,-0.014206,1,0,0
0.48,0.84,-0.038396,1,0,0
0.5,0.84,-0.0048939,1,0,0
0.52,0.84,-0.00020824,1,0,0
0.54,0.84,0.028413,1,0,0
0.56,0.84,-0.0359,1,0,0
0.58,0.84,-0.0040493,1,0,0
0.6,0.84,0.0050907,1,0,0
0.62,0.84,0.0085233,1,0,0
0.64,0.84,-0.001114,1,0,0
0.66,0.84,-0.012767,1,0,0
0.68,0.84,0.02011,1,0,0
0.7,0.84,0.012405,1,0,0
0.72,0.84,0.017675,1,0,0
0.74,0.84,-0.012026,1,0,0
0.76,0.84,0.022491,1,0,0
0.78,0.84,0.00046178,1,0,0
0.8,0.84,0.053253,1,0,0
0.82,0.84,0.072321,1,0,0
0.84,0.84,0.052961,1,0,0
0.86,0.84,0.025215,1,0,0
0.88,0.84,0.094226,1,0,0
0.9,0.84,0.011756,1,0,0
0.92,0.84,0.00034997,1,0,0
0.94,0.84,-0.001687,1,0,0
0.96,0.84,-0.020729,1,0,0
0.98,0.84,-0.034399,1,0,0
0.02,0.86,-0.050302,1,0,0
0.04,0.86,-0.031887,1,0,0
0.06,0.86,-0.0040081,1,0,0
0.08,0.86,-0.019286,1,0,0
0.1,0.86,-0.057304,1,0,0
0.12,0.86,0.0043026,1,0,0
0.14,0.86,0.019806,1,0,0
0.16,0.86,0.01958,1,0,0
0.18,0.86,0.038525,1,0,0
0.2,0.86,0.012416,1,0,0
0.22,0.86,0.02959,1,0,0
0.24,0.86,0.0095974,1,0,0
0.26,0.86,0.011657,1,0,0
0.28,0.86,-0.012529,1,0,0
0.3,0.86,-0.035297,1,0,0
0.32,0.86,-0.025668,1,0,0
0.34,0.86,0.016023,1,0,0
0.36,0.86,-0.047413,1,0,0
0.38,0.86,-0.0047582,1,0,0
0.4,0.86,-0.004086,1,0,0
0.42,0.86,0.0070218,1,0,0
0.44,0.86,0.029389,1,0,0
0.46,0.86,0.01901,1,0,0
0.48,0.86,-0.020548,1,0,0
0.5,0.86,0.010666,1,0,0
0.52,0.86,0.0018951,1,0,0
0.54,0.86,-0.0023615,1,0,0
0.56,0.86,0.010674,1,0,0
0.58,0.86,0.022819,1,0,0
0.6,0.86,0.023316,1,0,0
0.62,0.86,0.014693,1,0,0
0.64,0.86,0.035592,1,0,0
0.66,0.86,0.017937,1,0,0
0.68,0.86,0.012652,1,0,0
0.7,0.86,0.017105,1,0,0
0.72,0.86,-0.0016718,1,0,0
0.74,0.86,-0.020105,1,0,0
0.76,0.86,0.00070549,1,0,0
0.78,0.86,-0.0025382,1,0,0
0.8,0.86,0.04055,1,0,0
0.82,0.86,0.050586,1,0,0
0.84,0.86,0.058851,1,0,0
0.86,0.86,0.057329,1,0,0
0.88,0.86,0.066252,1,0,0
0.9,0.86,-0.011971,1,0,0
0.92,0.86,0.0010871,1,0,0
0.94,0.86,-0.027245,1,0,0
0.96,0.86,-0.027427,1,0,0
0.98,0.86,-0.06564,1,0,0
0.02,0.88,-0.040482,1,0,0
0.04,0.88,-0.036733,1,0,0
0.06,0.88,-0.042073,1,0,0
0.08,0.88,-0.030095,1,0,0
0.1,0.88,-0.05682,1,0,0
0.12,0.88,-0.035563,1,0,0
0.14,0.88,0.011999,1,0,0
0.16,0.88,-0.012575,1,0,0
0.18,0.88,-0.015175,1,0,0
0.2,0.88,-0.0022635,1,0,0
0.22,0.88,-0.021839,1,0,0
0.24,0.88,-0.0031091,1,0,0
0.26,0.88,-0.0066733,1,0,0
0.28,0.88,-0.014833,1,0,0
0.3,0.88,-0.024762,1,0,0
0.32,0.88,0.0063357,1,0,0
0.34,0.88,0.018888,1,0,0
0.36,0.88,-0.016609,1,0,0
0.38,0.88,-0.0032832,1,0,0
0.4,0.88,-0.00042116,1,0,0
0.42,0.88,0.031446,1,0,0
0.44,0.88,-0.013842,1,0,0
0.46,0.88,-0.015914,1,0,0
0.48,0.88,-0.0208,1,0,0
0.5,0.88,0.0016917,1,0,0
0.52,0.88,0.023452,1,0,0
0.54,0.88,-0.0050604,1,0,0
0.56,0.88,0.0033831,1,0,0
0.58,0.88,0.019776,1,0,0
0.6,0.88,0.010674,1,0,0
0.62,0.88,0.033291,1,0,0
0.64,0.88,0.029254,1,0,0
0.66,0.88,0.02419,1,0,0
0.68,0.88,0.0052558,1,0,0
0.7,0.88,-0.017864,1,0,0
0.72,0.88,-0.029169,1,0,0
0.74,0.88,-0.036399,1,0,0
0.76,0.88,-0.0053291,1,0,0
0.78,0.88,-0.0064673,1,0,0
0.8,0.88,0.031182,1,0,0
0.82,0.88,0.03205,1,0,0
0.84,0.88,-0.011841,1,0,0
0.86,0.88,0.018174,1,0,0
0.88,0.88,0.04509,1,0,0
0.9,0.88,0.002406,1,0,0
0.92,0.88,-0.019061,1,0,0
0.94,0.88,-0.022496,1,0,0
0.96,0.88,-0.066994,1,0,0
0.98,0.88,-0.10442,1,0,0
0.02,0.9,-0.022817,1,0,0
0.04,0.9,-0.032251,1,0,0
0.06,0.9,8.5343e-05,1,0,0
0.08,0.9,-0.018954,1,0,0
0.1,0.9,-0.029134,1,0,0
0.12,0.9,-0.043028,1,0,0
0.14,0.9,-0.037437,1,0,0
0.16,0.9,-0.037716,1,0,0
0.18,0.9,-0.034268,1,0,0
0.2,0.9,-0.0016376,1,0,0
0.22,0.9,0.027395,1,0,0
0.24,0.9,0.035826,1,0,0
0.26,0.9,-0.019219,1,0,0
0.28,0.9,0.001603,1,0,0
0.3,0.9,-0.013568,1,0,0
0.32,0.9,0.0019362,1,0,0
0.34,0.9,0.0020787,1,0,0
0.36,0.9,-0.0045466,1,0,0
0.38,0.9,-0.009982,1,0,0
0.4,0.9,0.0076975,1,0,0
0.42,0.9,0.0050367,1,0,0
0.44,0.9,0.043096,1,0,0
0.46,0.9,0.04886,1,0,0
0.48,0.9,0.0080272,1,0,0
0.5,0.9,0.027205,1,0,0
0.52,0.9,0.029926,1,0,0
0.54,0.9,0.0099672,1,0,0
0.56,0.9,-0.0010027,1,0,0
0.58,0.9,0.034764,1,0,0
0.6,0.9,0.018912,1,0,0
0.62,0.9,0.046585,1,0,0
0.64,0.9,0.034273,1,0,0
0.66,0.9,-0.0033244,1,0,0
0.68,0.9,-0.0067221,1,0,0
0.7,0.9,0.002132,1,0,0
0.72,0.9,-0.039404,1,0,0
0.74,0.9,-0.013298,1,0,0
0.76,0.9,-0.0014877,1,0,0
0.78,0.9,0.011138,1,0,0
0.8,0.9,0.030937,1,0,0
0.82,0.9,0.023871,1,0,0
0.84,0.9,-0.0050536,1,0,0
0.86,0.9,0.024217,1,0,0
0.88,0.9,0.036957,1,0,0
0.9,0.9,0.02327,1,0,0
0.92,0.9,-0.031809,1,0,0
0.94,0.9,-0.046614,1,0,0
0.96,0.9,-0.033217,1,0,0
0.98,0.9,-0.069741,1,0,0
0.02,0.92,-0.039829,1,0,0
0.04,0.92,-0.010785,1,0,0
0.06,0.92,-0.027101,1,0,0
0.08,0.92,2.6761e-05,1,0,0
0.1,0.92,-0.010601,1,0,0
0.12,0.92,-0.013154,1,0,0
0.14,0.92,-0.017361,1,0,0
0.16,0.92,-0.025627,1,0,0
0.18,0.92,-0.0025004,1,0,0
0.2,0.92,-0.010692,1,0,0
0.22,0.92,0.011704,1,0,0
0.24,0.92,0.014541,1,0,0
0.26,0.92,0.021331,1,0,0
0.28,0.92,-0.014332,1,0,0
0.3,0.92,0.0090684,1,0,0
0.32,0.92,-0.0087819,1,0,0
0.34,0.92,0.0041796,1,0,0
0.36,0.92,0.011705,1,0,0
0.38,0.92,0.013894,1,0,0
0.4,0.92,0.056543,1,0,0
0.42,0.92,0.037969,1,0,0
0.44,0.92,0.06382,1,0,0
0.46,0.92,0.058797,1,0,0
0.48,0.92,0.055002,1,0,0
0.5,0.92,0.034264,1,0,0
0.52,0.92,0.052632,1,0,0
0.54,0.92,0.025988,1,0,0
0.56,0.92,0.019213,1,0,0
0.58,0.92,0.0025603,1,0,0
0.6,0.92,0.00094976,1,0,0
0.62,0.92,0.0097199,1,0,0
0.64,0.92,0.023308,1,0,0
0.66,0.92,-0.012855,1,0,0
0.68,0.92,0.0017462,1,0,0
0.7,0.92,0.0167,1,0,0
0.72,0.92,-0.020507,1,0,0
0.74,0.92,0.020481,1,0,0
0.76,0.92,0.030238,1,0,0
0.78,0.92,0.036603,1,0,0
0.8,0.92,-0.0033216,1,0,0
0.82,0.92,0.0013305,1,0,0
0.84,0.92,-0.027145,1,0,0
0.86,0.92,-0.018282,1,0,0
0.88,0.92,0.018535,1,0,0
0.9,0.92,0.0086883,1,0,0
0.92,0.92,-0.035678,1,0,0
0.94,0.92,-0.063784,1,0,0
0.96,0.92,-0.061564,1,0,0
0.98,0.92,-0.041459,1,0,0
0.02,0.94,-0.05547,1,0,0
0.04,0.94,-0.036135,1,0,0
0.06,0.94,0.001845,1,0,0
0.08,0.94,-0.0045091,1,0,0
0.1,0.94,0.00039697,1,0,0
0.12,0.94,-0.019151,1,0,0
0.14,0.94,-0.013271,1,0,0
0.16,0.94,-0.035399,1,0,0
0.18,0.94,0.0026159,1,0,0
0.2,0.94,-0.045525,1,0,0
0.22,0.94,-0.010326,1,0,0
0.24,0.94,0.026163,1,0,0
0.26,0.94,-0.012286,1,0,0
0.28,0.94,-0.0048268,1,0,0
0.3,0.94,-0.022189,1,0,0
0.32,0.94,-0.013483,1,0,0
0.34,0.94,-0.0075629,1,0,0
0.36,0.94,-0.0083491,1,0,0
0.38,0.94,-0.016831,1,0,0
0.4,0.94,0.023147,1,0,0
0.42,0.94,0.043862,1,0,0
0.44,0.94,0.059981,1,0,0
0.46,0.94,0.066371,1,0,0
0.48,0.94,0.06005,1,0,0
0.5,0.94,0.048961,1,0,0
0.52,0.94,0.047462,1,0,0
0.54,0.94,0.03371,1,0,0
0.56,0.94,0.029531,1,0,0
0.58,0.94,0.012212,1,0,0
0.6,0.94,-0.011905,1,0,0
0.62,0.94,-0.0040775,1,0,0
0.64,0.94,-0.023932,1,0,0
0.66,0.94,-0.021917,1,0,0
0.68,0.94,0.011297,1,0,0
0.7,0.94,-0.01761,1,0,0
0.72,0.94,0.013983,1,0,0
0.74,0.94,0.020551,1,0,0
0.76,0.94,0.021496,1,0,0
0.78,0.94,-0.011662,1,0,0
0.8,0.94,0.019025,1,0,0
0.82,0.94,-0.0077686,1,0,0
0.84,0.94,0.0094668,1,0,0
0.86,0.94,0.020609,1,0,0
0.88,0.94,-0.0045086,1,0,0
0.9,0.94,-0.010998,1,0,0
0.92,0.94,-0.029206,1,0,0
0.94,0.94,-0.041882,1,0,0
0.96,0.94,-0.062761,1,0,0
0.98,0.94,-0.072636,1,0,0
0.02,0.96,-0.027975,1,0,0
0.04,0.96,-0.020032,1,0,0
0.06,0.96,0.028658,1,0,0
0.08,0.96,-0.010525,1,0,0
0.1,0.96,0.0039042,1,0,0
0.12,0.96,-0.019797,1,0,0
0.14,0.96,-0.030006,1,0,0
0.16,0.96,-0.043236,1,0,0
0.18,0.96,-0.012152,1,0,0
0.2,0.96,-0.020821,1,0,0
0.22,0.96,-0.024141,1,0,0
0.24,0.96,0.012076,1,0,0
0.26,0.96,0.010382,1,0,0
0.28,0.96,0.015179,1,0,0
0.3,0.96,0.018321,1,0,0
0.32,0.96,-0.018974,1,0,0
0.34,0.96,-0.019399,1,0,0
0.36,0.96,0.0054386,1,0,0
0.38,0.96,0.020487,1,0,0
0.4,0.96,0.029501,1,0,0
0.42,0.96,0.042881,1,0,0
0.44,0.96,0.02716,1,0,0
0.46,0.96,0.020243,1,0,0
0.48,0.96,0.059446,1,0,0
0.5,0.96,0.059835,1,0,0
0.52,0.96,0.048558,1,0,0
0.54,0.96,0.0092327,1,0,0
0.56,0.96,0.013357,1,0,0
0.58,0.96,0.0268,1,0,0
0.6,0.96,0.0078628,1,0,0
0.62,0.96,-0.006917,1,0,0
0.64,0.96,0.011193,1,0,0
0.66,0.96,-0.023327,1,0,0
0.68,0.96,-0.021427,1,0,0
0.7,0.96,-0.021482,1,0,0
0.72,0.96,0.016645,1,0,0
0.74,0.96,-0.0096033,1,0,0
0.76,0.96,-0.0037688,1,0,0
0.78,0.96,0.00034673,1,0,0
0.8,0.96,0.037438,1,0,0
0.82,0.96,-0.026025,1,0,0
0.84,0.96,-0.0029271,1,0,0
0.86,0.96,0.0018421,1,0,0
0.88,0.96,-0.0044339,1,0,0
0.9,0.96,-0.01287,1,0,0
0.92,0.96,0.0026595,1,0,0
0.94,0.96,-0.046843,1,0,0
0.96,0.96,-0.074058,1,0,0
0.98,0.96,-0.085766,1,0,0
0.02,0.98,-0.039828,1,0,0
0.04,0.98,-0.034197,1,0,0
0.06,0.98,0.002384,1,0,0
0.08,0.98,-0.015375,1,0,0
0.1,0.98,-0.02142,1,0,0
0.12,0.98,-0.051949,1,0,0
0.14,0.98,-0.041028,1,0,0
0.16,0.98,-0.0268,1,0,0
0.18,0.98,-0.021074,1,0,0
0.2,0.98,0.016519,1,0,0
0.22,0.98,0.022081,1,0,0
0.24,0.98,-0.022602,1,0,0
0.26,0.98,-0.018849,1,0,0
0.28,0.98,-0.0095068,1,0,0
0.3,0.98,0.017958,1,0,0
0.32,0.98,-0.047557,1,0,0
0.34,0.98,-0.0055183,1,0,0
0.36,0.98,0.0094296,1,0,0
0.38,0.98,3.0738e-05,1,0,0
0.4,0.98,0.0029975,1,0,0
0.42,0.98,0.0035014,1,0,0
0.44,0.98,0.0047361,1,0,0
0.46,0.98,0.035851,1,0,0
0.48,0.98,0.052016,1,0,0
0.5,0.98,0.018546,1,0,0
0.52,0.98,0.019697,1,0,0
0.54,0.98,-0.0028175,1,0,0
0.56,0.98,-0.0048795,1,0,0
0.58,0.98,-0.022212,1,0,0
0.6,0.98,0.032709,1,0,0
0.62,0.98,-0.0044502,1,0,0
0.64,0.98,0.0063825,1,0,0
0.66,0.98,-0.035555,1,0,0
0.68,0.98,-0.0012005,1,0,0
0.7,0.98,-0.034484,1,0,0
0.72,0.98,-0.015369,1,0,0
0.74,0.98,0.0045535,1,0,0
0.76,0.98,-0.024969,1,0,0
0.78,0.98,-0.0085397,1,0,0
0.8,0.98,0.022871,1,0,0
0.82,0.98,0.010515,1,0,0
0.84,0.98,0.0015341,1,0,0
0.86,0.98,-0.01557,1,0,0
0.88,0.98,0.012301,1,0,0
0.9,0.98,-0.030729,1,0,0
0.92,0.98,-0.031175,1,0,0
0.94,0.98,-0.041958,1,0,0
0.96,0.98,-0.064451,1,0,0
0.98,0.98,-0.10384,1,0,0
0,0,-0.052858,-1,0,0
0.02,0,-0.052858,-1,0,0
0.04,0,-0.011642,-1,0,0
0.06,0,0.028295,-1,0,0
0.08,0,0.015796,-1,0,0
0.1,0,0.030472,-1,0,0
0.12,0,0.026446,-1,0,0
0.14,0,0.04934,-1,0,0
0.16,0,0.024225,-1,0,0
0.18,0,0.012054,-1,0,0
0.2,0,0.0023933,-1,0,0
0.22,0,0.028091,-1,0,0
0.24,0,0.0412,-1,0,0
0.26,0,-0.0013989,-1,0,0
0.28,0,-0.014376,-1,0,0
0.3,0,-0.00090213,-1,0,0
0.32,0,0.014675,-1,0,0
0.34,0,-0.015035,-1,0,0
0.36,0,-0.0059643,-1,0,0
0.38,0,-0.055876,-1,0,0
0.4,0,-0.047826,-1,0,0
0.42,0,-0.025184,-1,0,0
0.44,0,0.031058,-1,0,0
0.46,0,0.024015,-1,0,0
0.48,0,0.0044978,-1,0,0
0.5,0,0.037829,-1,0,0
0.52,0,0.033255,-1,0,0
0.54,0,0.030045,-1,0,0
0.56,0,0.016345,-1,0,0
0.58,0,-0.0067232,-1,0,0
0.6,0,-0.030533,-1,0,0
0.62,0,-0.025694,-1,0,0
0.64,0,-0.031335,-1,0,0
0.66,0,-0.022826,-1,0,0
0.68,0,0.0011113,-1,0,0
0.7,0,0.002177,-1,0,0
0.72,0,0.030033,-1,0,0
0.74,0,0.039005,-1,0,0
0.76,0,0.020913,-1,0,0
0.78,0,0.030722,-1,0,0
0.8,0,-0.00085952,-1,0,0
0.82,0,-0.038503,-1,0,0
0.84,0,-0.049713,-1,0,0
0.86,0,-0.058042,-1,0,0
0.88,0,-0.03878,-1,0,0
0.9,0,-0.052256,-1,0,0
0.92,0,-0.059418,-1,0,0
0.94,0,-0.035475,-1,0,0
0.96,0,-0.042004,-1,0,0
0.98,0,-0.040567,-1,0,0
1,0,-0.057069,-1,0,0
1,0.02,-0.052497,-1,0,0
1,0.04,-0.047433,-1,0,0
1,0.06,-0.055819,-1,0,0
1,0.08,-0.033086,-1,0,0
1,0.1,-0.0024888,-1,0,0
1,0.12,-0.024107,-1,0,0
1,0.14,-0.0058644,-1,0,0
1,0.16,0.0042417,-1,0,0
1,0.18,-0.0062776,-1,0,0
1,0.2,-0.030583,-1,0,0
1,0.22,-0.025784,-1,0,0
1,0.24,-0.048608,-1,0,0
1,0.26,-0.01504,-1,0,0
1,0.28,0.0083154,-1,0,0
1,0.3,0.016758,-1,0,0
1,0.32,-0.026287,-1,0,0
1,0.34,-0.0444,-1,0,0
1,0.36,-0.018115,-1,0,0
1,0.38,-0.038288,-1,0,0
1,0.4,-0.0096556,-1,0,0
1,0.42,-0.028788,-1,0,0
1,0.44,-0.023445,-1,0,0
1,0.46,-0.011116,-1,0,0
1,0.48,-0.0085846,-1,0,0
1,0.5,-0.023997,-1,0,0
1,0.52,-0.061672,-1,0,0
1,0.54,-0.024587,-1,0,0
1,0.56,-0.034176,-1,0,0
1,0.58,-0.011537,-1,0,0
1,0.6,-0.0087123,-1,0,0
1,0.62,-0.024964,-1,0,0
1,0.64,-0.035373,-1,0,0
1,0.66,-0.011297,-1,0,0
1,0.68,-0.022352,-1,0,0
1,0.7,-0.04289,-1,0,0
1,0.72,-0.04115,-1,0,0
1,0.74,-0.0081587,-1,0,0
1,0.76,-0.024923,-1,0,0
1,0.78,-0.042518,-1,0,0
1,0.8,-0.026504,-1,0,0
1,0.82,-0.040054,-1,0,0
1,0.84,-0.039435,-1,0,0
1,0.86,-0.054918,-1,0,0
1,0.88,-0.05366,-1,0,0
1,0.9,-0.082685,-1,0,0
1,0.92,-0.067117,-1,0,0
1,0.94,-0.049231,-1,0,0
1,0.96,-0.040952,-1,0,0
1,0.98,-0.079751,-1,0,0
1,1,-0.076089,-1,0,0
0.98,1,-0.077593,-1,0,0
0.96,1,-0.05895,-1,0,0
0.94,1,-0.055289,-1,0,0
0.92,1,-0.012653,-1,0,0
0.9,1,-0.0099863,-1,0,0
0.88,1,-0.0094952,-1,0,0
0.86,1,-0.0021952,-1,0,0
0.84,1,0.0095096,-1,0,0
0.82,1,0.016134,-1,0,0
0.8,1,0.014006,-1,0,0
0.78,1,0.015376,-1,0,0
0.76,1,0.025032,-1,0,0
0.74,1,0.0051957,-1,0,0
0.72,1,0.0017034,-1,0,0
0.7,1,-0.0056815,-1,0,0
0.68,1,0.01735,-1,0,0
0.66,1,0.03475,-1,0,0
0.64,1,0.02041,-1,0,0
0.62,1,-0.01159,-1,0,0
0.6,1,0.00065501,-1,0,0
0.58,1,-0.029046,-1,0,0
0.56,1,-0.026282,-1,0,0
0.54,1,0.010604,-1,0,0
0.52,1,0.01229,-1,0,0
0.5,1,0.04036,-1,0,0
0.48,1,0.036801,-1,0,0
0.46,1,0.035373,-1,0,0
0.44,1,0.0091853,-1,0,0
0.42,1,-0.021037,-1,0,0
0.4,1,-0.0094009,-1,0,0
0.38,1,0.010356,-1,0,0
0.36,1,0.016431,-1,0,0
0.34,1,-0.018267,-1,0,0
0.32,1,-0.0016401,-1,0,0
0.3,1,0.0023363,-1,0,0
0.28,1,0.02932,-1,0,0
0.26,1,-0.014808,-1,0,0
0.24,1,0.012234,-1,0,0
0.22,1,0.0090816,-1,0,0
0.2,1,-0.0090785,-1,0,0
0.18,1,0.023891,-1,0,0
0.16,1,-0.014289,-1,0,0
0.14,1,-0.027551,-1,0,0
0.12,1,-0.051018,-1,0,0
0.1,1,-0.027986,-1,0,0
0.08,1,-0.034187,-1,0,0
0.06,1,-0.0035357,-1,0,0
0.04,1,-0.027322,-1,0,0
0.02,1,-0.033437,-1,0,0
0,1,-0.029908,-1,0,0
0,0.98,-0.032762,-1,0,0
0,0.96,-0.028026,-1,0,0
0,0.94,-0.052421,-1,0,0
0,0.92,-0.026724,-1,0,0
0,0.9,-0.043684,-1,0,0
0,0.88,-0.011395,-1,0,0
0,0.86,-0.0077551,-1,0,0
0,0.84,-0.013962,-1,0,0
0,0.82,0.020322,-1,0,0
0,0.8,0.026789,-1,0,0
0,0.78,0.024039,-1,0,0
0,0.76,0.051412,-1,0,0
0,0.74,0.049234,-1,0,0
0,0.72,0.024353,-1,0,0
0,0.7,0.026032,-1,0,0
0,0.68,0.033522,-1,0,0
0,0.66,0.042176,-1,0,0
0,0.64,0.015095,-1,0,0
0,0.62,-0.007809,-1,0,0
0,0.6,0.038593,-1,0,0
0,0.58,0.018675,-1,0,0
0,0.56,0.0021293,-1,0,0
0,0.54,0.016604,-1,0,0
0,0.52,0.022561,-1,0,0
0,0.5,0.0020215,-1,0,0
0,0.48,0.021386,-1,0,0
0,0.46,0.0018098,-1,0,0
0,0.44,-0.0023821,-1,0,0
0,0.42,0.024509,-1,0,0
0,0.4,0.030525,-1,0,0
0,0.38,0.0094726,-1,0,0
0,0.36,-0.026434,-1,0,0
0,0.34,-0.016992,-1,0,0
0,0.32,-0.021474,-1,0,0
0,0.3,-0.011225,-1,0,0
0,0.28,-0.036374,-1,0,0
0,0.26,-0.0059245,-1,0,0
0,0.24,-0.029972,-1,0,0
0,0.22,-0.015349,-1,0,0
0,0.2,-0.013811,-1,0,0
0,0.18,0.0029878,-1,0,0
0,0.16,0.025299,-1,0,0
0,0.14,0.027185,-1,0,0
0,0.12,-0.008348,-1,0,0
0,0.1,-0.015751,-1,0,0
0,0.08,-0.01424,-1,0,0
0,0.06,-0.0022482,-1,0,0
0,0.04,-0.011305,-1,0,0
0,0.02,-0.024988,-1,0,0
