0.02,0.02,0.059228,1,0,0
0.04,0.02,0.062421,1,0,0
0.06,0.02,0.055851,1,0,0
0.08,0.02,0.01475,1,0,0
0.1,0.02,0.015959,1,0,0
0.12,0.02,-0.018829,1,0,0
0.14,0.02,-0.005328,1,0,0
0.16,0.02,0.00089813,1,0,0
0.18,0.02,0.024236,1,0,0
0.2,0.02,0.032456,1,0,0
0.22,0.02,0.034094,1,0,0
0.24,0.02,0.066679,1,0,0
0.26,0.02,0.063286,1,0,0
0.28,0.02,0.071086,1,0,0
0.3,0.02,0.052846,1,0,0
0.32,0.02,0.049003,1,0,0
0.34,0.02,0.030926,1,0,0
0.36,0.02,0.035652,1,0,0
0.38,0.02,0.017808,1,0,0
0.4,0.02,0.037762,1,0,0
0.42,0.02,0.030976,1,0,0
0.44,0.02,0.019695,1,0,0
0.46,0.02,-0.0012155,1,0,0
0.48,0.02,0.013729,1,0,0
0.5,0.02,0.012152,1,0,0
0.52,0.02,-0.0020732,1,0,0
0.54,0.02,0.0012366,1,0,0
0.56,0.02,-0.0050736,1,0,0
0.58,0.02,-0.0076527,1,0,0
0.6,0.02,-0.015851,1,0,0
0.62,0.02,-0.0046716,1,0,0
0.64,0.02,0.012115,1,0,0
0.66,0.02,0.0031748,1,0,0
0.68,0.02,0.029724,1,0,0
0.7,0.02,0.033116,1,0,0
0.72,0.02,0.046158,1,0,0
0.74,0.02,0.023401,1,0,0
0.76,0.02,0.025686,1,0,0
0.78,0.02,0.032346,1,0,0
0.8,0.02,0.031961,1,0,0
0.82,0.02,0.029106,1,0,0
0.84,0.02,0.040957,1,0,0
0.86,0.02,0.0090278,1,0,0
0.88,0.02,-0.004009,1,0,0
0.9,0.02,-0.013461,1,0,0
0.92,0.02,-0.0133,1,0,0
0.94,0.02,-0.013601,1,0,0
0.96,0.02,-0.036981,1,0,0
0.98,0.02,-0.011629,1,0,0
0.02,0.04,0.081841,1,0,0
0.04,0.04,0.074728,1,0,0
0.06,0.04,0.053926,1,0,0
0.08,0.04,0.02579,1,0,0
0.1,0.04,0.0039378,1,0,0
0.12,0.04,0.010861,1,0,0
0.14,0.04,-0.011283,1,0,0
0.16,0.04,-0.0028672,1,0,0
0.18,0.04,0.04118,1,0,0
0.2,0.04,0.040386,1,0,0
0.22,0.04,0.05125,1,0,0
0.24,0.04,0.070104,1,0,0
0.26,0.04,0.041358,1,0,0
0.28,0.04,0.048042,1,0,0
0.3,0.04,0.039485,1,0,0
0.32,0.04,0.04876,1,0,0
0.34,0.04,0.052568,1,0,0
0.36,0.04,0.054912,1,0,0
0.38,0.04,0.027973,1,0,0
0.4,0.04,0.027908,1,0,0
0.42,0.04,0.026558,1,0,0
0.44,0.04,0.018301,1,0,0
0.46,0.04,0.010885,1,0,0
0.48,0.04,0.016938,1,0,0
0.5,0.04,-0.0077627,1,0,0
0.52,0.04,-0.0067856,1,0,0
0.54,0.04,0.0043479,1,0,0
0.56,0.04,0.0046876,1,0,0
0.58,0.04,-0.01509,1,0,0
0.6,0.04,0.0045668,1,0,0
0.62,0.04,0.030072,1,0,0
0.64,0.04,0.050385,1,0,0
0.66,0.04,0.03769,1,0,0
0.68,0.04,0.027935,1,0,0
0.7,0.04,0.064445,1,0,0
0.72,0.04,0.046186,1,0,0
0.74,0.04,0.054111,1,0,0
0.76,0.04,0.049023,1,0,0
0.78,0.04,0.047739,1,0,0
0.8,0.04,0.047082,1,0,0
0.82,0.04,0.043649,1,0,0
0.84,0.04,0.045505,1,0,0
0.86,0.04,0.034017,1,0,0
0.88,0.04,0.00089769,1,0,0
0.9,0.04,0.0012001,1,0,0
0.92,0.04,0.0080282,1,0,0
0.94,0.04,-0.0052026,1,0,0
0.96,0.04,-0.0080595,1,0,0
0.98,0.04,0.0050612,1,0,0
0.02,0.06,0.047834,1,0,0
0.04,0.06,0.057237,1,0,0
0.06,0.06,0.045915,1,0,0
0.08,0.06,0.032689,1,0,0
0.1,0.06,0.018332,1,0,0
0.12,0.06,0.0099138,1,0,0
0.14,0.06,0.00078685,1,0,0
0.16,0.06,0.028076,1,0,0
0.18,0.06,0.044351,1,0,0
0.2,0.06,0.053767,1,0,0
0.22,0.06,0.03329,1,0,0
0.24,0.06,0.033085,1,0,0
0.26,0.06,0.021471,1,0,0
0.28,0.06,0.039198,1,0,0
0.3,0.06,0.04684,1,0,0
0.32,0.06,0.024064,1,0,0
0.34,0.06,0.052487,1,0,0
0.36,0.06,0.063855,1,0,0
0.38,0.06,0.03703,1,0,0
0.4,0.06,0.016951,1,0,0
0.42,0.06,0.0003703,1,0,0
0.44,0.06,0.0084613,1,0,0
0.46,0.06,0.016878,1,0,0
0.48,0.06,0.028529,1,0,0
0.5,0.06,-0.0024809,1,0,0
0.52,0.06,-0.0087865,1,0,0
0.54,0.06,0.0073604,1,0,0
0.56,0.06,0.0049821,1,0,0
0.58,0.06,-0.006638,1,0,0
0.6,0.06,0.0020413,1,0,0
0.62,0.06,0.033854,1,0,0
0.64,0.06,0.044704,1,0,0
0.66,0.06,0.064693,1,0,0
0.68,0.06,0.082572,1,0,0
0.7,0.06,0.052631,1,0,0
0.72,0.06,0.048761,1,0,0
0.74,0.06,0.069743,1,0,0
0.76,0.06,0.051977,1,0,0
0.78,0.06,0.075907,1,0,0
0.8,0.06,0.056793,1,0,0
0.82,0.06,0.047563,1,0,0
0.84,0.06,0.021399,1,0,0
0.86,0.06,0.034126,1,0,0
0.88,0.06,0.032496,1,0,0
0.9,0.06,0.031821,1,0,0
0.92,0.06,-0.0082266,1,0,0
0.94,0.06,0.0096459,1,0,0
0.96,0.06,-0.0061701,1,0,0
0.98,0.06,0.0098587,1,0,0
0.02,0.08,0.05162,1,0,0
0.04,0.08,0.042255,1,0,0
0.06,0.08,0.048273,1,0,0
0.08,0.08,0.029576,1,0,0
0.1,0.08,0.029528,1,0,0
0.12,0.08,0.039532,1,0,0
0.14,0.08,0.0049298,1,0,0
0.16,0.08,0.026741,1,0,0
0.18,0.08,0.058302,1,0,0
0.2,0.08,0.051515,1,0,0
0.22,0.08,0.032665,1,0,0
0.24,0.08,0.055551,1,0,0
0.26,0.08,0.012414,1,0,0
0.28,0.08,0.012152,1,0,0
0.3,0.08,0.026859,1,0,0
0.32,0.08,0.028678,1,0,0
0.34,0.08,0.03731,1,0,0
0.36,0.08,0.034299,1,0,0
0.38,0.08,0.0297,1,0,0
0.4,0.08,0.007348,1,0,0
0.42,0.08,-0.014663,1,0,0
0.44,0.08,0.017362,1,0,0
0.46,0.08,0.0064691,1,0,0
0.48,0.08,0.0096597,1,0,0
0.5,0.08,0.0015764,1,0,0
0.52,0.08,0.00068409,1,0,0
0.54,0.08,0.020938,1,0,0
0.56,0.08,0.0073818,1,0,0
0.58,0.08,0.029706,1,0,0
0.6,0.08,0.024997,1,0,0
0.62,0.08,0.032897,1,0,0
0.64,0.08,0.050254,1,0,0
0.66,0.08,0.065297,1,0,0
0.68,0.08,0.055253,1,0,0
0.7,0.08,0.046708,1,0,0
0.72,0.08,0.047781,1,0,0
0.74,0.08,0.07763,1,0,0
0.76,0.08,0.063894,1,0,0
0.78,0.08,0.075712,1,0,0
0.8,0.08,0.079407,1,0,0
0.82,0.08,0.083032,1,0,0
0.84,0.08,0.0591,1,0,0
0.86,0.08,0.061382,1,0,0
0.88,0.08,0.039462,1,0,0
0.9,0.08,0.039794,1,0,0
0.92,0.08,0.030072,1,0,0
0.94,0.08,0.0094282,1,0,0
0.96,0.08,0.01061,1,0,0
0.98,0.08,0.034195,1,0,0
0.02,0.1,0.045947,1,0,0
0.04,0.1,0.038337,1,0,0
0.06,0.1,0.028865,1,0,0
0.08,0.1,0.028754,1,0,0
0.1,0.1,0.013718,1,0,0
0.12,0.1,0.025458,1,0,0
0.14,0.1,0.023515,1,0,0
0.16,0.1,0.038724,1,0,0
0.18,0.1,0.047237,1,0,0
0.2,0.1,0.048349,1,0,0
0.22,0.1,0.040065,1,0,0
0.24,0.1,0.04329,1,0,0
0.26,0.1,0.021877,1,0,0
0.28,0.1,0.023369,1,0,0
0.3,0.1,0.0058535,1,0,0
0.32,0.1,0.0014061,1,0,0
0.34,0.1,0.01374,1,0,0
0.36,0.1,0.020401,1,0,0
0.38,0.1,0.0073624,1,0,0
0.4,0.1,0.01306,1,0,0
0.42,0.1,0.013393,1,0,0
0.44,0.1,0.0009255,1,0,0
0.46,0.1,-0.004218,1,0,0
0.48,0.1,-0.015137,1,0,0
0.5,0.1,-0.017049,1,0,0
0.52,0.1,0.0068839,1,0,0
0.54,0.1,0.023155,1,0,0
0.56,0.1,0.051552,1,0,0
0.58,0.1,0.04044,1,0,0
0.6,0.1,0.042316,1,0,0
0.62,0.1,0.059804,1,0,0
0.64,0.1,0.052482,1,0,0
0.66,0.1,0.052554,1,0,0
0.68,0.1,0.032999,1,0,0
0.7,0.1,0.024098,1,0,0
0.72,0.1,0.022126,1,0,0
0.74,0.1,0.062747,1,0,0
0.76,0.1,0.05665,1,0,0
0.78,0.1,0.076675,1,0,0
0.8,0.1,0.095978,1,0,0
0.82,0.1,0.10225,1,0,0
0.84,0.1,0.094602,1,0,0
0.86,0.1,0.0614,1,0,0
0.88,0.1,0.055522,1,0,0
0.9,0.1,0.033718,1,0,0
0.92,0.1,0.029408,1,0,0
0.94,0.1,0.031289,1,0,0
0.96,0.1,0.0060145,1,0,0
0.98,0.1,0.0051344,1,0,0
0.02,0.12,0.018643,1,0,0
0.04,0.12,0.019736,1,0,0
0.06,0.12,0.035259,1,0,0
0.08,0.12,0.045369,1,0,0
0.1,0.12,0.065551,1,0,0
0.12,0.12,0.072009,1,0,0
0.14,0.12,0.061995,1,0,0
0.16,0.12,0.046291,1,0,0
0.18,0.12,0.070976,1,0,0
0.2,0.12,0.051785,1,0,0
0.22,0.12,0.029741,1,0,0
0.24,0.12,0.029159,1,0,0
0.26,0.12,0.02355,1,0,0
0.28,0.12,0.034024,1,0,0
0.3,0.12,0.013793,1,0,0
0.32,0.12,0.013816,1,0,0
0.34,0.12,0.018471,1,0,0
0.36,0.12,0.017803,1,0,0
0.38,0.12,0.014797,1,0,0
0.4,0.12,0.017515,1,0,0
0.42,0.12,0.0011969,1,0,0
0.44,0.12,0.0050115,1,0,0
0.46,0.12,0.01159,1,0,0
0.48,0.12,0.0079107,1,0,0
0.5,0.12,0.010692,1,0,0
0.52,0.12,0.016758,1,0,0
0.54,0.12,0.037588,1,0,0
0.56,0.12,0.052468,1,0,0
0.58,0.12,0.049131,1,0,0
0.6,0.12,0.047936,1,0,0
0.62,0.12,0.060385,1,0,0
0.64,0.12,0.076481,1,0,0
0.66,0.12,0.030788,1,0,0
0.68,0.12,0.044231,1,0,0
0.7,0.12,0.063498,1,0,0
0.72,0.12,0.075344,1,0,0
0.74,0.12,0.057281,1,0,0
0.76,0.12,0.084685,1,0,0
0.78,0.12,0.074959,1,0,0
0.8,0.12,0.093042,1,0,0
0.82,0.12,0.098024,1,0,0
0.84,0.12,0.11278,1,0,0
0.86,0.12,0.09853,1,0,0
0.88,0.12,0.080397,1,0,0
0.9,0.12,0.06833,1,0,0
0.92,0.12,0.062381,1,0,0
0.94,0.12,0.060093,1,0,0
0.96,0.12,0.027578,1,0,0
0.98,0.12,0.039976,1,0,0
0.02,0.14,0.015091,1,0,0
0.04,0.14,0.011479,1,0,0
0.06,0.14,0.031248,1,0,0
0.08,0.14,0.036843,1,0,0
0.1,0.14,0.0538,1,0,0
0.12,0.14,0.043124,1,0,0
0.14,0.14,0.060755,1,0,0
0.16,0.14,0.067407,1,0,0
0.18,0.14,0.070605,1,0,0
0.2,0.14,0.060172,1,0,0
0.22,0.14,0.018393,1,0,0
0.24,0.14,0.011672,1,0,0
0.26,0.14,0.020717,1,0,0
0.28,0.14,0.028555,1,0,0
0.3,0.14,0.019727,1,0,0
0.32,0.14,-0.015491,1,0,0
0.34,0.14,-0.0059137,1,0,0
0.36,0.14,0.0029672,1,0,0
0.38,0.14,0.023406,1,0,0
0.4,0.14,0.029372,1,0,0
0.42,0.14,0.0081075,1,0,0
0.44,0.14,0.018305,1,0,0
0.46,0.14,-0.0024144,1,0,0
0.48,0.14,0.003078,1,0,0
0.5,0.14,-0.0072917,1,0,0
0.52,0.14,-0.00097209,1,0,0
0.54,0.14,0.0060503,1,0,0
0.56,0.14,0.029321,1,0,0
0.58,0.14,0.0546,1,0,0
0.6,0.14,0.055287,1,0,0
0.62,0.14,0.061035,1,0,0
0.64,0.14,0.083947,1,0,0
0.66,0.14,0.046479,1,0,0
0.68,0.14,0.062574,1,0,0
0.7,0.14,0.055571,1,0,0
0.72,0.14,0.058414,1,0,0
0.74,0.14,0.044452,1,0,0
0.76,0.14,0.074211,1,0,0
0.78,0.14,0.087247,1,0,0
0.8,0.14,0.097291,1,0,0
0.82,0.14,0.10066,1,0,0
0.84,0.14,0.092631,1,0,0
0.86,0.14,0.078006,1,0,0
0.88,0.14,0.091547,1,0,0
0.9,0.14,0.061072,1,0,0
0.92,0.14,0.070057,1,0,0
0.94,0.14,0.06545,1,0,0
0.96,0.14,0.050492,1,0,0
0.98,0.14,0.04204,1,0,0
0.02,0.16,0.02205,1,0,0
0.04,0.16,0.016938,1,0,0
0.06,0.16,0.016448,1,0,0
0.08,0.16,0.036065,1,0,0
0.1,0.16,0.022393,1,0,0
0.12,0.16,0.026165,1,0,0
0.14,0.16,0.050297,1,0,0
0.16,0.16,0.058343,1,0,0
0.18,0.16,0.055725,1,0,0
0.2,0.16,0.053353,1,0,0
0.22,0.16,0.046485,1,0,0
0.24,0.16,0.028575,1,0,0
0.26,0.16,0.029557,1,0,0
0.28,0.16,0.027106,1,0,0
0.3,0.16,0.020368,1,0,0
0.32,0.16,0.011126,1,0,0
0.34,0.16,0.013135,1,0,0
0.36,0.16,0.0011721,1,0,0
0.38,0.16,0.011228,1,0,0
0.4,0.16,0.020801,1,0,0
0.42,0.16,0.022971,1,0,0
0.44,0.16,0.017686,1,0,0
0.46,0.16,0.0027194,1,0,0
0.48,0.16,-0.0012594,1,0,0
0.5,0.16,-0.011236,1,0,0
0.52,0.16,0.0026825,1,0,0
0.54,0.16,-0.008041,1,0,0
0.56,0.16,0.018875,1,0,0
0.58,0.16,0.05044,1,0,0
0.6,0.16,0.088003,1,0,0
0.62,0.16,0.082007,1,0,0
0.64,0.16,0.09202,1,0,0
0.66,0.16,0.067547,1,0,0
0.68,0.16,0.059404,1,0,0
0.7,0.16,0.060205,1,0,0
0.72,0.16,0.055948,1,0,0
0.74,0.16,0.063403,1,0,0
0.76,0.16,0.073718,1,0,0
0.78,0.16,0.066597,1,0,0
0.8,0.16,0.094559,1,0,0
0.82,0.16,0.11538,1,0,0
0.84,0.16,0.089528,1,0,0
0.86,0.16,0.065104,1,0,0
0.88,0.16,0.079709,1,0,0
0.9,0.16,0.065157,1,0,0
0.92,0.16,0.06528,1,0,0
0.94,0.16,0.083807,1,0,0
0.96,0.16,0.059886,1,0,0
0.98,0.16,0.035647,1,0,0
0.02,0.18,0.022858,1,0,0
0.04,0.18,0.03379,1,0,0
0.06,0.18,0.0012643,1,0,0
0.08,0.18,0.0080079,1,0,0
0.1,0.18,-0.0037465,1,0,0
0.12,0.18,0.02244,1,0,0
0.14,0.18,0.04394,1,0,0
0.16,0.18,0.047178,1,0,0
0.18,0.18,0.046463,1,0,0
0.2,0.18,0.02799,1,0,0
0.22,0.18,0.028268,1,0,0
0.24,0.18,0.040401,1,0,0
0.26,0.18,0.036975,1,0,0
0.28,0.18,0.031014,1,0,0
0.3,0.18,0.025343,1,0,0
0.32,0.18,0.031484,1,0,0
0.34,0.18,0.0069502,1,0,0
0.36,0.18,-0.012139,1,0,0
0.38,0.18,-0.012073,1,0,0
0.4,0.18,-0.0014928,1,0,0
0.42,0.18,0.0069256,1,0,0
0.44,0.18,0.0058466,1,0,0
0.46,0.18,0.012388,1,0,0
0.48,0.18,-0.013076,1,0,0
0.5,0.18,-0.011937,1,0,0
0.52,0.18,0.016866,1,0,0
0.54,0.18,0.014693,1,0,0
0.56,0.18,0.0072029,1,0,0
0.58,0.18,0.033073,1,0,0
0.6,0.18,0.058122,1,0,0
0.62,0.18,0.061482,1,0,0
0.64,0.18,0.087604,1,0,0
0.66,0.18,0.080815,1,0,0
0.68,0.18,0.064615,1,0,0
0.7,0.18,0.075094,1,0,0
0.72,0.18,0.06113,1,0,0
0.74,0.18,0.061545,1,0,0
0.76,0.18,0.079678,1,0,0
0.78,0.18,0.07083,1,0,0
0.8,0.18,0.081822,1,0,0
0.82,0.18,0.096407,1,0,0
0.84,0.18,0.07456,1,0,0
0.86,0.18,0.064994,1,0,0
0.88,0.18,0.071217,1,0,0
0.9,0.18,0.079442,1,0,0
0.92,0.18,0.058349,1,0,0
0.94,0.18,0.075498,1,0,0
0.96,0.18,0.036,1,0,0
0.98,0.18,0.029075,1,0,0
0.02,0.2,0.025976,1,0,0
0.04,0.2,0.022194,1,0,0
0.06,0.2,-0.0064957,1,0,0
0.08,0.2,-0.00012827,1,0,0
0.1,0.2,0.0049238,1,0,0
0.12,0.2,0.0096359,1,0,0
0.14,0.2,0.013279,1,0,0
0.16,0.2,0.034154,1,0,0
0.18,0.2,0.01622,1,0,0
0.2,0.2,0.046092,1,0,0
0.22,0.2,0.034016,1,0,0
0.24,0.2,0.049105,1,0,0
0.26,0.2,0.037513,1,0,0
0.28,0.2,0.040923,1,0,0
0.3,0.2,0.031782,1,0,0
0.32,0.2,0.015459,1,0,0
0.34,0.2,0.017674,1,0,0
0.36,0.2,0.0046427,1,0,0
0.38,0.2,-0.0060887,1,0,0
0.4,0.2,0.010383,1,0,0
0.42,0.2,0.0099019,1,0,0
0.44,0.2,0.0089331,1,0,0
0.46,0.2,0.0082755,1,0,0
0.48,0.2,0.016604,1,0,0
0.5,0.2,-0.011396,1,0,0
0.52,0.2,-0.0039263,1,0,0
0.54,0.2,0.027991,1,0,0
0.56,0.2,0.027888,1,0,0
0.58,0.2,0.057064,1,0,0
0.6,0.2,0.065602,1,0,0
0.62,0.2,0.083276,1,0,0
0.64,0.2,0.068337,1,0,0
0.66,0.2,0.074815,1,0,0
0.68,0.2,0.081884,1,0,0
0.7,0.2,0.096939,1,0,0
0.72,0.2,0.06385,1,0,0
0.74,0.2,0.060771,1,0,0
0.76,0.2,0.055625,1,0,0
0.78,0.2,0.090033,1,0,0
0.8,0.2,0.06651,1,0,0
0.82,0.2,0.076343,1,0,0
0.84,0.2,0.06309,1,0,0
0.86,0.2,0.069528,1,0,0
0.88,0.2,0.083872,1,0,0
0.9,0.2,0.048431,1,0,0
0.92,0.2,0.03146,1,0,0
0.94,0.2,0.033011,1,0,0
0.96,0.2,0.038416,1,0,0
0.98,0.2,0.041084,1,0,0
0.02,0.22,0.050405,1,0,0
0.04,0.22,0.046998,1,0,0
0.06,0.22,0.02889,1,0,0
0.08,0.22,-0.0025744,1,0,0
0.1,0.22,-0.0019811,1,0,0
0.12,0.22,0.026628,1,0,0
0.14,0.22,0.018135,1,0,0
0.16,0.22,0.018747,1,0,0
0.18,0.22,0.019364,1,0,0
0.2,0.22,0.02133,1,0,0
0.22,0.22,0.023985,1,0,0
0.24,0.22,0.054699,1,0,0
0.26,0.22,0.043115,1,0,0
0.28,0.22,0.050646,1,0,0
0.3,0.22,0.027654,1,0,0
0.32,0.22,0.022281,1,0,0
0.34,0.22,0.012111,1,0,0
0.36,0.22,0.011597,1,0,0
0.38,0.22,0.0029813,1,0,0
0.4,0.22,0.033653,1,0,0
0.42,0.22,0.044799,1,0,0
0.44,0.22,0.026922,1,0,0
0.46,0.22,-0.0023302,1,0,0
0.48,0.22,0.0029599,1,0,0
0.5,0.22,-0.0067411,1,0,0
0.52,0.22,0.0026947,1,0,0
0.54,0.22,0.053541,1,0,0
0.56,0.22,0.056951,1,0,0
0.58,0.22,0.080609,1,0,0
0.6,0.22,0.070372,1,0,0
0.62,0.22,0.072058,1,0,0
0.64,0.22,0.089428,1,0,0
0.66,0.22,0.09615,1,0,0
0.68,0.22,0.092278,1,0,0
0.7,0.22,0.11036,1,0,0
0.72,0.22,0.070113,1,0,0
0.74,0.22,0.038572,1,0,0
0.76,0.22,0.056512,1,0,0
0.78,0.22,0.084125,1,0,0
0.8,0.22,0.072036,1,0,0
0.82,0.22,0.061338,1,0,0
0.84,0.22,0.062867,1,0,0
0.86,0.22,0.084453,1,0,0
0.88,0.22,0.059897,1,0,0
0.9,0.22,0.055224,1,0,0
0.92,0.22,0.045132,1,0,0
0.94,0.22,0.032895,1,0,0
0.96,0.22,0.044938,1,0,0
0.98,0.22,0.076421,1,0,0
0.02,0.24,0.047526,1,0,0
0.04,0.24,0.059695,1,0,0
0.06,0.24,0.041405,1,0,0
0.08,0.24,0.025806,1,0,0
0.1,0.24,0.027358,1,0,0
0.12,0.24,0.036453,1,0,0
0.14,0.24,0.043046,1,0,0
0.16,0.24,0.031146,1,0,0
0.18,0.24,0.011536,1,0,0
0.2,0.24,0.0035943,1,0,0
0.22,0.24,0.03526,1,0,0
0.24,0.24,0.041803,1,0,0
0.26,0.24,0.028688,1,0,0
0.28,0.24,0.041527,1,0,0
0.3,0.24,0.031647,1,0,0
0.32,0.24,0.041902,1,0,0
0.34,0.24,0.042375,1,0,0
0.36,0.24,0.045738,1,0,0
0.38,0.24,0.0057954,1,0,0
0.4,0.24,0.032981,1,0,0
0.42,0.24,0.059979,1,0,0
0.44,0.24,0.02991,1,0,0
0.46,0.24,0.018679,1,0,0
0.48,0.24,0.019299,1,0,0
0.5,0.24,0.022537,1,0,0
0.52,0.24,0.048546,1,0,0
0.54,0.24,0.057176,1,0,0
0.56,0.24,0.078155,1,0,0
0.58,0.24,0.074472,1,0,0
0.6,0.24,0.087002,1,0,0
0.62,0.24,0.07752,1,0,0
0.64,0.24,0.085001,1,0,0
0.66,0.24,0.10575,1,0,0
0.68,0.24,0.11533,1,0,0
0.7,0.24,0.11247,1,0,0
0.72,0.24,0.10661,1,0,0
0.74,0.24,0.075655,1,0,0
0.76,0.24,0.048194,1,0,0
0.78,0.24,0.055422,1,0,0
0.8,0.24,0.060373,1,0,0
0.82,0.24,0.060139,1,0,0
0.84,0.24,0.077106,1,0,0
0.86,0.24,0.076252,1,0,0
0.88,0.24,0.065762,1,0,0
0.9,0.24,0.063079,1,0,0
0.92,0.24,0.033113,1,0,0
0.94,0.24,0.063149,1,0,0
0.96,0.24,0.062321,1,0,0
0.98,0.24,0.075504,1,0,0
0.02,0.26,0.060175,1,0,0
0.04,0.26,0.050243,1,0,0
0.06,0.26,0.035849,1,0,0
0.08,0.26,0.00014466,1,0,0
0.1,0.26,0.00036959,1,0,0
0.12,0.26,0.011835,1,0,0
0.14,0.26,0.010138,1,0,0
0.16,0.26,0.02005,1,0,0
0.18,0.26,0.019464,1,0,0
0.2,0.26,-0.010755,1,0,0
0.22,0.26,0.0017724,1,0,0
0.24,0.26,0.022875,1,0,0
0.26,0.26,0.0003429,1,0,0
0.28,0.26,0.01897,1,0,0
0.3,0.26,0.034116,1,0,0
0.32,0.26,0.026784,1,0,0
0.34,0.26,0.02996,1,0,0
0.36,0.26,0.024038,1,0,0
0.38,0.26,0.01496,1,0,0
0.4,0.26,0.034784,1,0,0
0.42,0.26,0.028884,1,0,0
0.44,0.26,0.024517,1,0,0
0.46,0.26,0.0015197,1,0,0
0.48,0.26,0.015241,1,0,0
0.5,0.26,0.01047,1,0,0
0.52,0.26,0.058812,1,0,0
0.54,0.26,0.066155,1,0,0
0.56,0.26,0.06216,1,0,0
0.58,0.26,0.060957,1,0,0
0.6,0.26,0.078899,1,0,0
0.62,0.26,0.061875,1,0,0
0.64,0.26,0.081458,1,0,0
0.66,0.26,0.084783,1,0,0
0.68,0.26,0.085844,1,0,0
0.7,0.26,0.086278,1,0,0
0.72,0.26,0.069219,1,0,0
0.74,0.26,0.053773,1,0,0
0.76,0.26,0.035865,1,0,0
0.78,0.26,0.052403,1,0,0
0.8,0.26,0.064756,1,0,0
0.82,0.26,0.061422,1,0,0
0.84,0.26,0.05337,1,0,0
0.86,0.26,0.049827,1,0,0
0.88,0.26,0.041029,1,0,0
0.9,0.26,0.022538,1,0,0
0.92,0.26,0.031327,1,0,0
0.94,0.26,0.021266,1,0,0
0.96,0.26,0.052159,1,0,0
0.98,0.26,0.051591,1,0,0
0.02,0.28,0.051392,1,0,0
0.04,0.28,0.052707,1,0,0
0.06,0.28,0.04236,1,0,0
0.08,0.28,0.0042856,1,0,0
0.1,0.28,0.0072208,1,0,0
0.12,0.28,-0.022696,1,0,0
0.14,0.28,-0.032417,1,0,0
0.16,0.28,-0.00071487,1,0,0
0.18,0.28,0.016442,1,0,0
0.2,0.28,0.0052192,1,0,0
0.22,0.28,-0.0015129,1,0,0
0.24,0.28,0.015545,1,0,0
0.26,0.28,0.016333,1,0,0
0.28,0.28,0.030719,1,0,0
0.3,0.28,0.042466,1,0,0
0.32,0.28,0.028606,1,0,0
0.34,0.28,0.016598,1,0,0
0.36,0.28,0.02142,1,0,0
0.38,0.28,0.023349,1,0,0
0.4,0.28,0.026565,1,0,0
0.42,0.28,-0.0083447,1,0,0
0.44,0.28,0.0035075,1,0,0
0.46,0.28,0.013117,1,0,0
0.48,0.28,0.023281,1,0,0
0.5,0.28,0.019729,1,0,0
0.52,0.28,0.046354,1,0,0
0.54,0.28,0.052691,1,0,0
0.56,0.28,0.058698,1,0,0
0.58,0.28,0.07583,1,0,0
0.6,0.28,0.081783,1,0,0
0.62,0.28,0.073705,1,0,0
0.64,0.28,0.057583,1,0,0
0.66,0.28,0.055287,1,0,0
0.68,0.28,0.082755,1,0,0
0.7,0.28,0.062399,1,0,0
0.72,0.28,0.071229,1,0,0
0.74,0.28,0.040899,1,0,0
0.76,0.28,0.036719,1,0,0
0.78,0.28,0.070888,1,0,0
0.8,0.28,0.076676,1,0,0
0.82,0.28,0.071784,1,0,0
0.84,0.28,0.072263,1,0,0
0.86,0.28,0.055756,1,0,0
0.88,0.28,0.041341,1,0,0
0.9,0.28,0.025577,1,0,0
0.92,0.28,0.0042458,1,0,0
0.94,0.28,0.031056,1,0,0
0.96,0.28,0.050327,1,0,0
0.98,0.28,0.064561,1,0,0
0.02,0.3,0.054889,1,0,0
0.04,0.3,0.034612,1,0,0
0.06,0.3,0.015461,1,0,0
0.08,0.3,0.009964,1,0,0
0.1,0.3,-0.030708,1,0,0
0.12,0.3,-0.011462,1,0,0
0.14,0.3,-0.024378,1,0,0
0.16,0.3,0.0031431,1,0,0
0.18,0.3,0.0024951,1,0,0
0.2,0.3,-0.013957,1,0,0
0.22,0.3,-0.0090945,1,0,0
0.24,0.3,0.0064382,1,0,0
0.26,0.3,0.025228,1,0,0
0.28,0.3,0.059916,1,0,0
0.3,0.3,0.047287,1,0,0
0.32,0.3,0.036908,1,0,0
0.34,0.3,0.02685,1,0,0
0.36,0.3,0.0066944,1,0,0
0.38,0.3,0.0068699,1,0,0
0.4,0.3,0.028165,1,0,0
0.42,0.3,0.023893,1,0,0
0.44,0.3,-0.0015041,1,0,0
0.46,0.3,0.0074728,1,0,0
0.48,0.3,0.021125,1,0,0
0.5,0.3,0.022632,1,0,0
0.52,0.3,0.050828,1,0,0
0.54,0.3,0.060395,1,0,0
0.56,0.3,0.056425,1,0,0
0.58,0.3,0.038334,1,0,0
0.6,0.3,0.045442,1,0,0
0.62,0.3,0.052846,1,0,0
0.64,0.3,0.054703,1,0,0
0.66,0.3,0.065005,1,0,0
0.68,0.3,0.075368,1,0,0
0.7,0.3,0.099308,1,0,0
0.72,0.3,0.065219,1,0,0
0.74,0.3,0.062409,1,0,0
0.76,0.3,0.054415,1,0,0
0.78,0.3,0.046035,1,0,0
0.8,0.3,0.070434,1,0,0
0.82,0.3,0.084504,1,0,0
0.84,0.3,0.065262,1,0,0
0.86,0.3,0.051598,1,0,0
0.88,0.3,0.028257,1,0,0
0.9,0.3,0.025424,1,0,0
0.92,0.3,0.02583,1,0,0
0.94,0.3,0.034615,1,0,0
0.96,0.3,0.028732,1,0,0
0.98,0.3,0.020086,1,0,0
0.02,0.32,0.015328,1,0,0
0.04,0.32,0.024627,1,0,0
0.06,0.32,0.013783,1,0,0
0.08,0.32,-0.00030668,1,0,0
0.1,0.32,-0.017481,1,0,0
0.12,0.32,-0.0069156,1,0,0
0.14,0.32,-0.014446,1,0,0
0.16,0.32,-0.011502,1,0,0
0.18,0.32,-0.018957,1,0,0
0.2,0.32,-0.0041964,1,0,0
0.22,0.32,-0.0060977,1,0,0
0.24,0.32,0.01672,1,0,0
0.26,0.32,0.028784,1,0,0
0.28,0.32,0.049254,1,0,0
0.3,0.32,0.021279,1,0,0
0.32,0.32,0.022168,1,0,0
0.34,0.32,0.017602,1,0,0
0.36,0.32,0.01432,1,0,0
0.38,0.32,0.0040962,1,0,0
0.4,0.32,0.021376,1,0,0
0.42,0.32,0.029468,1,0,0
0.44,0.32,0.026358,1,0,0
0.46,0.32,0.022074,1,0,0
0.48,0.32,7.7181e-05,1,0,0
0.5,0.32,0.021013,1,0,0
0.52,0.32,0.024824,1,0,0
0.54,0.32,0.016069,1,0,0
0.56,0.32,0.035226,1,0,0
0.58,0.32,0.045406,1,0,0
0.6,0.32,0.012111,1,0,0
0.62,0.32,0.041679,1,0,0
0.64,0.32,0.056378,1,0,0
0.66,0.32,0.063662,1,0,0
0.68,0.32,0.061716,1,0,0
0.7,0.32,0.10139,1,0,0
0.72,0.32,0.095766,1,0,0
0.74,0.32,0.078603,1,0,0
0.76,0.32,0.053011,1,0,0
0.78,0.32,0.060829,1,0,0
0.8,0.32,0.046764,1,0,0
0.82,0.32,0.081291,1,0,0
0.84,0.32,0.094266,1,0,0
0.86,0.32,0.057848,1,0,0
0.88,0.32,0.034278,1,0,0
0.9,0.32,0.02232,1,0,0
0.92,0.32,0.021041,1,0,0
0.94,0.32,0.031128,1,0,0
0.96,0.32,0.018323,1,0,0
0.98,0.32,0.023899,1,0,0
0.02,0.34,0.032924,1,0,0
0.04,0.34,0.01476,1,0,0
0.06,0.34,0.0083106,1,0,0
0.08,0.34,0.0076052,1,0,0
0.1,0.34,-0.014795,1,0,0
0.12,0.34,-0.015423,1,0,0
0.14,0.34,-0.018058,1,0,0
0.16,0.34,-0.037142,1,0,0
0.18,0.34,-0.036887,1,0,0
0.2,0.34,-0.010273,1,0,0
0.22,0.34,-0.014224,1,0,0
0.24,0.34,0.0047141,1,0,0
0.26,0.34,0.03326,1,0,0
0.28,0.34,0.06471,1,0,0
0.3,0.34,0.0363,1,0,0
0.32,0.34,-0.0035812,1,0,0
0.34,0.34,-0.0059812,1,0,0
0.36,0.34,-0.010658,1,0,0
0.38,0.34,-0.008164,1,0,0
0.4,0.34,0.014105,1,0,0
0.42,0.34,0.02339,1,0,0
0.44,0.34,0.024635,1,0,0
0.46,0.34,0.016405,1,0,0
0.48,0.34,0.0058866,1,0,0
0.5,0.34,0.0039399,1,0,0
0.52,0.34,0.0016107,1,0,0
0.54,0.34,0.027853,1,0,0
0.56,0.34,0.02504,1,0,0
0.58,0.34,0.02978,1,0,0
0.6,0.34,0.0017957,1,0,0
0.62,0.34,0.021062,1,0,0
0.64,0.34,0.049382,1,0,0
0.66,0.34,0.045945,1,0,0
0.68,0.34,0.080668,1,0,0
0.7,0.34,0.090076,1,0,0
0.72,0.34,0.083575,1,0,0
0.74,0.34,0.070032,1,0,0
0.76,0.34,0.071212,1,0,0
0.78,0.34,0.058309,1,0,0
0.8,0.34,0.061221,1,0,0
0.82,0.34,0.086695,1,0,0
0.84,0.34,0.045509,1,0,0
0.86,0.34,0.053981,1,0,0
0.88,0.34,0.052367,1,0,0
0.9,0.34,0.038256,1,0,0
0.92,0.34,0.026311,1,0,0
0.94,0.34,0.045633,1,0,0
0.96,0.34,0.017984,1,0,0
0.98,0.34,0.026787,1,0,0
0.02,0.36,0.036909,1,0,0
0.04,0.36,0.020251,1,0,0
0.06,0.36,-0.0014035,1,0,0
0.08,0.36,0.0064969,1,0,0
0.1,0.36,-0.0037828,1,0,0
0.12,0.36,-0.0021062,1,0,0
0.14,0.36,-0.035629,1,0,0
0.16,0.36,-0.0293,1,0,0
0.18,0.36,-0.021112,1,0,0
0.2,0.36,-0.017841,1,0,0
0.22,0.36,-0.015681,1,0,0
0.24,0.36,0.0045613,1,0,0
0.26,0.36,0.043612,1,0,0
0.28,0.36,0.03589,1,0,0
0.3,0.36,0.025294,1,0,0
0.32,0.36,0.0024982,1,0,0
0.34,0.36,-0.014859,1,0,0
0.36,0.36,-0.026022,1,0,0
0.38,0.36,-0.0048437,1,0,0
0.4,0.36,-0.014459,1,0,0
0.42,0.36,-0.0082332,1,0,0
0.44,0.36,0.028096,1,0,0
0.46,0.36,0.049294,1,0,0
0.48,0.36,0.034596,1,0,0
0.5,0.36,0.00069916,1,0,0
0.52,0.36,0.01678,1,0,0
0.54,0.36,0.020884,1,0,0
0.56,0.36,0.042188,1,0,0
0.58,0.36,0.021898,1,0,0
0.6,0.36,0.01709,1,0,0
0.62,0.36,0.015059,1,0,0
0.64,0.36,0.036364,1,0,0
0.66,0.36,0.050769,1,0,0
0.68,0.36,0.071,1,0,0
0.7,0.36,0.080501,1,0,0
0.72,0.36,0.070306,1,0,0
0.74,0.36,0.068118,1,0,0
0.76,0.36,0.081734,1,0,0
0.78,0.36,0.069122,1,0,0
0.8,0.36,0.064143,1,0,0
0.82,0.36,0.079061,1,0,0
0.84,0.36,0.062826,1,0,0
0.86,0.36,0.064852,1,0,0
0.88,0.36,0.066033,1,0,0
0.9,0.36,0.043461,1,0,0
0.92,0.36,0.024699,1,0,0
0.94,0.36,0.032364,1,0,0
0.96,0.36,0.024449,1,0,0
0.98,0.36,0.021856,1,0,0
0.02,0.38,0.064564,1,0,0
0.04,0.38,0.033771,1,0,0
0.06,0.38,0.011268,1,0,0
0.08,0.38,0.0068679,1,0,0
0.1,0.38,0.0076256,1,0,0
0.12,0.38,-0.0018899,1,0,0
0.14,0.38,-0.0045482,1,0,0
0.16,0.38,-0.012158,1,0,0
0.18,0.38,-0.0081032,1,0,0
0.2,0.38,-0.031915,1,0,0
0.22,0.38,-0.025202,1,0,0
0.24,0.38,0.0010304,1,0,0
0.26,0.38,0.013883,1,0,0
0.28,0.38,0.0093427,1,0,0
0.3,0.38,0.010608,1,0,0
0.32,0.38,0.006692,1,0,0
0.34,0.38,-0.03309,1,0,0
0.36,0.38,-0.03437,1,0,0
0.38,0.38,-0.038634,1,0,0
0.4,0.38,-0.02535,1,0,0
0.42,0.38,-0.0015814,1,0,0
0.44,0.38,0.025604,1,0,0
0.46,0.38,0.041323,1,0,0
0.48,0.38,0.030814,1,0,0
0.5,0.38,0.012763,1,0,0
0.52,0.38,0.042204,1,0,0
0.54,0.38,0.034277,1,0,0
0.56,0.38,0.03101,1,0,0
0.58,0.38,0.015331,1,0,0
0.6,0.38,0.012781,1,0,0
0.62,0.38,0.016844,1,0,0
0.64,0.38,0.050725,1,0,0
0.66,0.38,0.059465,1,0,0
0.68,0.38,0.057524,1,0,0
0.7,0.38,0.059539,1,0,0
0.72,0.38,0.066364,1,0,0
0.74,0.38,0.070155,1,0,0
0.76,0.38,0.091601,1,0,0
0.78,0.38,0.066786,1,0,0
0.8,0.38,0.087551,1,0,0
0.82,0.38,0.087243,1,0,0
0.84,0.38,0.071542,1,0,0
0.86,0.38,0.052478,1,0,0
0.88,0.38,0.060707,1,0,0
0.9,0.38,0.049104,1,0,0
0.92,0.38,0.065007,1,0,0
0.94,0.38,0.051283,1,0,0
0.96,0.38,0.0069865,1,0,0
0.98,0.38,6.2065e-06,1,0,0
0.02,0.4,0.064513,1,0,0
0.04,0.4,0.054157,1,0,0
0.06,0.4,0.056919,1,0,0
0.08,0.4,0.039805,1,0,0
0.1,0.4,0.032997,1,0,0
0.12,0.4,0.015038,1,0,0
0.14,0.4,-0.00083402,1,0,0
0.16,0.4,-0.0080788,1,0,0
0.18,0.4,-0.0086403,1,0,0
0.2,0.4,-0.0089984,1,0,0
0.22,0.4,-0.010944,1,0,0
0.24,0.4,0.0094282,1,0,0
0.26,0.4,0.0063129,1,0,0
0.28,0.4,0.0062036,1,0,0
0.3,0.4,0.0046492,1,0,0
0.32,0.4,-0.0083613,1,0,0
0.34,0.4,-0.0051654,1,0,0
0.36,0.4,-0.013592,1,0,0
0.38,0.4,-0.023148,1,0,0
0.4,0.4,-0.015513,1,0,0
0.42,0.4,0.010171,1,0,0
0.44,0.4,0.039219,1,0,0
0.46,0.4,0.04102,1,0,0
0.48,0.4,0.057571,1,0,0
0.5,0.4,0.029396,1,0,0
0.52,0.4,0.029571,1,0,0
0.54,0.4,0.041874,1,0,0
0.56,0.4,0.047337,1,0,0
0.58,0.4,0.042727,1,0,0
0.6,0.4,0.058697,1,0,0
0.62,0.4,0.05999,1,0,0
0.64,0.4,0.078565,1,0,0
0.66,0.4,0.069198,1,0,0
0.68,0.4,0.073605,1,0,0
0.7,0.4,0.058743,1,0,0
0.72,0.4,0.078675,1,0,0
0.74,0.4,0.086787,1,0,0
0.76,0.4,0.094016,1,0,0
0.78,0.4,0.078388,1,0,0
0.8,0.4,0.083627,1,0,0
0.82,0.4,0.095774,1,0,0
0.84,0.4,0.073979,1,0,0
0.86,0.4,0.062899,1,0,0
0.88,0.4,0.070593,1,0,0
0.9,0.4,0.04371,1,0,0
0.92,0.4,0.068595,1,0,0
0.94,0.4,0.057191,1,0,0
0.96,0.4,0.037193,1,0,0
0.98,0.4,0.027908,1,0,0
0.02,0.42,0.039447,1,0,0
0.04,0.42,0.050766,1,0,0
0.06,0.42,0.070307,1,0,0
0.08,0.42,0.049539,1,0,0
0.1,0.42,0.043875,1,0,0
0.12,0.42,0.046296,1,0,0
0.14,0.42,0.012119,1,0,0
0.16,0.42,0.0020645,1,0,0
0.18,0.42,-0.0011148,1,0,0
0.2,0.42,-0.0076213,1,0,0
0.22,0.42,-0.046577,1,0,0
0.24,0.42,-0.03347,1,0,0
0.26,0.42,-0.019612,1,0,0
0.28,0.42,0.0052213,1,0,0
0.3,0.42,0.0096033,1,0,0
0.32,0.42,-0.022755,1,0,0
0.34,0.42,-0.03682,1,0,0
0.36,0.42,-0.0010347,1,0,0
0.38,0.42,-0.0071864,1,0,0
0.4,0.42,-0.004478,1,0,0
0.42,0.42,0.015569,1,0,0
0.44,0.42,0.02106,1,0,0
0.46,0.42,0.011878,1,0,0
0.48,0.42,0.034239,1,0,0
0.5,0.42,0.027553,1,0,0
0.52,0.42,0.030875,1,0,0
0.54,0.42,0.031536,1,0,0
0.56,0.42,0.045822,1,0,0
0.58,0.42,0.053561,1,0,0
0.6,0.42,0.046738,1,0,0
0.62,0.42,0.066523,1,0,0
0.64,0.42,0.077931,1,0,0
0.66,0.42,0.085048,1,0,0
0.68,0.42,0.081658,1,0,0
0.7,0.42,0.093303,1,0,0
0.72,0.42,0.092916,1,0,0
0.74,0.42,0.072093,1,0,0
0.76,0.42,0.063743,1,0,0
0.78,0.42,0.088478,1,0,0
0.8,0.42,0.081932,1,0,0
0.82,0.42,0.071102,1,0,0
0.84,0.42,0.058356,1,0,0
0.86,0.42,0.062857,1,0,0
0.88,0.42,0.060846,1,0,0
0.9,0.42,0.045946,1,0,0
0.92,0.42,0.060433,1,0,0
0.94,0.42,0.038188,1,0,0
0.96,0.42,0.026591,1,0,0
0.98,0.42,0.022439,1,0,0
0.02,0.44,0.038124,1,0,0
0.04,0.44,0.041435,1,0,0
0.06,0.44,0.065109,1,0,0
0.08,0.44,0.057713,1,0,0
0.1,0.44,0.043382,1,0,0
0.12,0.44,0.040157,1,0,0
0.14,0.44,0.0095384,1,0,0
0.16,0.44,0.003524,1,0,0
0.18,0.44,0.0013723,1,0,0
0.2,0.44,-0.030159,1,0,0
0.22,0.44,-0.031685,1,0,0
0.24,0.44,-0.028201,1,0,0
0.26,0.44,-0.031535,1,0,0
0.28,0.44,0.0023491,1,0,0
0.3,0.44,-0.026765,1,0,0
0.32,0.44,-0.021311,1,0,0
0.34,0.44,-0.031937,1,0,0
0.36,0.44,0.0016206,1,0,0
0.38,0.44,-0.018246,1,0,0
0.4,0.44,-0.0016305,1,0,0
0.42,0.44,0.010727,1,0,0
0.44,0.44,-0.0032386,1,0,0
0.46,0.44,0.0024768,1,0,0
0.48,0.44,0.024058,1,0,0
0.5,0.44,0.015355,1,0,0
0.52,0.44,0.0024765,1,0,0
0.54,0.44,0.03861,1,0,0
0.56,0.44,0.036696,1,0,0
0.58,0.44,0.040095,1,0,0
0.6,0.44,0.052316,1,0,0
0.62,0.44,0.080666,1,0,0
0.64,0.44,0.072479,1,0,0
0.66,0.44,0.087441,1,0,0
0.68,0.44,0.088199,1,0,0
0.7,0.44,0.11274,1,0,0
0.72,0.44,0.096082,1,0,0
0.74,0.44,0.075544,1,0,0
0.76,0.44,0.068241,1,0,0
0.78,0.44,0.051473,1,0,0
0.8,0.44,0.060141,1,0,0
0.82,0.44,0.064242,1,0,0
0.84,0.44,0.054224,1,0,0
0.86,0.44,0.073761,1,0,0
0.88,0.44,0.032748,1,0,0
0.9,0.44,0.027789,1,0,0
0.92,0.44,0.012572,1,0,0
0.94,0.44,0.019436,1,0,0
0.96,0.44,0.0081289,1,0,0
0.98,0.44,0.020835,1,0,0
0.02,0.46,0.054526,1,0,0
0.04,0.46,0.088164,1,0,0
0.06,0.46,0.074666,1,0,0
0.08,0.46,0.059556,1,0,0
0.1,0.46,0.043757,1,0,0
0.12,0.46,0.031167,1,0,0
0.14,0.46,-0.0016471,1,0,0
0.16,0.46,0.013758,1,0,0
0.18,0.46,0.00099984,1,0,0
0.2,0.46,-0.013771,1,0,0
0.22,0.46,-0.019239,1,0,0
0.24,0.46,0.011616,1,0,0
0.26,0.46,0.00026052,1,0,0
0.28,0.46,-0.015604,1,0,0
0.3,0.46,0.0019725,1,0,0
0.32,0.46,-0.00098343,1,0,0
0.34,0.46,-0.0087991,1,0,0
0.36,0.46,-0.021417,1,0,0
0.38,0.46,-0.015731,1,0,0
0.4,0.46,0.0063364,1,0,0
0.42,0.46,0.0085234,1,0,0
0.44,0.46,-0.0072668,1,0,0
0.46,0.46,0.00098368,1,0,0
0.48,0.46,0.011361,1,0,0
0.5,0.46,0.014604,1,0,0
0.52,0.46,0.051385,1,0,0
0.54,0.46,0.04171,1,0,0
0.56,0.46,0.038526,1,0,0
0.58,0.46,0.045422,1,0,0
0.6,0.46,0.066783,1,0,0
0.62,0.46,0.089244,1,0,0
0.64,0.46,0.089935,1,0,0
0.66,0.46,0.093956,1,0,0
0.68,0.46,0.10322,1,0,0
0.7,0.46,0.10135,1,0,0
0.72,0.46,0.09527,1,0,0
0.74,0.46,0.088492,1,0,0
0.76,0.46,0.05387,1,0,0
0.78,0.46,0.075635,1,0,0
0.8,0.46,0.046002,1,0,0
0.82,0.46,0.075647,1,0,0
0.84,0.46,0.058421,1,0,0
0.86,0.46,0.04565,1,0,0
0.88,0.46,0.022206,1,0,0
0.9,0.46,0.036316,1,0,0
0.92,0.46,0.026396,1,0,0
0.94,0.46,0.013156,1,0,0
0.96,0.46,-0.0067137,1,0,0
0.98,0.46,0.0057604,1,0,0
0.02,0.48,0.096088,1,0,0
0.04,0.48,0.086805,1,0,0
0.06,0.48,0.10066,1,0,0
0.08,0.48,0.076409,1,0,0
0.1,0.48,0.046093,1,0,0
0.12,0.48,0.033077,1,0,0
0.14,0.48,0.010632,1,0,0
0.16,0.48,0.021168,1,0,0
0.18,0.48,0.022209,1,0,0
0.2,0.48,0.021259,1,0,0
0.22,0.48,0.025876,1,0,0
0.24,0.48,0.027025,1,0,0
0.26,0.48,-0.0060016,1,0,0
0.28,0.48,-0.0027179,1,0,0
0.3,0.48,-0.0029257,1,0,0
0.32,0.48,0.0043279,1,0,0
0.34,0.48,0.01496,1,0,0
0.36,0.48,-0.0016405,1,0,0
0.38,0.48,-0.011669,1,0,0
0.4,0.48,-0.0012386,1,0,0
0.42,0.48,-0.012596,1,0,0
0.44,0.48,-0.0010191,1,0,0
0.46,0.48,0.0094923,1,0,0
0.48,0.48,0.032623,1,0,0
0.5,0.48,0.025302,1,0,0
0.52,0.48,0.039426,1,0,0
0.54,0.48,0.035595,1,0,0
0.56,0.48,0.029104,1,0,0
0.58,0.48,0.054158,1,0,0
0.6,0.48,0.083205,1,0,0
0.62,0.48,0.097735,1,0,0
0.64,0.48,0.098768,1,0,0
0.66,0.48,0.10867,1,0,0
0.68,0.48,0.11164,1,0,0
0.7,0.48,0.10636,1,0,0
0.72,0.48,0.085799,1,0,0
0.74,0.48,0.078653,1,0,0
0.76,0.48,0.060125,1,0,0
0.78,0.48,0.063378,1,0,0
0.8,0.48,0.060975,1,0,0
0.82,0.48,0.066821,1,0,0
0.84,0.48,0.045399,1,0,0
0.86,0.48,0.057139,1,0,0
0.88,0.48,0.059299,1,0,0
0.9,0.48,0.034402,1,0,0
0.92,0.48,0.022631,1,0,0
0.94,0.48,0.0051274,1,0,0
0.96,0.48,0.024263,1,0,0
0.98,0.48,0.024312,1,0,0
0.02,0.5,0.087156,1,0,0
0.04,0.5,0.098336,1,0,0
0.06,0.5,0.10003,1,0,0
0.08,0.5,0.069694,1,0,0
0.1,0.5,0.056835,1,0,0
0.12,0.5,0.046441,1,0,0
0.14,0.5,0.039818,1,0,0
0.16,0.5,0.03805,1,0,0
0.18,0.5,0.029427,1,0,0
0.2,0.5,0.024511,1,0,0
0.22,0.5,0.025353,1,0,0
0.24,0.5,-0.0033773,1,0,0
0.26,0.5,-0.0093323,1,0,0
0.28,0.5,0.0056185,1,0,0
0.3,0.5,-0.0081399,1,0,0
0.32,0.5,0.0040506,1,0,0
0.34,0.5,-0.00050962,1,0,0
0.36,0.5,0.0054748,1,0,0
0.38,0.5,-0.021215,1,0,0
0.4,0.5,-0.0107,1,0,0
0.42,0.5,-0.010555,1,0,0
0.44,0.5,-0.0012436,1,0,0
0.46,0.5,0.024668,1,0,0
0.48,0.5,0.028199,1,0,0
0.5,0.5,0.032745,1,0,0
0.52,0.5,0.048956,1,0,0
0.54,0.5,0.020591,1,0,0
0.56,0.5,0.025712,1,0,0
0.58,0.5,0.029075,1,0,0
0.6,0.5,0.03604,1,0,0
0.62,0.5,0.068742,1,0,0
0.64,0.5,0.086114,1,0,0
0.66,0.5,0.10647,1,0,0
0.68,0.5,0.11911,1,0,0
0.7,0.5,0.10312,1,0,0
0.72,0.5,0.083138,1,0,0
0.74,0.5,0.040423,1,0,0
0.76,0.5,0.050853,1,0,0
0.78,0.5,0.048108,1,0,0
0.8,0.5,0.044863,1,0,0
0.82,0.5,0.0093897,1,0,0
0.84,0.5,0.012271,1,0,0
0.86,0.5,0.02176,1,0,0
0.88,0.5,0.054641,1,0,0
0.9,0.5,0.047163,1,0,0
0.92,0.5,0.0087091,1,0,0
0.94,0.5,0.020008,1,0,0
0.96,0.5,0.025066,1,0,0
0.98,0.5,0.01565,1,0,0
0.02,0.52,0.096627,1,0,0
0.04,0.52,0.10736,1,0,0
0.06,0.52,0.10777,1,0,0
0.08,0.52,0.088263,1,0,0
0.1,0.52,0.06272,1,0,0
0.12,0.52,0.066269,1,0,0
0.14,0.52,0.046094,1,0,0
0.16,0.52,0.042271,1,0,0
0.18,0.52,0.032481,1,0,0
0.2,0.52,0.036636,1,0,0
0.22,0.52,0.052678,1,0,0
0.24,0.52,0.034204,1,0,0
0.26,0.52,0.0082805,1,0,0
0.28,0.52,-0.0059033,1,0,0
0.3,0.52,-0.017825,1,0,0
0.32,0.52,-0.0078233,1,0,0
0.34,0.52,0.01269,1,0,0
0.36,0.52,-0.012722,1,0,0
0.38,0.52,-0.023248,1,0,0
0.4,0.52,-0.011604,1,0,0
0.42,0.52,0.0044596,1,0,0
0.44,0.52,0.015245,1,0,0
0.46,0.52,0.023526,1,0,0
0.48,0.52,0.025115,1,0,0
0.5,0.52,0.021413,1,0,0
0.52,0.52,0.039991,1,0,0
0.54,0.52,0.0071024,1,0,0
0.56,0.52,0.025075,1,0,0
0.58,0.52,0.034619,1,0,0
0.6,0.52,0.042621,1,0,0
0.62,0.52,0.052649,1,0,0
0.64,0.52,0.09946,1,0,0
0.66,0.52,0.077951,1,0,0
0.68,0.52,0.078834,1,0,0
0.7,0.52,0.091573,1,0,0
0.72,0.52,0.066075,1,0,0
0.74,0.52,0.022545,1,0,0
0.76,0.52,0.038949,1,0,0
0.78,0.52,0.029073,1,0,0
0.8,0.52,0.017287,1,0,0
0.82,0.52,0.0083874,1,0,0
0.84,0.52,0.014674,1,0,0
0.86,0.52,0.029541,1,0,0
0.88,0.52,0.047016,1,0,0
0.9,0.52,0.034862,1,0,0
0.92,0.52,0.035721,1,0,0
0.94,0.52,0.023001,1,0,0
0.96,0.52,0.040512,1,0,0
0.98,0.52,0.037406,1,0,0
0.02,0.54,0.087404,1,0,0
0.04,0.54,0.09334,1,0,0
0.06,0.54,0.089935,1,0,0
0.08,0.54,0.076792,1,0,0
0.1,0.54,0.085112,1,0,0
0.12,0.54,0.060164,1,0,0
0.14,0.54,0.074338,1,0,0
0.16,0.54,0.06133,1,0,0
0.18,0.54,0.038808,1,0,0
0.2,0.54,0.048509,1,0,0
0.22,0.54,0.057686,1,0,0
0.24,0.54,0.050349,1,0,0
0.26,0.54,0.026803,1,0,0
0.28,0.54,0.014956,1,0,0
0.3,0.54,-0.015582,1,0,0
0.32,0.54,0.00037492,1,0,0
0.34,0.54,0.0051601,1,0,0
0.36,0.54,-0.02273,1,0,0
0.38,0.54,-0.041474,1,0,0
0.4,0.54,0.005906,1,0,0
0.42,0.54,0.013576,1,0,0
0.44,0.54,0.0076332,1,0,0
0.46,0.54,0.014905,1,0,0
0.48,0.54,0.018176,1,0,0
0.5,0.54,0.023175,1,0,0
0.52,0.54,0.030604,1,0,0
0.54,0.54,0.033082,1,0,0
0.56,0.54,0.028797,1,0,0
0.58,0.54,0.032924,1,0,0
0.6,0.54,0.028997,1,0,0
0.62,0.54,0.054819,1,0,0
0.64,0.54,0.061171,1,0,0
0.66,0.54,0.048028,1,0,0
0.68,0.54,0.069752,1,0,0
0.7,0.54,0.05353,1,0,0
0.72,0.54,0.043133,1,0,0
0.74,0.54,0.01117,1,0,0
0.76,0.54,0.023681,1,0,0
0.78,0.54,0.020319,1,0,0
0.8,0.54,0.0022806,1,0,0
0.82,0.54,0.018797,1,0,0
0.84,0.54,0.026923,1,0,0
0.86,0.54,0.020843,1,0,0
0.88,0.54,0.052006,1,0,0
0.9,0.54,0.03704,1,0,0
0.92,0.54,0.031614,1,0,0
0.94,0.54,0.027037,1,0,0
0.96,0.54,0.013205,1,0,0
0.98,0.54,0.023022,1,0,0
0.02,0.56,0.047258,1,0,0
0.04,0.56,0.061063,1,0,0
0.06,0.56,0.060177,1,0,0
0.08,0.56,0.087933,1,0,0
0.1,0.56,0.077171,1,0,0
0.12,0.56,0.087992,1,0,0
0.14,0.56,0.064783,1,0,0
0.16,0.56,0.068805,1,0,0
0.18,0.56,0.069244,1,0,0
0.2,0.56,0.054349,1,0,0
0.22,0.56,0.053734,1,0,0
0.24,0.56,0.05206,1,0,0
0.26,0.56,0.044613,1,0,0
0.28,0.56,0.029011,1,0,0
0.3,0.56,0.02107,1,0,0
0.32,0.56,0.0072202,1,0,0
0.34,0.56,-0.019665,1,0,0
0.36,0.56,-0.025959,1,0,0
0.38,0.56,-0.015942,1,0,0
0.4,0.56,-0.012382,1,0,0
0.42,0.56,-0.0055112,1,0,0
0.44,0.56,0.0022308,1,0,0
0.46,0.56,0.030592,1,0,0
0.48,0.56,0.023385,1,0,0
0.5,0.56,0.025222,1,0,0
0.52,0.56,0.050238,1,0,0
0.54,0.56,0.028258,1,0,0
0.56,0.56,0.022594,1,0,0
0.58,0.56,0.038669,1,0,0
0.6,0.56,0.038043,1,0,0
0.62,0.56,0.018213,1,0,0
0.64,0.56,0.02458,1,0,0
0.66,0.56,0.026765,1,0,0
0.68,0.56,0.025423,1,0,0
0.7,0.56,0.046957,1,0,0
0.72,0.56,0.033603,1,0,0
0.74,0.56,0.0069139,1,0,0
0.76,0.56,0.011893,1,0,0
0.78,0.56,0.011243,1,0,0
0.8,0.56,0.0099387,1,0,0
0.82,0.56,0.02192,1,0,0
0.84,0.56,0.0092169,1,0,0
0.86,0.56,0.033098,1,0,0
0.88,0.56,0.030811,1,0,0
0.9,0.56,0.027919,1,0,0
0.92,0.56,0.0011274,1,0,0
0.94,0.56,0.0042569,1,0,0
0.96,0.56,0.0010374,1,0,0
0.98,0.56,0.027608,1,0,0
0.02,0.58,0.04644,1,0,0
0.04,0.58,0.076562,1,0,0
0.06,0.58,0.070852,1,0,0
0.08,0.58,0.095664,1,0,0
0.1,0.58,0.071619,1,0,0
0.12,0.58,0.09481,1,0,0
0.14,0.58,0.07751,1,0,0
0.16,0.58,0.10605,1,0,0
0.18,0.58,0.082475,1,0,0
0.2,0.58,0.073771,1,0,0
0.22,0.58,0.067467,1,0,0
0.24,0.58,0.050651,1,0,0
0.26,0.58,0.064806,1,0,0
0.28,0.58,0.068184,1,0,0
0.3,0.58,0.044506,1,0,0
0.32,0.58,0.0077732,1,0,0
0.34,0.58,-0.0055276,1,0,0
0.36,0.58,-0.010351,1,0,0
0.38,0.58,0.00071675,1,0,0
0.4,0.58,-0.000762,1,0,0
0.42,0.58,0.012724,1,0,0
0.44,0.58,0.012227,1,0,0
0.46,0.58,0.029908,1,0,0
0.48,0.58,0.029168,1,0,0
0.5,0.58,0.016752,1,0,0
0.52,0.58,0.041765,1,0,0
0.54,0.58,0.042327,1,0,0
0.56,0.58,0.03817,1,0,0
0.58,0.58,0.034354,1,0,0
0.6,0.58,0.049869,1,0,0
0.62,0.58,0.035787,1,0,0
0.64,0.58,0.020751,1,0,0
0.66,0.58,0.032433,1,0,0
0.68,0.58,0.012518,1,0,0
0.7,0.58,0.022007,1,0,0
0.72,0.58,0.015143,1,0,0
0.74,0.58,0.023634,1,0,0
0.76,0.58,0.02514,1,0,0
0.78,0.58,0.034287,1,0,0
0.8,0.58,0.03725,1,0,0
0.82,0.58,0.052078,1,0,0
0.84,0.58,0.01229,1,0,0
0.86,0.58,0.019683,1,0,0
0.88,0.58,0.020586,1,0,0
0.9,0.58,0.017762,1,0,0
0.92,0.58,-0.0041507,1,0,0
0.94,0.58,0.027286,1,0,0
0.96,0.58,0.028578,1,0,0
0.98,0.58,0.026664,1,0,0
0.02,0.6,0.037534,1,0,0
0.04,0.6,0.050496,1,0,0
0.06,0.6,0.072817,1,0,0
0.08,0.6,0.069998,1,0,0
0.1,0.6,0.078474,1,0,0
0.12,0.6,0.084327,1,0,0
0.14,0.6,0.092356,1,0,0
0.16,0.6,0.09364,1,0,0
0.18,0.6,0.095287,1,0,0
0.2,0.6,0.093735,1,0,0
0.22,0.6,0.062042,1,0,0
0.24,0.6,0.070766,1,0,0
0.26,0.6,0.052284,1,0,0
0.28,0.6,0.06038,1,0,0
0.3,0.6,0.046724,1,0,0
0.32,0.6,0.029708,1,0,0
0.34,0.6,0.005361,1,0,0
0.36,0.6,0.015785,1,0,0
0.38,0.6,-0.013276,1,0,0
0.4,0.6,0.012534,1,0,0
0.42,0.6,0.028177,1,0,0
0.44,0.6,0.021864,1,0,0
0.46,0.6,0.024705,1,0,0
0.48,0.6,0.038587,1,0,0
0.5,0.6,0.03194,1,0,0
0.52,0.6,0.030913,1,0,0
0.54,0.6,0.041629,1,0,0
0.56,0.6,0.019751,1,0,0
0.58,0.6,0.050511,1,0,0
0.6,0.6,0.045408,1,0,0
0.62,0.6,0.055517,1,0,0
0.64,0.6,0.03734,1,0,0
0.66,0.6,0.016786,1,0,0
0.68,0.6,-0.0045684,1,0,0
0.7,0.6,0.006094,1,0,0
0.72,0.6,0.015658,1,0,0
0.74,0.6,0.017123,1,0,0
0.76,0.6,0.019493,1,0,0
0.78,0.6,0.026794,1,0,0
0.8,0.6,0.03247,1,0,0
0.82,0.6,0.051809,1,0,0
0.84,0.6,0.024232,1,0,0
0.86,0.6,-0.0019816,1,0,0
0.88,0.6,-0.0097398,1,0,0
0.9,0.6,-0.013138,1,0,0
0.92,0.6,0.017368,1,0,0
0.94,0.6,0.016501,1,0,0
0.96,0.6,0.0024109,1,0,0
0.98,0.6,0.021958,1,0,0
0.02,0.62,0.039345,1,0,0
0.04,0.62,0.048573,1,0,0
0.06,0.62,0.067525,1,0,0
0.08,0.62,0.072372,1,0,0
0.1,0.62,0.08406,1,0,0
0.12,0.62,0.10987,1,0,0
0.14,0.62,0.091706,1,0,0
0.16,0.62,0.1097,1,0,0
0.18,0.62,0.10899,1,0,0
0.2,0.62,0.078671,1,0,0
0.22,0.62,0.058331,1,0,0
0.24,0.62,0.066754,1,0,0
0.26,0.62,0.063489,1,0,0
0.28,0.62,0.069043,1,0,0
0.3,0.62,0.051995,1,0,0
0.32,0.62,0.032146,1,0,0
0.34,0.62,0.012486,1,0,0
0.36,0.62,0.0056022,1,0,0
0.38,0.62,-0.0059957,1,0,0
0.4,0.62,0.0043455,1,0,0
0.42,0.62,0.03087,1,0,0
0.44,0.62,0.036185,1,0,0
0.46,0.62,0.037758,1,0,0
0.48,0.62,0.06849,1,0,0
0.5,0.62,0.054293,1,0,0
0.52,0.62,0.045083,1,0,0
0.54,0.62,0.05291,1,0,0
0.56,0.62,0.061388,1,0,0
0.58,0.62,0.027266,1,0,0
0.6,0.62,0.032509,1,0,0
0.62,0.62,0.030591,1,0,0
0.64,0.62,0.028668,1,0,0
0.66,0.62,0.020896,1,0,0
0.68,0.62,0.0073205,1,0,0
0.7,0.62,0.019691,1,0,0
0.72,0.62,0.021854,1,0,0
0.74,0.62,0.018493,1,0,0
0.76,0.62,0.0269,1,0,0
0.78,0.62,0.036942,1,0,0
0.8,0.62,0.023449,1,0,0
0.82,0.62,0.029725,1,0,0
0.84,0.62,0.024019,1,0,0
0.86,0.62,0.0041789,1,0,0
0.88,0.62,-0.01622,1,0,0
0.9,0.62,-0.01,1,0,0
0.92,0.62,0.026215,1,0,0
0.94,0.62,0.0088272,1,0,0
0.96,0.62,0.0013739,1,0,0
0.98,0.62,0.016191,1,0,0
0.02,0.64,0.074233,1,0,0
0.04,0.64,0.059772,1,0,0
0.06,0.64,0.065699,1,0,0
0.08,0.64,0.072658,1,0,0
0.1,0.64,0.085446,1,0,0
0.12,0.64,0.097005,1,0,0
0.14,0.64,0.086866,1,0,0
0.16,0.64,0.092125,1,0,0
0.18,0.64,0.10884,1,0,0
0.2,0.64,0.092709,1,0,0
0.22,0.64,0.08286,1,0,0
0.24,0.64,0.083295,1,0,0
0.26,0.64,0.089222,1,0,0
0.28,0.64,0.089427,1,0,0
0.3,0.64,0.058306,1,0,0
0.32,0.64,0.017062,1,0,0
0.34,0.64,-0.014218,1,0,0
0.36,0.64,0.017586,1,0,0
0.38,0.64,-0.0056693,1,0,0
0.4,0.64,0.015185,1,0,0
0.42,0.64,0.046387,1,0,0
0.44,0.64,0.043925,1,0,0
0.46,0.64,0.063981,1,0,0
0.48,0.64,0.079675,1,0,0
0.5,0.64,0.049513,1,0,0
0.52,0.64,0.067058,1,0,0
0.54,0.64,0.082475,1,0,0
0.56,0.64,0.10112,1,0,0
0.58,0.64,0.062424,1,0,0
0.6,0.64,0.047722,1,0,0
0.62,0.64,0.038309,1,0,0
0.64,0.64,0.024989,1,0,0
0.66,0.64,0.014037,1,0,0
0.68,0.64,0.015444,1,0,0
0.7,0.64,0.013577,1,0,0
0.72,0.64,0.014708,1,0,0
0.74,0.64,0.0079963,1,0,0
0.76,0.64,0.025106,1,0,0
0.78,0.64,0.027335,1,0,0
0.8,0.64,0.045149,1,0,0
0.82,0.64,0.037387,1,0,0
0.84,0.64,0.029674,1,0,0
0.86,0.64,0.023197,1,0,0
0.88,0.64,5.1559e-05,1,0,0
0.9,0.64,-0.0097041,1,0,0
0.92,0.64,-0.0015403,1,0,0
0.94,0.64,0.012371,1,0,0
0.96,0.64,0.0092139,1,0,0
0.98,0.64,0.033853,1,0,0
0.02,0.66,0.092372,1,0,0
0.04,0.66,0.070188,1,0,0
0.06,0.66,0.084043,1,0,0
0.08,0.66,0.054872,1,0,0
0.1,0.66,0.081448,1,0,0
0.12,0.66,0.091923,1,0,0
0.14,0.66,0.083493,1,0,0
0.16,0.66,0.091266,1,0,0
0.18,0.66,0.10735,1,0,0
0.2,0.66,0.087748,1,0,0
0.22,0.66,0.094307,1,0,0
0.24,0.66,0.11041,1,0,0
0.26,0.66,0.097674,1,0,0
0.28,0.66,0.093089,1,0,0
0.3,0.66,0.051716,1,0,0
0.32,0.66,0.022317,1,0,0
0.34,0.66,-0.010385,1,0,0
0.36,0.66,0.0075681,1,0,0
0.38,0.66,0.015235,1,0,0
0.4,0.66,0.027934,1,0,0
0.42,0.66,0.033988,1,0,0
0.44,0.66,0.086917,1,0,0
0.46,0.66,0.081945,1,0,0
0.48,0.66,0.075116,1,0,0
0.5,0.66,0.067134,1,0,0
0.52,0.66,0.093678,1,0,0
0.54,0.66,0.11945,1,0,0
0.56,0.66,0.11464,1,0,0
0.58,0.66,0.097038,1,0,0
0.6,0.66,0.056168,1,0,0
0.62,0.66,0.025592,1,0,0
0.64,0.66,0.031691,1,0,0
0.66,0.66,0.032918,1,0,0
0.68,0.66,0.019598,1,0,0
0.7,0.66,0.0057631,1,0,0
0.72,0.66,0.016317,1,0,0
0.74,0.66,0.0092938,1,0,0
0.76,0.66,0.013254,1,0,0
0.78,0.66,0.018712,1,0,0
0.8,0.66,0.039327,1,0,0
0.82,0.66,0.046814,1,0,0
0.84,0.66,0.031209,1,0,0
0.86,0.66,0.03745,1,0,0
0.88,0.66,0.019897,1,0,0
0.9,0.66,-0.0039096,1,0,0
0.92,0.66,-0.0077602,1,0,0
0.94,0.66,-0.00030728,1,0,0
0.96,0.66,0.02057,1,0,0
0.98,0.66,0.035215,1,0,0
0.02,0.68,0.086365,1,0,0
0.04,0.68,0.071815,1,0,0
0.06,0.68,0.051529,1,0,0
0.08,0.68,0.069201,1,0,0
0.1,0.68,0.076638,1,0,0
0.12,0.68,0.094214,1,0,0
0.14,0.68,0.084009,1,0,0
0.16,0.68,0.094653,1,0,0
0.18,0.68,0.084015,1,0,0
0.2,0.68,0.088724,1,0,0
0.22,0.68,0.080936,1,0,0
0.24,0.68,0.095922,1,0,0
0.26,0.68,0.081265,1,0,0
0.28,0.68,0.056128,1,0,0
0.3,0.68,0.056345,1,0,0
0.32,0.68,0.027985,1,0,0
0.34,0.68,0.018356,1,0,0
0.36,0.68,0.0030707,1,0,0
0.38,0.68,0.0029653,1,0,0
0.4,0.68,0.022012,1,0,0
0.42,0.68,0.044264,1,0,0
0.44,0.68,0.063435,1,0,0
0.46,0.68,0.079803,1,0,0
0.48,0.68,0.079201,1,0,0
0.5,0.68,0.070902,1,0,0
0.52,0.68,0.11323,1,0,0
0.54,0.68,0.10257,1,0,0
0.56,0.68,0.10166,1,0,0
0.58,0.68,0.066209,1,0,0
0.6,0.68,0.039392,1,0,0
0.62,0.68,0.029069,1,0,0
0.64,0.68,0.023144,1,0,0
0.66,0.68,0.02835,1,0,0
0.68,0.68,0.044036,1,0,0
0.7,0.68,0.026142,1,0,0
0.72,0.68,0.019269,1,0,0
0.74,0.68,0.036765,1,0,0
0.76,0.68,-0.0077639,1,0,0
0.78,0.68,-0.004753,1,0,0
0.8,0.68,-0.0010642,1,0,0
0.82,0.68,0.04195,1,0,0
0.84,0.68,0.017811,1,0,0
0.86,0.68,0.017204,1,0,0
0.88,0.68,0.021041,1,0,0
0.9,0.68,0.0060501,1,0,0
0.92,0.68,0.0068804,1,0,0
0.94,0.68,0.021831,1,0,0
0.96,0.68,0.012445,1,0,0
0.98,0.68,0.024373,1,0,0
0.02,0.7,0.083487,1,0,0
0.04,0.7,0.069029,1,0,0
0.06,0.7,0.065773,1,0,0
0.08,0.7,0.061042,1,0,0
0.1,0.7,0.041905,1,0,0
0.12,0.7,0.072592,1,0,0
0.14,0.7,0.064055,1,0,0
0.16,0.7,0.096437,1,0,0
0.18,0.7,0.11356,1,0,0
0.2,0.7,0.093706,1,0,0
0.22,0.7,0.083157,1,0,0
0.24,0.7,0.085065,1,0,0
0.26,0.7,0.072861,1,0,0
0.28,0.7,0.071066,1,0,0
0.3,0.7,0.032869,1,0,0
0.32,0.7,0.040315,1,0,0
0.34,0.7,0.019754,1,0,0
0.36,0.7,0.025498,1,0,0
0.38,0.7,0.040349,1,0,0
0.4,0.7,0.052402,1,0,0
0.42,0.7,0.054908,1,0,0
0.44,0.7,0.071276,1,0,0
0.46,0.7,0.083358,1,0,0
0.48,0.7,0.067759,1,0,0
0.5,0.7,0.077485,1,0,0
0.52,0.7,0.07735,1,0,0
0.54,0.7,0.081596,1,0,0
0.56,0.7,0.092733,1,0,0
0.58,0.7,0.079533,1,0,0
0.6,0.7,0.039506,1,0,0
0.62,0.7,0.048018,1,0,0
0.64,0.7,0.044743,1,0,0
0.66,0.7,0.049535,1,0,0
0.68,0.7,0.030397,1,0,0
0.7,0.7,0.045873,1,0,0
0.72,0.7,0.012276,1,0,0
0.74,0.7,0.0016148,1,0,0
0.76,0.7,0.0071412,1,0,0
0.78,0.7,0.0092678,1,0,0
0.8,0.7,0.017675,1,0,0
0.82,0.7,0.025303,1,0,0
0.84,0.7,0.021377,1,0,0
0.86,0.7,0.021975,1,0,0
0.88,0.7,-0.0060193,1,0,0
0.9,0.7,-0.0052295,1,0,0
0.92,0.7,-0.0058567,1,0,0
0.94,0.7,0.015785,1,0,0
0.96,0.7,0.013892,1,0,0
0.98,0.7,0.037269,1,0,0
0.02,0.72,0.064175,1,0,0
0.04,0.72,0.058901,1,0,0
0.06,0.72,0.046152,1,0,0
0.08,0.72,0.029559,1,0,0
0.1,0.72,0.018784,1,0,0
0.12,0.72,0.038075,1,0,0
0.14,0.72,0.051036,1,0,0
0.16,0.72,0.083385,1,0,0
0.18,0.72,0.090187,1,0,0
0.2,0.72,0.10745,1,0,0
0.22,0.72,0.073013,1,0,0
0.24,0.72,0.064751,1,0,0
0.26,0.72,0.075444,1,0,0
0.28,0.72,0.082988,1,0,0
0.3,0.72,0.05102,1,0,0
0.32,0.72,0.040336,1,0,0
0.34,0.72,0.037868,1,0,0
0.36,0.72,0.036254,1,0,0
0.38,0.72,0.032797,1,0,0
0.4,0.72,0.055233,1,0,0
0.42,0.72,0.046382,1,0,0
0.44,0.72,0.036586,1,0,0
0.46,0.72,0.051365,1,0,0
0.48,0.72,0.053054,1,0,0
0.5,0.72,0.05008,1,0,0
0.52,0.72,0.062186,1,0,0
0.54,0.72,0.07252,1,0,0
0.56,0.72,0.078175,1,0,0
0.58,0.72,0.070751,1,0,0
0.6,0.72,0.031627,1,0,0
0.62,0.72,0.065505,1,0,0
0.64,0.72,0.046063,1,0,0
0.66,0.72,0.022266,1,0,0
0.68,0.72,0.029252,1,0,0
0.7,0.72,0.041332,1,0,0
0.72,0.72,0.0045393,1,0,0
0.74,0.72,-0.011246,1,0,0
0.76,0.72,-0.0021916,1,0,0
0.78,0.72,0.011595,1,0,0
0.8,0.72,0.012659,1,0,0
0.82,0.72,0.033565,1,0,0
0.84,0.72,0.024854,1,0,0
0.86,0.72,0.0065619,1,0,0
0.88,0.72,-0.0047567,1,0,0
0.9,0.72,-0.021223,1,0,0
0.92,0.72,-0.019715,1,0,0
0.94,0.72,0.0073919,1,0,0
0.96,0.72,0.015108,1,0,0
0.98,0.72,0.017737,1,0,0
0.02,0.74,0.032639,1,0,0
0.04,0.74,0.028165,1,0,0
0.06,0.74,0.034361,1,0,0
0.08,0.74,0.02867,1,0,0
0.1,0.74,0.020936,1,0,0
0.12,0.74,0.046005,1,0,0
0.14,0.74,0.068876,1,0,0
0.16,0.74,0.089258,1,0,0
0.18,0.74,0.088592,1,0,0
0.2,0.74,0.09627,1,0,0
0.22,0.74,0.081626,1,0,0
0.24,0.74,0.071278,1,0,0
0.26,0.74,0.076691,1,0,0
0.28,0.74,0.090142,1,0,0
0.3,0.74,0.079755,1,0,0
0.32,0.74,0.052449,1,0,0
0.34,0.74,0.065215,1,0,0
0.36,0.74,0.041383,1,0,0
0.38,0.74,0.046818,1,0,0
0.4,0.74,0.051084,1,0,0
0.42,0.74,0.048057,1,0,0
0.44,0.74,0.042597,1,0,0
0.46,0.74,0.03293,1,0,0
0.48,0.74,0.050093,1,0,0
0.5,0.74,0.061345,1,0,0
0.52,0.74,0.07635,1,0,0
0.54,0.74,0.070944,1,0,0
0.56,0.74,0.072142,1,0,0
0.58,0.74,0.06687,1,0,0
0.6,0.74,0.051376,1,0,0
0.62,0.74,0.039663,1,0,0
0.64,0.74,0.04662,1,0,0
0.66,0.74,0.010266,1,0,0
0.68,0.74,0.034668,1,0,0
0.7,0.74,0.041206,1,0,0
0.72,0.74,0.031632,1,0,0
0.74,0.74,0.0040976,1,0,0
0.76,0.74,0.0050624,1,0,0
0.78,0.74,0.011555,1,0,0
0.8,0.74,0.025901,1,0,0
0.82,0.74,0.055348,1,0,0
0.84,0.74,0.029964,1,0,0
0.86,0.74,0.020954,1,0,0
0.88,0.74,0.0080206,1,0,0
0.9,0.74,-0.023847,1,0,0
0.92,0.74,-0.022732,1,0,0
0.94,0.74,-0.012948,1,0,0
0.96,0.74,0.00026964,1,0,0
0.98,0.74,0.0061116,1,0,0
0.02,0.76,0.019938,1,0,0
0.04,0.76,0.019061,1,0,0
0.06,0.76,0.023965,1,0,0
0.08,0.76,0.013142,1,0,0
0.1,0.76,0.032282,1,0,0
0.12,0.76,0.047876,1,0,0
0.14,0.76,0.083044,1,0,0
0.16,0.76,0.082476,1,0,0
0.18,0.76,0.099588,1,0,0
0.2,0.76,0.080395,1,0,0
0.22,0.76,0.092193,1,0,0
0.24,0.76,0.096238,1,0,0
0.26,0.76,0.086401,1,0,0
0.28,0.76,0.07881,1,0,0
0.3,0.76,0.072743,1,0,0
0.32,0.76,0.078846,1,0,0
0.34,0.76,0.049538,1,0,0
0.36,0.76,0.052556,1,0,0
0.38,0.76,0.054772,1,0,0
0.4,0.76,0.074013,1,0,0
0.42,0.76,0.075927,1,0,0
0.44,0.76,0.058377,1,0,0
0.46,0.76,0.039374,1,0,0
0.48,0.76,0.024747,1,0,0
0.5,0.76,0.050143,1,0,0
0.52,0.76,0.082551,1,0,0
0.54,0.76,0.069573,1,0,0
0.56,0.76,0.075597,1,0,0
0.58,0.76,0.079626,1,0,0
0.6,0.76,0.075884,1,0,0
0.62,0.76,0.048376,1,0,0
0.64,0.76,0.040871,1,0,0
0.66,0.76,0.022485,1,0,0
0.68,0.76,0.02957,1,0,0
0.7,0.76,0.019284,1,0,0
0.72,0.76,0.035839,1,0,0
0.74,0.76,0.002041,1,0,0
0.76,0.76,0.011833,1,0,0
0.78,0.76,0.0065345,1,0,0
0.8,0.76,0.041942,1,0,0
0.82,0.76,0.052421,1,0,0
0.84,0.76,0.051936,1,0,0
0.86,0.76,0.015758,1,0,0
0.88,0.76,0.00035454,1,0,0
0.9,0.76,-0.020995,1,0,0
0.92,0.76,-0.032405,1,0,0
0.94,0.76,-0.014058,1,0,0
0.96,0.76,-0.0078885,1,0,0
0.98,0.76,0.014129,1,0,0
0.02,0.78,0.022183,1,0,0
0.04,0.78,0.013711,1,0,0
0.06,0.78,0.014066,1,0,0
0.08,0.78,0.030379,1,0,0
0.1,0.78,0.036083,1,0,0
0.12,0.78,0.054596,1,0,0
0.14,0.78,0.070667,1,0,0
0.16,0.78,0.093731,1,0,0
0.18,0.78,0.092318,1,0,0
0.2,0.78,0.072432,1,0,0
0.22,0.78,0.078257,1,0,0
0.24,0.78,0.082824,1,0,0
0.26,0.78,0.080559,1,0,0
0.28,0.78,0.066917,1,0,0
0.3,0.78,0.064487,1,0,0
0.32,0.78,0.044005,1,0,0
0.34,0.78,0.043694,1,0,0
0.36,0.78,0.044341,1,0,0
0.38,0.78,0.058075,1,0,0
0.4,0.78,0.078888,1,0,0
0.42,0.78,0.080121,1,0,0
0.44,0.78,0.053613,1,0,0
0.46,0.78,0.04441,1,0,0
0.48,0.78,0.049214,1,0,0
0.5,0.78,0.013928,1,0,0
0.52,0.78,0.054797,1,0,0
0.54,0.78,0.064191,1,0,0
0.56,0.78,0.07301,1,0,0
0.58,0.78,0.067067,1,0,0
0.6,0.78,0.08825,1,0,0
0.62,0.78,0.0482,1,0,0
0.64,0.78,0.027856,1,0,0
0.66,0.78,0.025644,1,0,0
0.68,0.78,0.034463,1,0,0
0.7,0.78,0.020578,1,0,0
0.72,0.78,-0.0012878,1,0,0
0.74,0.78,-0.0094487,1,0,0
0.76,0.78,0.0063378,1,0,0
0.78,0.78,0.006537,1,0,0
0.8,0.78,0.036155,1,0,0
0.82,0.78,0.042274,1,0,0
0.84,0.78,0.023736,1,0,0
0.86,0.78,0.017607,1,0,0
0.88,0.78,0.019197,1,0,0
0.9,0.78,-0.021035,1,0,0
0.92,0.78,-0.02994,1,0,0
0.94,0.78,-0.018061,1,0,0
0.96,0.78,0.015785,1,0,0
0.98,0.78,0.027036,1,0,0
0.02,0.8,-0.015294,1,0,0
0.04,0.8,0.010041,1,0,0
0.06,0.8,0.0051357,1,0,0
0.08,0.8,0.0020522,1,0,0
0.1,0.8,0.047488,1,0,0
0.12,0.8,0.080774,1,0,0
0.14,0.8,0.07826,1,0,0
0.16,0.8,0.095973,1,0,0
0.18,0.8,0.077705,1,0,0
0.2,0.8,0.064312,1,0,0
0.22,0.8,0.052196,1,0,0
0.24,0.8,0.065368,1,0,0
0.26,0.8,0.047595,1,0,0
0.28,0.8,0.044839,1,0,0
0.3,0.8,0.057542,1,0,0
0.32,0.8,0.04244,1,0,0
0.34,0.8,0.044721,1,0,0
0.36,0.8,0.034372,1,0,0
0.38,0.8,0.042497,1,0,0
0.4,0.8,0.051046,1,0,0
0.42,0.8,0.06216,1,0,0
0.44,0.8,0.07379,1,0,0
0.46,0.8,0.054206,1,0,0
0.48,0.8,0.060338,1,0,0
0.5,0.8,0.041879,1,0,0
0.52,0.8,0.058498,1,0,0
0.54,0.8,0.07243,1,0,0
0.56,0.8,0.054548,1,0,0
0.58,0.8,0.059385,1,0,0
0.6,0.8,0.051835,1,0,0
0.62,0.8,0.030786,1,0,0
0.64,0.8,0.036297,1,0,0
0.66,0.8,0.025603,1,0,0
0.68,0.8,0.018936,1,0,0
0.7,0.8,0.01645,1,0,0
0.72,0.8,0.008423,1,0,0
0.74,0.8,-0.031642,1,0,0
0.76,0.8,-0.014793,1,0,0
0.78,0.8,0.022393,1,0,0
0.8,0.8,0.0062078,1,0,0
0.82,0.8,-0.0025192,1,0,0
0.84,0.8,-0.0037028,1,0,0
0.86,0.8,0.010977,1,0,0
0.88,0.8,0.0055093,1,0,0
0.9,0.8,-0.010383,1,0,0
0.92,0.8,-0.0084586,1,0,0
0.94,0.8,-0.020746,1,0,0
0.96,0.8,-0.0063755,1,0,0
0.98,0.8,0.013487,1,0,0
0.02,0.82,0.013287,1,0,0
0.04,0.82,0.025767,1,0,0
0.06,0.82,0.018474,1,0,0
0.08,0.82,0.013118,1,0,0
0.1,0.82,0.034967,1,0,0
0.12,0.82,0.068113,1,0,0
0.14,0.82,0.087632,1,0,0
0.16,0.82,0.085116,1,0,0
0.18,0.82,0.084746,1,0,0
0.2,0.82,0.096132,1,0,0
0.22,0.82,0.086526,1,0,0
0.24,0.82,0.089798,1,0,0
0.26,0.82,0.043381,1,0,0
0.28,0.82,0.047122,1,0,0
0.3,0.82,0.033117,1,0,0
0.32,0.82,0.03929,1,0,0
0.34,0.82,0.03955,1,0,0
0.36,0.82,0.055978,1,0,0
0.38,0.82,0.016485,1,0,0
0.4,0.82,0.057331,1,0,0
0.42,0.82,0.099838,1,0,0
0.44,0.82,0.08579,1,0,0
0.46,0.82,0.079569,1,0,0
0.48,0.82,0.08472,1,0,0
0.5,0.82,0.067017,1,0,0
0.52,0.82,0.056162,1,0,0
0.54,0.82,0.072508,1,0,0
0.56,0.82,0.055945,1,0,0
0.58,0.82,0.075137,1,0,0
0.6,0.82,0.068553,1,0,0
0.62,0.82,0.073366,1,0,0
0.64,0.82,0.046903,1,0,0
0.66,0.82,0.038225,1,0,0
0.68,0.82,0.0088375,1,0,0
0.7,0.82,0.010417,1,0,0
0.72,0.82,-0.0061122,1,0,0
0.74,0.82,-0.011142,1,0,0
0.76,0.82,0.00096846,1,0,0
0.78,0.82,0.03529,1,0,0
0.8,0.82,0.030824,1,0,0
0.82,0.82,0.022946,1,0,0
0.84,0.82,0.010036,1,0,0
0.86,0.82,0.010782,1,0,0
0.88,0.82,0.0058833,1,0,0
0.9,0.82,-0.0059805,1,0,0
0.92,0.82,-0.0024995,1,0,0
0.94,0.82,-0.0086344,1,0,0
0.96,0.82,-0.014558,1,0,0
0.98,0.82,0.011688,1,0,0
0.02,0.84,0.002279,1,0,0
0.04,0.84,0.016845,1,0,0
0.06,0.84,0.011521,1,0,0
0.08,0.84,0.010948,1,0,0
0.1,0.84,0.00022214,1,0,0
0.12,0.84,0.048184,1,0,0
0.14,0.84,0.055399,1,0,0
0.16,0.84,0.07518,1,0,0
0.18,0.84,0.068891,1,0,0
0.2,0.84,0.065323,1,0,0
0.22,0.84,0.079271,1,0,0
0.24,0.84,0.077934,1,0,0
0.26,0.84,0.052846,1,0,0
0.28,0.84,0.058798,1,0,0
0.3,0.84,0.028918,1,0,0
0.32,0.84,0.027846,1,0,0
0.34,0.84,0.026204,1,0,0
0.36,0.84,0.021644,1,0,0
0.38,0.84,0.011458,1,0,0
0.4,0.84,0.038455,1,0,0
0.42,0.84,0.077339,1,0,0
0.44,0.84,0.077944,1,0,0
0.46,0.84,0.068302,1,0,0
0.48,0.84,0.070512,1,0,0
0.5,0.84,0.064648,1,0,0
0.52,0.84,0.062023,1,0,0
0.54,0.84,0.063786,1,0,0
0.56,0.84,0.065383,1,0,0
0.58,0.84,0.060077,1,0,0
0.6,0.84,0.066024,1,0,0
0.62,0.84,0.049481,1,0,0
0.64,0.84,0.038834,1,0,0
0.66,0.84,0.047659,1,0,0
0.68,0.84,-0.0010861,1,0,0
0.7,0.84,0.000248,1,0,0
0.72,0.84,-0.019314,1,0,0
0.74,0.84,-0.0081593,1,0,0
0.76,0.84,-0.0055346,1,0,0
0.78,0.84,0.023459,1,0,0
0.8,0.84,0.016151,1,0,0
0.82,0.84,0.018956,1,0,0
0.84,0.84,-0.0028487,1,0,0
0.86,0.84,0.0035471,1,0,0
0.88,0.84,-0.0070098,1,0,0
0.9,0.84,9.4526e-05,1,0,0
0.92,0.84,-0.015575,1,0,0
0.94,0.84,-0.014309,1,0,0
0.96,0.84,-0.020091,1,0,0
0.98,0.84,-0.026975,1,0,0
0.02,0.86,-0.02202,1,0,0
0.04,0.86,-0.0091695,1,0,0
0.06,0.86,-0.005586,1,0,0
0.08,0.86,0.0059418,1,0,0
0.1,0.86,0.031773,1,0,0
0.12,0.86,0.034693,1,0,0
0.14,0.86,0.047059,1,0,0
0.16,0.86,0.062223,1,0,0
0.18,0.86,0.068528,1,0,0
0.2,0.86,0.063037,1,0,0
0.22,0.86,0.045822,1,0,0
0.24,0.86,0.060819,1,0,0
0.26,0.86,0.053184,1,0,0
0.28,0.86,0.049163,1,0,0
0.3,0.86,0.042501,1,0,0
0.32,0.86,0.020727,1,0,0
0.34,0.86,0.015785,1,0,0
0.36,0.86,0.028157,1,0,0
0.38,0.86,0.028745,1,0,0
0.4,0.86,0.058175,1,0,0
0.42,0.86,0.055422,1,0,0
0.44,0.86,0.066048,1,0,0
0.46,0.86,0.081629,1,0,0
0.48,0.86,0.077324,1,0,0
0.5,0.86,0.049412,1,0,0
0.52,0.86,0.062281,1,0,0
0.54,0.86,0.058841,1,0,0
0.56,0.86,0.042219,1,0,0
0.58,0.86,0.062345,1,0,0
0.6,0.86,0.049027,1,0,0
0.62,0.86,0.039512,1,0,0
0.64,0.86,0.040669,1,0,0
0.66,0.86,0.021769,1,0,0
0.68,0.86,0.031438,1,0,0
0.7,0.86,0.021353,1,0,0
0.72,0.86,0.013739,1,0,0
0.74,0.86,-0.0047984,1,0,0
0.76,0.86,0.0014645,1,0,0
0.78,0.86,0.011802,1,0,0
0.8,0.86,-0.0010493,1,0,0
0.82,0.86,0.012686,1,0,0
0.84,0.86,-0.00088601,1,0,0
0.86,0.86,0.0029498,1,0,0
0.88,0.86,-0.008423,1,0,0
0.9,0.86,-0.012035,1,0,0
0.92,0.86,-0.043222,1,0,0
0.94,0.86,-0.035859,1,0,0
0.96,0.86,-0.045167,1,0,0
0.98,0.86,-0.025936,1,0,0
0.02,0.88,-0.0091444,1,0,0
0.04,0.88,-0.023945,1,0,0
0.06,0.88,-0.0054321,1,0,0
0.08,0.88,0.0078091,1,0,0
0.1,0.88,0.028942,1,0,0
0.12,0.88,0.023503,1,0,0
0.14,0.88,0.030674,1,0,0
0.16,0.88,0.056612,1,0,0
0.18,0.88,0.057915,1,0,0
0.2,0.88,0.044625,1,0,0
0.22,0.88,0.043655,1,0,0
0.24,0.88,0.038457,1,0,0
0.26,0.88,0.034464,1,0,0
0.28,0.88,0.052417,1,0,0
0.3,0.88,0.02642,1,0,0
0.32,0.88,0.014181,1,0,0
0.34,0.88,0.019263,1,0,0
0.36,0.88,0.015806,1,0,0
0.38,0.88,0.044048,1,0,0
0.4,0.88,0.071661,1,0,0
0.42,0.88,0.043558,1,0,0
0.44,0.88,0.061362,1,0,0
0.46,0.88,0.053497,1,0,0
0.48,0.88,0.055432,1,0,0
0.5,0.88,0.027148,1,0,0
0.52,0.88,0.040441,1,0,0
0.54,0.88,0.047065,1,0,0
0.56,0.88,0.037065,1,0,0
0.58,0.88,0.027284,1,0,0
0.6,0.88,0.043907,1,0,0
0.62,0.88,0.041754,1,0,0
0.64,0.88,0.034846,1,0,0
0.66,0.88,0.019711,1,0,0
0.68,0.88,0.028051,1,0,0
0.7,0.88,0.032682,1,0,0
0.72,0.88,0.01876,1,0,0
0.74,0.88,0.014103,1,0,0
0.76,0.88,0.010929,1,0,0
0.78,0.88,0.0061767,1,0,0
0.8,0.88,0.0087837,1,0,0
0.82,0.88,0.015773,1,0,0
0.84,0.88,-0.0034148,1,0,0
0.86,0.88,-0.020728,1,0,0
0.88,0.88,-0.011537,1,0,0
0.9,0.88,-0.031949,1,0,0
0.92,0.88,-0.038524,1,0,0
0.94,0.88,-0.039414,1,0,0
0.96,0.88,-0.027511,1,0,0
0.98,0.88,-0.039537,1,0,0
0.02,0.9,-0.019492,1,0,0
0.04,0.9,-0.0091247,1,0,0
0.06,0.9,0.00064348,1,0,0
0.08,0.9,0.018091,1,0,0
0.1,0.9,0.0081743,1,0,0
0.12,0.9,0.015161,1,0,0
0.14,0.9,0.014727,1,0,0
0.16,0.9,0.021005,1,0,0
0.18,0.9,0.045153,1,0,0
0.2,0.9,0.045787,1,0,0
0.22,0.9,0.039231,1,0,0
0.24,0.9,0.040133,1,0,0
0.26,0.9,0.03881,1,0,0
0.28,0.9,0.030513,1,0,0
0.3,0.9,0.026378,1,0,0
0.32,0.9,0.033158,1,0,0
0.34,0.9,0.033901,1,0,0
0.36,0.9,0.038011,1,0,0
0.38,0.9,0.036578,1,0,0
0.4,0.9,0.052383,1,0,0
0.42,0.9,0.048544,1,0,0
0.44,0.9,0.039624,1,0,0
0.46,0.9,0.051731,1,0,0
0.48,0.9,0.03633,1,0,0
0.5,0.9,0.02988,1,0,0
0.52,0.9,0.056624,1,0,0
0.54,0.9,0.015391,1,0,0
0.56,0.9,0.041529,1,0,0
0.58,0.9,0.033699,1,0,0
0.6,0.9,0.036637,1,0,0
0.62,0.9,0.042098,1,0,0
0.64,0.9,0.048169,1,0,0
0.66,0.9,0.01062,1,0,0
0.68,0.9,0.0020423,1,0,0
0.7,0.9,0.020009,1,0,0
0.72,0.9,0.023305,1,0,0
0.74,0.9,0.024045,1,0,0
0.76,0.9,0.017012,1,0,0
0.78,0.9,0.0073318,1,0,0
0.8,0.9,0.015504,1,0,0
0.82,0.9,0.023613,1,0,0
0.84,0.9,0.031083,1,0,0
0.86,0.9,-0.018493,1,0,0
0.88,0.9,-0.028576,1,0,0
0.9,0.9,-0.035545,1,0,0
0.92,0.9,-0.032802,1,0,0
0.94,0.9,-0.025014,1,0,0
0.96,0.9,-0.039972,1,0,0
0.98,0.9,-0.032458,1,0,0
0.02,0.92,-0.017511,1,0,0
0.04,0.92,-0.016428,1,0,0
0.06,0.92,0.0087432,1,0,0
0.08,0.92,0.0089367,1,0,0
0.1,0.92,-0.0075213,1,0,0
0.12,0.92,-0.010138,1,0,0
0.14,0.92,0.0068752,1,0,0
0.16,0.92,0.029831,1,0,0
0.18,0.92,0.039392,1,0,0
0.2,0.92,0.035288,1,0,0
0.22,0.92,0.026441,1,0,0
0.24,0.92,0.013178,1,0,0
0.26,0.92,0.024198,1,0,0
0.28,0.92,0.065784,1,0,0
0.3,0.92,0.031401,1,0,0
0.32,0.92,0.030483,1,0,0
0.34,0.92,0.046113,1,0,0
0.36,0.92,0.040831,1,0,0
0.38,0.92,0.025427,1,0,0
0.4,0.92,0.026315,1,0,0
0.42,0.92,0.011971,1,0,0
0.44,0.92,0.020346,1,0,0
0.46,0.92,0.026258,1,0,0
0.48,0.92,0.039342,1,0,0
0.5,0.92,0.053598,1,0,0
0.52,0.92,0.034995,1,0,0
0.54,0.92,0.03451,1,0,0
0.56,0.92,0.037001,1,0,0
0.58,0.92,0.027395,1,0,0
0.6,0.92,0.00027772,1,0,0
0.62,0.92,0.011679,1,0,0
0.64,0.92,0.035875,1,0,0
0.66,0.92,0.017907,1,0,0
0.68,0.92,0.013712,1,0,0
0.7,0.92,0.012068,1,0,0
0.72,0.92,0.012577,1,0,0
0.74,0.92,0.010555,1,0,0
0.76,0.92,0.029381,1,0,0
0.78,0.92,0.018815,1,0,0
0.8,0.92,0.032986,1,0,0
0.82,0.92,0.028067,1,0,0
0.84,0.92,0.018928,1,0,0
0.86,0.92,0.0017896,1,0,0
0.88,0.92,-0.0016816,1,0,0
0.9,0.92,-0.011216,1,0,0
0.92,0.92,-0.019253,1,0,0
0.94,0.92,-0.0042451,1,0,0
0.96,0.92,-0.032018,1,0,0
0.98,0.92,-0.029291,1,0,0
0.02,0.94,-0.0029005,1,0,0
0.04,0.94,0.0084659,1,0,0
0.06,0.94,0.0049706,1,0,0
0.08,0.94,0.0054742,1,0,0
0.1,0.94,0.0035329,1,0,0
0.12,0.94,-0.00093294,1,0,0
0.14,0.94,-0.016745,1,0,0
0.16,0.94,0.010033,1,0,0
0.18,0.94,0.033523,1,0,0
0.2,0.94,0.061888,1,0,0
0.22,0.94,0.029793,1,0,0
0.24,0.94,0.034847,1,0,0
0.26,0.94,0.02572,1,0,0
0.28,0.94,0.029149,1,0,0
0.3,0.94,0.038228,1,0,0
0.32,0.94,0.029344,1,0,0
0.34,0.94,0.044263,1,0,0
0.36,0.94,0.047931,1,0,0
0.38,0.94,0.0365,1,0,0
0.4,0.94,0.01916,1,0,0
0.42,0.94,0.0018442,1,0,0
0.44,0.94,0.027609,1,0,0
0.46,0.94,0.045705,1,0,0
0.48,0.94,0.045108,1,0,0
0.5,0.94,0.031185,1,0,0
0.52,0.94,0.032461,1,0,0
0.54,0.94,0.025532,1,0,0
0.56,0.94,0.016819,1,0,0
0.58,0.94,0.028109,1,0,0
0.6,0.94,-0.0055946,1,0,0
0.62,0.94,0.014207,1,0,0
0.64,0.94,0.030622,1,0,0
0.66,0.94,0.0091637,1,0,0
0.68,0.94,0.0054191,1,0,0
0.7,0.94,0.018247,1,0,0
0.72,0.94,0.013398,1,0,0
0.74,0.94,0.028715,1,0,0
0.76,0.94,0.029232,1,0,0
0.78,0.94,0.055098,1,0,0
0.8,0.94,0.045271,1,0,0
0.82,0.94,0.050369,1,0,0
0.84,0.94,0.035802,1,0,0
0.86,0.94,0.030292,1,0,0
0.88,0.94,0.023391,1,0,0
0.9,0.94,-0.0020895,1,0,0
0.92,0.94,-0.0041649,1,0,0
0.94,0.94,-1.658e-05,1,0,0
0.96,0.94,-0.0022067,1,0,0
0.98,0.94,0.015619,1,0,0
0.02,0.96,-0.004386,1,0,0
0.04,0.96,0.015485,1,0,0
0.06,0.96,-0.0076467,1,0,0
0.08,0.96,0.002442,1,0,0
0.1,0.96,-0.01522,1,0,0
0.12,0.96,-0.008149,1,0,0
0.14,0.96,-0.037828,1,0,0
0.16,0.96,-0.019756,1,0,0
0.18,0.96,0.012607,1,0,0
0.2,0.96,0.011727,1,0,0
0.22,0.96,0.019446,1,0,0
0.24,0.96,0.036004,1,0,0
0.26,0.96,0.034706,1,0,0
0.28,0.96,0.033793,1,0,0
0.3,0.96,0.033662,1,0,0
0.32,0.96,0.04329,1,0,0
0.34,0.96,0.038313,1,0,0
0.36,0.96,0.030215,1,0,0
0.38,0.96,0.031597,1,0,0
0.4,0.96,0.012326,1,0,0
0.42,0.96,0.0054661,1,0,0
0.44,0.96,0.0084251,1,0,0
0.46,0.96,0.028541,1,0,0
0.48,0.96,0.014165,1,0,0
0.5,0.96,0.0027149,1,0,0
0.52,0.96,0.004849,1,0,0
0.54,0.96,0.023905,1,0,0
0.56,0.96,0.010918,1,0,0
0.58,0.96,-0.018439,1,0,0
0.6,0.96,-0.0098217,1,0,0
0.62,0.96,-0.00096915,1,0,0
0.64,0.96,0.011175,1,0,0
0.66,0.96,0.016739,1,0,0
0.68,0.96,0.019106,1,0,0
0.7,0.96,0.020578,1,0,0
0.72,0.96,0.010674,1,0,0
0.74,0.96,0.029043,1,0,0
0.76,0.96,0.032856,1,0,0
0.78,0.96,0.036597,1,0,0
0.8,0.96,0.039332,1,0,0
0.82,0.96,0.039824,1,0,0
0.84,0.96,0.020628,1,0,0
0.86,0.96,0.032036,1,0,0
0.88,0.96,0.021228,1,0,0
0.9,0.96,0.037456,1,0,0
0.92,0.96,0.01349,1,0,0
0.94,0.96,0.031094,1,0,0
0.96,0.96,0.0019937,1,0,0
0.98,0.96,0.038817,1,0,0
0.02,0.98,0.0031054,1,0,0
0.04,0.98,0.0090498,1,0,0
0.06,0.98,-0.003711,1,0,0
0.08,0.98,0.012264,1,0,0
0.1,0.98,-0.00040213,1,0,0
0.12,0.98,-0.0017038,1,0,0
0.14,0.98,-0.016107,1,0,0
0.16,0.98,-0.018534,1,0,0
0.18,0.98,-0.0028422,1,0,0
0.2,0.98,0.0023767,1,0,0
0.22,0.98,0.027352,1,0,0
0.24,0.98,0.059346,1,0,0
0.26,0.98,0.044044,1,0,0
0.28,0.98,0.037299,1,0,0
0.3,0.98,0.048631,1,0,0
0.32,0.98,0.054811,1,0,0
0.34,0.98,0.0492,1,0,0
0.36,0.98,0.048638,1,0,0
0.38,0.98,0.022521,1,0,0
0.4,0.98,0.014552,1,0,0
0.42,0.98,0.02827,1,0,0
0.44,0.98,0.02162,1,0,0
0.46,0.98,0.023496,1,0,0
0.48,0.98,0.013963,1,0,0
0.5,0.98,-0.0021386,1,0,0
0.52,0.98,-7.303e-05,1,0,0
0.54,0.98,0.0081758,1,0,0
0.56,0.98,-0.0076615,1,0,0
0.58,0.98,-0.025666,1,0,0
0.6,0.98,-0.017212,1,0,0
0.62,0.98,-0.00989,1,0,0
0.64,0.98,0.011265,1,0,0
0.66,0.98,0.034074,1,0,0
0.68,0.98,0.046022,1,0,0
0.7,0.98,0.050313,1,0,0
0.72,0.98,0.057353,1,0,0
0.74,0.98,0.074573,1,0,0
0.76,0.98,0.052112,1,0,0
0.78,0.98,0.030948,1,0,0
0.8,0.98,0.044343,1,0,0
0.82,0.98,0.060546,1,0,0
0.84,0.98,0.059864,1,0,0
0.86,0.98,0.064217,1,0,0
0.88,0.98,0.058039,1,0,0
0.9,0.98,0.056708,1,0,0
0.92,0.98,0.045761,1,0,0
0.94,0.98,0.060619,1,0,0
0.96,0.98,0.033423,1,0,0
0.98,0.98,0.066525,1,0,0
0,0,0.058453,-1,0,0
0.02,0,0.058453,-1,0,0
0.04,0,0.048149,-1,0,0
0.06,0,0.05849,-1,0,0
0.08,0,0.055107,-1,0,0
0.1,0,0.032413,-1,0,0
0.12,0,0.020106,-1,0,0
0.14,0,0.024501,-1,0,0
0.16,0,0.027841,-1,0,0
0.18,0,0.027113,-1,0,0
0.2,0,0.048147,-1,0,0
0.22,0,0.042457,-1,0,0
0.24,0,0.06352,-1,0,0
0.26,0,0.07338,-1,0,0
0.28,0,0.090308,-1,0,0
0.3,0,0.091321,-1,0,0
0.32,0,0.060495,-1,0,0
0.34,0,0.064389,-1,0,0
0.36,0,0.047244,-1,0,0
0.38,0,0.046182,-1,0,0
0.4,0,0.047545,-1,0,0
0.42,0,0.037833,-1,0,0
0.44,0,0.041094,-1,0,0
0.46,0,0.020032,-1,0,0
0.48,0,0.04768,-1,0,0
0.5,0,0.027154,-1,0,0
0.52,0,0.031008,-1,0,0
0.54,0,0.016845,-1,0,0
0.56,0,-0.0083271,-1,0,0
0.58,0,0.0036238,-1,0,0
0.6,0,0.0036489,-1,0,0
0.62,0,-0.022228,-1,0,0
0.64,0,0.004191,-1,0,0
0.66,0,-0.005145,-1,0,0
0.68,0,0.019001,-1,0,0
0.7,0,0.043314,-1,0,0
0.72,0,0.044614,-1,0,0
0.74,0,0.039272,-1,0,0
0.76,0,0.032991,-1,0,0
0.78,0,0.023016,-1,0,0
0.8,0,0.036734,-1,0,0
0.82,0,0.037575,-1,0,0
0.84,0,0.015401,-1,0,0
0.86,0,0.020122,-1,0,0
0.88,0,0.023165,-1,0,0
0.9,0,-0.020534,-1,0,0
0.92,0,-0.014667,-1,0,0
0.94,0,-0.014226,-1,0,0
0.96,0,-0.01102,-1,0,0
0.98,0,-0.010967,-1,0,0
1,0,-0.005468,-1,0,0
1,0.02,0.0076887,-1,0,0
1,0.04,0.016727,-1,0,0
1,0.06,0.011463,-1,0,0
1,0.08,0.012943,-1,0,0
1,0.1,0.046527,-1,0,0
1,0.12,0.046857,-1,0,0
1,0.14,0.042273,-1,0,0
1,0.16,0.026714,-1,0,0
1,0.18,-0.006295,-1,0,0
1,0.2,0.023135,-1,0,0
1,0.22,0.036909,-1,0,0
1,0.24,0.068691,-1,0,0
1,0.26,0.036568,-1,0,0
1,0.28,0.034161,-1,0,0
1,0.3,0.015418,-1,0,0
1,0.32,0.030692,-1,0,0
1,0.34,0.0060188,-1,0,0
1,0.36,0.0044548,-1,0,0
1,0.38,0.00056022,-1,0,0
1,0.4,0.010979,-1,0,0
1,0.42,0.014687,-1,0,0
1,0.44,0.013342,-1,0,0
1,0.46,0.0064426,-1,0,0
1,0.48,0.018983,-1,0,0
1,0.5,0.020259,-1,0,0
1,0.52,0.043715,-1,0,0
1,0.54,0.046288,-1,0,0
1,0.56,0.013708,-1,0,0
1,0.58,0.015042,-1,0,0
1,0.6,0.0074343,-1,0,0
1,0.62,0.017286,-1,0,0
1,0.64,0.041447,-1,0,0
1,0.66,0.029666,-1,0,0
1,0.68,0.04142,-1,0,0
1,0.7,0.041169,-1,0,0
1,0.72,0.026704,-1,0,0
1,0.74,0.012421,-1,0,0
1,0.76,0.019363,-1,0,0
1,0.78,0.025765,-1,0,0
1,0.8,-0.018781,-1,0,0
1,0.82,-0.0059811,-1,0,0
1,0.84,-0.036859,-1,0,0
1,0.86,-0.049473,-1,0,0
1,0.88,-0.021163,-1,0,0
1,0.9,0.00017017,-1,0,0
1,0.92,0.0050842,-1,0,0
1,0.94,0.039153,-1,0,0
1,0.96,0.04579,-1,0,0
1,0.98,0.068861,-1,0,0
1,1,0.061914,-1,0,0
0.98,1,0.075227,-1,0,0
0.96,1,0.062281,-1,0,0
0.94,1,0.050815,-1,0,0
0.92,1,0.077586,-1,0,0
0.9,1,0.067723,-1,0,0
0.88,1,0.08612,-1,0,0
0.86,1,0.068232,-1,0,0
0.84,1,0.069777,-1,0,0
0.82,1,0.071267,-1,0,0
0.8,1,0.071593,-1,0,0
0.78,1,0.083134,-1,0,0
0.76,1,0.0713,-1,0,0
0.74,1,0.072524,-1,0,0
0.72,1,0.071059,-1,0,0
0.7,1,0.079007,-1,0,0
0.68,1,0.068288,-1,0,0
0.66,1,0.044766,-1,0,0
0.64,1,0.018856,-1,0,0
0.62,1,-0.017478,-1,0,0
0.6,1,-0.01928,-1,0,0
0.58,1,-0.011735,-1,0,0
0.56,1,-0.011035,-1,0,0
0.54,1,-0.0027653,-1,0,0
0.52,1,-0.0030304,-1,0,0
0.5,1,0.0025674,-1,0,0
0.48,1,0.031547,-1,0,0
0.46,1,0.0098645,-1,0,0
0.44,1,0.038302,-1,0,0
0.42,1,0.029268,-1,0,0
0.4,1,0.03022,-1,0,0
0.38,1,0.035381,-1,0,0
0.36,1,0.042362,-1,0,0
0.34,1,0.038934,-1,0,0
0.32,1,0.043115,-1,0,0
0.3,1,0.08467,-1,0,0
0.28,1,0.081347,-1,0,0
0.26,1,0.07362,-1,0,0
0.24,1,0.06042,-1,0,0
0.22,1,0.013744,-1,0,0
0.2,1,0.021053,-1,0,0
0.18,1,0.0049869,-1,0,0
0.16,1,-0.01271,-1,0,0
0.14,1,-0.030201,-1,0,0
0.12,1,-0.016461,-1,0,0
0.1,1,-0.013603,-1,0,0
0.08,1,-0.0082963,-1,0,0
0.06,1,0.020175,-1,0,0
0.04,1,0.01071,-1,0,0
0.02,1,-0.001885,-1,0,0
0,1,0.013666,-1,0,0
0,0.98,0.010423,-1,0,0
0,0.96,-0.0066015,-1,0,0
0,0.94,0.0010784,-1,0,0
0,0.92,-0.015274,-1,0,0
0,0.9,-0.029375,-1,0,0
0,0.88,-0.027214,-1,0,0
0,0.86,-0.0074589,-1,0,0
0,0.84,0.012576,-1,0,0
0,0.82,0.010791,-1,0,0
0,0.8,-0.013349,-1,0,0
0,0.78,0.011785,-1,0,0
0,0.76,0.031617,-1,0,0
0,0.74,0.047849,-1,0,0
0,0.72,0.062502,-1,0,0
0,0.7,0.081723,-1,0,0
0,0.68,0.093904,-1,0,0
0,0.66,0.098076,-1,0,0
0,0.64,0.068853,-1,0,0
0,0.62,0.041414,-1,0,0
0,0.6,0.044113,-1,0,0
0,0.58,0.045065,-1,0,0
0,0.56,0.042497,-1,0,0
0,0.54,0.061361,-1,0,0
0,0.52,0.0571,-1,0,0
0,0.5,0.05877,-1,0,0
0,0.48,0.08972,-1,0,0
0,0.46,0.069352,-1,0,0
0,0.44,0.048272,-1,0,0
0,0.42,0.056466,-1,0,0
0,0.4,0.060202,-1,0,0
0,0.38,0.044421,-1,0,0
0,0.36,0.046161,-1,0,0
0,0.34,0.051028,-1,0,0
0,0.32,0.044829,-1,0,0
0,0.3,0.044262,-1,0,0
0,0.28,0.062837,-1,0,0
0,0.26,0.041017,-1,0,0
0,0.24,0.065769,-1,0,0
0,0.22,0.061153,-1,0,0
0,0.2,0.039543,-1,0,0
0,0.18,0.024954,-1,0,0
0,0.16,0.030288,-1,0,0
0,0.14,0.02263,-1,0,0
0,0.12,0.031311,-1,0,0
0,0.1,0.06023,-1,0,0
0,0.08,0.081073,-1,0,0
0,0.06,0.07792,-1,0,0
0,0.04,0.073846,-1,0,0
0,0.02,0.076493,-1,0,0
