0.02,0.02,-0.037076,1,0,0
0.04,0.02,-0.026421,1,0,0
0.06,0.02,-0.0018461,1,0,0
0.08,0.02,-0.10889,1,0,0
0.1,0.02,-0.028998,1,0,0
0.12,0.02,-0.02872,1,0,0
0.14,0.02,-0.016776,1,0,0
0.16,0.02,-0.039687,1,0,0
0.18,0.02,-0.036435,1,0,0
0.2,0.02,-0.047987,1,0,0
0.22,0.02,0.0063273,1,0,0
0.24,0.02,0.032828,1,0,0
0.26,0.02,-0.0025877,1,0,0
0.28,0.02,-0.034265,1,0,0
0.3,0.02,-0.022965,1,0,0
0.32,0.02,-0.025895,1,0,0
0.34,0.02,-0.023149,1,0,0
0.36,0.02,-0.001613,1,0,0
0.38,0.02,-0.034296,1,0,0
0.4,0.02,0.040914,1,0,0
0.42,0.02,0.0072794,1,0,0
0.44,0.02,0.026438,1,0,0
0.46,0.02,0.035005,1,0,0
0.48,0.02,0.033759,1,0,0
0.5,0.02,-0.007461,1,0,0
0.52,0.02,-0.01836,1,0,0
0.54,0.02,0.050374,1,0,0
0.56,0.02,-0.030025,1,0,0
0.58,0.02,-0.038057,1,0,0
0.6,0.02,-0.051729,1,0,0
0.62,0.02,0.019928,1,0,0
0.64,0.02,0.032932,1,0,0
0.66,0.02,-0.0079001,1,0,0
0.68,0.02,0.016585,1,0,0
0.7,0.02,0.01597,1,0,0
0.72,0.02,-0.033749,1,0,0
0.74,0.02,-0.0094168,1,0,0
0.76,0.02,-0.010556,1,0,0
0.78,0.02,-0.011758,1,0,0
0.8,0.02,-0.046102,1,0,0
0.82,0.02,-0.0092111,1,0,0
0.84,0.02,-0.0021049,1,0,0
0.86,0.02,0.053175,1,0,0
0.88,0.02,-0.024943,1,0,0
0.9,0.02,0.025575,1,0,0
0.92,0.02,-0.047396,1,0,0
0.94,0.02,-0.024285,1,0,0
0.96,0.02,-0.0046998,1,0,0
0.98,0.02,0.014468,1,0,0
0.02,0.04,-0.083686,1,0,0
0.04,0.04,-0.067686,1,0,0
0.06,0.04,-0.059584,1,0,0
0.08,0.04,-0.068853,1,0,0
0.1,0.04,-0.1074,1,0,0
0.12,0.04,-0.0759,1,0,0
0.14,0.04,-0.073048,1,0,0
0.16,0.04,-0.044637,1,0,0
0.18,0.04,-0.079799,1,0,0
0.2,0.04,-0.047095,1,0,0
0.22,0.04,-0.089264,1,0,0
0.24,0.04,-0.03422,1,0,0
0.26,0.04,-0.049185,1,0,0
0.28,0.04,-0.036906,1,0,0
0.3,0.04,-0.053794,1,0,0
0.32,0.04,-0.035082,1,0,0
0.34,0.04,-0.034488,1,0,0
0.36,0.04,-0.058518,1,0,0
0.38,0.04,0.016848,1,0,0
0.4,0.04,-0.013989,1,0,0
0.42,0.04,0.0031778,1,0,0
0.44,0.04,-0.01622,1,0,0
0.46,0.04,-0.036089,1,0,0
0.48,0.04,-0.076694,1,0,0
0.5,0.04,-0.0060961,1,0,0
0.52,0.04,0.0050851,1,0,0
0.54,0.04,-0.013917,1,0,0
0.56,0.04,0.0181,1,0,0
0.58,0.04,0.02793,1,0,0
0.6,0.04,0.022823,1,0,0
0.62,0.04,-0.02534,1,0,0
0.64,0.04,-0.056384,1,0,0
0.66,0.04,0.012344,1,0,0
0.68,0.04,-0.024163,1,0,0
0.7,0.04,-0.073574,1,0,0
0.72,0.04,-0.0882,1,0,0
0.74,0.04,-0.048825,1,0,0
0.76,0.04,-0.059134,1,0,0
0.78,0.04,-0.0096081,1,0,0
0.8,0.04,-0.029033,1,0,0
0.82,0.04,0.00010306,1,0,0
0.84,0.04,-0.030648,1,0,0
0.86,0.04,-0.024104,1,0,0
0.88,0.04,-0.048521,1,0,0
0.9,0.04,-0.011314,1,0,0
0.92,0.04,-0.052656,1,0,0
0.94,0.04,0.0055984,1,0,0
0.96,0.04,-0.065635,1,0,0
0.98,0.04,-0.012259,1,0,0
0.02,0.06,-0.071576,1,0,0
0.04,0.06,-0.042745,1,0,0
0.06,0.06,-0.039234,1,0,0
0.08,0.06,-0.0093017,1,0,0
0.1,0.06,-0.073093,1,0,0
0.12,0.06,-0.019958,1,0,0
0.14,0.06,-0.044279,1,0,0
0.16,0.06,-0.10268,1,0,0
0.18,0.06,-0.095063,1,0,0
0.2,0.06,-0.092478,1,0,0
0.22,0.06,-0.086985,1,0,0
0.24,0.06,-0.019243,1,0,0
0.26,0.06,-0.023455,1,0,0
0.28,0.06,-0.023133,1,0,0
0.3,0.06,-0.050592,1,0,0
0.32,0.06,0.014856,1,0,0
0.34,0.06,-0.043696,1,0,0
0.36,0.06,-0.02709,1,0,0
0.38,0.06,-0.011281,1,0,0
0.4,0.06,-0.030667,1,0,0
0.42,0.06,-0.018574,1,0,0
0.44,0.06,-0.063214,1,0,0
0.46,0.06,-0.011504,1,0,0
0.48,0.06,-0.04617,1,0,0
0.5,0.06,0.03016,1,0,0
0.52,0.06,0.019519,1,0,0
0.54,0.06,-0.012305,1,0,0
0.56,0.06,-0.045484,1,0,0
0.58,0.06,0.0069438,1,0,0
0.6,0.06,-0.021202,1,0,0
0.62,0.06,0.00351,1,0,0
0.64,0.06,0.0024336,1,0,0
0.66,0.06,-0.029162,1,0,0
0.68,0.06,-0.037344,1,0,0
0.7,0.06,-0.034845,1,0,0
0.72,0.06,-0.060456,1,0,0
0.74,0.06,-0.0043856,1,0,0
0.76,0.06,-0.011491,1,0,0
0.78,0.06,-0.066882,1,0,0
0.8,0.06,-0.046376,1,0,0
0.82,0.06,0.0064505,1,0,0
0.84,0.06,-0.0070989,1,0,0
0.86,0.06,-0.0037952,1,0,0
0.88,0.06,-0.041318,1,0,0
0.9,0.06,-0.003056,1,0,0
0.92,0.06,-0.024665,1,0,0
0.94,0.06,-0.011458,1,0,0
0.96,0.06,-0.048785,1,0,0
0.98,0.06,-0.0051962,1,0,0
0.02,0.08,-0.073689,1,0,0
0.04,0.08,-0.05102,1,0,0
0.06,0.08,-0.058244,1,0,0
0.08,0.08,-0.033391,1,0,0
0.1,0.08,-0.096845,1,0,0
0.12,0.08,-0.10829,1,0,0
0.14,0.08,-0.096423,1,0,0
0.16,0.08,-0.038604,1,0,0
0.18,0.08,-0.066512,1,0,0
0.2,0.08,0.011359,1,0,0
0.22,0.08,-0.016882,1,0,0
0.24,0.08,-0.078372,1,0,0
0.26,0.08,-0.051462,1,0,0
0.28,0.08,-0.058831,1,0,0
0.3,0.08,-0.043922,1,0,0
0.32,0.08,-0.13583,1,0,0
0.34,0.08,-0.097713,1,0,0
0.36,0.08,-0.05794,1,0,0
0.38,0.08,-0.056898,1,0,0
0.4,0.08,-0.062759,1,0,0
0.42,0.08,-0.018309,1,0,0
0.44,0.08,-0.029134,1,0,0
0.46,0.08,-0.016842,1,0,0
0.48,0.08,-0.041657,1,0,0
0.5,0.08,-0.0091979,1,0,0
0.52,0.08,-0.033848,1,0,0
0.54,0.08,-0.040268,1,0,0
0.56,0.08,-0.049681,1,0,0
0.58,0.08,-0.00088298,1,0,0
0.6,0.08,-0.020616,1,0,0
0.62,0.08,-0.00048836,1,0,0
0.64,0.08,-0.0073899,1,0,0
0.66,0.08,-0.030494,1,0,0
0.68,0.08,-0.061893,1,0,0
0.7,0.08,-0.065186,1,0,0
0.72,0.08,-0.01825,1,0,0
0.74,0.08,-0.039564,1,0,0
0.76,0.08,-0.011182,1,0,0
0.78,0.08,-0.039447,1,0,0
0.8,0.08,-0.042826,1,0,0
0.82,0.08,0.03147,1,0,0
0.84,0.08,-0.042166,1,0,0
0.86,0.08,-0.040539,1,0,0
0.88,0.08,0.013045,1,0,0
0.9,0.08,0.0038342,1,0,0
0.92,0.08,-0.033705,1,0,0
0.94,0.08,0.031408,1,0,0
0.96,0.08,-0.063223,1,0,0
0.98,0.08,-0.037527,1,0,0
0.02,0.1,-0.024629,1,0,0
0.04,0.1,-0.036432,1,0,0
0.06,0.1,-0.045572,1,0,0
0.08,0.1,-0.079419,1,0,0
0.1,0.1,-0.064887,1,0,0
0.12,0.1,-0.049026,1,0,0
0.14,0.1,-0.10143,1,0,0
0.16,0.1,-0.04013,1,0,0
0.18,0.1,-0.057556,1,0,0
0.2,0.1,-0.063675,1,0,0
0.22,0.1,-0.059456,1,0,0
0.24,0.1,-0.056112,1,0,0
0.26,0.1,-0.0099167,1,0,0
0.28,0.1,-0.090009,1,0,0
0.3,0.1,-0.068801,1,0,0
0.32,0.1,-0.077549,1,0,0
0.34,0.1,-0.081049,1,0,0
0.36,0.1,-0.045346,1,0,0
0.38,0.1,-0.0080302,1,0,0
0.4,0.1,-0.039573,1,0,0
0.42,0.1,0.006877,1,0,0
0.44,0.1,-0.063444,1,0,0
0.46,0.1,0.00014855,1,0,0
0.48,0.1,-0.023794,1,0,0
0.5,0.1,-0.032748,1,0,0
0.52,0.1,-0.052208,1,0,0
0.54,0.1,-0.041328,1,0,0
0.56,0.1,-0.049218,1,0,0
0.58,0.1,0.0085586,1,0,0
0.6,0.1,-0.027699,1,0,0
0.62,0.1,-0.012514,1,0,0
0.64,0.1,0.057655,1,0,0
0.66,0.1,-0.036071,1,0,0
0.68,0.1,-0.0078115,1,0,0
0.7,0.1,-0.0008599,1,0,0
0.72,0.1,0.0037186,1,0,0
0.74,0.1,0.0074125,1,0,0
0.76,0.1,0.045235,1,0,0
0.78,0.1,-0.019197,1,0,0
0.8,0.1,-0.064834,1,0,0
0.82,0.1,-0.04368,1,0,0
0.84,0.1,-0.061308,1,0,0
0.86,0.1,-0.0085575,1,0,0
0.88,0.1,-0.025538,1,0,0
0.9,0.1,0.0079657,1,0,0
0.92,0.1,-0.013151,1,0,0
0.94,0.1,-0.045447,1,0,0
0.96,0.1,-0.028738,1,0,0
0.98,0.1,-0.081126,1,0,0
0.02,0.12,-0.025212,1,0,0
0.04,0.12,-0.091692,1,0,0
0.06,0.12,-0.10221,1,0,0
0.08,0.12,-0.064846,1,0,0
0.1,0.12,-0.031926,1,0,0
0.12,0.12,-0.076075,1,0,0
0.14,0.12,-0.060798,1,0,0
0.16,0.12,-0.085577,1,0,0
0.18,0.12,-0.077211,1,0,0
0.2,0.12,-0.11422,1,0,0
0.22,0.12,-0.096713,1,0,0
0.24,0.12,-0.090635,1,0,0
0.26,0.12,-0.022316,1,0,0
0.28,0.12,-0.052554,1,0,0
0.3,0.12,-0.1092,1,0,0
0.32,0.12,-0.073414,1,0,0
0.34,0.12,-0.067,1,0,0
0.36,0.12,-0.086496,1,0,0
0.38,0.12,-0.10572,1,0,0
0.4,0.12,-0.076806,1,0,0
0.42,0.12,-0.067445,1,0,0
0.44,0.12,-0.11769,1,0,0
0.46,0.12,-0.074304,1,0,0
0.48,0.12,-0.077735,1,0,0
0.5,0.12,-0.063463,1,0,0
0.52,0.12,-0.051034,1,0,0
0.54,0.12,-0.05023,1,0,0
0.56,0.12,-0.042712,1,0,0
0.58,0.12,-0.034265,1,0,0
0.6,0.12,-0.032553,1,0,0
0.62,0.12,-0.034098,1,0,0
0.64,0.12,-0.057696,1,0,0
0.66,0.12,0.0033691,1,0,0
0.68,0.12,-0.019983,1,0,0
0.7,0.12,-0.034214,1,0,0
0.72,0.12,-0.044771,1,0,0
0.74,0.12,-0.013585,1,0,0
0.76,0.12,-0.006042,1,0,0
0.78,0.12,-0.035175,1,0,0
0.8,0.12,-0.064755,1,0,0
0.82,0.12,-0.0064087,1,0,0
0.84,0.12,-0.048812,1,0,0
0.86,0.12,-0.096622,1,0,0
0.88,0.12,-0.048113,1,0,0
0.9,0.12,-0.046955,1,0,0
0.92,0.12,0.0033678,1,0,0
0.94,0.12,-0.058036,1,0,0
0.96,0.12,-0.082457,1,0,0
0.98,0.12,-0.090231,1,0,0
0.02,0.14,-0.024813,1,0,0
0.04,0.14,-0.037807,1,0,0
0.06,0.14,-0.058797,1,0,0
0.08,0.14,-0.012191,1,0,0
0.1,0.14,-0.03237,1,0,0
0.12,0.14,-0.090319,1,0,0
0.14,0.14,-0.086097,1,0,0
0.16,0.14,-0.065938,1,0,0
0.18,0.14,-0.091037,1,0,0
0.2,0.14,-0.081363,1,0,0
0.22,0.14,0.0512,1,0,0
0.24,0.14,-0.020903,1,0,0
0.26,0.14,-0.035548,1,0,0
0.28,0.14,-0.044362,1,0,0
0.3,0.14,-0.034239,1,0,0
0.32,0.14,-0.089141,1,0,0
0.34,0.14,-0.050812,1,0,0
0.36,0.14,-0.015616,1,0,0
0.38,0.14,-0.043582,1,0,0
0.4,0.14,-0.096748,1,0,0
0.42,0.14,-0.067899,1,0,0
0.44,0.14,-0.041897,1,0,0
0.46,0.14,-0.03283,1,0,0
0.48,0.14,-0.025172,1,0,0
0.5,0.14,-0.04413,1,0,0
0.52,0.14,-0.025088,1,0,0
0.54,0.14,-0.062924,1,0,0
0.56,0.14,-0.073941,1,0,0
0.58,0.14,0.020311,1,0,0
0.6,0.14,0.033427,1,0,0
0.62,0.14,-0.045207,1,0,0
0.64,0.14,0.086523,1,0,0
0.66,0.14,0.042916,1,0,0
0.68,0.14,-0.0078199,1,0,0
0.7,0.14,0.0073158,1,0,0
0.72,0.14,0.021594,1,0,0
0.74,0.14,0.030553,1,0,0
0.76,0.14,0.013036,1,0,0
0.78,0.14,0.06413,1,0,0
0.8,0.14,-0.011272,1,0,0
0.82,0.14,6.1717e-05,1,0,0
0.84,0.14,-0.019413,1,0,0
0.86,0.14,0.00011257,1,0,0
0.88,0.14,-0.02195,1,0,0
0.9,0.14,-0.017799,1,0,0
0.92,0.14,-0.017237,1,0,0
0.94,0.14,-0.063521,1,0,0
0.96,0.14,-0.034605,1,0,0
0.98,0.14,-0.014944,1,0,0
0.02,0.16,-0.025855,1,0,0
0.04,0.16,0.01595,1,0,0
0.06,0.16,-0.016229,1,0,0
0.08,0.16,-0.058317,1,0,0
0.1,0.16,-0.052373,1,0,0
0.12,0.16,0.0012011,1,0,0
0.14,0.16,-0.06484,1,0,0
0.16,0.16,-0.00010207,1,0,0
0.18,0.16,-0.077026,1,0,0
0.2,0.16,-0.045994,1,0,0
0.22,0.16,-0.0042652,1,0,0
0.24,0.16,-0.01857,1,0,0
0.26,0.16,-0.057323,1,0,0
0.28,0.16,-0.020536,1,0,0
0.3,0.16,-0.014409,1,0,0
0.32,0.16,-0.046263,1,0,0
0.34,0.16,-0.027112,1,0,0
0.36,0.16,-0.042416,1,0,0
0.38,0.16,-0.059082,1,0,0
0.4,0.16,-0.050464,1,0,0
0.42,0.16,-0.079458,1,0,0
0.44,0.16,-0.045825,1,0,0
0.46,0.16,-0.043126,1,0,0
0.48,0.16,-0.049002,1,0,0
0.5,0.16,-0.048377,1,0,0
0.52,0.16,0.00788,1,0,0
0.54,0.16,0.019114,1,0,0
0.56,0.16,-0.047253,1,0,0
0.58,0.16,0.0031964,1,0,0
0.6,0.16,-0.03075,1,0,0
0.62,0.16,-0.020867,1,0,0
0.64,0.16,0.014053,1,0,0
0.66,0.16,0.045612,1,0,0
0.68,0.16,-0.042401,1,0,0
0.7,0.16,-0.013432,1,0,0
0.72,0.16,0.037166,1,0,0
0.74,0.16,0.0083195,1,0,0
0.76,0.16,0.052206,1,0,0
0.78,0.16,0.079501,1,0,0
0.8,0.16,0.024303,1,0,0
0.82,0.16,-0.011851,1,0,0
0.84,0.16,0.0065676,1,0,0
0.86,0.16,-0.039505,1,0,0
0.88,0.16,-0.027513,1,0,0
0.9,0.16,0.0063642,1,0,0
0.92,0.16,0.00089589,1,0,0
0.94,0.16,-0.021985,1,0,0
0.96,0.16,-0.031998,1,0,0
0.98,0.16,-0.012584,1,0,0
0.02,0.18,-0.021405,1,0,0
0.04,0.18,-0.040331,1,0,0
0.06,0.18,-0.021421,1,0,0
0.08,0.18,0.015267,1,0,0
0.1,0.18,-0.049375,1,0,0
0.12,0.18,-0.037633,1,0,0
0.14,0.18,-0.039361,1,0,0
0.16,0.18,-0.047266,1,0,0
0.18,0.18,-0.1078,1,0,0
0.2,0.18,-0.1237,1,0,0
0.22,0.18,-0.02934,1,0,0
0.24,0.18,-0.060893,1,0,0
0.26,0.18,-0.025744,1,0,0
0.28,0.18,0.0075177,1,0,0
0.3,0.18,-0.083705,1,0,0
0.32,0.18,-0.013458,1,0,0
0.34,0.18,-0.050651,1,0,0
0.36,0.18,-0.018948,1,0,0
0.38,0.18,-0.06441,1,0,0
0.4,0.18,-0.039461,1,0,0
0.42,0.18,-0.080916,1,0,0
0.44,0.18,-0.076979,1,0,0
0.46,0.18,-0.056277,1,0,0
0.48,0.18,-0.015522,1,0,0
0.5,0.18,-0.037577,1,0,0
0.52,0.18,-0.020276,1,0,0
0.54,0.18,-0.013031,1,0,0
0.56,0.18,-0.027123,1,0,0
0.58,0.18,-0.01325,1,0,0
0.6,0.18,-0.012103,1,0,0
0.62,0.18,-0.0073521,1,0,0
0.64,0.18,-0.029337,1,0,0
0.66,0.18,0.047487,1,0,0
0.68,0.18,0.010671,1,0,0
0.7,0.18,-0.0035084,1,0,0
0.72,0.18,-0.0099111,1,0,0
0.74,0.18,0.0015764,1,0,0
0.76,0.18,0.02122,1,0,0
0.78,0.18,-0.0081487,1,0,0
0.8,0.18,-0.0020233,1,0,0
0.82,0.18,-0.036286,1,0,0
0.84,0.18,-0.048344,1,0,0
0.86,0.18,0.0076877,1,0,0
0.88,0.18,-0.028603,1,0,0
0.9,0.18,0.01365,1,0,0
0.92,0.18,-0.020803,1,0,0
0.94,0.18,0.015462,1,0,0
0.96,0.18,-0.0023843,1,0,0
0.98,0.18,0.011704,1,0,0
0.02,0.2,0.018695,1,0,0
0.04,0.2,-0.031093,1,0,0
0.06,0.2,-0.053798,1,0,0
0.08,0.2,-0.045759,1,0,0
0.1,0.2,-0.064569,1,0,0
0.12,0.2,-0.017106,1,0,0
0.14,0.2,-0.048041,1,0,0
0.16,0.2,0.0078809,1,0,0
0.18,0.2,-0.092977,1,0,0
0.2,0.2,-0.11167,1,0,0
0.22,0.2,-0.050512,1,0,0
0.24,0.2,-0.022919,1,0,0
0.26,0.2,-0.092581,1,0,0
0.28,0.2,-0.064314,1,0,0
0.3,0.2,-0.082294,1,0,0
0.32,0.2,-0.048209,1,0,0
0.34,0.2,-0.05649,1,0,0
0.36,0.2,-0.08545,1,0,0
0.38,0.2,-0.043564,1,0,0
0.4,0.2,-0.0090672,1,0,0
0.42,0.2,0.012871,1,0,0
0.44,0.2,-0.025655,1,0,0
0.46,0.2,-0.029889,1,0,0
0.48,0.2,-0.041952,1,0,0
0.5,0.2,-0.017382,1,0,0
0.52,0.2,0.014264,1,0,0
0.54,0.2,-0.029682,1,0,0
0.56,0.2,0.012694,1,0,0
0.58,0.2,-0.07654,1,0,0
0.6,0.2,-0.033194,1,0,0
0.62,0.2,-0.044118,1,0,0
0.64,0.2,-0.023195,1,0,0
0.66,0.2,-0.030922,1,0,0
0.68,0.2,-0.014441,1,0,0
0.7,0.2,0.024766,1,0,0
0.72,0.2,-0.013421,1,0,0
0.74,0.2,-0.011168,1,0,0
0.76,0.2,-0.0027437,1,0,0
0.78,0.2,0.030851,1,0,0
0.8,0.2,-0.058413,1,0,0
0.82,0.2,0.023392,1,0,0
0.84,0.2,0.018861,1,0,0
0.86,0.2,0.023121,1,0,0
0.88,0.2,-0.083001,1,0,0
0.9,0.2,-0.066141,1,0,0
0.92,0.2,-0.0064997,1,0,0
0.94,0.2,-0.025452,1,0,0
0.96,0.2,-0.014684,1,0,0
0.98,0.2,-0.022419,1,0,0
0.02,0.22,0.0045268,1,0,0
0.04,0.22,-0.06407,1,0,0
0.06,0.22,-0.049409,1,0,0
0.08,0.22,-0.067855,1,0,0
0.1,0.22,-0.040779,1,0,0
0.12,0.22,-0.055736,1,0,0
0.14,0.22,-0.030116,1,0,0
0.16,0.22,0.028413,1,0,0
0.18,0.22,-0.02682,1,0,0
0.2,0.22,-0.045614,1,0,0
0.22,0.22,-0.022775,1,0,0
0.24,0.22,-0.038289,1,0,0
0.26,0.22,-0.076071,1,0,0
0.28,0.22,-0.018879,1,0,0
0.3,0.22,-0.034464,1,0,0
0.32,0.22,-0.03334,1,0,0
0.34,0.22,-0.05427,1,0,0
0.36,0.22,-0.033099,1,0,0
0.38,0.22,-0.032383,1,0,0
0.4,0.22,0.0057564,1,0,0
0.42,0.22,-0.067682,1,0,0
0.44,0.22,-0.072177,1,0,0
0.46,0.22,-0.062198,1,0,0
0.48,0.22,-0.044354,1,0,0
0.5,0.22,-0.022631,1,0,0
0.52,0.22,-0.0024216,1,0,0
0.54,0.22,0.024275,1,0,0
0.56,0.22,-0.028063,1,0,0
0.58,0.22,-0.02251,1,0,0
0.6,0.22,0.021153,1,0,0
0.62,0.22,-0.026062,1,0,0
0.64,0.22,-0.082836,1,0,0
0.66,0.22,-0.087311,1,0,0
0.68,0.22,-0.049004,1,0,0
0.7,0.22,-0.041298,1,0,0
0.72,0.22,-0.0087327,1,0,0
0.74,0.22,0.01063,1,0,0
0.76,0.22,-0.0067624,1,0,0
0.78,0.22,-0.0023965,1,0,0
0.8,0.22,-0.063501,1,0,0
0.82,0.22,0.0058946,1,0,0
0.84,0.22,0.0012552,1,0,0
0.86,0.22,-0.00013112,1,0,0
0.88,0.22,0.0406,1,0,0
0.9,0.22,-0.021411,1,0,0
0.92,0.22,-0.020669,1,0,0
0.94,0.22,-0.049806,1,0,0
0.96,0.22,0.010993,1,0,0
0.98,0.22,-0.00536,1,0,0
0.02,0.24,0.016902,1,0,0
0.04,0.24,-0.012608,1,0,0
0.06,0.24,-0.0020288,1,0,0
0.08,0.24,-0.082924,1,0,0
0.1,0.24,-0.098291,1,0,0
0.12,0.24,-0.059328,1,0,0
0.14,0.24,-0.049468,1,0,0
0.16,0.24,-0.047917,1,0,0
0.18,0.24,-0.044037,1,0,0
0.2,0.24,-0.083169,1,0,0
0.22,0.24,0.011249,1,0,0
0.24,0.24,-0.01117,1,0,0
0.26,0.24,-0.033296,1,0,0
0.28,0.24,-0.033872,1,0,0
0.3,0.24,0.03001,1,0,0
0.32,0.24,0.0044088,1,0,0
0.34,0.24,-0.063707,1,0,0
0.36,0.24,-0.069721,1,0,0
0.38,0.24,-0.048149,1,0,0
0.4,0.24,-0.0016591,1,0,0
0.42,0.24,-0.0067944,1,0,0
0.44,0.24,0.022871,1,0,0
0.46,0.24,-0.062741,1,0,0
0.48,0.24,-0.046617,1,0,0
0.5,0.24,-0.015687,1,0,0
0.52,0.24,0.015467,1,0,0
0.54,0.24,-0.018918,1,0,0
0.56,0.24,-0.014597,1,0,0
0.58,0.24,-0.0014056,1,0,0
0.6,0.24,-0.057003,1,0,0
0.62,0.24,-0.0049878,1,0,0
0.64,0.24,-0.013195,1,0,0
0.66,0.24,-0.043085,1,0,0
0.68,0.24,-0.012755,1,0,0
0.7,0.24,-0.011297,1,0,0
0.72,0.24,-0.00079419,1,0,0
0.74,0.24,-0.02223,1,0,0
0.76,0.24,-0.0041596,1,0,0
0.78,0.24,-0.033522,1,0,0
0.8,0.24,0.0097066,1,0,0
0.82,0.24,0.004067,1,0,0
0.84,0.24,0.027387,1,0,0
0.86,0.24,0.022745,1,0,0
0.88,0.24,0.0017378,1,0,0
0.9,0.24,0.0018557,1,0,0
0.92,0.24,-0.027302,1,0,0
0.94,0.24,-0.013102,1,0,0
0.96,0.24,-0.023717,1,0,0
0.98,0.24,-0.077054,1,0,0
0.02,0.26,-0.038992,1,0,0
0.04,0.26,-0.017144,1,0,0
0.06,0.26,-0.10675,1,0,0
0.08,0.26,-0.052059,1,0,0
0.1,0.26,-0.073103,1,0,0
0.12,0.26,-0.02012,1,0,0
0.14,0.26,-0.012896,1,0,0
0.16,0.26,0.0029948,1,0,0
0.18,0.26,-0.0094343,1,0,0
0.2,0.26,-0.018439,1,0,0
0.22,0.26,0.0020627,1,0,0
0.24,0.26,0.035299,1,0,0
0.26,0.26,0.047683,1,0,0
0.28,0.26,-0.033408,1,0,0
0.3,0.26,-0.00093577,1,0,0
0.32,0.26,-0.038315,1,0,0
0.34,0.26,-0.050121,1,0,0
0.36,0.26,-0.0058098,1,0,0
0.38,0.26,0.024521,1,0,0
0.4,0.26,-0.033376,1,0,0
0.42,0.26,0.012083,1,0,0
0.44,0.26,-0.00095718,1,0,0
0.46,0.26,-0.039854,1,0,0
0.48,0.26,-0.054573,1,0,0
0.5,0.26,0.060484,1,0,0
0.52,0.26,-0.0084633,1,0,0
0.54,0.26,-0.082422,1,0,0
0.56,0.26,0.0097434,1,0,0
0.58,0.26,0.037252,1,0,0
0.6,0.26,-0.0049467,1,0,0
0.62,0.26,-0.029541,1,0,0
0.64,0.26,-0.012823,1,0,0
0.66,0.26,-0.036157,1,0,0
0.68,0.26,-0.0028825,1,0,0
0.7,0.26,-0.032211,1,0,0
0.72,0.26,-0.00060769,1,0,0
0.74,0.26,-0.046161,1,0,0
0.76,0.26,0.022844,1,0,0
0.78,0.26,0.026657,1,0,0
0.8,0.26,0.028088,1,0,0
0.82,0.26,0.011006,1,0,0
0.84,0.26,0.033661,1,0,0
0.86,0.26,0.012156,1,0,0
0.88,0.26,0.00098691,1,0,0
0.9,0.26,-0.06161,1,0,0
0.92,0.26,-0.031118,1,0,0
0.94,0.26,-0.014765,1,0,0
0.96,0.26,-0.051645,1,0,0
0.98,0.26,-0.014136,1,0,0
0.02,0.28,-0.073271,1,0,0
0.04,0.28,-0.063851,1,0,0
0.06,0.28,-0.054665,1,0,0
0.08,0.28,-0.065201,1,0,0
0.1,0.28,-0.032515,1,0,0
0.12,0.28,0.024928,1,0,0
0.14,0.28,0.015821,1,0,0
0.16,0.28,0.0027051,1,0,0
0.18,0.28,-0.017635,1,0,0
0.2,0.28,-0.002532,1,0,0
0.22,0.28,-0.023109,1,0,0
0.24,0.28,0.0013693,1,0,0
0.26,0.28,-0.022239,1,0,0
0.28,0.28,-0.034471,1,0,0
0.3,0.28,0.0032879,1,0,0
0.32,0.28,0.0080115,1,0,0
0.34,0.28,-0.0061321,1,0,0
0.36,0.28,-0.029382,1,0,0
0.38,0.28,-0.075158,1,0,0
0.4,0.28,-0.021176,1,0,0
0.42,0.28,0.022776,1,0,0
0.44,0.28,-0.020671,1,0,0
0.46,0.28,-0.0061427,1,0,0
0.48,0.28,-0.043803,1,0,0
0.5,0.28,-0.027297,1,0,0
0.52,0.28,-0.021311,1,0,0
0.54,0.28,-0.0015316,1,0,0
0.56,0.28,-0.03182,1,0,0
0.58,0.28,0.012536,1,0,0
0.6,0.28,-0.034665,1,0,0
0.62,0.28,-0.056512,1,0,0
0.64,0.28,-0.052955,1,0,0
0.66,0.28,-0.070391,1,0,0
0.68,0.28,-0.023877,1,0,0
0.7,0.28,-0.021042,1,0,0
0.72,0.28,-0.0026749,1,0,0
0.74,0.28,-0.0111,1,0,0
0.76,0.28,0.016583,1,0,0
0.78,0.28,-0.013449,1,0,0
0.8,0.28,0.02502,1,0,0
0.82,0.28,-0.01484,1,0,0
0.84,0.28,0.0011531,1,0,0
0.86,0.28,-0.019964,1,0,0
0.88,0.28,0.0054681,1,0,0
0.9,0.28,-0.04109,1,0,0
0.92,0.28,-0.0074135,1,0,0
0.94,0.28,-0.005946,1,0,0
0.96,0.28,-0.059311,1,0,0
0.98,0.28,-0.042519,1,0,0
0.02,0.3,-0.054762,1,0,0
0.04,0.3,-0.022805,1,0,0
0.06,0.3,-0.07152,1,0,0
0.08,0.3,-0.059999,1,0,0
0.1,0.3,-0.038898,1,0,0
0.12,0.3,0.024749,1,0,0
0.14,0.3,-0.0038127,1,0,0
0.16,0.3,-0.013891,1,0,0
0.18,0.3,-0.06712,1,0,0
0.2,0.3,-0.012117,1,0,0
0.22,0.3,-0.052177,1,0,0
0.24,0.3,-0.014301,1,0,0
0.26,0.3,-0.016139,1,0,0
0.28,0.3,-0.00043927,1,0,0
0.3,0.3,0.013279,1,0,0
0.32,0.3,-0.016095,1,0,0
0.34,0.3,-0.013419,1,0,0
0.36,0.3,-0.0346,1,0,0
0.38,0.3,-0.025081,1,0,0
0.4,0.3,0.003347,1,0,0
0.42,0.3,0.041469,1,0,0
0.44,0.3,-0.044039,1,0,0
0.46,0.3,-0.017687,1,0,0
0.48,0.3,-0.036104,1,0,0
0.5,0.3,-0.051001,1,0,0
0.52,0.3,-0.029589,1,0,0
0.54,0.3,-0.058013,1,0,0
0.56,0.3,-0.018091,1,0,0
0.58,0.3,0.0090274,1,0,0
0.6,0.3,0.045919,1,0,0
0.62,0.3,-0.013917,1,0,0
0.64,0.3,-0.056788,1,0,0
0.66,0.3,-0.012709,1,0,0
0.68,0.3,-0.01878,1,0,0
0.7,0.3,-0.053672,1,0,0
0.72,0.3,-0.031826,1,0,0
0.74,0.3,-0.017907,1,0,0
0.76,0.3,0.0086431,1,0,0
0.78,0.3,0.049001,1,0,0
0.8,0.3,-0.031929,1,0,0
0.82,0.3,0.024866,1,0,0
0.84,0.3,-0.024936,1,0,0
0.86,0.3,-0.028092,1,0,0
0.88,0.3,0.010659,1,0,0
0.9,0.3,0.017019,1,0,0
0.92,0.3,-0.067734,1,0,0
0.94,0.3,-0.087573,1,0,0
0.96,0.3,-0.070337,1,0,0
0.98,0.3,-0.0095402,1,0,0
0.02,0.32,0.022088,1,0,0
0.04,0.32,-0.0038874,1,0,0
0.06,0.32,-0.025269,1,0,0
0.08,0.32,0.015319,1,0,0
0.1,0.32,0.0088777,1,0,0
0.12,0.32,0.04325,1,0,0
0.14,0.32,0.039702,1,0,0
0.16,0.32,0.040837,1,0,0
0.18,0.32,-0.011783,1,0,0
0.2,0.32,-0.024278,1,0,0
0.22,0.32,0.015662,1,0,0
0.24,0.32,0.03571,1,0,0
0.26,0.32,0.014269,1,0,0
0.28,0.32,0.031429,1,0,0
0.3,0.32,0.036784,1,0,0
0.32,0.32,0.011583,1,0,0
0.34,0.32,-0.034624,1,0,0
0.36,0.32,-0.0071931,1,0,0
0.38,0.32,0.015156,1,0,0
0.4,0.32,-0.019289,1,0,0
0.42,0.32,0.052959,1,0,0
0.44,0.32,0.0023104,1,0,0
0.46,0.32,0.0090902,1,0,0
0.48,0.32,-0.0040432,1,0,0
0.5,0.32,-0.055652,1,0,0
0.52,0.32,0.012906,1,0,0
0.54,0.32,-0.0098403,1,0,0
0.56,0.32,0.0015994,1,0,0
0.58,0.32,0.039921,1,0,0
0.6,0.32,0.0096983,1,0,0
0.62,0.32,-0.0063182,1,0,0
0.64,0.32,-0.015293,1,0,0
0.66,0.32,0.0075915,1,0,0
0.68,0.32,0.02272,1,0,0
0.7,0.32,-0.01196,1,0,0
0.72,0.32,-0.049866,1,0,0
0.74,0.32,-0.018133,1,0,0
0.76,0.32,-0.015937,1,0,0
0.78,0.32,-0.022596,1,0,0
0.8,0.32,0.033573,1,0,0
0.82,0.32,0.057788,1,0,0
0.84,0.32,0.018668,1,0,0
0.86,0.32,0.059315,1,0,0
0.88,0.32,-0.0012437,1,0,0
0.9,0.32,0.068935,1,0,0
0.92,0.32,-0.036676,1,0,0
0.94,0.32,-0.059743,1,0,0
0.96,0.32,-0.045235,1,0,0
0.98,0.32,-0.014577,1,0,0
0.02,0.34,-0.01197,1,0,0
0.04,0.34,0.027647,1,0,0
0.06,0.34,-0.025999,1,0,0
0.08,0.34,-0.035505,1,0,0
0.1,0.34,0.03658,1,0,0
0.12,0.34,0.01453,1,0,0
0.14,0.34,0.0201,1,0,0
0.16,0.34,0.006529,1,0,0
0.18,0.34,0.021627,1,0,0
0.2,0.34,-0.04164,1,0,0
0.22,0.34,-0.01713,1,0,0
0.24,0.34,0.021979,1,0,0
0.26,0.34,0.015364,1,0,0
0.28,0.34,0.0089726,1,0,0
0.3,0.34,0.0026304,1,0,0
0.32,0.34,0.014897,1,0,0
0.34,0.34,-0.0069293,1,0,0
0.36,0.34,0.079458,1,0,0
0.38,0.34,0.027886,1,0,0
0.4,0.34,0.021735,1,0,0
0.42,0.34,-0.0050294,1,0,0
0.44,0.34,-0.025603,1,0,0
0.46,0.34,-0.065065,1,0,0
0.48,0.34,-0.058393,1,0,0
0.5,0.34,-0.0039777,1,0,0
0.52,0.34,-0.029531,1,0,0
0.54,0.34,0.0060706,1,0,0
0.56,0.34,0.018811,1,0,0
0.58,0.34,0.054948,1,0,0
0.6,0.34,-0.016195,1,0,0
0.62,0.34,-0.010223,1,0,0
0.64,0.34,-0.040898,1,0,0
0.66,0.34,0.00087299,1,0,0
0.68,0.34,-0.020113,1,0,0
0.7,0.34,0.0216,1,0,0
0.72,0.34,-0.0049043,1,0,0
0.74,0.34,-0.010264,1,0,0
0.76,0.34,0.047685,1,0,0
0.78,0.34,0.064218,1,0,0
0.8,0.34,-0.029574,1,0,0
0.82,0.34,0.034055,1,0,0
0.84,0.34,0.045074,1,0,0
0.86,0.34,-0.024284,1,0,0
0.88,0.34,-0.012607,1,0,0
0.9,0.34,-0.029606,1,0,0
0.92,0.34,-0.025091,1,0,0
0.94,0.34,-0.057087,1,0,0
0.96,0.34,-0.027201,1,0,0
0.98,0.34,0.011699,1,0,0
0.02,0.36,-0.0076147,1,0,0
0.04,0.36,0.0022275,1,0,0
0.06,0.36,0.034933,1,0,0
0.08,0.36,0.016044,1,0,0
0.1,0.36,0.010705,1,0,0
0.12,0.36,0.0056678,1,0,0
0.14,0.36,-0.028771,1,0,0
0.16,0.36,0.029591,1,0,0
0.18,0.36,0.02034,1,0,0
0.2,0.36,-0.024909,1,0,0
0.22,0.36,0.030732,1,0,0
0.24,0.36,0.0041059,1,0,0
0.26,0.36,0.007261,1,0,0
0.28,0.36,0.043931,1,0,0
0.3,0.36,0.094432,1,0,0
0.32,0.36,-0.024332,1,0,0
0.34,0.36,0.0022718,1,0,0
0.36,0.36,-0.011514,1,0,0
0.38,0.36,-0.0080681,1,0,0
0.4,0.36,-0.02078,1,0,0
0.42,0.36,-0.0047844,1,0,0
0.44,0.36,-0.066208,1,0,0
0.46,0.36,-0.090987,1,0,0
0.48,0.36,-0.052376,1,0,0
0.5,0.36,0.0064139,1,0,0
0.52,0.36,0.018362,1,0,0
0.54,0.36,-0.028418,1,0,0
0.56,0.36,-0.029907,1,0,0
0.58,0.36,0.012719,1,0,0
0.6,0.36,-0.011612,1,0,0
0.62,0.36,-0.066897,1,0,0
0.64,0.36,0.0086849,1,0,0
0.66,0.36,-0.003802,1,0,0
0.68,0.36,-0.029057,1,0,0
0.7,0.36,0.0092638,1,0,0
0.72,0.36,0.028818,1,0,0
0.74,0.36,-0.015952,1,0,0
0.76,0.36,-0.029679,1,0,0
0.78,0.36,0.024791,1,0,0
0.8,0.36,0.0082378,1,0,0
0.82,0.36,0.031022,1,0,0
0.84,0.36,0.0020239,1,0,0
0.86,0.36,0.047862,1,0,0
0.88,0.36,-0.024673,1,0,0
0.9,0.36,-0.0062104,1,0,0
0.92,0.36,-0.015991,1,0,0
0.94,0.36,-0.019221,1,0,0
0.96,0.36,-0.038644,1,0,0
0.98,0.36,-0.056864,1,0,0
0.02,0.38,0.014638,1,0,0
0.04,0.38,0.021587,1,0,0
0.06,0.38,0.020564,1,0,0
0.08,0.38,0.036248,1,0,0
0.1,0.38,0.040263,1,0,0
0.12,0.38,0.023526,1,0,0
0.14,0.38,-0.03291,1,0,0
0.16,0.38,0.016352,1,0,0
0.18,0.38,-0.0045918,1,0,0
0.2,0.38,-0.024904,1,0,0
0.22,0.38,0.03863,1,0,0
0.24,0.38,0.013936,1,0,0
0.26,0.38,-0.0075676,1,0,0
0.28,0.38,0.025083,1,0,0
0.3,0.38,0.047194,1,0,0
0.32,0.38,0.017296,1,0,0
0.34,0.38,0.019339,1,0,0
0.36,0.38,0.025126,1,0,0
0.38,0.38,0.079121,1,0,0
0.4,0.38,0.012338,1,0,0
0.42,0.38,-0.018996,1,0,0
0.44,0.38,-0.044963,1,0,0
0.46,0.38,-0.065583,1,0,0
0.48,0.38,-0.078478,1,0,0
0.5,0.38,0.0054594,1,0,0
0.52,0.38,-0.025433,1,0,0
0.54,0.38,-0.044852,1,0,0
0.56,0.38,-0.052079,1,0,0
0.58,0.38,-0.042596,1,0,0
0.6,0.38,-0.052161,1,0,0
0.62,0.38,0.0036444,1,0,0
0.64,0.38,0.026116,1,0,0
0.66,0.38,0.039925,1,0,0
0.68,0.38,-0.027669,1,0,0
0.7,0.38,0.0098887,1,0,0
0.72,0.38,0.062214,1,0,0
0.74,0.38,-0.015003,1,0,0
0.76,0.38,0.0050121,1,0,0
0.78,0.38,0.01964,1,0,0
0.8,0.38,0.0042911,1,0,0
0.82,0.38,-0.0090206,1,0,0
0.84,0.38,-0.011115,1,0,0
0.86,0.38,-0.013828,1,0,0
0.88,0.38,-0.079315,1,0,0
0.9,0.38,-0.032278,1,0,0
0.92,0.38,-0.032583,1,0,0
0.94,0.38,-0.024302,1,0,0
0.96,0.38,-0.024582,1,0,0
0.98,0.38,-0.017238,1,0,0
0.02,0.4,-0.0025352,1,0,0
0.04,0.4,-0.053317,1,0,0
0.06,0.4,-0.0026664,1,0,0
0.08,0.4,-0.033425,1,0,0
0.1,0.4,-0.034542,1,0,0
0.12,0.4,-0.055161,1,0,0
0.14,0.4,-0.0067335,1,0,0
0.16,0.4,0.0057979,1,0,0
0.18,0.4,0.021846,1,0,0
0.2,0.4,0.011783,1,0,0
0.22,0.4,0.042408,1,0,0
0.24,0.4,0.045533,1,0,0
0.26,0.4,0.014047,1,0,0
0.28,0.4,0.036114,1,0,0
0.3,0.4,-0.023346,1,0,0
0.32,0.4,-0.026251,1,0,0
0.34,0.4,-0.068036,1,0,0
0.36,0.4,-0.0091138,1,0,0
0.38,0.4,0.036379,1,0,0
0.4,0.4,-0.00015794,1,0,0
0.42,0.4,-0.050617,1,0,0
0.44,0.4,-0.022084,1,0,0
0.46,0.4,-0.03541,1,0,0
0.48,0.4,-0.045621,1,0,0
0.5,0.4,-0.014129,1,0,0
0.52,0.4,-0.031032,1,0,0
0.54,0.4,-0.030524,1,0,0
0.56,0.4,-0.063113,1,0,0
0.58,0.4,-0.021363,1,0,0
0.6,0.4,-0.066788,1,0,0
0.62,0.4,-0.036181,1,0,0
0.64,0.4,-0.019013,1,0,0
0.66,0.4,0.0065848,1,0,0
0.68,0.4,0.0024816,1,0,0
0.7,0.4,0.020589,1,0,0
0.72,0.4,-0.024869,1,0,0
0.74,0.4,0.0025099,1,0,0
0.76,0.4,0.0040975,1,0,0
0.78,0.4,0.0051139,1,0,0
0.8,0.4,-0.002734,1,0,0
0.82,0.4,0.0039632,1,0,0
0.84,0.4,-0.038785,1,0,0
0.86,0.4,-0.0018352,1,0,0
0.88,0.4,-0.076798,1,0,0
0.9,0.4,-0.021894,1,0,0
0.92,0.4,-0.024947,1,0,0
0.94,0.4,-0.0023159,1,0,0
0.96,0.4,-0.022065,1,0,0
0.98,0.4,-0.057028,1,0,0
0.02,0.42,0.027422,1,0,0
0.04,0.42,-0.028096,1,0,0
0.06,0.42,-0.026607,1,0,0
0.08,0.42,-0.030299,1,0,0
0.1,0.42,-0.01621,1,0,0
0.12,0.42,-0.0022777,1,0,0
0.14,0.42,-0.016602,1,0,0
0.16,0.42,0.022504,1,0,0
0.18,0.42,0.015379,1,0,0
0.2,0.42,0.0042317,1,0,0
0.22,0.42,0.052749,1,0,0
0.24,0.42,0.085723,1,0,0
0.26,0.42,0.022041,1,0,0
0.28,0.42,0.028637,1,0,0
0.3,0.42,-0.0066985,1,0,0
0.32,0.42,0.048315,1,0,0
0.34,0.42,0.047457,1,0,0
0.36,0.42,-0.012777,1,0,0
0.38,0.42,0.026015,1,0,0
0.4,0.42,0.0057164,1,0,0
0.42,0.42,-0.048318,1,0,0
0.44,0.42,-0.051551,1,0,0
0.46,0.42,-0.038276,1,0,0
0.48,0.42,-0.093956,1,0,0
0.5,0.42,-0.091383,1,0,0
0.52,0.42,-0.077061,1,0,0
0.54,0.42,-0.056466,1,0,0
0.56,0.42,-0.042315,1,0,0
0.58,0.42,-0.051993,1,0,0
0.6,0.42,0.028048,1,0,0
0.62,0.42,0.0075443,1,0,0
0.64,0.42,0.017544,1,0,0
0.66,0.42,-0.011587,1,0,0
0.68,0.42,-0.034796,1,0,0
0.7,0.42,-0.017775,1,0,0
0.72,0.42,-0.041574,1,0,0
0.74,0.42,0.018236,1,0,0
0.76,0.42,-0.023145,1,0,0
0.78,0.42,0.02523,1,0,0
0.8,0.42,-0.083706,1,0,0
0.82,0.42,0.059674,1,0,0
0.84,0.42,0.011195,1,0,0
0.86,0.42,0.047323,1,0,0
0.88,0.42,-0.0082767,1,0,0
0.9,0.42,-0.0075776,1,0,0
0.92,0.42,-0.042601,1,0,0
0.94,0.42,-0.019358,1,0,0
0.96,0.42,-0.066893,1,0,0
0.98,0.42,-0.040156,1,0,0
0.02,0.44,-0.0019668,1,0,0
0.04,0.44,-0.022582,1,0,0
0.06,0.44,-0.05839,1,0,0
0.08,0.44,-0.026633,1,0,0
0.1,0.44,0.01322,1,0,0
0.12,0.44,0.0081321,1,0,0
0.14,0.44,-0.04068,1,0,0
0.16,0.44,-0.0064318,1,0,0
0.18,0.44,0.0090194,1,0,0
0.2,0.44,-0.016437,1,0,0
0.22,0.44,-0.0026077,1,0,0
0.24,0.44,0.047441,1,0,0
0.26,0.44,-0.0071134,1,0,0
0.28,0.44,0.035186,1,0,0
0.3,0.44,0.022633,1,0,0
0.32,0.44,0.068542,1,0,0
0.34,0.44,-0.011523,1,0,0
0.36,0.44,-0.033348,1,0,0
0.38,0.44,-0.036196,1,0,0
0.4,0.44,-0.0098603,1,0,0
0.42,0.44,-0.037504,1,0,0
0.44,0.44,-0.053833,1,0,0
0.46,0.44,-0.033344,1,0,0
0.48,0.44,-0.070032,1,0,0
0.5,0.44,-0.030569,1,0,0
0.52,0.44,-0.056564,1,0,0
0.54,0.44,-0.085081,1,0,0
0.56,0.44,-0.069259,1,0,0
0.58,0.44,-0.046942,1,0,0
0.6,0.44,-0.084248,1,0,0
0.62,0.44,-0.0029562,1,0,0
0.64,0.44,-0.034734,1,0,0
0.66,0.44,0.0056602,1,0,0
0.68,0.44,-0.012527,1,0,0
0.7,0.44,0.020958,1,0,0
0.72,0.44,-0.045902,1,0,0
0.74,0.44,-0.089086,1,0,0
0.76,0.44,0.0036303,1,0,0
0.78,0.44,0.0013351,1,0,0
0.8,0.44,-0.055779,1,0,0
0.82,0.44,0.00036874,1,0,0
0.84,0.44,0.012681,1,0,0
0.86,0.44,-0.010733,1,0,0
0.88,0.44,-0.041791,1,0,0
0.9,0.44,0.06461,1,0,0
0.92,0.44,-0.036675,1,0,0
0.94,0.44,-0.088163,1,0,0
0.96,0.44,-0.12546,1,0,0
0.98,0.44,-0.034163,1,0,0
0.02,0.46,0.032082,1,0,0
0.04,0.46,-0.055443,1,0,0
0.06,0.46,-0.04738,1,0,0
0.08,0.46,-0.022295,1,0,0
0.1,0.46,-0.078779,1,0,0
0.12,0.46,-0.028811,1,0,0
0.14,0.46,0.00028618,1,0,0
0.16,0.46,-0.004609,1,0,0
0.18,0.46,-0.10625,1,0,0
0.2,0.46,0.017669,1,0,0
0.22,0.46,0.090637,1,0,0
0.24,0.46,0.006928,1,0,0
0.26,0.46,-0.022769,1,0,0
0.28,0.46,-0.024768,1,0,0
0.3,0.46,-0.04754,1,0,0
0.32,0.46,-0.034265,1,0,0
0.34,0.46,-0.0080401,1,0,0
0.36,0.46,-0.01409,1,0,0
0.38,0.46,-0.03351,1,0,0
0.4,0.46,-0.069507,1,0,0
0.42,0.46,-0.054668,1,0,0
0.44,0.46,-0.068031,1,0,0
0.46,0.46,-0.030414,1,0,0
0.48,0.46,-0.054461,1,0,0
0.5,0.46,-0.065815,1,0,0
0.52,0.46,-0.071145,1,0,0
0.54,0.46,-0.091047,1,0,0
0.56,0.46,-0.10219,1,0,0
0.58,0.46,-0.10899,1,0,0
0.6,0.46,-0.092928,1,0,0
0.62,0.46,-0.040334,1,0,0
0.64,0.46,-0.029341,1,0,0
0.66,0.46,-0.025771,1,0,0
0.68,0.46,-0.035565,1,0,0
0.7,0.46,-0.040739,1,0,0
0.72,0.46,-0.031446,1,0,0
0.74,0.46,-0.0067087,1,0,0
0.76,0.46,-0.014596,1,0,0
0.78,0.46,-0.044654,1,0,0
0.8,0.46,-0.034917,1,0,0
0.82,0.46,-0.049501,1,0,0
0.84,0.46,-0.08042,1,0,0
0.86,0.46,-0.018966,1,0,0
0.88,0.46,-0.042476,1,0,0
0.9,0.46,-0.026851,1,0,0
0.92,0.46,-0.063659,1,0,0
0.94,0.46,0.00022038,1,0,0
0.96,0.46,0.0060101,1,0,0
0.98,0.46,-0.018298,1,0,0
0.02,0.48,-0.01213,1,0,0
0.04,0.48,0.047514,1,0,0
0.06,0.48,-0.0075296,1,0,0
0.08,0.48,0.027348,1,0,0
0.1,0.48,-0.024294,1,0,0
0.12,0.48,-0.021369,1,0,0
0.14,0.48,0.011498,1,0,0
0.16,0.48,0.020737,1,0,0
0.18,0.48,-0.018271,1,0,0
0.2,0.48,0.040673,1,0,0
0.22,0.48,0.013187,1,0,0
0.24,0.48,0.0056472,1,0,0
0.26,0.48,0.048308,1,0,0
0.28,0.48,-0.0082028,1,0,0
0.3,0.48,0.016993,1,0,0
0.32,0.48,-0.044754,1,0,0
0.34,0.48,0.02364,1,0,0
0.36,0.48,0.00090663,1,0,0
0.38,0.48,-0.046684,1,0,0
0.4,0.48,-0.046697,1,0,0
0.42,0.48,-0.031984,1,0,0
0.44,0.48,-0.062785,1,0,0
0.46,0.48,0.003928,1,0,0
0.48,0.48,-0.063712,1,0,0
0.5,0.48,-0.045199,1,0,0
0.52,0.48,-0.068504,1,0,0
0.54,0.48,-0.049849,1,0,0
0.56,0.48,-0.093924,1,0,0
0.58,0.48,-0.034893,1,0,0
0.6,0.48,-0.03286,1,0,0
0.62,0.48,-0.087093,1,0,0
0.64,0.48,-0.032752,1,0,0
0.66,0.48,-0.02204,1,0,0
0.68,0.48,0.012116,1,0,0
0.7,0.48,-0.086444,1,0,0
0.72,0.48,-0.047131,1,0,0
0.74,0.48,-0.045996,1,0,0
0.76,0.48,0.014908,1,0,0
0.78,0.48,-0.0099011,1,0,0
0.8,0.48,-0.021418,1,0,0
0.82,0.48,-0.014899,1,0,0
0.84,0.48,-0.016054,1,0,0
0.86,0.48,-0.049984,1,0,0
0.88,0.48,0.017131,1,0,0
0.9,0.48,0.010913,1,0,0
0.92,0.48,-0.0076256,1,0,0
0.94,0.48,0.0083918,1,0,0
0.96,0.48,-0.013144,1,0,0
0.98,0.48,0.043202,1,0,0
0.02,0.5,0.023704,1,0,0
0.04,0.5,0.019974,1,0,0
0.06,0.5,0.00747,1,0,0
0.08,0.5,0.0048123,1,0,0
0.1,0.5,0.00852,1,0,0
0.12,0.5,-0.01552,1,0,0
0.14,0.5,-0.010818,1,0,0
0.16,0.5,-0.02011,1,0,0
0.18,0.5,-0.021593,1,0,0
0.2,0.5,-0.036756,1,0,0
0.22,0.5,0.064498,1,0,0
0.24,0.5,0.061902,1,0,0
0.26,0.5,0.030167,1,0,0
0.28,0.5,0.032147,1,0,0
0.3,0.5,0.059971,1,0,0
0.32,0.5,0.015054,1,0,0
0.34,0.5,-0.0044108,1,0,0
0.36,0.5,-0.045143,1,0,0
0.38,0.5,-0.094952,1,0,0
0.4,0.5,-0.020318,1,0,0
0.42,0.5,-0.0013901,1,0,0
0.44,0.5,-0.057971,1,0,0
0.46,0.5,-0.034737,1,0,0
0.48,0.5,-0.050404,1,0,0
0.5,0.5,0.012932,1,0,0
0.52,0.5,-0.023828,1,0,0
0.54,0.5,-0.058052,1,0,0
0.56,0.5,-0.12808,1,0,0
0.58,0.5,-0.024903,1,0,0
0.6,0.5,-0.0041507,1,0,0
0.62,0.5,-0.062275,1,0,0
0.64,0.5,-0.0215,1,0,0
0.66,0.5,-0.045925,1,0,0
0.68,0.5,-0.020493,1,0,0
0.7,0.5,-0.044799,1,0,0
0.72,0.5,0.0079645,1,0,0
0.74,0.5,0.011962,1,0,0
0.76,0.5,0.023782,1,0,0
0.78,0.5,-0.013,1,0,0
0.8,0.5,-0.023228,1,0,0
0.82,0.5,-0.038384,1,0,0
0.84,0.5,0.0017137,1,0,0
0.86,0.5,-0.067272,1,0,0
0.88,0.5,0.026233,1,0,0
0.9,0.5,0.0054611,1,0,0
0.92,0.5,0.0039025,1,0,0
0.94,0.5,0.0070101,1,0,0
0.96,0.5,0.0029889,1,0,0
0.98,0.5,0.0024737,1,0,0
0.02,0.52,-0.0052163,1,0,0
0.04,0.52,0.011585,1,0,0
0.06,0.52,-0.0091316,1,0,0
0.08,0.52,-0.006352,1,0,0
0.1,0.52,0.0090644,1,0,0
0.12,0.52,0.0050625,1,0,0
0.14,0.52,-0.0033399,1,0,0
0.16,0.52,-0.0062348,1,0,0
0.18,0.52,-0.01049,1,0,0
0.2,0.52,0.038388,1,0,0
0.22,0.52,-0.0059515,1,0,0
0.24,0.52,0.036599,1,0,0
0.26,0.52,0.065035,1,0,0
0.28,0.52,0.03445,1,0,0
0.3,0.52,0.036741,1,0,0
0.32,0.52,-0.035699,1,0,0
0.34,0.52,-0.047237,1,0,0
0.36,0.52,-0.073504,1,0,0
0.38,0.52,-0.078079,1,0,0
0.4,0.52,-0.029887,1,0,0
0.42,0.52,-0.024136,1,0,0
0.44,0.52,-0.086324,1,0,0
0.46,0.52,-0.062906,1,0,0
0.48,0.52,-0.041751,1,0,0
0.5,0.52,-0.027324,1,0,0
0.52,0.52,-0.023727,1,0,0
0.54,0.52,-0.072168,1,0,0
0.56,0.52,-0.05628,1,0,0
0.58,0.52,-0.061242,1,0,0
0.6,0.52,-0.03393,1,0,0
0.62,0.52,-0.0683,1,0,0
0.64,0.52,-0.079185,1,0,0
0.66,0.52,-0.081413,1,0,0
0.68,0.52,-0.060695,1,0,0
0.7,0.52,-0.029564,1,0,0
0.72,0.52,0.0051976,1,0,0
0.74,0.52,0.0098578,1,0,0
0.76,0.52,0.0067815,1,0,0
0.78,0.52,0.03584,1,0,0
0.8,0.52,-0.025129,1,0,0
0.82,0.52,-0.027292,1,0,0
0.84,0.52,-0.046743,1,0,0
0.86,0.52,-0.032099,1,0,0
0.88,0.52,0.0049572,1,0,0
0.9,0.52,0.013386,1,0,0
0.92,0.52,0.011574,1,0,0
0.94,0.52,0.010657,1,0,0
0.96,0.52,-0.0033032,1,0,0
0.98,0.52,-0.03816,1,0,0
0.02,0.54,-0.064894,1,0,0
0.04,0.54,0.005778,1,0,0
0.06,0.54,-0.023039,1,0,0
0.08,0.54,-0.074621,1,0,0
0.1,0.54,-0.035275,1,0,0
0.12,0.54,0.0056576,1,0,0
0.14,0.54,-0.035808,1,0,0
0.16,0.54,0.019969,1,0,0
0.18,0.54,0.004256,1,0,0
0.2,0.54,0.019657,1,0,0
0.22,0.54,0.033794,1,0,0
0.24,0.54,0.070329,1,0,0
0.26,0.54,0.093544,1,0,0
0.28,0.54,0.0091831,1,0,0
0.3,0.54,0.031138,1,0,0
0.32,0.54,-0.031747,1,0,0
0.34,0.54,-0.073949,1,0,0
0.36,0.54,-0.043467,1,0,0
0.38,0.54,-0.030096,1,0,0
0.4,0.54,0.0011408,1,0,0
0.42,0.54,-0.022817,1,0,0
0.44,0.54,-0.034475,1,0,0
0.46,0.54,-0.054724,1,0,0
0.48,0.54,-0.061621,1,0,0
0.5,0.54,-0.080095,1,0,0
0.52,0.54,-0.052058,1,0,0
0.54,0.54,-0.075336,1,0,0
0.56,0.54,-0.076979,1,0,0
0.58,0.54,-0.025791,1,0,0
0.6,0.54,-0.015098,1,0,0
0.62,0.54,-0.071153,1,0,0
0.64,0.54,-0.00552,1,0,0
0.66,0.54,-0.068126,1,0,0
0.68,0.54,-0.07328,1,0,0
0.7,0.54,-0.024159,1,0,0
0.72,0.54,-0.017078,1,0,0
0.74,0.54,0.013837,1,0,0
0.76,0.54,-0.0041923,1,0,0
0.78,0.54,0.017939,1,0,0
0.8,0.54,-0.0064278,1,0,0
0.82,0.54,-0.04704,1,0,0
0.84,0.54,-0.022791,1,0,0
0.86,0.54,0.020249,1,0,0
0.88,0.54,-0.021806,1,0,0
0.9,0.54,-0.017911,1,0,0
0.92,0.54,-0.011365,1,0,0
0.94,0.54,-0.043114,1,0,0
0.96,0.54,-0.037559,1,0,0
0.98,0.54,-0.0456,1,0,0
0.02,0.56,-0.073038,1,0,0
0.04,0.56,-0.026254,1,0,0
0.06,0.56,-0.020598,1,0,0
0.08,0.56,0.01141,1,0,0
0.1,0.56,-0.032642,1,0,0
0.12,0.56,-0.038073,1,0,0
0.14,0.56,0.025694,1,0,0
0.16,0.56,0.06225,1,0,0
0.18,0.56,-0.0084125,1,0,0
0.2,0.56,0.030182,1,0,0
0.22,0.56,0.081181,1,0,0
0.24,0.56,0.08788,1,0,0
0.26,0.56,0.039672,1,0,0
0.28,0.56,0.060453,1,0,0
0.3,0.56,0.0096367,1,0,0
0.32,0.56,-0.053735,1,0,0
0.34,0.56,-0.058819,1,0,0
0.36,0.56,-0.0034217,1,0,0
0.38,0.56,-0.095923,1,0,0
0.4,0.56,0.0084188,1,0,0
0.42,0.56,-0.0025584,1,0,0
0.44,0.56,-0.0021662,1,0,0
0.46,0.56,-0.045003,1,0,0
0.48,0.56,-0.035403,1,0,0
0.5,0.56,-0.016106,1,0,0
0.52,0.56,-0.068377,1,0,0
0.54,0.56,-0.088077,1,0,0
0.56,0.56,-0.088581,1,0,0
0.58,0.56,-0.035306,1,0,0
0.6,0.56,-0.025086,1,0,0
0.62,0.56,-0.073572,1,0,0
0.64,0.56,-0.080879,1,0,0
0.66,0.56,0.011361,1,0,0
0.68,0.56,-0.053617,1,0,0
0.7,0.56,-0.025135,1,0,0
0.72,0.56,-0.0098564,1,0,0
0.74,0.56,0.0028662,1,0,0
0.76,0.56,0.0094022,1,0,0
0.78,0.56,0.0088998,1,0,0
0.8,0.56,-0.017175,1,0,0
0.82,0.56,-0.014455,1,0,0
0.84,0.56,0.021594,1,0,0
0.86,0.56,0.012522,1,0,0
0.88,0.56,0.056326,1,0,0
0.9,0.56,-0.0094231,1,0,0
0.92,0.56,-0.031288,1,0,0
0.94,0.56,-0.0061019,1,0,0
0.96,0.56,-0.041014,1,0,0
0.98,0.56,-0.00767,1,0,0
0.02,0.58,-0.048321,1,0,0
0.04,0.58,-0.047911,1,0,0
0.06,0.58,-0.03196,1,0,0
0.08,0.58,0.0047735,1,0,0
0.1,0.58,-0.045968,1,0,0
0.12,0.58,0.028502,1,0,0
0.14,0.58,-0.021317,1,0,0
0.16,0.58,-0.017326,1,0,0
0.18,0.58,-0.018334,1,0,0
0.2,0.58,-0.011149,1,0,0
0.22,0.58,0.063883,1,0,0
0.24,0.58,0.035376,1,0,0
0.26,0.58,-0.025033,1,0,0
0.28,0.58,0.0061994,1,0,0
0.3,0.58,-0.0076427,1,0,0
0.32,0.58,-0.03237,1,0,0
0.34,0.58,-0.01581,1,0,0
0.36,0.58,-0.015663,1,0,0
0.38,0.58,-0.029226,1,0,0
0.4,0.58,0.013407,1,0,0
0.42,0.58,0.0033747,1,0,0
0.44,0.58,-0.0058327,1,0,0
0.46,0.58,-0.066508,1,0,0
0.48,0.58,-0.042527,1,0,0
0.5,0.58,-0.0035979,1,0,0
0.52,0.58,-0.0289,1,0,0
0.54,0.58,-0.10618,1,0,0
0.56,0.58,-0.10043,1,0,0
0.58,0.58,-0.11969,1,0,0
0.6,0.58,-0.076146,1,0,0
0.62,0.58,-0.080616,1,0,0
0.64,0.58,-0.058079,1,0,0
0.66,0.58,-0.027614,1,0,0
0.68,0.58,-0.0084807,1,0,0
0.7,0.58,0.014634,1,0,0
0.72,0.58,-0.053695,1,0,0
0.74,0.58,-0.036366,1,0,0
0.76,0.58,-0.040476,1,0,0
0.78,0.58,-0.039668,1,0,0
0.8,0.58,-0.0091818,1,0,0
0.82,0.58,-0.0083266,1,0,0
0.84,0.58,-0.033402,1,0,0
0.86,0.58,-0.030314,1,0,0
0.88,0.58,-0.014632,1,0,0
0.9,0.58,0.038751,1,0,0
0.92,0.58,-0.022292,1,0,0
0.94,0.58,-0.028892,1,0,0
0.96,0.58,-0.049038,1,0,0
0.98,0.58,-0.042236,1,0,0
0.02,0.6,-0.038997,1,0,0
0.04,0.6,-0.033404,1,0,0
0.06,0.6,-0.017768,1,0,0
0.08,0.6,-0.052294,1,0,0
0.1,0.6,-0.038753,1,0,0
0.12,0.6,-0.002984,1,0,0
0.14,0.6,0.013332,1,0,0
0.16,0.6,0.00076636,1,0,0
0.18,0.6,-0.038898,1,0,0
0.2,0.6,0.020008,1,0,0
0.22,0.6,0.041938,1,0,0
0.24,0.6,0.046846,1,0,0
0.26,0.6,0.036899,1,0,0
0.28,0.6,-0.027549,1,0,0
0.3,0.6,-0.014007,1,0,0
0.32,0.6,0.013219,1,0,0
0.34,0.6,0.028918,1,0,0
0.36,0.6,0.000373,1,0,0
0.38,0.6,0.041214,1,0,0
0.4,0.6,0.018652,1,0,0
0.42,0.6,-0.056975,1,0,0
0.44,0.6,0.022439,1,0,0
0.46,0.6,-0.00096439,1,0,0
0.48,0.6,0.019608,1,0,0
0.5,0.6,-0.014329,1,0,0
0.52,0.6,-0.04397,1,0,0
0.54,0.6,0.0093059,1,0,0
0.56,0.6,-0.0288,1,0,0
0.58,0.6,-0.081199,1,0,0
0.6,0.6,-0.046517,1,0,0
0.62,0.6,-0.033784,1,0,0
0.64,0.6,-0.04219,1,0,0
0.66,0.6,-0.037526,1,0,0
0.68,0.6,-0.023064,1,0,0
0.7,0.6,-0.073537,1,0,0
0.72,0.6,-0.11428,1,0,0
0.74,0.6,-0.056691,1,0,0
0.76,0.6,-0.026458,1,0,0
0.78,0.6,-0.031041,1,0,0
0.8,0.6,0.025013,1,0,0
0.82,0.6,0.0091583,1,0,0
0.84,0.6,0.0092496,1,0,0
0.86,0.6,0.044696,1,0,0
0.88,0.6,0.02807,1,0,0
0.9,0.6,-0.016896,1,0,0
0.92,0.6,-0.05702,1,0,0
0.94,0.6,0.0077358,1,0,0
0.96,0.6,-0.011108,1,0,0
0.98,0.6,-0.02838,1,0,0
0.02,0.62,0.036964,1,0,0
0.04,0.62,-0.032962,1,0,0
0.06,0.62,0.024192,1,0,0
0.08,0.62,-0.056575,1,0,0
0.1,0.62,-0.0028293,1,0,0
0.12,0.62,-0.047319,1,0,0
0.14,0.62,-0.032504,1,0,0
0.16,0.62,-0.010197,1,0,0
0.18,0.62,-0.038657,1,0,0
0.2,0.62,-0.03567,1,0,0
0.22,0.62,-0.011709,1,0,0
0.24,0.62,0.057694,1,0,0
0.26,0.62,0.040564,1,0,0
0.28,0.62,0.033563,1,0,0
0.3,0.62,0.029632,1,0,0
0.32,0.62,0.02411,1,0,0
0.34,0.62,0.034877,1,0,0
0.36,0.62,0.017903,1,0,0
0.38,0.62,-0.0040176,1,0,0
0.4,0.62,0.015326,1,0,0
0.42,0.62,-0.029514,1,0,0
0.44,0.62,0.018705,1,0,0
0.46,0.62,0.010471,1,0,0
0.48,0.62,-0.011941,1,0,0
0.5,0.62,-0.038746,1,0,0
0.52,0.62,-0.085551,1,0,0
0.54,0.62,-0.047071,1,0,0
0.56,0.62,-0.070263,1,0,0
0.58,0.62,-0.091807,1,0,0
0.6,0.62,-0.060277,1,0,0
0.62,0.62,-0.066404,1,0,0
0.64,0.62,0.002639,1,0,0
0.66,0.62,-0.031135,1,0,0
0.68,0.62,-0.029481,1,0,0
0.7,0.62,-0.034783,1,0,0
0.72,0.62,-0.11914,1,0,0
0.74,0.62,-0.036123,1,0,0
0.76,0.62,-0.056416,1,0,0
0.78,0.62,-0.018739,1,0,0
0.8,0.62,-0.05037,1,0,0
0.82,0.62,-0.0058478,1,0,0
0.84,0.62,0.020504,1,0,0
0.86,0.62,0.044747,1,0,0
0.88,0.62,0.016112,1,0,0
0.9,0.62,0.014781,1,0,0
0.92,0.62,0.069991,1,0,0
0.94,0.62,-0.042054,1,0,0
0.96,0.62,0.0079554,1,0,0
0.98,0.62,-0.017666,1,0,0
0.02,0.64,-0.065615,1,0,0
0.04,0.64,-0.080741,1,0,0
0.06,0.64,-0.081849,1,0,0
0.08,0.64,-0.10306,1,0,0
0.1,0.64,-0.052543,1,0,0
0.12,0.64,-0.067541,1,0,0
0.14,0.64,-0.048865,1,0,0
0.16,0.64,-0.011434,1,0,0
0.18,0.64,-0.019962,1,0,0
0.2,0.64,-0.095053,1,0,0
0.22,0.64,0.0032646,1,0,0
0.24,0.64,0.011936,1,0,0
0.26,0.64,-0.042128,1,0,0
0.28,0.64,-0.055444,1,0,0
0.3,0.64,0.00093554,1,0,0
0.32,0.64,0.006939,1,0,0
0.34,0.64,-0.014291,1,0,0
0.36,0.64,-0.022864,1,0,0
0.38,0.64,0.029373,1,0,0
0.4,0.64,0.016669,1,0,0
0.42,0.64,-0.0049471,1,0,0
0.44,0.64,0.039497,1,0,0
0.46,0.64,-0.012171,1,0,0
0.48,0.64,-0.082434,1,0,0
0.5,0.64,-0.046957,1,0,0
0.52,0.64,-0.061339,1,0,0
0.54,0.64,-0.10433,1,0,0
0.56,0.64,-0.090634,1,0,0
0.58,0.64,-0.11285,1,0,0
0.6,0.64,-0.076974,1,0,0
0.62,0.64,-0.12487,1,0,0
0.64,0.64,-0.091378,1,0,0
0.66,0.64,-0.057005,1,0,0
0.68,0.64,-0.099967,1,0,0
0.7,0.64,-0.073488,1,0,0
0.72,0.64,-0.052126,1,0,0
0.74,0.64,-0.063558,1,0,0
0.76,0.64,-0.039214,1,0,0
0.78,0.64,-0.024574,1,0,0
0.8,0.64,-0.053163,1,0,0
0.82,0.64,-0.03373,1,0,0
0.84,0.64,-0.012124,1,0,0
0.86,0.64,-0.018699,1,0,0
0.88,0.64,-0.077624,1,0,0
0.9,0.64,-0.03366,1,0,0
0.92,0.64,-0.050042,1,0,0
0.94,0.64,-0.051944,1,0,0
0.96,0.64,-0.07775,1,0,0
0.98,0.64,-0.056005,1,0,0
0.02,0.66,-0.075124,1,0,0
0.04,0.66,-0.035997,1,0,0
0.06,0.66,-0.071091,1,0,0
0.08,0.66,-0.059741,1,0,0
0.1,0.66,-0.076313,1,0,0
0.12,0.66,-0.022454,1,0,0
0.14,0.66,-0.04123,1,0,0
0.16,0.66,-0.065684,1,0,0
0.18,0.66,-0.042185,1,0,0
0.2,0.66,-0.043599,1,0,0
0.22,0.66,-0.043561,1,0,0
0.24,0.66,-0.0041585,1,0,0
0.26,0.66,0.016791,1,0,0
0.28,0.66,0.014477,1,0,0
0.3,0.66,0.028975,1,0,0
0.32,0.66,0.018079,1,0,0
0.34,0.66,-0.015448,1,0,0
0.36,0.66,0.0029282,1,0,0
0.38,0.66,0.016141,1,0,0
0.4,0.66,0.02302,1,0,0
0.42,0.66,-0.005241,1,0,0
0.44,0.66,-0.015479,1,0,0
0.46,0.66,-0.021084,1,0,0
0.48,0.66,-0.071674,1,0,0
0.5,0.66,-0.012089,1,0,0
0.52,0.66,-0.037154,1,0,0
0.54,0.66,-0.049495,1,0,0
0.56,0.66,-0.10239,1,0,0
0.58,0.66,-0.076168,1,0,0
0.6,0.66,-0.10531,1,0,0
0.62,0.66,-0.065205,1,0,0
0.64,0.66,-0.10927,1,0,0
0.66,0.66,-0.075166,1,0,0
0.68,0.66,-0.054519,1,0,0
0.7,0.66,-0.056599,1,0,0
0.72,0.66,-0.023794,1,0,0
0.74,0.66,-0.040483,1,0,0
0.76,0.66,-0.027895,1,0,0
0.78,0.66,-0.10454,1,0,0
0.8,0.66,-0.019711,1,0,0
0.82,0.66,-0.032066,1,0,0
0.84,0.66,-0.019784,1,0,0
0.86,0.66,-0.012044,1,0,0
0.88,0.66,-0.073227,1,0,0
0.9,0.66,-0.037525,1,0,0
0.92,0.66,-0.029574,1,0,0
0.94,0.66,0.018461,1,0,0
0.96,0.66,-0.054447,1,0,0
0.98,0.66,-0.016525,1,0,0
0.02,0.68,-0.079216,1,0,0
0.04,0.68,-0.021486,1,0,0
0.06,0.68,-0.004969,1,0,0
0.08,0.68,-0.043416,1,0,0
0.1,0.68,-0.044242,1,0,0
0.12,0.68,-0.04003,1,0,0
0.14,0.68,-0.043091,1,0,0
0.16,0.68,0.036376,1,0,0
0.18,0.68,-0.064241,1,0,0
0.2,0.68,-0.016991,1,0,0
0.22,0.68,-0.064798,1,0,0
0.24,0.68,-0.0037589,1,0,0
0.26,0.68,0.0065035,1,0,0
0.28,0.68,0.027754,1,0,0
0.3,0.68,0.045074,1,0,0
0.32,0.68,-0.0011888,1,0,0
0.34,0.68,0.0017329,1,0,0
0.36,0.68,0.022923,1,0,0
0.38,0.68,0.055507,1,0,0
0.4,0.68,-0.035306,1,0,0
0.42,0.68,0.02021,1,0,0
0.44,0.68,0.0012646,1,0,0
0.46,0.68,-0.034682,1,0,0
0.48,0.68,-0.018391,1,0,0
0.5,0.68,-0.018302,1,0,0
0.52,0.68,-0.030971,1,0,0
0.54,0.68,0.0001904,1,0,0
0.56,0.68,-0.035668,1,0,0
0.58,0.68,-0.061259,1,0,0
0.6,0.68,-0.13734,1,0,0
0.62,0.68,-0.098997,1,0,0
0.64,0.68,-0.029436,1,0,0
0.66,0.68,-0.073306,1,0,0
0.68,0.68,-0.092053,1,0,0
0.7,0.68,-0.043297,1,0,0
0.72,0.68,-0.03244,1,0,0
0.74,0.68,-0.0062708,1,0,0
0.76,0.68,-0.00076779,1,0,0
0.78,0.68,-0.029682,1,0,0
0.8,0.68,-0.0066018,1,0,0
0.82,0.68,0.021945,1,0,0
0.84,0.68,0.03043,1,0,0
0.86,0.68,0.031219,1,0,0
0.88,0.68,-0.04109,1,0,0
0.9,0.68,-0.016991,1,0,0
0.92,0.68,-0.057051,1,0,0
0.94,0.68,0.02295,1,0,0
0.96,0.68,-0.0048322,1,0,0
0.98,0.68,-0.031947,1,0,0
0.02,0.7,-0.10828,1,0,0
0.04,0.7,0.015541,1,0,0
0.06,0.7,-0.091916,1,0,0
0.08,0.7,-0.066318,1,0,0
0.1,0.7,-0.083692,1,0,0
0.12,0.7,-0.083554,1,0,0
0.14,0.7,-0.051662,1,0,0
0.16,0.7,-0.023777,1,0,0
0.18,0.7,0.013074,1,0,0
0.2,0.7,0.010769,1,0,0
0.22,0.7,-0.044865,1,0,0
0.24,0.7,0.0051015,1,0,0
0.26,0.7,-0.026537,1,0,0
0.28,0.7,0.0013161,1,0,0
0.3,0.7,-0.025515,1,0,0
0.32,0.7,-0.049413,1,0,0
0.34,0.7,0.0070273,1,0,0
0.36,0.7,-0.0056764,1,0,0
0.38,0.7,-0.027038,1,0,0
0.4,0.7,0.025012,1,0,0
0.42,0.7,0.066048,1,0,0
0.44,0.7,-0.082432,1,0,0
0.46,0.7,0.0027254,1,0,0
0.48,0.7,-0.033401,1,0,0
0.5,0.7,-0.032661,1,0,0
0.52,0.7,-0.044272,1,0,0
0.54,0.7,-0.024109,1,0,0
0.56,0.7,-0.061535,1,0,0
0.58,0.7,-0.07131,1,0,0
0.6,0.7,-0.060142,1,0,0
0.62,0.7,-0.087961,1,0,0
0.64,0.7,-0.08093,1,0,0
0.66,0.7,-0.063736,1,0,0
0.68,0.7,-0.061337,1,0,0
0.7,0.7,-0.072984,1,0,0
0.72,0.7,-0.067168,1,0,0
0.74,0.7,-0.048284,1,0,0
0.76,0.7,-0.015856,1,0,0
0.78,0.7,-0.040848,1,0,0
0.8,0.7,-0.048143,1,0,0
0.82,0.7,0.060095,1,0,0
0.84,0.7,0.050728,1,0,0
0.86,0.7,0.005299,1,0,0
0.88,0.7,-0.045804,1,0,0
0.9,0.7,-0.012783,1,0,0
0.92,0.7,-0.095932,1,0,0
0.94,0.7,-0.041775,1,0,0
0.96,0.7,-0.065576,1,0,0
0.98,0.7,-0.035234,1,0,0
0.02,0.72,-0.036823,1,0,0
0.04,0.72,-0.036267,1,0,0
0.06,0.72,-0.068114,1,0,0
0.08,0.72,-0.089893,1,0,0
0.1,0.72,-0.028685,1,0,0
0.12,0.72,-0.03291,1,0,0
0.14,0.72,-0.015992,1,0,0
0.16,0.72,-0.036339,1,0,0
0.18,0.72,-0.021953,1,0,0
0.2,0.72,-0.01868,1,0,0
0.22,0.72,-0.024046,1,0,0
0.24,0.72,-0.017749,1,0,0
0.26,0.72,-0.046754,1,0,0
0.28,0.72,-0.029444,1,0,0
0.3,0.72,-0.075419,1,0,0
0.32,0.72,-0.077398,1,0,0
0.34,0.72,-0.045394,1,0,0
0.36,0.72,-0.057203,1,0,0
0.38,0.72,-0.011253,1,0,0
0.4,0.72,0.028444,1,0,0
0.42,0.72,0.053449,1,0,0
0.44,0.72,-0.043228,1,0,0
0.46,0.72,-0.014341,1,0,0
0.48,0.72,-0.061304,1,0,0
0.5,0.72,-0.05471,1,0,0
0.52,0.72,-0.03874,1,0,0
0.54,0.72,-0.047892,1,0,0
0.56,0.72,-0.089316,1,0,0
0.58,0.72,-0.077895,1,0,0
0.6,0.72,-0.047438,1,0,0
0.62,0.72,-0.088255,1,0,0
0.64,0.72,-0.10362,1,0,0
0.66,0.72,-0.061135,1,0,0
0.68,0.72,-0.074543,1,0,0
0.7,0.72,-0.046952,1,0,0
0.72,0.72,-0.06549,1,0,0
0.74,0.72,-0.067033,1,0,0
0.76,0.72,-0.039921,1,0,0
0.78,0.72,-0.038519,1,0,0
0.8,0.72,0.0028134,1,0,0
0.82,0.72,0.062869,1,0,0
0.84,0.72,0.046532,1,0,0
0.86,0.72,-0.0064495,1,0,0
0.88,0.72,-0.045253,1,0,0
0.9,0.72,0.029153,1,0,0
0.92,0.72,-0.073108,1,0,0
0.94,0.72,-0.056534,1,0,0
0.96,0.72,-0.049386,1,0,0
0.98,0.72,-0.06374,1,0,0
0.02,0.74,-0.065578,1,0,0
0.04,0.74,-0.076198,1,0,0
0.06,0.74,-0.067066,1,0,0
0.08,0.74,-0.025708,1,0,0
0.1,0.74,0.034607,1,0,0
0.12,0.74,-0.018773,1,0,0
0.14,0.74,0.073753,1,0,0
0.16,0.74,0.0052859,1,0,0
0.18,0.74,-0.080948,1,0,0
0.2,0.74,-0.049333,1,0,0
0.22,0.74,-0.055826,1,0,0
0.24,0.74,-0.019407,1,0,0
0.26,0.74,-0.0087231,1,0,0
0.28,0.74,-0.0186,1,0,0
0.3,0.74,0.033976,1,0,0
0.32,0.74,-0.052736,1,0,0
0.34,0.74,-0.056359,1,0,0
0.36,0.74,-0.011896,1,0,0
0.38,0.74,-0.043208,1,0,0
0.4,0.74,-0.023706,1,0,0
0.42,0.74,0.0024683,1,0,0
0.44,0.74,0.040138,1,0,0
0.46,0.74,0.027477,1,0,0
0.48,0.74,-0.044578,1,0,0
0.5,0.74,-0.013061,1,0,0
0.52,0.74,-0.023438,1,0,0
0.54,0.74,-0.022502,1,0,0
0.56,0.74,-0.051354,1,0,0
0.58,0.74,0.023108,1,0,0
0.6,0.74,-0.055168,1,0,0
0.62,0.74,-0.10473,1,0,0
0.64,0.74,-0.041002,1,0,0
0.66,0.74,-0.0095312,1,0,0
0.68,0.74,-0.029698,1,0,0
0.7,0.74,-0.019897,1,0,0
0.72,0.74,-0.023065,1,0,0
0.74,0.74,-0.019235,1,0,0
0.76,0.74,-0.019135,1,0,0
0.78,0.74,-0.0020931,1,0,0
0.8,0.74,-0.0097072,1,0,0
0.82,0.74,0.046161,1,0,0
0.84,0.74,0.034673,1,0,0
0.86,0.74,0.060256,1,0,0
0.88,0.74,0.016218,1,0,0
0.9,0.74,0.03124,1,0,0
0.92,0.74,-0.037126,1,0,0
0.94,0.74,-0.06347,1,0,0
0.96,0.74,-0.024898,1,0,0
0.98,0.74,-0.05184,1,0,0
0.02,0.76,-0.034169,1,0,0
0.04,0.76,-0.005461,1,0,0
0.06,0.76,-0.030929,1,0,0
0.08,0.76,-0.030712,1,0,0
0.1,0.76,0.020265,1,0,0
0.12,0.76,0.029654,1,0,0
0.14,0.76,0.048481,1,0,0
0.16,0.76,0.053507,1,0,0
0.18,0.76,0.0026572,1,0,0
0.2,0.76,-0.010247,1,0,0
0.22,0.76,0.022645,1,0,0
0.24,0.76,-0.002882,1,0,0
0.26,0.76,0.010552,1,0,0
0.28,0.76,-0.040934,1,0,0
0.3,0.76,-0.020132,1,0,0
0.32,0.76,-0.080275,1,0,0
0.34,0.76,-0.031635,1,0,0
0.36,0.76,-0.045867,1,0,0
0.38,0.76,0.0073434,1,0,0
0.4,0.76,0.039904,1,0,0
0.42,0.76,0.044721,1,0,0
0.44,0.76,0.047577,1,0,0
0.46,0.76,0.037074,1,0,0
0.48,0.76,0.0017339,1,0,0
0.5,0.76,-0.029302,1,0,0
0.52,0.76,-0.043745,1,0,0
0.54,0.76,-0.025222,1,0,0
0.56,0.76,-0.053276,1,0,0
0.58,0.76,0.03556,1,0,0
0.6,0.76,-0.0091396,1,0,0
0.62,0.76,-0.076022,1,0,0
0.64,0.76,-7.6385e-05,1,0,0
0.66,0.76,-0.027989,1,0,0
0.68,0.76,-0.056968,1,0,0
0.7,0.76,-0.011321,1,0,0
0.72,0.76,-0.0050004,1,0,0
0.74,0.76,0.0014645,1,0,0
0.76,0.76,0.0546,1,0,0
0.78,0.76,0.056202,1,0,0
0.8,0.76,0.041256,1,0,0
0.82,0.76,0.010776,1,0,0
0.84,0.76,0.046384,1,0,0
0.86,0.76,0.064135,1,0,0
0.88,0.76,0.020817,1,0,0
0.9,0.76,0.046746,1,0,0
0.92,0.76,-0.034054,1,0,0
0.94,0.76,-0.04279,1,0,0
0.96,0.76,-0.036663,1,0,0
0.98,0.76,-0.00040514,1,0,0
0.02,0.78,0.007351,1,0,0
0.04,0.78,0.011039,1,0,0
0.06,0.78,-0.034155,1,0,0
0.08,0.78,0.029357,1,0,0
0.1,0.78,-0.014295,1,0,0
0.12,0.78,-0.014196,1,0,0
0.14,0.78,-0.0057363,1,0,0
0.16,0.78,-0.041692,1,0,0
0.18,0.78,-0.054131,1,0,0
0.2,0.78,-0.045141,1,0,0
0.22,0.78,0.00059765,1,0,0
0.24,0.78,0.0013475,1,0,0
0.26,0.78,-0.047913,1,0,0
0.28,0.78,-0.012174,1,0,0
0.3,0.78,-0.036041,1,0,0
0.32,0.78,-0.037697,1,0,0
0.34,0.78,-0.037525,1,0,0
0.36,0.78,-0.054771,1,0,0
0.38,0.78,-0.04643,1,0,0
0.4,0.78,-0.0040953,1,0,0
0.42,0.78,-0.0063419,1,0,0
0.44,0.78,0.00012339,1,0,0
0.46,0.78,0.022649,1,0,0
0.48,0.78,-0.05704,1,0,0
0.5,0.78,0.014022,1,0,0
0.52,0.78,-0.016239,1,0,0
0.54,0.78,-0.049264,1,0,0
0.56,0.78,-0.033267,1,0,0
0.58,0.78,-0.0085991,1,0,0
0.6,0.78,-0.026494,1,0,0
0.62,0.78,-0.095662,1,0,0
0.64,0.78,-0.053891,1,0,0
0.66,0.78,-0.012464,1,0,0
0.68,0.78,-0.044678,1,0,0
0.7,0.78,0.026302,1,0,0
0.72,0.78,0.034317,1,0,0
0.74,0.78,7.3134e-05,1,0,0
0.76,0.78,0.011368,1,0,0
0.78,0.78,0.077719,1,0,0
0.8,0.78,0.01659,1,0,0
0.82,0.78,-0.0093849,1,0,0
0.84,0.78,-0.040449,1,0,0
0.86,0.78,0.005378,1,0,0
0.88,0.78,0.017277,1,0,0
0.9,0.78,0.01427,1,0,0
0.92,0.78,-0.021256,1,0,0
0.94,0.78,0.016929,1,0,0
0.96,0.78,-0.026734,1,0,0
0.98,0.78,-0.04614,1,0,0
0.02,0.8,0.0037531,1,0,0
0.04,0.8,-0.071235,1,0,0
0.06,0.8,-0.058524,1,0,0
0.08,0.8,-0.028894,1,0,0
0.1,0.8,-0.016904,1,0,0
0.12,0.8,-0.014353,1,0,0
0.14,0.8,-0.030704,1,0,0
0.16,0.8,-0.028709,1,0,0
0.18,0.8,-0.093859,1,0,0
0.2,0.8,-0.023694,1,0,0
0.22,0.8,0.0093567,1,0,0
0.24,0.8,0.0058019,1,0,0
0.26,0.8,-0.01266,1,0,0
0.28,0.8,-0.0017187,1,0,0
0.3,0.8,-0.048406,1,0,0
0.32,0.8,-0.029134,1,0,0
0.34,0.8,-0.033689,1,0,0
0.36,0.8,-0.075107,1,0,0
0.38,0.8,-0.064409,1,0,0
0.4,0.8,0.0024553,1,0,0
0.42,0.8,-0.058748,1,0,0
0.44,0.8,-0.038155,1,0,0
0.46,0.8,-0.05313,1,0,0
0.48,0.8,-0.0014716,1,0,0
0.5,0.8,0.068583,1,0,0
0.52,0.8,0.027856,1,0,0
0.54,0.8,-0.016107,1,0,0
0.56,0.8,-0.029209,1,0,0
0.58,0.8,0.0016042,1,0,0
0.6,0.8,0.013711,1,0,0
0.62,0.8,-0.016606,1,0,0
0.64,0.8,-0.068283,1,0,0
0.66,0.8,-0.053276,1,0,0
0.68,0.8,-0.042142,1,0,0
0.7,0.8,0.019837,1,0,0
0.72,0.8,-0.053303,1,0,0
0.74,0.8,0.010267,1,0,0
0.76,0.8,0.0011154,1,0,0
0.78,0.8,0.018515,1,0,0
0.8,0.8,0.022738,1,0,0
0.82,0.8,0.02268,1,0,0
0.84,0.8,-0.010402,1,0,0
0.86,0.8,0.026867,1,0,0
0.88,0.8,-0.01987,1,0,0
0.9,0.8,0.0075222,1,0,0
0.92,0.8,-0.02215,1,0,0
0.94,0.8,-0.0092584,1,0,0
0.96,0.8,-0.060065,1,0,0
0.98,0.8,-0.045191,1,0,0
0.02,0.82,-0.080105,1,0,0
0.04,0.82,-0.019988,1,0,0
0.06,0.82,-0.025767,1,0,0
0.08,0.82,-0.063058,1,0,0
0.1,0.82,-0.042529,1,0,0
0.12,0.82,-0.09701,1,0,0
0.14,0.82,-0.050307,1,0,0
0.16,0.82,0.018104,1,0,0
0.18,0.82,-0.070369,1,0,0
0.2,0.82,-0.057887,1,0,0
0.22,0.82,-0.045795,1,0,0
0.24,0.82,-0.044534,1,0,0
0.26,0.82,-0.042515,1,0,0
0.28,0.82,-0.078986,1,0,0
0.3,0.82,-0.036778,1,0,0
0.32,0.82,-0.038679,1,0,0
0.34,0.82,-0.094659,1,0,0
0.36,0.82,-0.042097,1,0,0
0.38,0.82,-0.026762,1,0,0
0.4,0.82,-0.018101,1,0,0
0.42,0.82,-0.085358,1,0,0
0.44,0.82,-0.025946,1,0,0
0.46,0.82,-0.08137,1,0,0
0.48,0.82,-0.064729,1,0,0
0.5,0.82,-0.017052,1,0,0
0.52,0.82,-0.057975,1,0,0
0.54,0.82,-0.053175,1,0,0
0.56,0.82,-0.07907,1,0,0
0.58,0.82,-0.07531,1,0,0
0.6,0.82,-0.074422,1,0,0
0.62,0.82,-0.091577,1,0,0
0.64,0.82,-0.025235,1,0,0
0.66,0.82,-0.058414,1,0,0
0.68,0.82,-0.054274,1,0,0
0.7,0.82,-0.014036,1,0,0
0.72,0.82,-0.066833,1,0,0
0.74,0.82,0.0075151,1,0,0
0.76,0.82,0.040543,1,0,0
0.78,0.82,0.031822,1,0,0
0.8,0.82,-0.019678,1,0,0
0.82,0.82,-0.0098446,1,0,0
0.84,0.82,-0.065885,1,0,0
0.86,0.82,-0.041831,1,0,0
0.88,0.82,-0.089995,1,0,0
0.9,0.82,-0.028375,1,0,0
0.92,0.82,-0.10794,1,0,0
0.94,0.82,-0.050358,1,0,0
0.96,0.82,-0.031741,1,0,0
0.98,0.82,-0.031725,1,0,0
0.02,0.84,-0.082535,1,0,0
0.04,0.84,-0.094986,1,0,0
0.06,0.84,-0.032494,1,0,0
0.08,0.84,-0.10511,1,0,0
0.1,0.84,-0.059272,1,0,0
0.12,0.84,-0.019393,1,0,0
0.14,0.84,-0.033622,1,0,0
0.16,0.84,0.023034,1,0,0
0.18,0.84,-0.0041355,1,0,0
0.2,0.84,0.033116,1,0,0
0.22,0.84,0.0075809,1,0,0
0.24,0.84,-0.0064415,1,0,0
0.26,0.84,-0.093291,1,0,0
0.28,0.84,-0.038689,1,0,0
0.3,0.84,-0.039458,1,0,0
0.32,0.84,-0.038724,1,0,0
0.34,0.84,-0.02774,1,0,0
0.36,0.84,-0.030988,1,0,0
0.38,0.84,-0.026135,1,0,0
0.4,0.84,0.0071616,1,0,0
0.42,0.84,-0.03099,1,0,0
0.44,0.84,-0.041742,1,0,0
0.46,0.84,-0.038424,1,0,0
0.48,0.84,-0.012146,1,0,0
0.5,0.84,0.047374,1,0,0
0.52,0.84,0.018273,1,0,0
0.54,0.84,-0.030997,1,0,0
0.56,0.84,-0.03548,1,0,0
0.58,0.84,-0.057358,1,0,0
0.6,0.84,0.0094339,1,0,0
0.62,0.84,-0.019574,1,0,0
0.64,0.84,-0.035907,1,0,0
0.66,0.84,-0.058103,1,0,0
0.68,0.84,-0.063743,1,0,0
0.7,0.84,0.037596,1,0,0
0.72,0.84,-0.021284,1,0,0
0.74,0.84,0.085531,1,0,0
0.76,0.84,0.061791,1,0,0
0.78,0.84,0.05819,1,0,0
0.8,0.84,0.00049867,1,0,0
0.82,0.84,-0.006867,1,0,0
0.84,0.84,-0.036464,1,0,0
0.86,0.84,-0.045447,1,0,0
0.88,0.84,-0.014082,1,0,0
0.9,0.84,-0.010205,1,0,0
0.92,0.84,-0.037394,1,0,0
0.94,0.84,-0.024599,1,0,0
0.96,0.84,0.0068619,1,0,0
0.98,0.84,-0.039884,1,0,0
0.02,0.86,-0.031808,1,0,0
0.04,0.86,-0.019514,1,0,0
0.06,0.86,-0.048022,1,0,0
0.08,0.86,-0.05913,1,0,0
0.1,0.86,-0.019153,1,0,0
0.12,0.86,-0.010676,1,0,0
0.14,0.86,-0.00085375,1,0,0
0.16,0.86,-0.013056,1,0,0
0.18,0.86,-0.046097,1,0,0
0.2,0.86,-0.088114,1,0,0
0.22,0.86,-0.020837,1,0,0
0.24,0.86,-0.032458,1,0,0
0.26,0.86,-0.010369,1,0,0
0.28,0.86,-0.025902,1,0,0
0.3,0.86,0.013205,1,0,0
0.32,0.86,0.012275,1,0,0
0.34,0.86,-0.018529,1,0,0
0.36,0.86,-0.040711,1,0,0
0.38,0.86,-0.013633,1,0,0
0.4,0.86,0.032175,1,0,0
0.42,0.86,-0.005839,1,0,0
0.44,0.86,-0.01006,1,0,0
0.46,0.86,-0.036963,1,0,0
0.48,0.86,-0.016082,1,0,0
0.5,0.86,0.044808,1,0,0
0.52,0.86,-0.037366,1,0,0
0.54,0.86,-0.0037921,1,0,0
0.56,0.86,-0.032213,1,0,0
0.58,0.86,-0.043671,1,0,0
0.6,0.86,0.026831,1,0,0
0.62,0.86,-0.018206,1,0,0
0.64,0.86,0.0014489,1,0,0
0.66,0.86,-0.044439,1,0,0
0.68,0.86,0.014862,1,0,0
0.7,0.86,0.019058,1,0,0
0.72,0.86,-0.013548,1,0,0
0.74,0.86,-0.016265,1,0,0
0.76,0.86,0.014503,1,0,0
0.78,0.86,0.022738,1,0,0
0.8,0.86,0.011014,1,0,0
0.82,0.86,-0.043816,1,0,0
0.84,0.86,0.013697,1,0,0
0.86,0.86,-0.025136,1,0,0
0.88,0.86,-0.017919,1,0,0
0.9,0.86,-0.027074,1,0,0
0.92,0.86,-0.012706,1,0,0
0.94,0.86,-0.00020678,1,0,0
0.96,0.86,-0.049848,1,0,0
0.98,0.86,-0.0074262,1,0,0
0.02,0.88,-0.017232,1,0,0
0.04,0.88,-0.051182,1,0,0
0.06,0.88,-0.076676,1,0,0
0.08,0.88,-0.056777,1,0,0
0.1,0.88,-0.038331,1,0,0
0.12,0.88,-0.02002,1,0,0
0.14,0.88,-0.052478,1,0,0
0.16,0.88,0.0060022,1,0,0
0.18,0.88,-0.086831,1,0,0
0.2,0.88,-0.03009,1,0,0
0.22,0.88,-0.006168,1,0,0
0.24,0.88,0.0096413,1,0,0
0.26,0.88,0.012406,1,0,0
0.28,0.88,-0.084168,1,0,0
0.3,0.88,0.01509,1,0,0
0.32,0.88,-0.080431,1,0,0
0.34,0.88,-0.024928,1,0,0
0.36,0.88,-0.043536,1,0,0
0.38,0.88,-0.048747,1,0,0
0.4,0.88,-0.016503,1,0,0
0.42,0.88,0.0040767,1,0,0
0.44,0.88,0.011298,1,0,0
0.46,0.88,-0.012177,1,0,0
0.48,0.88,-0.0092698,1,0,0
0.5,0.88,0.030574,1,0,0
0.52,0.88,-0.0081888,1,0,0
0.54,0.88,0.017787,1,0,0
0.56,0.88,-0.062796,1,0,0
0.58,0.88,-0.0082348,1,0,0
0.6,0.88,0.0045673,1,0,0
0.62,0.88,-0.047242,1,0,0
0.64,0.88,0.0016699,1,0,0
0.66,0.88,-0.037374,1,0,0
0.68,0.88,0.0020733,1,0,0
0.7,0.88,-0.057439,1,0,0
0.72,0.88,-0.02172,1,0,0
0.74,0.88,-0.0064616,1,0,0
0.76,0.88,0.013337,1,0,0
0.78,0.88,-0.035604,1,0,0
0.8,0.88,0.020646,1,0,0
0.82,0.88,-0.047434,1,0,0
0.84,0.88,0.031932,1,0,0
0.86,0.88,-0.011358,1,0,0
0.88,0.88,-0.022236,1,0,0
0.9,0.88,-0.020223,1,0,0
0.92,0.88,0.03038,1,0,0
0.94,0.88,-0.030896,1,0,0
0.96,0.88,-0.057143,1,0,0
0.98,0.88,0.046002,1,0,0
0.02,0.9,-0.0755,1,0,0
0.04,0.9,-0.035054,1,0,0
0.06,0.9,-0.012566,1,0,0
0.08,0.9,-0.074537,1,0,0
0.1,0.9,-0.051104,1,0,0
0.12,0.9,-0.059356,1,0,0
0.14,0.9,-0.056154,1,0,0
0.16,0.9,-0.013075,1,0,0
0.18,0.9,-0.098047,1,0,0
0.2,0.9,-0.054905,1,0,0
0.22,0.9,-0.021701,1,0,0
0.24,0.9,-0.071724,1,0,0
0.26,0.9,-0.04328,1,0,0
0.28,0.9,-0.052044,1,0,0
0.3,0.9,-0.0092622,1,0,0
0.32,0.9,-0.016306,1,0,0
0.34,0.9,-0.017807,1,0,0
0.36,0.9,0.021509,1,0,0
0.38,0.9,-0.028254,1,0,0
0.4,0.9,-0.015122,1,0,0
0.42,0.9,-0.022056,1,0,0
0.44,0.9,-0.074063,1,0,0
0.46,0.9,-0.026607,1,0,0
0.48,0.9,0.0061665,1,0,0
0.5,0.9,-0.038425,1,0,0
0.52,0.9,-0.029785,1,0,0
0.54,0.9,0.072196,1,0,0
0.56,0.9,-0.049261,1,0,0
0.58,0.9,-0.043231,1,0,0
0.6,0.9,-4.1735e-05,1,0,0
0.62,0.9,-0.081104,1,0,0
0.64,0.9,-0.022551,1,0,0
0.66,0.9,0.012548,1,0,0
0.68,0.9,0.02428,1,0,0
0.7,0.9,-0.033722,1,0,0
0.72,0.9,-0.022224,1,0,0
0.74,0.9,0.0035172,1,0,0
0.76,0.9,0.032173,1,0,0
0.78,0.9,-0.01614,1,0,0
0.8,0.9,0.017377,1,0,0
0.82,0.9,-0.071301,1,0,0
0.84,0.9,-0.05784,1,0,0
0.86,0.9,-0.038941,1,0,0
0.88,0.9,-0.028326,1,0,0
0.9,0.9,-0.018127,1,0,0
0.92,0.9,-0.01994,1,0,0
0.94,0.9,-0.02927,1,0,0
0.96,0.9,0.026797,1,0,0
0.98,0.9,0.011667,1,0,0
0.02,0.92,-0.00013493,1,0,0
0.04,0.92,0.038966,1,0,0
0.06,0.92,-0.039719,1,0,0
0.08,0.92,-0.025819,1,0,0
0.1,0.92,0.038001,1,0,0
0.12,0.92,0.028128,1,0,0
0.14,0.92,-0.052661,1,0,0
0.16,0.92,-0.033145,1,0,0
0.18,0.92,-0.012229,1,0,0
0.2,0.92,-0.017308,1,0,0
0.22,0.92,0.026352,1,0,0
0.24,0.92,0.083975,1,0,0
0.26,0.92,-0.044008,1,0,0
0.28,0.92,-0.045908,1,0,0
0.3,0.92,0.0374,1,0,0
0.32,0.92,0.00030046,1,0,0
0.34,0.92,0.0024345,1,0,0
0.36,0.92,0.078849,1,0,0
0.38,0.92,0.022643,1,0,0
0.4,0.92,-0.0031599,1,0,0
0.42,0.92,0.0083779,1,0,0
0.44,0.92,0.0010497,1,0,0
0.46,0.92,0.016795,1,0,0
0.48,0.92,-0.043167,1,0,0
0.5,0.92,0.0091925,1,0,0
0.52,0.92,0.020503,1,0,0
0.54,0.92,-0.034793,1,0,0
0.56,0.92,-0.0031447,1,0,0
0.58,0.92,-0.0012079,1,0,0
0.6,0.92,0.041279,1,0,0
0.62,0.92,0.01544,1,0,0
0.64,0.92,0.047055,1,0,0
0.66,0.92,0.053314,1,0,0
0.68,0.92,-0.0034003,1,0,0
0.7,0.92,0.016355,1,0,0
0.72,0.92,0.020864,1,0,0
0.74,0.92,0.0030303,1,0,0
0.76,0.92,0.01552,1,0,0
0.78,0.92,0.021077,1,0,0
0.8,0.92,0.013614,1,0,0
0.82,0.92,0.019061,1,0,0
0.84,0.92,0.024507,1,0,0
0.86,0.92,0.00093001,1,0,0
0.88,0.92,-0.007201,1,0,0
0.9,0.92,0.017492,1,0,0
0.92,0.92,0.0012454,1,0,0
0.94,0.92,-0.025097,1,0,0
0.96,0.92,0.0029721,1,0,0
0.98,0.92,0.077079,1,0,0
0.02,0.94,-0.069191,1,0,0
0.04,0.94,-0.071756,1,0,0
0.06,0.94,-0.10281,1,0,0
0.08,0.94,-0.07804,1,0,0
0.1,0.94,-0.047764,1,0,0
0.12,0.94,-0.069479,1,0,0
0.14,0.94,-0.086237,1,0,0
0.16,0.94,-0.02537,1,0,0
0.18,0.94,-0.055163,1,0,0
0.2,0.94,-0.0070461,1,0,0
0.22,0.94,-0.03195,1,0,0
0.24,0.94,0.022504,1,0,0
0.26,0.94,-0.0070438,1,0,0
0.28,0.94,-0.021021,1,0,0
0.3,0.94,-0.031161,1,0,0
0.32,0.94,-0.057992,1,0,0
0.34,0.94,-0.058878,1,0,0
0.36,0.94,-0.030063,1,0,0
0.38,0.94,-0.03565,1,0,0
0.4,0.94,-0.041508,1,0,0
0.42,0.94,0.019386,1,0,0
0.44,0.94,-0.0066472,1,0,0
0.46,0.94,-0.07103,1,0,0
0.48,0.94,-0.026292,1,0,0
0.5,0.94,-0.0084405,1,0,0
0.52,0.94,-0.075124,1,0,0
0.54,0.94,-0.065068,1,0,0
0.56,0.94,-0.0094599,1,0,0
0.58,0.94,-0.011809,1,0,0
0.6,0.94,-0.0051671,1,0,0
0.62,0.94,-0.060616,1,0,0
0.64,0.94,0.031396,1,0,0
0.66,0.94,0.0029001,1,0,0
0.68,0.94,0.025093,1,0,0
0.7,0.94,0.05492,1,0,0
0.72,0.94,-0.01593,1,0,0
0.74,0.94,-0.00017884,1,0,0
0.76,0.94,-0.034829,1,0,0
0.78,0.94,0.0061077,1,0,0
0.8,0.94,-0.026822,1,0,0
0.82,0.94,-0.012516,1,0,0
0.84,0.94,-0.035187,1,0,0
0.86,0.94,-0.02255,1,0,0
0.88,0.94,-0.072235,1,0,0
0.9,0.94,-0.026047,1,0,0
0.92,0.94,0.0050961,1,0,0
0.94,0.94,-0.025772,1,0,0
0.96,0.94,-0.057095,1,0,0
0.98,0.94,-0.02671,1,0,0
0.02,0.96,-0.084254,1,0,0
0.04,0.96,-0.052525,1,0,0
0.06,0.96,-0.06926,1,0,0
0.08,0.96,-0.045853,1,0,0
0.1,0.96,-0.016604,1,0,0
0.12,0.96,-0.023654,1,0,0
0.14,0.96,0.020046,1,0,0
0.16,0.96,-0.0065099,1,0,0
0.18,0.96,-0.044435,1,0,0
0.2,0.96,-0.014051,1,0,0
0.22,0.96,-0.056059,1,0,0
0.24,0.96,0.0042088,1,0,0
0.26,0.96,-0.013429,1,0,0
0.28,0.96,-0.0058132,1,0,0
0.3,0.96,0.007065,1,0,0
0.32,0.96,-0.037472,1,0,0
0.34,0.96,-0.018271,1,0,0
0.36,0.96,0.031208,1,0,0
0.38,0.96,-0.020676,1,0,0
0.4,0.96,0.0073241,1,0,0
0.42,0.96,-0.022551,1,0,0
0.44,0.96,-0.029075,1,0,0
0.46,0.96,-0.092349,1,0,0
0.48,0.96,-0.038879,1,0,0
0.5,0.96,-0.040236,1,0,0
0.52,0.96,-0.02784,1,0,0
0.54,0.96,-0.015473,1,0,0
0.56,0.96,-0.02571,1,0,0
0.58,0.96,0.035582,1,0,0
0.6,0.96,-0.033288,1,0,0
0.62,0.96,-0.012593,1,0,0
0.64,0.96,0.0033447,1,0,0
0.66,0.96,0.0013557,1,0,0
0.68,0.96,-0.057355,1,0,0
0.7,0.96,0.0088451,1,0,0
0.72,0.96,0.024487,1,0,0
0.74,0.96,0.066297,1,0,0
0.76,0.96,0.062992,1,0,0
0.78,0.96,0.007397,1,0,0
0.8,0.96,0.017395,1,0,0
0.82,0.96,-0.029699,1,0,0
0.84,0.96,-0.014053,1,0,0
0.86,0.96,-0.00077318,1,0,0
0.88,0.96,-0.03127,1,0,0
0.9,0.96,-0.018266,1,0,0
0.92,0.96,-0.024995,1,0,0
0.94,0.96,0.018623,1,0,0
0.96,0.96,-0.028629,1,0,0
0.98,0.96,-0.021575,1,0,0
0.02,0.98,-0.1278,1,0,0
0.04,0.98,-0.015435,1,0,0
0.06,0.98,-0.058806,1,0,0
0.08,0.98,-0.027577,1,0,0
0.1,0.98,-0.058659,1,0,0
0.12,0.98,-0.069657,1,0,0
0.14,0.98,-0.070623,1,0,0
0.16,0.98,-0.046279,1,0,0
0.18,0.98,0.0074548,1,0,0
0.2,0.98,-0.038286,1,0,0
0.22,0.98,-0.020146,1,0,0
0.24,0.98,-0.063323,1,0,0
0.26,0.98,-0.030819,1,0,0
0.28,0.98,0.027989,1,0,0
0.3,0.98,0.026127,1,0,0
0.32,0.98,-0.024321,1,0,0
0.34,0.98,-0.056881,1,0,0
0.36,0.98,-0.043072,1,0,0
0.38,0.98,-0.017822,1,0,0
0.4,0.98,-0.051852,1,0,0
0.42,0.98,-0.072974,1,0,0
0.44,0.98,-0.048603,1,0,0
0.46,0.98,-0.057484,1,0,0
0.48,0.98,-0.077229,1,0,0
0.5,0.98,-0.057147,1,0,0
0.52,0.98,-0.050013,1,0,0
0.54,0.98,-0.037233,1,0,0
0.56,0.98,-0.016155,1,0,0
0.58,0.98,0.035772,1,0,0
0.6,0.98,0.01421,1,0,0
0.62,0.98,-0.0085232,1,0,0
0.64,0.98,-0.014191,1,0,0
0.66,0.98,-0.04878,1,0,0
0.68,0.98,-0.096644,1,0,0
0.7,0.98,-0.034746,1,0,0
0.72,0.98,-0.020646,1,0,0
0.74,0.98,-0.040814,1,0,0
0.76,0.98,0.01775,1,0,0
0.78,0.98,-0.02068,1,0,0
0.8,0.98,0.016889,1,0,0
0.82,0.98,-0.010297,1,0,0
0.84,0.98,-0.0077808,1,0,0
0.86,0.98,-0.020313,1,0,0
0.88,0.98,-0.029717,1,0,0
0.9,0.98,0.032884,1,0,0
0.92,0.98,-0.06197,1,0,0
0.94,0.98,-0.02793,1,0,0
0.96,0.98,-0.035855,1,0,0
0.98,0.98,-0.036689,1,0,0
0,0,-0.06742,-1,0,0
0.02,0,-0.06742,-1,0,0
0.04,0,-0.07537,-1,0,0
0.06,0,-0.028556,-1,0,0
0.08,0,-0.11141,-1,0,0
0.1,0,-0.033397,-1,0,0
0.12,0,-0.055452,-1,0,0
0.14,0,-0.078902,-1,0,0
0.16,0,-0.054854,-1,0,0
0.18,0,-0.089104,-1,0,0
0.2,0,-0.079084,-1,0,0
0.22,0,-0.038647,-1,0,0
0.24,0,-0.0075116,-1,0,0
0.26,0,-0.069956,-1,0,0
0.28,0,-0.050582,-1,0,0
0.3,0,-0.0094213,-1,0,0
0.32,0,0.020235,-1,0,0
0.34,0,-0.011852,-1,0,0
0.36,0,-0.031804,-1,0,0
0.38,0,0.0016674,-1,0,0
0.4,0,-0.016015,-1,0,0
0.42,0,-0.010667,-1,0,0
0.44,0,-0.016255,-1,0,0
0.46,0,-0.017641,-1,0,0
0.48,0,-0.030475,-1,0,0
0.5,0,0.0071262,-1,0,0
0.52,0,-0.030868,-1,0,0
0.54,0,-0.010604,-1,0,0
0.56,0,-0.0080606,-1,0,0
0.58,0,-0.017958,-1,0,0
0.6,0,0.018806,-1,0,0
0.62,0,-0.012859,-1,0,0
0.64,0,-0.045159,-1,0,0
0.66,0,3.0498e-05,-1,0,0
0.68,0,-0.0027596,-1,0,0
0.7,0,-0.015762,-1,0,0
0.72,0,-0.044384,-1,0,0
0.74,0,-0.06668,-1,0,0
0.76,0,-0.055644,-1,0,0
0.78,0,-0.038222,-1,0,0
0.8,0,-0.05579,-1,0,0
0.82,0,-0.018122,-1,0,0
0.84,0,-0.033354,-1,0,0
0.86,0,-0.015478,-1,0,0
0.88,0,-0.040409,-1,0,0
0.9,0,-0.05715,-1,0,0
0.92,0,-0.092257,-1,0,0
0.94,0,-0.08232,-1,0,0
0.96,0,-0.040781,-1,0,0
0.98,0,-0.028496,-1,0,0
1,0,0.0065324,-1,0,0
1,0.02,-0.023271,-1,0,0
1,0.04,-0.037015,-1,0,0
1,0.06,-0.10174,-1,0,0
1,0.08,-0.075747,-1,0,0
1,0.1,-0.045063,-1,0,0
1,0.12,-0.02399,-1,0,0
1,0.14,-0.034503,-1,0,0
1,0.16,-0.06593,-1,0,0
1,0.18,0.0096991,-1,0,0
1,0.2,-0.027752,-1,0,0
1,0.22,0.0022543,-1,0,0
1,0.24,-0.082235,-1,0,0
1,0.26,-0.023812,-1,0,0
1,0.28,-0.12146,-1,0,0
1,0.3,-0.036039,-1,0,0
1,0.32,-0.083333,-1,0,0
1,0.34,-0.067646,-1,0,0
1,0.36,-0.031378,-1,0,0
1,0.38,0.0075263,-1,0,0
1,0.4,-0.083385,-1,0,0
1,0.42,0.013695,-1,0,0
1,0.44,-0.017136,-1,0,0
1,0.46,-0.01949,-1,0,0
1,0.48,-0.022312,-1,0,0
1,0.5,0.012765,-1,0,0
1,0.52,0.013427,-1,0,0
1,0.54,-0.089879,-1,0,0
1,0.56,-0.024753,-1,0,0
1,0.58,-0.0056926,-1,0,0
1,0.6,-0.022091,-1,0,0
1,0.62,0.048735,-1,0,0
1,0.64,0.01163,-1,0,0
1,0.66,-0.012496,-1,0,0
1,0.68,-0.0607,-1,0,0
1,0.7,-0.07577,-1,0,0
1,0.72,-0.062772,-1,0,0
1,0.74,-0.067938,-1,0,0
1,0.76,-0.0038197,-1,0,0
1,0.78,0.016681,-1,0,0
1,0.8,-0.028205,-1,0,0
1,0.82,-0.092224,-1,0,0
1,0.84,0.012844,-1,0,0
1,0.86,0.0099586,-1,0,0
1,0.88,-0.0028367,-1,0,0
1,0.9,0.0026754,-1,0,0
1,0.92,0.046285,-1,0,0
1,0.94,0.0038203,-1,0,0
1,0.96,-0.038881,-1,0,0
1,0.98,-0.025352,-1,0,0
1,1,-0.035055,-1,0,0
0.98,1,-0.07398,-1,0,0
0.96,1,-0.0090705,-1,0,0
0.94,1,-0.01176,-1,0,0
0.92,1,-0.010036,-1,0,0
0.9,1,0.0036594,-1,0,0
0.88,1,0.0071198,-1,0,0
0.86,1,0.0051657,-1,0,0
0.84,1,-0.0066182,-1,0,0
0.82,1,0.033869,-1,0,0
0.8,1,-0.047739,-1,0,0
0.78,1,-0.019699,-1,0,0
0.76,1,0.012407,-1,0,0
0.74,1,0.0065832,-1,0,0
0.72,1,-0.036943,-1,0,0
0.7,1,-0.030884,-1,0,0
0.68,1,-0.060184,-1,0,0
0.66,1,-0.056425,-1,0,0
0.64,1,-0.030391,-1,0,0
0.62,1,-0.012078,-1,0,0
0.6,1,-0.0017572,-1,0,0
0.58,1,-0.022799,-1,0,0
0.56,1,0.0026919,-1,0,0
0.54,1,-0.054087,-1,0,0
0.52,1,0.010862,-1,0,0
0.5,1,0.02525,-1,0,0
0.48,1,-0.048004,-1,0,0
0.46,1,-0.029735,-1,0,0
0.44,1,-0.050321,-1,0,0
0.42,1,-0.066688,-1,0,0
0.4,1,-0.034463,-1,0,0
0.38,1,-0.020962,-1,0,0
0.36,1,-0.072166,-1,0,0
0.34,1,-0.031246,-1,0,0
0.32,1,-0.047586,-1,0,0
0.3,1,-0.016417,-1,0,0
0.28,1,-0.025059,-1,0,0
0.26,1,-0.027254,-1,0,0
0.24,1,-0.028086,-1,0,0
0.22,1,-0.052466,-1,0,0
0.2,1,-0.059578,-1,0,0
0.18,1,-0.068546,-1,0,0
0.16,1,-0.037195,-1,0,0
0.14,1,0.013438,-1,0,0
0.12,1,-0.044046,-1,0,0
0.1,1,-0.053758,-1,0,0
0.08,1,-0.037874,-1,0,0
0.06,1,-0.065758,-1,0,0
0.04,1,-0.10511,-1,0,0
0.02,1,-0.054233,-1,0,0
0,1,-0.051755,-1,0,0
0,0.98,-0.038738,-1,0,0
0,0.96,-0.033913,-1,0,0
0,0.94,-0.027457,-1,0,0
0,0.92,-0.0022262,-1,0,0
0,0.9,-0.032553,-1,0,0
0,0.88,0.04428,-1,0,0
0,0.86,0.015242,-1,0,0
0,0.84,-0.055195,-1,0,0
0,0.82,-0.048677,-1,0,0
0,0.8,-0.02452,-1,0,0
0,0.78,-0.0053962,-1,0,0
0,0.76,-0.00035616,-1,0,0
0,0.74,-0.072934,-1,0,0
0,0.72,-0.0077833,-1,0,0
0,0.7,-0.069909,-1,0,0
0,0.68,-0.034308,-1,0,0
0,0.66,-0.0068139,-1,0,0
0,0.64,-0.0097382,-1,0,0
0,0.62,0.0089674,-1,0,0
0,0.6,-0.0076744,-1,0,0
0,0.58,0.022397,-1,0,0
0,0.56,-0.026333,-1,0,0
0,0.54,-0.041927,-1,0,0
0,0.52,-0.082801,-1,0,0
0,0.5,-0.0038354,-1,0,0
0,0.48,-0.0042867,-1,0,0
0,0.46,0.019998,-1,0,0
0,0.44,-0.030638,-1,0,0
0,0.42,0.089636,-1,0,0
0,0.4,0.00017782,-1,0,0
0,0.38,-0.0019292,-1,0,0
0,0.36,-0.00091368,-1,0,0
0,0.34,0.016858,-1,0,0
0,0.32,0.028422,-1,0,0
0,0.3,-0.019829,-1,0,0
0,0.28,-0.044898,-1,0,0
0,0.26,-0.014484,-1,0,0
0,0.24,-0.02488,-1,0,0
0,0.22,-0.048383,-1,0,0
0,0.2,-0.026113,-1,0,0
0,0.18,0.05641,-1,0,0
0,0.16,-0.013086,-1,0,0
0,0.14,0.0023845,-1,0,0
0,0.12,-0.0585,-1,0,0
0,0.1,-0.037222,-1,0,0
0,0.08,-0.047793,-1,0,0
0,0.06,-0.032164,-1,0,0
0,0.04,-0.058999,-1,0,0
0,0.02,-0.041228,-1,0,0
