0.056538,0.056538,0.078737,0.053216,0.031272,0.03076,0.041521,0.056169,0.011189,-0.017165,-0.0088938,-0.046078,-0.032501,0.025214,0.028624,0.036285,0.059183,0.065318,0.02896,0.026474,0.054792,0.048068,0.060666,0.03218,0.049884,0.012066,0.057267,0.037108,0.076849,0.032602,0.05029,0.034729,0.035658,0.038471,0.043997,0.035585,0.029034,0.049364,0.011039,0.04134,0.026734,0.040954,0.04059,0.048977,0.035606,0.025385,0.035576,0.080724,0.044604,0.061506,0.060742
0.036529,0.087409,0.078635,0.06699,0.058594,0.06043,0.042208,0.035351,-0.015697,0.013855,-0.038704,-0.008394,-0.0072996,0.019721,0.075734,0.049111,0.08046,0.06616,0.04661,0.039402,0.026762,0.022222,0.047788,0.059805,0.042542,0.014464,0.01185,0.022081,0.051234,0.041335,0.078067,0.080157,0.084716,0.075676,0.072939,0.058673,0.020918,0.006479,0.020373,0.0011814,0.016963,0.0084238,0.015227,0.055403,0.029337,0.043609,0.022487,0.010776,0.044384,0.075573,0.058108
0.041366,0.094711,0.076094,0.037086,0.039536,0.057166,-0.00013988,0.039455,0.027567,0.025552,0.0072103,0.015716,0.0051053,0.013508,0.011219,0.047241,0.059845,0.034018,0.02654,0.020764,0.018636,0.043854,0.046115,0.056514,0.047742,0.024526,0.019445,0.048642,0.033111,0.022484,0.061772,0.075755,0.06951,0.063042,0.083499,0.046643,0.023013,0.016136,0.041767,0.023686,0.01627,0.027727,0.015969,-0.019546,0.028425,0.041243,0.031926,0.0022266,0.0057826,0.023479,0.023505
0.073537,0.084129,0.079882,0.060424,0.034066,0.019086,0.0068789,0.025358,0.044399,0.029344,0.012747,0.022179,0.012993,0.045325,0.0057296,0.015507,0.012839,0.073771,0.014462,0.01959,0.01873,0.031469,0.056454,0.054736,0.042289,0.016028,0.042179,0.03631,0.033858,0.038886,0.05669,0.048848,0.081968,0.073412,0.068175,0.050799,0.048273,0.064413,0.044172,0.019322,0.015783,0.013737,0.040245,0.026017,0.024772,0.019092,0.041217,0.0073156,0.011036,0.02023,0.020647
0.042018,0.062396,0.10105,0.059012,0.057593,0.036869,-0.005142,0.026782,0.019945,-0.0048013,0.0011305,0.0039624,-0.018381,0.018476,0.050788,0.015637,0.0017449,-0.0037311,0.017762,0.006478,0.011978,0.055189,0.057354,0.028224,0.017847,0.017958,0.015284,0.0030995,0.0059357,0.027049,-0.0011156,0.028809,0.066695,0.071251,0.0414,0.072026,0.081522,-0.0079362,-0.0012245,-0.032037,0.016672,-0.0095023,0.035195,0.033551,0.033325,-0.0028666,0.002732,0.018203,-0.038772,-0.027827,-0.0028263
0.054948,0.04459,0.064819,0.070413,0.071417,0.041415,0.040833,0.0062505,-0.0045922,-0.0038174,-0.0055401,-0.019617,-0.025771,0.0035006,0.029349,-0.0098184,-0.000474,0.0011337,0.0043297,0.025041,0.045337,0.014238,0.015241,0.01208,-0.0020871,-0.014096,0.0097591,-0.0045684,-0.00098229,0.000341,0.019389,0.014545,0.024972,0.04722,0.068987,0.081708,0.091184,0.054783,-0.0055426,-0.0054242,0.012111,-0.00035679,0.0074198,0.03616,0.02992,0.018593,0.024473,-0.0024401,0.0050345,-0.0030939,0.0070734
0.033107,0.024516,0.031049,0.039826,0.039285,0.040101,0.01418,0.0094319,0.025543,0.0084832,0.0053633,-0.0031101,-0.0027563,0.0067366,-0.0075272,-0.013374,-0.017767,-0.020519,-0.021262,0.0092382,0.029434,-0.00010167,-0.00419,-0.044795,-0.012747,-0.019552,-0.01448,-0.0016173,-0.0010587,-0.030377,0.0046527,0.0074017,0.0026388,-0.01524,0.057766,0.056933,0.037432,0.053825,0.02132,0.0081358,-0.010566,0.027123,0.011494,-0.0085425,-0.0023163,0.0083073,0.018317,-0.012275,-0.011409,-0.020831,-0.020321
-0.013628,0.010119,0.025392,0.026934,0.0046987,0.026508,0.002885,0.0011912,0.0086174,-0.0083186,-0.037334,-0.028971,0.016149,0.00818,-0.0096243,-0.027254,-0.0086361,-0.029895,-0.049014,-0.035571,-0.041948,-0.041041,-0.031798,-0.022983,-0.046985,-0.036551,-0.044138,-0.047515,-0.03994,-0.051283,-0.063453,0.00095527,-0.01482,0.0048002,0.063756,0.022018,0.017037,0.036979,0.033442,-0.030323,-0.0079475,-0.021258,0.018651,-0.025816,-0.019008,-0.029916,-0.008073,-0.010814,-0.011784,-0.034657,-0.041288
0.0041982,0.011042,0.0090999,0.026221,0.0051821,0.0049547,0.057832,0.024423,0.00038767,0.035839,0.017694,0.0081355,-0.012503,0.012015,-0.0017828,-0.0068492,-0.0041076,-0.0077588,-0.056814,-0.0083622,-0.049414,-0.042905,-0.052065,-0.053058,-0.03633,-0.026475,-0.047731,-0.04405,-0.0069658,-0.033019,-0.022846,0.0075455,0.0029716,0.021874,0.045537,0.036426,0.028272,0.024989,0.045431,0.037195,0.066958,-0.010185,-0.023982,0.00023104,-0.0023602,-0.022783,0.040936,0.012561,0.028752,0.00069054,0.011411
0.031293,0.02909,0.013532,0.028126,0.0097098,0.055254,0.068035,0.058117,0.0091231,0.031365,0.026711,0.046538,0.010915,0.016265,-0.0072371,0.036646,0.0057764,-0.0004602,-0.0043894,-0.0081776,-0.024694,-0.03514,-0.030021,-0.058616,-0.038258,0.0061447,-0.046697,-0.042391,-0.0094575,-0.02116,-0.038119,0.018048,0.022442,0.023255,0.085601,0.029003,0.048703,0.030057,0.040294,0.062394,0.053942,-0.020485,-0.024744,-0.0072649,0.017758,-0.0016989,0.047149,0.046994,0.030758,0.019279,0.010836
0.021799,0.039993,-0.00022464,0.038651,0.0097023,0.036907,0.046162,0.045325,0.010513,0.0013501,-0.015749,-0.00051431,0.020578,0.019919,-0.0063168,-0.0074034,0.0080237,-0.012179,-0.034681,-0.010081,-0.019352,-0.048338,-0.016697,-0.05184,-0.050284,-0.041276,-0.049006,-0.057716,-0.052715,-0.028913,-0.026695,0.000489,0.039082,0.076865,0.082903,0.02908,0.01607,0.017513,0.022387,0.012078,0.028195,-0.014896,0.01214,0.047591,0.015291,-0.0053438,0.067479,0.051621,0.027629,0.02794,0.019902
0.020192,0.046333,0.03677,0.002676,0.018955,0.052543,0.036321,0.055084,0.030796,0.0019086,-0.016161,-0.0044663,0.0067013,0.0084581,0.0041595,0.016153,0.025159,-0.0093861,-0.014391,-0.0083558,-0.0071855,-0.020983,-0.034985,-0.055679,-0.016558,-0.050469,-0.0062338,-0.055482,-0.00071537,-0.052693,-0.026179,0.012572,0.017278,0.049754,0.077079,0.055889,0.01206,0.026121,0.035095,0.014668,-0.015839,0.022692,0.0077495,0.01445,0.002507,0.026577,0.039633,0.073772,0.058449,0.028064,0.013493
0.032725,0.052277,0.026877,0.0095073,0.0067125,0.026312,0.030788,0.019753,0.0053299,0.020652,0.014489,0.011581,-0.01467,-0.019423,0.01058,-0.020435,-0.012255,-0.035348,-0.020301,-0.012161,0.014419,-0.032023,-0.034162,-0.040256,-0.0020274,-0.012078,-0.022624,-0.033795,-0.03584,-0.040874,-0.011384,-0.010018,0.0063601,0.018183,0.045978,0.026008,0.013536,-0.0061452,0.032142,0.027746,0.020909,0.022588,-0.020868,-0.00039699,-0.010457,0.012032,0.018887,0.031158,0.044373,0.035972,-0.037023
-0.001596,0.019622,0.041562,0.024835,0.022365,0.034028,0.030398,0.010539,-0.0039035,-0.043747,0.003225,-0.031598,-0.045005,-0.012057,0.0082321,-0.0010887,0.0026598,-0.0084565,-0.019155,-0.028251,-0.014711,-0.036364,-0.063687,-0.043576,-0.019493,-0.0033007,-0.0017827,-0.036254,-0.056967,-0.034934,-0.0086849,0.0049851,0.039072,0.032186,0.028014,0.015208,0.030168,-0.026988,-0.017302,0.011895,-0.020857,-0.015787,-0.014392,-0.027851,-0.0015331,-0.0045405,0.053694,0.058782,0.039066,0.011602,-0.010098
-0.020262,0.013243,0.058426,0.037143,0.052035,0.042951,0.029771,0.051859,0.045815,-0.0018841,-0.050188,-0.016573,-0.033002,-0.0005043,0.00051494,-0.011301,0.010856,0.046062,0.023376,0.012389,-0.011806,-0.016014,-0.043581,-0.02565,-0.037008,-0.04587,0.0065033,-0.018075,0.0024197,0.017401,0.00096123,0.01004,0.029013,0.043148,0.0080637,-0.006692,-0.010425,-0.014233,0.021675,-0.036799,-0.037686,-0.02936,-0.0011924,-0.028294,-0.048222,-0.015451,0.016526,0.039826,0.067196,0.03003,0.00088658
-0.0063776,0.0011857,0.022432,0.030629,0.053001,0.059732,0.04456,0.058367,0.020168,0.00081915,-0.012775,0.0090649,-0.034606,0.0048624,0.0062115,0.0069429,0.021535,0.021733,0.0065817,0.016665,0.0022384,-0.0063097,-0.040008,-0.035541,-0.041909,-0.029072,0.018196,0.032011,0.027496,0.035728,0.020827,0.0068287,-0.009193,0.02036,1.1321e-05,0.013619,0.030158,-0.025019,-0.0057257,-0.02179,-0.0092938,-0.031501,-0.014548,-0.032573,-0.01867,-0.0060001,0.035282,0.025118,0.028977,0.040012,0.048007
-0.052791,0.0038362,0.012963,0.023623,0.037809,0.091855,0.08935,0.032295,0.048934,0.017584,-0.00085538,0.015833,0.017406,0.026485,0.026692,0.029322,0.015015,0.042601,0.034264,0.025221,0.0094311,-0.010318,-0.010989,-0.0023601,-0.015601,0.0028438,0.026863,0.05865,0.073142,0.036913,0.01323,0.008296,-0.0216,-0.029261,0.0091741,-0.0044329,-0.0093594,-0.0045802,-0.016823,0.0019623,-0.017324,-0.017053,-0.013533,-0.01193,0.012076,-0.0073135,0.0039233,-0.037008,0.052759,0.051563,0.065541
-0.030846,0.0011991,0.028612,0.035056,0.052817,0.072489,0.072913,0.062811,0.064234,0.035303,0.0080227,0.012826,0.0088263,0.040638,0.047427,0.021167,0.073738,0.060245,0.04416,0.033522,0.021335,0.026666,0.022048,0.01827,0.0084335,0.018066,0.05258,0.067491,0.074253,0.024906,0.0063101,-0.01016,-0.020787,-0.024,-0.014982,-0.018192,0.0055156,-0.0071456,-0.013429,-0.023326,-0.0090718,-0.0064299,-0.0061177,0.021985,-0.005212,0.01694,0.029962,0.021604,0.021199,0.037398,0.066138
-0.00060275,0.0048276,0.027299,0.040636,0.047159,0.0075454,0.036136,0.045263,0.094072,0.056485,0.033251,0.021293,0.036342,0.019639,0.027303,-0.0024915,0.046762,0.049538,0.054502,0.032188,0.020822,0.056208,0.055688,0.06132,0.030246,0.025302,0.046068,0.022058,0.07219,0.022948,-0.019387,0.0098706,-0.026854,-0.026347,-0.017247,-0.045542,-0.018306,-0.0038325,-0.011331,-0.043631,-0.00035814,-0.021128,0.026024,0.043693,0.015494,0.035957,0.045959,0.045733,0.030095,0.038049,0.033096
-0.015511,0.00037124,-0.0043458,0.032839,0.039247,0.028523,0.068139,0.026717,0.067949,0.070149,0.033373,-0.0027651,-0.016853,-0.0013121,0.027026,0.055044,0.076626,0.036995,0.035563,0.066335,0.050852,0.036517,0.070598,0.0301,0.040057,0.04968,0.029211,0.020888,0.014906,-0.016259,0.0025844,-0.002112,-0.040829,-0.044361,-0.028209,-0.028076,-0.026877,-0.040808,-0.053916,-0.041937,-0.0035491,-0.021825,-0.027166,-0.0061911,0.014013,0.01764,0.070323,0.02425,0.0028307,0.027449,0.0088038
-0.0025311,-0.019254,0.0022451,0.050837,0.029868,0.040796,0.054431,0.068825,0.03761,0.073841,0.029395,0.026139,-0.011799,0.050497,0.049578,0.060735,0.065147,0.049109,0.060674,0.044181,0.056025,0.030989,0.058569,0.061039,0.057578,0.058408,0.044819,0.0037112,0.030534,0.012256,0.0045578,0.036595,0.0032995,-0.034908,-0.010539,-0.025997,0.007708,-0.020255,-0.047192,-0.023329,-0.00925,-0.026209,0.0017772,0.042162,0.031428,0.023551,0.04946,0.057499,0.027476,0.045495,0.039878
-0.050244,0.020749,0.0038072,0.014837,-0.00033087,0.022529,0.02401,0.076404,0.087432,0.090733,0.031838,0.036546,0.021337,0.064626,0.060724,0.039973,0.06208,0.045169,0.017462,0.04167,0.040322,0.08687,0.056853,0.053333,0.0624,0.041044,0.044332,0.035678,0.066304,0.0065743,0.0072895,0.013123,-0.0076626,-0.015363,-0.0052381,0.0089323,-0.014576,0.0018142,0.01772,-0.048959,-0.024862,0.013266,0.0014194,-0.0013945,-0.0075883,-0.0047205,0.02434,0.02461,0.056559,0.0038902,0.025143
-0.017445,0.0089724,-0.019945,0.01528,0.00090621,0.06643,0.060577,0.093879,0.066008,0.070284,0.051781,0.038757,0.035457,0.066039,0.041435,0.062765,0.080563,0.060303,0.030745,0.038807,0.05794,0.050748,0.036244,0.067539,0.06683,0.047669,0.061928,0.041514,0.061055,0.046226,0.04609,0.037003,-0.003472,0.00047592,0.028192,0.0078069,0.020647,0.0075555,0.011751,-0.0035915,-0.014164,-0.006393,0.0071711,0.0017728,-0.0070967,-0.020784,0.019678,0.021933,0.031536,0.057597,0.062949
0.0064709,0.061319,0.03555,0.016479,0.03189,0.058957,0.06603,0.063851,0.06079,0.03901,0.023027,0.048596,0.024611,0.044788,0.06756,0.10347,0.082085,0.054884,0.05143,0.052243,0.046557,0.036719,0.064848,0.051114,0.060352,0.060937,0.044203,0.045635,0.047742,0.050174,0.065893,0.055224,0.059797,0.059692,0.078977,0.039991,0.019524,-0.016169,0.027843,0.012105,-0.0042243,-0.006078,-0.026326,-0.00040792,0.031974,0.014156,0.046478,0.043401,0.059519,0.084482,0.050111
0.020717,0.049333,0.0631,0.019685,0.036322,0.026671,0.071623,0.070377,0.060053,0.022257,0.058833,0.054201,0.029944,0.036917,0.052474,0.059678,0.087405,0.070675,0.068749,0.052106,0.044024,0.051333,0.055265,0.082725,0.083029,0.060365,0.071772,0.027263,0.055049,0.057059,0.040847,0.052473,0.044461,0.058422,0.046488,0.031572,0.04635,0.02549,0.04908,0.022353,0.0036393,-0.028349,-0.022841,0.00073803,0.017629,-0.0084029,0.038047,0.065642,0.062172,0.047768,0.047301
0.0090126,0.030407,0.050516,0.020472,-0.01402,-0.0053345,0.026954,0.054615,0.035805,0.026096,0.017971,0.016256,0.014738,0.032361,0.037056,0.026211,0.066498,0.043682,0.036776,0.0078869,0.024963,0.049165,0.058031,0.039995,0.046742,0.038875,0.053819,0.0234,0.055578,0.056849,0.0043076,0.0057055,0.028719,0.06683,0.045513,0.015089,0.027812,0.020017,0.047219,0.022458,0.017091,-0.023314,-0.0089246,0.018088,-0.013523,-0.01723,0.037121,0.054537,0.039359,0.037999,0.01589
0.031594,0.049445,0.025123,0.018751,0.0097679,0.047765,0.040731,0.0050832,0.0095494,0.018134,0.031029,0.051724,0.037414,0.046111,0.041295,0.06769,0.042039,0.023723,0.010117,0.044006,0.056666,0.065332,0.066586,0.045846,0.077923,0.082449,0.042795,0.0087966,0.024181,0.0072071,0.030907,0.038125,0.018358,0.036674,0.086286,0.065418,0.049024,0.02838,0.019934,0.010816,-0.014014,0.014256,0.015498,0.023504,0.046116,0.023298,0.041894,0.0013459,0.030833,0.021573,0.015163
0.011098,0.027927,0.019723,0.026575,-0.012067,-0.011468,0.017747,0.003742,0.0086049,0.038243,0.032748,0.031556,0.017692,0.051544,0.041631,0.02322,0.020862,0.010682,0.0033098,0.064844,0.077482,0.057342,0.022463,0.055798,0.025106,0.022908,0.024398,0.027751,0.030512,0.0019029,0.0025131,0.030709,-0.0074541,0.022776,0.081693,0.041999,0.028513,0.026274,0.02437,-0.0070102,-0.0057652,-0.012285,0.0079061,0.012265,0.032694,0.014648,0.046204,-0.0092247,0.052027,0.0058093,0.0065465
0.0081956,0.024138,0.032604,0.039523,0.037033,0.048304,0.030746,0.03552,0.042399,0.055594,0.025955,0.067315,0.040736,0.055625,0.050235,0.047229,0.056098,0.038036,0.038837,0.083988,0.059227,0.078607,0.058638,0.049449,0.043804,0.060497,0.047215,0.035928,0.036223,0.023818,0.021097,0.055171,0.032693,0.045324,0.079946,0.075372,0.082534,0.049882,0.051415,-0.01743,0.028294,0.02848,0.056374,0.055551,0.041081,0.049005,0.065188,0.051893,0.067403,0.025024,0.03585
0.024581,0.020952,0.040335,0.083235,0.036619,0.014764,0.033453,0.025819,0.047863,0.041758,0.062951,0.051306,0.055203,0.08437,0.065666,0.0567,0.035299,0.06589,0.038805,0.057506,0.075084,0.087948,0.078344,0.05948,0.051902,0.051011,0.049183,0.0021834,0.029735,0.025473,0.0085939,0.040454,0.068915,0.083288,0.091684,0.039025,0.055323,0.023478,-0.012201,0.029587,0.047031,0.0072741,0.051233,0.071047,0.034065,0.025788,0.081112,0.052307,0.022558,0.011343,0.032854
0.012121,0.029397,-0.0034676,0.015529,0.024238,0.045294,0.045926,0.01962,0.039384,0.046005,0.054023,0.073836,0.047065,0.046469,0.064398,0.01895,0.057358,0.05278,0.054229,0.054948,0.071787,0.032073,0.05613,0.03605,0.075705,0.072322,0.056666,0.048328,0.0308,0.021968,0.036619,0.040383,0.023432,0.031815,0.029453,0.039583,0.058397,0.026193,0.04529,0.054016,0.064043,0.051748,0.0319,0.046938,0.046689,0.054539,0.06482,0.04304,0.038767,0.047933,0.038653
-0.012691,0.017125,0.034996,-0.0052427,0.03044,0.050407,0.016479,0.041141,0.057396,0.036995,-0.0045892,0.049504,0.037787,0.046627,0.053684,0.025939,0.036668,0.016589,0.060368,0.041551,0.067861,0.046584,0.071277,0.085598,0.072407,0.026843,0.094319,0.049147,0.072319,0.0080027,-0.021826,0.0056249,0.0095752,0.0044186,0.024527,0.0214,0.014059,0.012374,0.046646,0.080638,0.063821,0.071527,0.040983,0.045305,0.0087863,0.051639,0.012843,0.02409,0.036472,0.040322,0.032019
-0.0079651,0.033443,0.023855,0.023616,0.048513,0.082719,0.052363,0.023591,0.017319,-0.031709,-0.023528,-0.002863,0.037886,0.058877,0.038973,0.019218,0.06153,0.064022,0.033231,0.048723,0.048359,0.058915,0.076277,0.082379,0.082314,0.035932,0.079887,0.066987,0.038468,-0.0050331,0.021792,-0.00087364,0.026087,0.030548,0.024825,0.029355,0.0094531,0.0040741,0.014117,0.016715,0.017965,0.073317,0.070303,0.058646,0.036951,0.045607,0.053225,0.022442,0.035315,0.049422,0.041606
0.0071056,0.016224,0.00071591,0.022004,0.0094256,0.037895,-0.004862,0.016255,-0.002012,-0.028532,-0.042306,-0.044594,-0.02998,-0.0080073,0.0083234,-0.007937,-0.00050211,0.026248,0.037152,0.025726,0.062088,0.063861,0.030686,0.040229,0.029755,0.047662,0.037123,0.043297,0.024173,0.0046986,-0.021312,0.0037341,0.0036613,-0.0037906,0.015481,-0.021311,-0.01587,-0.036957,0.0044292,0.017614,0.03722,0.038299,0.038672,-0.0034939,0.02977,0.026503,0.032824,0.034784,0.023289,0.029988,0.01355
0.009236,-0.012427,-0.001046,-0.0032038,0.021738,-0.0083124,0.01604,0.013915,-0.033746,-0.022871,-0.017221,-0.0096156,-0.059355,0.010749,0.0071384,-0.016137,-0.0061616,0.028596,0.015473,0.03784,0.020584,0.03926,0.031131,0.055163,0.063984,0.072244,0.057065,0.012102,-0.00083307,-0.012528,-0.0041432,-0.012539,0.018175,0.016118,-0.033862,-0.020782,0.0066792,-0.042089,-0.017058,-0.0050383,0.026552,0.0098812,0.0026418,0.025415,0.018098,-0.014717,0.028553,0.024005,0.00089005,0.00015949,0.026074
-7.9633e-05,0.017241,0.0364,0.013244,0.01079,-0.016482,-0.018578,-0.0092611,-0.0070821,-0.007854,-0.021385,-0.029983,-0.034477,0.0097663,0.007804,0.023298,0.010168,-0.009323,-0.0035453,0.013119,0.019596,0.031914,0.039029,0.062527,0.05071,0.044425,0.052586,0.026688,0.0072374,-0.014448,-0.0086671,0.046343,0.027242,0.029074,0.034951,-0.0056297,-0.035281,-0.031635,-0.012301,-0.015413,0.039647,0.03681,0.032648,0.004288,0.017245,0.0041369,0.040722,0.035572,0.031066,0.0045939,0.009125
0.012899,0.017171,-0.0054855,0.012275,-0.0081915,-0.0010354,-0.0074371,0.0025004,-0.0069138,-0.017423,-0.015956,-0.029795,-0.0024937,-0.0066429,-0.018223,-0.0020552,0.026238,0.010735,0.024928,0.016924,0.020902,0.019497,0.040224,0.012199,0.045189,0.051947,0.023412,0.021342,0.01279,-0.0069569,0.0091975,0.04451,0.0046639,0.0045413,0.026135,-0.017533,-0.026425,0.0098331,0.01377,-0.021709,-0.0082319,0.0062572,0.01705,-0.00048525,0.0043896,0.0006409,0.046428,0.046514,0.023499,0.04496,0.019718
0.0090933,0.012151,0.0029725,-0.014352,-0.014422,-0.033248,0.0063458,-0.038451,-0.019931,-0.0060072,-0.023816,-0.02283,0.0033436,-0.0078275,-0.0052021,-0.008944,0.0013786,-0.022003,-0.024795,0.040036,0.038219,0.034497,0.036517,0.011655,0.017754,0.028836,0.014942,-0.023086,0.029538,-0.01701,0.010226,0.0018538,-0.0083075,0.0049572,0.030849,-0.015765,-0.036883,-0.014714,-0.028619,-0.02057,-0.015409,-0.0063338,-0.013481,0.033518,0.019091,0.030076,0.059191,0.036564,0.022429,0.027507,0.041953
-0.011463,0.0081124,0.034155,0.0041579,-0.0021229,0.0073971,0.034207,-0.009715,-0.045014,-0.040926,-0.030021,-0.017405,-0.0012767,-0.00027005,0.017933,-0.0052347,0.017157,-0.012649,0.016757,0.026187,0.021009,0.044568,0.049254,0.043656,0.02347,0.038623,-0.0008972,-0.012234,0.028009,0.0047258,-0.030319,-0.003819,-0.010239,-0.0040784,0.037621,0.011062,0.0078846,-0.0092671,-0.0098799,-0.024724,0.0089575,-0.022899,0.031149,0.086827,0.081819,0.042038,0.049342,0.057184,0.054621,0.057405,0.068101
0.004982,0.0069552,-0.00077773,0.010333,-0.045644,-0.042354,0.0029206,0.00037882,-0.032247,-0.025438,-0.01387,-0.0002133,-0.025575,-0.0067389,-0.011125,0.00052368,0.0068552,0.0064385,-0.014896,0.012025,0.018317,0.025676,0.050437,0.011884,0.005127,0.017943,0.0041114,0.015703,0.015862,-0.0013798,-0.040365,-0.060901,-0.060626,-0.040349,-0.010015,-0.029473,-0.013637,-0.0050647,-0.014143,-0.01027,0.027172,-0.035028,0.019305,0.049736,0.040668,0.013862,0.068822,0.057587,0.043861,0.043594,0.038317
-0.010659,0.0037799,-0.0017557,-0.0051498,-0.032775,-0.013034,-0.02262,0.00049127,0.005698,0.0097823,-0.013963,0.030636,0.0038911,0.0044616,-0.033489,0.011832,-0.0064471,0.018644,-0.016926,0.010686,0.011166,0.021027,0.030325,0.03836,0.060632,0.040284,0.033804,-0.0078963,0.024862,-0.020559,-0.032872,-0.039044,-0.068839,-0.052973,-0.0030759,-0.019373,-0.015263,0.03405,0.042138,0.024772,0.013768,0.014072,0.058686,0.05329,0.065747,0.056949,0.060038,0.054412,0.067349,0.04491,0.04775
-0.050533,0.0026677,-0.0021381,0.0070167,-0.013799,0.024915,0.0025228,0.033524,0.0086022,0.047266,-0.0063231,0.018366,-0.031233,0.0029755,0.039444,0.0017758,0.04428,0.014886,-0.019715,0.0077469,0.046242,0.027568,0.02926,0.043654,0.058287,0.041452,0.01842,0.015947,-0.0057856,-0.013634,-0.013865,-0.030124,-0.042653,-0.021199,-0.0035451,0.0082733,0.0024985,-0.012604,0.039728,0.0044585,0.029191,0.033125,0.050044,0.06153,0.05987,0.063358,0.058202,0.048017,0.061044,0.033673,0.048847
-0.045308,-0.0047209,0.0089515,-0.010074,-0.0096704,0.035652,0.0067463,0.047958,0.050757,0.037533,0.037194,0.011271,-0.022152,0.012701,0.031952,0.041851,0.025475,0.026335,0.0088959,0.012002,0.050515,0.032882,0.02829,0.045164,0.052681,0.0013652,0.031813,0.011705,0.023791,0.012099,0.0084084,-0.0059041,-0.004378,-0.039801,0.01823,0.03155,0.028475,0.016612,-0.004755,0.016122,-0.0047495,0.025301,0.041373,0.05561,0.056724,0.060547,0.053657,0.068294,0.094958,0.046091,0.028767
-0.041629,-0.016549,-0.0031898,-0.025258,-0.023981,0.00049371,0.0072136,0.038834,0.076082,0.040742,0.039403,0.009323,0.0084658,0.011352,0.020446,0.0083828,0.0051387,0.00095447,-0.025654,-0.0015095,0.026051,0.044773,0.064382,0.022274,0.048202,0.023438,0.030133,0.023603,0.0086505,-0.0030543,0.00045772,-0.026793,0.004101,-0.016587,-0.014469,0.020952,0.045016,0.014639,0.017975,0.012499,0.0035894,0.026566,0.052282,0.0434,0.027879,0.032191,0.055368,0.049095,0.027401,0.031442,0.0093122
-0.016186,-0.036213,-0.028379,-0.026049,0.0093571,0.0080567,0.0012047,0.044395,0.066567,0.054685,0.029685,0.016729,0.041558,0.028499,0.044674,0.015988,0.033785,-0.005138,-0.0018358,0.0052733,0.027216,0.017239,0.051731,0.07989,0.054955,0.045453,0.051702,0.0031302,-0.01366,0.020029,-0.0091617,-0.0075469,-0.0096976,0.012377,-0.0063814,-0.0079744,0.033098,-0.0073878,0.013731,-0.0061575,0.021164,-0.0044815,0.047153,0.039938,0.01844,0.011704,0.029912,0.024135,-0.013531,0.029646,0.021658
-0.024949,-0.0069239,-0.0048003,-0.060497,-0.017223,-0.014228,-0.0084569,0.027959,0.047797,0.033194,0.01928,0.014695,-0.021754,0.00031871,0.00976,0.024326,0.0075585,0.018393,0.0043656,0.0026666,-0.010219,0.029626,0.0607,0.032698,0.045257,0.032848,0.01439,0.0064889,0.0050404,-0.024997,-0.02039,-0.022401,-0.0024617,-0.021719,-0.011699,0.0068091,-0.0071242,-0.018599,0.0064949,0.0085932,0.0031933,0.018819,-0.0044528,-0.0068528,0.015287,0.0095284,0.032838,0.01051,0.013688,-0.0029573,-0.0054081
-0.0078268,0.0021825,0.012791,0.0039979,-0.036101,-0.00015861,0.011579,0.043502,0.022032,0.046948,0.032751,-0.00021527,0.0018139,0.027749,0.0021944,0.024168,0.03441,0.072526,0.041521,0.027977,0.029803,0.023364,0.05768,0.067872,0.046531,0.022981,0.0087531,0.036474,0.003379,-0.0099586,-0.019531,0.0072742,-0.0048269,-0.028309,0.00048471,-0.032571,-0.014952,0.0096943,-0.0026779,0.013308,0.033385,-0.00839,0.0016054,-0.010788,0.010144,0.0011773,0.033736,0.0042782,0.022629,0.018536,-0.016729
-0.049839,-0.021696,-0.010768,-0.0013096,-0.0021205,0.031114,0.0293,0.048372,0.016713,0.0030971,-0.026566,-0.025656,0.010316,0.025145,0.028931,0.037531,0.0716,0.09719,0.056881,0.049454,0.0093805,0.028794,0.037468,0.025747,0.023251,0.031338,0.014994,0.030668,0.017629,-0.024992,-0.032129,-0.0049415,-0.026479,-0.013703,-0.019717,-0.044568,-0.031241,-0.004507,0.0035976,-0.022718,-0.0021432,-0.013206,0.0016841,-0.031822,-0.0017666,-0.0044147,0.024893,0.0099637,0.0095548,-0.0034768,0.0022065
-0.015824,-0.04312,-0.030363,-0.0051043,0.030774,0.010547,0.039918,0.013267,0.013339,0.0049668,-0.021777,-0.0098504,0.011295,0.033719,0.060313,0.04841,0.052885,0.098716,0.057595,0.082971,0.048009,0.028633,0.02217,0.0072141,0.00035835,0.017199,0.02014,0.0083411,0.035222,-0.0055778,-0.0086671,-0.020273,-0.03331,-0.038063,0.0017184,-0.017329,-0.024208,0.0020779,0.0019796,-0.014046,-0.0039613,-0.0099281,-0.012003,-0.0028992,-0.01601,-0.0024297,0.011242,-0.0099196,0.014716,0.01575,0.031253
-0.017739,-0.044937,-0.014881,-0.004163,0.0022452,0.030098,0.040789,0.032754,0.023861,0.018498,0.043682,0.018472,0.040479,0.060069,0.084013,0.089154,0.09713,0.063712,0.073822,0.08012,0.08481,0.024264,0.035485,0.0013983,-0.011202,0.02565,0.037447,0.054984,0.024698,0.026765,-0.0048926,-0.023644,-0.03452,-0.048565,0.0053493,-0.014894,0.021042,-0.0068029,-0.035859,-0.010035,0.011118,-0.015601,-0.0023767,-0.0068213,-0.01266,-0.015808,0.0013058,0.01398,-0.018511,0.017525,0.0053333
-0.040171,-0.025165,0.010358,0.02427,0.020864,0.030496,0.046874,0.024685,0.039654,0.01746,0.01272,0.031048,0.048847,0.044031,0.097467,0.083559,0.080595,0.10042,0.10604,0.096175,0.076767,0.037123,0.048941,-0.025036,0.0097845,0.028826,0.032484,0.012326,0.041993,0.013702,-0.01406,-0.0035283,0.016985,-0.0045948,-0.0064061,0.015023,0.013253,0.014374,-0.011801,0.0048973,0.012594,-0.01627,0.015575,0.021204,-0.021465,-0.0086213,0.0082269,0.029957,0.026898,0.022982,0.016396
