0.046827,0.046827,0.063573,0.082585,0.06126,0.064046,0.047266,0.0097341,-0.0030286,0.015858,0.0045802,-0.033083,-0.064981,-0.028593,-0.039122,-0.040551,-0.058036,-0.041838,-0.033796,-0.026315,-0.056575,-0.06516,-0.059008,-0.030282,-0.0069962,-0.031281,-0.03573,-0.037728,-0.024999,-0.03791,-0.029997,-0.012311,0.014573,0.013893,0.024708,0.037084,0.0031604,0.0015831,-0.021458,-0.0031272,0.020782,0.0059054,0.0083873,-0.02592,-0.029726,-0.02913,-0.0065701,-0.02215,-0.0073436,-0.023043,0.011472
0.063745,0.058116,0.090777,0.04805,0.04004,0.037434,0.024059,0.029355,0.020986,0.030634,-0.03301,-0.027321,-0.068121,-0.02543,-0.017834,-0.059429,-0.09517,-0.03961,-0.027565,-0.026426,-0.06178,-0.058476,-0.054158,-0.025388,-0.033544,-0.016768,-0.020845,-0.0097256,0.020294,-0.041706,-0.016822,-0.0074843,0.010895,0.029174,0.022852,0.018447,0.018343,0.0080449,0.01963,0.0011635,0.0056717,-0.012177,-0.023724,-0.042106,-0.036073,-0.02553,-0.013087,0.0025028,0.0029893,-0.03261,-0.0027042
0.08171,0.091251,0.068819,0.051413,0.025915,0.067809,0.0037814,0.0056301,0.03011,0.010912,0.0036086,-0.00069968,0.0031919,-0.033825,-0.011324,-0.016577,-0.029738,-0.049798,-0.050417,-0.043354,-0.056637,-0.067207,-0.046188,0.009116,-0.023207,-0.018779,-0.0080059,0.020243,-0.024971,0.021647,0.01601,0.0071491,0.016185,0.009111,0.028979,0.010357,0.044301,0.0116,-0.0017857,-0.043903,-0.011417,-0.018148,-0.015819,-0.038958,-0.012222,0.014895,-0.0050676,0.0063562,-0.0088012,-0.022769,0.0084067
0.071658,0.05677,0.05795,0.025672,0.021582,0.045266,0.018558,-0.0066185,0.014234,0.017547,0.0066144,0.0063179,0.01001,-0.025113,-0.013876,-0.0035955,-0.035845,-0.036374,-0.066678,-0.045246,-0.0044711,-0.055565,0.007585,0.018754,0.0069306,-0.010831,0.013107,-0.0013767,-0.002967,-0.0062303,0.035325,0.0361,0.026518,0.049487,0.03179,-0.00097268,0.019858,0.0097646,-0.011682,-0.02152,-0.033583,-0.0023715,-0.0054498,-0.020521,0.0052907,0.025328,-0.0081535,-0.036981,-0.03687,-0.021506,-0.0083346
0.024796,0.020193,0.024328,0.027715,0.023841,0.020207,0.0042767,0.0053499,-0.0055696,-0.0078522,-0.0023465,-0.004358,-0.021416,-0.034312,0.0042531,-0.028242,-0.019271,-0.02154,0.030717,-0.036083,-0.031191,-0.0055861,-0.0041779,-0.015373,0.01927,-0.020849,-0.0040279,-0.0094741,0.016336,-0.016737,0.0062812,0.02152,0.054563,0.038101,0.024696,0.046352,0.010268,0.030082,0.013448,-0.018431,-0.050582,-0.063394,-0.070023,-0.012569,-0.03346,-0.0045157,-0.014004,0.007223,0.0098653,-0.0094033,-0.024391
0.00019675,0.011579,0.0211,0.021833,-0.023024,0.0071805,0.01227,-0.020286,-0.018821,0.0074129,0.029672,0.00084771,0.0025835,-0.031864,-0.015676,-0.054904,-0.028597,-0.016589,0.0080545,-0.021022,0.0062071,6.2792e-05,0.025321,-0.0083336,-0.010558,-0.010357,0.0070206,-0.012193,-0.0057369,-0.0078061,0.0084901,0.034516,0.046787,0.032793,-0.0094843,0.0072749,-0.00079379,0.0048718,-0.0014211,-0.00051377,-0.028333,-0.054715,-0.049814,-0.025597,-0.038951,-0.029093,-0.0040011,-0.028528,-0.026185,-0.028746,-0.047576
-0.036741,-0.027579,-0.041181,-0.013484,-0.009782,-0.025104,-0.031063,-0.022605,-0.04148,-0.032626,-5.6356e-05,0.0081828,-0.0051538,-0.037372,-0.032829,0.0086861,-0.034352,-0.0064014,-0.015001,-0.042209,-0.023924,-0.01339,-0.0032055,-0.018945,0.014293,-0.0082103,0.0048736,-0.0035813,0.0037265,0.020828,0.042003,0.042414,0.031616,0.0049777,0.011776,-0.0018816,-0.020803,-0.012288,-0.027486,-0.039915,-0.029068,-0.026991,-0.064115,-0.032688,-0.0094671,-0.028922,-0.03504,-0.067076,-0.078527,-0.063193,-0.072694
-0.02713,-0.029297,-0.041909,-0.009494,-0.019532,-0.0037482,-0.00053091,0.0040549,-0.012131,0.0095258,-0.024188,-0.0041164,-0.0019113,-0.032079,-0.041567,-0.028005,-0.012712,-0.050817,-0.029161,0.0039845,-0.014329,-0.0043199,-0.025681,0.0027824,-0.032339,0.0015933,-0.0027749,0.010346,0.0025576,0.034096,0.063623,0.033169,-0.00061298,-0.019281,0.0090399,-0.025732,-0.0022478,-0.0015418,0.0037503,-0.04277,-0.007389,-0.048901,-0.076245,-0.056681,-0.053777,-0.014195,-0.041264,-0.075539,-0.079286,-0.045457,-0.059189
-0.071658,-0.048117,-0.027267,-0.025818,-0.01913,-0.033669,-0.00014447,0.0055604,-0.0032517,0.0015682,-0.050632,-0.045101,-0.020688,-0.011301,-0.043838,-0.048141,-0.050292,-0.063873,-0.023717,-0.0048919,-0.036421,-0.017702,-0.0086808,0.01008,-0.042266,-0.031354,-0.012572,0.00094191,0.0074422,0.035422,0.049723,0.012972,0.00021506,0.0055725,0.0018662,0.0052139,-0.0051651,-0.00097569,0.0027551,-0.053712,-0.024026,-0.074474,-0.094485,-0.065967,-0.032559,-0.070086,-0.042812,-0.071139,-0.063639,-0.069453,-0.082806
-0.057404,-0.058105,-0.042188,-0.019829,-0.035162,-0.0093293,0.0058579,-0.0078585,-0.012643,-0.033064,-0.01735,-0.021569,-0.059736,-0.025841,-0.017918,-0.0333,-0.059398,-0.029319,-0.047987,-0.04853,-0.023508,-0.016254,-0.011834,-0.029051,-0.001519,-0.0097742,-0.0088497,-0.016293,0.0083017,0.013892,0.029541,0.02963,0.01791,-0.027898,0.018584,0.032239,0.00086673,-0.015859,-0.027497,-0.020274,-0.027917,-0.032961,-0.074428,-0.066816,-0.042114,-0.046973,-0.070657,-0.06484,-0.074889,-0.092163,-0.061673
-0.045873,-0.0089295,-0.0090329,0.0043626,-0.0034755,-0.0089062,0.013982,0.00080959,-0.0052759,-0.010323,0.010207,-0.0162,-0.0093532,-0.035178,-0.012673,-0.034165,-0.014321,-0.0078805,-0.025007,-0.028881,0.012878,-0.019644,-0.010685,0.00072413,0.0018376,0.014444,0.013392,-0.0014819,0.021119,0.0041355,0.01293,0.016617,0.023056,0.015974,0.018166,0.035685,0.042757,0.0027018,0.027783,0.023221,-0.0059996,-0.0010644,-0.033984,-0.057787,-0.057174,-0.030522,-0.043052,-0.042846,-0.056893,-0.021442,-0.040717
0.011451,0.01635,0.0069947,-0.027362,0.0043965,-0.023005,-0.032914,-0.036703,0.02592,-0.014021,-0.0039464,0.035665,-0.0034848,-0.015809,0.0048868,-0.030494,-0.0046975,-0.029964,0.0027955,0.012339,0.016353,0.0069947,0.0078997,0.019214,0.012147,0.0058273,0.039361,0.030199,0.029069,0.013248,0.020537,0.029698,0.052292,0.048234,0.032999,0.04107,0.01949,0.031733,0.050466,0.041988,0.042938,0.031922,0.021586,-0.022981,-0.033384,-0.020137,-0.053734,-0.036766,-0.024576,-0.043681,-0.046311
-0.0014569,0.0042795,0.0007139,-0.038951,-0.025397,-0.0060636,-0.022558,-0.029937,-0.012769,-0.020341,-0.023771,-0.0063467,-0.013149,-0.00023302,0.0128,-0.023043,-0.022302,-0.0094593,-0.022274,-0.016241,-0.0066831,-0.034768,0.016226,0.04411,-0.020121,0.0055541,0.045635,0.043687,0.015786,-0.0066698,-0.0035468,-0.012513,0.040153,0.02657,0.019271,0.0058094,0.027445,-0.00083332,0.042807,0.039323,-0.0055842,0.038377,0.027598,-0.0011602,-0.025178,-0.029578,-0.05695,-0.028317,-0.026433,-0.026187,-0.072072
-0.015166,-0.0039451,-0.046649,-0.043061,-0.035964,-5.3574e-05,-0.020969,-0.031137,-0.012782,-0.029146,-0.01473,-0.016635,-0.061418,-0.051305,-0.010136,-0.015541,-0.030567,-0.025098,-0.011213,-0.0030363,0.012838,0.00044048,0.010699,0.021756,-0.0073951,0.0038313,0.02794,0.029084,0.012953,0.041176,0.0023955,0.006373,0.015639,0.010979,0.0047569,0.013823,0.033859,0.01089,0.0088548,0.016392,0.025815,0.027567,0.009765,-0.027779,-0.0096055,-0.029691,-0.055236,-0.022701,-0.0054716,-0.027166,-0.00019165
-0.021424,0.007002,-0.021294,-0.04176,-0.043088,-0.02294,-0.0035809,0.0014749,-0.0076404,0.0017985,-0.031919,-0.01517,-0.041145,-0.030554,-0.019503,-0.033445,-0.025654,-0.0032555,0.01831,0.020358,0.040728,0.027562,0.006756,0.0092417,0.0015,0.0074839,0.032544,0.041049,0.079206,0.040016,0.030149,0.049017,0.030376,0.0414,-0.011896,-0.00048095,0.0048391,0.021067,0.014849,0.010864,0.021598,0.049767,0.028985,-0.015279,-0.023802,-0.014984,-0.0014423,-0.0075358,0.0076351,0.012915,0.038458
-0.032157,-0.038379,-0.055267,-0.028744,-0.047305,-0.028807,-0.032078,-0.01266,-0.020231,-0.0072706,-0.032675,-0.047874,-0.044903,-0.012791,-0.0022293,-0.039686,-0.032119,-0.033349,0.026038,0.0024311,-0.016385,-0.028307,-0.026815,0.0073264,0.029825,0.0035525,0.042201,0.072787,0.080837,0.048871,0.029421,0.0086649,0.020782,-0.018061,-0.013988,-0.023267,-0.057467,-0.024876,-0.019464,0.0076423,0.016159,0.055928,0.011891,0.010043,-0.037317,-0.01762,0.0054736,0.0029408,0.0085187,0.022277,0.014851
-0.0059444,0.0049547,-0.027684,-0.038282,-0.046912,-0.03634,-0.028824,-0.05976,-0.018071,-0.016618,-0.0057017,-0.027513,-0.0050003,-0.013641,0.01141,-0.0061568,-0.025348,-0.0098729,0.037517,0.022971,0.015917,-0.015434,0.019834,0.010187,0.031264,0.023844,0.068663,0.094201,0.08867,0.070397,0.065981,0.073454,0.024889,0.012013,0.017838,-0.021152,-0.04766,-0.0070734,-0.013291,0.005646,0.039985,0.069024,0.0188,-0.0014589,0.013259,-0.0063575,0.03518,0.039503,0.041539,0.035346,0.02035
0.0015025,-0.013712,-0.029841,-0.02972,-0.031478,-0.053882,-0.0040997,-0.054775,-0.048089,0.001135,-0.003937,-0.037413,0.0062217,-0.025565,-0.03392,-0.013569,-0.012835,-0.047139,0.022382,0.036979,0.023596,0.020672,0.02363,0.01576,0.014232,0.011841,0.044374,0.025253,0.056521,0.071519,0.058269,0.03158,0.013347,0.0035117,-0.0069517,-0.026885,0.00030464,-0.022658,-0.019358,-0.024084,0.036184,0.022845,-0.017447,0.014146,-0.010753,0.024762,0.046857,0.039036,0.0063043,0.071132,0.02159
0.024428,-0.022946,-0.051171,-0.048724,-0.062412,-0.057087,-0.028339,-0.038248,-0.042944,-0.047156,-0.057201,-0.015453,-0.0097316,-0.011648,0.0086454,-0.015269,-0.019943,-0.046864,0.0070366,0.018971,0.014414,0.059833,0.028268,-0.0014397,-0.011061,-0.0048323,0.0095845,0.032057,0.060232,0.037839,0.036923,0.037547,0.038256,0.012134,0.0095221,-0.041658,-0.010065,-0.00025641,-0.0060066,-0.035071,0.010617,0.0077289,-0.025052,0.017015,-0.00013124,0.034469,0.038842,0.036604,0.018999,0.028381,0.0007667
0.00071975,-0.014812,-0.053821,-0.052534,-0.046007,-0.031205,-0.02652,-0.039884,-0.047734,-0.031658,-0.036776,-0.021308,-0.011418,-0.00039633,0.0064119,-0.0032421,-0.037712,-0.015574,-0.0037182,0.0086824,0.021484,0.046752,0.040673,0.029664,0.005575,-0.025129,-0.0048667,0.036233,0.037057,0.038992,0.041154,0.035772,0.014384,0.0012772,0.01564,0.0045219,-0.014335,-0.013137,0.012735,-0.0107,-0.021471,-0.0028603,0.0011941,0.017837,0.050462,-0.0044143,0.050439,-0.010421,0.02825,0.027234,-0.027247
0.033871,0.019481,-0.032499,-0.0375,-0.077304,-0.037756,-0.038282,-0.043348,-0.032481,-0.018697,-0.02384,0.022548,-0.033413,-0.024898,0.0017579,-0.015197,-0.038957,-0.019264,-0.026885,0.014705,0.019249,0.054601,0.01295,-0.014466,-0.026485,-0.023114,0.0010103,0.0043622,0.029989,0.021122,0.033584,0.042644,0.01199,-0.020068,-0.0054212,-0.0097664,-0.0079641,-0.035354,-0.0059869,0.008845,-0.0083185,-0.023421,-0.012212,-0.010551,-0.004097,0.0096989,0.0054558,-0.01142,0.015315,0.0040884,0.0061874
-0.038695,-0.013583,-0.033011,-0.061097,-0.047137,-0.059281,-0.033894,-0.032216,-0.042099,-0.029742,-0.044005,-0.0010507,-0.029873,-0.041623,-0.031101,-0.025109,-0.025228,-0.00068997,-0.029612,-0.022709,-0.011061,0.0036263,-0.038048,-0.024156,-0.015482,-0.01051,0.017022,0.001532,0.025545,0.001151,0.035961,0.035486,-0.0037086,0.012122,-0.010886,-0.020374,-0.017251,-0.045975,-0.018678,-0.047197,-0.014531,0.0090611,-0.027837,-0.038992,-0.0071089,-0.01868,-0.026699,-0.024289,-0.0021679,-0.018655,-0.032336
-0.00054676,-0.029614,-0.00089015,-0.0082093,-0.053849,-0.033026,-0.010452,-0.0076643,0.039923,-0.00054569,-0.0083408,-0.00051646,-0.026124,-0.030073,-0.018524,-0.066588,-0.013824,-0.01968,-0.0036637,0.035122,0.02821,-0.014208,-0.018324,-0.0069589,-0.032324,-0.024327,0.01271,0.0033633,-0.013096,0.037657,0.040659,0.023612,0.045616,0.043751,0.018127,-0.034718,-0.029146,-0.071991,-0.055833,-0.015818,0.010122,-0.010009,-0.027549,-0.03726,-0.016773,-0.029128,-0.036221,-0.025816,0.0049442,-0.023628,-0.020903
-0.027767,0.0078208,-0.0062685,-0.032228,-0.022654,-0.012157,-0.024645,-0.0056876,0.022728,0.012797,-0.0064564,-0.010789,-0.03086,-0.06423,-0.017805,-0.045514,-0.0084697,0.013132,0.038544,0.020405,0.026248,-0.019118,-0.012882,-0.0038765,-0.032746,-0.034512,-0.0043564,-0.0068102,0.01154,0.031275,0.058997,0.033875,0.018159,0.0059889,0.031934,0.005844,0.010685,-0.049331,-0.019808,-0.020258,-0.047351,-0.011365,-0.065415,-0.046093,-0.048278,-0.033067,-0.05044,-0.0026156,-0.00078456,0.014704,-0.014793
0.010968,0.02101,-0.014912,-0.032294,-0.035854,-0.045493,-0.0065013,-0.011669,0.014517,0.0063544,-0.010199,-0.0019356,-0.021756,-0.0098264,0.007939,-0.0080843,0.027987,-0.0075903,0.012842,0.020626,0.02779,-0.012554,-0.019828,-0.029314,-0.011349,-0.043204,0.021044,-0.018114,0.022093,0.028983,0.049458,0.068754,0.0086346,0.01397,0.0031756,0.020276,-0.016908,-0.03549,-0.0311,-0.011348,-0.017646,-0.022645,-0.036093,-0.039941,-0.035375,-0.0049471,-0.037881,-0.056217,-0.042227,-0.023625,0.016928
0.0044067,0.029867,-0.026267,-0.0075116,-0.032305,-0.048284,-0.030851,-0.013401,-0.03576,-0.025201,0.0061992,0.019328,0.0082666,0.0037743,0.019959,0.0027271,0.021769,0.016999,0.016077,-0.032905,-0.023899,-0.010895,-0.021511,-0.032586,-0.019931,-0.030566,-0.022325,-0.023026,0.020261,0.010607,-0.0045223,0.046411,0.033491,0.0080225,-0.015104,-0.0025358,-0.022924,-0.02952,-0.035562,-0.046991,-0.05017,-0.0085744,-0.026042,-0.030447,-0.030469,-0.047735,-0.026404,-0.054943,-0.054125,-0.046847,-0.029844
0.025813,0.027994,-0.014194,-0.01266,-0.041143,-0.039955,-0.066906,-0.050574,-0.034307,0.005967,0.0082927,0.019027,-0.013953,0.0078036,0.0065099,-0.0013584,-0.0073493,-0.0029298,0.025387,0.0088006,-0.022616,-0.024771,-0.043517,-0.036629,-0.039893,-0.042711,-0.02952,-0.019302,0.010013,0.018983,0.0026292,0.022168,0.058083,0.0073134,0.010304,-0.019715,-0.038256,-0.016849,-0.0048977,-0.0052683,-0.043347,-0.040957,-0.086003,-0.057164,-0.037194,-0.046868,-0.030058,-0.040524,-0.017577,-0.017125,-0.026731
0.0010313,0.018876,-0.016158,-0.015153,0.0025709,-0.026848,-0.023385,-0.067428,-0.056659,-0.00072163,0.0057254,0.016828,-0.0080886,-0.0099174,-0.020016,-0.0011091,0.0085222,-0.025237,-0.019616,-0.040161,-0.08867,-0.077466,-0.054705,-0.020352,-0.073766,-0.067734,-0.02118,-0.042985,-0.0465,-0.016377,-0.0053009,0.01244,0.0056388,0.011527,-0.020379,-0.040331,-0.01974,-0.01429,-0.037776,-0.084419,-0.064863,-0.081343,-0.079128,-0.060271,-0.045824,-0.06248,-0.036469,-0.029503,-0.01599,-0.024716,-0.049725
0.020069,0.059922,0.0093234,0.00013522,0.019463,-0.0078572,-0.014692,-0.040085,-0.034829,-0.0030802,0.017752,0.02313,0.036772,0.026463,0.039064,0.015403,-0.0057495,-0.056016,-0.038677,-0.058735,-0.068073,-0.06565,-0.082872,-0.038861,-0.055786,-0.053224,-0.028394,-0.0081879,-0.024388,-0.014118,0.020442,0.053618,0.037373,0.012789,0.013819,-0.037353,-0.023865,-0.02321,-0.0010952,-0.077545,-0.05027,-0.036401,-0.073347,-0.059304,-0.028187,0.0072232,-0.0095226,-0.022581,-0.052694,-0.0058002,-0.028892
0.029792,-0.0061007,0.017711,0.026852,0.015764,0.014094,0.023453,-0.021308,0.0095278,0.002379,0.017259,0.029268,0.01701,0.031722,0.023141,-0.004003,-0.015633,-0.034441,-0.042748,-0.063522,-0.084517,-0.116,-0.074569,-0.070914,-0.060115,-0.082916,-0.027296,-0.014765,0.025037,0.046817,0.025533,-0.001499,0.025914,-0.022656,-0.034531,-0.029644,0.0011277,0.020725,-0.010252,-0.019741,-0.061724,-0.034983,-0.056032,-0.050304,-0.042626,-0.012247,0.014897,-0.0052768,-0.014799,-0.0073921,-0.035533
0.022143,0.033837,0.025313,0.020368,0.029879,0.012754,0.029506,-0.0027463,0.017551,0.023015,0.021896,0.0059829,0.003024,0.035463,0.083371,-0.0020107,-0.044828,-0.046064,-0.034693,-0.080668,-0.080987,-0.1063,-0.11737,-0.094625,-0.073145,-0.079997,-0.060562,-0.031242,0.024957,0.031463,0.031638,0.012939,0.00026549,-0.020222,-0.039601,-0.02301,-0.021208,-0.020793,0.00092441,-0.012132,-0.03874,-0.016115,-0.051985,-0.037617,0.0045725,-0.0034483,0.0043932,-0.028711,-0.041739,-0.029381,-0.021107
0.022263,0.041586,0.03479,0.048403,0.026075,0.035548,0.029318,-0.015596,0.017143,0.0057397,0.0096566,0.03737,0.0085752,0.020736,0.058328,-0.0078155,-0.01834,-0.035935,-0.041319,-0.068811,-0.10507,-0.092224,-0.095607,-0.064171,-0.070926,-0.068168,-0.050592,-0.033602,-0.0023691,0.00099531,0.025339,0.033033,0.0075353,-0.014516,-0.0049035,-0.0017881,0.022672,-0.020409,-0.0098704,-0.016469,-0.0080345,-0.00094752,0.0056554,-0.0043832,-0.021218,0.021477,-0.007462,-0.0064754,-0.021118,-0.026208,-0.016674
0.04543,0.073301,0.061631,0.034751,0.056719,0.055241,0.041296,0.024264,0.047523,0.034639,-0.003482,0.030649,0.01788,-4.0861e-05,-0.012699,0.025341,-0.026753,-0.017379,-0.029944,-0.0081611,-0.044187,-0.086627,-0.078875,-0.07956,-0.09235,-0.062826,-0.018869,-0.026644,-0.037189,-0.026535,-0.0058017,-0.0099197,0.0033806,0.024558,0.0091341,-0.0015822,0.020405,-0.0058708,0.010316,0.018428,0.011217,0.029925,-0.022444,-0.05359,-0.017418,0.0025084,0.051871,0.015567,0.0094964,0.024184,-0.010991
0.052586,0.038315,0.039401,0.063326,0.02683,0.047222,0.0010301,-0.013621,0.031833,0.012853,-0.0061007,0.039347,0.005929,-0.013832,0.0073394,-0.022902,-0.0015206,-0.019365,-0.022667,-0.027651,-0.05967,-0.07209,-0.077679,-0.049878,-0.060049,-0.052172,-0.06919,-0.020736,-0.028262,-0.02665,-0.034146,-0.0091423,0.00187,0.0073898,0.035784,-0.013743,-0.018658,-0.016592,-0.0016634,-0.0026933,0.01091,0.018297,0.014572,-0.017235,0.002683,-0.0071561,-0.011742,-0.00024998,0.036215,0.01085,-0.01143
0.05163,0.064892,0.051114,0.051114,0.018288,0.01338,0.044207,0.026401,-0.023618,0.023351,0.0030776,0.0062384,0.0091902,0.014333,0.032689,0.00013947,-0.0050945,-0.042757,-0.033128,-0.069262,-0.05743,-0.027358,-0.035706,-0.04839,-0.044217,-0.018023,0.00030623,-0.018971,-0.0062461,-0.05097,-0.039588,-0.014484,-0.0068613,0.0092855,-0.003871,-0.0032187,-0.0054983,-0.026977,-0.013526,0.0082559,0.014187,0.017567,0.0038293,0.049239,0.016484,-0.0023761,-0.00016046,0.0098303,0.00062087,0.014359,-0.0041943
0.03095,0.042574,0.033165,0.024683,-0.0055291,0.026376,0.052816,0.01101,0.0035677,-0.0089242,-0.0060886,-0.0059661,-0.0086711,-0.014858,-0.018109,-0.019859,-0.017886,-0.041447,-0.039375,-0.064313,-0.041911,-0.033734,-0.02038,-0.075223,-0.031654,-0.064181,-0.0073596,-0.023822,-0.0066439,-0.059369,-0.047117,-0.013782,-0.060998,-0.045986,-0.0155,-0.005766,-0.025166,-0.0082499,-0.053244,-0.024459,-0.021392,-0.015134,-0.034077,0.003818,-0.0097561,-0.01668,-0.0017638,0.016453,0.032119,0.020024,0.010746
0.017254,0.045293,0.016495,0.037046,0.010478,0.023308,0.051242,0.048919,0.025617,-0.0081329,-0.0049506,-0.032115,0.027668,-0.016228,-0.011492,-0.02222,-0.0096543,-0.065424,-0.035908,-0.030911,0.011119,0.0027329,0.00052089,-0.011921,-0.013031,-0.017066,0.021805,0.0053727,-0.023174,-0.027371,-0.042199,-0.031814,-0.016269,-0.0023947,0.018704,-0.009303,-0.011992,-0.021621,-0.034019,-0.034696,-0.015906,-0.001415,-0.032403,0.0058517,0.0090106,0.011965,0.049279,0.029635,0.020145,0.047168,0.0026558
0.0062957,0.0060269,0.023587,0.020897,0.042678,0.014232,0.031817,0.030304,0.039242,0.029164,-0.022495,0.0018863,0.0030963,-0.00059266,-0.017923,-0.020902,-0.015511,-0.047677,-0.014612,0.0059098,-0.013121,-0.010583,-0.009307,0.016725,0.0049599,-0.025538,0.003268,-0.03611,-0.018533,-0.024931,-0.013837,-0.029346,-0.03532,-0.010849,0.01722,-0.011607,-0.040526,-0.043619,-0.045909,-0.057599,-0.012605,-0.00028188,-0.010949,0.016626,0.01855,0.024626,0.012607,0.017543,0.049184,0.046876,0.0074509
-0.029541,0.019885,0.011378,-0.014268,-0.0056345,3.6255e-05,0.028692,0.048235,0.021485,0.02012,-0.012183,-0.0071437,-0.012436,-0.0085395,-0.013473,-0.016058,-0.034994,-0.026178,0.015406,0.010553,-0.014646,0.013869,-0.019228,-0.018161,-0.034576,-0.021957,0.016469,-0.0075716,-0.026679,-0.024022,-0.03293,-0.020341,-0.024895,-0.039628,-0.021224,-0.022344,-0.022446,-0.049439,-0.024857,-0.039428,0.014151,-0.0023174,-0.015137,0.00060689,0.0098932,0.020203,0.036229,0.039078,0.029565,-0.0071741,-0.015757
-0.025072,-0.0028047,-0.028041,-0.0091584,-0.031323,0.0058854,-0.0026619,0.023118,-0.013214,-0.0028649,0.018784,0.011926,-0.008605,-0.0064935,0.008893,-0.027597,-0.05667,-0.013466,-0.019087,-0.011987,0.0066423,0.01384,-0.020302,-0.017167,-0.047785,-0.025714,-0.037894,-0.037366,-0.037441,0.0008594,-0.031419,-0.032817,-0.02618,-0.060209,-0.041251,-0.028639,-0.012291,-0.081862,-0.031858,-0.018134,0.0092002,0.021392,0.014255,-0.0090858,0.005918,0.016829,0.036785,0.0033414,-0.0051616,-0.011286,-0.020714
-0.01129,-0.019913,-0.020834,-0.024279,0.025279,0.036205,0.032014,0.04546,0.042295,-0.00074092,-0.021205,0.039946,-0.011544,0.039,0.050548,0.015162,-0.021461,0.0023828,-0.019154,-0.0082952,0.0074813,0.0038267,-0.028484,-0.013393,-0.011623,-0.067993,-0.023364,-0.025634,0.0078426,-0.019379,-0.02283,-0.033187,-0.014842,-0.027059,-0.032442,-0.012739,-0.049732,-0.013197,0.0093002,-0.013977,-0.020719,0.022907,0.026713,0.0061369,0.052517,0.066231,0.03961,-0.0018423,0.03059,-0.021399,-0.0027559
-0.024336,-0.021519,-0.023468,-0.016643,0.032815,0.048774,0.058646,0.031369,0.03575,0.049583,0.035331,0.024848,0.0089016,-0.00053009,0.025333,-0.017891,-0.0072425,-0.021246,-0.008374,0.018834,0.018537,-0.0033922,0.0090888,0.017714,-0.066307,-0.071283,-0.025175,-0.031744,-0.0026503,0.0078897,0.023092,-0.024243,-0.014814,-0.0047527,-0.046166,-0.022551,0.013473,-0.003243,0.025838,0.0017054,-0.006463,0.012562,0.018826,0.024858,0.0295,0.045691,0.036882,0.02581,0.030481,0.033448,0.011848
0.0013689,0.017771,0.014149,0.012894,0.022944,0.073098,0.070293,0.020817,0.055195,0.028058,0.065071,0.047115,0.041936,0.021985,0.039256,-0.017485,-0.016072,-0.025997,-0.023999,-0.0073828,-0.00048358,-0.02285,0.0084911,-0.006775,-0.052755,-0.057802,-0.012821,0.00035456,-0.030974,-0.024233,-0.018678,-0.011909,0.0065729,-0.013582,-0.010054,-0.03515,0.0040227,-0.0025536,0.012186,-0.0042376,0.00010762,0.011153,0.0066893,0.0079797,0.032124,0.062094,0.030971,0.066144,0.048102,0.017136,-0.00021672
0.022228,0.017161,0.01183,0.0089231,0.058327,0.057485,0.046985,0.017317,0.032354,0.052979,0.07868,0.074036,0.040419,0.029328,0.051756,0.022129,-0.010817,-0.0098326,-0.022777,-0.028224,-0.0075179,-0.050189,-0.013519,-0.016441,-0.012088,-0.0040648,0.0079257,-0.0084356,0.00036372,-0.012373,-0.0038046,-0.017921,0.0012108,0.005772,-0.018555,-0.029408,-0.0026668,-0.0081468,-0.0014039,0.0054102,0.025845,0.073422,0.017151,0.021291,0.043091,0.048459,0.037204,0.060172,0.031242,0.028675,0.017245
0.017642,0.023436,0.029406,0.066856,0.02475,0.036155,0.030304,0.038966,0.070864,0.079953,0.05201,0.05913,0.037505,0.041517,0.05397,-0.013725,0.018185,-0.015655,0.023329,0.0095676,-0.017799,-0.03609,-0.030303,0.0075199,0.0057711,0.0054212,-0.02231,0.0044657,0.017758,-0.019092,-0.036384,-0.0152,0.0021302,-0.0049157,-0.010701,-0.011494,-0.0089907,0.020377,0.034294,0.034307,0.03492,0.024385,0.041561,0.03858,0.0083409,0.051956,0.044581,0.044491,0.041908,0.045041,0.046549
0.022204,0.066397,0.018544,0.02494,0.025194,0.02431,0.01383,0.037339,0.044905,0.067152,0.054131,0.034161,0.017917,0.01083,0.004764,0.020577,-0.024065,-0.0039267,0.036814,0.0063443,-0.0051619,-0.014704,-0.0091686,-0.032811,-0.012893,-0.035235,-0.059314,-0.039318,-0.020757,-0.056406,-0.032832,0.0042236,-0.033234,-0.046892,-0.025867,0.010131,-0.022275,0.01402,0.0094314,0.012781,0.018026,0.047807,0.021571,0.0025923,0.0068079,-0.0033428,0.045441,0.014713,0.015668,0.038238,0.050972
0.023629,0.016393,0.0008527,0.025655,-0.012395,0.034542,0.051515,0.046208,0.047273,0.043767,0.019797,-0.0107,-0.0024212,0.016479,0.0036913,0.03516,0.0076115,0.013412,0.022253,0.029888,0.010969,-0.02035,0.0078692,-0.01202,-0.019519,-0.025428,-0.017756,-0.033427,-0.031733,-0.031206,-0.033397,-0.026196,-0.028388,-0.041004,-0.010569,0.00028271,-0.002061,0.021446,-0.0090096,0.039772,0.046684,0.040827,0.019666,0.01913,0.012758,0.014544,0.021627,0.0068006,-0.0057996,0.014859,0.044984
0.017803,0.033391,0.023974,0.01059,0.0041861,-0.0018568,0.0068815,0.0039215,0.012523,0.030291,0.019693,-0.0079314,0.015022,-0.025651,-0.0045013,0.0023613,0.021776,-0.014681,0.039732,0.0095853,0.0025686,-0.005816,-0.040892,-0.021502,-0.046665,-0.042912,-0.061562,-0.054442,-0.05448,-0.032064,-0.031818,-0.048075,-0.039909,-0.059634,-0.044099,-0.042164,-0.026107,-0.0022864,0.012388,-0.0015291,0.049142,0.021569,-0.015511,-0.0037823,-0.013312,-0.019109,-0.027695,-0.0061551,-0.011855,0.041181,0.043041
0.013762,-0.0035766,0.047514,0.018025,0.017586,-0.014889,0.0083412,-0.0048663,0.030469,0.030079,0.015167,0.012196,0.0060608,-0.024576,-0.034757,-0.007557,0.0095052,0.0067188,0.037484,0.007626,-0.0071536,-0.027883,-0.015058,-0.020792,-0.038552,-0.052288,-0.025553,-0.032373,-0.030442,-0.038444,-0.026984,-0.04739,-0.034435,-0.038122,-0.051535,-0.070202,-0.046246,0.010385,0.016304,0.02559,0.047087,0.01573,0.0011152,0.0043914,-0.015065,-0.02421,-0.032541,-0.016659,0.0091338,0.043331,0.012025
-0.0027311,0.0057036,0.013167,0.0057518,0.002423,0.02491,0.015528,0.00055393,-0.0043897,0.00024186,0.041797,0.0094716,0.0068864,-0.028617,-0.028738,0.0011402,0.0072387,0.021497,0.01743,-0.031955,0.002405,-0.019666,-0.033371,-0.037601,-0.027967,-0.054539,-0.015572,-0.004079,-0.050426,-0.040989,-0.011079,-0.009548,-0.016632,-0.067326,-0.032553,-0.049221,-0.060474,-0.033628,0.011543,0.019663,0.021457,0.028636,-0.011226,-0.012648,-0.024217,-0.010719,-0.030151,-0.0094816,0.0097433,0.047259,0.02014
-0.010763,0.018183,0.015887,0.0039586,0.0017711,0.025264,0.012051,0.00021724,-0.0026532,-0.0060336,0.022085,0.031199,-0.011993,-0.049867,-0.0057648,-0.02049,-0.039926,0.0024463,-0.011285,-0.038735,0.00094442,0.0023521,-0.021589,-0.039676,-0.053602,-0.03438,-0.038456,-0.051663,-0.041412,-0.045078,-0.025599,-0.016761,-0.038944,-0.053647,-0.056546,-0.040415,-0.043138,-0.047217,0.0010562,-0.0019602,-0.0046138,-0.020245,-0.031014,-0.043476,-0.011624,-0.0036366,-0.020208,-0.0045549,0.023602,0.023672,0.03151
