0.02,0.02,-0.01972,1,0,0
0.04,0.02,-0.016829,1,0,0
0.06,0.02,-0.027846,1,0,0
0.08,0.02,-0.068593,1,0,0
0.1,0.02,0.022534,1,0,0
0.12,0.02,-0.0013202,1,0,0
0.14,0.02,-0.012258,1,0,0
0.16,0.02,0.03067,1,0,0
0.18,0.02,0.069244,1,0,0
0.2,0.02,-0.079512,1,0,0
0.22,0.02,-0.068275,1,0,0
0.24,0.02,0.026786,1,0,0
0.26,0.02,-0.021184,1,0,0
0.28,0.02,-0.0016563,1,0,0
0.3,0.02,0.060298,1,0,0
0.32,0.02,0.012989,1,0,0
0.34,0.02,-0.022374,1,0,0
0.36,0.02,0.0068925,1,0,0
0.38,0.02,-0.023896,1,0,0
0.4,0.02,-0.0032362,1,0,0
0.42,0.02,-0.027673,1,0,0
0.44,0.02,-0.0022164,1,0,0
0.46,0.02,-0.045835,1,0,0
0.48,0.02,-0.016764,1,0,0
0.5,0.02,-0.02178,1,0,0
0.52,0.02,0.0066016,1,0,0
0.54,0.02,0.0032915,1,0,0
0.56,0.02,0.048042,1,0,0
0.58,0.02,0.032313,1,0,0
0.6,0.02,-0.026863,1,0,0
0.62,0.02,-0.021067,1,0,0
0.64,0.02,0.019197,1,0,0
0.66,0.02,-0.012787,1,0,0
0.68,0.02,0.024214,1,0,0
0.7,0.02,0.021036,1,0,0
0.72,0.02,0.042126,1,0,0
0.74,0.02,0.020022,1,0,0
0.76,0.02,-0.022096,1,0,0
0.78,0.02,0.0057571,1,0,0
0.8,0.02,0.041657,1,0,0
0.82,0.02,-0.014301,1,0,0
0.84,0.02,0.057192,1,0,0
0.86,0.02,0.062901,1,0,0
0.88,0.02,-0.017849,1,0,0
0.9,0.02,-0.01522,1,0,0
0.92,0.02,-0.039469,1,0,0
0.94,0.02,-0.027313,1,0,0
0.96,0.02,-0.032835,1,0,0
0.98,0.02,-0.043105,1,0,0
0.02,0.04,-0.043178,1,0,0
0.04,0.04,-0.035995,1,0,0
0.06,0.04,-0.0077707,1,0,0
0.08,0.04,-0.052977,1,0,0
0.1,0.04,-0.025587,1,0,0
0.12,0.04,-0.010001,1,0,0
0.14,0.04,-0.0091804,1,0,0
0.16,0.04,0.0066019,1,0,0
0.18,0.04,-0.0072732,1,0,0
0.2,0.04,-0.013873,1,0,0
0.22,0.04,-0.053604,1,0,0
0.24,0.04,-0.02244,1,0,0
0.26,0.04,-0.0040222,1,0,0
0.28,0.04,-0.012354,1,0,0
0.3,0.04,-0.0015383,1,0,0
0.32,0.04,-0.051554,1,0,0
0.34,0.04,0.034864,1,0,0
0.36,0.04,-0.005742,1,0,0
0.38,0.04,-0.043399,1,0,0
0.4,0.04,-0.059046,1,0,0
0.42,0.04,-0.021941,1,0,0
0.44,0.04,0.024921,1,0,0
0.46,0.04,-0.044715,1,0,0
0.48,0.04,0.0028891,1,0,0
0.5,0.04,0.0079792,1,0,0
0.52,0.04,0.018952,1,0,0
0.54,0.04,0.031412,1,0,0
0.56,0.04,-0.0076442,1,0,0
0.58,0.04,0.03504,1,0,0
0.6,0.04,0.0027004,1,0,0
0.62,0.04,0.015713,1,0,0
0.64,0.04,-0.010435,1,0,0
0.66,0.04,-0.023898,1,0,0
0.68,0.04,0.012128,1,0,0
0.7,0.04,0.0073979,1,0,0
0.72,0.04,0.041235,1,0,0
0.74,0.04,-0.019029,1,0,0
0.76,0.04,-0.024647,1,0,0
0.78,0.04,0.028814,1,0,0
0.8,0.04,0.026942,1,0,0
0.82,0.04,0.011029,1,0,0
0.84,0.04,0.052067,1,0,0
0.86,0.04,0.10266,1,0,0
0.88,0.04,0.0061448,1,0,0
0.9,0.04,-0.04212,1,0,0
0.92,0.04,-0.051016,1,0,0
0.94,0.04,-0.038775,1,0,0
0.96,0.04,-0.035756,1,0,0
0.98,0.04,-0.079539,1,0,0
0.02,0.06,-0.026384,1,0,0
0.04,0.06,0.0011286,1,0,0
0.06,0.06,-0.048699,1,0,0
0.08,0.06,0.0089993,1,0,0
0.1,0.06,0.0050427,1,0,0
0.12,0.06,-0.016721,1,0,0
0.14,0.06,-0.005899,1,0,0
0.16,0.06,0.034548,1,0,0
0.18,0.06,0.029985,1,0,0
0.2,0.06,-0.012457,1,0,0
0.22,0.06,-0.010559,1,0,0
0.24,0.06,-0.033543,1,0,0
0.26,0.06,-0.028368,1,0,0
0.28,0.06,-0.041161,1,0,0
0.3,0.06,0.014764,1,0,0
0.32,0.06,0.0075167,1,0,0
0.34,0.06,9.8566e-05,1,0,0
0.36,0.06,0.013176,1,0,0
0.38,0.06,-0.0071347,1,0,0
0.4,0.06,-0.017939,1,0,0
0.42,0.06,-0.03279,1,0,0
0.44,0.06,-0.0039687,1,0,0
0.46,0.06,-0.029608,1,0,0
0.48,0.06,0.058617,1,0,0
0.5,0.06,0.024093,1,0,0
0.52,0.06,0.098186,1,0,0
0.54,0.06,0.021814,1,0,0
0.56,0.06,0.012906,1,0,0
0.58,0.06,0.021507,1,0,0
0.6,0.06,-0.020899,1,0,0
0.62,0.06,-0.0020499,1,0,0
0.64,0.06,-0.0065818,1,0,0
0.66,0.06,-0.0016661,1,0,0
0.68,0.06,0.017836,1,0,0
0.7,0.06,0.062385,1,0,0
0.72,0.06,-0.029143,1,0,0
0.74,0.06,0.0057739,1,0,0
0.76,0.06,-0.004568,1,0,0
0.78,0.06,0.062998,1,0,0
0.8,0.06,0.05386,1,0,0
0.82,0.06,-0.0023618,1,0,0
0.84,0.06,-0.017306,1,0,0
0.86,0.06,0.039123,1,0,0
0.88,0.06,0.055082,1,0,0
0.9,0.06,0.028946,1,0,0
0.92,0.06,0.009068,1,0,0
0.94,0.06,-0.01607,1,0,0
0.96,0.06,0.0065931,1,0,0
0.98,0.06,-0.0080652,1,0,0
0.02,0.08,-0.015426,1,0,0
0.04,0.08,0.027742,1,0,0
0.06,0.08,-0.031936,1,0,0
0.08,0.08,0.0036761,1,0,0
0.1,0.08,0.00096765,1,0,0
0.12,0.08,-0.034476,1,0,0
0.14,0.08,0.003759,1,0,0
0.16,0.08,-0.011798,1,0,0
0.18,0.08,0.01682,1,0,0
0.2,0.08,-0.053144,1,0,0
0.22,0.08,0.024072,1,0,0
0.24,0.08,0.023756,1,0,0
0.26,0.08,-0.018595,1,0,0
0.28,0.08,-0.024317,1,0,0
0.3,0.08,-0.03417,1,0,0
0.32,0.08,-0.012896,1,0,0
0.34,0.08,0.031961,1,0,0
0.36,0.08,-0.021889,1,0,0
0.38,0.08,-0.028704,1,0,0
0.4,0.08,0.01673,1,0,0
0.42,0.08,-0.079481,1,0,0
0.44,0.08,-0.018906,1,0,0
0.46,0.08,-0.0021997,1,0,0
0.48,0.08,0.050922,1,0,0
0.5,0.08,0.043496,1,0,0
0.52,0.08,0.048331,1,0,0
0.54,0.08,0.051174,1,0,0
0.56,0.08,-0.025504,1,0,0
0.58,0.08,-0.037683,1,0,0
0.6,0.08,0.0028947,1,0,0
0.62,0.08,-0.00080912,1,0,0
0.64,0.08,-0.050435,1,0,0
0.66,0.08,0.0052299,1,0,0
0.68,0.08,-0.015183,1,0,0
0.7,0.08,0.007665,1,0,0
0.72,0.08,0.017127,1,0,0
0.74,0.08,-0.0047812,1,0,0
0.76,0.08,0.021791,1,0,0
0.78,0.08,0.029156,1,0,0
0.8,0.08,-0.0018008,1,0,0
0.82,0.08,0.0097679,1,0,0
0.84,0.08,-0.00095288,1,0,0
0.86,0.08,-0.00057384,1,0,0
0.88,0.08,0.045967,1,0,0
0.9,0.08,0.0088347,1,0,0
0.92,0.08,-0.0067226,1,0,0
0.94,0.08,0.029276,1,0,0
0.96,0.08,0.021158,1,0,0
0.98,0.08,0.02874,1,0,0
0.02,0.1,-0.11648,1,0,0
0.04,0.1,0.011374,1,0,0
0.06,0.1,0.0027515,1,0,0
0.08,0.1,-0.0071146,1,0,0
0.1,0.1,-0.043987,1,0,0
0.12,0.1,-0.034776,1,0,0
0.14,0.1,0.024064,1,0,0
0.16,0.1,0.019698,1,0,0
0.18,0.1,-0.030084,1,0,0
0.2,0.1,0.026533,1,0,0
0.22,0.1,-0.035795,1,0,0
0.24,0.1,0.00033348,1,0,0
0.26,0.1,0.00298,1,0,0
0.28,0.1,0.0026124,1,0,0
0.3,0.1,-0.030662,1,0,0
0.32,0.1,-0.095999,1,0,0
0.34,0.1,0.037685,1,0,0
0.36,0.1,-0.023994,1,0,0
0.38,0.1,-0.087558,1,0,0
0.4,0.1,-0.033222,1,0,0
0.42,0.1,0.0057507,1,0,0
0.44,0.1,0.0072924,1,0,0
0.46,0.1,-0.02462,1,0,0
0.48,0.1,0.050995,1,0,0
0.5,0.1,-0.027167,1,0,0
0.52,0.1,0.046014,1,0,0
0.54,0.1,0.077203,1,0,0
0.56,0.1,0.0043031,1,0,0
0.58,0.1,0.030576,1,0,0
0.6,0.1,0.01044,1,0,0
0.62,0.1,-0.011935,1,0,0
0.64,0.1,0.016983,1,0,0
0.66,0.1,-0.035614,1,0,0
0.68,0.1,0.0088737,1,0,0
0.7,0.1,-0.0046503,1,0,0
0.72,0.1,-0.034576,1,0,0
0.74,0.1,-0.028193,1,0,0
0.76,0.1,0.023351,1,0,0
0.78,0.1,0.064925,1,0,0
0.8,0.1,0.050517,1,0,0
0.82,0.1,0.023862,1,0,0
0.84,0.1,0.072645,1,0,0
0.86,0.1,0.022599,1,0,0
0.88,0.1,0.033721,1,0,0
0.9,0.1,-0.033056,1,0,0
0.92,0.1,0.028765,1,0,0
0.94,0.1,0.012743,1,0,0
0.96,0.1,0.033395,1,0,0
0.98,0.1,-0.024316,1,0,0
0.02,0.12,-0.088379,1,0,0
0.04,0.12,0.00038863,1,0,0
0.06,0.12,-0.064995,1,0,0
0.08,0.12,-0.019157,1,0,0
0.1,0.12,0.039938,1,0,0
0.12,0.12,-0.0072034,1,0,0
0.14,0.12,0.0022496,1,0,0
0.16,0.12,-0.044907,1,0,0
0.18,0.12,-0.089776,1,0,0
0.2,0.12,-0.059901,1,0,0
0.22,0.12,-0.07228,1,0,0
0.24,0.12,-0.0047244,1,0,0
0.26,0.12,-0.013862,1,0,0
0.28,0.12,-0.012038,1,0,0
0.3,0.12,-0.0023766,1,0,0
0.32,0.12,-0.034032,1,0,0
0.34,0.12,0.0077758,1,0,0
0.36,0.12,-0.018152,1,0,0
0.38,0.12,-0.01118,1,0,0
0.4,0.12,-0.099302,1,0,0
0.42,0.12,-0.076447,1,0,0
0.44,0.12,-0.02031,1,0,0
0.46,0.12,-0.096266,1,0,0
0.48,0.12,-0.055704,1,0,0
0.5,0.12,0.015018,1,0,0
0.52,0.12,0.020129,1,0,0
0.54,0.12,0.001095,1,0,0
0.56,0.12,-0.027043,1,0,0
0.58,0.12,-0.038684,1,0,0
0.6,0.12,0.0014352,1,0,0
0.62,0.12,-0.057949,1,0,0
0.64,0.12,0.027826,1,0,0
0.66,0.12,-0.060969,1,0,0
0.68,0.12,-0.033848,1,0,0
0.7,0.12,-0.018903,1,0,0
0.72,0.12,0.021366,1,0,0
0.74,0.12,-0.022995,1,0,0
0.76,0.12,0.053748,1,0,0
0.78,0.12,0.026049,1,0,0
0.8,0.12,-0.035649,1,0,0
0.82,0.12,-0.037575,1,0,0
0.84,0.12,-0.024176,1,0,0
0.86,0.12,-0.048293,1,0,0
0.88,0.12,0.011502,1,0,0
0.9,0.12,-0.031846,1,0,0
0.92,0.12,-0.007698,1,0,0
0.94,0.12,-0.018257,1,0,0
0.96,0.12,-0.003048,1,0,0
0.98,0.12,-0.043804,1,0,0
0.02,0.14,-0.063466,1,0,0
0.04,0.14,-0.017253,1,0,0
0.06,0.14,-0.0074282,1,0,0
0.08,0.14,0.029553,1,0,0
0.1,0.14,0.0281,1,0,0
0.12,0.14,0.014555,1,0,0
0.14,0.14,0.017239,1,0,0
0.16,0.14,-0.074741,1,0,0
0.18,0.14,-0.04131,1,0,0
0.2,0.14,-0.0087291,1,0,0
0.22,0.14,-0.018407,1,0,0
0.24,0.14,0.0086564,1,0,0
0.26,0.14,0.036344,1,0,0
0.28,0.14,0.040162,1,0,0
0.3,0.14,0.02616,1,0,0
0.32,0.14,0.00699,1,0,0
0.34,0.14,-0.038354,1,0,0
0.36,0.14,-0.008993,1,0,0
0.38,0.14,-0.038718,1,0,0
0.4,0.14,-0.077492,1,0,0
0.42,0.14,-0.061227,1,0,0
0.44,0.14,-0.053297,1,0,0
0.46,0.14,-0.071974,1,0,0
0.48,0.14,-0.027842,1,0,0
0.5,0.14,0.044997,1,0,0
0.52,0.14,0.081985,1,0,0
0.54,0.14,-0.00087285,1,0,0
0.56,0.14,-0.0098353,1,0,0
0.58,0.14,0.032819,1,0,0
0.6,0.14,0.0090113,1,0,0
0.62,0.14,-0.02621,1,0,0
0.64,0.14,0.012543,1,0,0
0.66,0.14,-0.039904,1,0,0
0.68,0.14,-0.0088013,1,0,0
0.7,0.14,0.063019,1,0,0
0.72,0.14,0.02317,1,0,0
0.74,0.14,0.009138,1,0,0
0.76,0.14,0.048345,1,0,0
0.78,0.14,0.049082,1,0,0
0.8,0.14,0.052327,1,0,0
0.82,0.14,-0.028355,1,0,0
0.84,0.14,0.0087699,1,0,0
0.86,0.14,-0.0023453,1,0,0
0.88,0.14,0.063042,1,0,0
0.9,0.14,0.012221,1,0,0
0.92,0.14,0.064992,1,0,0
0.94,0.14,0.034284,1,0,0
0.96,0.14,-0.020779,1,0,0
0.98,0.14,0.00022713,1,0,0
0.02,0.16,-0.0082955,1,0,0
0.04,0.16,-0.014553,1,0,0
0.06,0.16,-0.031749,1,0,0
0.08,0.16,0.029908,1,0,0
0.1,0.16,0.0058329,1,0,0
0.12,0.16,-0.0084047,1,0,0
0.14,0.16,0.0068652,1,0,0
0.16,0.16,0.012019,1,0,0
0.18,0.16,-0.022839,1,0,0
0.2,0.16,-0.053439,1,0,0
0.22,0.16,0.01399,1,0,0
0.24,0.16,0.046527,1,0,0
0.26,0.16,0.0038871,1,0,0
0.28,0.16,-0.033251,1,0,0
0.3,0.16,-0.014571,1,0,0
0.32,0.16,-0.053077,1,0,0
0.34,0.16,0.00060849,1,0,0
0.36,0.16,0.00091783,1,0,0
0.38,0.16,-0.031798,1,0,0
0.4,0.16,-0.02229,1,0,0
0.42,0.16,-0.055438,1,0,0
0.44,0.16,0.012835,1,0,0
0.46,0.16,-0.07192,1,0,0
0.48,0.16,-0.010732,1,0,0
0.5,0.16,-0.015794,1,0,0
0.52,0.16,-0.013418,1,0,0
0.54,0.16,0.014908,1,0,0
0.56,0.16,-0.0091988,1,0,0
0.58,0.16,-0.031755,1,0,0
0.6,0.16,-0.035872,1,0,0
0.62,0.16,0.037296,1,0,0
0.64,0.16,0.023507,1,0,0
0.66,0.16,0.020677,1,0,0
0.68,0.16,0.0078016,1,0,0
0.7,0.16,-0.013299,1,0,0
0.72,0.16,0.017189,1,0,0
0.74,0.16,0.030645,1,0,0
0.76,0.16,0.074755,1,0,0
0.78,0.16,0.020397,1,0,0
0.8,0.16,-0.01498,1,0,0
0.82,0.16,0.017261,1,0,0
0.84,0.16,0.022864,1,0,0
0.86,0.16,-0.023661,1,0,0
0.88,0.16,0.040601,1,0,0
0.9,0.16,-0.020498,1,0,0
0.92,0.16,-0.0060032,1,0,0
0.94,0.16,0.036433,1,0,0
0.96,0.16,0.0070148,1,0,0
0.98,0.16,-0.040901,1,0,0
0.02,0.18,-0.035824,1,0,0
0.04,0.18,-0.049288,1,0,0
0.06,0.18,-0.036635,1,0,0
0.08,0.18,-0.0086282,1,0,0
0.1,0.18,0.029523,1,0,0
0.12,0.18,-0.036101,1,0,0
0.14,0.18,0.044281,1,0,0
0.16,0.18,0.025282,1,0,0
0.18,0.18,0.042612,1,0,0
0.2,0.18,0.0043668,1,0,0
0.22,0.18,-0.015759,1,0,0
0.24,0.18,-0.021367,1,0,0
0.26,0.18,-0.0026681,1,0,0
0.28,0.18,-0.066429,1,0,0
0.3,0.18,-0.017189,1,0,0
0.32,0.18,-0.050841,1,0,0
0.34,0.18,-0.051091,1,0,0
0.36,0.18,-0.0084949,1,0,0
0.38,0.18,-0.057836,1,0,0
0.4,0.18,-0.050706,1,0,0
0.42,0.18,-0.070238,1,0,0
0.44,0.18,0.0018643,1,0,0
0.46,0.18,-0.029391,1,0,0
0.48,0.18,0.036016,1,0,0
0.5,0.18,-0.01497,1,0,0
0.52,0.18,0.023174,1,0,0
0.54,0.18,0.049486,1,0,0
0.56,0.18,-0.044147,1,0,0
0.58,0.18,0.0063012,1,0,0
0.6,0.18,-0.059457,1,0,0
0.62,0.18,-0.014751,1,0,0
0.64,0.18,-0.029857,1,0,0
0.66,0.18,-0.024448,1,0,0
0.68,0.18,0.025772,1,0,0
0.7,0.18,0.025261,1,0,0
0.72,0.18,-0.027019,1,0,0
0.74,0.18,0.025216,1,0,0
0.76,0.18,-0.0064368,1,0,0
0.78,0.18,-0.0060009,1,0,0
0.8,0.18,0.0080256,1,0,0
0.82,0.18,-0.013077,1,0,0
0.84,0.18,-0.0082558,1,0,0
0.86,0.18,0.035439,1,0,0
0.88,0.18,-0.021602,1,0,0
0.9,0.18,-0.0031572,1,0,0
0.92,0.18,0.024565,1,0,0
0.94,0.18,0.055682,1,0,0
0.96,0.18,-0.043661,1,0,0
0.98,0.18,-0.049269,1,0,0
0.02,0.2,0.022458,1,0,0
0.04,0.2,-0.051919,1,0,0
0.06,0.2,-0.032816,1,0,0
0.08,0.2,0.015746,1,0,0
0.1,0.2,0.057131,1,0,0
0.12,0.2,0.03914,1,0,0
0.14,0.2,0.057704,1,0,0
0.16,0.2,-0.007203,1,0,0
0.18,0.2,-0.023426,1,0,0
0.2,0.2,-0.015932,1,0,0
0.22,0.2,-0.03356,1,0,0
0.24,0.2,-0.00018523,1,0,0
0.26,0.2,-0.0010625,1,0,0
0.28,0.2,-0.019755,1,0,0
0.3,0.2,-0.054,1,0,0
0.32,0.2,-0.016339,1,0,0
0.34,0.2,-0.017216,1,0,0
0.36,0.2,0.011107,1,0,0
0.38,0.2,0.00024474,1,0,0
0.4,0.2,-0.01989,1,0,0
0.42,0.2,-0.039235,1,0,0
0.44,0.2,-0.0335,1,0,0
0.46,0.2,-0.034004,1,0,0
0.48,0.2,-0.0079987,1,0,0
0.5,0.2,0.03024,1,0,0
0.52,0.2,-0.0027272,1,0,0
0.54,0.2,-0.016367,1,0,0
0.56,0.2,-0.01931,1,0,0
0.58,0.2,-0.044407,1,0,0
0.6,0.2,-0.015872,1,0,0
0.62,0.2,0.027017,1,0,0
0.64,0.2,0.061255,1,0,0
0.66,0.2,0.014841,1,0,0
0.68,0.2,0.051188,1,0,0
0.7,0.2,0.061478,1,0,0
0.72,0.2,-0.0080768,1,0,0
0.74,0.2,0.049164,1,0,0
0.76,0.2,-0.0049604,1,0,0
0.78,0.2,0.019743,1,0,0
0.8,0.2,-0.010558,1,0,0
0.82,0.2,-0.072893,1,0,0
0.84,0.2,-0.026454,1,0,0
0.86,0.2,0.036098,1,0,0
0.88,0.2,0.063601,1,0,0
0.9,0.2,0.067839,1,0,0
0.92,0.2,0.012385,1,0,0
0.94,0.2,0.055907,1,0,0
0.96,0.2,-0.002304,1,0,0
0.98,0.2,-0.03221,1,0,0
0.02,0.22,0.014861,1,0,0
0.04,0.22,-0.017517,1,0,0
0.06,0.22,0.0038616,1,0,0
0.08,0.22,0.0064365,1,0,0
0.1,0.22,0.031447,1,0,0
0.12,0.22,0.04495,1,0,0
0.14,0.22,0.049146,1,0,0
0.16,0.22,-0.0027553,1,0,0
0.18,0.22,0.10028,1,0,0
0.2,0.22,0.053826,1,0,0
0.22,0.22,-0.0027719,1,0,0
0.24,0.22,0.012471,1,0,0
0.26,0.22,0.005222,1,0,0
0.28,0.22,0.021609,1,0,0
0.3,0.22,0.0011723,1,0,0
0.32,0.22,-0.041075,1,0,0
0.34,0.22,-0.01227,1,0,0
0.36,0.22,-0.040527,1,0,0
0.38,0.22,-0.014756,1,0,0
0.4,0.22,0.00043189,1,0,0
0.42,0.22,0.0097547,1,0,0
0.44,0.22,-0.020979,1,0,0
0.46,0.22,0.015829,1,0,0
0.48,0.22,-0.030389,1,0,0
0.5,0.22,-0.021559,1,0,0
0.52,0.22,-0.034109,1,0,0
0.54,0.22,-0.018058,1,0,0
0.56,0.22,0.039702,1,0,0
0.58,0.22,0.039555,1,0,0
0.6,0.22,0.050608,1,0,0
0.62,0.22,0.014223,1,0,0
0.64,0.22,0.043242,1,0,0
0.66,0.22,-0.030013,1,0,0
0.68,0.22,0.025527,1,0,0
0.7,0.22,0.024611,1,0,0
0.72,0.22,-0.032217,1,0,0
0.74,0.22,0.0058261,1,0,0
0.76,0.22,0.0032544,1,0,0
0.78,0.22,0.034988,1,0,0
0.8,0.22,0.022456,1,0,0
0.82,0.22,-0.028311,1,0,0
0.84,0.22,0.038531,1,0,0
0.86,0.22,-0.0082143,1,0,0
0.88,0.22,0.032333,1,0,0
0.9,0.22,0.038979,1,0,0
0.92,0.22,0.013661,1,0,0
0.94,0.22,0.038184,1,0,0
0.96,0.22,-0.010032,1,0,0
0.98,0.22,0.012003,1,0,0
0.02,0.24,-0.041341,1,0,0
0.04,0.24,-0.047812,1,0,0
0.06,0.24,-0.024249,1,0,0
0.08,0.24,-0.095306,1,0,0
0.1,0.24,-0.011325,1,0,0
0.12,0.24,-0.010662,1,0,0
0.14,0.24,0.030243,1,0,0
0.16,0.24,-0.017863,1,0,0
0.18,0.24,0.030348,1,0,0
0.2,0.24,-0.072748,1,0,0
0.22,0.24,-0.065516,1,0,0
0.24,0.24,-0.021088,1,0,0
0.26,0.24,0.010835,1,0,0
0.28,0.24,-0.032935,1,0,0
0.3,0.24,-0.045903,1,0,0
0.32,0.24,-0.023834,1,0,0
0.34,0.24,-0.025873,1,0,0
0.36,0.24,-0.046986,1,0,0
0.38,0.24,-0.085384,1,0,0
0.4,0.24,-0.019166,1,0,0
0.42,0.24,-0.075073,1,0,0
0.44,0.24,-0.023767,1,0,0
0.46,0.24,-0.0077538,1,0,0
0.48,0.24,-0.016489,1,0,0
0.5,0.24,-0.074654,1,0,0
0.52,0.24,-0.032623,1,0,0
0.54,0.24,-0.0058176,1,0,0
0.56,0.24,-0.01608,1,0,0
0.58,0.24,0.020009,1,0,0
0.6,0.24,-0.029257,1,0,0
0.62,0.24,-0.036035,1,0,0
0.64,0.24,0.016028,1,0,0
0.66,0.24,-0.023567,1,0,0
0.68,0.24,-0.0005029,1,0,0
0.7,0.24,-0.021841,1,0,0
0.72,0.24,0.056372,1,0,0
0.74,0.24,0.035683,1,0,0
0.76,0.24,-0.019504,1,0,0
0.78,0.24,-0.00046702,1,0,0
0.8,0.24,-0.050161,1,0,0
0.82,0.24,-0.11969,1,0,0
0.84,0.24,-0.0056104,1,0,0
0.86,0.24,-0.0088762,1,0,0
0.88,0.24,-0.034147,1,0,0
0.9,0.24,-0.011946,1,0,0
0.92,0.24,-0.033054,1,0,0
0.94,0.24,0.013085,1,0,0
0.96,0.24,-0.029915,1,0,0
0.98,0.24,-0.0374,1,0,0
0.02,0.26,0.0017951,1,0,0
0.04,0.26,-0.0074058,1,0,0
0.06,0.26,-0.042681,1,0,0
0.08,0.26,0.012184,1,0,0
0.1,0.26,0.023499,1,0,0
0.12,0.26,-0.026883,1,0,0
0.14,0.26,-0.023368,1,0,0
0.16,0.26,-0.044238,1,0,0
0.18,0.26,-0.0049177,1,0,0
0.2,0.26,-0.068029,1,0,0
0.22,0.26,-0.037274,1,0,0
0.24,0.26,-0.076694,1,0,0
0.26,0.26,0.011489,1,0,0
0.28,0.26,0.0046558,1,0,0
0.3,0.26,0.039468,1,0,0
0.32,0.26,-0.028899,1,0,0
0.34,0.26,-0.0477,1,0,0
0.36,0.26,-0.034823,1,0,0
0.38,0.26,-0.042453,1,0,0
0.4,0.26,-0.019418,1,0,0
0.42,0.26,-0.035651,1,0,0
0.44,0.26,-0.037987,1,0,0
0.46,0.26,-0.043185,1,0,0
0.48,0.26,-0.022726,1,0,0
0.5,0.26,-0.046016,1,0,0
0.52,0.26,-0.012901,1,0,0
0.54,0.26,-0.047398,1,0,0
0.56,0.26,-0.046573,1,0,0
0.58,0.26,-0.043407,1,0,0
0.6,0.26,-0.021562,1,0,0
0.62,0.26,-0.036816,1,0,0
0.64,0.26,-0.0056758,1,0,0
0.66,0.26,0.014228,1,0,0
0.68,0.26,0.028658,1,0,0
0.7,0.26,0.063321,1,0,0
0.72,0.26,0.028037,1,0,0
0.74,0.26,0.014545,1,0,0
0.76,0.26,-0.029269,1,0,0
0.78,0.26,-0.047023,1,0,0
0.8,0.26,-0.0026626,1,0,0
0.82,0.26,-0.092881,1,0,0
0.84,0.26,-0.031903,1,0,0
0.86,0.26,-0.042383,1,0,0
0.88,0.26,-0.013063,1,0,0
0.9,0.26,-0.046706,1,0,0
0.92,0.26,-0.038844,1,0,0
0.94,0.26,-0.0084798,1,0,0
0.96,0.26,-0.021264,1,0,0
0.98,0.26,-0.031428,1,0,0
0.02,0.28,-0.016731,1,0,0
0.04,0.28,-0.066849,1,0,0
0.06,0.28,-0.05636,1,0,0
0.08,0.28,-0.04992,1,0,0
0.1,0.28,-0.012819,1,0,0
0.12,0.28,-0.035488,1,0,0
0.14,0.28,-0.028005,1,0,0
0.16,0.28,-0.078753,1,0,0
0.18,0.28,1.4214e-05,1,0,0
0.2,0.28,-0.0017157,1,0,0
0.22,0.28,-0.010149,1,0,0
0.24,0.28,-0.064731,1,0,0
0.26,0.28,-0.012732,1,0,0
0.28,0.28,-0.0014694,1,0,0
0.3,0.28,-0.026487,1,0,0
0.32,0.28,-0.055016,1,0,0
0.34,0.28,-0.030598,1,0,0
0.36,0.28,-0.015204,1,0,0
0.38,0.28,-0.051626,1,0,0
0.4,0.28,-0.034395,1,0,0
0.42,0.28,-0.06517,1,0,0
0.44,0.28,-0.10951,1,0,0
0.46,0.28,-0.047272,1,0,0
0.48,0.28,-0.044986,1,0,0
0.5,0.28,-0.0059422,1,0,0
0.52,0.28,0.027175,1,0,0
0.54,0.28,-0.029271,1,0,0
0.56,0.28,-0.075837,1,0,0
0.58,0.28,-0.039362,1,0,0
0.6,0.28,-0.0053283,1,0,0
0.62,0.28,-0.052901,1,0,0
0.64,0.28,-0.056409,1,0,0
0.66,0.28,-0.02916,1,0,0
0.68,0.28,-0.0065447,1,0,0
0.7,0.28,0.016325,1,0,0
0.72,0.28,0.011023,1,0,0
0.74,0.28,0.030021,1,0,0
0.76,0.28,-0.042804,1,0,0
0.78,0.28,-0.0072239,1,0,0
0.8,0.28,0.0027577,1,0,0
0.82,0.28,-0.090916,1,0,0
0.84,0.28,-0.061614,1,0,0
0.86,0.28,-0.040791,1,0,0
0.88,0.28,-0.048482,1,0,0
0.9,0.28,-0.080292,1,0,0
0.92,0.28,-0.10036,1,0,0
0.94,0.28,-0.003701,1,0,0
0.96,0.28,-0.029771,1,0,0
0.98,0.28,-0.054689,1,0,0
0.02,0.3,-0.012489,1,0,0
0.04,0.3,0.015394,1,0,0
0.06,0.3,-0.016778,1,0,0
0.08,0.3,-0.021818,1,0,0
0.1,0.3,-0.034639,1,0,0
0.12,0.3,-0.065795,1,0,0
0.14,0.3,-0.032554,1,0,0
0.16,0.3,-0.020595,1,0,0
0.18,0.3,0.0097223,1,0,0
0.2,0.3,-0.034715,1,0,0
0.22,0.3,-0.032686,1,0,0
0.24,0.3,-0.013957,1,0,0
0.26,0.3,-0.061539,1,0,0
0.28,0.3,-0.029894,1,0,0
0.3,0.3,0.026556,1,0,0
0.32,0.3,-0.03945,1,0,0
0.34,0.3,0.024408,1,0,0
0.36,0.3,-0.033094,1,0,0
0.38,0.3,-0.047831,1,0,0
0.4,0.3,-0.055252,1,0,0
0.42,0.3,-0.047714,1,0,0
0.44,0.3,-0.036888,1,0,0
0.46,0.3,-0.052186,1,0,0
0.48,0.3,-0.044853,1,0,0
0.5,0.3,0.0086644,1,0,0
0.52,0.3,0.0016188,1,0,0
0.54,0.3,0.031499,1,0,0
0.56,0.3,-0.00627,1,0,0
0.58,0.3,-0.011065,1,0,0
0.6,0.3,0.004876,1,0,0
0.62,0.3,-0.020789,1,0,0
0.64,0.3,0.016397,1,0,0
0.66,0.3,0.042696,1,0,0
0.68,0.3,0.019947,1,0,0
0.7,0.3,0.057799,1,0,0
0.72,0.3,0.048345,1,0,0
0.74,0.3,-0.0058347,1,0,0
0.76,0.3,-0.013625,1,0,0
0.78,0.3,0.013552,1,0,0
0.8,0.3,-0.041094,1,0,0
0.82,0.3,-0.006926,1,0,0
0.84,0.3,-0.02292,1,0,0
0.86,0.3,-0.049561,1,0,0
0.88,0.3,-0.04575,1,0,0
0.9,0.3,-0.075903,1,0,0
0.92,0.3,-0.047789,1,0,0
0.94,0.3,-0.024329,1,0,0
0.96,0.3,-0.020377,1,0,0
0.98,0.3,-0.043244,1,0,0
0.02,0.32,-0.035803,1,0,0
0.04,0.32,0.017854,1,0,0
0.06,0.32,-0.010449,1,0,0
0.08,0.32,0.0075632,1,0,0
0.1,0.32,0.0055811,1,0,0
0.12,0.32,0.03377,1,0,0
0.14,0.32,0.010609,1,0,0
0.16,0.32,0.019007,1,0,0
0.18,0.32,-0.038981,1,0,0
0.2,0.32,-0.018226,1,0,0
0.22,0.32,-0.057932,1,0,0
0.24,0.32,-0.049607,1,0,0
0.26,0.32,-0.0094056,1,0,0
0.28,0.32,-0.045617,1,0,0
0.3,0.32,0.018887,1,0,0
0.32,0.32,-0.048802,1,0,0
0.34,0.32,-0.006529,1,0,0
0.36,0.32,-0.032242,1,0,0
0.38,0.32,-0.029222,1,0,0
0.4,0.32,-0.075959,1,0,0
0.42,0.32,-0.02449,1,0,0
0.44,0.32,-0.078283,1,0,0
0.46,0.32,-0.068542,1,0,0
0.48,0.32,-0.01303,1,0,0
0.5,0.32,-0.0086393,1,0,0
0.52,0.32,-0.028973,1,0,0
0.54,0.32,0.033748,1,0,0
0.56,0.32,-0.01084,1,0,0
0.58,0.32,0.033963,1,0,0
0.6,0.32,-0.028162,1,0,0
0.62,0.32,0.019703,1,0,0
0.64,0.32,0.040843,1,0,0
0.66,0.32,-0.0020806,1,0,0
0.68,0.32,0.027446,1,0,0
0.7,0.32,0.070061,1,0,0
0.72,0.32,0.016881,1,0,0
0.74,0.32,-0.042834,1,0,0
0.76,0.32,-0.040369,1,0,0
0.78,0.32,-0.03889,1,0,0
0.8,0.32,-0.062783,1,0,0
0.82,0.32,-0.068699,1,0,0
0.84,0.32,-0.0014966,1,0,0
0.86,0.32,-0.0010171,1,0,0
0.88,0.32,-0.063974,1,0,0
0.9,0.32,-0.065897,1,0,0
0.92,0.32,-0.031706,1,0,0
0.94,0.32,-0.058094,1,0,0
0.96,0.32,-0.083102,1,0,0
0.98,0.32,-0.036508,1,0,0
0.02,0.34,-2.3643e-05,1,0,0
0.04,0.34,-0.0094521,1,0,0
0.06,0.34,-0.095883,1,0,0
0.08,0.34,-0.027077,1,0,0
0.1,0.34,0.022625,1,0,0
0.12,0.34,0.046236,1,0,0
0.14,0.34,0.069222,1,0,0
0.16,0.34,0.014268,1,0,0
0.18,0.34,0.023391,1,0,0
0.2,0.34,-0.010321,1,0,0
0.22,0.34,-0.020815,1,0,0
0.24,0.34,0.021674,1,0,0
0.26,0.34,0.034251,1,0,0
0.28,0.34,-0.039459,1,0,0
0.3,0.34,-0.073611,1,0,0
0.32,0.34,-0.042246,1,0,0
0.34,0.34,-0.060792,1,0,0
0.36,0.34,-0.074011,1,0,0
0.38,0.34,-0.017904,1,0,0
0.4,0.34,-0.0037136,1,0,0
0.42,0.34,0.0066276,1,0,0
0.44,0.34,-0.011776,1,0,0
0.46,0.34,-0.028731,1,0,0
0.48,0.34,-0.024139,1,0,0
0.5,0.34,-0.0024117,1,0,0
0.52,0.34,0.014283,1,0,0
0.54,0.34,0.077385,1,0,0
0.56,0.34,0.012452,1,0,0
0.58,0.34,0.020091,1,0,0
0.6,0.34,0.10202,1,0,0
0.62,0.34,0.065599,1,0,0
0.64,0.34,0.020056,1,0,0
0.66,0.34,0.020455,1,0,0
0.68,0.34,0.055401,1,0,0
0.7,0.34,0.047544,1,0,0
0.72,0.34,0.011442,1,0,0
0.74,0.34,-0.027132,1,0,0
0.76,0.34,0.0098809,1,0,0
0.78,0.34,-0.0015557,1,0,0
0.8,0.34,0.029929,1,0,0
0.82,0.34,-0.025362,1,0,0
0.84,0.34,-0.003531,1,0,0
0.86,0.34,-1.9977e-05,1,0,0
0.88,0.34,0.0052441,1,0,0
0.9,0.34,-0.068729,1,0,0
0.92,0.34,-0.049682,1,0,0
0.94,0.34,-0.036232,1,0,0
0.96,0.34,-0.077466,1,0,0
0.98,0.34,-0.0048989,1,0,0
0.02,0.36,-0.019453,1,0,0
0.04,0.36,-0.036467,1,0,0
0.06,0.36,-0.028052,1,0,0
0.08,0.36,-0.016556,1,0,0
0.1,0.36,0.033893,1,0,0
0.12,0.36,0.036795,1,0,0
0.14,0.36,0.088552,1,0,0
0.16,0.36,0.0017733,1,0,0
0.18,0.36,0.039418,1,0,0
0.2,0.36,-0.010776,1,0,0
0.22,0.36,-0.020285,1,0,0
0.24,0.36,-0.017943,1,0,0
0.26,0.36,-0.024624,1,0,0
0.28,0.36,-0.018525,1,0,0
0.3,0.36,-0.003621,1,0,0
0.32,0.36,-0.086955,1,0,0
0.34,0.36,-0.04808,1,0,0
0.36,0.36,-0.051459,1,0,0
0.38,0.36,-0.068914,1,0,0
0.4,0.36,-0.038013,1,0,0
0.42,0.36,0.0021805,1,0,0
0.44,0.36,0.043319,1,0,0
0.46,0.36,-0.031742,1,0,0
0.48,0.36,0.020515,1,0,0
0.5,0.36,-0.016449,1,0,0
0.52,0.36,0.037843,1,0,0
0.54,0.36,0.025156,1,0,0
0.56,0.36,0.0099044,1,0,0
0.58,0.36,0.047776,1,0,0
0.6,0.36,0.077839,1,0,0
0.62,0.36,0.026953,1,0,0
0.64,0.36,-0.002064,1,0,0
0.66,0.36,-0.0091867,1,0,0
0.68,0.36,0.060063,1,0,0
0.7,0.36,0.056004,1,0,0
0.72,0.36,-0.01712,1,0,0
0.74,0.36,0.017495,1,0,0
0.76,0.36,-0.0050366,1,0,0
0.78,0.36,0.028998,1,0,0
0.8,0.36,0.0017504,1,0,0
0.82,0.36,-0.04265,1,0,0
0.84,0.36,-0.041401,1,0,0
0.86,0.36,-0.035535,1,0,0
0.88,0.36,0.023369,1,0,0
0.9,0.36,-0.034761,1,0,0
0.92,0.36,-0.027512,1,0,0
0.94,0.36,-0.074311,1,0,0
0.96,0.36,-0.054752,1,0,0
0.98,0.36,-0.038209,1,0,0
0.02,0.38,0.00064221,1,0,0
0.04,0.38,0.035542,1,0,0
0.06,0.38,0.070294,1,0,0
0.08,0.38,-0.024609,1,0,0
0.1,0.38,-0.03256,1,0,0
0.12,0.38,0.0041217,1,0,0
0.14,0.38,0.10309,1,0,0
0.16,0.38,-0.0021423,1,0,0
0.18,0.38,-0.017601,1,0,0
0.2,0.38,-0.027671,1,0,0
0.22,0.38,-0.018675,1,0,0
0.24,0.38,0.028653,1,0,0
0.26,0.38,0.0095847,1,0,0
0.28,0.38,-0.024399,1,0,0
0.3,0.38,-0.039528,1,0,0
0.32,0.38,-0.021744,1,0,0
0.34,0.38,-0.016919,1,0,0
0.36,0.38,-0.072167,1,0,0
0.38,0.38,-0.081641,1,0,0
0.4,0.38,-0.031143,1,0,0
0.42,0.38,-0.030611,1,0,0
0.44,0.38,0.081501,1,0,0
0.46,0.38,-0.017226,1,0,0
0.48,0.38,0.030366,1,0,0
0.5,0.38,-0.021723,1,0,0
0.52,0.38,0.019744,1,0,0
0.54,0.38,0.062517,1,0,0
0.56,0.38,0.048102,1,0,0
0.58,0.38,0.037426,1,0,0
0.6,0.38,0.044638,1,0,0
0.62,0.38,-0.0049575,1,0,0
0.64,0.38,0.028756,1,0,0
0.66,0.38,0.035285,1,0,0
0.68,0.38,0.00080382,1,0,0
0.7,0.38,-0.034383,1,0,0
0.72,0.38,0.0168,1,0,0
0.74,0.38,0.01271,1,0,0
0.76,0.38,-0.01752,1,0,0
0.78,0.38,-0.016648,1,0,0
0.8,0.38,0.014796,1,0,0
0.82,0.38,-0.022107,1,0,0
0.84,0.38,-0.018226,1,0,0
0.86,0.38,-0.025644,1,0,0
0.88,0.38,0.019819,1,0,0
0.9,0.38,-0.069387,1,0,0
0.92,0.38,-0.046345,1,0,0
0.94,0.38,-0.036461,1,0,0
0.96,0.38,-0.032012,1,0,0
0.98,0.38,-0.057827,1,0,0
0.02,0.4,0.0020928,1,0,0
0.04,0.4,0.0048587,1,0,0
0.06,0.4,0.0064433,1,0,0
0.08,0.4,-0.020991,1,0,0
0.1,0.4,-0.0069314,1,0,0
0.12,0.4,-0.037229,1,0,0
0.14,0.4,-0.013167,1,0,0
0.16,0.4,-0.069697,1,0,0
0.18,0.4,-0.039991,1,0,0
0.2,0.4,-0.075557,1,0,0
0.22,0.4,-0.079938,1,0,0
0.24,0.4,-0.048145,1,0,0
0.26,0.4,-0.0044465,1,0,0
0.28,0.4,-0.052732,1,0,0
0.3,0.4,-0.02502,1,0,0
0.32,0.4,-0.02523,1,0,0
0.34,0.4,-0.056385,1,0,0
0.36,0.4,-0.006254,1,0,0
0.38,0.4,-0.018291,1,0,0
0.4,0.4,0.008702,1,0,0
0.42,0.4,-0.042476,1,0,0
0.44,0.4,-0.03146,1,0,0
0.46,0.4,-0.10143,1,0,0
0.48,0.4,-0.023313,1,0,0
0.5,0.4,-0.036382,1,0,0
0.52,0.4,0.024426,1,0,0
0.54,0.4,0.0020256,1,0,0
0.56,0.4,-0.030726,1,0,0
0.58,0.4,0.029093,1,0,0
0.6,0.4,0.022474,1,0,0
0.62,0.4,0.038496,1,0,0
0.64,0.4,-0.0072183,1,0,0
0.66,0.4,-0.057682,1,0,0
0.68,0.4,0.035612,1,0,0
0.7,0.4,0.01594,1,0,0
0.72,0.4,-0.031388,1,0,0
0.74,0.4,-0.005965,1,0,0
0.76,0.4,0.024649,1,0,0
0.78,0.4,-0.018066,1,0,0
0.8,0.4,0.044367,1,0,0
0.82,0.4,-0.051717,1,0,0
0.84,0.4,-0.078207,1,0,0
0.86,0.4,-0.052353,1,0,0
0.88,0.4,-0.071184,1,0,0
0.9,0.4,-0.067783,1,0,0
0.92,0.4,-0.1096,1,0,0
0.94,0.4,-0.074736,1,0,0
0.96,0.4,-0.05097,1,0,0
0.98,0.4,-0.032548,1,0,0
0.02,0.42,0.0313,1,0,0
0.04,0.42,0.037392,1,0,0
0.06,0.42,0.015222,1,0,0
0.08,0.42,0.0046049,1,0,0
0.1,0.42,0.04148,1,0,0
0.12,0.42,0.01783,1,0,0
0.14,0.42,0.019571,1,0,0
0.16,0.42,0.012094,1,0,0
0.18,0.42,0.020575,1,0,0
0.2,0.42,0.03245,1,0,0
0.22,0.42,0.0040084,1,0,0
0.24,0.42,0.018104,1,0,0
0.26,0.42,0.0043557,1,0,0
0.28,0.42,0.031433,1,0,0
0.3,0.42,-0.012319,1,0,0
0.32,0.42,-0.027621,1,0,0
0.34,0.42,0.022726,1,0,0
0.36,0.42,-0.0060412,1,0,0
0.38,0.42,-0.038421,1,0,0
0.4,0.42,-0.0025099,1,0,0
0.42,0.42,0.0275,1,0,0
0.44,0.42,0.014201,1,0,0
0.46,0.42,-0.056313,1,0,0
0.48,0.42,0.015318,1,0,0
0.5,0.42,0.014188,1,0,0
0.52,0.42,0.038383,1,0,0
0.54,0.42,0.015021,1,0,0
0.56,0.42,0.034511,1,0,0
0.58,0.42,0.0025345,1,0,0
0.6,0.42,-0.0035863,1,0,0
0.62,0.42,0.051423,1,0,0
0.64,0.42,0.017019,1,0,0
0.66,0.42,-0.046745,1,0,0
0.68,0.42,-0.005592,1,0,0
0.7,0.42,0.010418,1,0,0
0.72,0.42,-0.021361,1,0,0
0.74,0.42,-0.022762,1,0,0
0.76,0.42,-0.035643,1,0,0
0.78,0.42,0.081207,1,0,0
0.8,0.42,0.010228,1,0,0
0.82,0.42,-0.0059021,1,0,0
0.84,0.42,0.048526,1,0,0
0.86,0.42,0.045536,1,0,0
0.88,0.42,-0.020747,1,0,0
0.9,0.42,-0.078018,1,0,0
0.92,0.42,-0.059738,1,0,0
0.94,0.42,-0.051397,1,0,0
0.96,0.42,-0.071937,1,0,0
0.98,0.42,-0.095192,1,0,0
0.02,0.44,0.016581,1,0,0
0.04,0.44,0.031673,1,0,0
0.06,0.44,0.011208,1,0,0
0.08,0.44,0.024345,1,0,0
0.1,0.44,0.04674,1,0,0
0.12,0.44,-0.0053723,1,0,0
0.14,0.44,-0.024915,1,0,0
0.16,0.44,-0.0003096,1,0,0
0.18,0.44,-0.010469,1,0,0
0.2,0.44,-0.057244,1,0,0
0.22,0.44,-0.094516,1,0,0
0.24,0.44,-0.0058354,1,0,0
0.26,0.44,-0.079848,1,0,0
0.28,0.44,0.0051257,1,0,0
0.3,0.44,0.063869,1,0,0
0.32,0.44,-0.00052925,1,0,0
0.34,0.44,0.051328,1,0,0
0.36,0.44,0.017716,1,0,0
0.38,0.44,0.00516,1,0,0
0.4,0.44,0.025269,1,0,0
0.42,0.44,-0.012008,1,0,0
0.44,0.44,0.001089,1,0,0
0.46,0.44,-0.011048,1,0,0
0.48,0.44,0.011728,1,0,0
0.5,0.44,0.010232,1,0,0
0.52,0.44,0.038795,1,0,0
0.54,0.44,0.016451,1,0,0
0.56,0.44,-0.04866,1,0,0
0.58,0.44,0.01505,1,0,0
0.6,0.44,-0.023334,1,0,0
0.62,0.44,-0.023389,1,0,0
0.64,0.44,-0.027699,1,0,0
0.66,0.44,-0.043273,1,0,0
0.68,0.44,0.04646,1,0,0
0.7,0.44,0.036007,1,0,0
0.72,0.44,0.075408,1,0,0
0.74,0.44,0.031873,1,0,0
0.76,0.44,0.009627,1,0,0
0.78,0.44,0.017176,1,0,0
0.8,0.44,-0.0044106,1,0,0
0.82,0.44,-0.046451,1,0,0
0.84,0.44,-0.066017,1,0,0
0.86,0.44,-0.051947,1,0,0
0.88,0.44,-0.039073,1,0,0
0.9,0.44,-0.069406,1,0,0
0.92,0.44,-0.062185,1,0,0
0.94,0.44,-0.041875,1,0,0
0.96,0.44,-0.037343,1,0,0
0.98,0.44,-0.026782,1,0,0
0.02,0.46,0.007326,1,0,0
0.04,0.46,0.067,1,0,0
0.06,0.46,0.042361,1,0,0
0.08,0.46,0.025633,1,0,0
0.1,0.46,0.050865,1,0,0
0.12,0.46,-0.00057287,1,0,0
0.14,0.46,0.054205,1,0,0
0.16,0.46,0.028414,1,0,0
0.18,0.46,0.003366,1,0,0
0.2,0.46,0.00058687,1,0,0
0.22,0.46,0.007291,1,0,0
0.24,0.46,-0.0075107,1,0,0
0.26,0.46,-0.00098445,1,0,0
0.28,0.46,-0.013377,1,0,0
0.3,0.46,0.0034319,1,0,0
0.32,0.46,-0.0020542,1,0,0
0.34,0.46,0.0094887,1,0,0
0.36,0.46,0.025707,1,0,0
0.38,0.46,0.015077,1,0,0
0.4,0.46,0.072284,1,0,0
0.42,0.46,0.040858,1,0,0
0.44,0.46,0.09948,1,0,0
0.46,0.46,0.03831,1,0,0
0.48,0.46,0.064533,1,0,0
0.5,0.46,0.021094,1,0,0
0.52,0.46,0.043881,1,0,0
0.54,0.46,0.017074,1,0,0
0.56,0.46,-0.0055807,1,0,0
0.58,0.46,0.014425,1,0,0
0.6,0.46,-0.039307,1,0,0
0.62,0.46,-0.0073031,1,0,0
0.64,0.46,-0.0029106,1,0,0
0.66,0.46,0.0013802,1,0,0
0.68,0.46,-0.00090804,1,0,0
0.7,0.46,0.012466,1,0,0
0.72,0.46,0.019212,1,0,0
0.74,0.46,0.064095,1,0,0
0.76,0.46,-0.0081648,1,0,0
0.78,0.46,0.0032257,1,0,0
0.8,0.46,0.0037016,1,0,0
0.82,0.46,0.013455,1,0,0
0.84,0.46,0.0084965,1,0,0
0.86,0.46,-0.0091597,1,0,0
0.88,0.46,0.0054878,1,0,0
0.9,0.46,-0.028333,1,0,0
0.92,0.46,-0.093927,1,0,0
0.94,0.46,0.035526,1,0,0
0.96,0.46,0.034063,1,0,0
0.98,0.46,-0.043703,1,0,0
0.02,0.48,0.023426,1,0,0
0.04,0.48,0.015104,1,0,0
0.06,0.48,-0.040671,1,0,0
0.08,0.48,0.069428,1,0,0
0.1,0.48,0.038748,1,0,0
0.12,0.48,0.0323,1,0,0
0.14,0.48,0.0376,1,0,0
0.16,0.48,-0.023338,1,0,0
0.18,0.48,0.015128,1,0,0
0.2,0.48,0.017419,1,0,0
0.22,0.48,-0.021824,1,0,0
0.24,0.48,-0.042885,1,0,0
0.26,0.48,0.030273,1,0,0
0.28,0.48,-0.014843,1,0,0
0.3,0.48,-0.0053516,1,0,0
0.32,0.48,-0.051669,1,0,0
0.34,0.48,0.012619,1,0,0
0.36,0.48,0.034532,1,0,0
0.38,0.48,0.021978,1,0,0
0.4,0.48,0.092577,1,0,0
0.42,0.48,-0.0095956,1,0,0
0.44,0.48,0.029494,1,0,0
0.46,0.48,0.013033,1,0,0
0.48,0.48,0.070832,1,0,0
0.5,0.48,0.0083399,1,0,0
0.52,0.48,0.047055,1,0,0
0.54,0.48,-0.054768,1,0,0
0.56,0.48,-0.075045,1,0,0
0.58,0.48,-0.039999,1,0,0
0.6,0.48,-0.026976,1,0,0
0.62,0.48,-0.022055,1,0,0
0.64,0.48,-0.027248,1,0,0
0.66,0.48,-0.032748,1,0,0
0.68,0.48,-0.013905,1,0,0
0.7,0.48,0.010895,1,0,0
0.72,0.48,-0.045568,1,0,0
0.74,0.48,-0.045523,1,0,0
0.76,0.48,-0.024033,1,0,0
0.78,0.48,-0.02574,1,0,0
0.8,0.48,0.027994,1,0,0
0.82,0.48,-0.029684,1,0,0
0.84,0.48,0.011399,1,0,0
0.86,0.48,-0.0027403,1,0,0
0.88,0.48,0.027471,1,0,0
0.9,0.48,-0.040382,1,0,0
0.92,0.48,-0.036928,1,0,0
0.94,0.48,-0.022594,1,0,0
0.96,0.48,-0.034587,1,0,0
0.98,0.48,-0.061256,1,0,0
0.02,0.5,0.036085,1,0,0
0.04,0.5,0.064699,1,0,0
0.06,0.5,-0.0021777,1,0,0
0.08,0.5,-0.019399,1,0,0
0.1,0.5,0.08639,1,0,0
0.12,0.5,0.0019385,1,0,0
0.14,0.5,0.013186,1,0,0
0.16,0.5,0.022508,1,0,0
0.18,0.5,0.079671,1,0,0
0.2,0.5,0.020964,1,0,0
0.22,0.5,-0.019625,1,0,0
0.24,0.5,-0.010682,1,0,0
0.26,0.5,-0.038066,1,0,0
0.28,0.5,-0.027438,1,0,0
0.3,0.5,-0.024806,1,0,0
0.32,0.5,0.03061,1,0,0
0.34,0.5,0.06206,1,0,0
0.36,0.5,0.068501,1,0,0
0.38,0.5,0.040414,1,0,0
0.4,0.5,0.042473,1,0,0
0.42,0.5,0.034808,1,0,0
0.44,0.5,0.02687,1,0,0
0.46,0.5,0.078805,1,0,0
0.48,0.5,0.039447,1,0,0
0.5,0.5,0.02352,1,0,0
0.52,0.5,0.032285,1,0,0
0.54,0.5,0.018329,1,0,0
0.56,0.5,-0.0075085,1,0,0
0.58,0.5,-0.014171,1,0,0
0.6,0.5,0.0027312,1,0,0
0.62,0.5,0.0053793,1,0,0
0.64,0.5,0.028377,1,0,0
0.66,0.5,-0.0094257,1,0,0
0.68,0.5,0.045778,1,0,0
0.7,0.5,0.02203,1,0,0
0.72,0.5,0.0064288,1,0,0
0.74,0.5,-0.063465,1,0,0
0.76,0.5,-0.0049558,1,0,0
0.78,0.5,0.03715,1,0,0
0.8,0.5,-0.0092975,1,0,0
0.82,0.5,-0.022132,1,0,0
0.84,0.5,0.072824,1,0,0
0.86,0.5,0.0035444,1,0,0
0.88,0.5,0.053646,1,0,0
0.9,0.5,0.013014,1,0,0
0.92,0.5,0.021802,1,0,0
0.94,0.5,0.021536,1,0,0
0.96,0.5,-0.0092445,1,0,0
0.98,0.5,-0.034809,1,0,0
0.02,0.52,0.028015,1,0,0
0.04,0.52,0.026981,1,0,0
0.06,0.52,0.0076521,1,0,0
0.08,0.52,0.02673,1,0,0
0.1,0.52,-0.036836,1,0,0
0.12,0.52,0.0036104,1,0,0
0.14,0.52,-0.0079174,1,0,0
0.16,0.52,-0.0012074,1,0,0
0.18,0.52,0.0077418,1,0,0
0.2,0.52,0.024363,1,0,0
0.22,0.52,-0.01961,1,0,0
0.24,0.52,-0.045112,1,0,0
0.26,0.52,-0.020959,1,0,0
0.28,0.52,-0.061328,1,0,0
0.3,0.52,-0.057128,1,0,0
0.32,0.52,-0.033603,1,0,0
0.34,0.52,0.034614,1,0,0
0.36,0.52,0.0076407,1,0,0
0.38,0.52,0.022419,1,0,0
0.4,0.52,0.016302,1,0,0
0.42,0.52,0.0076711,1,0,0
0.44,0.52,-0.027442,1,0,0
0.46,0.52,0.013936,1,0,0
0.48,0.52,0.019027,1,0,0
0.5,0.52,-0.049727,1,0,0
0.52,0.52,-0.052912,1,0,0
0.54,0.52,-0.038631,1,0,0
0.56,0.52,0.0034278,1,0,0
0.58,0.52,-0.067628,1,0,0
0.6,0.52,-0.036193,1,0,0
0.62,0.52,-0.077039,1,0,0
0.64,0.52,-0.0024872,1,0,0
0.66,0.52,-0.017771,1,0,0
0.68,0.52,-0.063309,1,0,0
0.7,0.52,-0.034532,1,0,0
0.72,0.52,-0.039725,1,0,0
0.74,0.52,-0.078229,1,0,0
0.76,0.52,-0.0048933,1,0,0
0.78,0.52,-0.0077565,1,0,0
0.8,0.52,-0.019566,1,0,0
0.82,0.52,-0.010468,1,0,0
0.84,0.52,-0.020089,1,0,0
0.86,0.52,-0.012355,1,0,0
0.88,0.52,-0.02258,1,0,0
0.9,0.52,-0.10312,1,0,0
0.92,0.52,-0.018098,1,0,0
0.94,0.52,-0.074819,1,0,0
0.96,0.52,-0.062559,1,0,0
0.98,0.52,-0.034352,1,0,0
0.02,0.54,0.0077138,1,0,0
0.04,0.54,-0.033117,1,0,0
0.06,0.54,-0.025101,1,0,0
0.08,0.54,0.016242,1,0,0
0.1,0.54,-0.023732,1,0,0
0.12,0.54,-0.0071703,1,0,0
0.14,0.54,0.015949,1,0,0
0.16,0.54,0.019849,1,0,0
0.18,0.54,-0.029965,1,0,0
0.2,0.54,0.02049,1,0,0
0.22,0.54,0.02222,1,0,0
0.24,0.54,-0.029658,1,0,0
0.26,0.54,0.03205,1,0,0
0.28,0.54,-0.028744,1,0,0
0.3,0.54,-0.046544,1,0,0
0.32,0.54,-0.057293,1,0,0
0.34,0.54,-0.045575,1,0,0
0.36,0.54,0.022637,1,0,0
0.38,0.54,0.038777,1,0,0
0.4,0.54,-0.030839,1,0,0
0.42,0.54,0.034531,1,0,0
0.44,0.54,-0.003126,1,0,0
0.46,0.54,0.0039979,1,0,0
0.48,0.54,-0.011822,1,0,0
0.5,0.54,0.020178,1,0,0
0.52,0.54,-0.022039,1,0,0
0.54,0.54,-0.044019,1,0,0
0.56,0.54,-0.042558,1,0,0
0.58,0.54,-0.046287,1,0,0
0.6,0.54,-0.044781,1,0,0
0.62,0.54,-0.04141,1,0,0
0.64,0.54,-0.010946,1,0,0
0.66,0.54,-0.039386,1,0,0
0.68,0.54,-0.017515,1,0,0
0.7,0.54,0.0027483,1,0,0
0.72,0.54,-0.028609,1,0,0
0.74,0.54,-0.00021342,1,0,0
0.76,0.54,0.037523,1,0,0
0.78,0.54,-0.017194,1,0,0
0.8,0.54,-0.0017627,1,0,0
0.82,0.54,-0.012922,1,0,0
0.84,0.54,0.009823,1,0,0
0.86,0.54,0.01509,1,0,0
0.88,0.54,-0.001961,1,0,0
0.9,0.54,-0.024674,1,0,0
0.92,0.54,-0.065341,1,0,0
0.94,0.54,-0.043755,1,0,0
0.96,0.54,-0.060084,1,0,0
0.98,0.54,-0.065776,1,0,0
0.02,0.56,0.009467,1,0,0
0.04,0.56,-0.031072,1,0,0
0.06,0.56,-0.037481,1,0,0
0.08,0.56,0.0050888,1,0,0
0.1,0.56,-0.0018976,1,0,0
0.12,0.56,-0.015505,1,0,0
0.14,0.56,0.0069052,1,0,0
0.16,0.56,-0.0046816,1,0,0
0.18,0.56,0.019174,1,0,0
0.2,0.56,-0.026158,1,0,0
0.22,0.56,-0.022513,1,0,0
0.24,0.56,-0.013164,1,0,0
0.26,0.56,0.015635,1,0,0
0.28,0.56,-0.021754,1,0,0
0.3,0.56,0.012127,1,0,0
0.32,0.56,-0.029714,1,0,0
0.34,0.56,-0.035909,1,0,0
0.36,0.56,0.0071078,1,0,0
0.38,0.56,0.0044776,1,0,0
0.4,0.56,0.00049193,1,0,0
0.42,0.56,-0.00025506,1,0,0
0.44,0.56,0.06067,1,0,0
0.46,0.56,-0.021781,1,0,0
0.48,0.56,-0.035988,1,0,0
0.5,0.56,-0.0068495,1,0,0
0.52,0.56,-0.035622,1,0,0
0.54,0.56,0.005542,1,0,0
0.56,0.56,-0.052146,1,0,0
0.58,0.56,-0.0055717,1,0,0
0.6,0.56,-0.045522,1,0,0
0.62,0.56,-0.03499,1,0,0
0.64,0.56,-0.028447,1,0,0
0.66,0.56,-0.00085788,1,0,0
0.68,0.56,-0.041818,1,0,0
0.7,0.56,0.010443,1,0,0
0.72,0.56,0.010093,1,0,0
0.74,0.56,0.01835,1,0,0
0.76,0.56,0.034973,1,0,0
0.78,0.56,-0.01147,1,0,0
0.8,0.56,0.0041827,1,0,0
0.82,0.56,-0.035513,1,0,0
0.84,0.56,-0.024432,1,0,0
0.86,0.56,0.021292,1,0,0
0.88,0.56,0.010263,1,0,0
0.9,0.56,-0.03466,1,0,0
0.92,0.56,-0.033213,1,0,0
0.94,0.56,0.010121,1,0,0
0.96,0.56,-0.055852,1,0,0
0.98,0.56,-0.047489,1,0,0
0.02,0.58,0.0070022,1,0,0
0.04,0.58,-0.028278,1,0,0
0.06,0.58,0.01571,1,0,0
0.08,0.58,0.012636,1,0,0
0.1,0.58,0.035858,1,0,0
0.12,0.58,0.024073,1,0,0
0.14,0.58,0.01796,1,0,0
0.16,0.58,-0.026362,1,0,0
0.18,0.58,0.016914,1,0,0
0.2,0.58,-0.057204,1,0,0
0.22,0.58,-0.0090168,1,0,0
0.24,0.58,-0.027241,1,0,0
0.26,0.58,0.023432,1,0,0
0.28,0.58,0.019624,1,0,0
0.3,0.58,0.024463,1,0,0
0.32,0.58,-0.031214,1,0,0
0.34,0.58,-0.023668,1,0,0
0.36,0.58,-0.005449,1,0,0
0.38,0.58,0.0008607,1,0,0
0.4,0.58,0.015194,1,0,0
0.42,0.58,0.0094125,1,0,0
0.44,0.58,0.029173,1,0,0
0.46,0.58,-0.020193,1,0,0
0.48,0.58,-0.0063189,1,0,0
0.5,0.58,-0.046209,1,0,0
0.52,0.58,-0.022492,1,0,0
0.54,0.58,-0.0077311,1,0,0
0.56,0.58,-0.031058,1,0,0
0.58,0.58,-0.032257,1,0,0
0.6,0.58,0.026236,1,0,0
0.62,0.58,-0.0052527,1,0,0
0.64,0.58,-0.028026,1,0,0
0.66,0.58,-0.0099434,1,0,0
0.68,0.58,-0.033829,1,0,0
0.7,0.58,0.014403,1,0,0
0.72,0.58,-0.028165,1,0,0
0.74,0.58,0.049522,1,0,0
0.76,0.58,-0.01172,1,0,0
0.78,0.58,0.013637,1,0,0
0.8,0.58,-0.018124,1,0,0
0.82,0.58,-0.027002,1,0,0
0.84,0.58,-0.026344,1,0,0
0.86,0.58,0.0095923,1,0,0
0.88,0.58,0.0036207,1,0,0
0.9,0.58,-0.026661,1,0,0
0.92,0.58,0.015269,1,0,0
0.94,0.58,0.011649,1,0,0
0.96,0.58,-0.037855,1,0,0
0.98,0.58,-0.046314,1,0,0
0.02,0.6,0.018616,1,0,0
0.04,0.6,-0.018895,1,0,0
0.06,0.6,0.045862,1,0,0
0.08,0.6,-0.0036706,1,0,0
0.1,0.6,0.036181,1,0,0
0.12,0.6,0.028265,1,0,0
0.14,0.6,0.025873,1,0,0
0.16,0.6,0.015145,1,0,0
0.18,0.6,0.00073563,1,0,0
0.2,0.6,-0.062133,1,0,0
0.22,0.6,0.011179,1,0,0
0.24,0.6,0.0079999,1,0,0
0.26,0.6,0.043837,1,0,0
0.28,0.6,0.0021501,1,0,0
0.3,0.6,-0.01005,1,0,0
0.32,0.6,0.0096541,1,0,0
0.34,0.6,-0.02694,1,0,0
0.36,0.6,0.0014446,1,0,0
0.38,0.6,-0.03121,1,0,0
0.4,0.6,-0.028529,1,0,0
0.42,0.6,0.043696,1,0,0
0.44,0.6,0.040827,1,0,0
0.46,0.6,-0.008095,1,0,0
0.48,0.6,0.016897,1,0,0
0.5,0.6,0.036052,1,0,0
0.52,0.6,-0.014706,1,0,0
0.54,0.6,0.024151,1,0,0
0.56,0.6,0.021302,1,0,0
0.58,0.6,-0.028469,1,0,0
0.6,0.6,-0.011709,1,0,0
0.62,0.6,0.023221,1,0,0
0.64,0.6,0.047891,1,0,0
0.66,0.6,0.02279,1,0,0
0.68,0.6,-0.00013334,1,0,0
0.7,0.6,0.044189,1,0,0
0.72,0.6,0.027864,1,0,0
0.74,0.6,0.028227,1,0,0
0.76,0.6,0.063711,1,0,0
0.78,0.6,0.010034,1,0,0
0.8,0.6,-0.0041346,1,0,0
0.82,0.6,-0.035685,1,0,0
0.84,0.6,0.00032437,1,0,0
0.86,0.6,0.042571,1,0,0
0.88,0.6,-0.0090325,1,0,0
0.9,0.6,0.020047,1,0,0
0.92,0.6,0.040807,1,0,0
0.94,0.6,0.058382,1,0,0
0.96,0.6,-0.0060246,1,0,0
0.98,0.6,0.011484,1,0,0
0.02,0.62,-0.046274,1,0,0
0.04,0.62,-0.075185,1,0,0
0.06,0.62,0.008379,1,0,0
0.08,0.62,-0.056873,1,0,0
0.1,0.62,0.052625,1,0,0
0.12,0.62,0.075027,1,0,0
0.14,0.62,0.03264,1,0,0
0.16,0.62,0.0016699,1,0,0
0.18,0.62,0.049605,1,0,0
0.2,0.62,-0.018918,1,0,0
0.22,0.62,-0.014806,1,0,0
0.24,0.62,0.030674,1,0,0
0.26,0.62,0.031613,1,0,0
0.28,0.62,-0.0081587,1,0,0
0.3,0.62,-0.020282,1,0,0
0.32,0.62,-0.021662,1,0,0
0.34,0.62,-0.050717,1,0,0
0.36,0.62,-0.0042031,1,0,0
0.38,0.62,-0.0027081,1,0,0
0.4,0.62,-0.034793,1,0,0
0.42,0.62,-0.047579,1,0,0
0.44,0.62,-0.059645,1,0,0
0.46,0.62,-0.0050904,1,0,0
0.48,0.62,-0.017377,1,0,0
0.5,0.62,0.034167,1,0,0
0.52,0.62,0.07514,1,0,0
0.54,0.62,-0.0054835,1,0,0
0.56,0.62,-0.030571,1,0,0
0.58,0.62,-0.021895,1,0,0
0.6,0.62,0.011312,1,0,0
0.62,0.62,-0.028382,1,0,0
0.64,0.62,0.021108,1,0,0
0.66,0.62,-0.027523,1,0,0
0.68,0.62,0.0076661,1,0,0
0.7,0.62,-0.033013,1,0,0
0.72,0.62,0.0028342,1,0,0
0.74,0.62,-0.0029476,1,0,0
0.76,0.62,0.0099031,1,0,0
0.78,0.62,0.027232,1,0,0
0.8,0.62,0.029448,1,0,0
0.82,0.62,-0.077294,1,0,0
0.84,0.62,-0.019245,1,0,0
0.86,0.62,0.0036825,1,0,0
0.88,0.62,-0.032857,1,0,0
0.9,0.62,0.022801,1,0,0
0.92,0.62,0.070662,1,0,0
0.94,0.62,0.0061776,1,0,0
0.96,0.62,-0.016518,1,0,0
0.98,0.62,-0.020357,1,0,0
0.02,0.64,-0.055441,1,0,0
0.04,0.64,-0.036112,1,0,0
0.06,0.64,0.011667,1,0,0
0.08,0.64,-0.074399,1,0,0
0.1,0.64,0.0045114,1,0,0
0.12,0.64,-0.0073174,1,0,0
0.14,0.64,0.015076,1,0,0
0.16,0.64,-0.019263,1,0,0
0.18,0.64,-0.0039741,1,0,0
0.2,0.64,-0.050816,1,0,0
0.22,0.64,0.010982,1,0,0
0.24,0.64,-0.0062995,1,0,0
0.26,0.64,-0.011913,1,0,0
0.28,0.64,-0.055592,1,0,0
0.3,0.64,-0.063953,1,0,0
0.32,0.64,-0.086393,1,0,0
0.34,0.64,-0.014004,1,0,0
0.36,0.64,-0.0077336,1,0,0
0.38,0.64,-0.065059,1,0,0
0.4,0.64,-0.021987,1,0,0
0.42,0.64,-0.00066441,1,0,0
0.44,0.64,-0.0028613,1,0,0
0.46,0.64,-0.041922,1,0,0
0.48,0.64,-0.036434,1,0,0
0.5,0.64,-0.059776,1,0,0
0.52,0.64,-0.0129,1,0,0
0.54,0.64,-0.011121,1,0,0
0.56,0.64,-0.01634,1,0,0
0.58,0.64,-0.040374,1,0,0
0.6,0.64,-0.0036452,1,0,0
0.62,0.64,0.0026034,1,0,0
0.64,0.64,0.0016358,1,0,0
0.66,0.64,0.0055078,1,0,0
0.68,0.64,0.01054,1,0,0
0.7,0.64,0.0048506,1,0,0
0.72,0.64,-0.028323,1,0,0
0.74,0.64,-0.058612,1,0,0
0.76,0.64,-0.054332,1,0,0
0.78,0.64,0.021166,1,0,0
0.8,0.64,-0.0072976,1,0,0
0.82,0.64,-0.026789,1,0,0
0.84,0.64,0.012264,1,0,0
0.86,0.64,-0.028236,1,0,0
0.88,0.64,-0.017341,1,0,0
0.9,0.64,-0.025256,1,0,0
0.92,0.64,-0.031203,1,0,0
0.94,0.64,-0.0097694,1,0,0
0.96,0.64,0.023055,1,0,0
0.98,0.64,-0.04555,1,0,0
0.02,0.66,-0.049438,1,0,0
0.04,0.66,-0.083894,1,0,0
0.06,0.66,-0.064297,1,0,0
0.08,0.66,-0.055557,1,0,0
0.1,0.66,0.0041198,1,0,0
0.12,0.66,-0.02421,1,0,0
0.14,0.66,0.0042575,1,0,0
0.16,0.66,-0.033335,1,0,0
0.18,0.66,-0.00021766,1,0,0
0.2,0.66,-0.067556,1,0,0
0.22,0.66,-0.014297,1,0,0
0.24,0.66,-0.00079754,1,0,0
0.26,0.66,-0.019343,1,0,0
0.28,0.66,-0.01443,1,0,0
0.3,0.66,-0.050737,1,0,0
0.32,0.66,-0.06202,1,0,0
0.34,0.66,-0.034398,1,0,0
0.36,0.66,-0.018652,1,0,0
0.38,0.66,-0.078823,1,0,0
0.4,0.66,-0.016302,1,0,0
0.42,0.66,-0.058921,1,0,0
0.44,0.66,-0.082433,1,0,0
0.46,0.66,-0.018479,1,0,0
0.48,0.66,-0.027396,1,0,0
0.5,0.66,0.0039243,1,0,0
0.52,0.66,0.034734,1,0,0
0.54,0.66,0.044649,1,0,0
0.56,0.66,-0.017073,1,0,0
0.58,0.66,-0.025117,1,0,0
0.6,0.66,0.00037493,1,0,0
0.62,0.66,-0.045296,1,0,0
0.64,0.66,-0.078458,1,0,0
0.66,0.66,-0.032679,1,0,0
0.68,0.66,0.0086371,1,0,0
0.7,0.66,-0.0012329,1,0,0
0.72,0.66,-0.012417,1,0,0
0.74,0.66,-0.050026,1,0,0
0.76,0.66,-0.0027658,1,0,0
0.78,0.66,-0.011515,1,0,0
0.8,0.66,0.026925,1,0,0
0.82,0.66,-0.063105,1,0,0
0.84,0.66,-0.032663,1,0,0
0.86,0.66,-0.00051775,1,0,0
0.88,0.66,0.026276,1,0,0
0.9,0.66,0.0014759,1,0,0
0.92,0.66,-0.018163,1,0,0
0.94,0.66,-0.031978,1,0,0
0.96,0.66,-0.044822,1,0,0
0.98,0.66,-0.0038911,1,0,0
0.02,0.68,-0.00016003,1,0,0
0.04,0.68,0.012897,1,0,0
0.06,0.68,-0.038008,1,0,0
0.08,0.68,-0.052411,1,0,0
0.1,0.68,-0.0080929,1,0,0
0.12,0.68,-0.035604,1,0,0
0.14,0.68,-0.014245,1,0,0
0.16,0.68,0.010417,1,0,0
0.18,0.68,-0.06297,1,0,0
0.2,0.68,-0.046578,1,0,0
0.22,0.68,0.0014622,1,0,0
0.24,0.68,0.005516,1,0,0
0.26,0.68,0.052744,1,0,0
0.28,0.68,-0.03686,1,0,0
0.3,0.68,0.0066855,1,0,0
0.32,0.68,-0.017465,1,0,0
0.34,0.68,0.0042132,1,0,0
0.36,0.68,-0.005724,1,0,0
0.38,0.68,-0.049665,1,0,0
0.4,0.68,-0.048912,1,0,0
0.42,0.68,-0.073934,1,0,0
0.44,0.68,-0.043101,1,0,0
0.46,0.68,-0.065463,1,0,0
0.48,0.68,-0.028334,1,0,0
0.5,0.68,-0.043454,1,0,0
0.52,0.68,0.023283,1,0,0
0.54,0.68,0.0087028,1,0,0
0.56,0.68,-0.033383,1,0,0
0.58,0.68,0.011202,1,0,0
0.6,0.68,-0.032247,1,0,0
0.62,0.68,0.00051093,1,0,0
0.64,0.68,-0.043078,1,0,0
0.66,0.68,0.019759,1,0,0
0.68,0.68,-0.018834,1,0,0
0.7,0.68,-0.026364,1,0,0
0.72,0.68,-0.014983,1,0,0
0.74,0.68,-0.010609,1,0,0
0.76,0.68,-0.056418,1,0,0
0.78,0.68,0.019381,1,0,0
0.8,0.68,-0.00042788,1,0,0
0.82,0.68,-0.030665,1,0,0
0.84,0.68,-0.0033809,1,0,0
0.86,0.68,0.046719,1,0,0
0.88,0.68,0.01307,1,0,0
0.9,0.68,-0.0090531,1,0,0
0.92,0.68,-0.0098228,1,0,0
0.94,0.68,-0.00274,1,0,0
0.96,0.68,-0.022086,1,0,0
0.98,0.68,-0.04644,1,0,0
0.02,0.7,-0.051563,1,0,0
0.04,0.7,0.0025794,1,0,0
0.06,0.7,0.018245,1,0,0
0.08,0.7,0.010597,1,0,0
0.1,0.7,-0.0090869,1,0,0
0.12,0.7,-0.033616,1,0,0
0.14,0.7,-0.0043192,1,0,0
0.16,0.7,-0.022849,1,0,0
0.18,0.7,-0.030665,1,0,0
0.2,0.7,-0.025664,1,0,0
0.22,0.7,-0.049267,1,0,0
0.24,0.7,-0.0089744,1,0,0
0.26,0.7,-0.020064,1,0,0
0.28,0.7,-1.2792e-05,1,0,0
0.3,0.7,0.0428,1,0,0
0.32,0.7,-0.052561,1,0,0
0.34,0.7,0.033044,1,0,0
0.36,0.7,0.011679,1,0,0
0.38,0.7,-0.056641,1,0,0
0.4,0.7,-0.047114,1,0,0
0.42,0.7,-0.034567,1,0,0
0.44,0.7,-0.064051,1,0,0
0.46,0.7,-0.092852,1,0,0
0.48,0.7,-0.02399,1,0,0
0.5,0.7,0.0038557,1,0,0
0.52,0.7,0.00466,1,0,0
0.54,0.7,-0.019881,1,0,0
0.56,0.7,-0.0037271,1,0,0
0.58,0.7,0.041848,1,0,0
0.6,0.7,-0.023718,1,0,0
0.62,0.7,0.024221,1,0,0
0.64,0.7,0.02394,1,0,0
0.66,0.7,-0.016469,1,0,0
0.68,0.7,0.0027136,1,0,0
0.7,0.7,0.034351,1,0,0
0.72,0.7,0.036417,1,0,0
0.74,0.7,-0.019043,1,0,0
0.76,0.7,-0.012576,1,0,0
0.78,0.7,0.064211,1,0,0
0.8,0.7,0.01467,1,0,0
0.82,0.7,0.0037232,1,0,0
0.84,0.7,-0.028251,1,0,0
0.86,0.7,0.02511,1,0,0
0.88,0.7,0.028232,1,0,0
0.9,0.7,-0.021515,1,0,0
0.92,0.7,0.0099224,1,0,0
0.94,0.7,-0.019918,1,0,0
0.96,0.7,0.040729,1,0,0
0.98,0.7,0.01732,1,0,0
0.02,0.72,-0.023858,1,0,0
0.04,0.72,0.042705,1,0,0
0.06,0.72,-0.0084813,1,0,0
0.08,0.72,-0.032139,1,0,0
0.1,0.72,0.00039266,1,0,0
0.12,0.72,-0.022668,1,0,0
0.14,0.72,-0.032137,1,0,0
0.16,0.72,0.022956,1,0,0
0.18,0.72,0.035329,1,0,0
0.2,0.72,0.04139,1,0,0
0.22,0.72,-0.037414,1,0,0
0.24,0.72,-0.033374,1,0,0
0.26,0.72,-0.021193,1,0,0
0.28,0.72,-0.032547,1,0,0
0.3,0.72,-0.012892,1,0,0
0.32,0.72,-0.018973,1,0,0
0.34,0.72,-0.054957,1,0,0
0.36,0.72,-0.052682,1,0,0
0.38,0.72,-0.023632,1,0,0
0.4,0.72,-0.062428,1,0,0
0.42,0.72,-0.020939,1,0,0
0.44,0.72,-0.013872,1,0,0
0.46,0.72,-0.040424,1,0,0
0.48,0.72,-0.06472,1,0,0
0.5,0.72,-0.0041764,1,0,0
0.52,0.72,0.0052829,1,0,0
0.54,0.72,-0.0058662,1,0,0
0.56,0.72,-0.040166,1,0,0
0.58,0.72,0.0084983,1,0,0
0.6,0.72,0.0025761,1,0,0
0.62,0.72,-0.0012383,1,0,0
0.64,0.72,0.0074737,1,0,0
0.66,0.72,-0.01291,1,0,0
0.68,0.72,0.004323,1,0,0
0.7,0.72,0.014954,1,0,0
0.72,0.72,0.045157,1,0,0
0.74,0.72,-0.060901,1,0,0
0.76,0.72,0.011588,1,0,0
0.78,0.72,0.028002,1,0,0
0.8,0.72,0.024361,1,0,0
0.82,0.72,0.0050559,1,0,0
0.84,0.72,0.038792,1,0,0
0.86,0.72,-0.019471,1,0,0
0.88,0.72,-0.021504,1,0,0
0.9,0.72,-0.090617,1,0,0
0.92,0.72,-0.045593,1,0,0
0.94,0.72,-0.0076762,1,0,0
0.96,0.72,-0.0092953,1,0,0
0.98,0.72,0.0091857,1,0,0
0.02,0.74,0.014192,1,0,0
0.04,0.74,0.012617,1,0,0
0.06,0.74,-0.015011,1,0,0
0.08,0.74,0.060306,1,0,0
0.1,0.74,0.044141,1,0,0
0.12,0.74,0.038171,1,0,0
0.14,0.74,0.034631,1,0,0
0.16,0.74,0.057618,1,0,0
0.18,0.74,0.054051,1,0,0
0.2,0.74,-0.0064773,1,0,0
0.22,0.74,-0.065451,1,0,0
0.24,0.74,-0.048843,1,0,0
0.26,0.74,-0.024706,1,0,0
0.28,0.74,-0.050586,1,0,0
0.3,0.74,0.025364,1,0,0
0.32,0.74,0.030086,1,0,0
0.34,0.74,0.010683,1,0,0
0.36,0.74,-0.013066,1,0,0
0.38,0.74,-0.020073,1,0,0
0.4,0.74,-0.077876,1,0,0
0.42,0.74,-0.070515,1,0,0
0.44,0.74,-0.048415,1,0,0
0.46,0.74,-0.073115,1,0,0
0.48,0.74,0.011679,1,0,0
0.5,0.74,0.051733,1,0,0
0.52,0.74,0.034335,1,0,0
0.54,0.74,-0.020269,1,0,0
0.56,0.74,0.04772,1,0,0
0.58,0.74,-0.0030515,1,0,0
0.6,0.74,0.011862,1,0,0
0.62,0.74,0.016255,1,0,0
0.64,0.74,0.040938,1,0,0
0.66,0.74,-0.023052,1,0,0
0.68,0.74,-0.014285,1,0,0
0.7,0.74,0.11443,1,0,0
0.72,0.74,0.054717,1,0,0
0.74,0.74,0.014869,1,0,0
0.76,0.74,0.079244,1,0,0
0.78,0.74,0.018138,1,0,0
0.8,0.74,-0.0047704,1,0,0
0.82,0.74,-0.011208,1,0,0
0.84,0.74,-0.0013869,1,0,0
0.86,0.74,0.054591,1,0,0
0.88,0.74,0.041753,1,0,0
0.9,0.74,-0.058623,1,0,0
0.92,0.74,0.047055,1,0,0
0.94,0.74,0.004443,1,0,0
0.96,0.74,0.043448,1,0,0
0.98,0.74,0.070402,1,0,0
0.02,0.76,0.056579,1,0,0
0.04,0.76,0.045695,1,0,0
0.06,0.76,0.060768,1,0,0
0.08,0.76,0.060232,1,0,0
0.1,0.76,0.048799,1,0,0
0.12,0.76,-0.014466,1,0,0
0.14,0.76,0.017432,1,0,0
0.16,0.76,0.030514,1,0,0
0.18,0.76,-0.014413,1,0,0
0.2,0.76,-0.0067587,1,0,0
0.22,0.76,-0.027603,1,0,0
0.24,0.76,-0.042046,1,0,0
0.26,0.76,0.025032,1,0,0
0.28,0.76,-0.018879,1,0,0
0.3,0.76,0.015935,1,0,0
0.32,0.76,0.02962,1,0,0
0.34,0.76,-0.035875,1,0,0
0.36,0.76,-0.080513,1,0,0
0.38,0.76,-0.075718,1,0,0
0.4,0.76,-0.057095,1,0,0
0.42,0.76,-0.084961,1,0,0
0.44,0.76,-0.031541,1,0,0
0.46,0.76,-0.042188,1,0,0
0.48,0.76,0.049987,1,0,0
0.5,0.76,-0.027912,1,0,0
0.52,0.76,0.036819,1,0,0
0.54,0.76,0.057681,1,0,0
0.56,0.76,0.028316,1,0,0
0.58,0.76,-0.024168,1,0,0
0.6,0.76,0.0065047,1,0,0
0.62,0.76,0.025063,1,0,0
0.64,0.76,0.00822,1,0,0
0.66,0.76,-0.014887,1,0,0
0.68,0.76,0.073744,1,0,0
0.7,0.76,0.02053,1,0,0
0.72,0.76,0.034636,1,0,0
0.74,0.76,0.025018,1,0,0
0.76,0.76,0.048989,1,0,0
0.78,0.76,-0.050432,1,0,0
0.8,0.76,-0.019174,1,0,0
0.82,0.76,0.019577,1,0,0
0.84,0.76,0.013925,1,0,0
0.86,0.76,0.03074,1,0,0
0.88,0.76,0.062357,1,0,0
0.9,0.76,0.041985,1,0,0
0.92,0.76,0.053571,1,0,0
0.94,0.76,0.06055,1,0,0
0.96,0.76,0.052339,1,0,0
0.98,0.76,-0.020022,1,0,0
0.02,0.78,0.069924,1,0,0
0.04,0.78,-0.0011664,1,0,0
0.06,0.78,0.014743,1,0,0
0.08,0.78,0.036118,1,0,0
0.1,0.78,0.047032,1,0,0
0.12,0.78,0.019555,1,0,0
0.14,0.78,0.027699,1,0,0
0.16,0.78,-0.0095112,1,0,0
0.18,0.78,-0.01153,1,0,0
0.2,0.78,-0.048577,1,0,0
0.22,0.78,-0.026096,1,0,0
0.24,0.78,-0.032626,1,0,0
0.26,0.78,-0.0031354,1,0,0
0.28,0.78,0.0045163,1,0,0
0.3,0.78,-0.022966,1,0,0
0.32,0.78,-0.033068,1,0,0
0.34,0.78,-0.054348,1,0,0
0.36,0.78,-0.051865,1,0,0
0.38,0.78,-0.079731,1,0,0
0.4,0.78,-0.060342,1,0,0
0.42,0.78,-0.075015,1,0,0
0.44,0.78,-0.036399,1,0,0
0.46,0.78,-0.055754,1,0,0
0.48,0.78,0.016338,1,0,0
0.5,0.78,-0.045642,1,0,0
0.52,0.78,0.0073771,1,0,0
0.54,0.78,0.027112,1,0,0
0.56,0.78,0.04016,1,0,0
0.58,0.78,0.027361,1,0,0
0.6,0.78,0.01884,1,0,0
0.62,0.78,-0.010247,1,0,0
0.64,0.78,-0.036425,1,0,0
0.66,0.78,-0.023481,1,0,0
0.68,0.78,-0.018601,1,0,0
0.7,0.78,0.052455,1,0,0
0.72,0.78,0.010902,1,0,0
0.74,0.78,0.0086206,1,0,0
0.76,0.78,0.024487,1,0,0
0.78,0.78,-0.045734,1,0,0
0.8,0.78,-0.027798,1,0,0
0.82,0.78,0.025683,1,0,0
0.84,0.78,-0.0011986,1,0,0
0.86,0.78,0.030903,1,0,0
0.88,0.78,0.057427,1,0,0
0.9,0.78,-0.029795,1,0,0
0.92,0.78,0.0071694,1,0,0
0.94,0.78,0.0033165,1,0,0
0.96,0.78,0.051848,1,0,0
0.98,0.78,0.026229,1,0,0
0.02,0.8,0.0064935,1,0,0
0.04,0.8,-0.023557,1,0,0
0.06,0.8,-0.041792,1,0,0
0.08,0.8,-0.021185,1,0,0
0.1,0.8,0.0040213,1,0,0
0.12,0.8,0.058209,1,0,0
0.14,0.8,0.027464,1,0,0
0.16,0.8,0.013423,1,0,0
0.18,0.8,0.0059085,1,0,0
0.2,0.8,-0.026008,1,0,0
0.22,0.8,-0.0047237,1,0,0
0.24,0.8,-0.10174,1,0,0
0.26,0.8,-0.013844,1,0,0
0.28,0.8,0.014285,1,0,0
0.3,0.8,-0.039022,1,0,0
0.32,0.8,-0.051293,1,0,0
0.34,0.8,-0.069135,1,0,0
0.36,0.8,-0.055154,1,0,0
0.38,0.8,-0.095201,1,0,0
0.4,0.8,-0.10231,1,0,0
0.42,0.8,-0.078944,1,0,0
0.44,0.8,0.0049058,1,0,0
0.46,0.8,-0.093533,1,0,0
0.48,0.8,-0.041898,1,0,0
0.5,0.8,-0.014661,1,0,0
0.52,0.8,0.037694,1,0,0
0.54,0.8,-0.006836,1,0,0
0.56,0.8,0.053954,1,0,0
0.58,0.8,0.042483,1,0,0
0.6,0.8,0.024856,1,0,0
0.62,0.8,-0.021311,1,0,0
0.64,0.8,-0.037665,1,0,0
0.66,0.8,-0.017943,1,0,0
0.68,0.8,-0.031496,1,0,0
0.7,0.8,0.065006,1,0,0
0.72,0.8,-0.0095174,1,0,0
0.74,0.8,-0.041145,1,0,0
0.76,0.8,0.018034,1,0,0
0.78,0.8,0.017622,1,0,0
0.8,0.8,-0.006457,1,0,0
0.82,0.8,0.019034,1,0,0
0.84,0.8,0.024229,1,0,0
0.86,0.8,0.054768,1,0,0
0.88,0.8,0.053107,1,0,0
0.9,0.8,0.022207,1,0,0
0.92,0.8,0.018727,1,0,0
0.94,0.8,0.016345,1,0,0
0.96,0.8,-0.006108,1,0,0
0.98,0.8,-0.029235,1,0,0
0.02,0.82,0.01981,1,0,0
0.04,0.82,-0.020292,1,0,0
0.06,0.82,-0.010353,1,0,0
0.08,0.82,-0.02495,1,0,0
0.1,0.82,0.032275,1,0,0
0.12,0.82,0.058048,1,0,0
0.14,0.82,0.053996,1,0,0
0.16,0.82,0.0090629,1,0,0
0.18,0.82,-0.027151,1,0,0
0.2,0.82,-0.0062402,1,0,0
0.22,0.82,0.0053438,1,0,0
0.24,0.82,0.022853,1,0,0
0.26,0.82,0.044027,1,0,0
0.28,0.82,0.018853,1,0,0
0.3,0.82,-0.022221,1,0,0
0.32,0.82,-0.016599,1,0,0
0.34,0.82,-0.019235,1,0,0
0.36,0.82,-0.039108,1,0,0
0.38,0.82,-0.071953,1,0,0
0.4,0.82,-0.089771,1,0,0
0.42,0.82,-0.11816,1,0,0
0.44,0.82,-0.051797,1,0,0
0.46,0.82,-0.020793,1,0,0
0.48,0.82,0.0080542,1,0,0
0.5,0.82,0.011052,1,0,0
0.52,0.82,0.020862,1,0,0
0.54,0.82,0.039265,1,0,0
0.56,0.82,0.012232,1,0,0
0.58,0.82,0.034996,1,0,0
0.6,0.82,-0.028358,1,0,0
0.62,0.82,-0.031352,1,0,0
0.64,0.82,0.0051782,1,0,0
0.66,0.82,0.0037755,1,0,0
0.68,0.82,-0.029988,1,0,0
0.7,0.82,-0.012934,1,0,0
0.72,0.82,0.0078002,1,0,0
0.74,0.82,0.028478,1,0,0
0.76,0.82,0.068907,1,0,0
0.78,0.82,0.021568,1,0,0
0.8,0.82,0.00020903,1,0,0
0.82,0.82,-0.014881,1,0,0
0.84,0.82,-0.021129,1,0,0
0.86,0.82,0.058963,1,0,0
0.88,0.82,0.030261,1,0,0
0.9,0.82,0.078291,1,0,0
0.92,0.82,0.051002,1,0,0
0.94,0.82,0.046298,1,0,0
0.96,0.82,0.0089075,1,0,0
0.98,0.82,0.0049586,1,0,0
0.02,0.84,-0.020927,1,0,0
0.04,0.84,-0.015141,1,0,0
0.06,0.84,0.0030385,1,0,0
0.08,0.84,-0.046989,1,0,0
0.1,0.84,0.0058116,1,0,0
0.12,0.84,0.010337,1,0,0
0.14,0.84,-0.034079,1,0,0
0.16,0.84,0.026446,1,0,0
0.18,0.84,-0.021501,1,0,0
0.2,0.84,-0.019901,1,0,0
0.22,0.84,0.0016462,1,0,0
0.24,0.84,0.021283,1,0,0
0.26,0.84,-0.032777,1,0,0
0.28,0.84,-0.011732,1,0,0
0.3,0.84,-0.015766,1,0,0
0.32,0.84,-0.096701,1,0,0
0.34,0.84,-0.0396,1,0,0
0.36,0.84,-0.041437,1,0,0
0.38,0.84,-0.059506,1,0,0
0.4,0.84,-0.029657,1,0,0
0.42,0.84,-0.018892,1,0,0
0.44,0.84,-0.012917,1,0,0
0.46,0.84,-0.025642,1,0,0
0.48,0.84,-0.038043,1,0,0
0.5,0.84,-0.03758,1,0,0
0.52,0.84,-0.011845,1,0,0
0.54,0.84,-0.0026681,1,0,0
0.56,0.84,0.019812,1,0,0
0.58,0.84,0.025991,1,0,0
0.6,0.84,-0.0081694,1,0,0
0.62,0.84,-0.017584,1,0,0
0.64,0.84,0.011707,1,0,0
0.66,0.84,-0.0095708,1,0,0
0.68,0.84,-0.016574,1,0,0
0.7,0.84,-0.027563,1,0,0
0.72,0.84,-0.00029665,1,0,0
0.74,0.84,-0.040441,1,0,0
0.76,0.84,-0.00043735,1,0,0
0.78,0.84,0.061892,1,0,0
0.8,0.84,0.047161,1,0,0
0.82,0.84,0.022806,1,0,0
0.84,0.84,0.044005,1,0,0
0.86,0.84,0.026946,1,0,0
0.88,0.84,-0.037682,1,0,0
0.9,0.84,0.014006,1,0,0
0.92,0.84,0.041799,1,0,0
0.94,0.84,0.018359,1,0,0
0.96,0.84,0.038992,1,0,0
0.98,0.84,-0.025573,1,0,0
0.02,0.86,0.0071447,1,0,0
0.04,0.86,-0.039708,1,0,0
0.06,0.86,-0.046809,1,0,0
0.08,0.86,-0.047798,1,0,0
0.1,0.86,0.05286,1,0,0
0.12,0.86,0.031312,1,0,0
0.14,0.86,0.021862,1,0,0
0.16,0.86,0.01844,1,0,0
0.18,0.86,0.042898,1,0,0
0.2,0.86,-0.028848,1,0,0
0.22,0.86,0.029474,1,0,0
0.24,0.86,-0.02024,1,0,0
0.26,0.86,0.024184,1,0,0
0.28,0.86,0.024548,1,0,0
0.3,0.86,-0.017066,1,0,0
0.32,0.86,-0.037463,1,0,0
0.34,0.86,-0.082296,1,0,0
0.36,0.86,0.0057905,1,0,0
0.38,0.86,-0.022348,1,0,0
0.4,0.86,0.017686,1,0,0
0.42,0.86,0.0029211,1,0,0
0.44,0.86,-0.015134,1,0,0
0.46,0.86,-0.0076451,1,0,0
0.48,0.86,-0.01622,1,0,0
0.5,0.86,0.0033332,1,0,0
0.52,0.86,0.10966,1,0,0
0.54,0.86,0.035893,1,0,0
0.56,0.86,0.014198,1,0,0
0.58,0.86,0.0063986,1,0,0
0.6,0.86,0.075826,1,0,0
0.62,0.86,-0.004403,1,0,0
0.64,0.86,-0.038169,1,0,0
0.66,0.86,0.024013,1,0,0
0.68,0.86,-0.023536,1,0,0
0.7,0.86,0.0064054,1,0,0
0.72,0.86,-0.011072,1,0,0
0.74,0.86,-0.011033,1,0,0
0.76,0.86,-0.0083069,1,0,0
0.78,0.86,0.020971,1,0,0
0.8,0.86,0.049313,1,0,0
0.82,0.86,0.0092708,1,0,0
0.84,0.86,0.05823,1,0,0
0.86,0.86,0.097964,1,0,0
0.88,0.86,0.094154,1,0,0
0.9,0.86,0.041319,1,0,0
0.92,0.86,0.061144,1,0,0
0.94,0.86,0.059339,1,0,0
0.96,0.86,0.027274,1,0,0
0.98,0.86,-0.00039818,1,0,0
0.02,0.88,0.017493,1,0,0
0.04,0.88,-0.026997,1,0,0
0.06,0.88,0.012615,1,0,0
0.08,0.88,-0.016135,1,0,0
0.1,0.88,0.0061088,1,0,0
0.12,0.88,0.010838,1,0,0
0.14,0.88,-0.0086684,1,0,0
0.16,0.88,-0.047397,1,0,0
0.18,0.88,0.031005,1,0,0
0.2,0.88,-0.062228,1,0,0
0.22,0.88,-0.0069606,1,0,0
0.24,0.88,-0.05237,1,0,0
0.26,0.88,0.016381,1,0,0
0.28,0.88,0.024417,1,0,0
0.3,0.88,0.021676,1,0,0
0.32,0.88,-0.008323,1,0,0
0.34,0.88,-0.055615,1,0,0
0.36,0.88,-0.0084316,1,0,0
0.38,0.88,-0.052505,1,0,0
0.4,0.88,0.020896,1,0,0
0.42,0.88,-0.0039579,1,0,0
0.44,0.88,-0.008729,1,0,0
0.46,0.88,-0.0064386,1,0,0
0.48,0.88,-0.025258,1,0,0
0.5,0.88,0.020917,1,0,0
0.52,0.88,0.033084,1,0,0
0.54,0.88,-0.0036282,1,0,0
0.56,0.88,0.0079778,1,0,0
0.58,0.88,-0.025184,1,0,0
0.6,0.88,0.009445,1,0,0
0.62,0.88,0.014394,1,0,0
0.64,0.88,-0.055498,1,0,0
0.66,0.88,-0.0028998,1,0,0
0.68,0.88,0.026146,1,0,0
0.7,0.88,0.018052,1,0,0
0.72,0.88,0.024193,1,0,0
0.74,0.88,-0.03182,1,0,0
0.76,0.88,-0.0051116,1,0,0
0.78,0.88,-0.078735,1,0,0
0.8,0.88,0.0014732,1,0,0
0.82,0.88,-0.029621,1,0,0
0.84,0.88,-0.00075822,1,0,0
0.86,0.88,0.039941,1,0,0
0.88,0.88,0.090562,1,0,0
0.9,0.88,0.039476,1,0,0
0.92,0.88,0.054088,1,0,0
0.94,0.88,0.081962,1,0,0
0.96,0.88,0.047794,1,0,0
0.98,0.88,0.005899,1,0,0
0.02,0.9,-0.082098,1,0,0
0.04,0.9,-0.042594,1,0,0
0.06,0.9,-0.01308,1,0,0
0.08,0.9,-0.044189,1,0,0
0.1,0.9,-0.0014104,1,0,0
0.12,0.9,0.021358,1,0,0
0.14,0.9,0.023994,1,0,0
0.16,0.9,0.022002,1,0,0
0.18,0.9,-0.0097838,1,0,0
0.2,0.9,-0.011619,1,0,0
0.22,0.9,-0.017806,1,0,0
0.24,0.9,-0.014998,1,0,0
0.26,0.9,0.022414,1,0,0
0.28,0.9,-0.075519,1,0,0
0.3,0.9,-0.029793,1,0,0
0.32,0.9,-0.05707,1,0,0
0.34,0.9,-0.060394,1,0,0
0.36,0.9,-0.022122,1,0,0
0.38,0.9,-0.040741,1,0,0
0.4,0.9,0.0076437,1,0,0
0.42,0.9,0.03609,1,0,0
0.44,0.9,-0.010121,1,0,0
0.46,0.9,-0.015352,1,0,0
0.48,0.9,0.037451,1,0,0
0.5,0.9,0.014774,1,0,0
0.52,0.9,0.04428,1,0,0
0.54,0.9,0.037184,1,0,0
0.56,0.9,0.011258,1,0,0
0.58,0.9,-0.021935,1,0,0
0.6,0.9,-0.019182,1,0,0
0.62,0.9,0.033967,1,0,0
0.64,0.9,-0.0060693,1,0,0
0.66,0.9,-0.019753,1,0,0
0.68,0.9,-0.0042878,1,0,0
0.7,0.9,-0.016749,1,0,0
0.72,0.9,0.0029326,1,0,0
0.74,0.9,0.0083166,1,0,0
0.76,0.9,0.0029158,1,0,0
0.78,0.9,0.0075506,1,0,0
0.8,0.9,0.023812,1,0,0
0.82,0.9,-0.02337,1,0,0
0.84,0.9,0.050728,1,0,0
0.86,0.9,0.03488,1,0,0
0.88,0.9,0.077233,1,0,0
0.9,0.9,0.029721,1,0,0
0.92,0.9,0.051766,1,0,0
0.94,0.9,0.0070309,1,0,0
0.96,0.9,0.017128,1,0,0
0.98,0.9,-0.022231,1,0,0
0.02,0.92,-0.037349,1,0,0
0.04,0.92,-0.053109,1,0,0
0.06,0.92,-0.033582,1,0,0
0.08,0.92,-0.058292,1,0,0
0.1,0.92,-0.0083683,1,0,0
0.12,0.92,-0.010003,1,0,0
0.14,0.92,-0.023461,1,0,0
0.16,0.92,-0.024042,1,0,0
0.18,0.92,0.016088,1,0,0
0.2,0.92,-0.053833,1,0,0
0.22,0.92,-0.095496,1,0,0
0.24,0.92,-0.053934,1,0,0
0.26,0.92,-0.042687,1,0,0
0.28,0.92,-0.051182,1,0,0
0.3,0.92,-0.01137,1,0,0
0.32,0.92,-0.04369,1,0,0
0.34,0.92,-0.030675,1,0,0
0.36,0.92,-0.064768,1,0,0
0.38,0.92,-0.085005,1,0,0
0.4,0.92,-0.034855,1,0,0
0.42,0.92,0.014171,1,0,0
0.44,0.92,-0.082476,1,0,0
0.46,0.92,-0.0080642,1,0,0
0.48,0.92,-0.0017511,1,0,0
0.5,0.92,0.040171,1,0,0
0.52,0.92,-0.01822,1,0,0
0.54,0.92,0.03021,1,0,0
0.56,0.92,-0.0053577,1,0,0
0.58,0.92,-0.063728,1,0,0
0.6,0.92,-0.04957,1,0,0
0.62,0.92,-0.06668,1,0,0
0.64,0.92,-0.069092,1,0,0
0.66,0.92,-0.069364,1,0,0
0.68,0.92,-0.0045057,1,0,0
0.7,0.92,0.042931,1,0,0
0.72,0.92,0.018837,1,0,0
0.74,0.92,-0.041888,1,0,0
0.76,0.92,-0.047055,1,0,0
0.78,0.92,-0.0043233,1,0,0
0.8,0.92,-0.011042,1,0,0
0.82,0.92,-0.046841,1,0,0
0.84,0.92,-0.037389,1,0,0
0.86,0.92,0.014192,1,0,0
0.88,0.92,-0.0502,1,0,0
0.9,0.92,-0.044441,1,0,0
0.92,0.92,-0.0017082,1,0,0
0.94,0.92,-0.022449,1,0,0
0.96,0.92,-0.052039,1,0,0
0.98,0.92,-0.026884,1,0,0
0.02,0.94,0.017165,1,0,0
0.04,0.94,0.0093024,1,0,0
0.06,0.94,-0.065633,1,0,0
0.08,0.94,-0.037212,1,0,0
0.1,0.94,0.0011687,1,0,0
0.12,0.94,-0.0073129,1,0,0
0.14,0.94,-0.044617,1,0,0
0.16,0.94,-0.016691,1,0,0
0.18,0.94,-0.043651,1,0,0
0.2,0.94,-0.028678,1,0,0
0.22,0.94,-0.056473,1,0,0
0.24,0.94,-0.043669,1,0,0
0.26,0.94,0.012504,1,0,0
0.28,0.94,-0.044915,1,0,0
0.3,0.94,-0.022336,1,0,0
0.32,0.94,-0.0029393,1,0,0
0.34,0.94,-0.027221,1,0,0
0.36,0.94,-0.031168,1,0,0
0.38,0.94,-0.00097772,1,0,0
0.4,0.94,-0.076061,1,0,0
0.42,0.94,0.013127,1,0,0
0.44,0.94,-0.048998,1,0,0
0.46,0.94,-0.0040783,1,0,0
0.48,0.94,0.010798,1,0,0
0.5,0.94,0.077708,1,0,0
0.52,0.94,0.025041,1,0,0
0.54,0.94,0.01855,1,0,0
0.56,0.94,-0.040264,1,0,0
0.58,0.94,-0.040179,1,0,0
0.6,0.94,0.059637,1,0,0
0.62,0.94,0.015778,1,0,0
0.64,0.94,-0.027578,1,0,0
0.66,0.94,-0.036073,1,0,0
0.68,0.94,0.011946,1,0,0
0.7,0.94,0.053072,1,0,0
0.72,0.94,-0.0056569,1,0,0
0.74,0.94,-0.032409,1,0,0
0.76,0.94,-0.012197,1,0,0
0.78,0.94,0.014303,1,0,0
0.8,0.94,0.030358,1,0,0
0.82,0.94,-0.030865,1,0,0
0.84,0.94,-0.010115,1,0,0
0.86,0.94,0.023741,1,0,0
0.88,0.94,0.062925,1,0,0
0.9,0.94,-0.012268,1,0,0
0.92,0.94,9.898e-05,1,0,0
0.94,0.94,-0.00077016,1,0,0
0.96,0.94,-0.061317,1,0,0
0.98,0.94,-0.018233,1,0,0
0.02,0.96,0.032798,1,0,0
0.04,0.96,-0.055584,1,0,0
0.06,0.96,0.035875,1,0,0
0.08,0.96,0.014508,1,0,0
0.1,0.96,-0.059208,1,0,0
0.12,0.96,-0.01934,1,0,0
0.14,0.96,0.027232,1,0,0
0.16,0.96,-0.017775,1,0,0
0.18,0.96,-0.025286,1,0,0
0.2,0.96,-0.0306,1,0,0
0.22,0.96,-0.025331,1,0,0
0.24,0.96,-0.023587,1,0,0
0.26,0.96,0.00068054,1,0,0
0.28,0.96,-0.073866,1,0,0
0.3,0.96,-0.0062655,1,0,0
0.32,0.96,0.0076443,1,0,0
0.34,0.96,0.049667,1,0,0
0.36,0.96,0.014727,1,0,0
0.38,0.96,-0.0086971,1,0,0
0.4,0.96,-0.020274,1,0,0
0.42,0.96,-0.04242,1,0,0
0.44,0.96,0.0026441,1,0,0
0.46,0.96,-0.019754,1,0,0
0.48,0.96,-0.0030945,1,0,0
0.5,0.96,0.0071873,1,0,0
0.52,0.96,0.012391,1,0,0
0.54,0.96,0.041623,1,0,0
0.56,0.96,0.0021629,1,0,0
0.58,0.96,0.050725,1,0,0
0.6,0.96,-0.010269,1,0,0
0.62,0.96,-0.0034281,1,0,0
0.64,0.96,-0.012746,1,0,0
0.66,0.96,0.020606,1,0,0
0.68,0.96,-0.026216,1,0,0
0.7,0.96,-0.014331,1,0,0
0.72,0.96,-0.0016782,1,0,0
0.74,0.96,0.0072397,1,0,0
0.76,0.96,0.012383,1,0,0
0.78,0.96,0.082298,1,0,0
0.8,0.96,0.089356,1,0,0
0.82,0.96,0.026781,1,0,0
0.84,0.96,-0.059349,1,0,0
0.86,0.96,0.051253,1,0,0
0.88,0.96,0.036918,1,0,0
0.9,0.96,-0.023806,1,0,0
0.92,0.96,0.011329,1,0,0
0.94,0.96,-0.033187,1,0,0
0.96,0.96,-0.040867,1,0,0
0.98,0.96,-0.035219,1,0,0
0.02,0.98,0.011726,1,0,0
0.04,0.98,0.01006,1,0,0
0.06,0.98,0.029216,1,0,0
0.08,0.98,-0.022047,1,0,0
0.1,0.98,0.025279,1,0,0
0.12,0.98,-0.021342,1,0,0
0.14,0.98,0.0066804,1,0,0
0.16,0.98,-0.025107,1,0,0
0.18,0.98,-0.046117,1,0,0
0.2,0.98,-0.067027,1,0,0
0.22,0.98,0.031979,1,0,0
0.24,0.98,-0.013221,1,0,0
0.26,0.98,0.035459,1,0,0
0.28,0.98,-0.072038,1,0,0
0.3,0.98,-0.029141,1,0,0
0.32,0.98,-0.015631,1,0,0
0.34,0.98,-0.016159,1,0,0
0.36,0.98,0.028931,1,0,0
0.38,0.98,-0.012303,1,0,0
0.4,0.98,-0.034189,1,0,0
0.42,0.98,-0.015665,1,0,0
0.44,0.98,0.046792,1,0,0
0.46,0.98,-0.0080113,1,0,0
0.48,0.98,0.053412,1,0,0
0.5,0.98,0.0031473,1,0,0
0.52,0.98,0.027642,1,0,0
0.54,0.98,0.0016618,1,0,0
0.56,0.98,-0.031222,1,0,0
0.58,0.98,-0.001185,1,0,0
0.6,0.98,-0.022985,1,0,0
0.62,0.98,-0.022786,1,0,0
0.64,0.98,0.010311,1,0,0
0.66,0.98,0.01074,1,0,0
0.68,0.98,0.004609,1,0,0
0.7,0.98,0.024874,1,0,0
0.72,0.98,0.044318,1,0,0
0.74,0.98,0.0054885,1,0,0
0.76,0.98,0.023595,1,0,0
0.78,0.98,0.023032,1,0,0
0.8,0.98,-0.0027932,1,0,0
0.82,0.98,-0.011833,1,0,0
0.84,0.98,0.010971,1,0,0
0.86,0.98,0.020855,1,0,0
0.88,0.98,0.0074171,1,0,0
0.9,0.98,0.0029436,1,0,0
0.92,0.98,-0.042596,1,0,0
0.94,0.98,-0.049972,1,0,0
0.96,0.98,-0.07337,1,0,0
0.98,0.98,-0.07994,1,0,0
0,0,-0.016513,-1,0,0
0.02,0,-0.016513,-1,0,0
0.04,0,-0.051082,-1,0,0
0.06,0,-0.028959,-1,0,0
0.08,0,-0.028726,-1,0,0
0.1,0,0.017046,-1,0,0
0.12,0,0.020524,-1,0,0
0.14,0,0.016147,-1,0,0
0.16,0,-0.056129,-1,0,0
0.18,0,0.016012,-1,0,0
0.2,0,-0.049051,-1,0,0
0.22,0,-0.035549,-1,0,0
0.24,0,-0.040874,-1,0,0
0.26,0,-0.002341,-1,0,0
0.28,0,-0.0097965,-1,0,0
0.3,0,0.018415,-1,0,0
0.32,0,0.014614,-1,0,0
0.34,0,-0.0033059,-1,0,0
0.36,0,-0.0019743,-1,0,0
0.38,0,0.012717,-1,0,0
0.4,0,0.00787,-1,0,0
0.42,0,-0.012285,-1,0,0
0.44,0,-0.038227,-1,0,0
0.46,0,-0.056314,-1,0,0
0.48,0,0.012011,-1,0,0
0.5,0,0.02564,-1,0,0
0.52,0,0.0038549,-1,0,0
0.54,0,-0.038847,-1,0,0
0.56,0,0.023866,-1,0,0
0.58,0,-0.029583,-1,0,0
0.6,0,0.022546,-1,0,0
0.62,0,0.018355,-1,0,0
0.64,0,0.024967,-1,0,0
0.66,0,-0.026917,-1,0,0
0.68,0,0.00043354,-1,0,0
0.7,0,0.056022,-1,0,0
0.72,0,0.064777,-1,0,0
0.74,0,0.064515,-1,0,0
0.76,0,0.036815,-1,0,0
0.78,0,0.076841,-1,0,0
0.8,0,0.086188,-1,0,0
0.82,0,-0.028524,-1,0,0
0.84,0,0.032276,-1,0,0
0.86,0,0.033185,-1,0,0
0.88,0,-0.021854,-1,0,0
0.9,0,-0.059814,-1,0,0
0.92,0,-0.012618,-1,0,0
0.94,0,-0.035481,-1,0,0
0.96,0,-0.097366,-1,0,0
0.98,0,0.0040997,-1,0,0
1,0,0.045991,-1,0,0
1,0.02,-0.034361,-1,0,0
1,0.04,-0.028593,-1,0,0
1,0.06,-0.0096207,-1,0,0
1,0.08,0.010619,-1,0,0
1,0.1,-0.038978,-1,0,0
1,0.12,-0.076208,-1,0,0
1,0.14,-0.050845,-1,0,0
1,0.16,-0.038311,-1,0,0
1,0.18,-0.058411,-1,0,0
1,0.2,0.013597,-1,0,0
1,0.22,0.0044927,-1,0,0
1,0.24,-0.036141,-1,0,0
1,0.26,-0.022075,-1,0,0
1,0.28,0.011576,-1,0,0
1,0.3,-0.032879,-1,0,0
1,0.32,-0.022619,-1,0,0
1,0.34,-0.04797,-1,0,0
1,0.36,-0.045638,-1,0,0
1,0.38,-0.097124,-1,0,0
1,0.4,-0.063111,-1,0,0
1,0.42,-0.023274,-1,0,0
1,0.44,-0.030664,-1,0,0
1,0.46,0.031616,-1,0,0
1,0.48,0.00012944,-1,0,0
1,0.5,-0.00979,-1,0,0
1,0.52,-0.0096907,-1,0,0
1,0.54,-0.025143,-1,0,0
1,0.56,-0.075715,-1,0,0
1,0.58,-0.039773,-1,0,0
1,0.6,-0.074879,-1,0,0
1,0.62,-0.051082,-1,0,0
1,0.64,-0.063519,-1,0,0
1,0.66,-0.057147,-1,0,0
1,0.68,0.014208,-1,0,0
1,0.7,-0.0049507,-1,0,0
1,0.72,0.0069512,-1,0,0
1,0.74,0.065279,-1,0,0
1,0.76,0.042201,-1,0,0
1,0.78,-0.0087042,-1,0,0
1,0.8,-0.0042339,-1,0,0
1,0.82,-0.046422,-1,0,0
1,0.84,-0.0088513,-1,0,0
1,0.86,-0.014993,-1,0,0
1,0.88,-0.064586,-1,0,0
1,0.9,-0.00618,-1,0,0
1,0.92,-0.043676,-1,0,0
1,0.94,-0.037565,-1,0,0
1,0.96,-0.0641,-1,0,0
1,0.98,-0.061645,-1,0,0
1,1,-0.047945,-1,0,0
0.98,1,-0.031208,-1,0,0
0.96,1,-0.047516,-1,0,0
0.94,1,-0.06266,-1,0,0
0.92,1,-0.015157,-1,0,0
0.9,1,-0.042223,-1,0,0
0.88,1,0.019442,-1,0,0
0.86,1,0.036492,-1,0,0
0.84,1,-0.020501,-1,0,0
0.82,1,-0.012319,-1,0,0
0.8,1,0.028128,-1,0,0
0.78,1,0.030869,-1,0,0
0.76,1,0.029643,-1,0,0
0.74,1,-0.01202,-1,0,0
0.72,1,0.0070602,-1,0,0
0.7,1,0.073246,-1,0,0
0.68,1,0.0014419,-1,0,0
0.66,1,-0.0037756,-1,0,0
0.64,1,0.0035022,-1,0,0
0.62,1,-0.025489,-1,0,0
0.6,1,0.059376,-1,0,0
0.58,1,-0.012215,-1,0,0
0.56,1,0.0030002,-1,0,0
0.54,1,0.013787,-1,0,0
0.52,1,0.052238,-1,0,0
0.5,1,0.0016465,-1,0,0
0.48,1,0.01551,-1,0,0
0.46,1,0.0061372,-1,0,0
0.44,1,-0.0011312,-1,0,0
0.42,1,0.0067571,-1,0,0
0.4,1,0.016409,-1,0,0
0.38,1,-0.026752,-1,0,0
0.36,1,-0.046477,-1,0,0
0.34,1,-0.033096,-1,0,0
0.32,1,-0.022213,-1,0,0
0.3,1,-0.04695,-1,0,0
0.28,1,-0.019868,-1,0,0
0.26,1,0.0064034,-1,0,0
0.24,1,-0.032118,-1,0,0
0.22,1,-0.030993,-1,0,0
0.2,1,-0.049581,-1,0,0
0.18,1,0.015362,-1,0,0
0.16,1,-0.017797,-1,0,0
0.14,1,-0.017828,-1,0,0
0.12,1,-0.001976,-1,0,0
0.1,1,0.018322,-1,0,0
0.08,1,-0.013702,-1,0,0
0.06,1,0.015818,-1,0,0
0.04,1,-0.021155,-1,0,0
0.02,1,0.032043,-1,0,0
0,1,-0.035442,-1,0,0
0,0.98,0.031289,-1,0,0
0,0.96,0.038221,-1,0,0
0,0.94,0.030431,-1,0,0
0,0.92,-0.022839,-1,0,0
0,0.9,-0.0062478,-1,0,0
0,0.88,0.012963,-1,0,0
0,0.86,0.029219,-1,0,0
0,0.84,-0.042788,-1,0,0
0,0.82,0.0065677,-1,0,0
0,0.8,0.029912,-1,0,0
0,0.78,0.061218,-1,0,0
0,0.76,0.044439,-1,0,0
0,0.74,-0.01134,-1,0,0
0,0.72,0.013568,-1,0,0
0,0.7,-0.0082884,-1,0,0
0,0.68,-0.037275,-1,0,0
0,0.66,-0.040372,-1,0,0
0,0.64,-0.029947,-1,0,0
0,0.62,-0.037087,-1,0,0
0,0.6,-0.054044,-1,0,0
0,0.58,0.063272,-1,0,0
0,0.56,0.011109,-1,0,0
0,0.54,-0.0040924,-1,0,0
0,0.52,-0.0091319,-1,0,0
0,0.5,0.029357,-1,0,0
0,0.48,0.065282,-1,0,0
0,0.46,0.041466,-1,0,0
0,0.44,0.02605,-1,0,0
0,0.42,0.024649,-1,0,0
0,0.4,-0.010581,-1,0,0
0,0.38,0.038644,-1,0,0
0,0.36,0.029598,-1,0,0
0,0.34,0.021859,-1,0,0
0,0.32,-0.014248,-1,0,0
0,0.3,-0.010197,-1,0,0
0,0.28,-0.0019462,-1,0,0
0,0.26,-0.051073,-1,0,0
0,0.24,-0.024189,-1,0,0
0,0.22,0.0061652,-1,0,0
0,0.2,0.013583,-1,0,0
0,0.18,-0.039687,-1,0,0
0,0.16,-0.014317,-1,0,0
0,0.14,-0.021854,-1,0,0
0,0.12,-0.062635,-1,0,0
0,0.1,-0.069725,-1,0,0
0,0.08,-0.045879,-1,0,0
0,0.06,-0.022062,-1,0,0
0,0.04,-0.019653,-1,0,0
0,0.02,-0.0377,-1,0,0
