0.019277,0.0011119,-0.0039403,-0.0017605,0.0027841,0.0025769,-4.2942e-05,-0.0043229,0.00049562,-0.0023523,0.0028197,-0.00053414,-0.00095755,0.00028671,0.00098024,0.00039981,0.00050918,-0.0020057,0.0027025,-0.0024409,0.0031488
-0.0022567,7.9174e-05,-0.0057717,-0.0033553,0.0047103,0.012969,0.0015681,-0.0063745,-0.0025908,0.0035012,0.0033436,-0.0019149,0.0020293,-0.0010696,6.5192e-05,0.00078765,-0.00086381,-0.00087439,0.00043209,0.00028257,0.00017561
-0.0050529,0.0010315,-0.012444,-0.0016529,-0.00013453,0.0037615,-0.0018739,-0.00072517,0.0040912,-0.0048891,-0.00094128,0.0032706,-0.001031,-0.00095194,-0.0012683,0.001084,-0.0027342,-0.00036133,-0.0010491,-0.00093517,-0.0015471
0.0015497,0.0092687,0.0025153,-0.0040798,0.00018253,-0.00045361,-0.00012324,0.00046331,-0.0014296,0.00021004,0.0039979,-0.0012675,0.0027715,-0.0017981,0.00071321,0.0014445,-0.0010116,-0.00093768,0.0011268,0.0003995,0.0014232
0.0032945,0.0030535,-0.0026016,0.002329,0.0042388,-0.0080376,-0.0020502,-0.001839,0.0023205,-0.0024588,0.0014446,0.0004652,-0.0029258,0.0021182,0.0015426,-0.0023522,-0.00088951,-5.7867e-05,0.0011966,-0.0012832,0.0005064
-0.0014187,-0.014672,0.001496,-0.0021491,-0.0037726,0.00053398,-0.00062493,0.0016132,0.00047051,-0.0065246,0.0037337,-0.0012008,0.00093376,-0.0018346,0.0014355,-0.0013798,-0.0028429,-0.0024736,0.0003154,-0.0022601,-0.00011792
0.0015293,0.0023359,0.0025663,-0.00033682,-0.0019728,-0.0035827,-4.9527e-05,0.00012582,0.0025464,0.00070374,-0.00022303,0.0014565,-0.0023844,-0.0027477,-0.0002628,-0.00098003,0.0015833,0.00016306,-3.3176e-05,-0.00024897,-0.0016452
-0.0029933,0.007644,-0.0017541,-0.00029637,0.0011424,-0.0036059,-0.0030955,-0.0010621,0.003104,-0.00083403,0.0017925,0.0024229,-0.0021442,-0.0021887,0.00014769,0.00032634,-0.00088509,-0.00067456,0.0010188,0.0011723,-0.0019766
0.004551,-0.0020017,0.0010853,0.0049129,-0.0019086,0.00050006,0.0012943,0.0012479,0.00057329,0.00067831,-0.00084169,-0.0017685,0.0010026,-9.4857e-05,0.00097823,-0.00025143,0.0010502,0.0015677,-0.0015143,-0.0025957,0.0014212
0.001133,-0.0020412,0.00057525,0.0019014,-0.0015287,0.0017829,0.00074537,0.002388,0.00014431,0.00042056,-0.00087526,-0.0015874,-0.00029546,0.0005101,0.0015757,0.0014386,0.0017657,0.0019261,0.00038151,-0.00098636,0.0005239
-0.0025078,0.0012817,-0.0025018,-0.0028307,0.00097238,0.00069618,0.00044239,-0.00053769,0.0001503,0.00098495,-3.0027e-05,0.0023587,0.00056148,0.0011534,-0.00038395,-0.00013542,0.0013171,-0.00025898,-0.0003112,-0.00025174,-0.0012018
-0.0013551,0.0010481,0.0020636,-0.00047549,0.0034689,-0.0013025,0.0020694,-0.00094622,-9.7502e-05,0.0012221,0.0022559,0.00042043,-0.00057934,-0.00040344,0.0012949,0.0011102,0.00089275,0.0014396,-0.0015973,-0.00045197,0.0011889
0.0011074,-0.0013166,-0.0012001,-0.00032347,0.00047947,0.0025581,0.00090441,-0.00042568,-0.0002263,0.00032326,0.00081589,0.00036214,0.0025955,0.0012842,-0.001169,0.00027424,-0.0001116,0.0001306,0.00099457,0.00095284,-0.00035661
-0.0026138,-0.0024375,-0.0029412,-0.0028177,-0.0019842,0.0020906,-0.0014327,0.00044426,0.0030846,-0.0006318,0.00022513,-0.00017743,0.0031721,0.0012349,-0.00032367,0.00063267,-0.0011424,-0.00077234,0.0011722,-0.00082168,-0.0014509
0.004981,0.0017317,0.0003038,0.0014444,0.00128,-0.0025164,0.0013596,-0.001242,0.00049137,-0.00079424,0.00051919,-0.00061535,-0.0020534,-0.0022375,-0.00033576,-0.0011525,0.00075161,-0.00071388,0.00028112,0.00019586,0.0014079
-0.00063273,0.00037604,0.00037322,-0.00027531,0.00084055,-0.0011474,0.0018607,-0.0010616,0.00029922,0.00033207,0.00084487,-0.00053706,0.00051248,0.00015259,-0.00014225,-0.00015451,0.00054027,-1.9384e-06,-0.00017789,-0.00016456,0.0012363
0.0035299,-0.001205,-0.00065798,-0.0020078,0.0009309,-0.0003557,-0.0022667,0.00040294,0.0029285,0.00037937,0.0014073,0.0015475,-0.0017167,-0.00084639,0.0014528,0.0010475,-0.00012372,-0.00081967,0.0007038,-0.00057717,0.00062716
-0.00085502,-0.00063225,-0.0011392,-0.0018602,1.5312e-06,0.00062713,0.00073672,-0.0014133,0.00033647,0.00021875,0.0019975,0.00018118,-0.00058698,-0.00030008,0.00013138,-0.00038836,-0.0008733,-0.0014686,0.00080358,-0.00048111,0.00070377
0.00052402,0.0010535,-0.0023378,0.00085903,-0.001272,0.00063437,-0.0030933,0.00124,6.697e-05,-0.00069147,-0.00080613,-0.00048069,0.0010301,-0.00095447,-0.00072655,0.00012837,-7.194e-05,-0.00057616,-0.0016344,-0.00069354,-0.0010295
-0.0017459,0.0011934,-0.00099658,8.0469e-05,-0.0010996,0.002347,-0.00128,4.513e-05,-0.00049965,7.9471e-05,0.0014013,0.00013882,0.00063732,0.00010191,-0.0004231,0.00048824,-0.00071769,-0.00012242,-0.00034891,0.00031889,-0.00019086
-0.0014027,0.00094635,-0.0039858,0.000592,0.00066632,0.00034421,0.0034659,-0.0022152,0.0008685,-0.00080027,0.0013703,-0.00051743,-0.0022707,-0.0018163,0.00038565,0.0006667,-0.00067694,7.4025e-05,0.00023818,-0.0015512,0.00038081
