0.02,0.02,-0.019187,1,0,0
0.04,0.02,0.012827,1,0,0
0.06,0.02,-0.01572,1,0,0
0.08,0.02,-0.018103,1,0,0
0.1,0.02,-0.020095,1,0,0
0.12,0.02,-0.011007,1,0,0
0.14,0.02,-0.0015698,1,0,0
0.16,0.02,0.019905,1,0,0
0.18,0.02,0.017956,1,0,0
0.2,0.02,-0.0031791,1,0,0
0.22,0.02,-0.021913,1,0,0
0.24,0.02,-0.018065,1,0,0
0.26,0.02,-0.038784,1,0,0
0.28,0.02,-0.030515,1,0,0
0.3,0.02,-0.020706,1,0,0
0.32,0.02,-0.024368,1,0,0
0.34,0.02,-0.017031,1,0,0
0.36,0.02,-0.0085837,1,0,0
0.38,0.02,-0.033576,1,0,0
0.4,0.02,-0.013719,1,0,0
0.42,0.02,-0.022197,1,0,0
0.44,0.02,-0.014794,1,0,0
0.46,0.02,-0.033385,1,0,0
0.48,0.02,-0.030983,1,0,0
0.5,0.02,-0.064621,1,0,0
0.52,0.02,-0.051974,1,0,0
0.54,0.02,-0.011449,1,0,0
0.56,0.02,-0.023427,1,0,0
0.58,0.02,-0.0043083,1,0,0
0.6,0.02,0.004888,1,0,0
0.62,0.02,-0.0031082,1,0,0
0.64,0.02,-0.001612,1,0,0
0.66,0.02,-0.026717,1,0,0
0.68,0.02,-0.060287,1,0,0
0.7,0.02,-0.063159,1,0,0
0.72,0.02,-0.080834,1,0,0
0.74,0.02,-0.069052,1,0,0
0.76,0.02,-0.055101,1,0,0
0.78,0.02,-0.052434,1,0,0
0.8,0.02,-0.056578,1,0,0
0.82,0.02,-0.034044,1,0,0
0.84,0.02,-0.020331,1,0,0
0.86,0.02,-0.014044,1,0,0
0.88,0.02,0.0086835,1,0,0
0.9,0.02,0.0034756,1,0,0
0.92,0.02,-0.018526,1,0,0
0.94,0.02,-0.0096348,1,0,0
0.96,0.02,-0.0022523,1,0,0
0.98,0.02,-0.0088078,1,0,0
0.02,0.04,-0.018745,1,0,0
0.04,0.04,-0.014389,1,0,0
0.06,0.04,-0.014649,1,0,0
0.08,0.04,-0.024989,1,0,0
0.1,0.04,-0.012479,1,0,0
0.12,0.04,0.0026215,1,0,0
0.14,0.04,-0.001429,1,0,0
0.16,0.04,0.012267,1,0,0
0.18,0.04,-0.012315,1,0,0
0.2,0.04,-0.015333,1,0,0
0.22,0.04,-0.040609,1,0,0
0.24,0.04,-0.039542,1,0,0
0.26,0.04,-0.057818,1,0,0
0.28,0.04,-0.043923,1,0,0
0.3,0.04,-0.044708,1,0,0
0.32,0.04,-0.042681,1,0,0
0.34,0.04,-0.019748,1,0,0
0.36,0.04,-0.03235,1,0,0
0.38,0.04,-0.028305,1,0,0
0.4,0.04,-0.010463,1,0,0
0.42,0.04,-0.021087,1,0,0
0.44,0.04,-0.032241,1,0,0
0.46,0.04,-0.023094,1,0,0
0.48,0.04,-0.037254,1,0,0
0.5,0.04,-0.052682,1,0,0
0.52,0.04,-0.050072,1,0,0
0.54,0.04,-0.028548,1,0,0
0.56,0.04,-0.034649,1,0,0
0.58,0.04,-0.0046498,1,0,0
0.6,0.04,0.019812,1,0,0
0.62,0.04,-0.010722,1,0,0
0.64,0.04,-0.010278,1,0,0
0.66,0.04,-0.041237,1,0,0
0.68,0.04,-0.051556,1,0,0
0.7,0.04,-0.079237,1,0,0
0.72,0.04,-0.076186,1,0,0
0.74,0.04,-0.0822,1,0,0
0.76,0.04,-0.086105,1,0,0
0.78,0.04,-0.05912,1,0,0
0.8,0.04,-0.060952,1,0,0
0.82,0.04,-0.047931,1,0,0
0.84,0.04,-0.023666,1,0,0
0.86,0.04,-0.023227,1,0,0
0.88,0.04,-0.011985,1,0,0
0.9,0.04,-0.0079986,1,0,0
0.92,0.04,-0.016081,1,0,0
0.94,0.04,-0.01215,1,0,0
0.96,0.04,-0.017655,1,0,0
0.98,0.04,-0.024739,1,0,0
0.02,0.06,-0.011841,1,0,0
0.04,0.06,-0.012343,1,0,0
0.06,0.06,-0.015375,1,0,0
0.08,0.06,0.00099335,1,0,0
0.1,0.06,0.0075221,1,0,0
0.12,0.06,0.0026535,1,0,0
0.14,0.06,0.017585,1,0,0
0.16,0.06,0.0052313,1,0,0
0.18,0.06,0.0034219,1,0,0
0.2,0.06,-0.022537,1,0,0
0.22,0.06,-0.030379,1,0,0
0.24,0.06,-0.04,1,0,0
0.26,0.06,-0.057193,1,0,0
0.28,0.06,-0.037966,1,0,0
0.3,0.06,-0.038746,1,0,0
0.32,0.06,-0.044188,1,0,0
0.34,0.06,-0.042215,1,0,0
0.36,0.06,-0.038123,1,0,0
0.38,0.06,-0.01372,1,0,0
0.4,0.06,-0.0065733,1,0,0
0.42,0.06,0.0053481,1,0,0
0.44,0.06,-0.012261,1,0,0
0.46,0.06,-0.019896,1,0,0
0.48,0.06,-0.024614,1,0,0
0.5,0.06,-0.028403,1,0,0
0.52,0.06,-0.040977,1,0,0
0.54,0.06,-0.049844,1,0,0
0.56,0.06,-0.034922,1,0,0
0.58,0.06,-0.001533,1,0,0
0.6,0.06,0.0076305,1,0,0
0.62,0.06,-0.010067,1,0,0
0.64,0.06,-0.015029,1,0,0
0.66,0.06,-0.023478,1,0,0
0.68,0.06,-0.028222,1,0,0
0.7,0.06,-0.042791,1,0,0
0.72,0.06,-0.067369,1,0,0
0.74,0.06,-0.11096,1,0,0
0.76,0.06,-0.072776,1,0,0
0.78,0.06,-0.075477,1,0,0
0.8,0.06,-0.052796,1,0,0
0.82,0.06,-0.050542,1,0,0
0.84,0.06,-0.024304,1,0,0
0.86,0.06,-0.046406,1,0,0
0.88,0.06,-0.032719,1,0,0
0.9,0.06,-0.023663,1,0,0
0.92,0.06,-0.020234,1,0,0
0.94,0.06,-0.018634,1,0,0
0.96,0.06,-0.038742,1,0,0
0.98,0.06,-0.030529,1,0,0
0.02,0.08,-0.02039,1,0,0
0.04,0.08,-0.008557,1,0,0
0.06,0.08,0.0083814,1,0,0
0.08,0.08,-0.0070444,1,0,0
0.1,0.08,0.00083869,1,0,0
0.12,0.08,0.0017979,1,0,0
0.14,0.08,0.020631,1,0,0
0.16,0.08,-0.0055841,1,0,0
0.18,0.08,0.00057213,1,0,0
0.2,0.08,-0.03037,1,0,0
0.22,0.08,-0.023526,1,0,0
0.24,0.08,-0.045474,1,0,0
0.26,0.08,-0.039204,1,0,0
0.28,0.08,-0.045618,1,0,0
0.3,0.08,-0.056261,1,0,0
0.32,0.08,-0.062435,1,0,0
0.34,0.08,-0.036549,1,0,0
0.36,0.08,-0.037125,1,0,0
0.38,0.08,-0.021151,1,0,0
0.4,0.08,-0.021163,1,0,0
0.42,0.08,-0.041936,1,0,0
0.44,0.08,-0.021671,1,0,0
0.46,0.08,-0.031874,1,0,0
0.48,0.08,-0.031807,1,0,0
0.5,0.08,-0.041795,1,0,0
0.52,0.08,-0.054673,1,0,0
0.54,0.08,-0.054524,1,0,0
0.56,0.08,-0.012247,1,0,0
0.58,0.08,-0.0027096,1,0,0
0.6,0.08,-0.0065516,1,0,0
0.62,0.08,-0.015995,1,0,0
0.64,0.08,-0.010222,1,0,0
0.66,0.08,-0.03371,1,0,0
0.68,0.08,-0.042296,1,0,0
0.7,0.08,-0.054969,1,0,0
0.72,0.08,-0.062016,1,0,0
0.74,0.08,-0.068157,1,0,0
0.76,0.08,-0.051777,1,0,0
0.78,0.08,-0.055895,1,0,0
0.8,0.08,-0.063696,1,0,0
0.82,0.08,-0.072585,1,0,0
0.84,0.08,-0.044315,1,0,0
0.86,0.08,-0.051614,1,0,0
0.88,0.08,-0.047506,1,0,0
0.9,0.08,-0.054734,1,0,0
0.92,0.08,-0.033711,1,0,0
0.94,0.08,-0.010956,1,0,0
0.96,0.08,-0.013543,1,0,0
0.98,0.08,-0.026662,1,0,0
0.02,0.1,-0.0025924,1,0,0
0.04,0.1,0.00033005,1,0,0
0.06,0.1,0.0099289,1,0,0
0.08,0.1,-0.011469,1,0,0
0.1,0.1,-0.0090865,1,0,0
0.12,0.1,-0.0082073,1,0,0
0.14,0.1,-0.006267,1,0,0
0.16,0.1,-0.010824,1,0,0
0.18,0.1,-0.021705,1,0,0
0.2,0.1,-0.011114,1,0,0
0.22,0.1,-0.041433,1,0,0
0.24,0.1,-0.039085,1,0,0
0.26,0.1,-0.018667,1,0,0
0.28,0.1,-0.025155,1,0,0
0.3,0.1,-0.016697,1,0,0
0.32,0.1,-0.037191,1,0,0
0.34,0.1,-0.049623,1,0,0
0.36,0.1,-0.062974,1,0,0
0.38,0.1,-0.051297,1,0,0
0.4,0.1,-0.049882,1,0,0
0.42,0.1,-0.063691,1,0,0
0.44,0.1,-0.050036,1,0,0
0.46,0.1,-0.037367,1,0,0
0.48,0.1,-0.042708,1,0,0
0.5,0.1,-0.061988,1,0,0
0.52,0.1,-0.06173,1,0,0
0.54,0.1,-0.042959,1,0,0
0.56,0.1,-0.023869,1,0,0
0.58,0.1,-0.0073759,1,0,0
0.6,0.1,-0.0031382,1,0,0
0.62,0.1,-0.029713,1,0,0
0.64,0.1,-0.00013765,1,0,0
0.66,0.1,-0.034547,1,0,0
0.68,0.1,-0.031513,1,0,0
0.7,0.1,-0.060012,1,0,0
0.72,0.1,-0.071972,1,0,0
0.74,0.1,-0.064868,1,0,0
0.76,0.1,-0.068888,1,0,0
0.78,0.1,-0.058116,1,0,0
0.8,0.1,-0.073367,1,0,0
0.82,0.1,-0.072515,1,0,0
0.84,0.1,-0.066369,1,0,0
0.86,0.1,-0.063599,1,0,0
0.88,0.1,-0.043896,1,0,0
0.9,0.1,-0.061179,1,0,0
0.92,0.1,-0.044786,1,0,0
0.94,0.1,-0.01969,1,0,0
0.96,0.1,-0.033041,1,0,0
0.98,0.1,-0.052251,1,0,0
0.02,0.12,0.0081402,1,0,0
0.04,0.12,-0.0026582,1,0,0
0.06,0.12,-0.022191,1,0,0
0.08,0.12,-0.0060036,1,0,0
0.1,0.12,0.0040095,1,0,0
0.12,0.12,0.013967,1,0,0
0.14,0.12,-0.0073804,1,0,0
0.16,0.12,-0.010255,1,0,0
0.18,0.12,-0.0050137,1,0,0
0.2,0.12,-0.01523,1,0,0
0.22,0.12,-0.016772,1,0,0
0.24,0.12,-0.011934,1,0,0
0.26,0.12,-0.03485,1,0,0
0.28,0.12,-0.009152,1,0,0
0.3,0.12,-0.01318,1,0,0
0.32,0.12,-0.016252,1,0,0
0.34,0.12,-0.048667,1,0,0
0.36,0.12,-0.072481,1,0,0
0.38,0.12,-0.071561,1,0,0
0.4,0.12,-0.055445,1,0,0
0.42,0.12,-0.067859,1,0,0
0.44,0.12,-0.049768,1,0,0
0.46,0.12,-0.054683,1,0,0
0.48,0.12,-0.04702,1,0,0
0.5,0.12,-0.044207,1,0,0
0.52,0.12,-0.055497,1,0,0
0.54,0.12,-0.05055,1,0,0
0.56,0.12,-0.031385,1,0,0
0.58,0.12,-0.021054,1,0,0
0.6,0.12,-0.0056506,1,0,0
0.62,0.12,0.0025877,1,0,0
0.64,0.12,-0.01403,1,0,0
0.66,0.12,-0.026688,1,0,0
0.68,0.12,-0.035555,1,0,0
0.7,0.12,-0.042628,1,0,0
0.72,0.12,-0.068248,1,0,0
0.74,0.12,-0.061823,1,0,0
0.76,0.12,-0.036707,1,0,0
0.78,0.12,-0.066892,1,0,0
0.8,0.12,-0.077749,1,0,0
0.82,0.12,-0.068512,1,0,0
0.84,0.12,-0.054468,1,0,0
0.86,0.12,-0.066865,1,0,0
0.88,0.12,-0.050256,1,0,0
0.9,0.12,-0.046261,1,0,0
0.92,0.12,-0.056055,1,0,0
0.94,0.12,-0.037382,1,0,0
0.96,0.12,-0.041493,1,0,0
0.98,0.12,-0.044486,1,0,0
0.02,0.14,-0.011938,1,0,0
0.04,0.14,-0.020446,1,0,0
0.06,0.14,-0.017086,1,0,0
0.08,0.14,0.0035733,1,0,0
0.1,0.14,-0.0068399,1,0,0
0.12,0.14,-0.0063653,1,0,0
0.14,0.14,-0.0018184,1,0,0
0.16,0.14,-0.008402,1,0,0
0.18,0.14,-0.0056561,1,0,0
0.2,0.14,0.0079249,1,0,0
0.22,0.14,-0.032181,1,0,0
0.24,0.14,-0.027791,1,0,0
0.26,0.14,-0.041621,1,0,0
0.28,0.14,-0.0335,1,0,0
0.3,0.14,-0.039838,1,0,0
0.32,0.14,-0.030591,1,0,0
0.34,0.14,-0.075503,1,0,0
0.36,0.14,-0.088293,1,0,0
0.38,0.14,-0.087152,1,0,0
0.4,0.14,-0.058401,1,0,0
0.42,0.14,-0.057677,1,0,0
0.44,0.14,-0.067904,1,0,0
0.46,0.14,-0.060572,1,0,0
0.48,0.14,-0.053877,1,0,0
0.5,0.14,-0.07365,1,0,0
0.52,0.14,-0.041701,1,0,0
0.54,0.14,-0.047027,1,0,0
0.56,0.14,-0.050377,1,0,0
0.58,0.14,-0.04291,1,0,0
0.6,0.14,-0.02595,1,0,0
0.62,0.14,-0.036476,1,0,0
0.64,0.14,-0.040735,1,0,0
0.66,0.14,-0.033001,1,0,0
0.68,0.14,-0.032305,1,0,0
0.7,0.14,-0.047902,1,0,0
0.72,0.14,-0.070333,1,0,0
0.74,0.14,-0.043429,1,0,0
0.76,0.14,-0.044268,1,0,0
0.78,0.14,-0.058275,1,0,0
0.8,0.14,-0.076496,1,0,0
0.82,0.14,-0.072409,1,0,0
0.84,0.14,-0.080007,1,0,0
0.86,0.14,-0.075462,1,0,0
0.88,0.14,-0.074956,1,0,0
0.9,0.14,-0.062868,1,0,0
0.92,0.14,-0.062225,1,0,0
0.94,0.14,-0.025436,1,0,0
0.96,0.14,-0.051851,1,0,0
0.98,0.14,-0.045676,1,0,0
0.02,0.16,-0.0094085,1,0,0
0.04,0.16,-0.005072,1,0,0
0.06,0.16,0.0098094,1,0,0
0.08,0.16,0.0021873,1,0,0
0.1,0.16,0.00063563,1,0,0
0.12,0.16,0.011932,1,0,0
0.14,0.16,0.0055635,1,0,0
0.16,0.16,0.0096308,1,0,0
0.18,0.16,0.0048503,1,0,0
0.2,0.16,0.013261,1,0,0
0.22,0.16,0.0033716,1,0,0
0.24,0.16,0.0097877,1,0,0
0.26,0.16,-0.027414,1,0,0
0.28,0.16,-0.027068,1,0,0
0.3,0.16,-0.040869,1,0,0
0.32,0.16,-0.055536,1,0,0
0.34,0.16,-0.048774,1,0,0
0.36,0.16,-0.033089,1,0,0
0.38,0.16,-0.057251,1,0,0
0.4,0.16,-0.044046,1,0,0
0.42,0.16,-0.052438,1,0,0
0.44,0.16,-0.03994,1,0,0
0.46,0.16,-0.051485,1,0,0
0.48,0.16,-0.042021,1,0,0
0.5,0.16,-0.038054,1,0,0
0.52,0.16,-0.042559,1,0,0
0.54,0.16,-0.013251,1,0,0
0.56,0.16,-0.018541,1,0,0
0.58,0.16,-0.028032,1,0,0
0.6,0.16,-0.028288,1,0,0
0.62,0.16,-0.035507,1,0,0
0.64,0.16,-0.0025663,1,0,0
0.66,0.16,-0.028385,1,0,0
0.68,0.16,-0.037401,1,0,0
0.7,0.16,-0.044123,1,0,0
0.72,0.16,-0.055551,1,0,0
0.74,0.16,-0.047547,1,0,0
0.76,0.16,-0.038758,1,0,0
0.78,0.16,-0.046673,1,0,0
0.8,0.16,-0.072989,1,0,0
0.82,0.16,-0.061706,1,0,0
0.84,0.16,-0.043001,1,0,0
0.86,0.16,-0.036991,1,0,0
0.88,0.16,-0.052448,1,0,0
0.9,0.16,-0.068326,1,0,0
0.92,0.16,-0.061903,1,0,0
0.94,0.16,-0.033485,1,0,0
0.96,0.16,-0.025045,1,0,0
0.98,0.16,-0.011079,1,0,0
0.02,0.18,-0.0059408,1,0,0
0.04,0.18,0.026333,1,0,0
0.06,0.18,0.030357,1,0,0
0.08,0.18,0.010508,1,0,0
0.1,0.18,0.021316,1,0,0
0.12,0.18,0.01434,1,0,0
0.14,0.18,0.017463,1,0,0
0.16,0.18,-0.0043655,1,0,0
0.18,0.18,0.010774,1,0,0
0.2,0.18,0.0065593,1,0,0
0.22,0.18,0.0067564,1,0,0
0.24,0.18,-0.00065109,1,0,0
0.26,0.18,-0.00026849,1,0,0
0.28,0.18,-0.012129,1,0,0
0.3,0.18,-0.014088,1,0,0
0.32,0.18,-0.039491,1,0,0
0.34,0.18,-0.048853,1,0,0
0.36,0.18,-0.022284,1,0,0
0.38,0.18,-0.055997,1,0,0
0.4,0.18,-0.028024,1,0,0
0.42,0.18,-0.023574,1,0,0
0.44,0.18,-0.042204,1,0,0
0.46,0.18,-0.05077,1,0,0
0.48,0.18,-0.015938,1,0,0
0.5,0.18,-0.022121,1,0,0
0.52,0.18,0.0021215,1,0,0
0.54,0.18,0.010245,1,0,0
0.56,0.18,-0.0062217,1,0,0
0.58,0.18,-0.0095495,1,0,0
0.6,0.18,-0.028793,1,0,0
0.62,0.18,-0.038936,1,0,0
0.64,0.18,-0.0024613,1,0,0
0.66,0.18,-0.011124,1,0,0
0.68,0.18,-0.018022,1,0,0
0.7,0.18,-0.018918,1,0,0
0.72,0.18,-0.035224,1,0,0
0.74,0.18,-0.073997,1,0,0
0.76,0.18,-0.074934,1,0,0
0.78,0.18,-0.039298,1,0,0
0.8,0.18,-0.019723,1,0,0
0.82,0.18,-0.03034,1,0,0
0.84,0.18,-0.0041705,1,0,0
0.86,0.18,-0.013888,1,0,0
0.88,0.18,-0.021572,1,0,0
0.9,0.18,-0.034158,1,0,0
0.92,0.18,-0.027714,1,0,0
0.94,0.18,-0.018908,1,0,0
0.96,0.18,-0.028464,1,0,0
0.98,0.18,-0.015864,1,0,0
0.02,0.2,0.020622,1,0,0
0.04,0.2,0.0089173,1,0,0
0.06,0.2,0.0087455,1,0,0
0.08,0.2,-0.00078977,1,0,0
0.1,0.2,0.0090295,1,0,0
0.12,0.2,0.0015583,1,0,0
0.14,0.2,0.00013861,1,0,0
0.16,0.2,-0.011724,1,0,0
0.18,0.2,0.010349,1,0,0
0.2,0.2,-0.018819,1,0,0
0.22,0.2,-0.00016059,1,0,0
0.24,0.2,0.017202,1,0,0
0.26,0.2,-0.0093292,1,0,0
0.28,0.2,-0.022413,1,0,0
0.3,0.2,-0.024633,1,0,0
0.32,0.2,-0.036543,1,0,0
0.34,0.2,-0.020134,1,0,0
0.36,0.2,-0.021283,1,0,0
0.38,0.2,-0.016875,1,0,0
0.4,0.2,-0.022358,1,0,0
0.42,0.2,-0.024253,1,0,0
0.44,0.2,-0.049392,1,0,0
0.46,0.2,-0.04959,1,0,0
0.48,0.2,-0.022702,1,0,0
0.5,0.2,-0.016584,1,0,0
0.52,0.2,0.020133,1,0,0
0.54,0.2,0.0024598,1,0,0
0.56,0.2,-0.0032902,1,0,0
0.58,0.2,-0.018696,1,0,0
0.6,0.2,0.014705,1,0,0
0.62,0.2,-0.03332,1,0,0
0.64,0.2,-0.03183,1,0,0
0.66,0.2,-0.026425,1,0,0
0.68,0.2,-0.02866,1,0,0
0.7,0.2,-0.028227,1,0,0
0.72,0.2,-0.038951,1,0,0
0.74,0.2,-0.061995,1,0,0
0.76,0.2,-0.056659,1,0,0
0.78,0.2,-0.043815,1,0,0
0.8,0.2,-0.018155,1,0,0
0.82,0.2,-0.016542,1,0,0
0.84,0.2,-0.027726,1,0,0
0.86,0.2,-0.029165,1,0,0
0.88,0.2,-0.029998,1,0,0
0.9,0.2,-0.029826,1,0,0
0.92,0.2,-0.021378,1,0,0
0.94,0.2,-0.030288,1,0,0
0.96,0.2,-0.018024,1,0,0
0.98,0.2,-0.017406,1,0,0
0.02,0.22,-0.00056183,1,0,0
0.04,0.22,0.0019939,1,0,0
0.06,0.22,-0.0026501,1,0,0
0.08,0.22,-0.026992,1,0,0
0.1,0.22,-0.029899,1,0,0
0.12,0.22,-0.047564,1,0,0
0.14,0.22,-0.033238,1,0,0
0.16,0.22,-0.0044819,1,0,0
0.18,0.22,-0.014979,1,0,0
0.2,0.22,-0.04031,1,0,0
0.22,0.22,-0.037083,1,0,0
0.24,0.22,0.0015753,1,0,0
0.26,0.22,-0.0067103,1,0,0
0.28,0.22,-0.031124,1,0,0
0.3,0.22,-0.021061,1,0,0
0.32,0.22,-0.04102,1,0,0
0.34,0.22,-0.036454,1,0,0
0.36,0.22,-0.024571,1,0,0
0.38,0.22,-0.036811,1,0,0
0.4,0.22,-0.035042,1,0,0
0.42,0.22,-0.02849,1,0,0
0.44,0.22,-0.039112,1,0,0
0.46,0.22,-0.038458,1,0,0
0.48,0.22,-0.03044,1,0,0
0.5,0.22,-0.031445,1,0,0
0.52,0.22,-0.016184,1,0,0
0.54,0.22,-0.0042407,1,0,0
0.56,0.22,-0.025162,1,0,0
0.58,0.22,-0.026538,1,0,0
0.6,0.22,-0.016926,1,0,0
0.62,0.22,-0.031715,1,0,0
0.64,0.22,-0.03137,1,0,0
0.66,0.22,-0.038948,1,0,0
0.68,0.22,-0.012547,1,0,0
0.7,0.22,-0.035446,1,0,0
0.72,0.22,-0.060103,1,0,0
0.74,0.22,-0.070447,1,0,0
0.76,0.22,-0.054221,1,0,0
0.78,0.22,-0.054965,1,0,0
0.8,0.22,-0.029734,1,0,0
0.82,0.22,-0.037519,1,0,0
0.84,0.22,-0.026159,1,0,0
0.86,0.22,-0.070637,1,0,0
0.88,0.22,-0.03605,1,0,0
0.9,0.22,-0.034296,1,0,0
0.92,0.22,-0.025628,1,0,0
0.94,0.22,-0.036688,1,0,0
0.96,0.22,-0.036614,1,0,0
0.98,0.22,-0.03154,1,0,0
0.02,0.24,-0.034196,1,0,0
0.04,0.24,-0.028315,1,0,0
0.06,0.24,-0.017746,1,0,0
0.08,0.24,-0.030963,1,0,0
0.1,0.24,-0.046422,1,0,0
0.12,0.24,-0.03224,1,0,0
0.14,0.24,-0.032099,1,0,0
0.16,0.24,-0.032459,1,0,0
0.18,0.24,-0.051264,1,0,0
0.2,0.24,-0.060006,1,0,0
0.22,0.24,-0.050477,1,0,0
0.24,0.24,-0.011831,1,0,0
0.26,0.24,-0.0053626,1,0,0
0.28,0.24,-0.016619,1,0,0
0.3,0.24,-0.021984,1,0,0
0.32,0.24,-0.029603,1,0,0
0.34,0.24,-0.025849,1,0,0
0.36,0.24,-0.019332,1,0,0
0.38,0.24,-0.037803,1,0,0
0.4,0.24,-0.036954,1,0,0
0.42,0.24,-0.049377,1,0,0
0.44,0.24,-0.034312,1,0,0
0.46,0.24,-0.02269,1,0,0
0.48,0.24,-0.020567,1,0,0
0.5,0.24,-0.028754,1,0,0
0.52,0.24,-0.027596,1,0,0
0.54,0.24,-0.01055,1,0,0
0.56,0.24,-0.048548,1,0,0
0.58,0.24,-0.047672,1,0,0
0.6,0.24,-0.025789,1,0,0
0.62,0.24,-0.033501,1,0,0
0.64,0.24,-0.021407,1,0,0
0.66,0.24,-0.021042,1,0,0
0.68,0.24,-0.0077321,1,0,0
0.7,0.24,-0.019811,1,0,0
0.72,0.24,-0.024082,1,0,0
0.74,0.24,-0.037083,1,0,0
0.76,0.24,-0.043073,1,0,0
0.78,0.24,-0.046393,1,0,0
0.8,0.24,-0.033956,1,0,0
0.82,0.24,-0.05051,1,0,0
0.84,0.24,-0.05662,1,0,0
0.86,0.24,-0.061585,1,0,0
0.88,0.24,-0.037493,1,0,0
0.9,0.24,-0.045677,1,0,0
0.92,0.24,-0.033856,1,0,0
0.94,0.24,-0.031481,1,0,0
0.96,0.24,-0.028318,1,0,0
0.98,0.24,-0.013125,1,0,0
0.02,0.26,-0.05282,1,0,0
0.04,0.26,-0.029619,1,0,0
0.06,0.26,-0.030033,1,0,0
0.08,0.26,-0.040188,1,0,0
0.1,0.26,-0.055792,1,0,0
0.12,0.26,-0.034107,1,0,0
0.14,0.26,-0.053247,1,0,0
0.16,0.26,-0.066539,1,0,0
0.18,0.26,-0.069914,1,0,0
0.2,0.26,-0.066603,1,0,0
0.22,0.26,-0.057654,1,0,0
0.24,0.26,-0.028199,1,0,0
0.26,0.26,-0.024719,1,0,0
0.28,0.26,-0.002547,1,0,0
0.3,0.26,-0.021926,1,0,0
0.32,0.26,-0.02353,1,0,0
0.34,0.26,-0.03195,1,0,0
0.36,0.26,-0.033505,1,0,0
0.38,0.26,-0.041985,1,0,0
0.4,0.26,-0.030173,1,0,0
0.42,0.26,-0.0053085,1,0,0
0.44,0.26,-0.021271,1,0,0
0.46,0.26,-0.04786,1,0,0
0.48,0.26,-0.040306,1,0,0
0.5,0.26,-0.023106,1,0,0
0.52,0.26,-0.024687,1,0,0
0.54,0.26,-0.03721,1,0,0
0.56,0.26,-0.031096,1,0,0
0.58,0.26,-0.064871,1,0,0
0.6,0.26,-0.063467,1,0,0
0.62,0.26,-0.039258,1,0,0
0.64,0.26,-0.019626,1,0,0
0.66,0.26,-0.021747,1,0,0
0.68,0.26,-0.0025917,1,0,0
0.7,0.26,0.0093847,1,0,0
0.72,0.26,-0.0076726,1,0,0
0.74,0.26,-0.03882,1,0,0
0.76,0.26,-0.039973,1,0,0
0.78,0.26,-0.029112,1,0,0
0.8,0.26,-0.032043,1,0,0
0.82,0.26,-0.049245,1,0,0
0.84,0.26,-0.08466,1,0,0
0.86,0.26,-0.083439,1,0,0
0.88,0.26,-0.079977,1,0,0
0.9,0.26,-0.04983,1,0,0
0.92,0.26,-0.044611,1,0,0
0.94,0.26,-0.013854,1,0,0
0.96,0.26,-0.022442,1,0,0
0.98,0.26,-0.031521,1,0,0
0.02,0.28,-0.04395,1,0,0
0.04,0.28,-0.049022,1,0,0
0.06,0.28,-0.033112,1,0,0
0.08,0.28,-0.03033,1,0,0
0.1,0.28,-0.048478,1,0,0
0.12,0.28,-0.047444,1,0,0
0.14,0.28,-0.073796,1,0,0
0.16,0.28,-0.10693,1,0,0
0.18,0.28,-0.097025,1,0,0
0.2,0.28,-0.068427,1,0,0
0.22,0.28,-0.064433,1,0,0
0.24,0.28,-0.030261,1,0,0
0.26,0.28,-0.011032,1,0,0
0.28,0.28,-0.015512,1,0,0
0.3,0.28,-0.036215,1,0,0
0.32,0.28,-0.022281,1,0,0
0.34,0.28,-0.026413,1,0,0
0.36,0.28,-0.032017,1,0,0
0.38,0.28,-0.037063,1,0,0
0.4,0.28,-0.014913,1,0,0
0.42,0.28,-0.01619,1,0,0
0.44,0.28,-0.026522,1,0,0
0.46,0.28,-0.060302,1,0,0
0.48,0.28,-0.049885,1,0,0
0.5,0.28,-0.02597,1,0,0
0.52,0.28,-0.025986,1,0,0
0.54,0.28,-0.041148,1,0,0
0.56,0.28,-0.048095,1,0,0
0.58,0.28,-0.050821,1,0,0
0.6,0.28,-0.044704,1,0,0
0.62,0.28,-0.018649,1,0,0
0.64,0.28,-0.0087081,1,0,0
0.66,0.28,-0.007112,1,0,0
0.68,0.28,-0.00086153,1,0,0
0.7,0.28,0.0018315,1,0,0
0.72,0.28,-0.010933,1,0,0
0.74,0.28,-0.028529,1,0,0
0.76,0.28,-0.025044,1,0,0
0.78,0.28,-0.027273,1,0,0
0.8,0.28,-0.024046,1,0,0
0.82,0.28,-0.047019,1,0,0
0.84,0.28,-0.05144,1,0,0
0.86,0.28,-0.053989,1,0,0
0.88,0.28,-0.051121,1,0,0
0.9,0.28,-0.054391,1,0,0
0.92,0.28,-0.034094,1,0,0
0.94,0.28,-0.0013258,1,0,0
0.96,0.28,-0.033587,1,0,0
0.98,0.28,-0.0093325,1,0,0
0.02,0.3,-0.035041,1,0,0
0.04,0.3,-0.049216,1,0,0
0.06,0.3,-0.019988,1,0,0
0.08,0.3,-0.030034,1,0,0
0.1,0.3,-0.032263,1,0,0
0.12,0.3,-0.054434,1,0,0
0.14,0.3,-0.08206,1,0,0
0.16,0.3,-0.090902,1,0,0
0.18,0.3,-0.11159,1,0,0
0.2,0.3,-0.118,1,0,0
0.22,0.3,-0.093328,1,0,0
0.24,0.3,-0.042523,1,0,0
0.26,0.3,-0.024697,1,0,0
0.28,0.3,-0.024359,1,0,0
0.3,0.3,-0.010411,1,0,0
0.32,0.3,-0.017684,1,0,0
0.34,0.3,-0.02448,1,0,0
0.36,0.3,-0.044504,1,0,0
0.38,0.3,-0.034889,1,0,0
0.4,0.3,-0.029252,1,0,0
0.42,0.3,-0.037966,1,0,0
0.44,0.3,-0.0088171,1,0,0
0.46,0.3,-0.034094,1,0,0
0.48,0.3,-0.051981,1,0,0
0.5,0.3,-0.040517,1,0,0
0.52,0.3,-0.026344,1,0,0
0.54,0.3,-0.028307,1,0,0
0.56,0.3,-0.038016,1,0,0
0.58,0.3,-0.069041,1,0,0
0.6,0.3,-0.053768,1,0,0
0.62,0.3,-0.040061,1,0,0
0.64,0.3,0.0003727,1,0,0
0.66,0.3,0.0047202,1,0,0
0.68,0.3,0.021772,1,0,0
0.7,0.3,-0.0034243,1,0,0
0.72,0.3,-0.030381,1,0,0
0.74,0.3,-0.019822,1,0,0
0.76,0.3,-0.023043,1,0,0
0.78,0.3,-0.027276,1,0,0
0.8,0.3,-0.046226,1,0,0
0.82,0.3,-0.030799,1,0,0
0.84,0.3,-0.034576,1,0,0
0.86,0.3,-0.043689,1,0,0
0.88,0.3,-0.037765,1,0,0
0.9,0.3,-0.041845,1,0,0
0.92,0.3,-0.027477,1,0,0
0.94,0.3,-0.011497,1,0,0
0.96,0.3,-0.012146,1,0,0
0.98,0.3,-0.038999,1,0,0
0.02,0.32,-0.028748,1,0,0
0.04,0.32,-0.046772,1,0,0
0.06,0.32,-0.04356,1,0,0
0.08,0.32,-0.034202,1,0,0
0.1,0.32,-0.018214,1,0,0
0.12,0.32,-0.038293,1,0,0
0.14,0.32,-0.051899,1,0,0
0.16,0.32,-0.079883,1,0,0
0.18,0.32,-0.095157,1,0,0
0.2,0.32,-0.10505,1,0,0
0.22,0.32,-0.084607,1,0,0
0.24,0.32,-0.064961,1,0,0
0.26,0.32,-0.048478,1,0,0
0.28,0.32,-0.046988,1,0,0
0.3,0.32,-0.027046,1,0,0
0.32,0.32,-0.0272,1,0,0
0.34,0.32,-0.044265,1,0,0
0.36,0.32,-0.032337,1,0,0
0.38,0.32,-0.0098675,1,0,0
0.4,0.32,-0.0083,1,0,0
0.42,0.32,-0.01188,1,0,0
0.44,0.32,-0.017934,1,0,0
0.46,0.32,-0.010633,1,0,0
0.48,0.32,-0.017665,1,0,0
0.5,0.32,-0.043794,1,0,0
0.52,0.32,-0.030183,1,0,0
0.54,0.32,-0.03942,1,0,0
0.56,0.32,-0.051256,1,0,0
0.58,0.32,-0.057572,1,0,0
0.6,0.32,-0.035077,1,0,0
0.62,0.32,-0.021089,1,0,0
0.64,0.32,-0.0056111,1,0,0
0.66,0.32,-0.0037977,1,0,0
0.68,0.32,0.014532,1,0,0
0.7,0.32,0.0056308,1,0,0
0.72,0.32,-0.0066404,1,0,0
0.74,0.32,-0.0080678,1,0,0
0.76,0.32,0.0068732,1,0,0
0.78,0.32,-0.015522,1,0,0
0.8,0.32,-0.022489,1,0,0
0.82,0.32,-0.02523,1,0,0
0.84,0.32,-0.03669,1,0,0
0.86,0.32,-0.051638,1,0,0
0.88,0.32,-0.025195,1,0,0
0.9,0.32,-0.021134,1,0,0
0.92,0.32,-0.022143,1,0,0
0.94,0.32,-0.010937,1,0,0
0.96,0.32,-0.0013178,1,0,0
0.98,0.32,-0.038021,1,0,0
0.02,0.34,-0.012906,1,0,0
0.04,0.34,-0.038384,1,0,0
0.06,0.34,-0.038932,1,0,0
0.08,0.34,-0.048481,1,0,0
0.1,0.34,-0.043122,1,0,0
0.12,0.34,-0.033269,1,0,0
0.14,0.34,-0.033354,1,0,0
0.16,0.34,-0.062483,1,0,0
0.18,0.34,-0.06865,1,0,0
0.2,0.34,-0.090972,1,0,0
0.22,0.34,-0.084755,1,0,0
0.24,0.34,-0.080028,1,0,0
0.26,0.34,-0.07155,1,0,0
0.28,0.34,-0.040154,1,0,0
0.3,0.34,-0.047196,1,0,0
0.32,0.34,-0.041108,1,0,0
0.34,0.34,-0.035184,1,0,0
0.36,0.34,-0.040206,1,0,0
0.38,0.34,-0.018645,1,0,0
0.4,0.34,0.013968,1,0,0
0.42,0.34,0.0064468,1,0,0
0.44,0.34,-0.00078337,1,0,0
0.46,0.34,-0.0064096,1,0,0
0.48,0.34,-0.025154,1,0,0
0.5,0.34,-0.037977,1,0,0
0.52,0.34,-0.043351,1,0,0
0.54,0.34,-0.043822,1,0,0
0.56,0.34,-0.049486,1,0,0
0.58,0.34,-0.040011,1,0,0
0.6,0.34,-0.023493,1,0,0
0.62,0.34,-0.016611,1,0,0
0.64,0.34,-0.0064714,1,0,0
0.66,0.34,0.020396,1,0,0
0.68,0.34,0.015846,1,0,0
0.7,0.34,0.0061667,1,0,0
0.72,0.34,0.0061608,1,0,0
0.74,0.34,-0.018321,1,0,0
0.76,0.34,0.010765,1,0,0
0.78,0.34,-0.0044556,1,0,0
0.8,0.34,0.011295,1,0,0
0.82,0.34,-0.018946,1,0,0
0.84,0.34,-0.022369,1,0,0
0.86,0.34,-0.036388,1,0,0
0.88,0.34,-0.024457,1,0,0
0.9,0.34,-0.022021,1,0,0
0.92,0.34,0.0020676,1,0,0
0.94,0.34,0.0029511,1,0,0
0.96,0.34,-0.022439,1,0,0
0.98,0.34,-0.055786,1,0,0
0.02,0.36,-0.032094,1,0,0
0.04,0.36,-0.043924,1,0,0
0.06,0.36,-0.036744,1,0,0
0.08,0.36,-0.043603,1,0,0
0.1,0.36,-0.0097151,1,0,0
0.12,0.36,-0.027964,1,0,0
0.14,0.36,-0.032383,1,0,0
0.16,0.36,-0.043269,1,0,0
0.18,0.36,-0.074703,1,0,0
0.2,0.36,-0.068037,1,0,0
0.22,0.36,-0.083134,1,0,0
0.24,0.36,-0.058365,1,0,0
0.26,0.36,-0.04303,1,0,0
0.28,0.36,-0.027931,1,0,0
0.3,0.36,-0.018117,1,0,0
0.32,0.36,-0.035538,1,0,0
0.34,0.36,-0.02011,1,0,0
0.36,0.36,0.0084828,1,0,0
0.38,0.36,-0.012008,1,0,0
0.4,0.36,0.0018124,1,0,0
0.42,0.36,0.0090294,1,0,0
0.44,0.36,-0.013353,1,0,0
0.46,0.36,-0.013144,1,0,0
0.48,0.36,0.014975,1,0,0
0.5,0.36,-0.0023911,1,0,0
0.52,0.36,-0.02337,1,0,0
0.54,0.36,-0.047228,1,0,0
0.56,0.36,-0.035401,1,0,0
0.58,0.36,-0.0078859,1,0,0
0.6,0.36,-0.006053,1,0,0
0.62,0.36,-0.016818,1,0,0
0.64,0.36,0.030612,1,0,0
0.66,0.36,0.019585,1,0,0
0.68,0.36,0.025719,1,0,0
0.7,0.36,0.031281,1,0,0
0.72,0.36,0.0075048,1,0,0
0.74,0.36,-0.015717,1,0,0
0.76,0.36,-0.012318,1,0,0
0.78,0.36,0.01146,1,0,0
0.8,0.36,-0.023173,1,0,0
0.82,0.36,-0.010976,1,0,0
0.84,0.36,0.00039076,1,0,0
0.86,0.36,0.0020525,1,0,0
0.88,0.36,-0.0044868,1,0,0
0.9,0.36,-0.00057712,1,0,0
0.92,0.36,0.00024345,1,0,0
0.94,0.36,-0.0061704,1,0,0
0.96,0.36,-0.047988,1,0,0
0.98,0.36,-0.07044,1,0,0
0.02,0.38,-0.058209,1,0,0
0.04,0.38,-0.039569,1,0,0
0.06,0.38,-0.040352,1,0,0
0.08,0.38,-0.05715,1,0,0
0.1,0.38,-0.061972,1,0,0
0.12,0.38,-0.045615,1,0,0
0.14,0.38,-0.04726,1,0,0
0.16,0.38,-0.058389,1,0,0
0.18,0.38,-0.06841,1,0,0
0.2,0.38,-0.081087,1,0,0
0.22,0.38,-0.072892,1,0,0
0.24,0.38,-0.061752,1,0,0
0.26,0.38,-0.058577,1,0,0
0.28,0.38,-0.035822,1,0,0
0.3,0.38,-0.052661,1,0,0
0.32,0.38,-0.052786,1,0,0
0.34,0.38,-0.034577,1,0,0
0.36,0.38,-0.0092457,1,0,0
0.38,0.38,-0.019145,1,0,0
0.4,0.38,0.012011,1,0,0
0.42,0.38,-0.018873,1,0,0
0.44,0.38,-0.020797,1,0,0
0.46,0.38,-0.014457,1,0,0
0.48,0.38,-0.010218,1,0,0
0.5,0.38,-0.043734,1,0,0
0.52,0.38,-0.030353,1,0,0
0.54,0.38,-0.016872,1,0,0
0.56,0.38,-0.027092,1,0,0
0.58,0.38,-0.021118,1,0,0
0.6,0.38,-0.022281,1,0,0
0.62,0.38,-0.040183,1,0,0
0.64,0.38,-0.0013126,1,0,0
0.66,0.38,0.03589,1,0,0
0.68,0.38,0.01466,1,0,0
0.7,0.38,0.0091263,1,0,0
0.72,0.38,-0.013049,1,0,0
0.74,0.38,-0.036901,1,0,0
0.76,0.38,-0.027874,1,0,0
0.78,0.38,-0.011971,1,0,0
0.8,0.38,-0.026658,1,0,0
0.82,0.38,-0.013332,1,0,0
0.84,0.38,-0.004699,1,0,0
0.86,0.38,0.0031705,1,0,0
0.88,0.38,-0.033743,1,0,0
0.9,0.38,-0.022518,1,0,0
0.92,0.38,-0.023056,1,0,0
0.94,0.38,-0.024646,1,0,0
0.96,0.38,-0.050906,1,0,0
0.98,0.38,-0.076236,1,0,0
0.02,0.4,-0.04539,1,0,0
0.04,0.4,-0.03109,1,0,0
0.06,0.4,-0.061912,1,0,0
0.08,0.4,-0.042068,1,0,0
0.1,0.4,-0.035289,1,0,0
0.12,0.4,-0.044093,1,0,0
0.14,0.4,-0.063267,1,0,0
0.16,0.4,-0.062246,1,0,0
0.18,0.4,-0.066275,1,0,0
0.2,0.4,-0.051896,1,0,0
0.22,0.4,-0.045222,1,0,0
0.24,0.4,-0.032372,1,0,0
0.26,0.4,-0.049645,1,0,0
0.28,0.4,-0.038328,1,0,0
0.3,0.4,-0.031298,1,0,0
0.32,0.4,-0.032781,1,0,0
0.34,0.4,-0.047455,1,0,0
0.36,0.4,0.0026844,1,0,0
0.38,0.4,0.0089807,1,0,0
0.4,0.4,0.021427,1,0,0
0.42,0.4,0.0079072,1,0,0
0.44,0.4,-0.027695,1,0,0
0.46,0.4,-0.0043689,1,0,0
0.48,0.4,0.014806,1,0,0
0.5,0.4,-0.01866,1,0,0
0.52,0.4,0.0064065,1,0,0
0.54,0.4,-0.0023043,1,0,0
0.56,0.4,-0.018213,1,0,0
0.58,0.4,-0.013445,1,0,0
0.6,0.4,-0.012378,1,0,0
0.62,0.4,-0.017778,1,0,0
0.64,0.4,-0.0033075,1,0,0
0.66,0.4,0.015756,1,0,0
0.68,0.4,0.01486,1,0,0
0.7,0.4,0.019443,1,0,0
0.72,0.4,-0.013552,1,0,0
0.74,0.4,-0.037253,1,0,0
0.76,0.4,-0.024872,1,0,0
0.78,0.4,-0.030082,1,0,0
0.8,0.4,-0.036984,1,0,0
0.82,0.4,-0.0080181,1,0,0
0.84,0.4,-0.00721,1,0,0
0.86,0.4,-0.016109,1,0,0
0.88,0.4,-0.026524,1,0,0
0.9,0.4,-0.0080643,1,0,0
0.92,0.4,-0.044954,1,0,0
0.94,0.4,-0.040274,1,0,0
0.96,0.4,-0.04158,1,0,0
0.98,0.4,-0.052886,1,0,0
0.02,0.42,-0.03178,1,0,0
0.04,0.42,-0.040332,1,0,0
0.06,0.42,-0.034302,1,0,0
0.08,0.42,-0.030613,1,0,0
0.1,0.42,-0.019565,1,0,0
0.12,0.42,-0.025956,1,0,0
0.14,0.42,-0.052063,1,0,0
0.16,0.42,-0.04615,1,0,0
0.18,0.42,-0.050397,1,0,0
0.2,0.42,-0.045888,1,0,0
0.22,0.42,-0.053145,1,0,0
0.24,0.42,-0.038306,1,0,0
0.26,0.42,-0.045852,1,0,0
0.28,0.42,-0.029084,1,0,0
0.3,0.42,-0.0084293,1,0,0
0.32,0.42,-0.013764,1,0,0
0.34,0.42,-0.0088324,1,0,0
0.36,0.42,-0.019728,1,0,0
0.38,0.42,-0.0065935,1,0,0
0.4,0.42,0.023885,1,0,0
0.42,0.42,0.019378,1,0,0
0.44,0.42,0.017211,1,0,0
0.46,0.42,0.026823,1,0,0
0.48,0.42,0.032062,1,0,0
0.5,0.42,0.027999,1,0,0
0.52,0.42,0.041528,1,0,0
0.54,0.42,0.025433,1,0,0
0.56,0.42,-0.00092541,1,0,0
0.58,0.42,-0.02784,1,0,0
0.6,0.42,-0.016318,1,0,0
0.62,0.42,-0.037472,1,0,0
0.64,0.42,-0.011791,1,0,0
0.66,0.42,0.014181,1,0,0
0.68,0.42,0.021507,1,0,0
0.7,0.42,0.0090478,1,0,0
0.72,0.42,-0.017163,1,0,0
0.74,0.42,-0.022587,1,0,0
0.76,0.42,-0.028607,1,0,0
0.78,0.42,-0.039145,1,0,0
0.8,0.42,-0.052194,1,0,0
0.82,0.42,-0.024669,1,0,0
0.84,0.42,-0.018235,1,0,0
0.86,0.42,-0.017355,1,0,0
0.88,0.42,-0.014778,1,0,0
0.9,0.42,-0.019872,1,0,0
0.92,0.42,-0.020526,1,0,0
0.94,0.42,-0.026185,1,0,0
0.96,0.42,-0.032995,1,0,0
0.98,0.42,-0.0554,1,0,0
0.02,0.44,-0.028056,1,0,0
0.04,0.44,-0.029534,1,0,0
0.06,0.44,-0.012278,1,0,0
0.08,0.44,-0.016284,1,0,0
0.1,0.44,-0.013985,1,0,0
0.12,0.44,-0.026388,1,0,0
0.14,0.44,-0.035543,1,0,0
0.16,0.44,-0.048175,1,0,0
0.18,0.44,-0.041775,1,0,0
0.2,0.44,-0.028663,1,0,0
0.22,0.44,-0.043656,1,0,0
0.24,0.44,-0.047343,1,0,0
0.26,0.44,-0.029083,1,0,0
0.28,0.44,-0.035714,1,0,0
0.3,0.44,-0.019328,1,0,0
0.32,0.44,-0.012958,1,0,0
0.34,0.44,-0.0013305,1,0,0
0.36,0.44,0.0015758,1,0,0
0.38,0.44,-0.0097684,1,0,0
0.4,0.44,0.024867,1,0,0
0.42,0.44,0.048206,1,0,0
0.44,0.44,0.041972,1,0,0
0.46,0.44,0.058721,1,0,0
0.48,0.44,0.069039,1,0,0
0.5,0.44,0.058173,1,0,0
0.52,0.44,0.04134,1,0,0
0.54,0.44,0.026402,1,0,0
0.56,0.44,-0.0055655,1,0,0
0.58,0.44,-0.010249,1,0,0
0.6,0.44,-0.02089,1,0,0
0.62,0.44,-0.025489,1,0,0
0.64,0.44,-0.0082457,1,0,0
0.66,0.44,-0.0073198,1,0,0
0.68,0.44,-0.0031237,1,0,0
0.7,0.44,-0.014765,1,0,0
0.72,0.44,-0.0092698,1,0,0
0.74,0.44,-0.018183,1,0,0
0.76,0.44,-0.0098962,1,0,0
0.78,0.44,-0.047355,1,0,0
0.8,0.44,-0.046981,1,0,0
0.82,0.44,-0.059702,1,0,0
0.84,0.44,-0.018217,1,0,0
0.86,0.44,-0.019017,1,0,0
0.88,0.44,0.004712,1,0,0
0.9,0.44,-0.031202,1,0,0
0.92,0.44,-0.018505,1,0,0
0.94,0.44,-0.012673,1,0,0
0.96,0.44,-0.026451,1,0,0
0.98,0.44,-0.038617,1,0,0
0.02,0.46,-0.0093327,1,0,0
0.04,0.46,-0.001524,1,0,0
0.06,0.46,0.0075328,1,0,0
0.08,0.46,-0.017712,1,0,0
0.1,0.46,-0.030755,1,0,0
0.12,0.46,-0.027212,1,0,0
0.14,0.46,-0.02882,1,0,0
0.16,0.46,-0.034364,1,0,0
0.18,0.46,-0.028917,1,0,0
0.2,0.46,-0.040781,1,0,0
0.22,0.46,-0.036204,1,0,0
0.24,0.46,-0.04522,1,0,0
0.26,0.46,-0.039487,1,0,0
0.28,0.46,-0.01876,1,0,0
0.3,0.46,-0.0059746,1,0,0
0.32,0.46,-0.0012205,1,0,0
0.34,0.46,-0.00090311,1,0,0
0.36,0.46,0.0053573,1,0,0
0.38,0.46,0.014016,1,0,0
0.4,0.46,0.019472,1,0,0
0.42,0.46,0.065211,1,0,0
0.44,0.46,0.066546,1,0,0
0.46,0.46,0.07062,1,0,0
0.48,0.46,0.055255,1,0,0
0.5,0.46,0.064374,1,0,0
0.52,0.46,0.048845,1,0,0
0.54,0.46,0.034326,1,0,0
0.56,0.46,0.039012,1,0,0
0.58,0.46,-0.0031458,1,0,0
0.6,0.46,-0.023586,1,0,0
0.62,0.46,-0.027352,1,0,0
0.64,0.46,-0.015129,1,0,0
0.66,0.46,-0.037649,1,0,0
0.68,0.46,-0.033886,1,0,0
0.7,0.46,-0.041024,1,0,0
0.72,0.46,-0.02873,1,0,0
0.74,0.46,-0.049517,1,0,0
0.76,0.46,-0.019113,1,0,0
0.78,0.46,-0.044613,1,0,0
0.8,0.46,-0.039594,1,0,0
0.82,0.46,-0.052349,1,0,0
0.84,0.46,-0.037895,1,0,0
0.86,0.46,-0.027303,1,0,0
0.88,0.46,-0.020592,1,0,0
0.9,0.46,-0.028726,1,0,0
0.92,0.46,-0.021411,1,0,0
0.94,0.46,-0.016063,1,0,0
0.96,0.46,-0.014116,1,0,0
0.98,0.46,-0.052148,1,0,0
0.02,0.48,-0.014053,1,0,0
0.04,0.48,-0.01789,1,0,0
0.06,0.48,0.010722,1,0,0
0.08,0.48,-0.003136,1,0,0
0.1,0.48,-0.016939,1,0,0
0.12,0.48,-0.020838,1,0,0
0.14,0.48,-0.028405,1,0,0
0.16,0.48,-0.058423,1,0,0
0.18,0.48,-0.054128,1,0,0
0.2,0.48,-0.061074,1,0,0
0.22,0.48,-0.04848,1,0,0
0.24,0.48,-0.039859,1,0,0
0.26,0.48,-0.013827,1,0,0
0.28,0.48,-0.016376,1,0,0
0.3,0.48,0.0091726,1,0,0
0.32,0.48,0.016522,1,0,0
0.34,0.48,0.0012673,1,0,0
0.36,0.48,0.00035651,1,0,0
0.38,0.48,0.0076619,1,0,0
0.4,0.48,0.017042,1,0,0
0.42,0.48,0.021165,1,0,0
0.44,0.48,0.055525,1,0,0
0.46,0.48,0.05991,1,0,0
0.48,0.48,0.057912,1,0,0
0.5,0.48,0.06364,1,0,0
0.52,0.48,0.060204,1,0,0
0.54,0.48,0.023789,1,0,0
0.56,0.48,0.012686,1,0,0
0.58,0.48,-0.013628,1,0,0
0.6,0.48,-0.010352,1,0,0
0.62,0.48,-0.024288,1,0,0
0.64,0.48,-0.030984,1,0,0
0.66,0.48,-0.046121,1,0,0
0.68,0.48,-0.039691,1,0,0
0.7,0.48,-0.040335,1,0,0
0.72,0.48,-0.03845,1,0,0
0.74,0.48,-0.054296,1,0,0
0.76,0.48,-0.05898,1,0,0
0.78,0.48,-0.062501,1,0,0
0.8,0.48,-0.049059,1,0,0
0.82,0.48,-0.04886,1,0,0
0.84,0.48,-0.043035,1,0,0
0.86,0.48,-0.019493,1,0,0
0.88,0.48,-0.0077586,1,0,0
0.9,0.48,-0.022777,1,0,0
0.92,0.48,-0.016734,1,0,0
0.94,0.48,-0.028476,1,0,0
0.96,0.48,-0.049989,1,0,0
0.98,0.48,-0.042828,1,0,0
0.02,0.5,-0.042774,1,0,0
0.04,0.5,-0.030676,1,0,0
0.06,0.5,-0.0074547,1,0,0
0.08,0.5,-0.024962,1,0,0
0.1,0.5,-0.030526,1,0,0
0.12,0.5,-0.036044,1,0,0
0.14,0.5,-0.049366,1,0,0
0.16,0.5,-0.030475,1,0,0
0.18,0.5,-0.045818,1,0,0
0.2,0.5,-0.058375,1,0,0
0.22,0.5,-0.065765,1,0,0
0.24,0.5,-0.037896,1,0,0
0.26,0.5,-0.028252,1,0,0
0.28,0.5,-0.038002,1,0,0
0.3,0.5,-0.020956,1,0,0
0.32,0.5,-0.010067,1,0,0
0.34,0.5,-0.012668,1,0,0
0.36,0.5,0.0031047,1,0,0
0.38,0.5,-0.00048269,1,0,0
0.4,0.5,0.024037,1,0,0
0.42,0.5,0.030545,1,0,0
0.44,0.5,0.053431,1,0,0
0.46,0.5,0.031953,1,0,0
0.48,0.5,0.030596,1,0,0
0.5,0.5,0.034376,1,0,0
0.52,0.5,0.01387,1,0,0
0.54,0.5,-0.0082347,1,0,0
0.56,0.5,-0.0099652,1,0,0
0.58,0.5,-0.026593,1,0,0
0.6,0.5,-0.030063,1,0,0
0.62,0.5,-0.033439,1,0,0
0.64,0.5,-0.057561,1,0,0
0.66,0.5,-0.071807,1,0,0
0.68,0.5,-0.045089,1,0,0
0.7,0.5,-0.044552,1,0,0
0.72,0.5,-0.066983,1,0,0
0.74,0.5,-0.070482,1,0,0
0.76,0.5,-0.064902,1,0,0
0.78,0.5,-0.061728,1,0,0
0.8,0.5,-0.053633,1,0,0
0.82,0.5,-0.049535,1,0,0
0.84,0.5,-0.053897,1,0,0
0.86,0.5,-0.076126,1,0,0
0.88,0.5,-0.053607,1,0,0
0.9,0.5,-0.054777,1,0,0
0.92,0.5,-0.057243,1,0,0
0.94,0.5,-0.055042,1,0,0
0.96,0.5,-0.074307,1,0,0
0.98,0.5,-0.053236,1,0,0
0.02,0.52,-0.039387,1,0,0
0.04,0.52,-0.025642,1,0,0
0.06,0.52,-0.0026674,1,0,0
0.08,0.52,-0.015593,1,0,0
0.1,0.52,-0.038564,1,0,0
0.12,0.52,-0.011271,1,0,0
0.14,0.52,-0.026289,1,0,0
0.16,0.52,-0.0055199,1,0,0
0.18,0.52,-0.027574,1,0,0
0.2,0.52,-0.044017,1,0,0
0.22,0.52,-0.051688,1,0,0
0.24,0.52,-0.0070855,1,0,0
0.26,0.52,-0.012806,1,0,0
0.28,0.52,-0.014802,1,0,0
0.3,0.52,-0.03543,1,0,0
0.32,0.52,-0.0035717,1,0,0
0.34,0.52,0.010031,1,0,0
0.36,0.52,0.019032,1,0,0
0.38,0.52,0.021354,1,0,0
0.4,0.52,0.03049,1,0,0
0.42,0.52,0.042914,1,0,0
0.44,0.52,0.050505,1,0,0
0.46,0.52,0.055905,1,0,0
0.48,0.52,0.037159,1,0,0
0.5,0.52,0.0089487,1,0,0
0.52,0.52,0.0016891,1,0,0
0.54,0.52,-0.014718,1,0,0
0.56,0.52,-0.014952,1,0,0
0.58,0.52,-0.034671,1,0,0
0.6,0.52,-0.0047156,1,0,0
0.62,0.52,-0.028733,1,0,0
0.64,0.52,-0.049163,1,0,0
0.66,0.52,-0.042676,1,0,0
0.68,0.52,-0.03926,1,0,0
0.7,0.52,-0.039097,1,0,0
0.72,0.52,-0.041465,1,0,0
0.74,0.52,-0.03476,1,0,0
0.76,0.52,-0.03811,1,0,0
0.78,0.52,-0.042914,1,0,0
0.8,0.52,-0.04193,1,0,0
0.82,0.52,-0.039867,1,0,0
0.84,0.52,-0.074028,1,0,0
0.86,0.52,-0.057272,1,0,0
0.88,0.52,-0.061858,1,0,0
0.9,0.52,-0.05824,1,0,0
0.92,0.52,-0.063739,1,0,0
0.94,0.52,-0.050106,1,0,0
0.96,0.52,-0.045412,1,0,0
0.98,0.52,-0.04814,1,0,0
0.02,0.54,-0.043307,1,0,0
0.04,0.54,-0.015151,1,0,0
0.06,0.54,-0.0065227,1,0,0
0.08,0.54,-0.026992,1,0,0
0.1,0.54,-0.034214,1,0,0
0.12,0.54,-0.018962,1,0,0
0.14,0.54,-0.013578,1,0,0
0.16,0.54,-0.011135,1,0,0
0.18,0.54,-0.028078,1,0,0
0.2,0.54,-0.050633,1,0,0
0.22,0.54,-0.052622,1,0,0
0.24,0.54,-0.036061,1,0,0
0.26,0.54,-0.011383,1,0,0
0.28,0.54,0.003631,1,0,0
0.3,0.54,0.0047964,1,0,0
0.32,0.54,0.016255,1,0,0
0.34,0.54,-0.0013328,1,0,0
0.36,0.54,0.021393,1,0,0
0.38,0.54,-0.0067475,1,0,0
0.4,0.54,0.019296,1,0,0
0.42,0.54,0.036017,1,0,0
0.44,0.54,0.037461,1,0,0
0.46,0.54,0.033921,1,0,0
0.48,0.54,0.034064,1,0,0
0.5,0.54,-0.0043587,1,0,0
0.52,0.54,-0.010985,1,0,0
0.54,0.54,-0.018975,1,0,0
0.56,0.54,-0.022158,1,0,0
0.58,0.54,-0.032657,1,0,0
0.6,0.54,-0.024393,1,0,0
0.62,0.54,-0.01798,1,0,0
0.64,0.54,-0.036628,1,0,0
0.66,0.54,-0.044311,1,0,0
0.68,0.54,-0.039214,1,0,0
0.7,0.54,-0.023442,1,0,0
0.72,0.54,-0.030034,1,0,0
0.74,0.54,-0.042448,1,0,0
0.76,0.54,-0.036376,1,0,0
0.78,0.54,-0.027437,1,0,0
0.8,0.54,-0.024814,1,0,0
0.82,0.54,-0.042422,1,0,0
0.84,0.54,-0.060753,1,0,0
0.86,0.54,-0.06298,1,0,0
0.88,0.54,-0.051054,1,0,0
0.9,0.54,-0.039699,1,0,0
0.92,0.54,-0.047565,1,0,0
0.94,0.54,-0.049017,1,0,0
0.96,0.54,-0.054546,1,0,0
0.98,0.54,-0.052257,1,0,0
0.02,0.56,-0.005661,1,0,0
0.04,0.56,-0.02252,1,0,0
0.06,0.56,0.0050026,1,0,0
0.08,0.56,-0.026717,1,0,0
0.1,0.56,-0.026479,1,0,0
0.12,0.56,-0.022776,1,0,0
0.14,0.56,-0.028027,1,0,0
0.16,0.56,-0.02587,1,0,0
0.18,0.56,-0.040926,1,0,0
0.2,0.56,-0.049894,1,0,0
0.22,0.56,-0.03749,1,0,0
0.24,0.56,-0.015175,1,0,0
0.26,0.56,-0.020415,1,0,0
0.28,0.56,0.0040166,1,0,0
0.3,0.56,0.022059,1,0,0
0.32,0.56,0.013138,1,0,0
0.34,0.56,0.016906,1,0,0
0.36,0.56,0.015008,1,0,0
0.38,0.56,-0.012297,1,0,0
0.4,0.56,0.015619,1,0,0
0.42,0.56,0.031013,1,0,0
0.44,0.56,0.043096,1,0,0
0.46,0.56,0.031935,1,0,0
0.48,0.56,0.021016,1,0,0
0.5,0.56,0.0098295,1,0,0
0.52,0.56,-0.015748,1,0,0
0.54,0.56,-0.014165,1,0,0
0.56,0.56,-0.030491,1,0,0
0.58,0.56,-0.037298,1,0,0
0.6,0.56,-0.0080221,1,0,0
0.62,0.56,-0.015335,1,0,0
0.64,0.56,-0.020939,1,0,0
0.66,0.56,-0.048889,1,0,0
0.68,0.56,-0.048583,1,0,0
0.7,0.56,-0.039425,1,0,0
0.72,0.56,-0.031073,1,0,0
0.74,0.56,-0.042234,1,0,0
0.76,0.56,-0.018947,1,0,0
0.78,0.56,-0.025598,1,0,0
0.8,0.56,-0.030962,1,0,0
0.82,0.56,-0.041408,1,0,0
0.84,0.56,-0.039708,1,0,0
0.86,0.56,-0.047149,1,0,0
0.88,0.56,-0.034498,1,0,0
0.9,0.56,-0.041775,1,0,0
0.92,0.56,-0.037078,1,0,0
0.94,0.56,-0.058819,1,0,0
0.96,0.56,-0.058791,1,0,0
0.98,0.56,-0.04555,1,0,0
0.02,0.58,-0.0095676,1,0,0
0.04,0.58,-0.021662,1,0,0
0.06,0.58,0.0012121,1,0,0
0.08,0.58,-0.026267,1,0,0
0.1,0.58,-0.020935,1,0,0
0.12,0.58,-0.051841,1,0,0
0.14,0.58,-0.046246,1,0,0
0.16,0.58,-0.04988,1,0,0
0.18,0.58,-0.042579,1,0,0
0.2,0.58,-0.049674,1,0,0
0.22,0.58,-0.047951,1,0,0
0.24,0.58,-0.041429,1,0,0
0.26,0.58,-0.028771,1,0,0
0.28,0.58,-0.029258,1,0,0
0.3,0.58,-0.0017549,1,0,0
0.32,0.58,0.00083985,1,0,0
0.34,0.58,-0.0023107,1,0,0
0.36,0.58,0.0051377,1,0,0
0.38,0.58,-0.013914,1,0,0
0.4,0.58,0.014758,1,0,0
0.42,0.58,0.042829,1,0,0
0.44,0.58,0.013404,1,0,0
0.46,0.58,0.012481,1,0,0
0.48,0.58,0.012736,1,0,0
0.5,0.58,-0.016947,1,0,0
0.52,0.58,0.0075305,1,0,0
0.54,0.58,-0.013654,1,0,0
0.56,0.58,-0.032015,1,0,0
0.58,0.58,-0.033795,1,0,0
0.6,0.58,-0.017238,1,0,0
0.62,0.58,-0.051692,1,0,0
0.64,0.58,-0.042102,1,0,0
0.66,0.58,-0.05003,1,0,0
0.68,0.58,-0.053288,1,0,0
0.7,0.58,-0.050371,1,0,0
0.72,0.58,-0.031905,1,0,0
0.74,0.58,-0.036358,1,0,0
0.76,0.58,-0.017634,1,0,0
0.78,0.58,-0.0090838,1,0,0
0.8,0.58,-0.020015,1,0,0
0.82,0.58,-0.038853,1,0,0
0.84,0.58,-0.036865,1,0,0
0.86,0.58,-0.038337,1,0,0
0.88,0.58,-0.045496,1,0,0
0.9,0.58,-0.042814,1,0,0
0.92,0.58,-0.028171,1,0,0
0.94,0.58,-0.031612,1,0,0
0.96,0.58,-0.036015,1,0,0
0.98,0.58,-0.041714,1,0,0
0.02,0.6,-0.017382,1,0,0
0.04,0.6,-0.0048057,1,0,0
0.06,0.6,-0.010722,1,0,0
0.08,0.6,-0.0201,1,0,0
0.1,0.6,-0.012687,1,0,0
0.12,0.6,-0.032711,1,0,0
0.14,0.6,-0.049998,1,0,0
0.16,0.6,-0.063392,1,0,0
0.18,0.6,-0.045911,1,0,0
0.2,0.6,-0.082334,1,0,0
0.22,0.6,-0.035908,1,0,0
0.24,0.6,-0.0269,1,0,0
0.26,0.6,-0.024338,1,0,0
0.28,0.6,-0.020093,1,0,0
0.3,0.6,-0.008989,1,0,0
0.32,0.6,-0.010948,1,0,0
0.34,0.6,-0.0056383,1,0,0
0.36,0.6,0.013063,1,0,0
0.38,0.6,-0.005721,1,0,0
0.4,0.6,0.013845,1,0,0
0.42,0.6,0.027468,1,0,0
0.44,0.6,0.028808,1,0,0
0.46,0.6,0.016113,1,0,0
0.48,0.6,0.023202,1,0,0
0.5,0.6,0.0079094,1,0,0
0.52,0.6,0.02235,1,0,0
0.54,0.6,0.0061699,1,0,0
0.56,0.6,-0.0085113,1,0,0
0.58,0.6,-0.045114,1,0,0
0.6,0.6,-0.05321,1,0,0
0.62,0.6,-0.054174,1,0,0
0.64,0.6,-0.030192,1,0,0
0.66,0.6,-0.017465,1,0,0
0.68,0.6,-0.037849,1,0,0
0.7,0.6,-0.027639,1,0,0
0.72,0.6,-0.030746,1,0,0
0.74,0.6,-0.045592,1,0,0
0.76,0.6,-0.011151,1,0,0
0.78,0.6,-0.030474,1,0,0
0.8,0.6,-0.033756,1,0,0
0.82,0.6,-0.027339,1,0,0
0.84,0.6,-0.006591,1,0,0
0.86,0.6,-0.0020987,1,0,0
0.88,0.6,-0.022091,1,0,0
0.9,0.6,-0.030505,1,0,0
0.92,0.6,-0.025447,1,0,0
0.94,0.6,-0.02466,1,0,0
0.96,0.6,0.0019947,1,0,0
0.98,0.6,-0.026819,1,0,0
0.02,0.62,-0.023923,1,0,0
0.04,0.62,-0.039823,1,0,0
0.06,0.62,-0.039043,1,0,0
0.08,0.62,-0.038567,1,0,0
0.1,0.62,-0.040607,1,0,0
0.12,0.62,-0.04691,1,0,0
0.14,0.62,-0.069517,1,0,0
0.16,0.62,-0.063101,1,0,0
0.18,0.62,-0.079077,1,0,0
0.2,0.62,-0.041059,1,0,0
0.22,0.62,-0.06601,1,0,0
0.24,0.62,-0.04828,1,0,0
0.26,0.62,-0.047053,1,0,0
0.28,0.62,-0.054455,1,0,0
0.3,0.62,-0.033937,1,0,0
0.32,0.62,-0.032722,1,0,0
0.34,0.62,-0.039017,1,0,0
0.36,0.62,-0.012892,1,0,0
0.38,0.62,0.008618,1,0,0
0.4,0.62,0.029182,1,0,0
0.42,0.62,0.022082,1,0,0
0.44,0.62,-0.0073706,1,0,0
0.46,0.62,0.012882,1,0,0
0.48,0.62,0.0043254,1,0,0
0.5,0.62,-0.0090106,1,0,0
0.52,0.62,0.012575,1,0,0
0.54,0.62,0.0070276,1,0,0
0.56,0.62,-0.033195,1,0,0
0.58,0.62,-0.046592,1,0,0
0.6,0.62,-0.047748,1,0,0
0.62,0.62,-0.071388,1,0,0
0.64,0.62,-0.043292,1,0,0
0.66,0.62,-0.03648,1,0,0
0.68,0.62,-0.023328,1,0,0
0.7,0.62,-0.037791,1,0,0
0.72,0.62,-0.042917,1,0,0
0.74,0.62,-0.047262,1,0,0
0.76,0.62,-0.044549,1,0,0
0.78,0.62,-0.033719,1,0,0
0.8,0.62,-0.018089,1,0,0
0.82,0.62,-0.0066895,1,0,0
0.84,0.62,-0.021158,1,0,0
0.86,0.62,-0.023128,1,0,0
0.88,0.62,-0.018465,1,0,0
0.9,0.62,-0.042828,1,0,0
0.92,0.62,-0.037919,1,0,0
0.94,0.62,-0.022896,1,0,0
0.96,0.62,-0.021469,1,0,0
0.98,0.62,-0.026047,1,0,0
0.02,0.64,-0.037186,1,0,0
0.04,0.64,-0.056259,1,0,0
0.06,0.64,-0.067608,1,0,0
0.08,0.64,-0.070852,1,0,0
0.1,0.64,-0.078544,1,0,0
0.12,0.64,-0.067145,1,0,0
0.14,0.64,-0.086191,1,0,0
0.16,0.64,-0.078237,1,0,0
0.18,0.64,-0.084933,1,0,0
0.2,0.64,-0.06362,1,0,0
0.22,0.64,-0.06722,1,0,0
0.24,0.64,-0.054703,1,0,0
0.26,0.64,-0.070047,1,0,0
0.28,0.64,-0.063524,1,0,0
0.3,0.64,-0.058848,1,0,0
0.32,0.64,-0.052467,1,0,0
0.34,0.64,-0.039874,1,0,0
0.36,0.64,-0.019722,1,0,0
0.38,0.64,-0.006169,1,0,0
0.4,0.64,0.013091,1,0,0
0.42,0.64,-0.012763,1,0,0
0.44,0.64,-0.022022,1,0,0
0.46,0.64,-0.024075,1,0,0
0.48,0.64,-0.02231,1,0,0
0.5,0.64,-0.015109,1,0,0
0.52,0.64,-0.014553,1,0,0
0.54,0.64,-0.023509,1,0,0
0.56,0.64,-0.027708,1,0,0
0.58,0.64,-0.038989,1,0,0
0.6,0.64,-0.044838,1,0,0
0.62,0.64,-0.050554,1,0,0
0.64,0.64,-0.051639,1,0,0
0.66,0.64,-0.042073,1,0,0
0.68,0.64,-0.035084,1,0,0
0.7,0.64,-0.034972,1,0,0
0.72,0.64,-0.057312,1,0,0
0.74,0.64,-0.056965,1,0,0
0.76,0.64,-0.03529,1,0,0
0.78,0.64,-0.035349,1,0,0
0.8,0.64,-0.032614,1,0,0
0.82,0.64,-0.011745,1,0,0
0.84,0.64,-0.014221,1,0,0
0.86,0.64,-0.028023,1,0,0
0.88,0.64,-0.028289,1,0,0
0.9,0.64,-0.028551,1,0,0
0.92,0.64,-0.025696,1,0,0
0.94,0.64,-0.019158,1,0,0
0.96,0.64,-0.033133,1,0,0
0.98,0.64,-0.040336,1,0,0
0.02,0.66,-0.064821,1,0,0
0.04,0.66,-0.076667,1,0,0
0.06,0.66,-0.10326,1,0,0
0.08,0.66,-0.097572,1,0,0
0.1,0.66,-0.11303,1,0,0
0.12,0.66,-0.097739,1,0,0
0.14,0.66,-0.083373,1,0,0
0.16,0.66,-0.085498,1,0,0
0.18,0.66,-0.08459,1,0,0
0.2,0.66,-0.080709,1,0,0
0.22,0.66,-0.087208,1,0,0
0.24,0.66,-0.079689,1,0,0
0.26,0.66,-0.064581,1,0,0
0.28,0.66,-0.05756,1,0,0
0.3,0.66,-0.067544,1,0,0
0.32,0.66,-0.052621,1,0,0
0.34,0.66,-0.057843,1,0,0
0.36,0.66,-0.023225,1,0,0
0.38,0.66,-0.022323,1,0,0
0.4,0.66,-0.021103,1,0,0
0.42,0.66,-0.029922,1,0,0
0.44,0.66,-0.054221,1,0,0
0.46,0.66,-0.050836,1,0,0
0.48,0.66,-0.040463,1,0,0
0.5,0.66,-0.041325,1,0,0
0.52,0.66,-0.038033,1,0,0
0.54,0.66,-0.05193,1,0,0
0.56,0.66,-0.032859,1,0,0
0.58,0.66,-0.018725,1,0,0
0.6,0.66,-0.039558,1,0,0
0.62,0.66,-0.044138,1,0,0
0.64,0.66,-0.04414,1,0,0
0.66,0.66,-0.031222,1,0,0
0.68,0.66,-0.042005,1,0,0
0.7,0.66,-0.051225,1,0,0
0.72,0.66,-0.081864,1,0,0
0.74,0.66,-0.09867,1,0,0
0.76,0.66,-0.051674,1,0,0
0.78,0.66,-0.051072,1,0,0
0.8,0.66,-0.034807,1,0,0
0.82,0.66,-0.018072,1,0,0
0.84,0.66,-0.0099621,1,0,0
0.86,0.66,-0.014778,1,0,0
0.88,0.66,-0.029429,1,0,0
0.9,0.66,-0.02574,1,0,0
0.92,0.66,-0.031747,1,0,0
0.94,0.66,-0.028097,1,0,0
0.96,0.66,-0.070003,1,0,0
0.98,0.66,-0.087224,1,0,0
0.02,0.68,-0.064319,1,0,0
0.04,0.68,-0.089039,1,0,0
0.06,0.68,-0.092413,1,0,0
0.08,0.68,-0.12573,1,0,0
0.1,0.68,-0.12145,1,0,0
0.12,0.68,-0.083537,1,0,0
0.14,0.68,-0.076241,1,0,0
0.16,0.68,-0.078764,1,0,0
0.18,0.68,-0.089091,1,0,0
0.2,0.68,-0.073904,1,0,0
0.22,0.68,-0.08782,1,0,0
0.24,0.68,-0.08672,1,0,0
0.26,0.68,-0.062716,1,0,0
0.28,0.68,-0.059395,1,0,0
0.3,0.68,-0.082701,1,0,0
0.32,0.68,-0.07737,1,0,0
0.34,0.68,-0.055691,1,0,0
0.36,0.68,-0.043402,1,0,0
0.38,0.68,-0.025524,1,0,0
0.4,0.68,-0.023908,1,0,0
0.42,0.68,-0.041775,1,0,0
0.44,0.68,-0.06057,1,0,0
0.46,0.68,-0.052697,1,0,0
0.48,0.68,-0.067233,1,0,0
0.5,0.68,-0.059208,1,0,0
0.52,0.68,-0.068444,1,0,0
0.54,0.68,-0.063714,1,0,0
0.56,0.68,-0.027939,1,0,0
0.58,0.68,-0.029519,1,0,0
0.6,0.68,-0.033934,1,0,0
0.62,0.68,-0.033748,1,0,0
0.64,0.68,-0.0058132,1,0,0
0.66,0.68,-0.018869,1,0,0
0.68,0.68,-0.021431,1,0,0
0.7,0.68,-0.058148,1,0,0
0.72,0.68,-0.069946,1,0,0
0.74,0.68,-0.08626,1,0,0
0.76,0.68,-0.061876,1,0,0
0.78,0.68,-0.037985,1,0,0
0.8,0.68,-0.025624,1,0,0
0.82,0.68,-0.009504,1,0,0
0.84,0.68,-0.002164,1,0,0
0.86,0.68,0.0033263,1,0,0
0.88,0.68,-0.016712,1,0,0
0.9,0.68,-0.030175,1,0,0
0.92,0.68,-0.028627,1,0,0
0.94,0.68,-0.022706,1,0,0
0.96,0.68,-0.05001,1,0,0
0.98,0.68,-0.088373,1,0,0
0.02,0.7,-0.043201,1,0,0
0.04,0.7,-0.077537,1,0,0
0.06,0.7,-0.084472,1,0,0
0.08,0.7,-0.098089,1,0,0
0.1,0.7,-0.058558,1,0,0
0.12,0.7,-0.055128,1,0,0
0.14,0.7,-0.049352,1,0,0
0.16,0.7,-0.064433,1,0,0
0.18,0.7,-0.050506,1,0,0
0.2,0.7,-0.055894,1,0,0
0.22,0.7,-0.050688,1,0,0
0.24,0.7,-0.073833,1,0,0
0.26,0.7,-0.065223,1,0,0
0.28,0.7,-0.082106,1,0,0
0.3,0.7,-0.064106,1,0,0
0.32,0.7,-0.078115,1,0,0
0.34,0.7,-0.063947,1,0,0
0.36,0.7,-0.036563,1,0,0
0.38,0.7,-0.011522,1,0,0
0.4,0.7,0.0096562,1,0,0
0.42,0.7,-0.025154,1,0,0
0.44,0.7,-0.036361,1,0,0
0.46,0.7,-0.058787,1,0,0
0.48,0.7,-0.053133,1,0,0
0.5,0.7,-0.054022,1,0,0
0.52,0.7,-0.051446,1,0,0
0.54,0.7,-0.046168,1,0,0
0.56,0.7,-0.024746,1,0,0
0.58,0.7,-0.024369,1,0,0
0.6,0.7,-0.016508,1,0,0
0.62,0.7,-0.013915,1,0,0
0.64,0.7,-0.0011202,1,0,0
0.66,0.7,-0.0089685,1,0,0
0.68,0.7,-0.0084089,1,0,0
0.7,0.7,-0.019017,1,0,0
0.72,0.7,-0.042254,1,0,0
0.74,0.7,-0.051958,1,0,0
0.76,0.7,-0.023326,1,0,0
0.78,0.7,-0.012052,1,0,0
0.8,0.7,0.00064574,1,0,0
0.82,0.7,0.01535,1,0,0
0.84,0.7,0.005381,1,0,0
0.86,0.7,-0.02016,1,0,0
0.88,0.7,0.0017877,1,0,0
0.9,0.7,-0.015532,1,0,0
0.92,0.7,-0.0092179,1,0,0
0.94,0.7,-0.004816,1,0,0
0.96,0.7,-0.0072352,1,0,0
0.98,0.7,-0.035649,1,0,0
0.02,0.72,-0.029453,1,0,0
0.04,0.72,-0.066545,1,0,0
0.06,0.72,-0.058692,1,0,0
0.08,0.72,-0.056254,1,0,0
0.1,0.72,-0.025955,1,0,0
0.12,0.72,-0.0384,1,0,0
0.14,0.72,-0.055923,1,0,0
0.16,0.72,-0.059756,1,0,0
0.18,0.72,-0.062011,1,0,0
0.2,0.72,-0.068248,1,0,0
0.22,0.72,-0.052772,1,0,0
0.24,0.72,-0.053055,1,0,0
0.26,0.72,-0.059878,1,0,0
0.28,0.72,-0.063182,1,0,0
0.3,0.72,-0.063916,1,0,0
0.32,0.72,-0.057769,1,0,0
0.34,0.72,-0.056653,1,0,0
0.36,0.72,-0.058091,1,0,0
0.38,0.72,-0.027624,1,0,0
0.4,0.72,-0.0095815,1,0,0
0.42,0.72,-0.023571,1,0,0
0.44,0.72,-0.055607,1,0,0
0.46,0.72,-0.051585,1,0,0
0.48,0.72,-0.064678,1,0,0
0.5,0.72,-0.069395,1,0,0
0.52,0.72,-0.029867,1,0,0
0.54,0.72,-0.039326,1,0,0
0.56,0.72,-0.034302,1,0,0
0.58,0.72,-0.032176,1,0,0
0.6,0.72,-0.0031479,1,0,0
0.62,0.72,-0.003508,1,0,0
0.64,0.72,-0.0042769,1,0,0
0.66,0.72,0.021345,1,0,0
0.68,0.72,0.01186,1,0,0
0.7,0.72,-0.024539,1,0,0
0.72,0.72,-0.034755,1,0,0
0.74,0.72,-0.04347,1,0,0
0.76,0.72,-0.020477,1,0,0
0.78,0.72,-0.014388,1,0,0
0.8,0.72,0.0049446,1,0,0
0.82,0.72,0.011632,1,0,0
0.84,0.72,0.027199,1,0,0
0.86,0.72,0.0022938,1,0,0
0.88,0.72,-0.001359,1,0,0
0.9,0.72,0.0025209,1,0,0
0.92,0.72,0.0015319,1,0,0
0.94,0.72,0.0090618,1,0,0
0.96,0.72,0.012984,1,0,0
0.98,0.72,-0.021127,1,0,0
0.02,0.74,-0.015374,1,0,0
0.04,0.74,-0.043859,1,0,0
0.06,0.74,-0.043975,1,0,0
0.08,0.74,-0.036092,1,0,0
0.1,0.74,-0.029702,1,0,0
0.12,0.74,-0.038107,1,0,0
0.14,0.74,-0.065446,1,0,0
0.16,0.74,-0.056519,1,0,0
0.18,0.74,-0.0818,1,0,0
0.2,0.74,-0.096572,1,0,0
0.22,0.74,-0.079567,1,0,0
0.24,0.74,-0.050336,1,0,0
0.26,0.74,-0.068835,1,0,0
0.28,0.74,-0.05583,1,0,0
0.3,0.74,-0.064982,1,0,0
0.32,0.74,-0.072485,1,0,0
0.34,0.74,-0.077333,1,0,0
0.36,0.74,-0.066402,1,0,0
0.38,0.74,-0.066087,1,0,0
0.4,0.74,-0.058922,1,0,0
0.42,0.74,-0.049275,1,0,0
0.44,0.74,-0.066551,1,0,0
0.46,0.74,-0.076951,1,0,0
0.48,0.74,-0.086487,1,0,0
0.5,0.74,-0.081718,1,0,0
0.52,0.74,-0.059419,1,0,0
0.54,0.74,-0.041752,1,0,0
0.56,0.74,-0.042628,1,0,0
0.58,0.74,-0.043821,1,0,0
0.6,0.74,-0.019434,1,0,0
0.62,0.74,-0.018568,1,0,0
0.64,0.74,0.0047113,1,0,0
0.66,0.74,0.016022,1,0,0
0.68,0.74,-0.0074257,1,0,0
0.7,0.74,-0.029567,1,0,0
0.72,0.74,-0.046721,1,0,0
0.74,0.74,-0.051603,1,0,0
0.76,0.74,-0.0072381,1,0,0
0.78,0.74,-0.013305,1,0,0
0.8,0.74,-0.016133,1,0,0
0.82,0.74,0.0061109,1,0,0
0.84,0.74,0.015756,1,0,0
0.86,0.74,0.012516,1,0,0
0.88,0.74,-0.004335,1,0,0
0.9,0.74,-0.00237,1,0,0
0.92,0.74,0.0021296,1,0,0
0.94,0.74,0.0098506,1,0,0
0.96,0.74,0.019183,1,0,0
0.98,0.74,-0.014197,1,0,0
0.02,0.76,-0.0063557,1,0,0
0.04,0.76,-0.003598,1,0,0
0.06,0.76,-0.0012607,1,0,0
0.08,0.76,-0.031462,1,0,0
0.1,0.76,-0.024923,1,0,0
0.12,0.76,-0.024746,1,0,0
0.14,0.76,-0.039598,1,0,0
0.16,0.76,-0.048816,1,0,0
0.18,0.76,-0.070681,1,0,0
0.2,0.76,-0.065649,1,0,0
0.22,0.76,-0.064193,1,0,0
0.24,0.76,-0.059284,1,0,0
0.26,0.76,-0.045581,1,0,0
0.28,0.76,-0.040283,1,0,0
0.3,0.76,-0.043443,1,0,0
0.32,0.76,-0.054552,1,0,0
0.34,0.76,-0.068514,1,0,0
0.36,0.76,-0.050744,1,0,0
0.38,0.76,-0.089503,1,0,0
0.4,0.76,-0.046849,1,0,0
0.42,0.76,-0.059008,1,0,0
0.44,0.76,-0.06278,1,0,0
0.46,0.76,-0.084574,1,0,0
0.48,0.76,-0.077651,1,0,0
0.5,0.76,-0.087598,1,0,0
0.52,0.76,-0.063349,1,0,0
0.54,0.76,-0.038729,1,0,0
0.56,0.76,-0.040049,1,0,0
0.58,0.76,-0.022397,1,0,0
0.6,0.76,-0.016375,1,0,0
0.62,0.76,-0.0013161,1,0,0
0.64,0.76,0.019738,1,0,0
0.66,0.76,0.010141,1,0,0
0.68,0.76,-0.013349,1,0,0
0.7,0.76,-0.015511,1,0,0
0.72,0.76,-0.012419,1,0,0
0.74,0.76,-0.014991,1,0,0
0.76,0.76,-0.019489,1,0,0
0.78,0.76,0.01957,1,0,0
0.8,0.76,0.00081401,1,0,0
0.82,0.76,-0.015162,1,0,0
0.84,0.76,-0.014176,1,0,0
0.86,0.76,-0.0066254,1,0,0
0.88,0.76,-0.010605,1,0,0
0.9,0.76,0.001116,1,0,0
0.92,0.76,0.017417,1,0,0
0.94,0.76,0.036577,1,0,0
0.96,0.76,0.016638,1,0,0
0.98,0.76,0.0041659,1,0,0
0.02,0.78,0.020635,1,0,0
0.04,0.78,0.0095719,1,0,0
0.06,0.78,0.0066153,1,0,0
0.08,0.78,-0.015658,1,0,0
0.1,0.78,-0.021425,1,0,0
0.12,0.78,-0.004715,1,0,0
0.14,0.78,-0.032866,1,0,0
0.16,0.78,-0.045598,1,0,0
0.18,0.78,-0.056034,1,0,0
0.2,0.78,-0.055118,1,0,0
0.22,0.78,-0.059654,1,0,0
0.24,0.78,-0.031443,1,0,0
0.26,0.78,-0.052287,1,0,0
0.28,0.78,-0.025338,1,0,0
0.3,0.78,-0.038206,1,0,0
0.32,0.78,-0.04903,1,0,0
0.34,0.78,-0.057441,1,0,0
0.36,0.78,-0.059988,1,0,0
0.38,0.78,-0.088842,1,0,0
0.4,0.78,-0.071564,1,0,0
0.42,0.78,-0.058869,1,0,0
0.44,0.78,-0.075718,1,0,0
0.46,0.78,-0.087347,1,0,0
0.48,0.78,-0.074261,1,0,0
0.5,0.78,-0.076808,1,0,0
0.52,0.78,-0.068994,1,0,0
0.54,0.78,-0.062668,1,0,0
0.56,0.78,-0.048721,1,0,0
0.58,0.78,-0.03643,1,0,0
0.6,0.78,0.0070342,1,0,0
0.62,0.78,0.0087285,1,0,0
0.64,0.78,0.028096,1,0,0
0.66,0.78,0.01791,1,0,0
0.68,0.78,-0.0050137,1,0,0
0.7,0.78,0.020567,1,0,0
0.72,0.78,0.014774,1,0,0
0.74,0.78,-0.017119,1,0,0
0.76,0.78,-0.0069015,1,0,0
0.78,0.78,0.01671,1,0,0
0.8,0.78,0.0033111,1,0,0
0.82,0.78,-0.0044691,1,0,0
0.84,0.78,-0.031776,1,0,0
0.86,0.78,-0.0039146,1,0,0
0.88,0.78,-0.015765,1,0,0
0.9,0.78,0.011985,1,0,0
0.92,0.78,0.020657,1,0,0
0.94,0.78,0.020563,1,0,0
0.96,0.78,0.0051529,1,0,0
0.98,0.78,0.016203,1,0,0
0.02,0.8,0.013539,1,0,0
0.04,0.8,0.016723,1,0,0
0.06,0.8,0.0078989,1,0,0
0.08,0.8,-0.0020213,1,0,0
0.1,0.8,-0.0071011,1,0,0
0.12,0.8,-0.023842,1,0,0
0.14,0.8,-0.020704,1,0,0
0.16,0.8,-0.01381,1,0,0
0.18,0.8,-0.027311,1,0,0
0.2,0.8,-0.062596,1,0,0
0.22,0.8,-0.052565,1,0,0
0.24,0.8,-0.015623,1,0,0
0.26,0.8,-0.01633,1,0,0
0.28,0.8,-0.032282,1,0,0
0.3,0.8,-0.034945,1,0,0
0.32,0.8,-0.038064,1,0,0
0.34,0.8,-0.062684,1,0,0
0.36,0.8,-0.048273,1,0,0
0.38,0.8,-0.074777,1,0,0
0.4,0.8,-0.074773,1,0,0
0.42,0.8,-0.061329,1,0,0
0.44,0.8,-0.082271,1,0,0
0.46,0.8,-0.084287,1,0,0
0.48,0.8,-0.072197,1,0,0
0.5,0.8,-0.088288,1,0,0
0.52,0.8,-0.051785,1,0,0
0.54,0.8,-0.054317,1,0,0
0.56,0.8,-0.047713,1,0,0
0.58,0.8,-0.031866,1,0,0
0.6,0.8,0.0032166,1,0,0
0.62,0.8,0.013675,1,0,0
0.64,0.8,0.014327,1,0,0
0.66,0.8,0.030135,1,0,0
0.68,0.8,0.043216,1,0,0
0.7,0.8,0.037702,1,0,0
0.72,0.8,0.0048919,1,0,0
0.74,0.8,-0.01245,1,0,0
0.76,0.8,-0.0014451,1,0,0
0.78,0.8,-0.012173,1,0,0
0.8,0.8,-0.0036251,1,0,0
0.82,0.8,-0.0055198,1,0,0
0.84,0.8,-0.023297,1,0,0
0.86,0.8,-0.035212,1,0,0
0.88,0.8,-0.023145,1,0,0
0.9,0.8,0.0079854,1,0,0
0.92,0.8,0.0032446,1,0,0
0.94,0.8,0.014142,1,0,0
0.96,0.8,0.013817,1,0,0
0.98,0.8,0.013782,1,0,0
0.02,0.82,0.023782,1,0,0
0.04,0.82,0.0092585,1,0,0
0.06,0.82,0.035092,1,0,0
0.08,0.82,0.0075397,1,0,0
0.1,0.82,-0.02307,1,0,0
0.12,0.82,-0.02308,1,0,0
0.14,0.82,-0.0073962,1,0,0
0.16,0.82,-0.018105,1,0,0
0.18,0.82,-0.022386,1,0,0
0.2,0.82,-0.048981,1,0,0
0.22,0.82,-0.039234,1,0,0
0.24,0.82,-0.0097246,1,0,0
0.26,0.82,0.0061288,1,0,0
0.28,0.82,-0.045424,1,0,0
0.3,0.82,-0.053152,1,0,0
0.32,0.82,-0.057951,1,0,0
0.34,0.82,-0.044779,1,0,0
0.36,0.82,-0.041282,1,0,0
0.38,0.82,-0.053753,1,0,0
0.4,0.82,-0.053323,1,0,0
0.42,0.82,-0.083621,1,0,0
0.44,0.82,-0.079994,1,0,0
0.46,0.82,-0.081822,1,0,0
0.48,0.82,-0.078147,1,0,0
0.5,0.82,-0.085956,1,0,0
0.52,0.82,-0.056433,1,0,0
0.54,0.82,-0.023045,1,0,0
0.56,0.82,-0.030653,1,0,0
0.58,0.82,-0.031596,1,0,0
0.6,0.82,0.0095016,1,0,0
0.62,0.82,0.0045712,1,0,0
0.64,0.82,0.013178,1,0,0
0.66,0.82,0.021586,1,0,0
0.68,0.82,0.047781,1,0,0
0.7,0.82,0.029427,1,0,0
0.72,0.82,-0.002711,1,0,0
0.74,0.82,-0.004554,1,0,0
0.76,0.82,-0.0023221,1,0,0
0.78,0.82,-0.026018,1,0,0
0.8,0.82,-0.0088188,1,0,0
0.82,0.82,-0.0086857,1,0,0
0.84,0.82,-0.026044,1,0,0
0.86,0.82,-0.036366,1,0,0
0.88,0.82,-0.018793,1,0,0
0.9,0.82,-0.035097,1,0,0
0.92,0.82,0.0025956,1,0,0
0.94,0.82,-0.0012388,1,0,0
0.96,0.82,0.016255,1,0,0
0.98,0.82,0.027951,1,0,0
0.02,0.84,0.040298,1,0,0
0.04,0.84,0.023147,1,0,0
0.06,0.84,0.027946,1,0,0
0.08,0.84,-0.0035921,1,0,0
0.1,0.84,-0.021806,1,0,0
0.12,0.84,-0.033161,1,0,0
0.14,0.84,-0.034743,1,0,0
0.16,0.84,-0.028489,1,0,0
0.18,0.84,-0.039927,1,0,0
0.2,0.84,-0.026956,1,0,0
0.22,0.84,-0.03681,1,0,0
0.24,0.84,-0.012732,1,0,0
0.26,0.84,-0.022564,1,0,0
0.28,0.84,-0.048085,1,0,0
0.3,0.84,-0.032109,1,0,0
0.32,0.84,-0.053294,1,0,0
0.34,0.84,-0.062616,1,0,0
0.36,0.84,-0.051141,1,0,0
0.38,0.84,-0.053876,1,0,0
0.4,0.84,-0.081305,1,0,0
0.42,0.84,-0.070057,1,0,0
0.44,0.84,-0.096484,1,0,0
0.46,0.84,-0.095804,1,0,0
0.48,0.84,-0.094175,1,0,0
0.5,0.84,-0.063495,1,0,0
0.52,0.84,-0.047828,1,0,0
0.54,0.84,-0.027655,1,0,0
0.56,0.84,-0.0095747,1,0,0
0.58,0.84,-0.010955,1,0,0
0.6,0.84,0.0052397,1,0,0
0.62,0.84,0.010862,1,0,0
0.64,0.84,0.027309,1,0,0
0.66,0.84,-0.0082269,1,0,0
0.68,0.84,0.026254,1,0,0
0.7,0.84,0.01061,1,0,0
0.72,0.84,-0.015141,1,0,0
0.74,0.84,-0.049462,1,0,0
0.76,0.84,-0.042008,1,0,0
0.78,0.84,-0.042731,1,0,0
0.8,0.84,-0.0031198,1,0,0
0.82,0.84,-0.0036952,1,0,0
0.84,0.84,-0.015806,1,0,0
0.86,0.84,-0.034283,1,0,0
0.88,0.84,0.0021113,1,0,0
0.9,0.84,-0.02038,1,0,0
0.92,0.84,-0.009165,1,0,0
0.94,0.84,-0.011108,1,0,0
0.96,0.84,0.0014303,1,0,0
0.98,0.84,0.0096627,1,0,0
0.02,0.86,0.024215,1,0,0
0.04,0.86,0.026515,1,0,0
0.06,0.86,0.034034,1,0,0
0.08,0.86,0.010401,1,0,0
0.1,0.86,-0.015664,1,0,0
0.12,0.86,-0.0044805,1,0,0
0.14,0.86,-0.018052,1,0,0
0.16,0.86,-0.055786,1,0,0
0.18,0.86,-0.027704,1,0,0
0.2,0.86,-0.02722,1,0,0
0.22,0.86,-0.027488,1,0,0
0.24,0.86,-0.027567,1,0,0
0.26,0.86,-0.022901,1,0,0
0.28,0.86,-0.024497,1,0,0
0.3,0.86,-0.037685,1,0,0
0.32,0.86,-0.031474,1,0,0
0.34,0.86,-0.04066,1,0,0
0.36,0.86,-0.059635,1,0,0
0.38,0.86,-0.079067,1,0,0
0.4,0.86,-0.078752,1,0,0
0.42,0.86,-0.070158,1,0,0
0.44,0.86,-0.07556,1,0,0
0.46,0.86,-0.077572,1,0,0
0.48,0.86,-0.058965,1,0,0
0.5,0.86,-0.025724,1,0,0
0.52,0.86,-0.014792,1,0,0
0.54,0.86,-0.025401,1,0,0
0.56,0.86,-0.0059299,1,0,0
0.58,0.86,-0.0055746,1,0,0
0.6,0.86,0.00086098,1,0,0
0.62,0.86,0.014827,1,0,0
0.64,0.86,0.010864,1,0,0
0.66,0.86,0.0030935,1,0,0
0.68,0.86,-0.0083605,1,0,0
0.7,0.86,-0.0066819,1,0,0
0.72,0.86,-0.0091926,1,0,0
0.74,0.86,-0.055785,1,0,0
0.76,0.86,-0.048589,1,0,0
0.78,0.86,-0.055794,1,0,0
0.8,0.86,-0.015144,1,0,0
0.82,0.86,-0.039565,1,0,0
0.84,0.86,-0.014951,1,0,0
0.86,0.86,0.0029606,1,0,0
0.88,0.86,0.0087904,1,0,0
0.9,0.86,-0.015633,1,0,0
0.92,0.86,-0.0022486,1,0,0
0.94,0.86,-0.001688,1,0,0
0.96,0.86,-0.023887,1,0,0
0.98,0.86,-0.0038223,1,0,0
0.02,0.88,0.028632,1,0,0
0.04,0.88,0.031733,1,0,0
0.06,0.88,0.028206,1,0,0
0.08,0.88,0.007024,1,0,0
0.1,0.88,-0.015717,1,0,0
0.12,0.88,-0.020389,1,0,0
0.14,0.88,-0.01907,1,0,0
0.16,0.88,-0.011949,1,0,0
0.18,0.88,-0.010249,1,0,0
0.2,0.88,-0.019208,1,0,0
0.22,0.88,-0.040724,1,0,0
0.24,0.88,-0.036355,1,0,0
0.26,0.88,-0.032314,1,0,0
0.28,0.88,-0.044984,1,0,0
0.3,0.88,-0.041848,1,0,0
0.32,0.88,-0.041317,1,0,0
0.34,0.88,-0.061464,1,0,0
0.36,0.88,-0.063898,1,0,0
0.38,0.88,-0.08581,1,0,0
0.4,0.88,-0.076693,1,0,0
0.42,0.88,-0.060595,1,0,0
0.44,0.88,-0.046435,1,0,0
0.46,0.88,-0.064714,1,0,0
0.48,0.88,-0.052937,1,0,0
0.5,0.88,-0.030527,1,0,0
0.52,0.88,-0.014051,1,0,0
0.54,0.88,-0.011357,1,0,0
0.56,0.88,0.0057211,1,0,0
0.58,0.88,-0.0026349,1,0,0
0.6,0.88,-0.010048,1,0,0
0.62,0.88,-0.015354,1,0,0
0.64,0.88,0.0033114,1,0,0
0.66,0.88,-0.012948,1,0,0
0.68,0.88,-0.011966,1,0,0
0.7,0.88,-0.021239,1,0,0
0.72,0.88,-0.03231,1,0,0
0.74,0.88,-0.027063,1,0,0
0.76,0.88,-0.018455,1,0,0
0.78,0.88,-0.025128,1,0,0
0.8,0.88,-0.044546,1,0,0
0.82,0.88,-0.037607,1,0,0
0.84,0.88,-0.028542,1,0,0
0.86,0.88,-0.01173,1,0,0
0.88,0.88,-0.012624,1,0,0
0.9,0.88,-0.01658,1,0,0
0.92,0.88,-0.0010134,1,0,0
0.94,0.88,0.025379,1,0,0
0.96,0.88,0.0070373,1,0,0
0.98,0.88,0.011607,1,0,0
0.02,0.9,0.015918,1,0,0
0.04,0.9,0.01279,1,0,0
0.06,0.9,0.0078719,1,0,0
0.08,0.9,-0.001117,1,0,0
0.1,0.9,-0.0094764,1,0,0
0.12,0.9,-0.01874,1,0,0
0.14,0.9,-0.043417,1,0,0
0.16,0.9,-0.01331,1,0,0
0.18,0.9,-0.032289,1,0,0
0.2,0.9,-0.027798,1,0,0
0.22,0.9,-0.033146,1,0,0
0.24,0.9,-0.021072,1,0,0
0.26,0.9,-0.044797,1,0,0
0.28,0.9,-0.049212,1,0,0
0.3,0.9,-0.04249,1,0,0
0.32,0.9,-0.050501,1,0,0
0.34,0.9,-0.07894,1,0,0
0.36,0.9,-0.087635,1,0,0
0.38,0.9,-0.095424,1,0,0
0.4,0.9,-0.082499,1,0,0
0.42,0.9,-0.091896,1,0,0
0.44,0.9,-0.05398,1,0,0
0.46,0.9,-0.039823,1,0,0
0.48,0.9,-0.045964,1,0,0
0.5,0.9,-0.032615,1,0,0
0.52,0.9,-0.022195,1,0,0
0.54,0.9,-0.016331,1,0,0
0.56,0.9,-0.021564,1,0,0
0.58,0.9,-0.028713,1,0,0
0.6,0.9,-0.019246,1,0,0
0.62,0.9,-0.022482,1,0,0
0.64,0.9,-0.01349,1,0,0
0.66,0.9,-0.027966,1,0,0
0.68,0.9,-0.018042,1,0,0
0.7,0.9,-0.04576,1,0,0
0.72,0.9,-0.045659,1,0,0
0.74,0.9,-0.023807,1,0,0
0.76,0.9,-0.035915,1,0,0
0.78,0.9,-0.046756,1,0,0
0.8,0.9,-0.071611,1,0,0
0.82,0.9,-0.047857,1,0,0
0.84,0.9,-0.026549,1,0,0
0.86,0.9,-0.020712,1,0,0
0.88,0.9,-0.011179,1,0,0
0.9,0.9,-0.010791,1,0,0
0.92,0.9,-0.027433,1,0,0
0.94,0.9,-0.0065333,1,0,0
0.96,0.9,-0.0025066,1,0,0
0.98,0.9,-0.0040654,1,0,0
0.02,0.92,-0.0070714,1,0,0
0.04,0.92,0.0045524,1,0,0
0.06,0.92,-0.0079582,1,0,0
0.08,0.92,-0.0079648,1,0,0
0.1,0.92,-0.014158,1,0,0
0.12,0.92,-0.01931,1,0,0
0.14,0.92,-0.043287,1,0,0
0.16,0.92,-0.058807,1,0,0
0.18,0.92,-0.037949,1,0,0
0.2,0.92,-0.032224,1,0,0
0.22,0.92,-0.026452,1,0,0
0.24,0.92,-0.034817,1,0,0
0.26,0.92,-0.040514,1,0,0
0.28,0.92,-0.013924,1,0,0
0.3,0.92,-0.018783,1,0,0
0.32,0.92,-0.033459,1,0,0
0.34,0.92,-0.073994,1,0,0
0.36,0.92,-0.1043,1,0,0
0.38,0.92,-0.11652,1,0,0
0.4,0.92,-0.08889,1,0,0
0.42,0.92,-0.10212,1,0,0
0.44,0.92,-0.0949,1,0,0
0.46,0.92,-0.0683,1,0,0
0.48,0.92,-0.037365,1,0,0
0.5,0.92,-0.049333,1,0,0
0.52,0.92,-0.02057,1,0,0
0.54,0.92,-0.01676,1,0,0
0.56,0.92,-0.028493,1,0,0
0.58,0.92,-0.039003,1,0,0
0.6,0.92,-0.019318,1,0,0
0.62,0.92,-0.033215,1,0,0
0.64,0.92,-0.044228,1,0,0
0.66,0.92,-0.01888,1,0,0
0.68,0.92,-0.029803,1,0,0
0.7,0.92,-0.025732,1,0,0
0.72,0.92,-0.04024,1,0,0
0.74,0.92,-0.057643,1,0,0
0.76,0.92,-0.054106,1,0,0
0.78,0.92,-0.064342,1,0,0
0.8,0.92,-0.061201,1,0,0
0.82,0.92,-0.051358,1,0,0
0.84,0.92,-0.039114,1,0,0
0.86,0.92,-0.035516,1,0,0
0.88,0.92,-0.013332,1,0,0
0.9,0.92,-0.0047706,1,0,0
0.92,0.92,-0.018826,1,0,0
0.94,0.92,-0.015104,1,0,0
0.96,0.92,-0.022941,1,0,0
0.98,0.92,-0.031127,1,0,0
0.02,0.94,-0.0065027,1,0,0
0.04,0.94,0.0049659,1,0,0
0.06,0.94,0.010525,1,0,0
0.08,0.94,-0.010885,1,0,0
0.1,0.94,0.010619,1,0,0
0.12,0.94,-0.010448,1,0,0
0.14,0.94,-0.034246,1,0,0
0.16,0.94,-0.027052,1,0,0
0.18,0.94,-0.034095,1,0,0
0.2,0.94,-0.025209,1,0,0
0.22,0.94,-0.007518,1,0,0
0.24,0.94,-0.00029421,1,0,0
0.26,0.94,-0.009606,1,0,0
0.28,0.94,0.010265,1,0,0
0.3,0.94,-0.015883,1,0,0
0.32,0.94,-0.047378,1,0,0
0.34,0.94,-0.05188,1,0,0
0.36,0.94,-0.074181,1,0,0
0.38,0.94,-0.095229,1,0,0
0.4,0.94,-0.088721,1,0,0
0.42,0.94,-0.079293,1,0,0
0.44,0.94,-0.094342,1,0,0
0.46,0.94,-0.064179,1,0,0
0.48,0.94,-0.03221,1,0,0
0.5,0.94,-0.033883,1,0,0
0.52,0.94,-0.025253,1,0,0
0.54,0.94,-0.032533,1,0,0
0.56,0.94,-0.012983,1,0,0
0.58,0.94,-0.019228,1,0,0
0.6,0.94,-0.012307,1,0,0
0.62,0.94,-0.031252,1,0,0
0.64,0.94,-0.024382,1,0,0
0.66,0.94,-0.021728,1,0,0
0.68,0.94,-0.016546,1,0,0
0.7,0.94,-0.021989,1,0,0
0.72,0.94,-0.023615,1,0,0
0.74,0.94,-0.032222,1,0,0
0.76,0.94,-0.030714,1,0,0
0.78,0.94,-0.031017,1,0,0
0.8,0.94,-0.04955,1,0,0
0.82,0.94,-0.040198,1,0,0
0.84,0.94,-0.0078567,1,0,0
0.86,0.94,-0.021098,1,0,0
0.88,0.94,-0.0083837,1,0,0
0.9,0.94,0.0036693,1,0,0
0.92,0.94,-0.013758,1,0,0
0.94,0.94,-0.0019148,1,0,0
0.96,0.94,0.0044303,1,0,0
0.98,0.94,-0.047203,1,0,0
0.02,0.96,-0.011397,1,0,0
0.04,0.96,-0.0034804,1,0,0
0.06,0.96,0.021414,1,0,0
0.08,0.96,-0.0094355,1,0,0
0.1,0.96,-0.011454,1,0,0
0.12,0.96,-0.0086553,1,0,0
0.14,0.96,0.0060679,1,0,0
0.16,0.96,0.00019797,1,0,0
0.18,0.96,-0.0014614,1,0,0
0.2,0.96,-0.0059889,1,0,0
0.22,0.96,-0.010583,1,0,0
0.24,0.96,-0.0027643,1,0,0
0.26,0.96,0.021979,1,0,0
0.28,0.96,0.026913,1,0,0
0.3,0.96,-0.00096031,1,0,0
0.32,0.96,-0.035642,1,0,0
0.34,0.96,-0.033315,1,0,0
0.36,0.96,-0.049009,1,0,0
0.38,0.96,-0.078544,1,0,0
0.4,0.96,-0.055679,1,0,0
0.42,0.96,-0.063456,1,0,0
0.44,0.96,-0.058279,1,0,0
0.46,0.96,-0.043641,1,0,0
0.48,0.96,-0.027505,1,0,0
0.5,0.96,-0.040552,1,0,0
0.52,0.96,-0.054249,1,0,0
0.54,0.96,-0.021517,1,0,0
0.56,0.96,-0.024093,1,0,0
0.58,0.96,0.0024849,1,0,0
0.6,0.96,-0.0028257,1,0,0
0.62,0.96,-0.043922,1,0,0
0.64,0.96,-0.0027442,1,0,0
0.66,0.96,0.0010986,1,0,0
0.68,0.96,-0.009957,1,0,0
0.7,0.96,-0.019156,1,0,0
0.72,0.96,-0.020528,1,0,0
0.74,0.96,-0.04569,1,0,0
0.76,0.96,-0.0176,1,0,0
0.78,0.96,-0.017295,1,0,0
0.8,0.96,-0.030409,1,0,0
0.82,0.96,-0.043,1,0,0
0.84,0.96,-0.0054203,1,0,0
0.86,0.96,-0.0099173,1,0,0
0.88,0.96,-0.010107,1,0,0
0.9,0.96,-0.021866,1,0,0
0.92,0.96,0.021885,1,0,0
0.94,0.96,0.011817,1,0,0
0.96,0.96,-0.018028,1,0,0
0.98,0.96,-0.041472,1,0,0
0.02,0.98,-0.028597,1,0,0
0.04,0.98,-0.0080161,1,0,0
0.06,0.98,-0.005503,1,0,0
0.08,0.98,-0.008142,1,0,0
0.1,0.98,0.028167,1,0,0
0.12,0.98,0.016034,1,0,0
0.14,0.98,0.024543,1,0,0
0.16,0.98,0.0071567,1,0,0
0.18,0.98,-6.9768e-05,1,0,0
0.2,0.98,-0.027155,1,0,0
0.22,0.98,-0.0017527,1,0,0
0.24,0.98,-0.0038856,1,0,0
0.26,0.98,0.0019271,1,0,0
0.28,0.98,0.014366,1,0,0
0.3,0.98,0.020944,1,0,0
0.32,0.98,-0.0094278,1,0,0
0.34,0.98,-0.037813,1,0,0
0.36,0.98,-0.036243,1,0,0
0.38,0.98,-0.062987,1,0,0
0.4,0.98,-0.054146,1,0,0
0.42,0.98,-0.059079,1,0,0
0.44,0.98,-0.040901,1,0,0
0.46,0.98,-0.016449,1,0,0
0.48,0.98,6.3185e-05,1,0,0
0.5,0.98,-0.034963,1,0,0
0.52,0.98,-0.040223,1,0,0
0.54,0.98,-0.056579,1,0,0
0.56,0.98,-0.045287,1,0,0
0.58,0.98,-0.019374,1,0,0
0.6,0.98,-0.012443,1,0,0
0.62,0.98,-0.017152,1,0,0
0.64,0.98,-0.0036828,1,0,0
0.66,0.98,-0.01598,1,0,0
0.68,0.98,-0.015436,1,0,0
0.7,0.98,-0.011647,1,0,0
0.72,0.98,-0.017341,1,0,0
0.74,0.98,-0.032583,1,0,0
0.76,0.98,-0.023776,1,0,0
0.78,0.98,-0.02183,1,0,0
0.8,0.98,-0.042731,1,0,0
0.82,0.98,-0.035525,1,0,0
0.84,0.98,-0.0016332,1,0,0
0.86,0.98,-0.0027449,1,0,0
0.88,0.98,0.0085024,1,0,0
0.9,0.98,0.033224,1,0,0
0.92,0.98,0.014975,1,0,0
0.94,0.98,0.001578,1,0,0
0.96,0.98,-0.015908,1,0,0
0.98,0.98,-0.05055,1,0,0
0,0,-0.029011,-1,0,0
0.02,0,-0.029011,-1,0,0
0.04,0,-0.013275,-1,0,0
0.06,0,-0.021768,-1,0,0
0.08,0,-0.015924,-1,0,0
0.1,0,-0.013512,-1,0,0
0.12,0,-0.0019101,-1,0,0
0.14,0,-0.0011694,-1,0,0
0.16,0,0.010879,-1,0,0
0.18,0,0.014578,-1,0,0
0.2,0,0.016488,-1,0,0
0.22,0,-0.00517,-1,0,0
0.24,0,0.011172,-1,0,0
0.26,0,-0.019088,-1,0,0
0.28,0,-0.013104,-1,0,0
0.3,0,-0.023287,-1,0,0
0.32,0,-0.0098725,-1,0,0
0.34,0,-0.0095318,-1,0,0
0.36,0,-0.026799,-1,0,0
0.38,0,-0.040793,-1,0,0
0.4,0,-0.026248,-1,0,0
0.42,0,-0.012198,-1,0,0
0.44,0,-0.0401,-1,0,0
0.46,0,-0.043216,-1,0,0
0.48,0,-0.041826,-1,0,0
0.5,0,-0.060447,-1,0,0
0.52,0,-0.022286,-1,0,0
0.54,0,-0.027042,-1,0,0
0.56,0,-0.038451,-1,0,0
0.58,0,-0.02842,-1,0,0
0.6,0,-0.0054102,-1,0,0
0.62,0,-0.0070994,-1,0,0
0.64,0,-0.0078844,-1,0,0
0.66,0,-0.016732,-1,0,0
0.68,0,-0.041512,-1,0,0
0.7,0,-0.051722,-1,0,0
0.72,0,-0.058933,-1,0,0
0.74,0,-0.066464,-1,0,0
0.76,0,-0.069087,-1,0,0
0.78,0,-0.052693,-1,0,0
0.8,0,-0.044069,-1,0,0
0.82,0,-0.028496,-1,0,0
0.84,0,-0.0017988,-1,0,0
0.86,0,0.012496,-1,0,0
0.88,0,0.0035679,-1,0,0
0.9,0,0.014735,-1,0,0
0.92,0,-0.014467,-1,0,0
0.94,0,-0.0080251,-1,0,0
0.96,0,-0.01681,-1,0,0
0.98,0,-0.0058238,-1,0,0
1,0,-0.0047566,-1,0,0
1,0.02,-0.041896,-1,0,0
1,0.04,-0.013467,-1,0,0
1,0.06,0.0036645,-1,0,0
1,0.08,0.0023112,-1,0,0
1,0.1,-0.034544,-1,0,0
1,0.12,-0.044159,-1,0,0
1,0.14,-0.030494,-1,0,0
1,0.16,-0.030743,-1,0,0
1,0.18,-0.004711,-1,0,0
1,0.2,0.011962,-1,0,0
1,0.22,-0.028421,-1,0,0
1,0.24,-0.015269,-1,0,0
1,0.26,-0.018095,-1,0,0
1,0.28,-0.0141,-1,0,0
1,0.3,-0.062184,-1,0,0
1,0.32,-0.044215,-1,0,0
1,0.34,-0.05621,-1,0,0
1,0.36,-0.055974,-1,0,0
1,0.38,-0.097183,-1,0,0
1,0.4,-0.072057,-1,0,0
1,0.42,-0.067747,-1,0,0
1,0.44,-0.034536,-1,0,0
1,0.46,-0.033544,-1,0,0
1,0.48,-0.024384,-1,0,0
1,0.5,-0.048446,-1,0,0
1,0.52,-0.032237,-1,0,0
1,0.54,-0.0401,-1,0,0
1,0.56,-0.053897,-1,0,0
1,0.58,-0.028926,-1,0,0
1,0.6,-0.044129,-1,0,0
1,0.62,-0.035735,-1,0,0
1,0.64,-0.05258,-1,0,0
1,0.66,-0.074736,-1,0,0
1,0.68,-0.065217,-1,0,0
1,0.7,-0.041394,-1,0,0
1,0.72,-0.014831,-1,0,0
1,0.74,-0.038121,-1,0,0
1,0.76,-0.026006,-1,0,0
1,0.78,0.0033259,-1,0,0
1,0.8,0.018009,-1,0,0
1,0.82,0.027841,-1,0,0
1,0.84,0.03542,-1,0,0
1,0.86,0.037858,-1,0,0
1,0.88,0.025518,-1,0,0
1,0.9,-0.016959,-1,0,0
1,0.92,-0.038588,-1,0,0
1,0.94,-0.036988,-1,0,0
1,0.96,-0.0544,-1,0,0
1,0.98,-0.050913,-1,0,0
1,1,-0.049326,-1,0,0
0.98,1,-0.039456,-1,0,0
0.96,1,-0.021558,-1,0,0
0.94,1,0.0071295,-1,0,0
0.92,1,0.015442,-1,0,0
0.9,1,0.02255,-1,0,0
0.88,1,-0.0021911,-1,0,0
0.86,1,-0.011688,-1,0,0
0.84,1,-0.037479,-1,0,0
0.82,1,-0.013798,-1,0,0
0.8,1,-0.032214,-1,0,0
0.78,1,-0.029879,-1,0,0
0.76,1,-0.029488,-1,0,0
0.74,1,-0.053646,-1,0,0
0.72,1,-0.04605,-1,0,0
0.7,1,-0.027608,-1,0,0
0.68,1,-0.041222,-1,0,0
0.66,1,-0.024747,-1,0,0
0.64,1,-0.024238,-1,0,0
0.62,1,-0.027028,-1,0,0
0.6,1,0.0061127,-1,0,0
0.58,1,-0.033017,-1,0,0
0.56,1,-0.047762,-1,0,0
0.54,1,-0.048209,-1,0,0
0.52,1,-0.041762,-1,0,0
0.5,1,-0.054512,-1,0,0
0.48,1,-0.016533,-1,0,0
0.46,1,-0.013558,-1,0,0
0.44,1,-0.021934,-1,0,0
0.42,1,-0.01681,-1,0,0
0.4,1,-0.014801,-1,0,0
0.38,1,-0.025802,-1,0,0
0.36,1,-0.041777,-1,0,0
0.34,1,-0.027368,-1,0,0
0.32,1,0.0022982,-1,0,0
0.3,1,0.013014,-1,0,0
0.28,1,0.0040561,-1,0,0
0.26,1,-0.029036,-1,0,0
0.24,1,-0.0077241,-1,0,0
0.22,1,-0.016834,-1,0,0
0.2,1,0.00062406,-1,0,0
0.18,1,0.015258,-1,0,0
0.16,1,0.010573,-1,0,0
0.14,1,0.020952,-1,0,0
0.12,1,0.017825,-1,0,0
0.1,1,0.0056849,-1,0,0
0.08,1,-0.0027548,-1,0,0
0.06,1,-0.02156,-1,0,0
0.04,1,-0.015918,-1,0,0
0.02,1,-0.0082032,-1,0,0
0,1,-0.049449,-1,0,0
0,0.98,-0.046872,-1,0,0
0,0.96,-0.04275,-1,0,0
0,0.94,-0.035888,-1,0,0
0,0.92,-0.026098,-1,0,0
0,0.9,0.0027882,-1,0,0
0,0.88,0.030522,-1,0,0
0,0.86,0.036646,-1,0,0
0,0.84,0.013349,-1,0,0
0,0.82,0.018031,-1,0,0
0,0.8,0.023403,-1,0,0
0,0.78,0.026608,-1,0,0
0,0.76,0.032105,-1,0,0
0,0.74,-0.0075927,-1,0,0
0,0.72,-0.010277,-1,0,0
0,0.7,-0.040261,-1,0,0
0,0.68,-0.048555,-1,0,0
0,0.66,-0.040849,-1,0,0
0,0.64,-0.039167,-1,0,0
0,0.62,-0.045769,-1,0,0
0,0.6,-0.036881,-1,0,0
0,0.58,-0.011741,-1,0,0
0,0.56,-0.022264,-1,0,0
0,0.54,-0.036384,-1,0,0
0,0.52,-0.051551,-1,0,0
0,0.5,-0.049443,-1,0,0
0,0.48,-0.021283,-1,0,0
0,0.46,-0.032098,-1,0,0
0,0.44,-0.034118,-1,0,0
0,0.42,-0.064753,-1,0,0
0,0.4,-0.052719,-1,0,0
0,0.38,-0.058107,-1,0,0
0,0.36,-0.039148,-1,0,0
0,0.34,-0.026661,-1,0,0
0,0.32,-0.026758,-1,0,0
0,0.3,-0.032404,-1,0,0
0,0.28,0.0038031,-1,0,0
0,0.26,-0.030537,-1,0,0
0,0.24,-0.021486,-1,0,0
0,0.22,-0.022053,-1,0,0
0,0.2,-0.0064525,-1,0,0
0,0.18,-0.010502,-1,0,0
0,0.16,-0.022396,-1,0,0
0,0.14,-0.019107,-1,0,0
0,0.12,-0.012933,-1,0,0
0,0.1,-0.036417,-1,0,0
0,0.08,-0.031614,-1,0,0
0,0.06,-0.023924,-1,0,0
0,0.04,-0.015759,-1,0,0
0,0.02,-0.028313,-1,0,0
