0.019709,0.019709,0.021097,0.015524,0.0076148,-0.0051475,-0.0070641,-0.011775,-0.029894,-0.024062,-0.031917,-0.030152,-0.031254,-0.01634,-0.00689,0.013746,0.015255,-0.0050213,-0.027719,-0.038844,-0.049025,-0.057813,-0.062894,-0.065962,-0.069513,-0.065909,-0.058546,-0.05603,-0.037926,-0.026596,-0.013581,-0.015065,-0.018058,-0.018722,-0.013317,-0.0045406,0.0052684,-0.0012847,-0.0033527,-0.020442,-0.018061,-0.024436,-0.016824,-0.029692,-0.026198,-0.027607,-0.020517,-0.016496,-0.013173,-0.0061676,0.0061213
-0.0017671,0.0081929,0.0079672,0.017372,0.01572,0.0071657,-0.0076184,-0.011122,-0.024896,-0.031483,-0.030951,-0.02793,-0.029244,-0.014286,0.003684,0.0096483,-0.0025505,-0.018825,-0.026774,-0.041507,-0.060657,-0.067255,-0.076341,-0.084967,-0.074681,-0.069552,-0.063808,-0.051656,-0.042107,-0.02684,-0.015681,-0.013989,-0.016068,-0.017058,-0.0097039,-0.00021818,0.010079,0.011668,-0.002599,-0.010655,-0.012711,-0.017604,-0.020878,-0.026669,-0.024137,-0.028647,-0.026004,-0.018769,-0.014615,-0.020467,-0.002833
-0.0080073,-0.012155,-0.0031067,0.011514,0.012835,-0.00074721,-0.010525,-0.017194,-0.022222,-0.01747,-0.017521,-0.023097,-0.0084177,-0.0071769,-0.0041674,-0.0050219,-0.025997,-0.031488,-0.040341,-0.052786,-0.069036,-0.081928,-0.089509,-0.090741,-0.085438,-0.074838,-0.065383,-0.046843,-0.035042,-0.023322,-0.027827,-0.028298,-0.019984,-0.013363,-0.010133,-0.0016683,0.015327,0.011818,-0.0026358,-0.001514,-0.016766,-0.0183,-0.021644,-0.025813,-0.037129,-0.036232,-0.024126,-0.023872,-0.024617,-0.022432,-0.024373
-0.019275,-0.024549,-0.017268,-0.012758,-0.00155,-0.0049258,-0.010421,-0.023418,-0.022135,-0.019027,-0.022366,-0.012507,-0.0079779,-0.0050987,-0.013867,-0.025194,-0.037704,-0.049206,-0.055778,-0.07066,-0.081824,-0.085961,-0.10065,-0.097575,-0.08338,-0.083567,-0.07193,-0.047041,-0.042514,-0.040436,-0.036979,-0.028901,-0.025046,-0.012827,-0.012619,-0.0034839,-0.0014448,0.0005153,-0.01217,-0.020511,-0.023886,-0.02824,-0.025354,-0.038432,-0.045266,-0.033516,-0.037125,-0.039979,-0.044095,-0.042322,-0.037369
-0.017827,-0.012755,-0.017059,-0.015092,-0.010949,-0.0011371,0.00071422,-0.010631,-0.019992,-0.010369,-0.012614,-0.011726,-0.00076937,-0.0097047,-0.01769,-0.024031,-0.03487,-0.046703,-0.058842,-0.074497,-0.082306,-0.082794,-0.086643,-0.078378,-0.081854,-0.080664,-0.065538,-0.045928,-0.043044,-0.046654,-0.033543,-0.02569,-0.019097,-0.010398,-0.0090105,-0.0076675,-0.0026272,-0.011489,-0.021724,-0.025526,-0.030032,-0.027258,-0.025948,-0.035393,-0.036103,-0.020584,-0.024068,-0.040911,-0.046873,-0.047683,-0.049771
-0.0013903,-0.0097722,-0.019541,-0.015864,-0.018294,-0.0062585,-0.0078927,-0.0055347,-0.011178,-0.0085122,-0.011332,-0.013405,-0.013704,-0.013573,-0.023653,-0.028759,-0.041093,-0.043882,-0.05022,-0.062049,-0.078864,-0.080056,-0.070954,-0.070556,-0.06568,-0.073662,-0.063544,-0.045363,-0.04471,-0.043255,-0.039228,-0.036512,-0.021528,-0.01921,-0.014631,-0.024157,-0.016895,-0.021332,-0.024698,-0.028621,-0.036312,-0.040361,-0.033828,-0.037299,-0.023429,-0.01581,-0.01876,-0.038974,-0.04408,-0.058474,-0.0673
-0.00026253,-0.0062223,-0.022127,-0.015802,-0.0099467,-0.0096903,-0.012647,0.0014349,-0.0068305,-0.0075811,-0.015687,-0.01445,-0.021216,-0.0183,-0.023137,-0.027942,-0.036099,-0.036187,-0.04026,-0.056052,-0.068037,-0.069406,-0.060991,-0.058517,-0.04989,-0.051948,-0.051468,-0.045902,-0.038301,-0.048164,-0.051148,-0.048167,-0.032977,-0.024629,-0.027668,-0.034079,-0.028969,-0.031913,-0.02915,-0.035309,-0.034236,-0.03516,-0.029363,-0.034217,-0.020308,-0.023311,-0.021587,-0.030372,-0.044119,-0.064501,-0.066769
-0.00056144,-0.0046061,-0.017541,-0.010014,-0.0063243,-0.0039486,-0.00094905,0.0015142,-0.0087729,-0.0074028,-0.0072555,-0.010749,-0.016678,-0.012721,-0.019081,-0.02274,-0.01873,-0.032132,-0.040529,-0.042866,-0.056082,-0.056336,-0.053192,-0.046393,-0.03753,-0.024005,-0.024719,-0.037513,-0.042274,-0.054763,-0.060344,-0.058627,-0.041337,-0.036865,-0.039818,-0.032459,-0.029347,-0.039288,-0.039146,-0.035601,-0.025538,-0.021714,-0.016592,-0.025789,-0.028468,-0.02602,-0.023996,-0.026406,-0.045321,-0.062481,-0.058104
0.0056802,-0.00075835,-0.0041185,-0.0084735,0.0042769,0.0049574,0.0056057,0.0092435,0.0031176,0.0020026,0.0096095,0.0004511,-0.0095557,-0.0046432,-0.0097071,-0.0066833,-0.0082653,-0.012168,-0.022656,-0.020463,-0.033549,-0.045204,-0.045732,-0.042597,-0.024254,-0.008833,-0.010456,-0.01467,-0.034163,-0.048896,-0.056398,-0.049894,-0.050676,-0.047108,-0.034042,-0.028049,-0.028942,-0.03174,-0.030241,-0.030672,-0.022737,-0.0090564,-0.014419,-0.028344,-0.021668,-0.024601,-0.019857,-0.011304,-0.025845,-0.047095,-0.060276
0.00076559,-0.0046234,-0.0004681,0.0042819,0.010677,0.0094284,0.011747,0.012249,0.0072129,0.0072788,0.0070181,-0.0097757,-0.0074555,-0.0013049,-0.0023655,0.0027564,0.0064464,-0.0032056,-0.012811,-0.0070923,-0.025728,-0.044776,-0.046414,-0.035969,-0.030124,-0.016326,-0.020677,-0.026598,-0.039498,-0.043948,-0.051688,-0.052974,-0.048664,-0.04039,-0.031434,-0.031007,-0.034674,-0.035035,-0.031941,-0.031429,-0.034725,-0.019949,-0.019617,-0.023515,-0.021498,-0.019717,-0.015751,-0.0089517,-0.015641,-0.035221,-0.058859
-0.0020208,0.00044297,0.0013892,0.005002,0.010883,0.012341,0.018428,0.019868,0.012256,0.005469,0.00089619,-0.00070523,-0.0041053,0.0053033,0.0090425,0.015795,0.023581,0.0053372,-0.0079689,-0.011786,-0.02426,-0.029944,-0.040062,-0.031918,-0.022554,-0.019056,-0.030162,-0.037287,-0.040284,-0.044787,-0.045017,-0.04842,-0.044679,-0.034311,-0.029799,-0.026858,-0.03244,-0.030764,-0.02801,-0.035945,-0.036053,-0.030812,-0.019999,-0.017935,-0.012114,-0.0050244,-0.0088304,-0.0057263,-0.018328,-0.041047,-0.052709
0.0022022,0.0077951,0.00062443,-0.0052348,-0.0056739,0.00075812,0.011567,0.018546,0.0025877,0.0035075,0.0053371,0.010759,0.0031291,-0.00072961,0.002636,0.020874,0.014043,0.0071632,-0.0092925,-0.022584,-0.020531,-0.020514,-0.027075,-0.034034,-0.025458,-0.027472,-0.036597,-0.043194,-0.041188,-0.045042,-0.0482,-0.053306,-0.054532,-0.048056,-0.038985,-0.032568,-0.023126,-0.028332,-0.025178,-0.027224,-0.028547,-0.035606,-0.022727,-0.017145,-0.0055834,-0.0071186,-0.0014502,-0.011194,-0.026984,-0.048311,-0.061392
0.005444,0.0085087,0.00065968,0.0043545,-0.01172,0.00677,0.010512,0.012487,-0.001067,-0.0017012,0.0048526,0.011056,0.0097816,0.0044373,0.0060188,0.017345,0.011884,0.0062116,0.0012295,-0.0074098,-0.015021,-0.01139,-0.015102,-0.02386,-0.018647,-0.028901,-0.035178,-0.035306,-0.038804,-0.039544,-0.045101,-0.062016,-0.052173,-0.046745,-0.033817,-0.032944,-0.01811,-0.021056,-0.017191,-0.0091868,-0.018467,-0.030946,-0.011698,0.0017666,0.0073251,0.0025257,0.0006921,-0.016684,-0.019185,-0.043944,-0.056685
-0.0010171,0.0089102,0.013354,0.016594,0.015415,0.013302,0.011072,0.0046974,-0.0087642,-0.0052353,-0.0098237,0.00747,0.012495,0.009377,0.014454,0.025331,0.015467,0.014615,0.014885,4.9608e-05,0.0035665,0.0060902,-0.0030474,-0.00046398,-0.0026442,-0.01964,-0.028007,-0.024823,-0.022497,-0.034713,-0.036467,-0.05051,-0.049907,-0.026156,-0.015046,-0.019123,-0.014648,-0.012097,-0.0061483,-0.010669,-0.0084846,-0.010387,0.011933,0.020599,0.025541,0.017191,0.0038017,-0.011722,-0.014152,-0.033192,-0.056756
0.0075612,0.010573,0.022744,0.022341,0.013663,0.017346,0.016926,-0.0013919,-0.0073703,-0.007138,-0.010931,-0.0037636,0.0048351,0.0068496,0.0065564,0.023139,0.029947,0.020867,0.01766,0.018645,0.017142,0.017164,0.0025773,0.0013123,0.0020092,-0.0082526,-0.010443,-0.0046848,-0.0109,-0.012925,-0.015367,-0.033993,-0.038405,-0.026324,-0.019446,-0.010987,0.00136,0.0050664,0.0030839,0.0019232,0.0010245,0.0029659,0.024678,0.026969,0.022132,0.032249,0.018022,-0.0018425,-0.010292,-0.02218,-0.043794
-0.0068963,0.0072983,0.013184,0.014141,0.0075821,0.0096489,0.0020728,-0.0058971,-0.012301,-0.01262,-0.013445,-0.02371,-0.01181,-0.010837,0.0064614,0.026201,0.024559,0.022544,0.012777,0.0063611,0.013533,0.014274,0.0066492,0.0058113,0.0076989,0.0031646,-0.0024648,0.00953,0.0048966,0.0016211,-0.0015311,-0.010656,-0.029995,-0.032552,-0.021812,-0.0076146,0.0086341,0.012859,0.003257,0.0069718,0.0011347,0.015458,0.018414,0.021019,0.015384,0.016709,0.014096,-0.0018975,-0.01507,-0.029546,-0.041149
-0.011969,-0.010221,0.00057268,0.0069588,0.0088646,0.000405,-0.0046871,-0.0046622,-0.007261,-0.011276,-0.020429,-0.027212,-0.028383,-0.0017707,0.016474,0.027323,0.023411,0.012298,0.010835,0.0028459,-0.0039262,0.0019413,0.013905,0.01932,0.027993,0.026618,0.02027,0.022483,0.022535,0.021966,0.013436,0.0029717,-0.010042,-0.014048,-0.01979,0.0005889,0.016365,0.022134,0.015161,0.013476,0.011012,0.011562,0.021863,0.022518,0.017227,0.0074756,-0.0013284,-0.0063956,-0.019815,-0.031073,-0.027012
-0.025237,-0.018065,-0.018355,-0.0045815,-0.0035149,-0.020483,-0.023181,-0.010515,-0.0087283,-0.0094214,-0.018877,-0.03029,-0.035475,-0.016257,0.00088472,0.013659,0.014464,0.0063433,0.0017419,-0.0044341,-0.013777,-0.0043773,0.010211,0.02243,0.023065,0.031746,0.031358,0.031198,0.043357,0.035978,0.025289,0.0057357,-0.0017046,-0.0088013,-0.012571,0.00049695,0.018827,0.021736,0.019272,0.0084991,0.014017,0.018072,0.018934,0.008547,0.00095038,-0.0074571,-0.014251,-0.014157,-0.021706,-0.027335,-0.019222
-0.031748,-0.018391,-0.026,-0.017842,-0.020083,-0.019331,-0.02949,-0.015844,-0.0209,-0.024556,-0.024061,-0.034396,-0.039653,-0.024937,-0.017985,-0.0015332,0.0085692,0.010418,0.0012068,-0.00043806,-0.0068059,-0.0041258,0.0097703,0.013145,0.024595,0.031886,0.034431,0.042453,0.044441,0.035064,0.03075,0.023215,0.016067,0.0029275,0.0070282,0.0077969,0.019357,0.016378,0.014373,-0.00048021,0.0074297,0.020286,0.01773,-0.0033104,0.00085393,-0.011476,-0.015668,-0.023952,-0.023207,-0.023659,-0.0083625
-0.041664,-0.026096,-0.01953,-0.019345,-0.024367,-0.022947,-0.028995,-0.032973,-0.039281,-0.030526,-0.034711,-0.046614,-0.045374,-0.026274,-0.030812,-0.012053,0.0059836,0.0078859,-0.0034069,-0.0014063,-0.0071223,-0.0047427,0.016321,0.027133,0.023894,0.020833,0.026747,0.035643,0.036115,0.026322,0.022942,0.024116,0.030702,0.02345,0.025969,0.02236,0.019174,0.0013355,0.0021088,-0.0058276,0.0034307,0.013216,0.024849,0.0059025,0.0011403,-0.010387,-0.016115,-0.028088,-0.025779,-0.01967,-0.0138
-0.038899,-0.024091,-0.032012,-0.038739,-0.038734,-0.044506,-0.046239,-0.0405,-0.037156,-0.034316,-0.037917,-0.045703,-0.047637,-0.036954,-0.033002,-0.027943,-0.013464,-0.0028203,0.002609,0.00017593,-0.0064691,0.0037812,0.011649,0.030234,0.023813,0.018214,0.011477,0.023763,0.033406,0.018099,0.021555,0.021967,0.027302,0.028237,0.025007,0.01949,0.013425,0.0080642,0.012452,0.0026891,0.0014122,0.0072975,0.01113,0.0080174,0.0034193,-0.0083824,-0.028784,-0.029804,-0.0297,-0.028319,-0.018131
-0.029049,-0.032287,-0.036753,-0.040005,-0.052413,-0.060119,-0.056974,-0.045433,-0.039182,-0.0372,-0.036903,-0.041542,-0.048831,-0.046044,-0.040267,-0.023226,-0.014021,-0.010843,-0.0052946,-0.0070464,-0.0039574,0.010655,0.025132,0.022862,0.018568,0.0088225,0.0022389,0.0077627,0.01264,0.023973,0.018496,0.01873,0.024654,0.033506,0.021743,0.024888,0.024796,0.021309,0.0071317,0.0050633,0.0032976,0.0031996,0.006615,0.0011578,-0.0067482,-0.011142,-0.020481,-0.029985,-0.032105,-0.035873,-0.029235
-0.035575,-0.034682,-0.036724,-0.040852,-0.046061,-0.051313,-0.048551,-0.044035,-0.046752,-0.048485,-0.042909,-0.044404,-0.04039,-0.04235,-0.031246,-0.010437,-0.016745,-0.010283,-0.0063928,-0.0044121,0.0051291,0.015314,0.01856,0.01493,0.01236,0.0073324,-0.0042255,-0.0061949,-0.0050454,0.011265,0.025174,0.033425,0.037019,0.044148,0.0359,0.033787,0.03884,0.026976,0.0066598,0.0013416,-0.0054491,-0.001555,-0.0020613,-0.0018474,-0.0050111,-0.0069769,-0.014119,-0.02539,-0.031683,-0.032104,-0.027144
-0.061876,-0.049065,-0.043093,-0.039695,-0.047971,-0.050026,-0.053609,-0.059681,-0.05586,-0.049605,-0.050443,-0.050481,-0.051832,-0.044896,-0.034313,-0.022402,-0.016215,-0.014704,-0.0016162,0.0042115,0.0094872,0.015519,-0.0015261,-0.0017522,-0.0061079,-0.017802,-0.021284,-0.011307,-0.0026346,0.0070434,0.027835,0.03158,0.036917,0.041824,0.044129,0.044842,0.036343,0.022185,0.0064546,-0.0068874,-0.013764,-0.021183,-0.013918,-0.018281,-0.029101,-0.020875,-0.023129,-0.018858,-0.015194,-0.029502,-0.028804
-0.069183,-0.057535,-0.046982,-0.042022,-0.048466,-0.047956,-0.054505,-0.064721,-0.074041,-0.056467,-0.063407,-0.060523,-0.049653,-0.040546,-0.043875,-0.030358,-0.025355,-0.018917,-0.003712,0.0096806,0.021545,0.0022068,-0.016184,-0.018,-0.017931,-0.025368,-0.025303,-0.019595,-0.0062393,0.003706,0.023007,0.029205,0.033541,0.044773,0.047144,0.044809,0.036149,0.016019,0.0098513,-0.009514,-0.025355,-0.038396,-0.024749,-0.033555,-0.036356,-0.0332,-0.02267,-0.02536,-0.013061,-0.015275,-0.024644
-0.062328,-0.049173,-0.048988,-0.036316,-0.045436,-0.041963,-0.057076,-0.061847,-0.07525,-0.080395,-0.065506,-0.05546,-0.05097,-0.048351,-0.043083,-0.024114,-0.018927,-0.013381,-0.0095393,0.0051325,0.014941,0.017068,-0.00098744,-0.015513,-0.010112,-0.015574,-0.021076,-0.014598,-0.00619,0.0048433,0.022006,0.023906,0.037845,0.04307,0.060296,0.046895,0.039629,0.020941,0.0072707,-0.012511,-0.020231,-0.024772,-0.027784,-0.037448,-0.038168,-0.034457,-0.02634,-0.020953,-0.011645,-0.022239,-0.016546
-0.032473,-0.027735,-0.039298,-0.039747,-0.047857,-0.050983,-0.049928,-0.051733,-0.07828,-0.07996,-0.06756,-0.054283,-0.051742,-0.050889,-0.047452,-0.029993,-0.021054,-0.014423,0.0015598,0.013449,0.022591,0.021234,0.016095,0.0039285,-0.0042119,-0.0001613,-0.0049216,-0.013593,0.00018191,0.012873,0.022921,0.027365,0.038469,0.049502,0.045772,0.043351,0.038619,0.027051,0.02029,0.0074858,-0.006921,-0.024226,-0.028086,-0.028113,-0.023804,-0.024889,-0.020789,-0.018084,-0.014757,-0.018917,-0.01079
-0.0088756,-0.0070736,-0.015708,-0.030765,-0.037246,-0.049182,-0.051926,-0.054903,-0.070452,-0.077466,-0.068928,-0.060064,-0.06951,-0.057828,-0.051625,-0.037196,-0.018552,-0.0093729,0.0094599,0.019062,0.023325,0.030382,0.03067,0.020607,0.010446,0.0017959,-0.0098388,-0.004903,0.010703,0.01748,0.02116,0.027654,0.035929,0.05424,0.050048,0.048704,0.030773,0.025758,0.024441,0.013675,-0.0003361,-0.01848,-0.020654,-0.015211,-0.006837,-0.011163,-0.013866,0.0004665,-0.0038223,-0.018695,-0.01527
0.0046203,0.0056192,-0.0035857,-0.019194,-0.031368,-0.036572,-0.042412,-0.057498,-0.072951,-0.084336,-0.075262,-0.079194,-0.066013,-0.060715,-0.060642,-0.043153,-0.02402,-0.0064291,0.0012809,0.023142,0.028437,0.030313,0.026932,0.027101,0.018303,0.011614,-0.0063141,-0.003324,0.0011113,0.008185,0.018337,0.032657,0.049849,0.059134,0.060436,0.043412,0.027171,0.016056,0.014155,0.0092876,-0.0057983,-0.0053603,-0.0070523,0.001444,0.0014898,-0.00011535,-0.0049387,-0.0062777,-0.012351,-0.01451,-0.015669
0.0054634,0.0024457,-0.0003718,-0.01624,-0.030792,-0.035139,-0.0473,-0.060971,-0.073044,-0.073873,-0.071879,-0.075631,-0.075179,-0.071969,-0.07901,-0.057336,-0.032847,-0.022518,-0.014119,0.0064009,0.017175,0.015868,0.01411,0.0098392,0.0090851,0.0059245,-0.0016652,0.001766,-0.0028317,-0.0017619,0.010304,0.023706,0.033369,0.049839,0.047962,0.038476,0.024708,0.0077187,0.0035284,-0.00041624,0.0021644,0.009759,0.011184,-0.008208,-0.010764,-0.0084747,-0.0057633,-0.011647,-0.015436,-0.019452,-0.023417
0.009087,0.007254,-0.0053496,-0.011634,-0.022284,-0.03383,-0.047224,-0.054929,-0.062629,-0.064443,-0.069328,-0.065294,-0.075865,-0.073665,-0.071804,-0.063947,-0.057219,-0.041879,-0.017098,-0.0079335,-0.0067035,-0.0016513,-0.0099129,-0.0029161,0.0039112,0.0076018,0.0059721,0.0032367,-0.002174,-0.012243,0.0062616,0.015097,0.027319,0.036115,0.035774,0.027448,0.02358,0.013861,0.009409,-0.00012117,0.013403,0.011435,0.012699,-0.0054937,-0.013182,-0.014815,-0.019322,-0.018136,-0.016617,-0.030369,-0.029163
0.0096123,0.0047744,0.003172,0.012477,-0.0034135,-0.01425,-0.036136,-0.042644,-0.049649,-0.050671,-0.064902,-0.079817,-0.083426,-0.074781,-0.064357,-0.050583,-0.055268,-0.043752,-0.027645,-0.02349,-0.028836,-0.024457,-0.017777,-0.010643,-0.0033908,-0.00074594,-0.0035276,-0.002857,-0.0023621,-0.0067262,0.0057647,0.0038477,0.022542,0.030564,0.028872,0.02278,0.033915,0.011614,0.0068828,0.012015,0.016779,0.014717,0.017817,0.00037568,-0.015011,-0.022638,-0.015955,-0.020719,-0.017972,-0.028156,-0.031923
0.020292,0.018736,0.013066,0.019518,0.0062699,0.00046194,-0.021539,-0.03027,-0.044739,-0.059527,-0.080807,-0.087819,-0.09349,-0.083663,-0.071689,-0.054548,-0.057343,-0.045031,-0.035631,-0.046674,-0.043452,-0.039286,-0.037939,-0.038789,-0.016218,-0.021912,-0.02235,-0.014131,-0.016676,-0.014773,-0.0070517,0.0037553,0.0093975,0.0089961,0.0046281,0.0081033,0.020946,0.01994,0.0091073,0.0059746,0.011766,0.0055743,0.0099551,-0.008335,-0.017273,-0.019629,-0.012835,-0.0284,-0.029156,-0.041232,-0.035612
0.024358,0.034881,0.037189,0.034884,0.028061,0.014031,-0.0013752,-0.025475,-0.042699,-0.05539,-0.078245,-0.095451,-0.092676,-0.088193,-0.077287,-0.055606,-0.04461,-0.04023,-0.040259,-0.04785,-0.048708,-0.043152,-0.046713,-0.034597,-0.036936,-0.035218,-0.030226,-0.017684,-0.011712,-0.018114,-0.0093068,-0.011704,-0.011351,-0.0049631,-0.0073009,0.0056838,0.022459,0.020522,0.015706,0.011523,0.0087087,0.0071007,0.002931,-0.012615,-0.02336,-0.0082374,-0.011053,-0.023142,-0.034112,-0.037246,-0.041976
0.04185,0.04956,0.055303,0.053966,0.048314,0.036535,0.019472,-0.014444,-0.03851,-0.058781,-0.077178,-0.088681,-0.083537,-0.073228,-0.069752,-0.058613,-0.047313,-0.042999,-0.037432,-0.04212,-0.050777,-0.047978,-0.043254,-0.03029,-0.035454,-0.041294,-0.033058,-0.01668,-0.019766,-0.022171,-0.023296,-0.022123,-0.018013,-0.011059,-0.0068165,0.0030957,0.0093223,0.022402,0.019766,0.013193,0.0071668,0.0044162,0.0037282,-0.0021505,-0.011137,-0.0057921,-0.022862,-0.032527,-0.030745,-0.032693,-0.038603
0.049747,0.060512,0.063278,0.068219,0.064853,0.04641,0.017932,-0.0019965,-0.032934,-0.050793,-0.06132,-0.077021,-0.075048,-0.069614,-0.065842,-0.054643,-0.052088,-0.043582,-0.041109,-0.045871,-0.045658,-0.047321,-0.032531,-0.030807,-0.034837,-0.039643,-0.038586,-0.021174,-0.015768,-0.01945,-0.033518,-0.034467,-0.033353,-0.017963,-0.0061268,0.0034791,0.0083678,0.014098,0.01252,0.007643,-0.0017159,0.0024782,-0.0046749,-0.0081374,-0.0064296,-0.019439,-0.026988,-0.033499,-0.031914,-0.035414,-0.040354
0.059449,0.07511,0.068135,0.072994,0.060475,0.044773,0.027408,0.0080474,-0.024502,-0.045766,-0.051734,-0.062277,-0.068276,-0.065004,-0.070179,-0.061429,-0.046561,-0.049073,-0.050768,-0.043651,-0.045608,-0.038062,-0.036173,-0.038604,-0.044898,-0.04004,-0.038104,-0.037424,-0.024746,-0.024355,-0.03142,-0.038076,-0.025589,-0.028324,-0.021066,-0.0048709,0.0077673,0.0062283,0.00020758,-0.014721,-0.021389,-0.024794,-0.020573,-0.018057,-0.019651,-0.017964,-0.024335,-0.029148,-0.041028,-0.049292,-0.037667
0.053904,0.075961,0.072125,0.074215,0.070597,0.04814,0.027953,0.021194,-0.01272,-0.030381,-0.046478,-0.058175,-0.079288,-0.068383,-0.061682,-0.047716,-0.043157,-0.048686,-0.052852,-0.053438,-0.044771,-0.039919,-0.036185,-0.042051,-0.045267,-0.047092,-0.05365,-0.055454,-0.032792,-0.030072,-0.027214,-0.028776,-0.030781,-0.029522,-0.02131,-0.0067818,-0.0034899,-0.013154,-0.019195,-0.044028,-0.044241,-0.046359,-0.036919,-0.035702,-0.018704,-0.026697,-0.025841,-0.024611,-0.038067,-0.054635,-0.043492
0.049215,0.064625,0.069023,0.072992,0.055836,0.047873,0.031149,0.024045,-0.00096238,-0.018369,-0.035726,-0.062281,-0.073731,-0.060503,-0.056571,-0.043291,-0.041782,-0.053677,-0.061312,-0.049369,-0.05059,-0.051792,-0.039071,-0.039403,-0.040806,-0.046105,-0.055557,-0.057178,-0.049432,-0.036435,-0.029812,-0.036464,-0.036308,-0.039604,-0.02746,-0.022162,-0.016327,-0.027109,-0.033322,-0.054475,-0.069729,-0.066217,-0.048842,-0.042283,-0.026638,-0.033363,-0.032796,-0.037177,-0.036198,-0.05207,-0.055231
0.050768,0.064562,0.071999,0.069288,0.057795,0.046338,0.038437,0.031555,0.020579,0.0044861,-0.012016,-0.039451,-0.055444,-0.056215,-0.050452,-0.034377,-0.033593,-0.043034,-0.055737,-0.046849,-0.045266,-0.040257,-0.042332,-0.034032,-0.030481,-0.031631,-0.043638,-0.041998,-0.039572,-0.038173,-0.034495,-0.047988,-0.05611,-0.052577,-0.032943,-0.026841,-0.021046,-0.027167,-0.031779,-0.0508,-0.060297,-0.052785,-0.042611,-0.040271,-0.033479,-0.029147,-0.030851,-0.025797,-0.025054,-0.037109,-0.049342
0.046852,0.057694,0.071274,0.060347,0.057475,0.052711,0.053172,0.040685,0.022705,0.0069169,-0.011367,-0.022544,-0.041248,-0.047612,-0.04724,-0.030119,-0.02047,-0.032136,-0.041323,-0.043914,-0.037504,-0.033093,-0.040866,-0.034538,-0.021808,-0.018375,-0.031102,-0.036088,-0.043341,-0.050407,-0.050445,-0.05748,-0.067868,-0.049673,-0.048186,-0.03281,-0.029264,-0.034237,-0.039251,-0.046083,-0.048536,-0.042996,-0.026224,-0.028725,-0.029059,-0.024768,-0.027084,-0.021268,-0.024081,-0.027841,-0.033475
0.039079,0.048905,0.061065,0.065014,0.053454,0.055982,0.054252,0.040252,0.023051,0.0050029,-0.0091173,-0.025065,-0.036589,-0.04821,-0.038206,-0.019571,-0.016198,-0.020283,-0.027116,-0.03738,-0.042015,-0.033404,-0.034986,-0.028738,-0.020025,-0.022228,-0.035232,-0.038711,-0.050246,-0.054777,-0.066486,-0.079873,-0.073211,-0.055906,-0.047802,-0.042066,-0.037711,-0.044406,-0.051876,-0.037921,-0.042323,-0.0394,-0.02195,-0.0077755,-0.016031,-0.015558,-0.016155,-0.014692,-0.0098594,-0.020985,-0.035268
0.035547,0.043889,0.048621,0.045491,0.040106,0.042739,0.042251,0.042727,0.026854,0.0084677,-0.0077919,-0.020946,-0.036438,-0.046102,-0.035211,-0.015676,-0.021681,-0.013066,-0.014568,-0.032525,-0.041993,-0.036913,-0.033648,-0.032341,-0.023078,-0.033531,-0.047398,-0.044198,-0.051891,-0.064017,-0.071475,-0.086066,-0.08531,-0.065206,-0.056438,-0.058788,-0.045962,-0.045292,-0.041323,-0.033589,-0.038631,-0.038223,-0.022294,-0.0054563,0.0049737,-0.002506,-0.0043903,-0.0043855,-0.0011063,-0.016858,-0.041232
0.025322,0.03338,0.032797,0.033295,0.021535,0.0312,0.040706,0.03601,0.02333,0.019872,-0.0049488,-0.011432,-0.023623,-0.028304,-0.028863,-0.0085801,-0.00016744,-0.011061,-0.018527,-0.032189,-0.035457,-0.029464,-0.026119,-0.020853,-0.021148,-0.037955,-0.040818,-0.049684,-0.057634,-0.064575,-0.068228,-0.080608,-0.076141,-0.063195,-0.059138,-0.053665,-0.043165,-0.037945,-0.03463,-0.035788,-0.025055,-0.030115,-0.0028031,0.00077205,0.0064772,0.018474,0.016403,-0.0010885,-0.0017046,-0.017265,-0.035372
0.0073867,0.020453,0.011055,0.01036,0.010359,0.019773,0.018906,0.021542,0.012183,0.01103,-0.00032635,-0.0095667,-0.010074,-0.014573,-0.01498,-0.0058104,-0.0068245,-0.013116,-0.026677,-0.034265,-0.031336,-0.026689,-0.030813,-0.022336,-0.020354,-0.032198,-0.046113,-0.052384,-0.059864,-0.078232,-0.07032,-0.073457,-0.071197,-0.06748,-0.053158,-0.051044,-0.036894,-0.03739,-0.031415,-0.036893,-0.029156,-0.014404,0.0007945,0.0028184,0.015768,0.025051,0.023768,0.0061491,-0.007148,-0.021681,-0.02995
0.0098163,0.0036814,0.00018663,0.0063334,0.0043669,0.0052114,8.087e-05,0.0012081,0.0014559,0.010284,0.0057908,-0.005682,-0.0063551,0.0015697,-0.004402,-0.0036095,-0.0089309,-0.0087558,-0.0092882,-0.008052,-0.013271,-0.019917,-0.020154,-0.023645,-0.021773,-0.03457,-0.040103,-0.040118,-0.050358,-0.057564,-0.067705,-0.064779,-0.058085,-0.062331,-0.046478,-0.037047,-0.02844,-0.025583,-0.026133,-0.025479,-0.01791,-0.0074551,0.010141,0.013738,0.019305,0.025562,0.034284,0.022288,0.011501,-0.0096587,-0.026334
0.0010323,-0.005853,-0.011653,0.0022256,0.011728,-0.0048141,-0.017279,-0.016111,-0.024008,-0.019498,-0.015515,-0.019168,-0.014263,-0.00073851,0.0062443,0.0016158,-0.0030171,-0.0023872,0.011192,0.012186,-0.0010893,-0.011529,-0.015723,-0.023899,-0.032391,-0.02987,-0.037258,-0.043002,-0.044703,-0.053617,-0.061125,-0.057367,-0.051889,-0.04431,-0.045459,-0.030045,-0.022257,-0.023071,-0.029397,-0.025821,-0.016421,0.0010059,0.0087089,0.017701,0.025884,0.030271,0.036664,0.038389,0.017709,-0.0039989,-0.012505
0.0048604,-0.0020276,-0.010414,-0.00039982,0.0094323,-0.0099775,-0.023898,-0.033912,-0.046444,-0.05356,-0.04226,-0.029507,-0.020557,-0.0025673,0.0093365,0.012823,0.016206,0.014832,0.019361,0.019281,0.0073905,0.0056389,-0.0061542,-0.017713,-0.026297,-0.024805,-0.02979,-0.037205,-0.043963,-0.050793,-0.055418,-0.049021,-0.04317,-0.040665,-0.040591,-0.026811,-0.019158,-0.011516,-0.022426,-0.025849,-0.0073296,0.012481,0.015917,0.018162,0.027741,0.044021,0.044143,0.044891,0.019646,-0.001667,3.2321e-06
0.013146,-0.0023329,-0.0072872,-0.013735,-0.015038,-0.022077,-0.034728,-0.046316,-0.058343,-0.054086,-0.048569,-0.044568,-0.0238,0.00089549,0.0040761,0.020084,0.028867,0.032768,0.027633,0.032356,0.021074,0.0048418,0.0041407,-0.0071611,-0.014553,-0.019739,-0.022269,-0.018656,-0.026264,-0.032675,-0.044242,-0.047699,-0.049057,-0.047999,-0.044835,-0.032676,-0.011622,-0.0046138,0.002938,0.0073851,0.0067644,0.015455,0.019945,0.012676,0.029174,0.040256,0.050134,0.038264,0.022741,0.015763,0.0079958
0.0012598,0.0019233,-0.012512,-0.021076,-0.029835,-0.028401,-0.044857,-0.056717,-0.066367,-0.063825,-0.060725,-0.050361,-0.026687,5.405e-06,0.011749,0.021089,0.031976,0.038417,0.033655,0.027585,0.011202,0.0043321,-0.0015726,-0.00035667,-0.0061177,-0.021417,-0.026246,-0.011269,-0.016338,-0.037672,-0.04186,-0.048972,-0.047832,-0.04911,-0.036921,-0.036067,-0.01975,-0.0064452,0.013532,0.015928,0.013478,0.014282,0.02021,0.016724,0.029288,0.032935,0.034776,0.030248,0.029218,0.017443,0.017477
-0.018214,-0.020523,-0.026582,-0.032138,-0.039573,-0.041992,-0.050978,-0.067335,-0.083261,-0.077652,-0.0748,-0.051466,-0.034253,-0.0088983,0.0020016,0.019322,0.030721,0.030838,0.026031,0.015861,-0.0032777,-0.0094548,-0.017374,-0.018328,-0.021637,-0.028847,-0.028595,-0.026531,-0.029224,-0.045377,-0.046775,-0.056745,-0.046922,-0.038372,-0.037443,-0.038007,-0.0256,-0.026635,-0.0079394,-0.0013847,0.0072532,0.0012286,0.016642,0.0069057,0.013754,0.020181,0.019936,0.01655,0.018214,0.014829,0.01411
