0.02,0.02,-0.026768,1,0,0
0.04,0.02,-0.013225,1,0,0
0.06,0.02,-0.014663,1,0,0
0.08,0.02,-0.0087071,1,0,0
0.1,0.02,0.01454,1,0,0
0.12,0.02,0.045788,1,0,0
0.14,0.02,0.057528,1,0,0
0.16,0.02,0.057159,1,0,0
0.18,0.02,0.070015,1,0,0
0.2,0.02,0.038837,1,0,0
0.22,0.02,0.054212,1,0,0
0.24,0.02,0.083818,1,0,0
0.26,0.02,0.074318,1,0,0
0.28,0.02,0.070047,1,0,0
0.3,0.02,0.065133,1,0,0
0.32,0.02,0.078408,1,0,0
0.34,0.02,0.078707,1,0,0
0.36,0.02,0.10343,1,0,0
0.38,0.02,0.085057,1,0,0
0.4,0.02,0.059705,1,0,0
0.42,0.02,0.064739,1,0,0
0.44,0.02,0.093356,1,0,0
0.46,0.02,0.079932,1,0,0
0.48,0.02,0.050335,1,0,0
0.5,0.02,0.020309,1,0,0
0.52,0.02,0.045999,1,0,0
0.54,0.02,0.042289,1,0,0
0.56,0.02,0.028298,1,0,0
0.58,0.02,0.011532,1,0,0
0.6,0.02,0.008174,1,0,0
0.62,0.02,0.013733,1,0,0
0.64,0.02,0.013557,1,0,0
0.66,0.02,0.015307,1,0,0
0.68,0.02,0.0076815,1,0,0
0.7,0.02,0.010712,1,0,0
0.72,0.02,0.05134,1,0,0
0.74,0.02,0.013312,1,0,0
0.76,0.02,0.020831,1,0,0
0.78,0.02,0.015767,1,0,0
0.8,0.02,0.018788,1,0,0
0.82,0.02,0.019394,1,0,0
0.84,0.02,0.0091594,1,0,0
0.86,0.02,0.0089706,1,0,0
0.88,0.02,0.015695,1,0,0
0.9,0.02,0.017767,1,0,0
0.92,0.02,0.021805,1,0,0
0.94,0.02,-0.0038499,1,0,0
0.96,0.02,-0.0029254,1,0,0
0.98,0.02,0.022964,1,0,0
0.02,0.04,-0.026697,1,0,0
0.04,0.04,-0.029104,1,0,0
0.06,0.04,0.0027391,1,0,0
0.08,0.04,-0.010873,1,0,0
0.1,0.04,0.0083111,1,0,0
0.12,0.04,0.02967,1,0,0
0.14,0.04,0.032992,1,0,0
0.16,0.04,0.060233,1,0,0
0.18,0.04,0.08621,1,0,0
0.2,0.04,0.06196,1,0,0
0.22,0.04,0.059827,1,0,0
0.24,0.04,0.071785,1,0,0
0.26,0.04,0.067683,1,0,0
0.28,0.04,0.080605,1,0,0
0.3,0.04,0.072264,1,0,0
0.32,0.04,0.09105,1,0,0
0.34,0.04,0.087608,1,0,0
0.36,0.04,0.10314,1,0,0
0.38,0.04,0.074502,1,0,0
0.4,0.04,0.075372,1,0,0
0.42,0.04,0.08297,1,0,0
0.44,0.04,0.068129,1,0,0
0.46,0.04,0.064848,1,0,0
0.48,0.04,0.087353,1,0,0
0.5,0.04,0.052074,1,0,0
0.52,0.04,0.066637,1,0,0
0.54,0.04,0.070602,1,0,0
0.56,0.04,0.055525,1,0,0
0.58,0.04,0.022008,1,0,0
0.6,0.04,0.018891,1,0,0
0.62,0.04,0.032189,1,0,0
0.64,0.04,0.023416,1,0,0
0.66,0.04,0.017698,1,0,0
0.68,0.04,0.034081,1,0,0
0.7,0.04,0.029425,1,0,0
0.72,0.04,0.022735,1,0,0
0.74,0.04,0.028856,1,0,0
0.76,0.04,0.019203,1,0,0
0.78,0.04,0.010518,1,0,0
0.8,0.04,0.03236,1,0,0
0.82,0.04,0.017932,1,0,0
0.84,0.04,0.0090667,1,0,0
0.86,0.04,0.0033775,1,0,0
0.88,0.04,0.015751,1,0,0
0.9,0.04,0.035574,1,0,0
0.92,0.04,0.053975,1,0,0
0.94,0.04,0.010629,1,0,0
0.96,0.04,0.012844,1,0,0
0.98,0.04,0.028345,1,0,0
0.02,0.06,-0.02086,1,0,0
0.04,0.06,-0.026311,1,0,0
0.06,0.06,-0.0068907,1,0,0
0.08,0.06,-0.0057651,1,0,0
0.1,0.06,-0.0039258,1,0,0
0.12,0.06,0.015103,1,0,0
0.14,0.06,-0.006801,1,0,0
0.16,0.06,0.026972,1,0,0
0.18,0.06,0.079838,1,0,0
0.2,0.06,0.081909,1,0,0
0.22,0.06,0.064282,1,0,0
0.24,0.06,0.077775,1,0,0
0.26,0.06,0.080557,1,0,0
0.28,0.06,0.061316,1,0,0
0.3,0.06,0.080881,1,0,0
0.32,0.06,0.064175,1,0,0
0.34,0.06,0.071408,1,0,0
0.36,0.06,0.081515,1,0,0
0.38,0.06,0.076337,1,0,0
0.4,0.06,0.067756,1,0,0
0.42,0.06,0.07293,1,0,0
0.44,0.06,0.053487,1,0,0
0.46,0.06,0.071497,1,0,0
0.48,0.06,0.084869,1,0,0
0.5,0.06,0.074363,1,0,0
0.52,0.06,0.06042,1,0,0
0.54,0.06,0.05149,1,0,0
0.56,0.06,0.058402,1,0,0
0.58,0.06,0.023223,1,0,0
0.6,0.06,0.049685,1,0,0
0.62,0.06,0.041337,1,0,0
0.64,0.06,0.042682,1,0,0
0.66,0.06,0.017525,1,0,0
0.68,0.06,0.017165,1,0,0
0.7,0.06,0.01685,1,0,0
0.72,0.06,0.020806,1,0,0
0.74,0.06,0.012988,1,0,0
0.76,0.06,0.0061074,1,0,0
0.78,0.06,0.023829,1,0,0
0.8,0.06,0.023868,1,0,0
0.82,0.06,0.027069,1,0,0
0.84,0.06,0.020893,1,0,0
0.86,0.06,0.031427,1,0,0
0.88,0.06,0.032358,1,0,0
0.9,0.06,0.010327,1,0,0
0.92,0.06,0.025164,1,0,0
0.94,0.06,0.0034911,1,0,0
0.96,0.06,-0.0039377,1,0,0
0.98,0.06,0.050522,1,0,0
0.02,0.08,-0.021505,1,0,0
0.04,0.08,-0.029476,1,0,0
0.06,0.08,-0.020891,1,0,0
0.08,0.08,-0.033693,1,0,0
0.1,0.08,-0.017206,1,0,0
0.12,0.08,0.00058333,1,0,0
0.14,0.08,0.008905,1,0,0
0.16,0.08,0.027532,1,0,0
0.18,0.08,0.083604,1,0,0
0.2,0.08,0.054184,1,0,0
0.22,0.08,0.062933,1,0,0
0.24,0.08,0.045062,1,0,0
0.26,0.08,0.049389,1,0,0
0.28,0.08,0.06529,1,0,0
0.3,0.08,0.089978,1,0,0
0.32,0.08,0.073725,1,0,0
0.34,0.08,0.0665,1,0,0
0.36,0.08,0.086182,1,0,0
0.38,0.08,0.082775,1,0,0
0.4,0.08,0.067171,1,0,0
0.42,0.08,0.087129,1,0,0
0.44,0.08,0.070363,1,0,0
0.46,0.08,0.059183,1,0,0
0.48,0.08,0.059089,1,0,0
0.5,0.08,0.056772,1,0,0
0.52,0.08,0.079483,1,0,0
0.54,0.08,0.087133,1,0,0
0.56,0.08,0.059572,1,0,0
0.58,0.08,0.061589,1,0,0
0.6,0.08,0.041386,1,0,0
0.62,0.08,0.051982,1,0,0
0.64,0.08,0.043971,1,0,0
0.66,0.08,0.024801,1,0,0
0.68,0.08,0.025129,1,0,0
0.7,0.08,0.026753,1,0,0
0.72,0.08,0.044859,1,0,0
0.74,0.08,0.027378,1,0,0
0.76,0.08,0.0090107,1,0,0
0.78,0.08,-0.0021099,1,0,0
0.8,0.08,0.029892,1,0,0
0.82,0.08,0.02212,1,0,0
0.84,0.08,0.01745,1,0,0
0.86,0.08,0.037025,1,0,0
0.88,0.08,0.023297,1,0,0
0.9,0.08,0.015851,1,0,0
0.92,0.08,0.020973,1,0,0
0.94,0.08,0.011316,1,0,0
0.96,0.08,0.016972,1,0,0
0.98,0.08,0.015641,1,0,0
0.02,0.1,-0.018252,1,0,0
0.04,0.1,-0.036818,1,0,0
0.06,0.1,-0.026816,1,0,0
0.08,0.1,-0.021519,1,0,0
0.1,0.1,-0.010532,1,0,0
0.12,0.1,-0.010045,1,0,0
0.14,0.1,0.019754,1,0,0
0.16,0.1,0.005024,1,0,0
0.18,0.1,0.030241,1,0,0
0.2,0.1,0.022546,1,0,0
0.22,0.1,0.032334,1,0,0
0.24,0.1,0.032249,1,0,0
0.26,0.1,0.031631,1,0,0
0.28,0.1,0.061875,1,0,0
0.3,0.1,0.080461,1,0,0
0.32,0.1,0.070532,1,0,0
0.34,0.1,0.084126,1,0,0
0.36,0.1,0.095965,1,0,0
0.38,0.1,0.085409,1,0,0
0.4,0.1,0.072682,1,0,0
0.42,0.1,0.086466,1,0,0
0.44,0.1,0.062273,1,0,0
0.46,0.1,0.062482,1,0,0
0.48,0.1,0.054076,1,0,0
0.5,0.1,0.037652,1,0,0
0.52,0.1,0.050941,1,0,0
0.54,0.1,0.064931,1,0,0
0.56,0.1,0.061324,1,0,0
0.58,0.1,0.058659,1,0,0
0.6,0.1,0.048874,1,0,0
0.62,0.1,0.06634,1,0,0
0.64,0.1,0.044789,1,0,0
0.66,0.1,0.046879,1,0,0
0.68,0.1,0.041703,1,0,0
0.7,0.1,0.041809,1,0,0
0.72,0.1,0.05225,1,0,0
0.74,0.1,0.043209,1,0,0
0.76,0.1,0.020923,1,0,0
0.78,0.1,-0.018985,1,0,0
0.8,0.1,-0.021528,1,0,0
0.82,0.1,0.012656,1,0,0
0.84,0.1,0.006391,1,0,0
0.86,0.1,0.029152,1,0,0
0.88,0.1,0.036785,1,0,0
0.9,0.1,0.0036648,1,0,0
0.92,0.1,0.0060456,1,0,0
0.94,0.1,-0.0014737,1,0,0
0.96,0.1,0.023404,1,0,0
0.98,0.1,0.014805,1,0,0
0.02,0.12,0.00096609,1,0,0
0.04,0.12,-0.024088,1,0,0
0.06,0.12,-0.017214,1,0,0
0.08,0.12,-0.034524,1,0,0
0.1,0.12,-0.011112,1,0,0
0.12,0.12,-0.0021362,1,0,0
0.14,0.12,-0.007495,1,0,0
0.16,0.12,0.0098901,1,0,0
0.18,0.12,0.03157,1,0,0
0.2,0.12,0.028513,1,0,0
0.22,0.12,0.030348,1,0,0
0.24,0.12,0.023268,1,0,0
0.26,0.12,0.045803,1,0,0
0.28,0.12,0.05521,1,0,0
0.3,0.12,0.076778,1,0,0
0.32,0.12,0.087305,1,0,0
0.34,0.12,0.066059,1,0,0
0.36,0.12,0.07394,1,0,0
0.38,0.12,0.098669,1,0,0
0.4,0.12,0.10176,1,0,0
0.42,0.12,0.092189,1,0,0
0.44,0.12,0.074659,1,0,0
0.46,0.12,0.068195,1,0,0
0.48,0.12,0.04906,1,0,0
0.5,0.12,0.037815,1,0,0
0.52,0.12,0.049846,1,0,0
0.54,0.12,0.048121,1,0,0
0.56,0.12,0.063848,1,0,0
0.58,0.12,0.09135,1,0,0
0.6,0.12,0.079641,1,0,0
0.62,0.12,0.058284,1,0,0
0.64,0.12,0.073936,1,0,0
0.66,0.12,0.057466,1,0,0
0.68,0.12,0.04926,1,0,0
0.7,0.12,0.045292,1,0,0
0.72,0.12,0.027781,1,0,0
0.74,0.12,0.030623,1,0,0
0.76,0.12,0.022855,1,0,0
0.78,0.12,0.018434,1,0,0
0.8,0.12,0.022807,1,0,0
0.82,0.12,0.021527,1,0,0
0.84,0.12,0.023395,1,0,0
0.86,0.12,0.015693,1,0,0
0.88,0.12,0.015089,1,0,0
0.9,0.12,0.0066015,1,0,0
0.92,0.12,0.0028215,1,0,0
0.94,0.12,-0.0086572,1,0,0
0.96,0.12,0.0015927,1,0,0
0.98,0.12,0.034449,1,0,0
0.02,0.14,0.0068621,1,0,0
0.04,0.14,-0.015529,1,0,0
0.06,0.14,-0.044778,1,0,0
0.08,0.14,-0.047237,1,0,0
0.1,0.14,-0.0232,1,0,0
0.12,0.14,-0.013977,1,0,0
0.14,0.14,-0.018908,1,0,0
0.16,0.14,-0.01725,1,0,0
0.18,0.14,0.013841,1,0,0
0.2,0.14,0.024982,1,0,0
0.22,0.14,0.025538,1,0,0
0.24,0.14,0.02872,1,0,0
0.26,0.14,0.047625,1,0,0
0.28,0.14,0.070937,1,0,0
0.3,0.14,0.061775,1,0,0
0.32,0.14,0.07563,1,0,0
0.34,0.14,0.078876,1,0,0
0.36,0.14,0.073942,1,0,0
0.38,0.14,0.062764,1,0,0
0.4,0.14,0.083606,1,0,0
0.42,0.14,0.054988,1,0,0
0.44,0.14,0.055785,1,0,0
0.46,0.14,0.079079,1,0,0
0.48,0.14,0.092081,1,0,0
0.5,0.14,0.061261,1,0,0
0.52,0.14,0.053929,1,0,0
0.54,0.14,0.054729,1,0,0
0.56,0.14,0.081978,1,0,0
0.58,0.14,0.080455,1,0,0
0.6,0.14,0.070721,1,0,0
0.62,0.14,0.073952,1,0,0
0.64,0.14,0.060226,1,0,0
0.66,0.14,0.044584,1,0,0
0.68,0.14,0.048532,1,0,0
0.7,0.14,0.045074,1,0,0
0.72,0.14,0.028747,1,0,0
0.74,0.14,0.0079984,1,0,0
0.76,0.14,0.033112,1,0,0
0.78,0.14,0.023329,1,0,0
0.8,0.14,0.0065665,1,0,0
0.82,0.14,0.0061613,1,0,0
0.84,0.14,0.007161,1,0,0
0.86,0.14,0.0057436,1,0,0
0.88,0.14,0.022066,1,0,0
0.9,0.14,-0.005077,1,0,0
0.92,0.14,-0.0086595,1,0,0
0.94,0.14,-0.011275,1,0,0
0.96,0.14,-0.0064467,1,0,0
0.98,0.14,0.022765,1,0,0
0.02,0.16,0.034083,1,0,0
0.04,0.16,0.031836,1,0,0
0.06,0.16,-0.017793,1,0,0
0.08,0.16,-0.04118,1,0,0
0.1,0.16,-0.024045,1,0,0
0.12,0.16,0.0040936,1,0,0
0.14,0.16,-0.0030783,1,0,0
0.16,0.16,0.011302,1,0,0
0.18,0.16,0.018922,1,0,0
0.2,0.16,0.034839,1,0,0
0.22,0.16,0.034789,1,0,0
0.24,0.16,0.041219,1,0,0
0.26,0.16,0.050656,1,0,0
0.28,0.16,0.081542,1,0,0
0.3,0.16,0.075716,1,0,0
0.32,0.16,0.090397,1,0,0
0.34,0.16,0.085857,1,0,0
0.36,0.16,0.062289,1,0,0
0.38,0.16,0.070594,1,0,0
0.4,0.16,0.059427,1,0,0
0.42,0.16,0.067951,1,0,0
0.44,0.16,0.087191,1,0,0
0.46,0.16,0.09626,1,0,0
0.48,0.16,0.096431,1,0,0
0.5,0.16,0.063794,1,0,0
0.52,0.16,0.094526,1,0,0
0.54,0.16,0.082297,1,0,0
0.56,0.16,0.10055,1,0,0
0.58,0.16,0.083573,1,0,0
0.6,0.16,0.067642,1,0,0
0.62,0.16,0.062519,1,0,0
0.64,0.16,0.07992,1,0,0
0.66,0.16,0.055161,1,0,0
0.68,0.16,0.049985,1,0,0
0.7,0.16,0.043178,1,0,0
0.72,0.16,0.042215,1,0,0
0.74,0.16,0.0079919,1,0,0
0.76,0.16,0.03396,1,0,0
0.78,0.16,0.038673,1,0,0
0.8,0.16,0.014478,1,0,0
0.82,0.16,0.017729,1,0,0
0.84,0.16,0.0015184,1,0,0
0.86,0.16,0.0007503,1,0,0
0.88,0.16,0.0018165,1,0,0
0.9,0.16,0.01107,1,0,0
0.92,0.16,0.025037,1,0,0
0.94,0.16,0.029065,1,0,0
0.96,0.16,0.045832,1,0,0
0.98,0.16,0.023907,1,0,0
0.02,0.18,0.023717,1,0,0
0.04,0.18,0.010359,1,0,0
0.06,0.18,-0.0085837,1,0,0
0.08,0.18,-0.0025555,1,0,0
0.1,0.18,-0.0081695,1,0,0
0.12,0.18,-0.0084411,1,0,0
0.14,0.18,-0.0058921,1,0,0
0.16,0.18,0.0080672,1,0,0
0.18,0.18,0.0063859,1,0,0
0.2,0.18,0.022402,1,0,0
0.22,0.18,0.066152,1,0,0
0.24,0.18,0.060244,1,0,0
0.26,0.18,0.070169,1,0,0
0.28,0.18,0.084173,1,0,0
0.3,0.18,0.083133,1,0,0
0.32,0.18,0.063578,1,0,0
0.34,0.18,0.058728,1,0,0
0.36,0.18,0.063965,1,0,0
0.38,0.18,0.069484,1,0,0
0.4,0.18,0.065249,1,0,0
0.42,0.18,0.072878,1,0,0
0.44,0.18,0.10279,1,0,0
0.46,0.18,0.12433,1,0,0
0.48,0.18,0.10896,1,0,0
0.5,0.18,0.095584,1,0,0
0.52,0.18,0.086493,1,0,0
0.54,0.18,0.064606,1,0,0
0.56,0.18,0.079512,1,0,0
0.58,0.18,0.09111,1,0,0
0.6,0.18,0.088365,1,0,0
0.62,0.18,0.069921,1,0,0
0.64,0.18,0.083222,1,0,0
0.66,0.18,0.062147,1,0,0
0.68,0.18,0.053093,1,0,0
0.7,0.18,0.017436,1,0,0
0.72,0.18,0.024098,1,0,0
0.74,0.18,0.010989,1,0,0
0.76,0.18,0.024519,1,0,0
0.78,0.18,0.0086913,1,0,0
0.8,0.18,0.014532,1,0,0
0.82,0.18,0.0044324,1,0,0
0.84,0.18,0.0015689,1,0,0
0.86,0.18,-0.0028851,1,0,0
0.88,0.18,0.018859,1,0,0
0.9,0.18,0.015193,1,0,0
0.92,0.18,0.0074534,1,0,0
0.94,0.18,0.039721,1,0,0
0.96,0.18,0.047023,1,0,0
0.98,0.18,0.062483,1,0,0
0.02,0.2,0.015646,1,0,0
0.04,0.2,-0.0081073,1,0,0
0.06,0.2,-0.0043662,1,0,0
0.08,0.2,-0.00071278,1,0,0
0.1,0.2,0.0068998,1,0,0
0.12,0.2,0.00011573,1,0,0
0.14,0.2,0.0084702,1,0,0
0.16,0.2,0.015102,1,0,0
0.18,0.2,0.02142,1,0,0
0.2,0.2,0.028427,1,0,0
0.22,0.2,0.056103,1,0,0
0.24,0.2,0.051732,1,0,0
0.26,0.2,0.074848,1,0,0
0.28,0.2,0.096816,1,0,0
0.3,0.2,0.09998,1,0,0
0.32,0.2,0.073345,1,0,0
0.34,0.2,0.047304,1,0,0
0.36,0.2,0.045232,1,0,0
0.38,0.2,0.062676,1,0,0
0.4,0.2,0.079924,1,0,0
0.42,0.2,0.096073,1,0,0
0.44,0.2,0.1039,1,0,0
0.46,0.2,0.11843,1,0,0
0.48,0.2,0.10916,1,0,0
0.5,0.2,0.11417,1,0,0
0.52,0.2,0.097769,1,0,0
0.54,0.2,0.092013,1,0,0
0.56,0.2,0.080643,1,0,0
0.58,0.2,0.078087,1,0,0
0.6,0.2,0.070178,1,0,0
0.62,0.2,0.052985,1,0,0
0.64,0.2,0.047035,1,0,0
0.66,0.2,0.049995,1,0,0
0.68,0.2,0.040674,1,0,0
0.7,0.2,0.025874,1,0,0
0.72,0.2,0.026373,1,0,0
0.74,0.2,0.014841,1,0,0
0.76,0.2,0.015285,1,0,0
0.78,0.2,0.0021373,1,0,0
0.8,0.2,0.0049827,1,0,0
0.82,0.2,0.0020956,1,0,0
0.84,0.2,-0.0011509,1,0,0
0.86,0.2,-0.015328,1,0,0
0.88,0.2,0.027691,1,0,0
0.9,0.2,0.028521,1,0,0
0.92,0.2,0.043842,1,0,0
0.94,0.2,0.051441,1,0,0
0.96,0.2,0.054266,1,0,0
0.98,0.2,0.060089,1,0,0
0.02,0.22,-0.00042161,1,0,0
0.04,0.22,-0.0081096,1,0,0
0.06,0.22,0.00041347,1,0,0
0.08,0.22,-0.013805,1,0,0
0.1,0.22,0.006771,1,0,0
0.12,0.22,0.016737,1,0,0
0.14,0.22,-0.0069568,1,0,0
0.16,0.22,-0.0081108,1,0,0
0.18,0.22,0.037356,1,0,0
0.2,0.22,0.031434,1,0,0
0.22,0.22,0.043949,1,0,0
0.24,0.22,0.063782,1,0,0
0.26,0.22,0.087098,1,0,0
0.28,0.22,0.10359,1,0,0
0.3,0.22,0.092305,1,0,0
0.32,0.22,0.069964,1,0,0
0.34,0.22,0.063788,1,0,0
0.36,0.22,0.048735,1,0,0
0.38,0.22,0.075847,1,0,0
0.4,0.22,0.078549,1,0,0
0.42,0.22,0.097397,1,0,0
0.44,0.22,0.094043,1,0,0
0.46,0.22,0.12038,1,0,0
0.48,0.22,0.11621,1,0,0
0.5,0.22,0.097698,1,0,0
0.52,0.22,0.10018,1,0,0
0.54,0.22,0.089207,1,0,0
0.56,0.22,0.0653,1,0,0
0.58,0.22,0.058544,1,0,0
0.6,0.22,0.044724,1,0,0
0.62,0.22,0.053497,1,0,0
0.64,0.22,0.032388,1,0,0
0.66,0.22,0.018785,1,0,0
0.68,0.22,0.015573,1,0,0
0.7,0.22,0.025434,1,0,0
0.72,0.22,0.036441,1,0,0
0.74,0.22,0.011874,1,0,0
0.76,0.22,0.0039686,1,0,0
0.78,0.22,-0.00052753,1,0,0
0.8,0.22,-0.0066533,1,0,0
0.82,0.22,-0.0033834,1,0,0
0.84,0.22,0.0079117,1,0,0
0.86,0.22,0.020753,1,0,0
0.88,0.22,0.023262,1,0,0
0.9,0.22,0.034659,1,0,0
0.92,0.22,0.051802,1,0,0
0.94,0.22,0.029136,1,0,0
0.96,0.22,0.068614,1,0,0
0.98,0.22,0.055622,1,0,0
0.02,0.24,-0.0084662,1,0,0
0.04,0.24,0.00046286,1,0,0
0.06,0.24,-0.017796,1,0,0
0.08,0.24,-0.032222,1,0,0
0.1,0.24,-0.028256,1,0,0
0.12,0.24,-0.021447,1,0,0
0.14,0.24,-0.022224,1,0,0
0.16,0.24,-0.016487,1,0,0
0.18,0.24,0.034067,1,0,0
0.2,0.24,0.0423,1,0,0
0.22,0.24,0.053581,1,0,0
0.24,0.24,0.069456,1,0,0
0.26,0.24,0.1008,1,0,0
0.28,0.24,0.094403,1,0,0
0.3,0.24,0.081111,1,0,0
0.32,0.24,0.05971,1,0,0
0.34,0.24,0.059538,1,0,0
0.36,0.24,0.051681,1,0,0
0.38,0.24,0.051988,1,0,0
0.4,0.24,0.084665,1,0,0
0.42,0.24,0.10993,1,0,0
0.44,0.24,0.1015,1,0,0
0.46,0.24,0.11031,1,0,0
0.48,0.24,0.10858,1,0,0
0.5,0.24,0.084006,1,0,0
0.52,0.24,0.08579,1,0,0
0.54,0.24,0.1053,1,0,0
0.56,0.24,0.068811,1,0,0
0.58,0.24,0.018427,1,0,0
0.6,0.24,0.021072,1,0,0
0.62,0.24,0.046857,1,0,0
0.64,0.24,0.027777,1,0,0
0.66,0.24,0.0040928,1,0,0
0.68,0.24,-0.0083532,1,0,0
0.7,0.24,-0.0065438,1,0,0
0.72,0.24,0.00049345,1,0,0
0.74,0.24,-0.018536,1,0,0
0.76,0.24,0.0046055,1,0,0
0.78,0.24,0.0067995,1,0,0
0.8,0.24,0.021145,1,0,0
0.82,0.24,0.036127,1,0,0
0.84,0.24,0.033287,1,0,0
0.86,0.24,0.016821,1,0,0
0.88,0.24,0.015596,1,0,0
0.9,0.24,0.0074633,1,0,0
0.92,0.24,0.029959,1,0,0
0.94,0.24,0.030243,1,0,0
0.96,0.24,0.024009,1,0,0
0.98,0.24,0.034163,1,0,0
0.02,0.26,-0.020489,1,0,0
0.04,0.26,-0.044606,1,0,0
0.06,0.26,-0.013828,1,0,0
0.08,0.26,-0.027921,1,0,0
0.1,0.26,-0.028804,1,0,0
0.12,0.26,-0.025704,1,0,0
0.14,0.26,-0.050113,1,0,0
0.16,0.26,-0.011387,1,0,0
0.18,0.26,0.017626,1,0,0
0.2,0.26,0.033601,1,0,0
0.22,0.26,0.049049,1,0,0
0.24,0.26,0.077152,1,0,0
0.26,0.26,0.081538,1,0,0
0.28,0.26,0.067476,1,0,0
0.3,0.26,0.062948,1,0,0
0.32,0.26,0.058206,1,0,0
0.34,0.26,0.050391,1,0,0
0.36,0.26,0.070957,1,0,0
0.38,0.26,0.067514,1,0,0
0.4,0.26,0.064948,1,0,0
0.42,0.26,0.06543,1,0,0
0.44,0.26,0.073407,1,0,0
0.46,0.26,0.090718,1,0,0
0.48,0.26,0.096419,1,0,0
0.5,0.26,0.090363,1,0,0
0.52,0.26,0.097959,1,0,0
0.54,0.26,0.058326,1,0,0
0.56,0.26,0.032348,1,0,0
0.58,0.26,0.0092899,1,0,0
0.6,0.26,0.0086702,1,0,0
0.62,0.26,-0.0041422,1,0,0
0.64,0.26,0.019434,1,0,0
0.66,0.26,-0.013867,1,0,0
0.68,0.26,-0.022604,1,0,0
0.7,0.26,-0.015257,1,0,0
0.72,0.26,-0.026183,1,0,0
0.74,0.26,-0.0074348,1,0,0
0.76,0.26,-0.012286,1,0,0
0.78,0.26,0.0076599,1,0,0
0.8,0.26,0.033252,1,0,0
0.82,0.26,0.029785,1,0,0
0.84,0.26,0.033511,1,0,0
0.86,0.26,0.017512,1,0,0
0.88,0.26,0.015147,1,0,0
0.9,0.26,0.024785,1,0,0
0.92,0.26,0.024942,1,0,0
0.94,0.26,-0.0090908,1,0,0
0.96,0.26,0.0023599,1,0,0
0.98,0.26,0.028028,1,0,0
0.02,0.28,-0.001102,1,0,0
0.04,0.28,-0.021556,1,0,0
0.06,0.28,-0.024743,1,0,0
0.08,0.28,0.0033568,1,0,0
0.1,0.28,-0.018271,1,0,0
0.12,0.28,-0.028006,1,0,0
0.14,0.28,0.0042983,1,0,0
0.16,0.28,0.020513,1,0,0
0.18,0.28,0.03359,1,0,0
0.2,0.28,0.041796,1,0,0
0.22,0.28,0.057204,1,0,0
0.24,0.28,0.073228,1,0,0
0.26,0.28,0.054759,1,0,0
0.28,0.28,0.071853,1,0,0
0.3,0.28,0.067807,1,0,0
0.32,0.28,0.056997,1,0,0
0.34,0.28,0.067712,1,0,0
0.36,0.28,0.10614,1,0,0
0.38,0.28,0.089012,1,0,0
0.4,0.28,0.089801,1,0,0
0.42,0.28,0.087888,1,0,0
0.44,0.28,0.091708,1,0,0
0.46,0.28,0.082246,1,0,0
0.48,0.28,0.086871,1,0,0
0.5,0.28,0.078793,1,0,0
0.52,0.28,0.10015,1,0,0
0.54,0.28,0.071048,1,0,0
0.56,0.28,0.055531,1,0,0
0.58,0.28,0.01906,1,0,0
0.6,0.28,0.017982,1,0,0
0.62,0.28,0.0088168,1,0,0
0.64,0.28,0.023791,1,0,0
0.66,0.28,0.024319,1,0,0
0.68,0.28,0.014545,1,0,0
0.7,0.28,-0.0010037,1,0,0
0.72,0.28,0.00029011,1,0,0
0.74,0.28,-0.023352,1,0,0
0.76,0.28,-0.00016092,1,0,0
0.78,0.28,0.012774,1,0,0
0.8,0.28,0.048054,1,0,0
0.82,0.28,0.067102,1,0,0
0.84,0.28,0.022269,1,0,0
0.86,0.28,0.021616,1,0,0
0.88,0.28,0.046324,1,0,0
0.9,0.28,0.046765,1,0,0
0.92,0.28,0.032252,1,0,0
0.94,0.28,0.021939,1,0,0
0.96,0.28,0.0064799,1,0,0
0.98,0.28,0.02753,1,0,0
0.02,0.3,0.0034329,1,0,0
0.04,0.3,-0.0080998,1,0,0
0.06,0.3,-0.0084332,1,0,0
0.08,0.3,-0.0028686,1,0,0
0.1,0.3,0.0021456,1,0,0
0.12,0.3,0.0039065,1,0,0
0.14,0.3,0.0029761,1,0,0
0.16,0.3,0.0083966,1,0,0
0.18,0.3,0.026716,1,0,0
0.2,0.3,0.027507,1,0,0
0.22,0.3,0.063329,1,0,0
0.24,0.3,0.076345,1,0,0
0.26,0.3,0.070303,1,0,0
0.28,0.3,0.06676,1,0,0
0.3,0.3,0.037461,1,0,0
0.32,0.3,0.040544,1,0,0
0.34,0.3,0.057088,1,0,0
0.36,0.3,0.099691,1,0,0
0.38,0.3,0.084824,1,0,0
0.4,0.3,0.083073,1,0,0
0.42,0.3,0.081211,1,0,0
0.44,0.3,0.09923,1,0,0
0.46,0.3,0.092155,1,0,0
0.48,0.3,0.075264,1,0,0
0.5,0.3,0.051409,1,0,0
0.52,0.3,0.082519,1,0,0
0.54,0.3,0.064103,1,0,0
0.56,0.3,0.042757,1,0,0
0.58,0.3,0.037855,1,0,0
0.6,0.3,0.018786,1,0,0
0.62,0.3,0.025292,1,0,0
0.64,0.3,0.051467,1,0,0
0.66,0.3,0.023869,1,0,0
0.68,0.3,0.01745,1,0,0
0.7,0.3,0.014038,1,0,0
0.72,0.3,0.0089744,1,0,0
0.74,0.3,-0.020492,1,0,0
0.76,0.3,-0.01032,1,0,0
0.78,0.3,0.0042636,1,0,0
0.8,0.3,0.051643,1,0,0
0.82,0.3,0.052839,1,0,0
0.84,0.3,0.034967,1,0,0
0.86,0.3,0.050564,1,0,0
0.88,0.3,0.043758,1,0,0
0.9,0.3,0.045681,1,0,0
0.92,0.3,0.017029,1,0,0
0.94,0.3,0.0066387,1,0,0
0.96,0.3,0.013504,1,0,0
0.98,0.3,0.025922,1,0,0
0.02,0.32,0.016897,1,0,0
0.04,0.32,0.0021738,1,0,0
0.06,0.32,0.002599,1,0,0
0.08,0.32,-0.011151,1,0,0
0.1,0.32,0.0085621,1,0,0
0.12,0.32,0.012737,1,0,0
0.14,0.32,0.010401,1,0,0
0.16,0.32,0.011798,1,0,0
0.18,0.32,0.02576,1,0,0
0.2,0.32,0.040449,1,0,0
0.22,0.32,0.04343,1,0,0
0.24,0.32,0.07615,1,0,0
0.26,0.32,0.10228,1,0,0
0.28,0.32,0.065627,1,0,0
0.3,0.32,0.0347,1,0,0
0.32,0.32,0.035456,1,0,0
0.34,0.32,0.043213,1,0,0
0.36,0.32,0.056079,1,0,0
0.38,0.32,0.05157,1,0,0
0.4,0.32,0.071836,1,0,0
0.42,0.32,0.065779,1,0,0
0.44,0.32,0.07541,1,0,0
0.46,0.32,0.089075,1,0,0
0.48,0.32,0.061571,1,0,0
0.5,0.32,0.061032,1,0,0
0.52,0.32,0.076608,1,0,0
0.54,0.32,0.083909,1,0,0
0.56,0.32,0.069706,1,0,0
0.58,0.32,0.031428,1,0,0
0.6,0.32,0.014505,1,0,0
0.62,0.32,0.0171,1,0,0
0.64,0.32,0.046166,1,0,0
0.66,0.32,0.03343,1,0,0
0.68,0.32,0.014259,1,0,0
0.7,0.32,0.035863,1,0,0
0.72,0.32,0.0044577,1,0,0
0.74,0.32,-0.01439,1,0,0
0.76,0.32,-0.0073825,1,0,0
0.78,0.32,0.024463,1,0,0
0.8,0.32,0.03504,1,0,0
0.82,0.32,0.055078,1,0,0
0.84,0.32,0.051533,1,0,0
0.86,0.32,0.045034,1,0,0
0.88,0.32,0.065945,1,0,0
0.9,0.32,0.042258,1,0,0
0.92,0.32,0.044631,1,0,0
0.94,0.32,0.01243,1,0,0
0.96,0.32,-0.004139,1,0,0
0.98,0.32,0.0094501,1,0,0
0.02,0.34,0.0086403,1,0,0
0.04,0.34,-0.017005,1,0,0
0.06,0.34,-0.010512,1,0,0
0.08,0.34,-0.012959,1,0,0
0.1,0.34,0.01035,1,0,0
0.12,0.34,0.0033514,1,0,0
0.14,0.34,0.0042731,1,0,0
0.16,0.34,0.0016415,1,0,0
0.18,0.34,0.026884,1,0,0
0.2,0.34,0.030831,1,0,0
0.22,0.34,0.060529,1,0,0
0.24,0.34,0.059052,1,0,0
0.26,0.34,0.081869,1,0,0
0.28,0.34,0.058271,1,0,0
0.3,0.34,0.031231,1,0,0
0.32,0.34,0.030637,1,0,0
0.34,0.34,0.050802,1,0,0
0.36,0.34,0.044123,1,0,0
0.38,0.34,0.052878,1,0,0
0.4,0.34,0.066001,1,0,0
0.42,0.34,0.061995,1,0,0
0.44,0.34,0.038741,1,0,0
0.46,0.34,0.062009,1,0,0
0.48,0.34,0.063201,1,0,0
0.5,0.34,0.061669,1,0,0
0.52,0.34,0.066513,1,0,0
0.54,0.34,0.071067,1,0,0
0.56,0.34,0.052746,1,0,0
0.58,0.34,0.041252,1,0,0
0.6,0.34,0.028133,1,0,0
0.62,0.34,0.045013,1,0,0
0.64,0.34,0.044234,1,0,0
0.66,0.34,0.028042,1,0,0
0.68,0.34,0.030314,1,0,0
0.7,0.34,0.035482,1,0,0
0.72,0.34,0.0065478,1,0,0
0.74,0.34,0.0085574,1,0,0
0.76,0.34,0.012349,1,0,0
0.78,0.34,0.0017456,1,0,0
0.8,0.34,0.037541,1,0,0
0.82,0.34,0.048497,1,0,0
0.84,0.34,0.053774,1,0,0
0.86,0.34,0.037937,1,0,0
0.88,0.34,0.05704,1,0,0
0.9,0.34,0.054566,1,0,0
0.92,0.34,0.034268,1,0,0
0.94,0.34,0.0064138,1,0,0
0.96,0.34,0.0007545,1,0,0
0.98,0.34,0.0036248,1,0,0
0.02,0.36,0.011886,1,0,0
0.04,0.36,0.020841,1,0,0
0.06,0.36,0.014292,1,0,0
0.08,0.36,0.012717,1,0,0
0.1,0.36,0.010645,1,0,0
0.12,0.36,-0.0029517,1,0,0
0.14,0.36,-0.0090412,1,0,0
0.16,0.36,-0.0044817,1,0,0
0.18,0.36,0.029857,1,0,0
0.2,0.36,0.030299,1,0,0
0.22,0.36,0.044815,1,0,0
0.24,0.36,0.05295,1,0,0
0.26,0.36,0.069088,1,0,0
0.28,0.36,0.067456,1,0,0
0.3,0.36,0.066107,1,0,0
0.32,0.36,0.030876,1,0,0
0.34,0.36,0.034163,1,0,0
0.36,0.36,0.023433,1,0,0
0.38,0.36,0.06347,1,0,0
0.4,0.36,0.053288,1,0,0
0.42,0.36,0.061513,1,0,0
0.44,0.36,0.050539,1,0,0
0.46,0.36,0.060637,1,0,0
0.48,0.36,0.041987,1,0,0
0.5,0.36,0.043872,1,0,0
0.52,0.36,0.050707,1,0,0
0.54,0.36,0.037768,1,0,0
0.56,0.36,0.028679,1,0,0
0.58,0.36,0.022188,1,0,0
0.6,0.36,0.030377,1,0,0
0.62,0.36,0.045088,1,0,0
0.64,0.36,0.057311,1,0,0
0.66,0.36,0.062519,1,0,0
0.68,0.36,0.047883,1,0,0
0.7,0.36,0.031106,1,0,0
0.72,0.36,0.024786,1,0,0
0.74,0.36,-0.0081764,1,0,0
0.76,0.36,0.015884,1,0,0
0.78,0.36,0.024982,1,0,0
0.8,0.36,0.044588,1,0,0
0.82,0.36,0.066204,1,0,0
0.84,0.36,0.052767,1,0,0
0.86,0.36,0.037535,1,0,0
0.88,0.36,0.049896,1,0,0
0.9,0.36,0.053783,1,0,0
0.92,0.36,0.045579,1,0,0
0.94,0.36,0.026302,1,0,0
0.96,0.36,0.029492,1,0,0
0.98,0.36,0.012342,1,0,0
0.02,0.38,0.018178,1,0,0
0.04,0.38,-0.00026731,1,0,0
0.06,0.38,0.0014987,1,0,0
0.08,0.38,-0.0065139,1,0,0
0.1,0.38,0.0045949,1,0,0
0.12,0.38,-0.00030936,1,0,0
0.14,0.38,-0.023991,1,0,0
0.16,0.38,-0.0076932,1,0,0
0.18,0.38,-0.0010333,1,0,0
0.2,0.38,0.019491,1,0,0
0.22,0.38,0.050208,1,0,0
0.24,0.38,0.041687,1,0,0
0.26,0.38,0.050803,1,0,0
0.28,0.38,0.062155,1,0,0
0.3,0.38,0.066825,1,0,0
0.32,0.38,0.033927,1,0,0
0.34,0.38,0.038799,1,0,0
0.36,0.38,0.047738,1,0,0
0.38,0.38,0.042932,1,0,0
0.4,0.38,0.039055,1,0,0
0.42,0.38,0.048329,1,0,0
0.44,0.38,0.044125,1,0,0
0.46,0.38,0.041528,1,0,0
0.48,0.38,0.030668,1,0,0
0.5,0.38,0.032044,1,0,0
0.52,0.38,0.021758,1,0,0
0.54,0.38,0.020157,1,0,0
0.56,0.38,0.0091378,1,0,0
0.58,0.38,-0.010916,1,0,0
0.6,0.38,0.023431,1,0,0
0.62,0.38,0.051588,1,0,0
0.64,0.38,0.069818,1,0,0
0.66,0.38,0.047361,1,0,0
0.68,0.38,0.041512,1,0,0
0.7,0.38,0.024532,1,0,0
0.72,0.38,0.024393,1,0,0
0.74,0.38,0.025743,1,0,0
0.76,0.38,0.017599,1,0,0
0.78,0.38,0.016264,1,0,0
0.8,0.38,0.041701,1,0,0
0.82,0.38,0.045613,1,0,0
0.84,0.38,0.047717,1,0,0
0.86,0.38,0.040916,1,0,0
0.88,0.38,0.047547,1,0,0
0.9,0.38,0.032345,1,0,0
0.92,0.38,0.040224,1,0,0
0.94,0.38,0.052248,1,0,0
0.96,0.38,0.042956,1,0,0
0.98,0.38,-0.0045422,1,0,0
0.02,0.4,0.0035555,1,0,0
0.04,0.4,-0.0021352,1,0,0
0.06,0.4,-0.0068372,1,0,0
0.08,0.4,-0.021054,1,0,0
0.1,0.4,-0.001926,1,0,0
0.12,0.4,-0.00092482,1,0,0
0.14,0.4,-0.014793,1,0,0
0.16,0.4,0.00067781,1,0,0
0.18,0.4,0.019929,1,0,0
0.2,0.4,0.015789,1,0,0
0.22,0.4,0.027865,1,0,0
0.24,0.4,0.0353,1,0,0
0.26,0.4,0.051642,1,0,0
0.28,0.4,0.060705,1,0,0
0.3,0.4,0.07225,1,0,0
0.32,0.4,0.05328,1,0,0
0.34,0.4,0.026392,1,0,0
0.36,0.4,0.051151,1,0,0
0.38,0.4,0.049324,1,0,0
0.4,0.4,0.050667,1,0,0
0.42,0.4,0.042735,1,0,0
0.44,0.4,0.041241,1,0,0
0.46,0.4,0.023831,1,0,0
0.48,0.4,0.019125,1,0,0
0.5,0.4,0.018028,1,0,0
0.52,0.4,0.0017858,1,0,0
0.54,0.4,-0.0013069,1,0,0
0.56,0.4,0.0059527,1,0,0
0.58,0.4,0.00037845,1,0,0
0.6,0.4,0.01998,1,0,0
0.62,0.4,0.028246,1,0,0
0.64,0.4,0.058435,1,0,0
0.66,0.4,0.052822,1,0,0
0.68,0.4,0.045615,1,0,0
0.7,0.4,0.021591,1,0,0
0.72,0.4,0.030359,1,0,0
0.74,0.4,0.01845,1,0,0
0.76,0.4,0.024233,1,0,0
0.78,0.4,0.027712,1,0,0
0.8,0.4,0.054645,1,0,0
0.82,0.4,0.031262,1,0,0
0.84,0.4,0.049651,1,0,0
0.86,0.4,0.050153,1,0,0
0.88,0.4,0.050579,1,0,0
0.9,0.4,0.047065,1,0,0
0.92,0.4,0.050745,1,0,0
0.94,0.4,0.055902,1,0,0
0.96,0.4,0.015569,1,0,0
0.98,0.4,0.0040805,1,0,0
0.02,0.42,-0.0057729,1,0,0
0.04,0.42,-0.016338,1,0,0
0.06,0.42,-0.026305,1,0,0
0.08,0.42,-0.038554,1,0,0
0.1,0.42,-0.0038903,1,0,0
0.12,0.42,0.010715,1,0,0
0.14,0.42,-0.012178,1,0,0
0.16,0.42,-0.020651,1,0,0
0.18,0.42,0.0085337,1,0,0
0.2,0.42,0.012625,1,0,0
0.22,0.42,0.016664,1,0,0
0.24,0.42,0.05393,1,0,0
0.26,0.42,0.043319,1,0,0
0.28,0.42,0.063002,1,0,0
0.3,0.42,0.062519,1,0,0
0.32,0.42,0.044247,1,0,0
0.34,0.42,0.021452,1,0,0
0.36,0.42,0.016194,1,0,0
0.38,0.42,0.023524,1,0,0
0.4,0.42,0.033147,1,0,0
0.42,0.42,0.032487,1,0,0
0.44,0.42,0.011068,1,0,0
0.46,0.42,0.0049376,1,0,0
0.48,0.42,0.015665,1,0,0
0.5,0.42,-0.013621,1,0,0
0.52,0.42,-0.022457,1,0,0
0.54,0.42,-0.021354,1,0,0
0.56,0.42,0.0080698,1,0,0
0.58,0.42,-0.00055862,1,0,0
0.6,0.42,0.023818,1,0,0
0.62,0.42,0.028331,1,0,0
0.64,0.42,0.020289,1,0,0
0.66,0.42,0.021597,1,0,0
0.68,0.42,0.019216,1,0,0
0.7,0.42,-0.00036153,1,0,0
0.72,0.42,0.010236,1,0,0
0.74,0.42,0.0014785,1,0,0
0.76,0.42,0.017025,1,0,0
0.78,0.42,0.025183,1,0,0
0.8,0.42,0.034007,1,0,0
0.82,0.42,0.039005,1,0,0
0.84,0.42,0.048661,1,0,0
0.86,0.42,0.056412,1,0,0
0.88,0.42,0.037881,1,0,0
0.9,0.42,0.037448,1,0,0
0.92,0.42,0.044707,1,0,0
0.94,0.42,0.012217,1,0,0
0.96,0.42,0.0078575,1,0,0
0.98,0.42,0.010753,1,0,0
0.02,0.44,-0.0032477,1,0,0
0.04,0.44,-0.021364,1,0,0
0.06,0.44,-0.020004,1,0,0
0.08,0.44,-0.043978,1,0,0
0.1,0.44,-0.006439,1,0,0
0.12,0.44,0.01184,1,0,0
0.14,0.44,0.003231,1,0,0
0.16,0.44,0.0071269,1,0,0
0.18,0.44,0.030405,1,0,0
0.2,0.44,0.020041,1,0,0
0.22,0.44,0.032026,1,0,0
0.24,0.44,0.047384,1,0,0
0.26,0.44,0.056273,1,0,0
0.28,0.44,0.067668,1,0,0
0.3,0.44,0.066534,1,0,0
0.32,0.44,0.030846,1,0,0
0.34,0.44,0.00053922,1,0,0
0.36,0.44,0.013681,1,0,0
0.38,0.44,0.010034,1,0,0
0.4,0.44,0.017111,1,0,0
0.42,0.44,0.014245,1,0,0
0.44,0.44,0.018131,1,0,0
0.46,0.44,0.019654,1,0,0
0.48,0.44,0.017073,1,0,0
0.5,0.44,-0.015085,1,0,0
0.52,0.44,-0.019656,1,0,0
0.54,0.44,0.0091469,1,0,0
0.56,0.44,0.016381,1,0,0
0.58,0.44,0.024058,1,0,0
0.6,0.44,0.025636,1,0,0
0.62,0.44,0.01372,1,0,0
0.64,0.44,0.0037065,1,0,0
0.66,0.44,0.017174,1,0,0
0.68,0.44,0.01938,1,0,0
0.7,0.44,-0.0020257,1,0,0
0.72,0.44,-0.017861,1,0,0
0.74,0.44,-0.0098864,1,0,0
0.76,0.44,0.0078158,1,0,0
0.78,0.44,0.023816,1,0,0
0.8,0.44,0.048423,1,0,0
0.82,0.44,0.038674,1,0,0
0.84,0.44,0.049873,1,0,0
0.86,0.44,0.057771,1,0,0
0.88,0.44,0.053112,1,0,0
0.9,0.44,0.040779,1,0,0
0.92,0.44,0.033774,1,0,0
0.94,0.44,-0.0029843,1,0,0
0.96,0.44,0.0055484,1,0,0
0.98,0.44,0.0093904,1,0,0
0.02,0.46,0.011485,1,0,0
0.04,0.46,-0.0024627,1,0,0
0.06,0.46,-0.020259,1,0,0
0.08,0.46,-0.032042,1,0,0
0.1,0.46,0.0012403,1,0,0
0.12,0.46,0.038314,1,0,0
0.14,0.46,0.039917,1,0,0
0.16,0.46,0.029329,1,0,0
0.18,0.46,0.044421,1,0,0
0.2,0.46,0.044317,1,0,0
0.22,0.46,0.045126,1,0,0
0.24,0.46,0.041252,1,0,0
0.26,0.46,0.044592,1,0,0
0.28,0.46,0.016058,1,0,0
0.3,0.46,0.045213,1,0,0
0.32,0.46,0.018359,1,0,0
0.34,0.46,0.027429,1,0,0
0.36,0.46,0.029545,1,0,0
0.38,0.46,0.018367,1,0,0
0.4,0.46,0.0025837,1,0,0
0.42,0.46,-0.0047874,1,0,0
0.44,0.46,9.6448e-05,1,0,0
0.46,0.46,0.016095,1,0,0
0.48,0.46,-0.01015,1,0,0
0.5,0.46,-0.01115,1,0,0
0.52,0.46,-0.01073,1,0,0
0.54,0.46,0.01333,1,0,0
0.56,0.46,0.021974,1,0,0
0.58,0.46,0.016105,1,0,0
0.6,0.46,0.024536,1,0,0
0.62,0.46,0.015158,1,0,0
0.64,0.46,0.023232,1,0,0
0.66,0.46,0.0086249,1,0,0
0.68,0.46,-0.0043114,1,0,0
0.7,0.46,-0.0061891,1,0,0
0.72,0.46,-0.010358,1,0,0
0.74,0.46,-0.0089684,1,0,0
0.76,0.46,0.0078234,1,0,0
0.78,0.46,0.015167,1,0,0
0.8,0.46,0.022048,1,0,0
0.82,0.46,0.024911,1,0,0
0.84,0.46,0.040078,1,0,0
0.86,0.46,0.046615,1,0,0
0.88,0.46,0.051366,1,0,0
0.9,0.46,0.038236,1,0,0
0.92,0.46,0.04162,1,0,0
0.94,0.46,0.029773,1,0,0
0.96,0.46,0.018981,1,0,0
0.98,0.46,0.038451,1,0,0
0.02,0.48,0.015814,1,0,0
0.04,0.48,0.0044536,1,0,0
0.06,0.48,0.011731,1,0,0
0.08,0.48,0.0092598,1,0,0
0.1,0.48,0.018036,1,0,0
0.12,0.48,0.011,1,0,0
0.14,0.48,0.02771,1,0,0
0.16,0.48,0.032835,1,0,0
0.18,0.48,0.040877,1,0,0
0.2,0.48,0.044884,1,0,0
0.22,0.48,0.044307,1,0,0
0.24,0.48,0.031878,1,0,0
0.26,0.48,0.027179,1,0,0
0.28,0.48,0.033975,1,0,0
0.3,0.48,0.028754,1,0,0
0.32,0.48,0.00082776,1,0,0
0.34,0.48,0.017138,1,0,0
0.36,0.48,0.001101,1,0,0
0.38,0.48,0.000235,1,0,0
0.4,0.48,-0.018073,1,0,0
0.42,0.48,0.0015982,1,0,0
0.44,0.48,-0.022617,1,0,0
0.46,0.48,0.0033677,1,0,0
0.48,0.48,0.015117,1,0,0
0.5,0.48,-0.0052546,1,0,0
0.52,0.48,-0.0026135,1,0,0
0.54,0.48,-0.0025829,1,0,0
0.56,0.48,0.010665,1,0,0
0.58,0.48,0.013532,1,0,0
0.6,0.48,0.0050111,1,0,0
0.62,0.48,0.0070142,1,0,0
0.64,0.48,0.02293,1,0,0
0.66,0.48,0.0089093,1,0,0
0.68,0.48,0.0072776,1,0,0
0.7,0.48,0.0022579,1,0,0
0.72,0.48,-0.030206,1,0,0
0.74,0.48,-0.019385,1,0,0
0.76,0.48,-0.0080331,1,0,0
0.78,0.48,-0.0086717,1,0,0
0.8,0.48,0.013846,1,0,0
0.82,0.48,0.018727,1,0,0
0.84,0.48,0.0062441,1,0,0
0.86,0.48,0.027258,1,0,0
0.88,0.48,0.035487,1,0,0
0.9,0.48,0.038513,1,0,0
0.92,0.48,0.031584,1,0,0
0.94,0.48,0.021723,1,0,0
0.96,0.48,0.039067,1,0,0
0.98,0.48,0.013713,1,0,0
0.02,0.5,0.015551,1,0,0
0.04,0.5,0.010628,1,0,0
0.06,0.5,0.0024958,1,0,0
0.08,0.5,0.0076183,1,0,0
0.1,0.5,0.013133,1,0,0
0.12,0.5,-0.013031,1,0,0
0.14,0.5,0.016165,1,0,0
0.16,0.5,0.0087715,1,0,0
0.18,0.5,0.053064,1,0,0
0.2,0.5,0.05143,1,0,0
0.22,0.5,0.043025,1,0,0
0.24,0.5,0.037416,1,0,0
0.26,0.5,0.019751,1,0,0
0.28,0.5,0.0199,1,0,0
0.3,0.5,0.015186,1,0,0
0.32,0.5,0.0020372,1,0,0
0.34,0.5,-0.018264,1,0,0
0.36,0.5,-0.021264,1,0,0
0.38,0.5,-0.030048,1,0,0
0.4,0.5,-0.016181,1,0,0
0.42,0.5,-0.039827,1,0,0
0.44,0.5,-0.023581,1,0,0
0.46,0.5,-0.0075115,1,0,0
0.48,0.5,-0.008881,1,0,0
0.5,0.5,0.0013678,1,0,0
0.52,0.5,0.014615,1,0,0
0.54,0.5,-0.0020625,1,0,0
0.56,0.5,-0.0041478,1,0,0
0.58,0.5,0.018276,1,0,0
0.6,0.5,-0.0033161,1,0,0
0.62,0.5,-0.0090357,1,0,0
0.64,0.5,-0.0029246,1,0,0
0.66,0.5,-0.0027008,1,0,0
0.68,0.5,-0.03294,1,0,0
0.7,0.5,-0.011199,1,0,0
0.72,0.5,-0.0011392,1,0,0
0.74,0.5,-0.033861,1,0,0
0.76,0.5,-0.0058331,1,0,0
0.78,0.5,-0.012732,1,0,0
0.8,0.5,-0.00024608,1,0,0
0.82,0.5,0.016123,1,0,0
0.84,0.5,0.0070966,1,0,0
0.86,0.5,0.0083317,1,0,0
0.88,0.5,0.019335,1,0,0
0.9,0.5,0.008533,1,0,0
0.92,0.5,0.0031954,1,0,0
0.94,0.5,0.0038976,1,0,0
0.96,0.5,0.0073216,1,0,0
0.98,0.5,0.019657,1,0,0
0.02,0.52,0.049363,1,0,0
0.04,0.52,0.026028,1,0,0
0.06,0.52,0.02763,1,0,0
0.08,0.52,0.015364,1,0,0
0.1,0.52,0.007319,1,0,0
0.12,0.52,0.0058813,1,0,0
0.14,0.52,0.0085686,1,0,0
0.16,0.52,0.039492,1,0,0
0.18,0.52,0.05009,1,0,0
0.2,0.52,0.06883,1,0,0
0.22,0.52,0.054122,1,0,0
0.24,0.52,0.033079,1,0,0
0.26,0.52,0.04883,1,0,0
0.28,0.52,0.047701,1,0,0
0.3,0.52,0.017997,1,0,0
0.32,0.52,0.0026276,1,0,0
0.34,0.52,-0.011488,1,0,0
0.36,0.52,-0.021538,1,0,0
0.38,0.52,-0.045646,1,0,0
0.4,0.52,-0.019935,1,0,0
0.42,0.52,-0.043233,1,0,0
0.44,0.52,-0.023667,1,0,0
0.46,0.52,-0.0012391,1,0,0
0.48,0.52,-0.0022065,1,0,0
0.5,0.52,-0.00025849,1,0,0
0.52,0.52,0.035694,1,0,0
0.54,0.52,0.038436,1,0,0
0.56,0.52,0.022339,1,0,0
0.58,0.52,0.0061601,1,0,0
0.6,0.52,0.00054729,1,0,0
0.62,0.52,-0.01476,1,0,0
0.64,0.52,0.0094317,1,0,0
0.66,0.52,-0.031566,1,0,0
0.68,0.52,-0.012665,1,0,0
0.7,0.52,0.017245,1,0,0
0.72,0.52,0.0070387,1,0,0
0.74,0.52,0.011517,1,0,0
0.76,0.52,0.010674,1,0,0
0.78,0.52,-0.014309,1,0,0
0.8,0.52,-0.0037936,1,0,0
0.82,0.52,0.015127,1,0,0
0.84,0.52,0.017948,1,0,0
0.86,0.52,0.018495,1,0,0
0.88,0.52,0.022707,1,0,0
0.9,0.52,0.026798,1,0,0
0.92,0.52,-0.002102,1,0,0
0.94,0.52,0.0041351,1,0,0
0.96,0.52,0.01387,1,0,0
0.98,0.52,0.015024,1,0,0
0.02,0.54,0.060415,1,0,0
0.04,0.54,0.052306,1,0,0
0.06,0.54,0.037169,1,0,0
0.08,0.54,0.034685,1,0,0
0.1,0.54,0.03122,1,0,0
0.12,0.54,0.010457,1,0,0
0.14,0.54,0.020028,1,0,0
0.16,0.54,0.028007,1,0,0
0.18,0.54,0.033743,1,0,0
0.2,0.54,0.060235,1,0,0
0.22,0.54,0.039247,1,0,0
0.24,0.54,0.050682,1,0,0
0.26,0.54,0.054144,1,0,0
0.28,0.54,0.05274,1,0,0
0.3,0.54,0.018808,1,0,0
0.32,0.54,0.013243,1,0,0
0.34,0.54,-0.005637,1,0,0
0.36,0.54,-0.021518,1,0,0
0.38,0.54,-0.039157,1,0,0
0.4,0.54,-0.020282,1,0,0
0.42,0.54,-0.035624,1,0,0
0.44,0.54,-0.0077009,1,0,0
0.46,0.54,0.0044753,1,0,0
0.48,0.54,-0.0014389,1,0,0
0.5,0.54,-0.00010789,1,0,0
0.52,0.54,0.044889,1,0,0
0.54,0.54,0.03747,1,0,0
0.56,0.54,0.028492,1,0,0
0.58,0.54,0.0012467,1,0,0
0.6,0.54,0.0098244,1,0,0
0.62,0.54,0.0077683,1,0,0
0.64,0.54,0.015776,1,0,0
0.66,0.54,-0.0097492,1,0,0
0.68,0.54,-0.014107,1,0,0
0.7,0.54,0.033579,1,0,0
0.72,0.54,0.045451,1,0,0
0.74,0.54,0.027739,1,0,0
0.76,0.54,0.021164,1,0,0
0.78,0.54,-0.010138,1,0,0
0.8,0.54,-0.017495,1,0,0
0.82,0.54,0.010309,1,0,0
0.84,0.54,0.0087434,1,0,0
0.86,0.54,-0.0013498,1,0,0
0.88,0.54,0.017768,1,0,0
0.9,0.54,0.0095605,1,0,0
0.92,0.54,0.0033811,1,0,0
0.94,0.54,0.0038942,1,0,0
0.96,0.54,0.015817,1,0,0
0.98,0.54,0.024603,1,0,0
0.02,0.56,0.063387,1,0,0
0.04,0.56,0.074293,1,0,0
0.06,0.56,0.064605,1,0,0
0.08,0.56,0.052099,1,0,0
0.1,0.56,0.054251,1,0,0
0.12,0.56,0.03207,1,0,0
0.14,0.56,0.029139,1,0,0
0.16,0.56,0.045538,1,0,0
0.18,0.56,0.070741,1,0,0
0.2,0.56,0.053718,1,0,0
0.22,0.56,0.047803,1,0,0
0.24,0.56,0.055525,1,0,0
0.26,0.56,0.054545,1,0,0
0.28,0.56,0.053704,1,0,0
0.3,0.56,0.025147,1,0,0
0.32,0.56,0.015026,1,0,0
0.34,0.56,0.00084408,1,0,0
0.36,0.56,-0.025541,1,0,0
0.38,0.56,-0.027864,1,0,0
0.4,0.56,-0.017419,1,0,0
0.42,0.56,-0.016529,1,0,0
0.44,0.56,-0.0025304,1,0,0
0.46,0.56,0.0093521,1,0,0
0.48,0.56,0.010442,1,0,0
0.5,0.56,0.0077889,1,0,0
0.52,0.56,0.038532,1,0,0
0.54,0.56,0.02481,1,0,0
0.56,0.56,0.032885,1,0,0
0.58,0.56,0.034571,1,0,0
0.6,0.56,0.018829,1,0,0
0.62,0.56,0.023998,1,0,0
0.64,0.56,0.037094,1,0,0
0.66,0.56,0.016703,1,0,0
0.68,0.56,0.010607,1,0,0
0.7,0.56,0.038817,1,0,0
0.72,0.56,0.05071,1,0,0
0.74,0.56,0.016921,1,0,0
0.76,0.56,0.01817,1,0,0
0.78,0.56,0.002752,1,0,0
0.8,0.56,0.015925,1,0,0
0.82,0.56,0.0019351,1,0,0
0.84,0.56,0.012685,1,0,0
0.86,0.56,0.0057444,1,0,0
0.88,0.56,0.0073907,1,0,0
0.9,0.56,0.027765,1,0,0
0.92,0.56,0.01972,1,0,0
0.94,0.56,0.0090644,1,0,0
0.96,0.56,0.030654,1,0,0
0.98,0.56,0.05193,1,0,0
0.02,0.58,0.07709,1,0,0
0.04,0.58,0.063027,1,0,0
0.06,0.58,0.051724,1,0,0
0.08,0.58,0.061218,1,0,0
0.1,0.58,0.049893,1,0,0
0.12,0.58,0.043303,1,0,0
0.14,0.58,0.047235,1,0,0
0.16,0.58,0.084187,1,0,0
0.18,0.58,0.06804,1,0,0
0.2,0.58,0.058991,1,0,0
0.22,0.58,0.050994,1,0,0
0.24,0.58,0.028609,1,0,0
0.26,0.58,0.040223,1,0,0
0.28,0.58,0.030864,1,0,0
0.3,0.58,0.04005,1,0,0
0.32,0.58,0.0052474,1,0,0
0.34,0.58,0.027472,1,0,0
0.36,0.58,0.0050067,1,0,0
0.38,0.58,-0.010385,1,0,0
0.4,0.58,-0.033355,1,0,0
0.42,0.58,-0.015307,1,0,0
0.44,0.58,-0.015067,1,0,0
0.46,0.58,0.0055265,1,0,0
0.48,0.58,0.0047923,1,0,0
0.5,0.58,0.026758,1,0,0
0.52,0.58,0.023332,1,0,0
0.54,0.58,0.043303,1,0,0
0.56,0.58,0.057308,1,0,0
0.58,0.58,0.033902,1,0,0
0.6,0.58,0.053583,1,0,0
0.62,0.58,0.030635,1,0,0
0.64,0.58,0.042397,1,0,0
0.66,0.58,0.025307,1,0,0
0.68,0.58,0.027336,1,0,0
0.7,0.58,0.03252,1,0,0
0.72,0.58,0.043549,1,0,0
0.74,0.58,0.0226,1,0,0
0.76,0.58,0.018336,1,0,0
0.78,0.58,0.017009,1,0,0
0.8,0.58,0.020707,1,0,0
0.82,0.58,0.011268,1,0,0
0.84,0.58,-0.016386,1,0,0
0.86,0.58,-0.021184,1,0,0
0.88,0.58,0.017102,1,0,0
0.9,0.58,0.024793,1,0,0
0.92,0.58,0.019714,1,0,0
0.94,0.58,0.038227,1,0,0
0.96,0.58,0.047641,1,0,0
0.98,0.58,0.064602,1,0,0
0.02,0.6,0.060444,1,0,0
0.04,0.6,0.060838,1,0,0
0.06,0.6,0.067437,1,0,0
0.08,0.6,0.033225,1,0,0
0.1,0.6,0.047385,1,0,0
0.12,0.6,0.05687,1,0,0
0.14,0.6,0.056415,1,0,0
0.16,0.6,0.055332,1,0,0
0.18,0.6,0.05653,1,0,0
0.2,0.6,0.026662,1,0,0
0.22,0.6,0.040149,1,0,0
0.24,0.6,0.035533,1,0,0
0.26,0.6,0.039926,1,0,0
0.28,0.6,0.01927,1,0,0
0.3,0.6,0.028247,1,0,0
0.32,0.6,0.0096606,1,0,0
0.34,0.6,0.012233,1,0,0
0.36,0.6,0.01196,1,0,0
0.38,0.6,-0.024372,1,0,0
0.4,0.6,-0.051431,1,0,0
0.42,0.6,-0.042974,1,0,0
0.44,0.6,-0.0038187,1,0,0
0.46,0.6,0.017187,1,0,0
0.48,0.6,-0.015108,1,0,0
0.5,0.6,0.010361,1,0,0
0.52,0.6,0.019607,1,0,0
0.54,0.6,0.047892,1,0,0
0.56,0.6,0.034926,1,0,0
0.58,0.6,0.034604,1,0,0
0.6,0.6,0.03477,1,0,0
0.62,0.6,0.048817,1,0,0
0.64,0.6,0.048364,1,0,0
0.66,0.6,0.031907,1,0,0
0.68,0.6,0.011977,1,0,0
0.7,0.6,0.010068,1,0,0
0.72,0.6,0.021917,1,0,0
0.74,0.6,0.016541,1,0,0
0.76,0.6,0.0079721,1,0,0
0.78,0.6,0.010474,1,0,0
0.8,0.6,0.030978,1,0,0
0.82,0.6,-0.0089496,1,0,0
0.84,0.6,-0.0098038,1,0,0
0.86,0.6,-0.022706,1,0,0
0.88,0.6,-0.0021521,1,0,0
0.9,0.6,0.015118,1,0,0
0.92,0.6,0.028306,1,0,0
0.94,0.6,0.027984,1,0,0
0.96,0.6,0.055722,1,0,0
0.98,0.6,0.066746,1,0,0
0.02,0.62,0.044165,1,0,0
0.04,0.62,0.051545,1,0,0
0.06,0.62,0.042489,1,0,0
0.08,0.62,0.021041,1,0,0
0.1,0.62,0.047212,1,0,0
0.12,0.62,0.044617,1,0,0
0.14,0.62,0.056656,1,0,0
0.16,0.62,0.04923,1,0,0
0.18,0.62,0.057696,1,0,0
0.2,0.62,0.032589,1,0,0
0.22,0.62,0.033681,1,0,0
0.24,0.62,0.039739,1,0,0
0.26,0.62,0.040909,1,0,0
0.28,0.62,0.035782,1,0,0
0.3,0.62,0.023745,1,0,0
0.32,0.62,0.0068515,1,0,0
0.34,0.62,0.00070018,1,0,0
0.36,0.62,-0.0028139,1,0,0
0.38,0.62,-0.020065,1,0,0
0.4,0.62,-0.041391,1,0,0
0.42,0.62,-0.017174,1,0,0
0.44,0.62,-0.012013,1,0,0
0.46,0.62,-0.00017885,1,0,0
0.48,0.62,0.0033166,1,0,0
0.5,0.62,-0.012474,1,0,0
0.52,0.62,0.0012183,1,0,0
0.54,0.62,0.041421,1,0,0
0.56,0.62,0.041084,1,0,0
0.58,0.62,0.034389,1,0,0
0.6,0.62,0.051314,1,0,0
0.62,0.62,0.05734,1,0,0
0.64,0.62,0.027296,1,0,0
0.66,0.62,0.023184,1,0,0
0.68,0.62,0.01084,1,0,0
0.7,0.62,-0.0018883,1,0,0
0.72,0.62,0.0051268,1,0,0
0.74,0.62,0.0062983,1,0,0
0.76,0.62,0.019924,1,0,0
0.78,0.62,0.017731,1,0,0
0.8,0.62,0.044587,1,0,0
0.82,0.62,0.019946,1,0,0
0.84,0.62,-0.0010367,1,0,0
0.86,0.62,-0.012364,1,0,0
0.88,0.62,-6.4311e-05,1,0,0
0.9,0.62,0.020119,1,0,0
0.92,0.62,0.025101,1,0,0
0.94,0.62,0.021706,1,0,0
0.96,0.62,0.049897,1,0,0
0.98,0.62,0.07024,1,0,0
0.02,0.64,0.028683,1,0,0
0.04,0.64,0.015089,1,0,0
0.06,0.64,0.020986,1,0,0
0.08,0.64,0.010687,1,0,0
0.1,0.64,0.03945,1,0,0
0.12,0.64,0.066726,1,0,0
0.14,0.64,0.035705,1,0,0
0.16,0.64,0.038895,1,0,0
0.18,0.64,0.048358,1,0,0
0.2,0.64,0.024961,1,0,0
0.22,0.64,-0.004083,1,0,0
0.24,0.64,0.024951,1,0,0
0.26,0.64,0.027367,1,0,0
0.28,0.64,0.030093,1,0,0
0.3,0.64,0.038419,1,0,0
0.32,0.64,0.018213,1,0,0
0.34,0.64,0.012829,1,0,0
0.36,0.64,-0.0042437,1,0,0
0.38,0.64,-0.013177,1,0,0
0.4,0.64,0.0026626,1,0,0
0.42,0.64,-0.0021961,1,0,0
0.44,0.64,-0.020452,1,0,0
0.46,0.64,-0.0069917,1,0,0
0.48,0.64,-0.00010385,1,0,0
0.5,0.64,-0.0094391,1,0,0
0.52,0.64,-0.0022863,1,0,0
0.54,0.64,0.016445,1,0,0
0.56,0.64,0.048111,1,0,0
0.58,0.64,0.020608,1,0,0
0.6,0.64,0.04346,1,0,0
0.62,0.64,0.029913,1,0,0
0.64,0.64,0.021174,1,0,0
0.66,0.64,0.008436,1,0,0
0.68,0.64,0.019641,1,0,0
0.7,0.64,0.024843,1,0,0
0.72,0.64,0.024021,1,0,0
0.74,0.64,0.023899,1,0,0
0.76,0.64,0.024677,1,0,0
0.78,0.64,0.028375,1,0,0
0.8,0.64,0.022427,1,0,0
0.82,0.64,0.01086,1,0,0
0.84,0.64,0.0062027,1,0,0
0.86,0.64,0.00015739,1,0,0
0.88,0.64,0.0010088,1,0,0
0.9,0.64,0.025532,1,0,0
0.92,0.64,0.039901,1,0,0
0.94,0.64,0.020176,1,0,0
0.96,0.64,0.038166,1,0,0
0.98,0.64,0.072409,1,0,0
0.02,0.66,0.028671,1,0,0
0.04,0.66,0.01016,1,0,0
0.06,0.66,0.023727,1,0,0
0.08,0.66,0.015714,1,0,0
0.1,0.66,0.045312,1,0,0
0.12,0.66,0.051148,1,0,0
0.14,0.66,0.023992,1,0,0
0.16,0.66,0.024599,1,0,0
0.18,0.66,0.022654,1,0,0
0.2,0.66,0.0055439,1,0,0
0.22,0.66,-0.010138,1,0,0
0.24,0.66,-0.006022,1,0,0
0.26,0.66,0.022493,1,0,0
0.28,0.66,0.02901,1,0,0
0.3,0.66,0.031551,1,0,0
0.32,0.66,0.023159,1,0,0
0.34,0.66,-0.0074287,1,0,0
0.36,0.66,0.020047,1,0,0
0.38,0.66,-0.0042581,1,0,0
0.4,0.66,0.020975,1,0,0
0.42,0.66,-0.0019039,1,0,0
0.44,0.66,-0.0030149,1,0,0
0.46,0.66,-0.022843,1,0,0
0.48,0.66,-0.01151,1,0,0
0.5,0.66,-0.022769,1,0,0
0.52,0.66,-0.024787,1,0,0
0.54,0.66,-0.00029204,1,0,0
0.56,0.66,0.0068749,1,0,0
0.58,0.66,-0.00017181,1,0,0
0.6,0.66,0.013626,1,0,0
0.62,0.66,0.013439,1,0,0
0.64,0.66,0.031042,1,0,0
0.66,0.66,0.01525,1,0,0
0.68,0.66,0.021985,1,0,0
0.7,0.66,0.039064,1,0,0
0.72,0.66,0.028063,1,0,0
0.74,0.66,0.030621,1,0,0
0.76,0.66,0.030828,1,0,0
0.78,0.66,0.017733,1,0,0
0.8,0.66,0.027103,1,0,0
0.82,0.66,0.0026834,1,0,0
0.84,0.66,0.010949,1,0,0
0.86,0.66,0.0060033,1,0,0
0.88,0.66,0.013352,1,0,0
0.9,0.66,0.019211,1,0,0
0.92,0.66,0.039981,1,0,0
0.94,0.66,0.051308,1,0,0
0.96,0.66,0.045916,1,0,0
0.98,0.66,0.063561,1,0,0
0.02,0.68,0.034027,1,0,0
0.04,0.68,0.016043,1,0,0
0.06,0.68,0.00078116,1,0,0
0.08,0.68,0.020771,1,0,0
0.1,0.68,0.023014,1,0,0
0.12,0.68,0.020008,1,0,0
0.14,0.68,0.017583,1,0,0
0.16,0.68,0.0014477,1,0,0
0.18,0.68,0.00050494,1,0,0
0.2,0.68,0.0098254,1,0,0
0.22,0.68,0.015746,1,0,0
0.24,0.68,0.021405,1,0,0
0.26,0.68,-0.00034785,1,0,0
0.28,0.68,0.016371,1,0,0
0.3,0.68,0.031538,1,0,0
0.32,0.68,-0.0054567,1,0,0
0.34,0.68,-0.0040809,1,0,0
0.36,0.68,0.016479,1,0,0
0.38,0.68,0.012901,1,0,0
0.4,0.68,0.009302,1,0,0
0.42,0.68,0.0072141,1,0,0
0.44,0.68,0.0076664,1,0,0
0.46,0.68,-0.0002339,1,0,0
0.48,0.68,-0.016478,1,0,0
0.5,0.68,-0.018598,1,0,0
0.52,0.68,0.0091141,1,0,0
0.54,0.68,-0.01309,1,0,0
0.56,0.68,-0.0082591,1,0,0
0.58,0.68,-0.023816,1,0,0
0.6,0.68,0.0025425,1,0,0
0.62,0.68,0.015435,1,0,0
0.64,0.68,0.039072,1,0,0
0.66,0.68,0.020181,1,0,0
0.68,0.68,0.0153,1,0,0
0.7,0.68,0.015436,1,0,0
0.72,0.68,0.035901,1,0,0
0.74,0.68,0.03951,1,0,0
0.76,0.68,0.041503,1,0,0
0.78,0.68,0.026603,1,0,0
0.8,0.68,0.043504,1,0,0
0.82,0.68,0.048015,1,0,0
0.84,0.68,0.017717,1,0,0
0.86,0.68,0.029064,1,0,0
0.88,0.68,0.01219,1,0,0
0.9,0.68,0.0018625,1,0,0
0.92,0.68,0.019131,1,0,0
0.94,0.68,0.050624,1,0,0
0.96,0.68,0.044449,1,0,0
0.98,0.68,0.02686,1,0,0
0.02,0.7,0.030155,1,0,0
0.04,0.7,0.010924,1,0,0
0.06,0.7,0.017505,1,0,0
0.08,0.7,0.01318,1,0,0
0.1,0.7,0.027021,1,0,0
0.12,0.7,0.01222,1,0,0
0.14,0.7,0.012443,1,0,0
0.16,0.7,0.010548,1,0,0
0.18,0.7,0.028086,1,0,0
0.2,0.7,0.026592,1,0,0
0.22,0.7,0.023366,1,0,0
0.24,0.7,0.011968,1,0,0
0.26,0.7,0.0070202,1,0,0
0.28,0.7,0.01989,1,0,0
0.3,0.7,0.030493,1,0,0
0.32,0.7,0.010133,1,0,0
0.34,0.7,-0.0055195,1,0,0
0.36,0.7,0.008897,1,0,0
0.38,0.7,0.028373,1,0,0
0.4,0.7,0.011086,1,0,0
0.42,0.7,0.0026348,1,0,0
0.44,0.7,-0.0081041,1,0,0
0.46,0.7,0.0057226,1,0,0
0.48,0.7,0.012606,1,0,0
0.5,0.7,0.020313,1,0,0
0.52,0.7,0.038449,1,0,0
0.54,0.7,0.012667,1,0,0
0.56,0.7,-0.0025076,1,0,0
0.58,0.7,0.0064384,1,0,0
0.6,0.7,-0.005825,1,0,0
0.62,0.7,-0.017584,1,0,0
0.64,0.7,0.025263,1,0,0
0.66,0.7,0.033506,1,0,0
0.68,0.7,0.033315,1,0,0
0.7,0.7,0.0461,1,0,0
0.72,0.7,0.03525,1,0,0
0.74,0.7,0.041945,1,0,0
0.76,0.7,0.058386,1,0,0
0.78,0.7,0.054584,1,0,0
0.8,0.7,0.065546,1,0,0
0.82,0.7,0.054411,1,0,0
0.84,0.7,0.037498,1,0,0
0.86,0.7,0.035121,1,0,0
0.88,0.7,0.025129,1,0,0
0.9,0.7,0.035218,1,0,0
0.92,0.7,0.038312,1,0,0
0.94,0.7,0.035565,1,0,0
0.96,0.7,0.037397,1,0,0
0.98,0.7,0.013782,1,0,0
0.02,0.72,0.047959,1,0,0
0.04,0.72,0.0072766,1,0,0
0.06,0.72,0.016539,1,0,0
0.08,0.72,0.024414,1,0,0
0.1,0.72,0.051381,1,0,0
0.12,0.72,0.030174,1,0,0
0.14,0.72,0.03512,1,0,0
0.16,0.72,0.0091307,1,0,0
0.18,0.72,0.031788,1,0,0
0.2,0.72,0.027719,1,0,0
0.22,0.72,0.031083,1,0,0
0.24,0.72,0.007011,1,0,0
0.26,0.72,0.0077408,1,0,0
0.28,0.72,0.0015204,1,0,0
0.3,0.72,0.0099763,1,0,0
0.32,0.72,-0.0046865,1,0,0
0.34,0.72,0.00028754,1,0,0
0.36,0.72,0.017958,1,0,0
0.38,0.72,0.0098623,1,0,0
0.4,0.72,0.045182,1,0,0
0.42,0.72,0.0021404,1,0,0
0.44,0.72,-0.012893,1,0,0
0.46,0.72,0.013159,1,0,0
0.48,0.72,0.018158,1,0,0
0.5,0.72,0.041183,1,0,0
0.52,0.72,0.016025,1,0,0
0.54,0.72,0.024916,1,0,0
0.56,0.72,0.0097914,1,0,0
0.58,0.72,0.011086,1,0,0
0.6,0.72,-0.0021772,1,0,0
0.62,0.72,0.0043639,1,0,0
0.64,0.72,0.015143,1,0,0
0.66,0.72,0.041858,1,0,0
0.68,0.72,0.042478,1,0,0
0.7,0.72,0.056953,1,0,0
0.72,0.72,0.031885,1,0,0
0.74,0.72,0.040611,1,0,0
0.76,0.72,0.061372,1,0,0
0.78,0.72,0.053644,1,0,0
0.8,0.72,0.06541,1,0,0
0.82,0.72,0.065881,1,0,0
0.84,0.72,0.053061,1,0,0
0.86,0.72,0.033645,1,0,0
0.88,0.72,0.057809,1,0,0
0.9,0.72,0.027169,1,0,0
0.92,0.72,0.036504,1,0,0
0.94,0.72,0.033199,1,0,0
0.96,0.72,0.015072,1,0,0
0.98,0.72,0.01267,1,0,0
0.02,0.74,0.0281,1,0,0
0.04,0.74,0.037404,1,0,0
0.06,0.74,0.031863,1,0,0
0.08,0.74,0.011268,1,0,0
0.1,0.74,0.054371,1,0,0
0.12,0.74,0.078939,1,0,0
0.14,0.74,0.046108,1,0,0
0.16,0.74,0.027304,1,0,0
0.18,0.74,0.037744,1,0,0
0.2,0.74,0.031803,1,0,0
0.22,0.74,0.018033,1,0,0
0.24,0.74,0.016118,1,0,0
0.26,0.74,0.030562,1,0,0
0.28,0.74,-0.0085218,1,0,0
0.3,0.74,-0.019055,1,0,0
0.32,0.74,-0.015848,1,0,0
0.34,0.74,0.012569,1,0,0
0.36,0.74,0.011795,1,0,0
0.38,0.74,0.047065,1,0,0
0.4,0.74,0.047869,1,0,0
0.42,0.74,0.039688,1,0,0
0.44,0.74,0.020303,1,0,0
0.46,0.74,0.038676,1,0,0
0.48,0.74,0.025548,1,0,0
0.5,0.74,0.014474,1,0,0
0.52,0.74,0.022561,1,0,0
0.54,0.74,0.037752,1,0,0
0.56,0.74,0.039302,1,0,0
0.58,0.74,0.022566,1,0,0
0.6,0.74,0.0066796,1,0,0
0.62,0.74,0.017454,1,0,0
0.64,0.74,0.057717,1,0,0
0.66,0.74,0.044334,1,0,0
0.68,0.74,0.050868,1,0,0
0.7,0.74,0.061412,1,0,0
0.72,0.74,0.032182,1,0,0
0.74,0.74,0.031051,1,0,0
0.76,0.74,0.06112,1,0,0
0.78,0.74,0.076938,1,0,0
0.8,0.74,0.074769,1,0,0
0.82,0.74,0.072788,1,0,0
0.84,0.74,0.071437,1,0,0
0.86,0.74,0.066515,1,0,0
0.88,0.74,0.037486,1,0,0
0.9,0.74,0.031795,1,0,0
0.92,0.74,0.027865,1,0,0
0.94,0.74,0.0019683,1,0,0
0.96,0.74,0.0068452,1,0,0
0.98,0.74,-0.003208,1,0,0
0.02,0.76,0.013017,1,0,0
0.04,0.76,0.016267,1,0,0
0.06,0.76,0.0020385,1,0,0
0.08,0.76,0.020236,1,0,0
0.1,0.76,0.066141,1,0,0
0.12,0.76,0.07667,1,0,0
0.14,0.76,0.076458,1,0,0
0.16,0.76,0.036911,1,0,0
0.18,0.76,0.030856,1,0,0
0.2,0.76,0.023317,1,0,0
0.22,0.76,0.019734,1,0,0
0.24,0.76,0.0116,1,0,0
0.26,0.76,-0.0059813,1,0,0
0.28,0.76,-0.01004,1,0,0
0.3,0.76,-0.01924,1,0,0
0.32,0.76,-0.021255,1,0,0
0.34,0.76,0.015063,1,0,0
0.36,0.76,0.03529,1,0,0
0.38,0.76,0.044572,1,0,0
0.4,0.76,0.040536,1,0,0
0.42,0.76,0.034593,1,0,0
0.44,0.76,0.020902,1,0,0
0.46,0.76,0.023093,1,0,0
0.48,0.76,0.022185,1,0,0
0.5,0.76,0.011543,1,0,0
0.52,0.76,0.028171,1,0,0
0.54,0.76,0.038583,1,0,0
0.56,0.76,0.038854,1,0,0
0.58,0.76,0.010678,1,0,0
0.6,0.76,0.0045965,1,0,0
0.62,0.76,0.015883,1,0,0
0.64,0.76,0.019967,1,0,0
0.66,0.76,0.033579,1,0,0
0.68,0.76,0.042087,1,0,0
0.7,0.76,0.047448,1,0,0
0.72,0.76,0.052288,1,0,0
0.74,0.76,0.035411,1,0,0
0.76,0.76,0.063348,1,0,0
0.78,0.76,0.054196,1,0,0
0.8,0.76,0.069342,1,0,0
0.82,0.76,0.072398,1,0,0
0.84,0.76,0.062898,1,0,0
0.86,0.76,0.053178,1,0,0
0.88,0.76,0.058846,1,0,0
0.9,0.76,0.037844,1,0,0
0.92,0.76,0.014386,1,0,0
0.94,0.76,-0.0028389,1,0,0
0.96,0.76,-0.0070471,1,0,0
0.98,0.76,-0.019502,1,0,0
0.02,0.78,0.011907,1,0,0
0.04,0.78,-0.0072021,1,0,0
0.06,0.78,0.018162,1,0,0
0.08,0.78,0.027633,1,0,0
0.1,0.78,0.045702,1,0,0
0.12,0.78,0.048272,1,0,0
0.14,0.78,0.03905,1,0,0
0.16,0.78,0.049778,1,0,0
0.18,0.78,0.029077,1,0,0
0.2,0.78,0.014549,1,0,0
0.22,0.78,0.017895,1,0,0
0.24,0.78,0.0032245,1,0,0
0.26,0.78,-0.0098797,1,0,0
0.28,0.78,0.0044831,1,0,0
0.3,0.78,0.0084695,1,0,0
0.32,0.78,-0.0084617,1,0,0
0.34,0.78,0.0043717,1,0,0
0.36,0.78,0.042657,1,0,0
0.38,0.78,0.051079,1,0,0
0.4,0.78,0.056123,1,0,0
0.42,0.78,0.040614,1,0,0
0.44,0.78,0.034655,1,0,0
0.46,0.78,0.025365,1,0,0
0.48,0.78,0.021778,1,0,0
0.5,0.78,0.020819,1,0,0
0.52,0.78,0.024073,1,0,0
0.54,0.78,0.01754,1,0,0
0.56,0.78,0.022124,1,0,0
0.58,0.78,0.005431,1,0,0
0.6,0.78,0.0076572,1,0,0
0.62,0.78,-0.01618,1,0,0
0.64,0.78,0.013327,1,0,0
0.66,0.78,0.036541,1,0,0
0.68,0.78,0.051376,1,0,0
0.7,0.78,0.034398,1,0,0
0.72,0.78,0.032883,1,0,0
0.74,0.78,0.039299,1,0,0
0.76,0.78,0.04907,1,0,0
0.78,0.78,0.06155,1,0,0
0.8,0.78,0.094189,1,0,0
0.82,0.78,0.072025,1,0,0
0.84,0.78,0.060361,1,0,0
0.86,0.78,0.037079,1,0,0
0.88,0.78,0.04822,1,0,0
0.9,0.78,0.031011,1,0,0
0.92,0.78,-0.0054893,1,0,0
0.94,0.78,-0.021262,1,0,0
0.96,0.78,-0.023782,1,0,0
0.98,0.78,-0.02583,1,0,0
0.02,0.8,0.016215,1,0,0
0.04,0.8,0.018143,1,0,0
0.06,0.8,0.024563,1,0,0
0.08,0.8,0.030835,1,0,0
0.1,0.8,0.039082,1,0,0
0.12,0.8,0.0457,1,0,0
0.14,0.8,0.015458,1,0,0
0.16,0.8,0.03576,1,0,0
0.18,0.8,0.037301,1,0,0
0.2,0.8,0.043777,1,0,0
0.22,0.8,0.038126,1,0,0
0.24,0.8,0.039445,1,0,0
0.26,0.8,0.035354,1,0,0
0.28,0.8,0.018956,1,0,0
0.3,0.8,0.0261,1,0,0
0.32,0.8,0.021357,1,0,0
0.34,0.8,0.033217,1,0,0
0.36,0.8,0.051322,1,0,0
0.38,0.8,0.072022,1,0,0
0.4,0.8,0.066446,1,0,0
0.42,0.8,0.0586,1,0,0
0.44,0.8,0.056317,1,0,0
0.46,0.8,0.04736,1,0,0
0.48,0.8,0.04075,1,0,0
0.5,0.8,0.04353,1,0,0
0.52,0.8,0.034389,1,0,0
0.54,0.8,0.013491,1,0,0
0.56,0.8,0.010134,1,0,0
0.58,0.8,-0.011874,1,0,0
0.6,0.8,0.018983,1,0,0
0.62,0.8,0.0043407,1,0,0
0.64,0.8,0.037343,1,0,0
0.66,0.8,0.025646,1,0,0
0.68,0.8,0.023314,1,0,0
0.7,0.8,0.016491,1,0,0
0.72,0.8,0.052201,1,0,0
0.74,0.8,0.045627,1,0,0
0.76,0.8,0.064423,1,0,0
0.78,0.8,0.093149,1,0,0
0.8,0.8,0.10903,1,0,0
0.82,0.8,0.10365,1,0,0
0.84,0.8,0.08073,1,0,0
0.86,0.8,0.052213,1,0,0
0.88,0.8,0.027436,1,0,0
0.9,0.8,0.015723,1,0,0
0.92,0.8,0.00043183,1,0,0
0.94,0.8,-0.012804,1,0,0
0.96,0.8,-0.02608,1,0,0
0.98,0.8,-0.011223,1,0,0
0.02,0.82,0.030372,1,0,0
0.04,0.82,0.046355,1,0,0
0.06,0.82,0.045305,1,0,0
0.08,0.82,0.032846,1,0,0
0.1,0.82,0.051362,1,0,0
0.12,0.82,0.039027,1,0,0
0.14,0.82,0.044365,1,0,0
0.16,0.82,0.034533,1,0,0
0.18,0.82,0.062872,1,0,0
0.2,0.82,0.040997,1,0,0
0.22,0.82,0.048169,1,0,0
0.24,0.82,0.05667,1,0,0
0.26,0.82,0.060785,1,0,0
0.28,0.82,0.073003,1,0,0
0.3,0.82,0.055278,1,0,0
0.32,0.82,0.058196,1,0,0
0.34,0.82,0.068532,1,0,0
0.36,0.82,0.07683,1,0,0
0.38,0.82,0.061274,1,0,0
0.4,0.82,0.076537,1,0,0
0.42,0.82,0.078794,1,0,0
0.44,0.82,0.078848,1,0,0
0.46,0.82,0.074054,1,0,0
0.48,0.82,0.063546,1,0,0
0.5,0.82,0.044435,1,0,0
0.52,0.82,0.049495,1,0,0
0.54,0.82,0.048464,1,0,0
0.56,0.82,0.0050851,1,0,0
0.58,0.82,-0.02637,1,0,0
0.6,0.82,-0.031244,1,0,0
0.62,0.82,0.028663,1,0,0
0.64,0.82,0.030835,1,0,0
0.66,0.82,0.030702,1,0,0
0.68,0.82,0.031085,1,0,0
0.7,0.82,0.038567,1,0,0
0.72,0.82,0.073808,1,0,0
0.74,0.82,0.066528,1,0,0
0.76,0.82,0.084646,1,0,0
0.78,0.82,0.084732,1,0,0
0.8,0.82,0.11297,1,0,0
0.82,0.82,0.091097,1,0,0
0.84,0.82,0.079176,1,0,0
0.86,0.82,0.058258,1,0,0
0.88,0.82,0.036921,1,0,0
0.9,0.82,0.032704,1,0,0
0.92,0.82,0.039573,1,0,0
0.94,0.82,0.026228,1,0,0
0.96,0.82,0.015619,1,0,0
0.98,0.82,-0.023268,1,0,0
0.02,0.84,0.019965,1,0,0
0.04,0.84,0.02687,1,0,0
0.06,0.84,0.039107,1,0,0
0.08,0.84,0.023201,1,0,0
0.1,0.84,0.057555,1,0,0
0.12,0.84,0.043647,1,0,0
0.14,0.84,0.020205,1,0,0
0.16,0.84,0.022673,1,0,0
0.18,0.84,0.047892,1,0,0
0.2,0.84,0.040128,1,0,0
0.22,0.84,0.029163,1,0,0
0.24,0.84,0.042968,1,0,0
0.26,0.84,0.076621,1,0,0
0.28,0.84,0.069573,1,0,0
0.3,0.84,0.066296,1,0,0
0.32,0.84,0.068884,1,0,0
0.34,0.84,0.069675,1,0,0
0.36,0.84,0.066563,1,0,0
0.38,0.84,0.083701,1,0,0
0.4,0.84,0.082328,1,0,0
0.42,0.84,0.092609,1,0,0
0.44,0.84,0.079008,1,0,0
0.46,0.84,0.080865,1,0,0
0.48,0.84,0.059506,1,0,0
0.5,0.84,0.034691,1,0,0
0.52,0.84,0.026419,1,0,0
0.54,0.84,0.015029,1,0,0
0.56,0.84,-0.01844,1,0,0
0.58,0.84,-0.029806,1,0,0
0.6,0.84,-0.013707,1,0,0
0.62,0.84,0.0091926,1,0,0
0.64,0.84,0.024698,1,0,0
0.66,0.84,0.014254,1,0,0
0.68,0.84,0.011978,1,0,0
0.7,0.84,0.061393,1,0,0
0.72,0.84,0.072528,1,0,0
0.74,0.84,0.060295,1,0,0
0.76,0.84,0.063727,1,0,0
0.78,0.84,0.072515,1,0,0
0.8,0.84,0.063457,1,0,0
0.82,0.84,0.055595,1,0,0
0.84,0.84,0.057126,1,0,0
0.86,0.84,0.026309,1,0,0
0.88,0.84,0.023051,1,0,0
0.9,0.84,0.034933,1,0,0
0.92,0.84,0.04126,1,0,0
0.94,0.84,0.01106,1,0,0
0.96,0.84,0.020982,1,0,0
0.98,0.84,0.015385,1,0,0
0.02,0.86,0.053602,1,0,0
0.04,0.86,0.030701,1,0,0
0.06,0.86,0.050503,1,0,0
0.08,0.86,0.068697,1,0,0
0.1,0.86,0.049726,1,0,0
0.12,0.86,0.032385,1,0,0
0.14,0.86,0.031486,1,0,0
0.16,0.86,0.046368,1,0,0
0.18,0.86,0.040862,1,0,0
0.2,0.86,0.034639,1,0,0
0.22,0.86,0.053502,1,0,0
0.24,0.86,0.06687,1,0,0
0.26,0.86,0.095656,1,0,0
0.28,0.86,0.1039,1,0,0
0.3,0.86,0.10887,1,0,0
0.32,0.86,0.052644,1,0,0
0.34,0.86,0.059376,1,0,0
0.36,0.86,0.050094,1,0,0
0.38,0.86,0.065018,1,0,0
0.4,0.86,0.08916,1,0,0
0.42,0.86,0.1044,1,0,0
0.44,0.86,0.098452,1,0,0
0.46,0.86,0.10602,1,0,0
0.48,0.86,0.055383,1,0,0
0.5,0.86,0.038162,1,0,0
0.52,0.86,0.022281,1,0,0
0.54,0.86,0.00057817,1,0,0
0.56,0.86,-0.0047135,1,0,0
0.58,0.86,-0.015938,1,0,0
0.6,0.86,-0.0031452,1,0,0
0.62,0.86,-0.00032321,1,0,0
0.64,0.86,0.01891,1,0,0
0.66,0.86,0.019711,1,0,0
0.68,0.86,0.037396,1,0,0
0.7,0.86,0.052406,1,0,0
0.72,0.86,0.04932,1,0,0
0.74,0.86,0.053832,1,0,0
0.76,0.86,0.053832,1,0,0
0.78,0.86,0.052516,1,0,0
0.8,0.86,0.06629,1,0,0
0.82,0.86,0.072207,1,0,0
0.84,0.86,0.043351,1,0,0
0.86,0.86,0.022323,1,0,0
0.88,0.86,0.04874,1,0,0
0.9,0.86,0.049408,1,0,0
0.92,0.86,0.036922,1,0,0
0.94,0.86,0.025097,1,0,0
0.96,0.86,0.031662,1,0,0
0.98,0.86,0.04393,1,0,0
0.02,0.88,0.049488,1,0,0
0.04,0.88,0.035736,1,0,0
0.06,0.88,0.036978,1,0,0
0.08,0.88,0.04879,1,0,0
0.1,0.88,0.049574,1,0,0
0.12,0.88,0.035908,1,0,0
0.14,0.88,0.060211,1,0,0
0.16,0.88,0.050445,1,0,0
0.18,0.88,0.041116,1,0,0
0.2,0.88,0.044335,1,0,0
0.22,0.88,0.075154,1,0,0
0.24,0.88,0.087173,1,0,0
0.26,0.88,0.10682,1,0,0
0.28,0.88,0.10558,1,0,0
0.3,0.88,0.082753,1,0,0
0.32,0.88,0.078351,1,0,0
0.34,0.88,0.068708,1,0,0
0.36,0.88,0.074211,1,0,0
0.38,0.88,0.064999,1,0,0
0.4,0.88,0.057428,1,0,0
0.42,0.88,0.076219,1,0,0
0.44,0.88,0.10616,1,0,0
0.46,0.88,0.10034,1,0,0
0.48,0.88,0.079296,1,0,0
0.5,0.88,0.045035,1,0,0
0.52,0.88,0.054429,1,0,0
0.54,0.88,0.030146,1,0,0
0.56,0.88,0.0016097,1,0,0
0.58,0.88,0.010308,1,0,0
0.6,0.88,-0.0075029,1,0,0
0.62,0.88,0.00059084,1,0,0
0.64,0.88,0.018843,1,0,0
0.66,0.88,0.0097092,1,0,0
0.68,0.88,0.0095844,1,0,0
0.7,0.88,0.04487,1,0,0
0.72,0.88,0.063786,1,0,0
0.74,0.88,0.058356,1,0,0
0.76,0.88,0.07066,1,0,0
0.78,0.88,0.045037,1,0,0
0.8,0.88,0.062525,1,0,0
0.82,0.88,0.068379,1,0,0
0.84,0.88,0.041884,1,0,0
0.86,0.88,0.038828,1,0,0
0.88,0.88,0.05508,1,0,0
0.9,0.88,0.056453,1,0,0
0.92,0.88,0.037304,1,0,0
0.94,0.88,0.025944,1,0,0
0.96,0.88,0.03423,1,0,0
0.98,0.88,0.028381,1,0,0
0.02,0.9,0.074655,1,0,0
0.04,0.9,0.073607,1,0,0
0.06,0.9,0.057367,1,0,0
0.08,0.9,0.04859,1,0,0
0.1,0.9,0.035966,1,0,0
0.12,0.9,0.047155,1,0,0
0.14,0.9,0.060973,1,0,0
0.16,0.9,0.058424,1,0,0
0.18,0.9,0.068322,1,0,0
0.2,0.9,0.074823,1,0,0
0.22,0.9,0.066105,1,0,0
0.24,0.9,0.096442,1,0,0
0.26,0.9,0.097706,1,0,0
0.28,0.9,0.11002,1,0,0
0.3,0.9,0.088591,1,0,0
0.32,0.9,0.080824,1,0,0
0.34,0.9,0.090802,1,0,0
0.36,0.9,0.08359,1,0,0
0.38,0.9,0.059675,1,0,0
0.4,0.9,0.073092,1,0,0
0.42,0.9,0.077649,1,0,0
0.44,0.9,0.10134,1,0,0
0.46,0.9,0.1146,1,0,0
0.48,0.9,0.07772,1,0,0
0.5,0.9,0.036333,1,0,0
0.52,0.9,0.065799,1,0,0
0.54,0.9,0.036026,1,0,0
0.56,0.9,0.036301,1,0,0
0.58,0.9,0.0083392,1,0,0
0.6,0.9,0.0010871,1,0,0
0.62,0.9,0.011187,1,0,0
0.64,0.9,0.041937,1,0,0
0.66,0.9,0.023655,1,0,0
0.68,0.9,0.03122,1,0,0
0.7,0.9,0.052579,1,0,0
0.72,0.9,0.056435,1,0,0
0.74,0.9,0.042362,1,0,0
0.76,0.9,0.062953,1,0,0
0.78,0.9,0.073512,1,0,0
0.8,0.9,0.079202,1,0,0
0.82,0.9,0.085319,1,0,0
0.84,0.9,0.048326,1,0,0
0.86,0.9,0.055921,1,0,0
0.88,0.9,0.058465,1,0,0
0.9,0.9,0.059135,1,0,0
0.92,0.9,0.04848,1,0,0
0.94,0.9,0.038882,1,0,0
0.96,0.9,0.036235,1,0,0
0.98,0.9,0.033028,1,0,0
0.02,0.92,0.078226,1,0,0
0.04,0.92,0.071414,1,0,0
0.06,0.92,0.069745,1,0,0
0.08,0.92,0.055929,1,0,0
0.1,0.92,0.058279,1,0,0
0.12,0.92,0.048796,1,0,0
0.14,0.92,0.03915,1,0,0
0.16,0.92,0.054425,1,0,0
0.18,0.92,0.071054,1,0,0
0.2,0.92,0.083093,1,0,0
0.22,0.92,0.07776,1,0,0
0.24,0.92,0.072372,1,0,0
0.26,0.92,0.090172,1,0,0
0.28,0.92,0.089495,1,0,0
0.3,0.92,0.065914,1,0,0
0.32,0.92,0.08595,1,0,0
0.34,0.92,0.07319,1,0,0
0.36,0.92,0.092182,1,0,0
0.38,0.92,0.068406,1,0,0
0.4,0.92,0.089007,1,0,0
0.42,0.92,0.072817,1,0,0
0.44,0.92,0.084777,1,0,0
0.46,0.92,0.094409,1,0,0
0.48,0.92,0.091489,1,0,0
0.5,0.92,0.040395,1,0,0
0.52,0.92,0.024903,1,0,0
0.54,0.92,0.01834,1,0,0
0.56,0.92,0.010237,1,0,0
0.58,0.92,0.011527,1,0,0
0.6,0.92,0.024433,1,0,0
0.62,0.92,0.017958,1,0,0
0.64,0.92,0.045243,1,0,0
0.66,0.92,0.026645,1,0,0
0.68,0.92,0.040216,1,0,0
0.7,0.92,0.060637,1,0,0
0.72,0.92,0.043853,1,0,0
0.74,0.92,0.045832,1,0,0
0.76,0.92,0.072678,1,0,0
0.78,0.92,0.074529,1,0,0
0.8,0.92,0.093366,1,0,0
0.82,0.92,0.082801,1,0,0
0.84,0.92,0.070347,1,0,0
0.86,0.92,0.06034,1,0,0
0.88,0.92,0.068849,1,0,0
0.9,0.92,0.053066,1,0,0
0.92,0.92,0.028198,1,0,0
0.94,0.92,0.031705,1,0,0
0.96,0.92,0.023596,1,0,0
0.98,0.92,0.065093,1,0,0
0.02,0.94,0.068726,1,0,0
0.04,0.94,0.068974,1,0,0
0.06,0.94,0.074386,1,0,0
0.08,0.94,0.054695,1,0,0
0.1,0.94,0.049679,1,0,0
0.12,0.94,0.050975,1,0,0
0.14,0.94,0.048316,1,0,0
0.16,0.94,0.05207,1,0,0
0.18,0.94,0.092927,1,0,0
0.2,0.94,0.077651,1,0,0
0.22,0.94,0.061507,1,0,0
0.24,0.94,0.076672,1,0,0
0.26,0.94,0.069889,1,0,0
0.28,0.94,0.080109,1,0,0
0.3,0.94,0.083066,1,0,0
0.32,0.94,0.087363,1,0,0
0.34,0.94,0.069694,1,0,0
0.36,0.94,0.074558,1,0,0
0.38,0.94,0.073271,1,0,0
0.4,0.94,0.10064,1,0,0
0.42,0.94,0.077075,1,0,0
0.44,0.94,0.086885,1,0,0
0.46,0.94,0.090403,1,0,0
0.48,0.94,0.072676,1,0,0
0.5,0.94,0.05316,1,0,0
0.52,0.94,0.046014,1,0,0
0.54,0.94,0.022216,1,0,0
0.56,0.94,0.022068,1,0,0
0.58,0.94,0.017441,1,0,0
0.6,0.94,0.009889,1,0,0
0.62,0.94,0.023155,1,0,0
0.64,0.94,0.033349,1,0,0
0.66,0.94,0.050504,1,0,0
0.68,0.94,0.05821,1,0,0
0.7,0.94,0.07128,1,0,0
0.72,0.94,0.07184,1,0,0
0.74,0.94,0.062622,1,0,0
0.76,0.94,0.080669,1,0,0
0.78,0.94,0.082028,1,0,0
0.8,0.94,0.086703,1,0,0
0.82,0.94,0.096674,1,0,0
0.84,0.94,0.089274,1,0,0
0.86,0.94,0.077907,1,0,0
0.88,0.94,0.076659,1,0,0
0.9,0.94,0.063024,1,0,0
0.92,0.94,0.064967,1,0,0
0.94,0.94,0.015137,1,0,0
0.96,0.94,0.012902,1,0,0
0.98,0.94,0.040523,1,0,0
0.02,0.96,0.071366,1,0,0
0.04,0.96,0.065751,1,0,0
0.06,0.96,0.054869,1,0,0
0.08,0.96,0.050249,1,0,0
0.1,0.96,0.049776,1,0,0
0.12,0.96,0.053234,1,0,0
0.14,0.96,0.048501,1,0,0
0.16,0.96,0.065096,1,0,0
0.18,0.96,0.072438,1,0,0
0.2,0.96,0.071801,1,0,0
0.22,0.96,0.087922,1,0,0
0.24,0.96,0.071228,1,0,0
0.26,0.96,0.05895,1,0,0
0.28,0.96,0.063582,1,0,0
0.3,0.96,0.074529,1,0,0
0.32,0.96,0.054914,1,0,0
0.34,0.96,0.071287,1,0,0
0.36,0.96,0.073765,1,0,0
0.38,0.96,0.085968,1,0,0
0.4,0.96,0.057925,1,0,0
0.42,0.96,0.09268,1,0,0
0.44,0.96,0.071086,1,0,0
0.46,0.96,0.065681,1,0,0
0.48,0.96,0.063341,1,0,0
0.5,0.96,0.034676,1,0,0
0.52,0.96,0.032733,1,0,0
0.54,0.96,0.034407,1,0,0
0.56,0.96,0.027095,1,0,0
0.58,0.96,0.0088649,1,0,0
0.6,0.96,0.021263,1,0,0
0.62,0.96,0.032599,1,0,0
0.64,0.96,0.036058,1,0,0
0.66,0.96,0.031831,1,0,0
0.68,0.96,0.048704,1,0,0
0.7,0.96,0.05542,1,0,0
0.72,0.96,0.083837,1,0,0
0.74,0.96,0.10005,1,0,0
0.76,0.96,0.094145,1,0,0
0.78,0.96,0.069799,1,0,0
0.8,0.96,0.080803,1,0,0
0.82,0.96,0.10464,1,0,0
0.84,0.96,0.10469,1,0,0
0.86,0.96,0.11515,1,0,0
0.88,0.96,0.094367,1,0,0
0.9,0.96,0.061268,1,0,0
0.92,0.96,0.04314,1,0,0
0.94,0.96,0.022583,1,0,0
0.96,0.96,0.036499,1,0,0
0.98,0.96,0.0177,1,0,0
0.02,0.98,0.077238,1,0,0
0.04,0.98,0.08658,1,0,0
0.06,0.98,0.07618,1,0,0
0.08,0.98,0.050681,1,0,0
0.1,0.98,0.060439,1,0,0
0.12,0.98,0.061572,1,0,0
0.14,0.98,0.034368,1,0,0
0.16,0.98,0.051515,1,0,0
0.18,0.98,0.098545,1,0,0
0.2,0.98,0.081621,1,0,0
0.22,0.98,0.093369,1,0,0
0.24,0.98,0.076945,1,0,0
0.26,0.98,0.082532,1,0,0
0.28,0.98,0.082576,1,0,0
0.3,0.98,0.10939,1,0,0
0.32,0.98,0.052462,1,0,0
0.34,0.98,0.035761,1,0,0
0.36,0.98,0.048168,1,0,0
0.38,0.98,0.066901,1,0,0
0.4,0.98,0.070635,1,0,0
0.42,0.98,0.097417,1,0,0
0.44,0.98,0.087005,1,0,0
0.46,0.98,0.08294,1,0,0
0.48,0.98,0.056506,1,0,0
0.5,0.98,0.06484,1,0,0
0.52,0.98,0.039534,1,0,0
0.54,0.98,0.042944,1,0,0
0.56,0.98,0.038746,1,0,0
0.58,0.98,0.028103,1,0,0
0.6,0.98,0.029437,1,0,0
0.62,0.98,0.034776,1,0,0
0.64,0.98,0.045586,1,0,0
0.66,0.98,0.054571,1,0,0
0.68,0.98,0.061235,1,0,0
0.7,0.98,0.072845,1,0,0
0.72,0.98,0.10216,1,0,0
0.74,0.98,0.08679,1,0,0
0.76,0.98,0.082711,1,0,0
0.78,0.98,0.0941,1,0,0
0.8,0.98,0.11931,1,0,0
0.82,0.98,0.10652,1,0,0
0.84,0.98,0.14087,1,0,0
0.86,0.98,0.1342,1,0,0
0.88,0.98,0.11967,1,0,0
0.9,0.98,0.070973,1,0,0
0.92,0.98,0.061217,1,0,0
0.94,0.98,0.044704,1,0,0
0.96,0.98,0.024783,1,0,0
0.98,0.98,0.038734,1,0,0
0,0,0.0015294,-1,0,0
0.02,0,0.0015294,-1,0,0
0.04,0,-0.031247,-1,0,0
0.06,0,-0.012887,-1,0,0
0.08,0,0.0091286,-1,0,0
0.1,0,0.025365,-1,0,0
0.12,0,0.052772,-1,0,0
0.14,0,0.047942,-1,0,0
0.16,0,0.070773,-1,0,0
0.18,0,0.056241,-1,0,0
0.2,0,0.041602,-1,0,0
0.22,0,0.063417,-1,0,0
0.24,0,0.059703,-1,0,0
0.26,0,0.081437,-1,0,0
0.28,0,0.095571,-1,0,0
0.3,0,0.081427,-1,0,0
0.32,0,0.055721,-1,0,0
0.34,0,0.073414,-1,0,0
0.36,0,0.08171,-1,0,0
0.38,0,0.0796,-1,0,0
0.4,0,0.07181,-1,0,0
0.42,0,0.081379,-1,0,0
0.44,0,0.07857,-1,0,0
0.46,0,0.075892,-1,0,0
0.48,0,0.036715,-1,0,0
0.5,0,0.025542,-1,0,0
0.52,0,0.027708,-1,0,0
0.54,0,0.031548,-1,0,0
0.56,0,0.036055,-1,0,0
0.58,0,0.014837,-1,0,0
0.6,0,0.016341,-1,0,0
0.62,0,0.0099947,-1,0,0
0.64,0,0.015472,-1,0,0
0.66,0,-0.0084233,-1,0,0
0.68,0,0.012236,-1,0,0
0.7,0,0.015014,-1,0,0
0.72,0,0.018797,-1,0,0
0.74,0,0.014025,-1,0,0
0.76,0,0.01894,-1,0,0
0.78,0,0.040297,-1,0,0
0.8,0,0.054105,-1,0,0
0.82,0,0.037728,-1,0,0
0.84,0,0.0011486,-1,0,0
0.86,0,-0.012114,-1,0,0
0.88,0,0.013808,-1,0,0
0.9,0,0.0040691,-1,0,0
0.92,0,-0.0094617,-1,0,0
0.94,0,-0.019382,-1,0,0
0.96,0,-0.012899,-1,0,0
0.98,0,-0.0032244,-1,0,0
1,0,0.022859,-1,0,0
1,0.02,0.017653,-1,0,0
1,0.04,0.022954,-1,0,0
1,0.06,0.038399,-1,0,0
1,0.08,0.01861,-1,0,0
1,0.1,0.033579,-1,0,0
1,0.12,0.054205,-1,0,0
1,0.14,0.045264,-1,0,0
1,0.16,0.054124,-1,0,0
1,0.18,0.065968,-1,0,0
1,0.2,0.069903,-1,0,0
1,0.22,0.07511,-1,0,0
1,0.24,0.03741,-1,0,0
1,0.26,0.024381,-1,0,0
1,0.28,0.030684,-1,0,0
1,0.3,0.048213,-1,0,0
1,0.32,0.042806,-1,0,0
1,0.34,0.028057,-1,0,0
1,0.36,0.013145,-1,0,0
1,0.38,-0.011071,-1,0,0
1,0.4,-0.018142,-1,0,0
1,0.42,0.019276,-1,0,0
1,0.44,0.019242,-1,0,0
1,0.46,0.026953,-1,0,0
1,0.48,0.046458,-1,0,0
1,0.5,0.035017,-1,0,0
1,0.52,0.026713,-1,0,0
1,0.54,0.048944,-1,0,0
1,0.56,0.083985,-1,0,0
1,0.58,0.098467,-1,0,0
1,0.6,0.08101,-1,0,0
1,0.62,0.10178,-1,0,0
1,0.64,0.08035,-1,0,0
1,0.66,0.056524,-1,0,0
1,0.68,0.0226,-1,0,0
1,0.7,0.0074049,-1,0,0
1,0.72,0.016952,-1,0,0
1,0.74,0.023678,-1,0,0
1,0.76,-0.0022138,-1,0,0
1,0.78,-0.025994,-1,0,0
1,0.8,-0.0048409,-1,0,0
1,0.82,-0.014345,-1,0,0
1,0.84,0.018047,-1,0,0
1,0.86,0.041886,-1,0,0
1,0.88,0.051779,-1,0,0
1,0.9,0.051586,-1,0,0
1,0.92,0.071529,-1,0,0
1,0.94,0.044836,-1,0,0
1,0.96,0.04502,-1,0,0
1,0.98,0.032332,-1,0,0
1,1,0.040217,-1,0,0
0.98,1,0.036601,-1,0,0
0.96,1,0.039998,-1,0,0
0.94,1,0.045192,-1,0,0
0.92,1,0.067573,-1,0,0
0.9,1,0.07858,-1,0,0
0.88,1,0.12899,-1,0,0
0.86,1,0.13123,-1,0,0
0.84,1,0.11805,-1,0,0
0.82,1,0.092515,-1,0,0
0.8,1,0.096078,-1,0,0
0.78,1,0.079893,-1,0,0
0.76,1,0.07264,-1,0,0
0.74,1,0.084083,-1,0,0
0.72,1,0.077523,-1,0,0
0.7,1,0.056474,-1,0,0
0.68,1,0.054683,-1,0,0
0.66,1,0.039913,-1,0,0
0.64,1,0.022079,-1,0,0
0.62,1,0.020838,-1,0,0
0.6,1,0.025925,-1,0,0
0.58,1,0.01715,-1,0,0
0.56,1,0.027657,-1,0,0
0.54,1,0.023664,-1,0,0
0.52,1,0.027053,-1,0,0
0.5,1,0.066965,-1,0,0
0.48,1,0.069798,-1,0,0
0.46,1,0.057322,-1,0,0
0.44,1,0.044571,-1,0,0
0.42,1,0.055656,-1,0,0
0.4,1,0.041097,-1,0,0
0.38,1,0.046842,-1,0,0
0.36,1,0.030239,-1,0,0
0.34,1,0.022414,-1,0,0
0.32,1,0.040901,-1,0,0
0.3,1,0.073798,-1,0,0
0.28,1,0.067229,-1,0,0
0.26,1,0.066243,-1,0,0
0.24,1,0.072975,-1,0,0
0.22,1,0.089461,-1,0,0
0.2,1,0.08111,-1,0,0
0.18,1,0.082735,-1,0,0
0.16,1,0.044589,-1,0,0
0.14,1,0.021857,-1,0,0
0.12,1,0.048776,-1,0,0
0.1,1,0.048844,-1,0,0
0.08,1,0.033433,-1,0,0
0.06,1,0.054923,-1,0,0
0.04,1,0.04404,-1,0,0
0.02,1,0.058074,-1,0,0
0,1,0.053984,-1,0,0
0,0.98,0.065193,-1,0,0
0,0.96,0.056456,-1,0,0
0,0.94,0.034476,-1,0,0
0,0.92,0.042182,-1,0,0
0,0.9,0.031237,-1,0,0
0,0.88,0.041957,-1,0,0
0,0.86,0.037909,-1,0,0
0,0.84,0.026808,-1,0,0
0,0.82,0.031674,-1,0,0
0,0.8,0.03167,-1,0,0
0,0.78,0.023476,-1,0,0
0,0.76,0.0087159,-1,0,0
0,0.74,-0.0019108,-1,0,0
0,0.72,0.019986,-1,0,0
0,0.7,0.036593,-1,0,0
0,0.68,0.023302,-1,0,0
0,0.66,0.034224,-1,0,0
0,0.64,0.057627,-1,0,0
0,0.62,0.071343,-1,0,0
0,0.6,0.064717,-1,0,0
0,0.58,0.077697,-1,0,0
0,0.56,0.074309,-1,0,0
0,0.54,0.034346,-1,0,0
0,0.52,0.027062,-1,0,0
0,0.5,-0.0013914,-1,0,0
0,0.48,-0.015556,-1,0,0
0,0.46,-0.0006374,-1,0,0
0,0.44,-0.00011513,-1,0,0
0,0.42,0.020283,-1,0,0
0,0.4,0.02707,-1,0,0
0,0.38,0.0093429,-1,0,0
0,0.36,0.021314,-1,0,0
0,0.34,0.018464,-1,0,0
0,0.32,-0.026843,-1,0,0
0,0.3,-0.0096234,-1,0,0
0,0.28,-0.01276,-1,0,0
0,0.26,-0.019356,-1,0,0
0,0.24,-0.020008,-1,0,0
0,0.22,0.012175,-1,0,0
0,0.2,0.013633,-1,0,0
0,0.18,0.022632,-1,0,0
0,0.16,0.0028104,-1,0,0
0,0.14,-0.016459,-1,0,0
0,0.12,-0.0051798,-1,0,0
0,0.1,-0.031525,-1,0,0
0,0.08,-0.024007,-1,0,0
0,0.06,-0.03653,-1,0,0
0,0.04,-0.034007,-1,0,0
0,0.02,-0.024587,-1,0,0
