-0.018407,-0.018407,0.012056,0.062657,0.0397,0.019101,0.067444,0.084402,0.13487,0.12018,0.058487,-0.024188,0.051414,0.015321,0.0621,0.0013448,0.05545,0.061538,0.039214,0.024795,0.022443,0.043835,-0.0016164,0.0088436,0.035331,0.017742,0.011917,0.01328,0.089674,-0.0051665,-0.0085824,0.040656,0.039688,-0.021046,0.018173,0.011397,-0.0056104,0.027464,0.062336,0.050174,0.041199,0.073801,0.041094,0.077035,-0.01037,0.0023261,0.018519,0.042004,0.091188,0.016227,0.050551
0.074051,0.053156,0.060665,0.00036693,0.068062,0.033792,0.076429,0.059471,0.080658,0.071993,0.062705,0.011921,0.043671,0.064424,-0.017382,0.057711,0.081214,0.076402,0.02493,0.043341,0.084817,0.059335,-0.015871,-0.019373,0.013689,0.024634,0.080352,0.014721,0.0012602,0.048761,0.089135,0.079097,0.064393,0.028769,0.038791,0.039901,0.037015,0.066952,0.053228,0.0068879,0.048214,0.075227,0.0011059,0.017048,-0.0010289,0.044257,0.086442,0.1114,0.054661,0.075634,0.06902
0.084144,0.060323,0.068182,0.059475,0.025599,0.036878,0.067062,0.038687,0.10407,0.059867,0.064524,0.091503,0.065729,0.040674,0.01896,0.026024,0.039288,0.018241,0.002999,0.038218,0.0313,0.021236,0.058111,0.092217,0.02984,0.045714,0.029785,0.030836,0.039043,0.041701,0.035981,0.018668,0.046381,0.032301,0.034582,0.052208,0.074535,0.079529,0.031343,0.037709,0.049929,0.040286,0.02802,0.052818,0.030781,0.042132,0.025115,0.093122,0.078194,0.06379,0.059101
0.065096,0.087057,0.085434,0.066407,0.040761,0.087862,0.09114,0.10107,0.063971,0.072804,0.039715,0.034763,0.11187,0.09132,0.048912,0.066783,0.05276,0.049233,0.035153,0.082522,0.088984,0.092086,0.048221,0.097418,0.078963,0.05663,0.042925,0.08147,0.057763,0.033113,0.045816,0.031136,0.059759,0.12436,0.10676,0.085668,0.08453,0.055648,0.07733,0.085588,0.020672,0.070806,0.045635,0.1251,0.069534,0.093667,0.083094,0.070285,0.063617,0.11,0.043511
0.046415,0.054666,0.069155,0.057632,0.039696,0.069749,0.095944,-0.016028,0.074997,0.0095852,0.010699,0.048364,0.084946,0.020289,0.044853,0.055886,0.035919,0.060865,0.062697,0.049504,0.048026,0.12576,0.090857,-0.00227,0.020912,0.085462,0.018747,0.030528,0.041845,0.067046,0.023465,9.4788e-06,0.073541,0.071812,0.060994,0.073382,0.09421,0.021156,0.061238,0.068494,0.0035534,-0.0033989,0.041554,0.080826,0.015938,0.094649,0.12748,0.1131,0.07545,0.07982,0.10196
0.056844,0.10488,0.06871,0.039881,0.0015603,0.05713,0.086531,0.066087,0.080599,-0.0074552,0.045449,0.043588,0.046858,0.015631,0.036099,0.052652,0.024883,0.061052,0.10684,0.062873,0.12,0.13479,0.096128,0.080306,0.034801,0.077679,0.056625,0.02718,0.047282,0.031196,0.088536,0.020318,0.10319,0.061292,0.059933,0.030102,0.055446,0.043399,0.052061,0.099145,0.038755,0.068741,0.033926,0.081332,0.061989,0.10066,0.079498,0.12542,0.018155,0.061729,0.083292
0.026561,-0.00078544,0.021817,0.015627,-0.015184,0.0048681,0.014927,0.019046,0.043478,0.029772,0.02488,0.044956,-0.010728,-0.0048675,0.069754,0.039702,0.048502,0.02421,0.05263,0.0017236,0.081227,0.054704,0.064734,0.066287,0.12299,0.07036,0.077835,0.057585,0.065786,0.0048016,0.080626,-0.012774,0.0008664,0.040214,0.044649,0.0026107,-0.0013668,0.041082,0.028989,0.041863,0.04252,0.06079,0.018414,0.032561,0.05931,0.10934,0.043916,0.082487,0.046422,0.041498,-0.020096
0.0078287,-0.0024899,0.081514,0.038667,0.024938,-0.048886,-0.017953,-0.021738,0.022022,0.018766,-0.0084477,-0.026861,0.033038,0.023743,0.030579,0.037615,0.0030708,0.02629,0.05002,0.029044,0.079162,0.067127,0.042037,0.048684,0.045495,0.021171,0.061519,0.031196,0.040717,-0.031009,0.004598,-0.033085,0.0040482,0.031378,0.0093041,-0.04931,0.0027588,0.0070956,0.044338,0.04551,0.041517,-0.0018032,-0.012553,0.0073618,-0.00085678,0.014997,0.067941,0.076503,0.025324,0.06681,0.013432
0.0026273,-0.00087154,-0.002404,-0.0036033,-0.0019736,0.011375,0.072542,-0.037208,0.015473,0.033276,0.012187,-0.053353,-0.0045871,0.05048,-0.031987,-0.0034231,0.079658,0.079696,0.043225,0.078148,0.16767,0.068284,0.025965,0.052231,0.037819,0.060098,0.087904,0.060036,-0.007273,0.036316,0.079353,0.02609,0.0032345,-0.012035,0.034298,0.034496,0.029713,0.040596,-0.0038385,-0.025941,0.013276,0.035633,0.023923,-0.00089421,0.016787,0.040187,0.10286,0.098584,0.036997,0.050773,0.084453
0.019453,-0.021515,0.011396,0.031295,0.033673,-0.04506,0.033911,0.013645,0.028633,-0.028212,-0.0028566,-0.021178,0.0067844,0.044722,0.033883,0.026187,0.011855,0.046954,0.053602,0.060295,0.10429,0.090698,0.098313,0.10635,0.066646,0.085646,0.073934,0.044743,0.049375,0.022385,-0.037724,0.01281,0.045521,0.0055298,0.047324,0.049472,0.0091884,0.0062645,-0.035747,-0.030629,0.0098339,-0.0048224,0.052479,0.028364,0.073712,0.00073855,0.048858,0.035748,0.047366,0.0095871,0.060056
0.078678,0.017012,0.0050653,0.036484,0.066642,-0.015649,0.011186,0.028858,-0.00020537,-0.006776,0.0078694,-0.040017,0.010813,0.012004,0.034294,0.012098,0.050697,0.080738,0.081713,0.090012,0.087376,0.12928,0.073433,0.11683,0.073937,0.084438,0.050276,0.059198,0.029415,0.0404,0.0039327,-0.014251,0.039872,0.010786,0.030038,-0.0028756,0.065847,0.011496,0.0098376,-0.01207,0.065272,0.037509,0.01709,0.038408,0.015594,0.026619,0.056997,0.020282,0.033716,0.083146,0.079276
0.048062,0.052828,0.024747,0.020541,0.0028754,-0.04128,-0.020992,-0.026546,0.021898,-0.035914,-0.058159,-0.0072032,0.026812,0.038332,0.029372,0.020832,0.084836,0.098277,0.084476,0.017719,0.088489,0.062464,0.11489,0.099752,0.10449,0.052573,0.06724,0.033932,0.042416,-0.010467,0.0065352,0.019057,0.064222,0.023397,0.032139,0.023459,0.010176,0.03974,0.04379,0.0091223,0.032244,0.0089511,0.0056533,0.041109,0.021897,0.024875,0.029168,0.0013361,0.0364,-0.0021421,0.055944
0.029516,0.036545,0.036796,-0.031646,0.066781,0.031749,0.01784,-0.044539,0.0082904,-0.012769,-0.027154,-0.014158,-0.01385,0.03982,-0.010595,0.047067,0.095783,0.09096,0.049369,-0.017569,0.059319,0.025016,0.10305,0.090143,0.13595,0.079392,0.1069,0.025444,0.016863,-0.042686,-0.021783,-0.027142,0.0065151,-0.046271,-0.0090454,0.058788,0.06244,0.040001,0.060337,0.0028989,0.028731,0.01848,0.003889,-0.010452,0.011852,-0.0060685,-0.0042467,0.025998,-0.075623,-0.013759,0.031539
0.022889,0.02279,0.092363,0.059048,0.040369,-0.00059808,-0.0061304,-0.05014,0.015778,-0.0063944,-0.031615,-0.059205,0.037776,-0.015052,0.048594,-0.01974,0.089274,0.063532,0.022412,0.082841,0.071212,0.069625,0.076763,0.077999,0.081773,0.016317,0.068398,0.041123,0.025926,-0.0058588,0.022065,-0.0060051,0.07315,0.045143,0.054942,0.015122,0.046776,0.030652,0.020207,0.012806,0.022888,-0.029314,0.022378,0.034888,0.012551,0.016527,0.013108,0.00083902,-0.029239,-0.0093233,0.029317
-0.0053064,0.0037025,0.11436,0.082243,0.091789,0.052741,-0.0092612,0.034577,-0.021854,0.04694,-0.0013485,-0.011532,0.016985,-0.046846,0.023618,0.017267,0.084559,0.073892,0.082176,0.071366,0.091639,0.083496,0.0814,0.048778,0.06099,0.00011448,0.048428,0.060335,0.028578,0.031082,0.04783,-0.0077204,0.033272,0.035424,0.0073962,0.024133,0.08947,0.043519,0.042827,0.027305,-0.0039879,-0.0033219,-0.017324,-0.0056223,0.010368,-0.0054367,0.0083085,0.029347,-0.026253,0.049573,0.048521
0.01475,0.035003,0.070438,0.1108,0.078504,0.062555,0.063607,0.004558,0.020634,-0.0086482,0.0055568,0.0028138,-0.0011828,0.043074,0.089978,-0.012945,0.02538,0.061981,-0.002462,0.041871,0.078535,0.056894,0.049644,0.08656,0.067785,0.097823,0.083099,0.073931,-0.0092904,0.015129,0.034361,-0.029011,0.018648,0.0017604,0.011684,0.0059896,0.077643,0.05207,0.039372,0.02768,-0.0094658,-0.019438,-0.024727,0.0077066,-0.0040053,0.040404,0.016702,0.062922,-0.037046,-0.019152,0.050627
-0.0067188,0.018029,0.066601,0.039887,0.080449,0.055433,0.022112,0.051748,0.047292,0.033705,0.050277,0.0050504,0.0037428,-0.00052177,0.020719,0.059699,0.033976,0.075553,0.06741,0.069785,0.086228,0.11315,0.064669,0.059418,0.065082,0.07462,0.055409,0.012097,0.059074,0.075707,0.073075,0.039221,0.026789,-0.0022361,0.035148,0.028141,0.058831,0.020975,0.084211,0.055256,-0.0064808,0.064608,0.0051022,0.020363,-0.00054884,0.018582,-0.0063562,0.082045,0.032475,0.0080335,0.038846
0.067978,0.064145,0.14085,0.098605,0.072239,0.065981,0.078963,0.065044,0.067038,0.1119,0.023305,0.019792,0.049558,0.06976,0.070824,0.096961,0.065589,0.065958,0.066807,0.11494,0.10764,0.096397,0.11282,0.064043,0.096721,0.043211,0.062735,-0.023551,0.019106,0.020793,0.018415,0.025466,0.024342,0.080884,0.026454,0.012732,-0.0011207,0.07438,0.063682,0.083853,0.031969,0.03581,-0.0066789,-0.00017089,0.036626,0.11382,0.07327,0.042552,0.063821,0.050593,0.026365
0.010526,0.010953,0.06485,0.05335,0.085402,0.0080659,0.09674,0.064306,0.031262,-0.0097336,0.041231,0.013376,0.071242,0.014704,0.077678,0.10746,0.10518,0.099132,0.10933,0.061861,0.02469,0.028898,0.065551,0.12433,0.078761,0.09888,0.037776,-0.011672,0.014031,0.042812,0.016909,-0.03028,0.034576,0.019499,0.050066,0.035586,0.079689,0.041418,0.061941,0.041177,0.017572,-0.017677,0.0024337,0.054143,0.081848,0.071047,0.069166,0.11275,0.035159,0.10828,0.0068595
0.018749,0.0058163,-0.0073312,-0.03115,0.020253,0.014396,0.056847,0.0083638,0.050322,0.03248,0.02468,0.003641,0.043756,0.015724,0.043808,-0.002632,0.020806,0.042235,0.033157,0.042103,0.075193,0.059972,0.025115,0.037886,0.043907,0.090401,0.028388,-0.0006266,0.0096528,0.01176,-0.041127,-0.040664,-0.025183,-0.037515,0.033211,-0.025741,-0.055619,-0.015823,0.022833,0.02705,-0.0012275,0.0082488,0.022862,0.027677,0.042981,0.053705,0.018151,0.026572,-0.013578,0.043569,0.043858
0.091306,0.020561,0.070977,0.041031,0.043514,0.014075,0.051586,0.024843,0.023898,0.093277,0.085685,0.017394,0.10615,0.079957,0.049693,0.037847,0.079109,0.059979,0.036761,0.056983,0.095616,0.10196,0.028623,0.063263,0.086226,0.017948,0.033661,0.027155,0.041439,0.027877,0.00069528,0.0049656,0.0015454,0.010832,0.044203,0.022548,-0.026078,0.012386,-0.040287,0.006418,0.018068,0.0019181,0.045392,0.12097,0.048713,0.018383,0.094103,0.067227,0.067297,0.094824,0.12868
0.014989,0.0025016,0.024571,-0.0023795,-0.018904,-0.0094962,0.062346,0.017071,0.083578,0.089713,0.051666,0.032698,0.077462,0.044209,0.045234,0.081318,0.052179,0.050346,0.0011153,0.035623,0.02825,0.089962,0.0061059,0.089681,0.086487,0.094798,0.027771,0.0604,0.056959,-0.023356,0.01363,0.0020326,0.053625,0.010466,0.057679,0.025502,-0.011148,0.02423,0.0063517,0.0055012,0.0086061,0.016507,0.010845,0.083128,0.10215,0.10512,0.076595,0.090301,0.056081,0.060518,0.027422
0.037848,0.034039,0.016059,0.020899,0.042762,0.040269,0.048458,0.0060932,0.11522,0.10531,0.041309,0.089971,0.014064,0.043744,0.0057755,0.043937,0.044333,0.063076,0.034718,0.038384,0.073474,0.016065,0.059487,0.07285,0.080632,0.027271,0.016947,0.042228,-0.016734,0.017009,0.04113,0.03202,0.034591,0.012553,-0.0071219,0.010856,-0.051883,0.040043,0.012899,-0.00026847,0.011845,0.023416,0.00011021,0.012591,0.031898,0.077409,0.072354,0.097578,0.11242,0.073951,0.022582
0.072675,0.076779,0.087738,0.057154,0.070947,0.051417,0.036734,0.044743,0.12208,0.082629,0.030438,0.039425,0.035483,0.050812,0.065284,0.10048,0.072133,0.07472,0.078079,0.068076,0.096268,0.10337,0.10803,0.025067,0.054349,0.074502,0.085603,0.037934,0.010583,0.090961,0.078556,0.036914,0.10883,0.080776,0.038636,0.023871,0.082889,0.026925,0.035179,0.068449,0.038702,0.02007,0.026576,0.048649,-0.0084434,0.078507,0.14118,0.18531,0.13026,0.11642,0.097915
0.043516,0.059283,0.05868,0.049076,0.022871,0.044119,0.066798,0.025256,0.13823,0.056629,0.059271,0.011748,0.06553,0.026173,0.083573,0.052807,0.08275,0.056633,0.055475,0.066168,0.067371,0.14373,0.090964,0.076087,0.086056,0.064969,0.052017,0.077016,0.034668,0.022319,0.050733,0.0096028,0.11268,0.028773,0.05018,0.064378,0.067985,0.031056,0.026957,0.054144,0.068263,0.050412,0.10444,0.08908,0.018862,0.1049,0.10356,0.064981,0.066758,0.07532,0.040795
0.043684,0.024164,-0.003886,-0.0021301,0.0040842,-0.010025,0.028509,0.07496,0.060627,-0.0044889,0.018076,0.026007,0.0054402,0.0057474,0.030329,-0.024944,0.01623,0.054428,0.12006,0.0421,0.098783,0.025086,0.053974,0.0041078,0.028096,-0.011874,0.018631,0.047532,0.084434,-0.019013,0.022297,-0.044492,0.038795,-0.029946,-0.053603,0.007272,0.027578,-0.013229,0.0099425,0.064079,0.033691,0.052532,0.040297,0.021629,0.039764,-0.023823,0.022311,0.052513,-0.027511,0.059028,0.068156
0.024619,0.015844,0.0093428,0.02098,0.030987,0.051126,0.0035936,-0.014025,0.027301,-0.026404,-0.01946,0.013746,0.055455,0.043249,0.059188,-0.024159,0.03946,0.069536,0.069708,0.072982,0.07975,0.055292,0.070085,0.018391,0.028167,0.041182,0.074211,0.052657,0.053992,0.041305,0.028834,-0.058162,0.028148,0.0053829,0.078458,0.017929,0.056565,0.037343,0.039269,0.031827,0.034275,0.073718,0.032939,0.056147,0.020831,0.054378,0.019393,0.082236,0.021721,0.068285,0.086205
0.057912,0.017767,0.057058,-0.026816,0.061892,0.014529,0.031607,0.075308,0.023451,0.010097,0.011689,-0.033391,0.050753,0.074435,0.046157,0.048233,0.057718,0.057273,0.058026,0.061662,0.10807,0.085014,0.046966,0.018246,0.0016117,-0.028926,0.070703,0.0716,-0.0027119,-0.011433,0.0099653,-0.017567,-0.0080949,0.018999,0.081668,-0.0098072,0.053373,0.024293,0.028682,0.001677,0.050081,0.063248,0.036332,0.015894,0.062335,0.057433,0.059716,0.065101,0.013148,0.080617,0.070113
0.017713,0.0054555,0.02737,0.0042838,0.0043611,-0.019413,0.0024127,-0.0094725,0.0063292,0.015897,0.020944,0.052439,0.064391,0.0869,0.048688,0.03343,0.0037437,0.042633,0.037063,0.020305,0.047437,0.043707,0.060034,0.024911,0.036099,0.018934,0.01467,-0.0075035,0.051242,0.01817,-0.0039577,0.022323,0.028218,-0.0029442,-0.0039908,0.028134,-0.020918,0.027595,-0.01086,-0.00083681,0.03,0.024761,0.051251,0.0010098,0.07735,0.047304,0.081381,0.055985,0.078239,0.070456,0.041749
-0.0089405,-0.019888,0.0096173,0.0013805,0.039379,0.0091456,0.059557,0.0013712,0.039974,0.01421,0.051752,-0.028235,0.055607,0.041126,0.020744,0.0055696,0.030018,0.040333,0.032478,0.070955,0.087443,0.038377,0.003919,0.054702,0.0042841,0.083017,0.046771,0.051141,0.055677,0.038632,-0.029197,-0.0022301,0.030044,-0.030153,0.00025048,-0.006293,0.022034,-0.013287,0.10178,0.050607,0.043487,0.028964,-0.011414,0.0071772,0.067215,0.045563,0.10924,0.10098,0.040382,0.055012,0.088218
0.10253,0.024157,0.037892,0.03996,0.082841,0.0037245,0.017905,0.025702,0.054208,0.045098,0.083872,0.041811,0.076576,0.086795,0.10414,0.046578,0.039226,0.066987,0.038087,0.029267,0.090272,0.091155,0.046266,0.013395,0.030152,0.044999,0.064905,0.025938,0.055617,0.075689,0.0094934,0.036152,0.025458,-0.010888,0.051828,-0.0099774,0.02361,-0.0021104,0.047921,-0.0097522,0.051249,0.067086,0.080067,0.068135,0.045361,0.074507,0.087891,0.0677,0.12201,0.07254,0.12097
0.029728,0.018739,0.01355,-0.020286,0.03029,-0.004178,-0.0026824,0.075904,0.037199,0.024844,0.023601,0.036695,0.029126,-0.0043754,0.048829,0.046296,0.049829,-0.010494,0.048162,0.013405,0.084674,0.073487,0.019299,-0.033283,0.029537,0.015469,0.084103,0.034563,0.0045996,0.014435,0.0076947,-0.030134,-0.0035029,-0.057785,-0.011233,0.020888,-0.0057815,0.038672,0.045262,0.062374,0.078491,0.088795,0.067648,0.052898,0.00060051,0.053042,0.030901,0.0099755,0.046876,0.043093,0.039738
0.021796,0.013675,0.087475,0.05355,0.063771,0.017893,0.069499,0.030733,0.081378,0.063261,0.035157,0.034478,0.043357,0.0029552,0.032863,0.017771,0.094195,0.12398,0.060133,0.092996,0.05131,-0.014693,0.017774,0.062787,0.03285,-0.011575,0.051962,-0.010159,0.038515,0.027535,0.062493,-0.042827,0.061376,0.033565,-0.0070719,-0.01028,0.022856,0.040944,0.048018,0.073717,0.084456,0.048906,0.089828,0.084253,0.065818,0.037118,0.045271,0.072099,0.033357,0.088741,0.033427
0.049797,0.040795,0.1121,-0.0059725,0.0056811,0.046078,0.076513,0.041228,0.11157,0.11102,0.022999,0.053765,0.012996,0.010435,0.012404,0.054635,0.11909,0.099985,0.052167,0.042766,0.024185,0.012913,0.02068,0.01216,0.12061,0.058096,0.063885,0.035916,0.023155,0.055439,0.02151,0.026012,0.027188,0.011114,-0.032865,0.040262,-0.011059,0.039845,0.12983,0.10373,0.092916,0.073465,0.057516,0.060752,0.026094,0.073725,0.054897,0.035601,0.050469,0.028688,0.049715
0.053215,0.075901,0.11557,0.070947,-0.030512,0.035737,0.056059,0.074733,0.099942,0.068173,0.05614,0.050771,0.054588,0.031612,0.044159,0.089737,0.112,0.060483,0.037121,-0.048063,-0.030209,0.080733,0.051897,0.07719,0.095972,0.085363,0.058505,0.045578,0.036941,0.023318,0.041902,0.020497,0.040511,0.02492,-0.0080549,0.02165,0.054425,0.045291,0.084083,0.11872,0.091866,0.052463,0.070247,0.13769,0.0051287,0.064756,0.054208,0.060722,0.030478,0.0073439,0.079202
0.062974,0.068916,0.09212,0.068438,0.021068,0.086601,0.09097,0.042806,0.13721,0.089547,0.085674,0.096669,0.059689,0.045407,0.031171,0.040371,0.084277,0.044922,0.05516,0.031789,0.0098972,0.10176,0.029183,0.091637,0.064917,0.083616,0.011661,0.063372,0.020143,0.057314,0.12412,0.043935,0.071202,0.020653,-0.00114,0.023058,0.036213,0.061992,0.057472,0.026164,0.085103,0.062053,0.058151,0.11192,0.03596,0.1064,0.077255,0.10047,0.048572,0.065171,0.048611
0.024294,0.035657,0.071618,0.07324,0.055193,0.059024,0.030407,0.045433,0.10609,0.071718,0.054231,0.090356,0.075085,0.032296,0.019622,0.021419,0.032436,0.060589,0.057948,0.069132,0.074171,0.068867,0.077883,0.082235,0.096332,0.037696,0.015514,0.026982,0.081811,0.0084024,0.072194,0.064041,0.057856,0.071161,0.039647,0.039354,0.032785,0.069677,0.089881,0.062734,-0.019143,0.056227,0.007216,0.089018,0.089925,0.067859,0.034416,0.078721,0.027309,0.051921,0.059012
0.025224,0.0079229,0.040106,0.067864,0.054901,0.046685,0.047124,-0.0022115,0.063525,0.073987,0.073642,0.021636,0.043313,0.058066,0.032919,0.061661,0.072423,0.017282,0.021939,0.023016,0.038203,0.08343,0.073945,0.025852,0.063876,0.03672,0.05817,0.018989,0.015456,0.0014918,0.013303,-0.017572,0.028525,-0.010787,0.038191,0.042104,0.09942,0.07293,0.00199,-0.0056782,-0.0027607,-4.2876e-05,-0.01997,0.11327,0.023831,0.12277,0.090764,0.063011,-0.019674,0.019847,0.044256
0.043761,0.038251,0.10348,0.053832,0.065329,0.018209,0.063594,-0.009489,0.070065,0.058452,0.083967,0.013856,0.10928,0.096254,0.011022,0.080626,0.081931,0.033716,0.098578,0.084138,0.12109,0.13871,0.089587,0.083574,0.023513,0.067676,0.061672,0.035432,0.031028,0.011545,0.045687,0.041283,0.023663,0.00084516,0.02688,0.048524,0.075266,0.078267,0.074965,0.044104,0.070211,0.048176,0.071495,0.034358,0.041647,0.062096,0.070097,0.074497,-0.002871,0.083788,0.016356
0.044605,-0.043722,-0.023053,0.087356,0.052205,-0.028829,-0.0065647,0.0055176,0.030945,0.017367,0.05663,0.0043699,-0.0029217,0.034025,0.063725,-0.021833,0.023047,0.061604,0.086535,0.04046,0.077759,0.079935,0.067618,0.10678,0.040033,0.092751,0.045088,-0.022252,0.022009,0.0073981,-0.018499,-0.071788,-0.0014776,-0.0024993,-0.031596,-0.028615,0.01331,0.051498,0.041251,0.036125,0.066045,0.020456,-0.004579,0.027006,0.024483,0.0096522,0.036386,0.0093761,-0.019133,0.010519,0.0056281
0.022799,0.0033805,-0.014752,0.011247,0.029145,0.0010892,0.04848,0.048328,0.077225,0.010832,0.03753,-0.032755,0.021576,0.039604,0.086138,0.069972,0.061232,0.1146,0.096825,0.098518,0.084145,0.08634,0.03194,0.11973,0.052206,0.062478,0.034335,0.049855,0.030331,0.0022636,-0.011816,0.01114,0.024795,0.016952,0.016868,0.0074984,0.011478,0.011661,0.052693,0.034109,0.034559,0.057094,-0.021344,0.024996,0.072973,0.08407,0.060937,0.0061311,0.016788,0.00054759,0.037243
0.0083631,0.014682,0.035088,-0.01524,0.0086991,0.011079,0.082671,0.020578,0.081306,0.0303,0.015809,-0.0042168,0.044243,0.098102,0.003682,0.061133,0.047827,0.098847,0.069819,0.057868,0.13466,0.12926,0.074366,0.10509,0.056509,0.023734,0.048329,0.063683,0.027228,0.011934,0.0090611,-0.00066906,0.015349,-0.018754,0.063266,0.014883,-0.012487,0.02174,0.032208,0.025588,0.076988,0.051003,0.047799,0.028949,0.016409,0.058409,0.050831,0.0079143,0.064759,0.0034392,0.034727
0.07053,0.058827,0.011548,0.033971,0.03792,0.092141,0.057796,0.038319,0.07318,0.062668,0.039779,0.048275,0.085385,0.15312,0.094835,0.076656,0.10686,0.096155,0.088557,0.070218,0.14029,0.063993,0.059976,0.075846,0.086577,0.06583,0.11463,0.086335,0.042139,0.05254,0.067397,0.0011829,0.064404,0.052293,0.063886,0.080344,0.0079773,0.014863,0.0021952,0.017057,0.026508,0.071816,0.029872,0.060504,0.035688,0.080249,0.11513,0.11179,0.085427,0.066618,0.11847
0.030006,-0.001243,0.05757,0.020172,0.034033,0.023134,0.016698,0.016807,0.10514,0.041929,0.035306,0.077838,0.095498,0.10064,0.10682,0.036084,0.030357,0.057889,0.038782,0.047715,0.07728,-0.0074548,0.094547,0.13774,0.14713,0.093468,0.13506,0.072916,0.070436,0.033375,0.014874,-0.018433,0.062029,0.0727,0.056585,0.012976,0.025315,-0.014631,0.067972,0.014457,0.0088228,0.032648,0.047064,0.083722,0.094695,0.066008,0.064921,0.051569,0.07924,0.041786,-0.0061025
0.098171,0.050485,0.049937,0.045267,0.01824,-0.034299,0.018433,0.020119,0.072981,0.021792,0.14311,0.090118,0.024132,0.063257,0.10035,0.076323,0.087757,0.034674,0.041813,0.019924,0.081209,0.061216,0.061779,0.011202,0.097134,0.055521,0.12612,0.078449,0.023814,0.072645,0.074118,-0.016716,0.076174,0.042252,-0.0093231,0.0055328,0.051421,-0.02681,-0.013883,0.0050369,0.076216,-0.0021364,0.0031353,0.06693,0.037627,0.063111,0.12796,0.091234,0.069532,0.047995,0.06617
0.032745,0.04378,0.031164,0.043509,0.0075073,0.043365,0.0031821,0.021232,0.043475,-0.0052093,0.047319,0.027817,0.050537,0.060916,0.04355,0.017442,0.068738,0.019348,0.051508,-0.019925,0.045696,0.038791,0.035446,0.019253,0.053196,0.052062,0.066425,0.010443,0.036201,-0.013801,0.018606,-0.037831,0.04189,-0.009206,0.0080541,0.010842,-0.0013257,-0.011008,-0.028878,-0.0033347,-0.018742,0.020105,0.050718,0.079611,0.0087824,0.018995,0.060725,0.095757,0.061434,0.0087621,0.031572
0.064389,-0.01943,0.012482,0.01574,0.050491,0.069821,0.0125,0.0050532,0.037567,0.025424,0.033016,0.035563,0.023613,0.080864,0.093438,0.041301,0.10134,0.019005,-0.0019781,0.038184,0.050796,0.054858,0.010333,0.0093999,0.071313,0.090688,0.077125,0.035247,0.049673,0.024124,0.033865,-0.040418,0.021053,0.0045271,0.02448,0.033909,0.018461,-0.0037031,0.079561,-0.012487,0.031813,0.036295,0.033425,0.074224,0.062173,0.033294,0.04145,0.08654,0.03339,0.033159,0.04167
0.03925,0.016312,0.079108,0.078678,0.038013,0.057278,0.041921,0.040439,0.050589,0.037701,0.039407,0.057321,0.089329,0.095463,0.057106,0.086969,0.085687,0.029175,0.03902,0.065926,0.055219,0.021779,0.023715,0.068728,0.0092665,-0.0089773,0.012015,0.041685,0.086117,0.011,0.013194,0.00054601,-0.015648,0.024287,-0.0017747,-0.016874,0.016481,0.0044259,0.061207,0.031091,0.025147,0.050856,0.018706,0.1106,0.063185,0.028766,0.0055562,0.04563,0.077802,0.084186,0.075905
0.026556,0.023303,0.038815,0.0081164,-0.0042908,0.05661,0.10876,0.017687,0.056691,0.021784,0.035503,0.035961,0.061213,0.10592,-0.006265,0.097797,0.090688,0.003032,0.035418,-0.0027544,0.043732,0.047475,0.0016708,-0.015118,0.025054,0.030685,0.062324,0.041382,0.031357,0.022386,0.014149,-0.03751,-0.037978,-0.0015375,0.016121,0.017426,0.022674,0.027531,0.016487,-0.013502,0.080666,0.026486,0.029182,0.076147,0.023742,0.088218,0.088044,0.043228,0.057248,0.062962,0.079514
0.029371,-0.0035723,0.0649,0.05086,0.086313,0.027451,0.1057,0.012808,0.06826,0.019952,0.067465,0.012717,0.091161,0.09078,0.059427,0.04757,0.066322,0.073513,0.017331,-0.027324,0.012627,0.040369,-0.020172,0.064051,0.045648,0.057784,0.015729,0.022068,0.048229,0.016562,-0.0043166,-0.0019081,-0.043831,0.013575,0.042994,0.0091067,0.0030929,-0.0083028,0.034569,-0.014685,0.023825,-0.014529,0.048952,0.070135,0.067825,0.028924,0.094528,0.10042,0.054871,0.084131,0.0907
0.055551,0.036965,0.086948,0.068669,0.02363,0.0396,0.068458,0.047916,0.082493,0.094999,0.042443,0.011984,0.085826,0.042325,0.13323,0.027187,0.048001,0.048606,0.074455,0.029638,0.028054,0.03746,-0.034342,0.0094635,0.022809,0.032915,-0.0065072,-0.0026571,0.059887,0.0055234,0.0094345,0.025243,0.045911,0.00053735,0.017,-0.019708,-0.0013259,-0.0068117,0.069145,0.010857,0.013995,-0.020336,-0.049634,0.04471,0.039777,0.10516,0.11013,0.12979,0.098659,0.10374,0.11405
