-0.058939,-0.058939,-0.065794,-0.070525,-0.077036,-0.072563,-0.063066,-0.072122,-0.060068,-0.033658,-0.020753,-0.018402,0.0045353,0.012558,0.01298,0.017606,0.0025256,-0.00024601,-0.0026233,-0.0027774,-0.013321,-0.020439,-0.019558,-0.007715,-0.017302,-0.033616,-0.049265,-0.04747,-0.055352,-0.066607,-0.072753,-0.071501,-0.059167,-0.057856,-0.068324,-0.070581,-0.068718,-0.06169,-0.067055,-0.062514,-0.068109,-0.056518,-0.051217,-0.048759,-0.044329,-0.038972,-0.028873,-0.036002,-0.049185,-0.049355,-0.058932
-0.053401,-0.056616,-0.064115,-0.072239,-0.071386,-0.067209,-0.061566,-0.056088,-0.056813,-0.037973,-0.028411,-0.02034,-0.01907,-0.0073648,0.014751,0.016135,0.003918,-0.0043416,0.00064429,0.0016625,-0.0059805,-0.010935,-0.022349,-0.023071,-0.016038,-0.029668,-0.036495,-0.046594,-0.063028,-0.07453,-0.088445,-0.079501,-0.074454,-0.078099,-0.085678,-0.077322,-0.069756,-0.063978,-0.068833,-0.066531,-0.054108,-0.039104,-0.039587,-0.030369,-0.023156,-0.013171,-0.014819,-0.023511,-0.045944,-0.060552,-0.051274
-0.053722,-0.059999,-0.064478,-0.065323,-0.0592,-0.068431,-0.06987,-0.068082,-0.064655,-0.052394,-0.035837,-0.029906,-0.026004,-0.016986,0.0047455,0.00077227,-0.0099869,-0.014111,-0.0072063,-0.0049969,-0.0087674,-0.020722,-0.023582,-0.032353,-0.035696,-0.039369,-0.043309,-0.055653,-0.061626,-0.069558,-0.084728,-0.094002,-0.090539,-0.093212,-0.099106,-0.090491,-0.074977,-0.074872,-0.074386,-0.067233,-0.051332,-0.023446,-0.015237,-0.012005,-0.011134,-0.014622,-0.02108,-0.020957,-0.044689,-0.051207,-0.049119
-0.056232,-0.054507,-0.061317,-0.061796,-0.063721,-0.069926,-0.069618,-0.074075,-0.061321,-0.061997,-0.045839,-0.042745,-0.025759,-0.011915,-0.0030848,-0.015851,-0.025481,-0.030245,-0.020397,-0.014875,-0.010909,-0.028752,-0.03237,-0.042552,-0.047904,-0.054354,-0.046747,-0.051311,-0.056596,-0.067344,-0.082911,-0.099653,-0.085384,-0.092259,-0.093538,-0.088055,-0.086156,-0.077935,-0.074582,-0.062514,-0.051844,-0.019767,-0.0024547,-0.0010645,0.00049071,-0.0097489,-0.026346,-0.031144,-0.048742,-0.048594,-0.047233
-0.067499,-0.064335,-0.062813,-0.077836,-0.076254,-0.071862,-0.073731,-0.076506,-0.077383,-0.075046,-0.066502,-0.056188,-0.046407,-0.041236,-0.028783,-0.042417,-0.037554,-0.043852,-0.044082,-0.045244,-0.036827,-0.052862,-0.055034,-0.061948,-0.0628,-0.077097,-0.070962,-0.062989,-0.065327,-0.078305,-0.091121,-0.091344,-0.09271,-0.08961,-0.083913,-0.075606,-0.078212,-0.08746,-0.082983,-0.080864,-0.066161,-0.033154,-0.015701,-0.013157,-0.002239,-0.0090251,-0.034121,-0.04005,-0.050824,-0.05148,-0.051699
-0.065051,-0.058054,-0.05856,-0.080845,-0.087531,-0.085354,-0.072241,-0.080807,-0.089714,-0.090125,-0.083592,-0.077451,-0.061001,-0.060538,-0.053484,-0.055743,-0.055438,-0.06309,-0.072091,-0.063738,-0.061215,-0.063488,-0.072413,-0.074788,-0.084069,-0.091045,-0.082533,-0.081267,-0.084448,-0.084393,-0.085088,-0.081315,-0.072054,-0.07133,-0.07388,-0.072498,-0.078216,-0.094622,-0.091011,-0.079256,-0.069377,-0.051165,-0.04339,-0.03025,-0.01563,-0.0097955,-0.026994,-0.046704,-0.056014,-0.052885,-0.053676
-0.052376,-0.052396,-0.060625,-0.071519,-0.088471,-0.096088,-0.093446,-0.092325,-0.090733,-0.10124,-0.095017,-0.079918,-0.07695,-0.072741,-0.069252,-0.067834,-0.07755,-0.074398,-0.081321,-0.091771,-0.091507,-0.077856,-0.077006,-0.080438,-0.086785,-0.094364,-0.10097,-0.089236,-0.086594,-0.075544,-0.06782,-0.067422,-0.060539,-0.058755,-0.064099,-0.075094,-0.088003,-0.08883,-0.093319,-0.076242,-0.066803,-0.053919,-0.043265,-0.032518,-0.015623,-0.020494,-0.034992,-0.041301,-0.049852,-0.055345,-0.060187
-0.042433,-0.052412,-0.05877,-0.071359,-0.089889,-0.10146,-0.091761,-0.086774,-0.098412,-0.10357,-0.11379,-0.10306,-0.088406,-0.083216,-0.075056,-0.068449,-0.085365,-0.088727,-0.092166,-0.1061,-0.10653,-0.094572,-0.090655,-0.09006,-0.089447,-0.085644,-0.084047,-0.078731,-0.081316,-0.068695,-0.066821,-0.062375,-0.05435,-0.04796,-0.064738,-0.074032,-0.079782,-0.088076,-0.088187,-0.071937,-0.060243,-0.055284,-0.041812,-0.022927,-0.0099223,-0.013776,-0.021833,-0.037453,-0.053742,-0.055383,-0.070904
-0.047631,-0.057707,-0.055633,-0.069945,-0.08402,-0.089818,-0.082775,-0.099109,-0.10844,-0.11437,-0.11751,-0.11318,-0.098573,-0.099377,-0.086021,-0.081375,-0.088064,-0.099038,-0.10486,-0.10442,-0.10562,-0.089627,-0.098715,-0.097646,-0.087187,-0.091316,-0.083642,-0.076352,-0.073668,-0.065785,-0.053644,-0.047057,-0.049423,-0.057213,-0.064015,-0.069053,-0.073036,-0.087709,-0.094076,-0.076382,-0.054822,-0.042541,-0.033798,-0.020148,-0.019902,-0.014407,-0.024113,-0.036224,-0.041604,-0.048193,-0.058785
-0.048416,-0.047735,-0.052096,-0.0631,-0.06938,-0.071117,-0.067903,-0.085672,-0.099585,-0.10296,-0.11345,-0.11686,-0.096813,-0.097121,-0.087959,-0.083123,-0.092517,-0.10602,-0.097884,-0.099955,-0.078224,-0.084693,-0.093245,-0.098161,-0.08527,-0.083313,-0.073338,-0.062871,-0.064622,-0.059198,-0.039383,-0.03008,-0.035135,-0.045474,-0.052164,-0.058873,-0.068175,-0.075017,-0.076456,-0.063169,-0.042434,-0.025417,-0.021448,-0.018444,-0.010101,-0.0078083,-0.0099411,-0.020946,-0.031091,-0.024546,-0.043405
-0.054177,-0.063829,-0.063789,-0.056081,-0.061414,-0.062758,-0.062134,-0.077889,-0.080781,-0.092368,-0.10249,-0.11375,-0.10123,-0.096069,-0.089785,-0.088016,-0.086004,-0.096734,-0.089905,-0.096871,-0.094455,-0.10056,-0.095509,-0.092871,-0.079452,-0.077994,-0.063574,-0.056881,-0.054755,-0.04465,-0.035417,-0.037554,-0.030387,-0.040268,-0.045059,-0.051715,-0.059543,-0.058092,-0.062819,-0.056198,-0.046362,-0.030333,-0.01561,-0.013869,-0.011034,-0.0043902,-0.0083292,-0.010426,-0.02001,-0.021859,-0.040656
-0.048761,-0.047735,-0.054762,-0.058153,-0.05196,-0.065037,-0.062271,-0.061333,-0.073541,-0.082613,-0.08282,-0.088946,-0.085742,-0.089861,-0.073573,-0.080111,-0.092249,-0.09174,-0.091337,-0.096678,-0.10362,-0.1029,-0.10314,-0.093582,-0.07766,-0.069608,-0.054272,-0.051346,-0.039509,-0.038811,-0.032007,-0.024601,-0.018863,-0.026825,-0.0411,-0.051064,-0.053946,-0.05109,-0.043666,-0.041556,-0.034724,-0.018598,-0.027665,-0.01507,-0.0026917,0.0023419,-0.0028769,-0.0034371,-0.019599,-0.028955,-0.027528
-0.041846,-0.043367,-0.047111,-0.051032,-0.056193,-0.057293,-0.058032,-0.063513,-0.080249,-0.072017,-0.06142,-0.057208,-0.070927,-0.072945,-0.077283,-0.084957,-0.090689,-0.10065,-0.10214,-0.10604,-0.11321,-0.11823,-0.1047,-0.092458,-0.079945,-0.068386,-0.056179,-0.048217,-0.039403,-0.025889,-0.035317,-0.02571,-0.014432,-0.025342,-0.045423,-0.042241,-0.044208,-0.045828,-0.043324,-0.032381,-0.025531,-0.021354,-0.023634,-0.018076,-0.0055502,0.00092268,-0.0030284,-0.0059158,-0.02489,-0.028944,-0.020103
-0.046596,-0.035958,-0.046792,-0.051909,-0.047997,-0.044165,-0.04473,-0.056837,-0.064231,-0.065927,-0.053835,-0.054281,-0.059599,-0.060322,-0.073961,-0.08822,-0.10316,-0.10197,-0.10801,-0.11023,-0.11649,-0.12479,-0.11655,-0.094731,-0.081939,-0.062466,-0.054276,-0.037583,-0.033788,-0.039702,-0.049712,-0.041381,-0.021407,-0.022326,-0.029182,-0.029182,-0.039043,-0.035006,-0.033694,-0.033661,-0.042765,-0.032167,-0.031734,-0.025425,-0.00010584,0.0039023,7.4363e-05,-0.0068429,-0.031738,-0.036531,-0.025301
-0.039485,-0.034733,-0.033971,-0.035483,-0.026642,-0.026121,-0.037723,-0.054908,-0.059576,-0.05539,-0.049976,-0.050566,-0.048766,-0.058904,-0.076952,-0.10152,-0.10912,-0.11138,-0.11075,-0.10634,-0.11937,-0.12683,-0.1151,-0.092008,-0.082856,-0.076748,-0.060545,-0.045201,-0.041276,-0.044634,-0.056397,-0.048631,-0.031014,-0.01677,-0.018457,-0.022942,-0.030209,-0.028335,-0.027542,-0.045314,-0.053082,-0.037908,-0.030069,-0.023962,-0.0070483,0.0015781,-0.0041105,-0.0063071,-0.019932,-0.029123,-0.026789
-0.014032,-0.015135,-0.011414,-0.013801,-0.011603,-0.011973,-0.021274,-0.040202,-0.05074,-0.04144,-0.034994,-0.035223,-0.03719,-0.050926,-0.061987,-0.088354,-0.10221,-0.11776,-0.10771,-0.10021,-0.10504,-0.12002,-0.1096,-0.096487,-0.078637,-0.070146,-0.051516,-0.043545,-0.043129,-0.04734,-0.049181,-0.037338,-0.023283,-0.012539,-0.019498,-0.022803,-0.020401,-0.021763,-0.023692,-0.034369,-0.036823,-0.029344,-0.029347,-0.026871,-0.010665,0.0060139,0.0041941,-0.0019276,-0.017872,-0.024291,-0.02521
-0.0077069,-0.0084214,-0.01483,-0.010226,-0.00512,-0.01126,-0.011567,-0.033647,-0.035454,-0.038437,-0.022722,-0.032129,-0.040674,-0.056569,-0.054978,-0.065656,-0.092329,-0.10382,-0.10203,-0.11571,-0.12181,-0.12994,-0.12639,-0.10973,-0.078616,-0.06178,-0.05384,-0.046652,-0.044261,-0.055708,-0.044435,-0.040636,-0.023401,-0.030062,-0.029914,-0.028049,-0.018547,-0.016935,-0.030848,-0.033119,-0.034082,-0.029148,-0.03718,-0.033294,-0.017849,-0.005198,0.0028324,0.0009077,-0.025468,-0.036166,-0.042925
-0.00092024,-0.01657,-0.010121,-0.0048052,-0.010984,-0.012096,-0.0093741,-0.023015,-0.022446,-0.019062,-0.024765,-0.037218,-0.04051,-0.045212,-0.046827,-0.059872,-0.078735,-0.094851,-0.094714,-0.11332,-0.12811,-0.13696,-0.13461,-0.12322,-0.09126,-0.075442,-0.065039,-0.058701,-0.055904,-0.051224,-0.044648,-0.034831,-0.018586,-0.023215,-0.039193,-0.041406,-0.028462,-0.026927,-0.029189,-0.026404,-0.03258,-0.046172,-0.043527,-0.041085,-0.039399,-0.019651,-0.0048405,-0.0053727,-0.028654,-0.036779,-0.044906
-0.019157,-0.024933,-0.018549,-0.013349,-0.0039386,-0.004477,-0.0035064,-0.0089158,-0.017488,-0.012649,-0.025559,-0.032905,-0.030126,-0.042359,-0.040007,-0.047086,-0.068607,-0.07655,-0.083997,-0.10782,-0.12542,-0.13077,-0.13958,-0.12719,-0.10322,-0.096232,-0.084244,-0.070438,-0.061776,-0.053461,-0.040041,-0.024537,-0.024957,-0.0209,-0.035419,-0.041063,-0.037998,-0.033736,-0.03138,-0.037932,-0.043437,-0.05057,-0.063279,-0.060603,-0.056898,-0.039835,-0.021439,-0.017225,-0.019548,-0.025908,-0.036858
-0.029457,-0.033503,-0.031352,-0.024996,-0.018755,0.0025396,0.019197,0.0043637,-0.0031218,-0.017484,-0.024627,-0.027778,-0.025163,-0.031532,-0.037396,-0.033064,-0.048553,-0.065151,-0.078959,-0.093066,-0.11492,-0.12751,-0.14098,-0.12956,-0.11813,-0.10267,-0.085178,-0.064211,-0.068509,-0.057077,-0.042416,-0.033208,-0.025349,-0.025311,-0.029783,-0.034322,-0.039731,-0.037361,-0.045236,-0.044008,-0.049857,-0.061222,-0.072989,-0.077144,-0.060248,-0.035119,-0.028716,-0.030723,-0.02173,-0.018025,-0.029995
-0.036117,-0.033993,-0.033937,-0.030831,-0.019024,0.00097263,0.017391,0.012849,-0.0067703,-0.015584,-0.02173,-0.019569,-0.014183,-0.021989,-0.027712,-0.02385,-0.035611,-0.047568,-0.062878,-0.091467,-0.099472,-0.11842,-0.12681,-0.11995,-0.11442,-0.10164,-0.084459,-0.063453,-0.063187,-0.051188,-0.043735,-0.036016,-0.031209,-0.028817,-0.034488,-0.033572,-0.044011,-0.050905,-0.053492,-0.053805,-0.057056,-0.063975,-0.075949,-0.075177,-0.054665,-0.041476,-0.035512,-0.034391,-0.029294,-0.016267,-0.030672
-0.031032,-0.027737,-0.021774,-0.019893,-0.013686,-0.0045606,0.0062345,0.012338,0.0045383,-0.014788,-0.017009,-0.013598,-0.0075364,-0.0098356,-0.0088743,-0.025766,-0.029023,-0.034351,-0.050397,-0.075011,-0.090861,-0.094448,-0.10208,-0.10327,-0.092615,-0.092769,-0.071259,-0.063586,-0.048799,-0.042284,-0.04112,-0.038548,-0.027441,-0.029289,-0.040276,-0.045578,-0.055712,-0.057159,-0.051877,-0.04693,-0.056161,-0.064463,-0.075,-0.059718,-0.050293,-0.03862,-0.04038,-0.027513,-0.024085,-0.030495,-0.025233
-0.038973,-0.032349,-0.025549,-0.02135,-0.012432,-0.0091578,0.0081176,0.012235,0.002366,-0.011725,-0.012451,-0.022233,-0.018899,-0.024428,-0.018819,-0.023233,-0.024915,-0.03396,-0.047243,-0.070119,-0.075121,-0.087907,-0.085093,-0.085063,-0.079515,-0.07004,-0.054747,-0.060868,-0.051206,-0.044439,-0.043642,-0.047711,-0.034286,-0.041061,-0.050433,-0.046108,-0.049276,-0.064859,-0.061503,-0.057919,-0.065085,-0.069415,-0.076123,-0.062111,-0.047009,-0.035497,-0.03484,-0.029046,-0.040998,-0.038017,-0.047649
-0.046318,-0.031174,-0.023245,-0.015971,-0.0089448,0.0027478,0.013507,0.018286,0.014531,-0.0095518,-0.011232,-0.016457,-0.031359,-0.03471,-0.026336,-0.025699,-0.026328,-0.037937,-0.038622,-0.052451,-0.045987,-0.063547,-0.06342,-0.070179,-0.062287,-0.054024,-0.043806,-0.04129,-0.045366,-0.043371,-0.036203,-0.034954,-0.031286,-0.041712,-0.042868,-0.038125,-0.046304,-0.055099,-0.066691,-0.070942,-0.070593,-0.066226,-0.072773,-0.072487,-0.045082,-0.033142,-0.042717,-0.035389,-0.044107,-0.047716,-0.053598
-0.06218,-0.045934,-0.023011,-0.0091224,0.0029835,0.012955,0.020992,0.014264,0.0092282,-0.00062259,-0.012847,-0.030575,-0.030862,-0.036066,-0.034755,-0.036484,-0.037754,-0.044674,-0.046618,-0.03672,-0.036248,-0.048178,-0.057339,-0.055824,-0.055838,-0.049138,-0.031353,-0.027861,-0.027715,-0.027217,-0.025329,-0.029083,-0.032978,-0.036281,-0.04047,-0.032722,-0.038737,-0.053394,-0.064653,-0.074514,-0.078943,-0.064828,-0.067114,-0.067569,-0.060917,-0.050387,-0.053402,-0.054129,-0.049839,-0.050034,-0.050541
-0.070387,-0.062182,-0.038725,-0.021178,-0.0042907,0.0099702,0.014918,0.012163,0.007512,-0.0015454,-0.023185,-0.03847,-0.040943,-0.039708,-0.041243,-0.05091,-0.057209,-0.055152,-0.05099,-0.043606,-0.045271,-0.049329,-0.062563,-0.059053,-0.051525,-0.039622,-0.02806,-0.0058346,-0.004565,-0.012553,-0.026215,-0.029788,-0.041159,-0.03682,-0.040177,-0.039761,-0.044529,-0.056498,-0.064904,-0.082099,-0.083673,-0.074608,-0.066708,-0.069457,-0.073004,-0.077067,-0.08306,-0.078051,-0.076565,-0.072118,-0.062976
-0.068339,-0.059872,-0.049227,-0.025542,-0.012756,0.0079566,0.022869,0.013111,0.0021965,-0.011659,-0.024644,-0.040709,-0.053831,-0.054203,-0.054393,-0.049326,-0.064994,-0.063634,-0.053591,-0.052195,-0.051265,-0.051767,-0.059558,-0.057578,-0.045255,-0.02676,-0.017995,0.0048834,0.0072679,-0.0035212,-0.017061,-0.02994,-0.033102,-0.037495,-0.043258,-0.039366,-0.043821,-0.052486,-0.076602,-0.078704,-0.078973,-0.07682,-0.077133,-0.079813,-0.082841,-0.090428,-0.091404,-0.093443,-0.096783,-0.084218,-0.064746
-0.060759,-0.048455,-0.032932,-0.017665,-0.0077428,0.0071368,0.029027,0.016581,-0.0009717,-0.014935,-0.027639,-0.046788,-0.056757,-0.068524,-0.063597,-0.05448,-0.066203,-0.065522,-0.051247,-0.047924,-0.050466,-0.04515,-0.039708,-0.035125,-0.031216,-0.023264,-0.013009,0.0022382,0.011742,0.0019443,-0.008101,-0.02135,-0.019612,-0.024255,-0.040906,-0.045461,-0.041045,-0.051007,-0.067837,-0.06971,-0.072098,-0.076913,-0.087493,-0.087839,-0.092741,-0.091319,-0.088198,-0.089112,-0.087949,-0.070191,-0.054853
-0.048091,-0.036664,-0.023754,-0.017274,-0.0025041,0.011597,0.023233,0.016904,0.0049808,-0.011782,-0.035597,-0.055963,-0.062968,-0.072124,-0.061873,-0.062274,-0.062874,-0.064075,-0.042211,-0.045435,-0.045868,-0.035475,-0.022106,-0.012583,-0.0017479,-0.014511,-0.008089,0.0048844,0.0099616,-0.00030871,-0.014782,-0.019351,-0.019169,-0.016955,-0.028196,-0.045442,-0.049056,-0.049084,-0.052001,-0.073219,-0.073705,-0.082699,-0.089549,-0.088734,-0.089379,-0.0801,-0.082096,-0.074827,-0.073151,-0.062332,-0.052417
-0.036578,-0.018211,-0.015673,-0.01044,-0.0021587,0.012802,0.02598,0.0065969,-0.0036995,-0.013738,-0.033295,-0.065241,-0.055939,-0.058359,-0.059565,-0.056602,-0.057068,-0.058571,-0.045241,-0.043267,-0.030421,-0.031126,-0.0096556,0.0075243,0.011063,0.00083412,0.0027002,0.0061792,0.0093125,-0.0076821,-0.01755,-0.027242,-0.017,-0.017269,-0.027839,-0.036288,-0.047435,-0.048301,-0.053977,-0.065428,-0.07964,-0.076536,-0.07817,-0.078974,-0.078022,-0.068782,-0.057354,-0.057463,-0.058113,-0.041869,-0.040746
-0.022286,-0.0050271,-0.0078075,-0.0078273,-0.0021263,0.0098311,0.012212,-0.0067391,-0.019064,-0.033158,-0.03456,-0.046675,-0.049601,-0.044445,-0.040781,-0.045269,-0.054626,-0.063359,-0.051502,-0.041747,-0.020992,-0.014516,-0.0057058,0.0084624,0.015509,0.0082873,0.0052228,0.0075728,-0.0031712,-0.015974,-0.024669,-0.024008,-0.016743,-0.028368,-0.033544,-0.035985,-0.047959,-0.050584,-0.062199,-0.074237,-0.07186,-0.067096,-0.074498,-0.080671,-0.071192,-0.057459,-0.050895,-0.039358,-0.040455,-0.033897,-0.023131
-0.022859,-0.016936,-0.015742,-0.013629,-0.0037417,-0.0082623,-0.0097665,-0.012188,-0.034343,-0.035363,-0.035509,-0.041806,-0.045687,-0.043265,-0.033273,-0.040316,-0.058991,-0.063333,-0.055143,-0.041642,-0.027932,-0.018466,-0.0094762,0.0060996,0.0061873,0.0050549,0.0020863,-0.011946,-0.020178,-0.025277,-0.038271,-0.032862,-0.026663,-0.030152,-0.046329,-0.04075,-0.045242,-0.061037,-0.069264,-0.083407,-0.080413,-0.069368,-0.079725,-0.076768,-0.071064,-0.059036,-0.047196,-0.032857,-0.0309,-0.027822,-0.017487
-0.029021,-0.026488,-0.02543,-0.011718,-0.0096718,-0.013166,-0.017676,-0.015941,-0.021221,-0.035681,-0.038122,-0.044677,-0.050927,-0.038046,-0.032448,-0.039704,-0.054714,-0.053591,-0.047501,-0.036562,-0.034783,-0.025154,-0.015571,-0.0035901,-0.00089392,-0.0002531,-0.006273,-0.025987,-0.036158,-0.03863,-0.046329,-0.043742,-0.025992,-0.027293,-0.042432,-0.041334,-0.052148,-0.055081,-0.069001,-0.077203,-0.088608,-0.083309,-0.086949,-0.079663,-0.068784,-0.052303,-0.040109,-0.020861,-0.017462,-0.025004,-0.0095839
-0.040676,-0.024379,-0.019402,-0.014969,-0.010781,-0.012656,-0.018274,-0.025177,-0.029645,-0.035882,-0.035653,-0.040483,-0.043631,-0.042519,-0.042302,-0.04101,-0.047651,-0.045584,-0.041232,-0.042905,-0.025791,-0.027355,-0.020867,-0.01112,-0.010134,-0.0095705,-0.023689,-0.034541,-0.049159,-0.048477,-0.042801,-0.035395,-0.029139,-0.035079,-0.044933,-0.045455,-0.05516,-0.062273,-0.066148,-0.075186,-0.080811,-0.081708,-0.089734,-0.091331,-0.069111,-0.05249,-0.037753,-0.018931,-0.021617,-0.011753,-0.0079252
-0.04086,-0.02849,-0.010243,-0.018864,-0.027533,-0.018684,-0.014739,-0.032768,-0.038344,-0.042571,-0.04062,-0.041725,-0.036836,-0.047447,-0.052282,-0.05631,-0.045096,-0.05097,-0.049298,-0.041964,-0.031932,-0.035261,-0.03131,-0.024803,-0.018756,-0.024317,-0.022358,-0.033532,-0.047737,-0.056363,-0.049283,-0.042324,-0.039177,-0.044898,-0.056917,-0.057443,-0.060275,-0.072175,-0.069189,-0.064054,-0.070027,-0.075658,-0.082522,-0.080208,-0.065369,-0.039957,-0.041043,-0.041502,-0.035141,-0.022678,-0.0090044
-0.039596,-0.032582,-0.019947,-0.017901,-0.016772,-0.016645,-0.018568,-0.033516,-0.042472,-0.054093,-0.049655,-0.043768,-0.036433,-0.055977,-0.05699,-0.061785,-0.056988,-0.050922,-0.0393,-0.046858,-0.041756,-0.04019,-0.037929,-0.032383,-0.018225,-0.026198,-0.021394,-0.025105,-0.035813,-0.055449,-0.054159,-0.058555,-0.059569,-0.053508,-0.054418,-0.059715,-0.065015,-0.069276,-0.068395,-0.06701,-0.066507,-0.067372,-0.073825,-0.060734,-0.045894,-0.037552,-0.050131,-0.053906,-0.046849,-0.036042,-0.025929
-0.028635,-0.031599,-0.015235,-0.0015981,-0.010669,-0.015367,-0.016246,-0.035515,-0.045304,-0.060963,-0.057403,-0.047377,-0.038301,-0.052093,-0.066835,-0.073906,-0.075029,-0.061173,-0.037379,-0.039791,-0.032852,-0.03214,-0.027437,-0.033045,-0.030236,-0.023907,-0.026338,-0.025901,-0.038993,-0.051684,-0.054695,-0.064531,-0.054491,-0.043543,-0.051601,-0.064478,-0.064794,-0.070226,-0.068617,-0.057201,-0.058525,-0.069287,-0.060018,-0.049938,-0.038711,-0.038114,-0.049996,-0.055194,-0.059064,-0.038064,-0.036914
-0.032058,-0.031283,-0.019142,-0.0075472,-0.011215,-0.01648,-0.019494,-0.041055,-0.055343,-0.063377,-0.055168,-0.046746,-0.050388,-0.070625,-0.079758,-0.077935,-0.08316,-0.066822,-0.049227,-0.044834,-0.038603,-0.023558,-0.033661,-0.036618,-0.028523,-0.026874,-0.031316,-0.039391,-0.052049,-0.059618,-0.05504,-0.055477,-0.048874,-0.04741,-0.05346,-0.053778,-0.058046,-0.068051,-0.078683,-0.066084,-0.060832,-0.062616,-0.064463,-0.049949,-0.043831,-0.038042,-0.045529,-0.059972,-0.065179,-0.060957,-0.047938
-0.034783,-0.031772,-0.015451,-0.017858,-0.021092,-0.022117,-0.024403,-0.036212,-0.05117,-0.047769,-0.052736,-0.051357,-0.054636,-0.066929,-0.069757,-0.068771,-0.072917,-0.064032,-0.05413,-0.045584,-0.038483,-0.033348,-0.041232,-0.031938,-0.020312,-0.018783,-0.026584,-0.033401,-0.051249,-0.061126,-0.055752,-0.036896,-0.037228,-0.034472,-0.04796,-0.047661,-0.050931,-0.064391,-0.066817,-0.066038,-0.064079,-0.063776,-0.06615,-0.054433,-0.042074,-0.031271,-0.038745,-0.058533,-0.07172,-0.077482,-0.070698
-0.037278,-0.036707,-0.028964,-0.022641,-0.029648,-0.034999,-0.042582,-0.059455,-0.055389,-0.049223,-0.048669,-0.057452,-0.054415,-0.054917,-0.065404,-0.064203,-0.067573,-0.069857,-0.06024,-0.0532,-0.049152,-0.051783,-0.048904,-0.030575,-0.026408,-0.030299,-0.037293,-0.04107,-0.057179,-0.048473,-0.041887,-0.031654,-0.023126,-0.032396,-0.045671,-0.051778,-0.063953,-0.064535,-0.06693,-0.071577,-0.067936,-0.065184,-0.05909,-0.060394,-0.05356,-0.044865,-0.048927,-0.060357,-0.074365,-0.079475,-0.087912
-0.037188,-0.032238,-0.044166,-0.043344,-0.037342,-0.045647,-0.051144,-0.055809,-0.054922,-0.059064,-0.052037,-0.057627,-0.050449,-0.050828,-0.047268,-0.055207,-0.068491,-0.066552,-0.056758,-0.054653,-0.045131,-0.053464,-0.050516,-0.041951,-0.036795,-0.03583,-0.035231,-0.042011,-0.04427,-0.045832,-0.031752,-0.023162,-0.014495,-0.02333,-0.041449,-0.056664,-0.072744,-0.067517,-0.067209,-0.072761,-0.072583,-0.054898,-0.064862,-0.066904,-0.055601,-0.054034,-0.057478,-0.061594,-0.078691,-0.087876,-0.083036
-0.031299,-0.045565,-0.052688,-0.053035,-0.041567,-0.035454,-0.032923,-0.043028,-0.061783,-0.063116,-0.054949,-0.057983,-0.058343,-0.055356,-0.041165,-0.045595,-0.041527,-0.053662,-0.044036,-0.044944,-0.044417,-0.053237,-0.046241,-0.043238,-0.035832,-0.038845,-0.025858,-0.037728,-0.034879,-0.02614,-0.031023,-0.023578,-0.0076286,-0.01968,-0.038276,-0.041325,-0.050586,-0.066915,-0.072968,-0.080068,-0.069795,-0.060426,-0.064552,-0.060762,-0.05957,-0.048102,-0.052885,-0.053794,-0.071264,-0.076194,-0.065925
-0.027156,-0.029618,-0.045296,-0.051685,-0.041106,-0.03869,-0.031432,-0.040488,-0.057901,-0.070649,-0.061878,-0.068275,-0.062363,-0.054273,-0.037926,-0.041421,-0.048038,-0.043757,-0.03211,-0.033643,-0.033676,-0.045085,-0.042225,-0.039936,-0.040708,-0.045061,-0.040808,-0.036528,-0.018348,-0.022223,-0.023938,-0.016809,0.0045224,-0.0089477,-0.032447,-0.047167,-0.060368,-0.069198,-0.06908,-0.069506,-0.068587,-0.059832,-0.070128,-0.06193,-0.053148,-0.052197,-0.052697,-0.044461,-0.060501,-0.057837,-0.047071
-0.023481,-0.030585,-0.047219,-0.050738,-0.054575,-0.046739,-0.046436,-0.060579,-0.067373,-0.075428,-0.074865,-0.080241,-0.0736,-0.056591,-0.051546,-0.04768,-0.04526,-0.042617,-0.036835,-0.043726,-0.051483,-0.060578,-0.049604,-0.041739,-0.044142,-0.053907,-0.05248,-0.036042,-0.020103,-0.016396,-0.021948,-0.02078,-0.0064739,-0.017086,-0.03974,-0.057209,-0.077627,-0.072727,-0.074508,-0.074003,-0.079405,-0.071704,-0.069328,-0.071113,-0.065426,-0.060684,-0.058757,-0.051958,-0.059043,-0.058044,-0.054914
-0.012284,-0.024097,-0.041432,-0.062901,-0.067234,-0.061133,-0.057301,-0.064686,-0.076711,-0.073981,-0.086019,-0.088026,-0.077193,-0.066772,-0.054452,-0.045559,-0.047161,-0.053611,-0.056057,-0.059661,-0.06964,-0.076216,-0.071537,-0.057486,-0.054758,-0.050124,-0.041938,-0.026082,-0.025068,-0.021908,-0.025626,-0.01771,-0.021993,-0.020251,-0.043141,-0.061595,-0.072589,-0.075298,-0.071622,-0.08327,-0.084194,-0.077465,-0.079651,-0.082416,-0.069272,-0.053686,-0.053124,-0.060658,-0.069754,-0.068763,-0.067463
-0.020183,-0.030723,-0.043436,-0.059484,-0.070499,-0.072415,-0.072267,-0.086936,-0.089666,-0.089008,-0.084756,-0.084247,-0.08277,-0.079427,-0.064443,-0.0575,-0.068344,-0.075146,-0.079915,-0.079427,-0.08936,-0.083799,-0.088119,-0.075988,-0.066505,-0.063466,-0.058712,-0.037041,-0.02994,-0.031181,-0.024104,-0.019393,-0.026771,-0.031052,-0.042692,-0.054361,-0.062516,-0.072653,-0.091688,-0.10138,-0.099717,-0.08963,-0.093624,-0.093716,-0.08477,-0.072315,-0.070897,-0.071395,-0.071578,-0.076165,-0.070355
-0.026265,-0.040482,-0.046064,-0.048646,-0.070891,-0.077869,-0.076033,-0.089351,-0.091524,-0.088223,-0.088884,-0.091456,-0.081969,-0.07268,-0.069973,-0.072594,-0.094547,-0.106,-0.093119,-0.092914,-0.089131,-0.094014,-0.094277,-0.094209,-0.081865,-0.070553,-0.061364,-0.0413,-0.033621,-0.032644,-0.03243,-0.031933,-0.020599,-0.022161,-0.035666,-0.040232,-0.047551,-0.066816,-0.096631,-0.10206,-0.10846,-0.11241,-0.10265,-0.096556,-0.092629,-0.088128,-0.077239,-0.073749,-0.079169,-0.069784,-0.074296
-0.035887,-0.05185,-0.053837,-0.057624,-0.064096,-0.076155,-0.079661,-0.088987,-0.08816,-0.092459,-0.092532,-0.091795,-0.083163,-0.084618,-0.075112,-0.087483,-0.10631,-0.11252,-0.10682,-0.11439,-0.10966,-0.10439,-0.10548,-0.10647,-0.084152,-0.069841,-0.056218,-0.040936,-0.030075,-0.038817,-0.038576,-0.042449,-0.037383,-0.02948,-0.025632,-0.0268,-0.029706,-0.059025,-0.09097,-0.11114,-0.11761,-0.1136,-0.10374,-0.093357,-0.091588,-0.089515,-0.085098,-0.072574,-0.080264,-0.078272,-0.081552
-0.033556,-0.040884,-0.044885,-0.061918,-0.074469,-0.083485,-0.078482,-0.089551,-0.091381,-0.092988,-0.091584,-0.0917,-0.079248,-0.087758,-0.084836,-0.093468,-0.10542,-0.12367,-0.12326,-0.11825,-0.11093,-0.10486,-0.10784,-0.10497,-0.085899,-0.071575,-0.040112,-0.037195,-0.037035,-0.036711,-0.034477,-0.042048,-0.038141,-0.038748,-0.035902,-0.032349,-0.037285,-0.06016,-0.08164,-0.094216,-0.09795,-0.096428,-0.099897,-0.092241,-0.090047,-0.07682,-0.081256,-0.087188,-0.087231,-0.082141,-0.081564
-0.046284,-0.041839,-0.046898,-0.064728,-0.079445,-0.085629,-0.086232,-0.090031,-0.095675,-0.098679,-0.098147,-0.093814,-0.090726,-0.097219,-0.09919,-0.098447,-0.10383,-0.11734,-0.12204,-0.12989,-0.11566,-0.12044,-0.10474,-0.091061,-0.080695,-0.068781,-0.050847,-0.034093,-0.037151,-0.035693,-0.037726,-0.044878,-0.052286,-0.052453,-0.050345,-0.043553,-0.049457,-0.059147,-0.068513,-0.076293,-0.080043,-0.07923,-0.086341,-0.091487,-0.073424,-0.072058,-0.082446,-0.083856,-0.081072,-0.072779,-0.089781
-0.054436,-0.04871,-0.059401,-0.073126,-0.083381,-0.08463,-0.073797,-0.071237,-0.076882,-0.09734,-0.10202,-0.1054,-0.10004,-0.095233,-0.095331,-0.096004,-0.097705,-0.095855,-0.10582,-0.11388,-0.1122,-0.10399,-0.10152,-0.079425,-0.066699,-0.057652,-0.039722,-0.024429,-0.030483,-0.032957,-0.047794,-0.053472,-0.046682,-0.05276,-0.049723,-0.043289,-0.055227,-0.050388,-0.047037,-0.049754,-0.059125,-0.067097,-0.075746,-0.071356,-0.055843,-0.054165,-0.06624,-0.069715,-0.071205,-0.07379,-0.081655
