0.02,0.02,0.072847,1,0,0
0.04,0.02,0.084819,1,0,0
0.06,0.02,0.066445,1,0,0
0.08,0.02,0.051433,1,0,0
0.1,0.02,0.043355,1,0,0
0.12,0.02,0.044587,1,0,0
0.14,0.02,0.067947,1,0,0
0.16,0.02,0.071371,1,0,0
0.18,0.02,0.055225,1,0,0
0.2,0.02,0.052587,1,0,0
0.22,0.02,0.046135,1,0,0
0.24,0.02,0.030064,1,0,0
0.26,0.02,0.039044,1,0,0
0.28,0.02,0.038092,1,0,0
0.3,0.02,0.028247,1,0,0
0.32,0.02,0.049525,1,0,0
0.34,0.02,0.075523,1,0,0
0.36,0.02,0.06743,1,0,0
0.38,0.02,0.052457,1,0,0
0.4,0.02,0.049559,1,0,0
0.42,0.02,0.085693,1,0,0
0.44,0.02,0.078858,1,0,0
0.46,0.02,0.072314,1,0,0
0.48,0.02,0.067207,1,0,0
0.5,0.02,0.066969,1,0,0
0.52,0.02,0.055873,1,0,0
0.54,0.02,0.079813,1,0,0
0.56,0.02,0.079194,1,0,0
0.58,0.02,0.078616,1,0,0
0.6,0.02,0.064067,1,0,0
0.62,0.02,0.077691,1,0,0
0.64,0.02,0.092455,1,0,0
0.66,0.02,0.088963,1,0,0
0.68,0.02,0.074733,1,0,0
0.7,0.02,0.072836,1,0,0
0.72,0.02,0.08167,1,0,0
0.74,0.02,0.069083,1,0,0
0.76,0.02,0.07475,1,0,0
0.78,0.02,0.063789,1,0,0
0.8,0.02,0.072307,1,0,0
0.82,0.02,0.064501,1,0,0
0.84,0.02,0.073496,1,0,0
0.86,0.02,0.072544,1,0,0
0.88,0.02,0.069642,1,0,0
0.9,0.02,0.064027,1,0,0
0.92,0.02,0.075677,1,0,0
0.94,0.02,0.096736,1,0,0
0.96,0.02,0.09343,1,0,0
0.98,0.02,0.10414,1,0,0
0.02,0.04,0.057651,1,0,0
0.04,0.04,0.071784,1,0,0
0.06,0.04,0.055029,1,0,0
0.08,0.04,0.041339,1,0,0
0.1,0.04,0.070964,1,0,0
0.12,0.04,0.064509,1,0,0
0.14,0.04,0.0908,1,0,0
0.16,0.04,0.081739,1,0,0
0.18,0.04,0.080669,1,0,0
0.2,0.04,0.066325,1,0,0
0.22,0.04,0.046636,1,0,0
0.24,0.04,0.019036,1,0,0
0.26,0.04,0.026775,1,0,0
0.28,0.04,0.041043,1,0,0
0.3,0.04,0.0414,1,0,0
0.32,0.04,0.054094,1,0,0
0.34,0.04,0.063233,1,0,0
0.36,0.04,0.033161,1,0,0
0.38,0.04,0.049102,1,0,0
0.4,0.04,0.073054,1,0,0
0.42,0.04,0.060622,1,0,0
0.44,0.04,0.070579,1,0,0
0.46,0.04,0.065577,1,0,0
0.48,0.04,0.077974,1,0,0
0.5,0.04,0.07811,1,0,0
0.52,0.04,0.088883,1,0,0
0.54,0.04,0.11123,1,0,0
0.56,0.04,0.11059,1,0,0
0.58,0.04,0.10829,1,0,0
0.6,0.04,0.10798,1,0,0
0.62,0.04,0.10286,1,0,0
0.64,0.04,0.096475,1,0,0
0.66,0.04,0.085755,1,0,0
0.68,0.04,0.099247,1,0,0
0.7,0.04,0.10011,1,0,0
0.72,0.04,0.11451,1,0,0
0.74,0.04,0.084229,1,0,0
0.76,0.04,0.053094,1,0,0
0.78,0.04,0.070236,1,0,0
0.8,0.04,0.080312,1,0,0
0.82,0.04,0.099083,1,0,0
0.84,0.04,0.080749,1,0,0
0.86,0.04,0.077835,1,0,0
0.88,0.04,0.0887,1,0,0
0.9,0.04,0.096529,1,0,0
0.92,0.04,0.092047,1,0,0
0.94,0.04,0.076858,1,0,0
0.96,0.04,0.083144,1,0,0
0.98,0.04,0.090624,1,0,0
0.02,0.06,0.068781,1,0,0
0.04,0.06,0.080325,1,0,0
0.06,0.06,0.053083,1,0,0
0.08,0.06,0.064563,1,0,0
0.1,0.06,0.072896,1,0,0
0.12,0.06,0.073025,1,0,0
0.14,0.06,0.087115,1,0,0
0.16,0.06,0.10449,1,0,0
0.18,0.06,0.08004,1,0,0
0.2,0.06,0.060636,1,0,0
0.22,0.06,0.04963,1,0,0
0.24,0.06,0.042817,1,0,0
0.26,0.06,0.03983,1,0,0
0.28,0.06,0.04361,1,0,0
0.3,0.06,0.038017,1,0,0
0.32,0.06,0.032809,1,0,0
0.34,0.06,0.028372,1,0,0
0.36,0.06,0.033814,1,0,0
0.38,0.06,0.048159,1,0,0
0.4,0.06,0.066788,1,0,0
0.42,0.06,0.064014,1,0,0
0.44,0.06,0.070499,1,0,0
0.46,0.06,0.072883,1,0,0
0.48,0.06,0.089009,1,0,0
0.5,0.06,0.077368,1,0,0
0.52,0.06,0.10382,1,0,0
0.54,0.06,0.11363,1,0,0
0.56,0.06,0.14608,1,0,0
0.58,0.06,0.13184,1,0,0
0.6,0.06,0.13981,1,0,0
0.62,0.06,0.12057,1,0,0
0.64,0.06,0.10822,1,0,0
0.66,0.06,0.08691,1,0,0
0.68,0.06,0.11087,1,0,0
0.7,0.06,0.12893,1,0,0
0.72,0.06,0.12091,1,0,0
0.74,0.06,0.1143,1,0,0
0.76,0.06,0.096673,1,0,0
0.78,0.06,0.080884,1,0,0
0.8,0.06,0.08491,1,0,0
0.82,0.06,0.10285,1,0,0
0.84,0.06,0.098172,1,0,0
0.86,0.06,0.076959,1,0,0
0.88,0.06,0.095032,1,0,0
0.9,0.06,0.10531,1,0,0
0.92,0.06,0.085917,1,0,0
0.94,0.06,0.05977,1,0,0
0.96,0.06,0.081918,1,0,0
0.98,0.06,0.087203,1,0,0
0.02,0.08,0.060713,1,0,0
0.04,0.08,0.056706,1,0,0
0.06,0.08,0.069695,1,0,0
0.08,0.08,0.057775,1,0,0
0.1,0.08,0.06713,1,0,0
0.12,0.08,0.067593,1,0,0
0.14,0.08,0.079329,1,0,0
0.16,0.08,0.094614,1,0,0
0.18,0.08,0.068263,1,0,0
0.2,0.08,0.054604,1,0,0
0.22,0.08,0.037906,1,0,0
0.24,0.08,0.046848,1,0,0
0.26,0.08,0.038466,1,0,0
0.28,0.08,0.044433,1,0,0
0.3,0.08,0.011766,1,0,0
0.32,0.08,0.037616,1,0,0
0.34,0.08,0.016634,1,0,0
0.36,0.08,0.032825,1,0,0
0.38,0.08,0.031343,1,0,0
0.4,0.08,0.055242,1,0,0
0.42,0.08,0.040011,1,0,0
0.44,0.08,0.056902,1,0,0
0.46,0.08,0.063709,1,0,0
0.48,0.08,0.059212,1,0,0
0.5,0.08,0.069621,1,0,0
0.52,0.08,0.11649,1,0,0
0.54,0.08,0.11613,1,0,0
0.56,0.08,0.14159,1,0,0
0.58,0.08,0.15084,1,0,0
0.6,0.08,0.14629,1,0,0
0.62,0.08,0.10957,1,0,0
0.64,0.08,0.1039,1,0,0
0.66,0.08,0.09304,1,0,0
0.68,0.08,0.10701,1,0,0
0.7,0.08,0.10741,1,0,0
0.72,0.08,0.13752,1,0,0
0.74,0.08,0.13008,1,0,0
0.76,0.08,0.11001,1,0,0
0.78,0.08,0.085052,1,0,0
0.8,0.08,0.095385,1,0,0
0.82,0.08,0.080923,1,0,0
0.84,0.08,0.1004,1,0,0
0.86,0.08,0.079264,1,0,0
0.88,0.08,0.06104,1,0,0
0.9,0.08,0.08252,1,0,0
0.92,0.08,0.075741,1,0,0
0.94,0.08,0.063576,1,0,0
0.96,0.08,0.047695,1,0,0
0.98,0.08,0.05248,1,0,0
0.02,0.1,0.05253,1,0,0
0.04,0.1,0.052701,1,0,0
0.06,0.1,0.064381,1,0,0
0.08,0.1,0.058081,1,0,0
0.1,0.1,0.06211,1,0,0
0.12,0.1,0.05659,1,0,0
0.14,0.1,0.063669,1,0,0
0.16,0.1,0.057431,1,0,0
0.18,0.1,0.041808,1,0,0
0.2,0.1,0.040031,1,0,0
0.22,0.1,0.024282,1,0,0
0.24,0.1,0.028139,1,0,0
0.26,0.1,0.014282,1,0,0
0.28,0.1,0.038332,1,0,0
0.3,0.1,0.029385,1,0,0
0.32,0.1,0.015437,1,0,0
0.34,0.1,0.021136,1,0,0
0.36,0.1,0.029862,1,0,0
0.38,0.1,0.015619,1,0,0
0.4,0.1,0.029678,1,0,0
0.42,0.1,0.010609,1,0,0
0.44,0.1,0.045118,1,0,0
0.46,0.1,0.026969,1,0,0
0.48,0.1,0.070344,1,0,0
0.5,0.1,0.085136,1,0,0
0.52,0.1,0.10684,1,0,0
0.54,0.1,0.10802,1,0,0
0.56,0.1,0.1513,1,0,0
0.58,0.1,0.13879,1,0,0
0.6,0.1,0.11402,1,0,0
0.62,0.1,0.1016,1,0,0
0.64,0.1,0.1124,1,0,0
0.66,0.1,0.10023,1,0,0
0.68,0.1,0.11978,1,0,0
0.7,0.1,0.13185,1,0,0
0.72,0.1,0.14251,1,0,0
0.74,0.1,0.13629,1,0,0
0.76,0.1,0.11546,1,0,0
0.78,0.1,0.1078,1,0,0
0.8,0.1,0.096251,1,0,0
0.82,0.1,0.092663,1,0,0
0.84,0.1,0.088031,1,0,0
0.86,0.1,0.085918,1,0,0
0.88,0.1,0.072884,1,0,0
0.9,0.1,0.056834,1,0,0
0.92,0.1,0.077147,1,0,0
0.94,0.1,0.040796,1,0,0
0.96,0.1,0.034701,1,0,0
0.98,0.1,0.020741,1,0,0
0.02,0.12,0.067391,1,0,0
0.04,0.12,0.077135,1,0,0
0.06,0.12,0.07871,1,0,0
0.08,0.12,0.068042,1,0,0
0.1,0.12,0.070532,1,0,0
0.12,0.12,0.06837,1,0,0
0.14,0.12,0.049761,1,0,0
0.16,0.12,0.019049,1,0,0
0.18,0.12,0.018249,1,0,0
0.2,0.12,0.049983,1,0,0
0.22,0.12,0.032141,1,0,0
0.24,0.12,0.013274,1,0,0
0.26,0.12,0.019232,1,0,0
0.28,0.12,0.038055,1,0,0
0.3,0.12,0.045879,1,0,0
0.32,0.12,0.047752,1,0,0
0.34,0.12,0.032651,1,0,0
0.36,0.12,0.034479,1,0,0
0.38,0.12,0.02799,1,0,0
0.4,0.12,0.028335,1,0,0
0.42,0.12,0.017679,1,0,0
0.44,0.12,0.014553,1,0,0
0.46,0.12,0.025474,1,0,0
0.48,0.12,0.065374,1,0,0
0.5,0.12,0.094831,1,0,0
0.52,0.12,0.10528,1,0,0
0.54,0.12,0.11539,1,0,0
0.56,0.12,0.14611,1,0,0
0.58,0.12,0.13737,1,0,0
0.6,0.12,0.10365,1,0,0
0.62,0.12,0.10794,1,0,0
0.64,0.12,0.12344,1,0,0
0.66,0.12,0.10645,1,0,0
0.68,0.12,0.13121,1,0,0
0.7,0.12,0.12991,1,0,0
0.72,0.12,0.1435,1,0,0
0.74,0.12,0.14459,1,0,0
0.76,0.12,0.11578,1,0,0
0.78,0.12,0.1204,1,0,0
0.8,0.12,0.12586,1,0,0
0.82,0.12,0.084713,1,0,0
0.84,0.12,0.080941,1,0,0
0.86,0.12,0.075814,1,0,0
0.88,0.12,0.062503,1,0,0
0.9,0.12,0.056115,1,0,0
0.92,0.12,0.069028,1,0,0
0.94,0.12,0.046523,1,0,0
0.96,0.12,0.029666,1,0,0
0.98,0.12,0.021268,1,0,0
0.02,0.14,0.081957,1,0,0
0.04,0.14,0.073942,1,0,0
0.06,0.14,0.067839,1,0,0
0.08,0.14,0.071149,1,0,0
0.1,0.14,0.064351,1,0,0
0.12,0.14,0.058741,1,0,0
0.14,0.14,0.043154,1,0,0
0.16,0.14,0.011506,1,0,0
0.18,0.14,0.027332,1,0,0
0.2,0.14,0.027303,1,0,0
0.22,0.14,0.034499,1,0,0
0.24,0.14,0.014569,1,0,0
0.26,0.14,0.012135,1,0,0
0.28,0.14,0.018983,1,0,0
0.3,0.14,0.03064,1,0,0
0.32,0.14,0.048083,1,0,0
0.34,0.14,0.039794,1,0,0
0.36,0.14,0.038457,1,0,0
0.38,0.14,0.040752,1,0,0
0.4,0.14,0.035828,1,0,0
0.42,0.14,0.015756,1,0,0
0.44,0.14,0.015885,1,0,0
0.46,0.14,0.044066,1,0,0
0.48,0.14,0.044995,1,0,0
0.5,0.14,0.086342,1,0,0
0.52,0.14,0.092016,1,0,0
0.54,0.14,0.12063,1,0,0
0.56,0.14,0.14433,1,0,0
0.58,0.14,0.12593,1,0,0
0.6,0.14,0.11878,1,0,0
0.62,0.14,0.11794,1,0,0
0.64,0.14,0.11914,1,0,0
0.66,0.14,0.12848,1,0,0
0.68,0.14,0.1276,1,0,0
0.7,0.14,0.10674,1,0,0
0.72,0.14,0.11675,1,0,0
0.74,0.14,0.14265,1,0,0
0.76,0.14,0.15317,1,0,0
0.78,0.14,0.12516,1,0,0
0.8,0.14,0.12954,1,0,0
0.82,0.14,0.10081,1,0,0
0.84,0.14,0.085468,1,0,0
0.86,0.14,0.073277,1,0,0
0.88,0.14,0.041615,1,0,0
0.9,0.14,0.044479,1,0,0
0.92,0.14,0.040662,1,0,0
0.94,0.14,0.046035,1,0,0
0.96,0.14,0.03078,1,0,0
0.98,0.14,0.029676,1,0,0
0.02,0.16,0.05253,1,0,0
0.04,0.16,0.049598,1,0,0
0.06,0.16,0.034639,1,0,0
0.08,0.16,0.053641,1,0,0
0.1,0.16,0.080036,1,0,0
0.12,0.16,0.072918,1,0,0
0.14,0.16,0.058698,1,0,0
0.16,0.16,0.046679,1,0,0
0.18,0.16,0.017532,1,0,0
0.2,0.16,0.011765,1,0,0
0.22,0.16,0.0096974,1,0,0
0.24,0.16,-0.0013425,1,0,0
0.26,0.16,0.015257,1,0,0
0.28,0.16,-0.0043804,1,0,0
0.3,0.16,0.033756,1,0,0
0.32,0.16,0.033114,1,0,0
0.34,0.16,0.042274,1,0,0
0.36,0.16,0.027139,1,0,0
0.38,0.16,0.033619,1,0,0
0.4,0.16,0.012705,1,0,0
0.42,0.16,0.01503,1,0,0
0.44,0.16,0.032378,1,0,0
0.46,0.16,0.051863,1,0,0
0.48,0.16,0.07788,1,0,0
0.5,0.16,0.08196,1,0,0
0.52,0.16,0.10928,1,0,0
0.54,0.16,0.12186,1,0,0
0.56,0.16,0.13113,1,0,0
0.58,0.16,0.10945,1,0,0
0.6,0.16,0.089538,1,0,0
0.62,0.16,0.092872,1,0,0
0.64,0.16,0.10339,1,0,0
0.66,0.16,0.11577,1,0,0
0.68,0.16,0.13203,1,0,0
0.7,0.16,0.11065,1,0,0
0.72,0.16,0.10114,1,0,0
0.74,0.16,0.15922,1,0,0
0.76,0.16,0.16024,1,0,0
0.78,0.16,0.12407,1,0,0
0.8,0.16,0.089222,1,0,0
0.82,0.16,0.093543,1,0,0
0.84,0.16,0.088731,1,0,0
0.86,0.16,0.05863,1,0,0
0.88,0.16,0.039828,1,0,0
0.9,0.16,0.035179,1,0,0
0.92,0.16,0.036847,1,0,0
0.94,0.16,0.024156,1,0,0
0.96,0.16,0.033728,1,0,0
0.98,0.16,0.0054934,1,0,0
0.02,0.18,0.060895,1,0,0
0.04,0.18,0.041793,1,0,0
0.06,0.18,0.039891,1,0,0
0.08,0.18,0.044264,1,0,0
0.1,0.18,0.073168,1,0,0
0.12,0.18,0.079714,1,0,0
0.14,0.18,0.067022,1,0,0
0.16,0.18,0.040815,1,0,0
0.18,0.18,0.022815,1,0,0
0.2,0.18,0.032972,1,0,0
0.22,0.18,0.00090521,1,0,0
0.24,0.18,-0.0087042,1,0,0
0.26,0.18,-0.010364,1,0,0
0.28,0.18,0.017732,1,0,0
0.3,0.18,0.02656,1,0,0
0.32,0.18,0.030223,1,0,0
0.34,0.18,0.022502,1,0,0
0.36,0.18,0.0039826,1,0,0
0.38,0.18,0.042659,1,0,0
0.4,0.18,0.046459,1,0,0
0.42,0.18,0.024871,1,0,0
0.44,0.18,0.043987,1,0,0
0.46,0.18,0.060546,1,0,0
0.48,0.18,0.065475,1,0,0
0.5,0.18,0.092986,1,0,0
0.52,0.18,0.082911,1,0,0
0.54,0.18,0.10214,1,0,0
0.56,0.18,0.11364,1,0,0
0.58,0.18,0.11018,1,0,0
0.6,0.18,0.10406,1,0,0
0.62,0.18,0.08663,1,0,0
0.64,0.18,0.094854,1,0,0
0.66,0.18,0.10206,1,0,0
0.68,0.18,0.10795,1,0,0
0.7,0.18,0.088563,1,0,0
0.72,0.18,0.11188,1,0,0
0.74,0.18,0.10754,1,0,0
0.76,0.18,0.12225,1,0,0
0.78,0.18,0.11183,1,0,0
0.8,0.18,0.10344,1,0,0
0.82,0.18,0.088954,1,0,0
0.84,0.18,0.072021,1,0,0
0.86,0.18,0.04361,1,0,0
0.88,0.18,0.03032,1,0,0
0.9,0.18,0.017399,1,0,0
0.92,0.18,0.040431,1,0,0
0.94,0.18,0.013446,1,0,0
0.96,0.18,0.013488,1,0,0
0.98,0.18,0.017344,1,0,0
0.02,0.2,0.061205,1,0,0
0.04,0.2,0.059091,1,0,0
0.06,0.2,0.039103,1,0,0
0.08,0.2,0.038953,1,0,0
0.1,0.2,0.06456,1,0,0
0.12,0.2,0.066799,1,0,0
0.14,0.2,0.067464,1,0,0
0.16,0.2,0.039602,1,0,0
0.18,0.2,0.0084722,1,0,0
0.2,0.2,0.020845,1,0,0
0.22,0.2,0.0043447,1,0,0
0.24,0.2,-0.035104,1,0,0
0.26,0.2,-0.01682,1,0,0
0.28,0.2,0.016903,1,0,0
0.3,0.2,0.012457,1,0,0
0.32,0.2,0.0272,1,0,0
0.34,0.2,0.016151,1,0,0
0.36,0.2,0.050264,1,0,0
0.38,0.2,0.046138,1,0,0
0.4,0.2,0.048402,1,0,0
0.42,0.2,0.041089,1,0,0
0.44,0.2,0.022323,1,0,0
0.46,0.2,0.032467,1,0,0
0.48,0.2,0.068251,1,0,0
0.5,0.2,0.080312,1,0,0
0.52,0.2,0.067928,1,0,0
0.54,0.2,0.069991,1,0,0
0.56,0.2,0.1176,1,0,0
0.58,0.2,0.11316,1,0,0
0.6,0.2,0.1036,1,0,0
0.62,0.2,0.095178,1,0,0
0.64,0.2,0.1195,1,0,0
0.66,0.2,0.090648,1,0,0
0.68,0.2,0.075524,1,0,0
0.7,0.2,0.083206,1,0,0
0.72,0.2,0.08903,1,0,0
0.74,0.2,0.080032,1,0,0
0.76,0.2,0.10118,1,0,0
0.78,0.2,0.10293,1,0,0
0.8,0.2,0.10957,1,0,0
0.82,0.2,0.078278,1,0,0
0.84,0.2,0.070756,1,0,0
0.86,0.2,0.038351,1,0,0
0.88,0.2,0.031925,1,0,0
0.9,0.2,0.029089,1,0,0
0.92,0.2,0.035574,1,0,0
0.94,0.2,0.041454,1,0,0
0.96,0.2,0.028497,1,0,0
0.98,0.2,0.01526,1,0,0
0.02,0.22,0.06277,1,0,0
0.04,0.22,0.076359,1,0,0
0.06,0.22,0.066187,1,0,0
0.08,0.22,0.065568,1,0,0
0.1,0.22,0.072077,1,0,0
0.12,0.22,0.069174,1,0,0
0.14,0.22,0.068491,1,0,0
0.16,0.22,0.061049,1,0,0
0.18,0.22,0.030374,1,0,0
0.2,0.22,0.021794,1,0,0
0.22,0.22,0.010624,1,0,0
0.24,0.22,-0.018181,1,0,0
0.26,0.22,0.0094205,1,0,0
0.28,0.22,0.028089,1,0,0
0.3,0.22,0.020802,1,0,0
0.32,0.22,0.042133,1,0,0
0.34,0.22,0.064951,1,0,0
0.36,0.22,0.057707,1,0,0
0.38,0.22,0.057246,1,0,0
0.4,0.22,0.065954,1,0,0
0.42,0.22,0.027547,1,0,0
0.44,0.22,0.043941,1,0,0
0.46,0.22,0.052487,1,0,0
0.48,0.22,0.080155,1,0,0
0.5,0.22,0.081801,1,0,0
0.52,0.22,0.092254,1,0,0
0.54,0.22,0.072984,1,0,0
0.56,0.22,0.093411,1,0,0
0.58,0.22,0.079998,1,0,0
0.6,0.22,0.092449,1,0,0
0.62,0.22,0.077281,1,0,0
0.64,0.22,0.10344,1,0,0
0.66,0.22,0.11321,1,0,0
0.68,0.22,0.086151,1,0,0
0.7,0.22,0.07844,1,0,0
0.72,0.22,0.093766,1,0,0
0.74,0.22,0.079351,1,0,0
0.76,0.22,0.091332,1,0,0
0.78,0.22,0.09824,1,0,0
0.8,0.22,0.099986,1,0,0
0.82,0.22,0.090279,1,0,0
0.84,0.22,0.081823,1,0,0
0.86,0.22,0.046512,1,0,0
0.88,0.22,0.028018,1,0,0
0.9,0.22,0.034278,1,0,0
0.92,0.22,0.058682,1,0,0
0.94,0.22,0.060374,1,0,0
0.96,0.22,0.033856,1,0,0
0.98,0.22,0.00094185,1,0,0
0.02,0.24,0.074179,1,0,0
0.04,0.24,0.070604,1,0,0
0.06,0.24,0.061861,1,0,0
0.08,0.24,0.063041,1,0,0
0.1,0.24,0.082961,1,0,0
0.12,0.24,0.043951,1,0,0
0.14,0.24,0.066784,1,0,0
0.16,0.24,0.071648,1,0,0
0.18,0.24,0.035969,1,0,0
0.2,0.24,0.030765,1,0,0
0.22,0.24,0.020743,1,0,0
0.24,0.24,0.019903,1,0,0
0.26,0.24,0.017592,1,0,0
0.28,0.24,0.025433,1,0,0
0.3,0.24,0.026005,1,0,0
0.32,0.24,0.038142,1,0,0
0.34,0.24,0.05673,1,0,0
0.36,0.24,0.067732,1,0,0
0.38,0.24,0.065594,1,0,0
0.4,0.24,0.055472,1,0,0
0.42,0.24,0.033978,1,0,0
0.44,0.24,0.044561,1,0,0
0.46,0.24,0.058944,1,0,0
0.48,0.24,0.078919,1,0,0
0.5,0.24,0.083309,1,0,0
0.52,0.24,0.081642,1,0,0
0.54,0.24,0.083352,1,0,0
0.56,0.24,0.062582,1,0,0
0.58,0.24,0.070388,1,0,0
0.6,0.24,0.066653,1,0,0
0.62,0.24,0.061794,1,0,0
0.64,0.24,0.084398,1,0,0
0.66,0.24,0.083083,1,0,0
0.68,0.24,0.095687,1,0,0
0.7,0.24,0.07522,1,0,0
0.72,0.24,0.094093,1,0,0
0.74,0.24,0.088045,1,0,0
0.76,0.24,0.11923,1,0,0
0.78,0.24,0.10057,1,0,0
0.8,0.24,0.096617,1,0,0
0.82,0.24,0.10104,1,0,0
0.84,0.24,0.074998,1,0,0
0.86,0.24,0.043195,1,0,0
0.88,0.24,0.028879,1,0,0
0.9,0.24,0.043688,1,0,0
0.92,0.24,0.053739,1,0,0
0.94,0.24,0.058892,1,0,0
0.96,0.24,0.043744,1,0,0
0.98,0.24,0.033818,1,0,0
0.02,0.26,0.087476,1,0,0
0.04,0.26,0.082696,1,0,0
0.06,0.26,0.052123,1,0,0
0.08,0.26,0.047097,1,0,0
0.1,0.26,0.064963,1,0,0
0.12,0.26,0.044003,1,0,0
0.14,0.26,0.037632,1,0,0
0.16,0.26,0.047775,1,0,0
0.18,0.26,0.048652,1,0,0
0.2,0.26,0.038515,1,0,0
0.22,0.26,0.052108,1,0,0
0.24,0.26,0.022379,1,0,0
0.26,0.26,0.020457,1,0,0
0.28,0.26,0.02012,1,0,0
0.3,0.26,0.035028,1,0,0
0.32,0.26,0.037281,1,0,0
0.34,0.26,0.031733,1,0,0
0.36,0.26,0.028599,1,0,0
0.38,0.26,0.059345,1,0,0
0.4,0.26,0.066857,1,0,0
0.42,0.26,0.050643,1,0,0
0.44,0.26,0.045991,1,0,0
0.46,0.26,0.048827,1,0,0
0.48,0.26,0.04768,1,0,0
0.5,0.26,0.055638,1,0,0
0.52,0.26,0.059722,1,0,0
0.54,0.26,0.051115,1,0,0
0.56,0.26,0.061897,1,0,0
0.58,0.26,0.041021,1,0,0
0.6,0.26,0.055044,1,0,0
0.62,0.26,0.057136,1,0,0
0.64,0.26,0.048755,1,0,0
0.66,0.26,0.064772,1,0,0
0.68,0.26,0.072342,1,0,0
0.7,0.26,0.089789,1,0,0
0.72,0.26,0.087343,1,0,0
0.74,0.26,0.10207,1,0,0
0.76,0.26,0.087911,1,0,0
0.78,0.26,0.10192,1,0,0
0.8,0.26,0.10356,1,0,0
0.82,0.26,0.097471,1,0,0
0.84,0.26,0.056687,1,0,0
0.86,0.26,0.024549,1,0,0
0.88,0.26,0.027294,1,0,0
0.9,0.26,0.055662,1,0,0
0.92,0.26,0.051689,1,0,0
0.94,0.26,0.035383,1,0,0
0.96,0.26,0.047773,1,0,0
0.98,0.26,0.038415,1,0,0
0.02,0.28,0.080474,1,0,0
0.04,0.28,0.0775,1,0,0
0.06,0.28,0.073462,1,0,0
0.08,0.28,0.064686,1,0,0
0.1,0.28,0.075014,1,0,0
0.12,0.28,0.083465,1,0,0
0.14,0.28,0.072984,1,0,0
0.16,0.28,0.049848,1,0,0
0.18,0.28,0.05395,1,0,0
0.2,0.28,0.05286,1,0,0
0.22,0.28,0.054574,1,0,0
0.24,0.28,0.058217,1,0,0
0.26,0.28,0.064282,1,0,0
0.28,0.28,0.04732,1,0,0
0.3,0.28,0.045635,1,0,0
0.32,0.28,0.05265,1,0,0
0.34,0.28,0.045495,1,0,0
0.36,0.28,0.039121,1,0,0
0.38,0.28,0.037634,1,0,0
0.4,0.28,0.040065,1,0,0
0.42,0.28,0.044774,1,0,0
0.44,0.28,0.039307,1,0,0
0.46,0.28,0.061549,1,0,0
0.48,0.28,0.054438,1,0,0
0.5,0.28,0.061324,1,0,0
0.52,0.28,0.06664,1,0,0
0.54,0.28,0.066856,1,0,0
0.56,0.28,0.067101,1,0,0
0.58,0.28,0.043364,1,0,0
0.6,0.28,0.033106,1,0,0
0.62,0.28,0.040509,1,0,0
0.64,0.28,0.050959,1,0,0
0.66,0.28,0.070582,1,0,0
0.68,0.28,0.062947,1,0,0
0.7,0.28,0.099696,1,0,0
0.72,0.28,0.10895,1,0,0
0.74,0.28,0.12104,1,0,0
0.76,0.28,0.091336,1,0,0
0.78,0.28,0.08146,1,0,0
0.8,0.28,0.077885,1,0,0
0.82,0.28,0.052814,1,0,0
0.84,0.28,0.047415,1,0,0
0.86,0.28,0.072901,1,0,0
0.88,0.28,0.071629,1,0,0
0.9,0.28,0.07592,1,0,0
0.92,0.28,0.076341,1,0,0
0.94,0.28,0.046722,1,0,0
0.96,0.28,0.041341,1,0,0
0.98,0.28,0.041764,1,0,0
0.02,0.3,0.10121,1,0,0
0.04,0.3,0.09614,1,0,0
0.06,0.3,0.11682,1,0,0
0.08,0.3,0.079088,1,0,0
0.1,0.3,0.096964,1,0,0
0.12,0.3,0.085753,1,0,0
0.14,0.3,0.092757,1,0,0
0.16,0.3,0.089308,1,0,0
0.18,0.3,0.070654,1,0,0
0.2,0.3,0.086107,1,0,0
0.22,0.3,0.07921,1,0,0
0.24,0.3,0.092433,1,0,0
0.26,0.3,0.075158,1,0,0
0.28,0.3,0.075568,1,0,0
0.3,0.3,0.053984,1,0,0
0.32,0.3,0.051628,1,0,0
0.34,0.3,0.063106,1,0,0
0.36,0.3,0.058596,1,0,0
0.38,0.3,0.023891,1,0,0
0.4,0.3,0.032527,1,0,0
0.42,0.3,0.071225,1,0,0
0.44,0.3,0.0771,1,0,0
0.46,0.3,0.044104,1,0,0
0.48,0.3,0.04336,1,0,0
0.5,0.3,0.070737,1,0,0
0.52,0.3,0.062219,1,0,0
0.54,0.3,0.090051,1,0,0
0.56,0.3,0.10608,1,0,0
0.58,0.3,0.085807,1,0,0
0.6,0.3,0.03937,1,0,0
0.62,0.3,0.078869,1,0,0
0.64,0.3,0.085163,1,0,0
0.66,0.3,0.075627,1,0,0
0.68,0.3,0.09954,1,0,0
0.7,0.3,0.096894,1,0,0
0.72,0.3,0.12055,1,0,0
0.74,0.3,0.12146,1,0,0
0.76,0.3,0.1029,1,0,0
0.78,0.3,0.086761,1,0,0
0.8,0.3,0.084542,1,0,0
0.82,0.3,0.067375,1,0,0
0.84,0.3,0.085985,1,0,0
0.86,0.3,0.10248,1,0,0
0.88,0.3,0.088417,1,0,0
0.9,0.3,0.099175,1,0,0
0.92,0.3,0.10696,1,0,0
0.94,0.3,0.088569,1,0,0
0.96,0.3,0.074223,1,0,0
0.98,0.3,0.056073,1,0,0
0.02,0.32,0.11443,1,0,0
0.04,0.32,0.097998,1,0,0
0.06,0.32,0.11914,1,0,0
0.08,0.32,0.10659,1,0,0
0.1,0.32,0.083492,1,0,0
0.12,0.32,0.099611,1,0,0
0.14,0.32,0.10447,1,0,0
0.16,0.32,0.088241,1,0,0
0.18,0.32,0.10951,1,0,0
0.2,0.32,0.1176,1,0,0
0.22,0.32,0.10501,1,0,0
0.24,0.32,0.11165,1,0,0
0.26,0.32,0.095808,1,0,0
0.28,0.32,0.064379,1,0,0
0.3,0.32,0.059105,1,0,0
0.32,0.32,0.05235,1,0,0
0.34,0.32,0.050931,1,0,0
0.36,0.32,0.050373,1,0,0
0.38,0.32,0.04498,1,0,0
0.4,0.32,0.055673,1,0,0
0.42,0.32,0.044639,1,0,0
0.44,0.32,0.066505,1,0,0
0.46,0.32,0.03888,1,0,0
0.48,0.32,0.053475,1,0,0
0.5,0.32,0.055233,1,0,0
0.52,0.32,0.081175,1,0,0
0.54,0.32,0.082022,1,0,0
0.56,0.32,0.10933,1,0,0
0.58,0.32,0.085296,1,0,0
0.6,0.32,0.10034,1,0,0
0.62,0.32,0.096642,1,0,0
0.64,0.32,0.08352,1,0,0
0.66,0.32,0.087297,1,0,0
0.68,0.32,0.097397,1,0,0
0.7,0.32,0.090813,1,0,0
0.72,0.32,0.095181,1,0,0
0.74,0.32,0.10979,1,0,0
0.76,0.32,0.081416,1,0,0
0.78,0.32,0.068634,1,0,0
0.8,0.32,0.087277,1,0,0
0.82,0.32,0.075512,1,0,0
0.84,0.32,0.066901,1,0,0
0.86,0.32,0.10368,1,0,0
0.88,0.32,0.098693,1,0,0
0.9,0.32,0.095379,1,0,0
0.92,0.32,0.12441,1,0,0
0.94,0.32,0.081513,1,0,0
0.96,0.32,0.083738,1,0,0
0.98,0.32,0.099337,1,0,0
0.02,0.34,0.10017,1,0,0
0.04,0.34,0.10886,1,0,0
0.06,0.34,0.11275,1,0,0
0.08,0.34,0.095553,1,0,0
0.1,0.34,0.10052,1,0,0
0.12,0.34,0.1074,1,0,0
0.14,0.34,0.11543,1,0,0
0.16,0.34,0.12602,1,0,0
0.18,0.34,0.13907,1,0,0
0.2,0.34,0.13648,1,0,0
0.22,0.34,0.13254,1,0,0
0.24,0.34,0.10987,1,0,0
0.26,0.34,0.088494,1,0,0
0.28,0.34,0.077,1,0,0
0.3,0.34,0.071512,1,0,0
0.32,0.34,0.077059,1,0,0
0.34,0.34,0.029202,1,0,0
0.36,0.34,0.050646,1,0,0
0.38,0.34,0.043898,1,0,0
0.4,0.34,0.053303,1,0,0
0.42,0.34,0.056743,1,0,0
0.44,0.34,0.061202,1,0,0
0.46,0.34,0.064292,1,0,0
0.48,0.34,0.077886,1,0,0
0.5,0.34,0.089859,1,0,0
0.52,0.34,0.10182,1,0,0
0.54,0.34,0.095504,1,0,0
0.56,0.34,0.1231,1,0,0
0.58,0.34,0.082437,1,0,0
0.6,0.34,0.10008,1,0,0
0.62,0.34,0.10747,1,0,0
0.64,0.34,0.09941,1,0,0
0.66,0.34,0.087432,1,0,0
0.68,0.34,0.13295,1,0,0
0.7,0.34,0.11098,1,0,0
0.72,0.34,0.10898,1,0,0
0.74,0.34,0.10197,1,0,0
0.76,0.34,0.075077,1,0,0
0.78,0.34,0.05522,1,0,0
0.8,0.34,0.10912,1,0,0
0.82,0.34,0.091046,1,0,0
0.84,0.34,0.090237,1,0,0
0.86,0.34,0.088781,1,0,0
0.88,0.34,0.095355,1,0,0
0.9,0.34,0.13298,1,0,0
0.92,0.34,0.11209,1,0,0
0.94,0.34,0.098302,1,0,0
0.96,0.34,0.088768,1,0,0
0.98,0.34,0.098793,1,0,0
0.02,0.36,0.07771,1,0,0
0.04,0.36,0.086528,1,0,0
0.06,0.36,0.080777,1,0,0
0.08,0.36,0.071768,1,0,0
0.1,0.36,0.078182,1,0,0
0.12,0.36,0.089052,1,0,0
0.14,0.36,0.11273,1,0,0
0.16,0.36,0.13214,1,0,0
0.18,0.36,0.13601,1,0,0
0.2,0.36,0.12593,1,0,0
0.22,0.36,0.10258,1,0,0
0.24,0.36,0.11142,1,0,0
0.26,0.36,0.085604,1,0,0
0.28,0.36,0.062333,1,0,0
0.3,0.36,0.051143,1,0,0
0.32,0.36,0.041179,1,0,0
0.34,0.36,0.041323,1,0,0
0.36,0.36,0.049579,1,0,0
0.38,0.36,0.054505,1,0,0
0.4,0.36,0.050789,1,0,0
0.42,0.36,0.038204,1,0,0
0.44,0.36,0.061536,1,0,0
0.46,0.36,0.069017,1,0,0
0.48,0.36,0.079548,1,0,0
0.5,0.36,0.082047,1,0,0
0.52,0.36,0.081956,1,0,0
0.54,0.36,0.087114,1,0,0
0.56,0.36,0.10652,1,0,0
0.58,0.36,0.090659,1,0,0
0.6,0.36,0.10275,1,0,0
0.62,0.36,0.099502,1,0,0
0.64,0.36,0.10239,1,0,0
0.66,0.36,0.087394,1,0,0
0.68,0.36,0.10247,1,0,0
0.7,0.36,0.086855,1,0,0
0.72,0.36,0.10317,1,0,0
0.74,0.36,0.087557,1,0,0
0.76,0.36,0.084714,1,0,0
0.78,0.36,0.058455,1,0,0
0.8,0.36,0.084597,1,0,0
0.82,0.36,0.088816,1,0,0
0.84,0.36,0.087439,1,0,0
0.86,0.36,0.090322,1,0,0
0.88,0.36,0.079047,1,0,0
0.9,0.36,0.081724,1,0,0
0.92,0.36,0.093466,1,0,0
0.94,0.36,0.071513,1,0,0
0.96,0.36,0.074048,1,0,0
0.98,0.36,0.089132,1,0,0
0.02,0.38,0.084803,1,0,0
0.04,0.38,0.10257,1,0,0
0.06,0.38,0.083882,1,0,0
0.08,0.38,0.053104,1,0,0
0.1,0.38,0.067878,1,0,0
0.12,0.38,0.072437,1,0,0
0.14,0.38,0.099166,1,0,0
0.16,0.38,0.1294,1,0,0
0.18,0.38,0.11747,1,0,0
0.2,0.38,0.11725,1,0,0
0.22,0.38,0.089012,1,0,0
0.24,0.38,0.082566,1,0,0
0.26,0.38,0.10226,1,0,0
0.28,0.38,0.079405,1,0,0
0.3,0.38,0.073664,1,0,0
0.32,0.38,0.059375,1,0,0
0.34,0.38,0.062488,1,0,0
0.36,0.38,0.044679,1,0,0
0.38,0.38,0.058633,1,0,0
0.4,0.38,0.063114,1,0,0
0.42,0.38,0.071487,1,0,0
0.44,0.38,0.081757,1,0,0
0.46,0.38,0.063364,1,0,0
0.48,0.38,0.065301,1,0,0
0.5,0.38,0.055565,1,0,0
0.52,0.38,0.069521,1,0,0
0.54,0.38,0.0782,1,0,0
0.56,0.38,0.11317,1,0,0
0.58,0.38,0.12655,1,0,0
0.6,0.38,0.11585,1,0,0
0.62,0.38,0.10685,1,0,0
0.64,0.38,0.1059,1,0,0
0.66,0.38,0.097115,1,0,0
0.68,0.38,0.096075,1,0,0
0.7,0.38,0.086527,1,0,0
0.72,0.38,0.087302,1,0,0
0.74,0.38,0.078866,1,0,0
0.76,0.38,0.055551,1,0,0
0.78,0.38,0.065118,1,0,0
0.8,0.38,0.072313,1,0,0
0.82,0.38,0.081208,1,0,0
0.84,0.38,0.096458,1,0,0
0.86,0.38,0.082709,1,0,0
0.88,0.38,0.059965,1,0,0
0.9,0.38,0.058589,1,0,0
0.92,0.38,0.092563,1,0,0
0.94,0.38,0.076065,1,0,0
0.96,0.38,0.077794,1,0,0
0.98,0.38,0.061275,1,0,0
0.02,0.4,0.094584,1,0,0
0.04,0.4,0.075438,1,0,0
0.06,0.4,0.051973,1,0,0
0.08,0.4,0.060193,1,0,0
0.1,0.4,0.074583,1,0,0
0.12,0.4,0.080088,1,0,0
0.14,0.4,0.10089,1,0,0
0.16,0.4,0.10081,1,0,0
0.18,0.4,0.081111,1,0,0
0.2,0.4,0.083442,1,0,0
0.22,0.4,0.081801,1,0,0
0.24,0.4,0.058671,1,0,0
0.26,0.4,0.068357,1,0,0
0.28,0.4,0.11114,1,0,0
0.3,0.4,0.096044,1,0,0
0.32,0.4,0.079847,1,0,0
0.34,0.4,0.057032,1,0,0
0.36,0.4,0.053976,1,0,0
0.38,0.4,0.063276,1,0,0
0.4,0.4,0.066329,1,0,0
0.42,0.4,0.075445,1,0,0
0.44,0.4,0.065045,1,0,0
0.46,0.4,0.080614,1,0,0
0.48,0.4,0.067518,1,0,0
0.5,0.4,0.09879,1,0,0
0.52,0.4,0.060971,1,0,0
0.54,0.4,0.075598,1,0,0
0.56,0.4,0.10851,1,0,0
0.58,0.4,0.12532,1,0,0
0.6,0.4,0.12795,1,0,0
0.62,0.4,0.11165,1,0,0
0.64,0.4,0.10778,1,0,0
0.66,0.4,0.11045,1,0,0
0.68,0.4,0.097214,1,0,0
0.7,0.4,0.11117,1,0,0
0.72,0.4,0.10879,1,0,0
0.74,0.4,0.07188,1,0,0
0.76,0.4,0.074625,1,0,0
0.78,0.4,0.05119,1,0,0
0.8,0.4,0.067443,1,0,0
0.82,0.4,0.071336,1,0,0
0.84,0.4,0.086338,1,0,0
0.86,0.4,0.080707,1,0,0
0.88,0.4,0.082686,1,0,0
0.9,0.4,0.075117,1,0,0
0.92,0.4,0.069655,1,0,0
0.94,0.4,0.058865,1,0,0
0.96,0.4,0.056745,1,0,0
0.98,0.4,0.068998,1,0,0
0.02,0.42,0.080047,1,0,0
0.04,0.42,0.084061,1,0,0
0.06,0.42,0.051965,1,0,0
0.08,0.42,0.054217,1,0,0
0.1,0.42,0.071071,1,0,0
0.12,0.42,0.081238,1,0,0
0.14,0.42,0.10622,1,0,0
0.16,0.42,0.10923,1,0,0
0.18,0.42,0.077996,1,0,0
0.2,0.42,0.10261,1,0,0
0.22,0.42,0.093682,1,0,0
0.24,0.42,0.045537,1,0,0
0.26,0.42,0.067819,1,0,0
0.28,0.42,0.094487,1,0,0
0.3,0.42,0.099322,1,0,0
0.32,0.42,0.091074,1,0,0
0.34,0.42,0.067166,1,0,0
0.36,0.42,0.046412,1,0,0
0.38,0.42,0.060949,1,0,0
0.4,0.42,0.077232,1,0,0
0.42,0.42,0.079846,1,0,0
0.44,0.42,0.083249,1,0,0
0.46,0.42,0.10654,1,0,0
0.48,0.42,0.092763,1,0,0
0.5,0.42,0.076984,1,0,0
0.52,0.42,0.088035,1,0,0
0.54,0.42,0.09984,1,0,0
0.56,0.42,0.11704,1,0,0
0.58,0.42,0.12682,1,0,0
0.6,0.42,0.11692,1,0,0
0.62,0.42,0.09623,1,0,0
0.64,0.42,0.11584,1,0,0
0.66,0.42,0.12201,1,0,0
0.68,0.42,0.10305,1,0,0
0.7,0.42,0.10409,1,0,0
0.72,0.42,0.10226,1,0,0
0.74,0.42,0.085396,1,0,0
0.76,0.42,0.075814,1,0,0
0.78,0.42,0.070601,1,0,0
0.8,0.42,0.068774,1,0,0
0.82,0.42,0.070161,1,0,0
0.84,0.42,0.081724,1,0,0
0.86,0.42,0.053885,1,0,0
0.88,0.42,0.054614,1,0,0
0.9,0.42,0.050659,1,0,0
0.92,0.42,0.050534,1,0,0
0.94,0.42,0.051775,1,0,0
0.96,0.42,0.070451,1,0,0
0.98,0.42,0.067437,1,0,0
0.02,0.44,0.08411,1,0,0
0.04,0.44,0.093366,1,0,0
0.06,0.44,0.055641,1,0,0
0.08,0.44,0.049449,1,0,0
0.1,0.44,0.086463,1,0,0
0.12,0.44,0.0698,1,0,0
0.14,0.44,0.087947,1,0,0
0.16,0.44,0.092921,1,0,0
0.18,0.44,0.076696,1,0,0
0.2,0.44,0.091215,1,0,0
0.22,0.44,0.09003,1,0,0
0.24,0.44,0.065502,1,0,0
0.26,0.44,0.068644,1,0,0
0.28,0.44,0.073084,1,0,0
0.3,0.44,0.063886,1,0,0
0.32,0.44,0.06118,1,0,0
0.34,0.44,0.071315,1,0,0
0.36,0.44,0.048975,1,0,0
0.38,0.44,0.046809,1,0,0
0.4,0.44,0.076715,1,0,0
0.42,0.44,0.061454,1,0,0
0.44,0.44,0.097428,1,0,0
0.46,0.44,0.09589,1,0,0
0.48,0.44,0.11184,1,0,0
0.5,0.44,0.083022,1,0,0
0.52,0.44,0.087366,1,0,0
0.54,0.44,0.10239,1,0,0
0.56,0.44,0.12726,1,0,0
0.58,0.44,0.11725,1,0,0
0.6,0.44,0.11264,1,0,0
0.62,0.44,0.10989,1,0,0
0.64,0.44,0.13438,1,0,0
0.66,0.44,0.12332,1,0,0
0.68,0.44,0.11157,1,0,0
0.7,0.44,0.082568,1,0,0
0.72,0.44,0.087657,1,0,0
0.74,0.44,0.087001,1,0,0
0.76,0.44,0.10575,1,0,0
0.78,0.44,0.075406,1,0,0
0.8,0.44,0.040718,1,0,0
0.82,0.44,0.068549,1,0,0
0.84,0.44,0.067687,1,0,0
0.86,0.44,0.044313,1,0,0
0.88,0.44,0.029519,1,0,0
0.9,0.44,0.023332,1,0,0
0.92,0.44,0.024995,1,0,0
0.94,0.44,0.053028,1,0,0
0.96,0.44,0.091592,1,0,0
0.98,0.44,0.083869,1,0,0
0.02,0.46,0.098746,1,0,0
0.04,0.46,0.09641,1,0,0
0.06,0.46,0.079653,1,0,0
0.08,0.46,0.078518,1,0,0
0.1,0.46,0.10545,1,0,0
0.12,0.46,0.10397,1,0,0
0.14,0.46,0.099684,1,0,0
0.16,0.46,0.099982,1,0,0
0.18,0.46,0.097871,1,0,0
0.2,0.46,0.10434,1,0,0
0.22,0.46,0.072973,1,0,0
0.24,0.46,0.058125,1,0,0
0.26,0.46,0.065791,1,0,0
0.28,0.46,0.082064,1,0,0
0.3,0.46,0.074352,1,0,0
0.32,0.46,0.10361,1,0,0
0.34,0.46,0.064823,1,0,0
0.36,0.46,0.045219,1,0,0
0.38,0.46,0.044093,1,0,0
0.4,0.46,0.08192,1,0,0
0.42,0.46,0.069853,1,0,0
0.44,0.46,0.092248,1,0,0
0.46,0.46,0.10742,1,0,0
0.48,0.46,0.1122,1,0,0
0.5,0.46,0.10715,1,0,0
0.52,0.46,0.12337,1,0,0
0.54,0.46,0.12712,1,0,0
0.56,0.46,0.14692,1,0,0
0.58,0.46,0.13507,1,0,0
0.6,0.46,0.13332,1,0,0
0.62,0.46,0.10473,1,0,0
0.64,0.46,0.1366,1,0,0
0.66,0.46,0.14382,1,0,0
0.68,0.46,0.14444,1,0,0
0.7,0.46,0.11308,1,0,0
0.72,0.46,0.11253,1,0,0
0.74,0.46,0.090017,1,0,0
0.76,0.46,0.10323,1,0,0
0.78,0.46,0.070494,1,0,0
0.8,0.46,0.069833,1,0,0
0.82,0.46,0.065459,1,0,0
0.84,0.46,0.071342,1,0,0
0.86,0.46,0.055069,1,0,0
0.88,0.46,0.030094,1,0,0
0.9,0.46,0.036664,1,0,0
0.92,0.46,0.047873,1,0,0
0.94,0.46,0.077682,1,0,0
0.96,0.46,0.082451,1,0,0
0.98,0.46,0.095667,1,0,0
0.02,0.48,0.10221,1,0,0
0.04,0.48,0.097348,1,0,0
0.06,0.48,0.084238,1,0,0
0.08,0.48,0.093954,1,0,0
0.1,0.48,0.11796,1,0,0
0.12,0.48,0.13024,1,0,0
0.14,0.48,0.1126,1,0,0
0.16,0.48,0.11148,1,0,0
0.18,0.48,0.098508,1,0,0
0.2,0.48,0.10982,1,0,0
0.22,0.48,0.10051,1,0,0
0.24,0.48,0.070022,1,0,0
0.26,0.48,0.067991,1,0,0
0.28,0.48,0.087641,1,0,0
0.3,0.48,0.08317,1,0,0
0.32,0.48,0.083451,1,0,0
0.34,0.48,0.054799,1,0,0
0.36,0.48,0.059277,1,0,0
0.38,0.48,0.069782,1,0,0
0.4,0.48,0.091268,1,0,0
0.42,0.48,0.074676,1,0,0
0.44,0.48,0.087976,1,0,0
0.46,0.48,0.093996,1,0,0
0.48,0.48,0.11624,1,0,0
0.5,0.48,0.11781,1,0,0
0.52,0.48,0.1248,1,0,0
0.54,0.48,0.10696,1,0,0
0.56,0.48,0.16511,1,0,0
0.58,0.48,0.14776,1,0,0
0.6,0.48,0.1548,1,0,0
0.62,0.48,0.13933,1,0,0
0.64,0.48,0.14731,1,0,0
0.66,0.48,0.13731,1,0,0
0.68,0.48,0.12923,1,0,0
0.7,0.48,0.12877,1,0,0
0.72,0.48,0.11075,1,0,0
0.74,0.48,0.10682,1,0,0
0.76,0.48,0.08402,1,0,0
0.78,0.48,0.076965,1,0,0
0.8,0.48,0.069764,1,0,0
0.82,0.48,0.065279,1,0,0
0.84,0.48,0.080557,1,0,0
0.86,0.48,0.0635,1,0,0
0.88,0.48,0.055988,1,0,0
0.9,0.48,0.0534,1,0,0
0.92,0.48,0.053378,1,0,0
0.94,0.48,0.042732,1,0,0
0.96,0.48,0.073947,1,0,0
0.98,0.48,0.087246,1,0,0
0.02,0.5,0.10398,1,0,0
0.04,0.5,0.10827,1,0,0
0.06,0.5,0.12617,1,0,0
0.08,0.5,0.10944,1,0,0
0.1,0.5,0.11499,1,0,0
0.12,0.5,0.10563,1,0,0
0.14,0.5,0.12896,1,0,0
0.16,0.5,0.11199,1,0,0
0.18,0.5,0.099932,1,0,0
0.2,0.5,0.10461,1,0,0
0.22,0.5,0.086011,1,0,0
0.24,0.5,0.085255,1,0,0
0.26,0.5,0.07025,1,0,0
0.28,0.5,0.093093,1,0,0
0.3,0.5,0.09652,1,0,0
0.32,0.5,0.070564,1,0,0
0.34,0.5,0.052165,1,0,0
0.36,0.5,0.071519,1,0,0
0.38,0.5,0.079273,1,0,0
0.4,0.5,0.093559,1,0,0
0.42,0.5,0.085137,1,0,0
0.44,0.5,0.10365,1,0,0
0.46,0.5,0.093103,1,0,0
0.48,0.5,0.095795,1,0,0
0.5,0.5,0.097675,1,0,0
0.52,0.5,0.099909,1,0,0
0.54,0.5,0.12738,1,0,0
0.56,0.5,0.16706,1,0,0
0.58,0.5,0.17713,1,0,0
0.6,0.5,0.15417,1,0,0
0.62,0.5,0.15133,1,0,0
0.64,0.5,0.15505,1,0,0
0.66,0.5,0.14171,1,0,0
0.68,0.5,0.14525,1,0,0
0.7,0.5,0.13573,1,0,0
0.72,0.5,0.13064,1,0,0
0.74,0.5,0.1242,1,0,0
0.76,0.5,0.094721,1,0,0
0.78,0.5,0.080415,1,0,0
0.8,0.5,0.084947,1,0,0
0.82,0.5,0.09234,1,0,0
0.84,0.5,0.080117,1,0,0
0.86,0.5,0.081979,1,0,0
0.88,0.5,0.066764,1,0,0
0.9,0.5,0.057437,1,0,0
0.92,0.5,0.080886,1,0,0
0.94,0.5,0.065685,1,0,0
0.96,0.5,0.074509,1,0,0
0.98,0.5,0.078839,1,0,0
0.02,0.52,0.081139,1,0,0
0.04,0.52,0.089993,1,0,0
0.06,0.52,0.11822,1,0,0
0.08,0.52,0.099536,1,0,0
0.1,0.52,0.10222,1,0,0
0.12,0.52,0.1208,1,0,0
0.14,0.52,0.12734,1,0,0
0.16,0.52,0.11948,1,0,0
0.18,0.52,0.10574,1,0,0
0.2,0.52,0.1065,1,0,0
0.22,0.52,0.087932,1,0,0
0.24,0.52,0.087747,1,0,0
0.26,0.52,0.097732,1,0,0
0.28,0.52,0.081832,1,0,0
0.3,0.52,0.06442,1,0,0
0.32,0.52,0.059327,1,0,0
0.34,0.52,0.065731,1,0,0
0.36,0.52,0.073463,1,0,0
0.38,0.52,0.086555,1,0,0
0.4,0.52,0.087513,1,0,0
0.42,0.52,0.089704,1,0,0
0.44,0.52,0.090551,1,0,0
0.46,0.52,0.090225,1,0,0
0.48,0.52,0.086238,1,0,0
0.5,0.52,0.10664,1,0,0
0.52,0.52,0.095058,1,0,0
0.54,0.52,0.11086,1,0,0
0.56,0.52,0.14094,1,0,0
0.58,0.52,0.1589,1,0,0
0.6,0.52,0.13683,1,0,0
0.62,0.52,0.14947,1,0,0
0.64,0.52,0.13531,1,0,0
0.66,0.52,0.13176,1,0,0
0.68,0.52,0.13715,1,0,0
0.7,0.52,0.11995,1,0,0
0.72,0.52,0.13391,1,0,0
0.74,0.52,0.13633,1,0,0
0.76,0.52,0.090121,1,0,0
0.78,0.52,0.076979,1,0,0
0.8,0.52,0.093412,1,0,0
0.82,0.52,0.073308,1,0,0
0.84,0.52,0.093329,1,0,0
0.86,0.52,0.099866,1,0,0
0.88,0.52,0.060601,1,0,0
0.9,0.52,0.050489,1,0,0
0.92,0.52,0.065418,1,0,0
0.94,0.52,0.054205,1,0,0
0.96,0.52,0.04081,1,0,0
0.98,0.52,0.056926,1,0,0
0.02,0.54,0.077268,1,0,0
0.04,0.54,0.086814,1,0,0
0.06,0.54,0.083228,1,0,0
0.08,0.54,0.10456,1,0,0
0.1,0.54,0.097216,1,0,0
0.12,0.54,0.11082,1,0,0
0.14,0.54,0.113,1,0,0
0.16,0.54,0.11801,1,0,0
0.18,0.54,0.14451,1,0,0
0.2,0.54,0.10836,1,0,0
0.22,0.54,0.098053,1,0,0
0.24,0.54,0.074943,1,0,0
0.26,0.54,0.075879,1,0,0
0.28,0.54,0.060251,1,0,0
0.3,0.54,0.070362,1,0,0
0.32,0.54,0.055498,1,0,0
0.34,0.54,0.058662,1,0,0
0.36,0.54,0.06975,1,0,0
0.38,0.54,0.083872,1,0,0
0.4,0.54,0.094533,1,0,0
0.42,0.54,0.10133,1,0,0
0.44,0.54,0.085043,1,0,0
0.46,0.54,0.078178,1,0,0
0.48,0.54,0.090091,1,0,0
0.5,0.54,0.11255,1,0,0
0.52,0.54,0.097546,1,0,0
0.54,0.54,0.10361,1,0,0
0.56,0.54,0.14093,1,0,0
0.58,0.54,0.11886,1,0,0
0.6,0.54,0.12424,1,0,0
0.62,0.54,0.12752,1,0,0
0.64,0.54,0.10964,1,0,0
0.66,0.54,0.11633,1,0,0
0.68,0.54,0.13366,1,0,0
0.7,0.54,0.14945,1,0,0
0.72,0.54,0.11662,1,0,0
0.74,0.54,0.11705,1,0,0
0.76,0.54,0.10237,1,0,0
0.78,0.54,0.087715,1,0,0
0.8,0.54,0.11105,1,0,0
0.82,0.54,0.10675,1,0,0
0.84,0.54,0.080925,1,0,0
0.86,0.54,0.072511,1,0,0
0.88,0.54,0.055093,1,0,0
0.9,0.54,0.05946,1,0,0
0.92,0.54,0.067336,1,0,0
0.94,0.54,0.046071,1,0,0
0.96,0.54,0.041602,1,0,0
0.98,0.54,0.063552,1,0,0
0.02,0.56,0.068506,1,0,0
0.04,0.56,0.099619,1,0,0
0.06,0.56,0.10914,1,0,0
0.08,0.56,0.085748,1,0,0
0.1,0.56,0.11178,1,0,0
0.12,0.56,0.09472,1,0,0
0.14,0.56,0.093439,1,0,0
0.16,0.56,0.087612,1,0,0
0.18,0.56,0.10362,1,0,0
0.2,0.56,0.11163,1,0,0
0.22,0.56,0.10927,1,0,0
0.24,0.56,0.093188,1,0,0
0.26,0.56,0.077551,1,0,0
0.28,0.56,0.046287,1,0,0
0.3,0.56,0.040366,1,0,0
0.32,0.56,0.060091,1,0,0
0.34,0.56,0.060917,1,0,0
0.36,0.56,0.072557,1,0,0
0.38,0.56,0.095764,1,0,0
0.4,0.56,0.098827,1,0,0
0.42,0.56,0.079778,1,0,0
0.44,0.56,0.078565,1,0,0
0.46,0.56,0.09099,1,0,0
0.48,0.56,0.087175,1,0,0
0.5,0.56,0.089453,1,0,0
0.52,0.56,0.099465,1,0,0
0.54,0.56,0.10236,1,0,0
0.56,0.56,0.10289,1,0,0
0.58,0.56,0.10714,1,0,0
0.6,0.56,0.11865,1,0,0
0.62,0.56,0.12966,1,0,0
0.64,0.56,0.13046,1,0,0
0.66,0.56,0.1079,1,0,0
0.68,0.56,0.12528,1,0,0
0.7,0.56,0.093608,1,0,0
0.72,0.56,0.11042,1,0,0
0.74,0.56,0.10904,1,0,0
0.76,0.56,0.082749,1,0,0
0.78,0.56,0.08902,1,0,0
0.8,0.56,0.10416,1,0,0
0.82,0.56,0.084957,1,0,0
0.84,0.56,0.078602,1,0,0
0.86,0.56,0.066749,1,0,0
0.88,0.56,0.059387,1,0,0
0.9,0.56,0.079998,1,0,0
0.92,0.56,0.066838,1,0,0
0.94,0.56,0.051072,1,0,0
0.96,0.56,0.060104,1,0,0
0.98,0.56,0.084446,1,0,0
0.02,0.58,0.094739,1,0,0
0.04,0.58,0.11821,1,0,0
0.06,0.58,0.12652,1,0,0
0.08,0.58,0.1259,1,0,0
0.1,0.58,0.11397,1,0,0
0.12,0.58,0.11076,1,0,0
0.14,0.58,0.11809,1,0,0
0.16,0.58,0.12466,1,0,0
0.18,0.58,0.10515,1,0,0
0.2,0.58,0.11684,1,0,0
0.22,0.58,0.10329,1,0,0
0.24,0.58,0.1092,1,0,0
0.26,0.58,0.080216,1,0,0
0.28,0.58,0.073299,1,0,0
0.3,0.58,0.081805,1,0,0
0.32,0.58,0.077683,1,0,0
0.34,0.58,0.09882,1,0,0
0.36,0.58,0.09546,1,0,0
0.38,0.58,0.096799,1,0,0
0.4,0.58,0.092082,1,0,0
0.42,0.58,0.096124,1,0,0
0.44,0.58,0.11634,1,0,0
0.46,0.58,0.10119,1,0,0
0.48,0.58,0.10373,1,0,0
0.5,0.58,0.0982,1,0,0
0.52,0.58,0.11729,1,0,0
0.54,0.58,0.13151,1,0,0
0.56,0.58,0.13772,1,0,0
0.58,0.58,0.11046,1,0,0
0.6,0.58,0.11219,1,0,0
0.62,0.58,0.1171,1,0,0
0.64,0.58,0.1393,1,0,0
0.66,0.58,0.12699,1,0,0
0.68,0.58,0.1272,1,0,0
0.7,0.58,0.10492,1,0,0
0.72,0.58,0.10458,1,0,0
0.74,0.58,0.093028,1,0,0
0.76,0.58,0.096028,1,0,0
0.78,0.58,0.076265,1,0,0
0.8,0.58,0.083505,1,0,0
0.82,0.58,0.085364,1,0,0
0.84,0.58,0.078043,1,0,0
0.86,0.58,0.070402,1,0,0
0.88,0.58,0.089524,1,0,0
0.9,0.58,0.092615,1,0,0
0.92,0.58,0.11728,1,0,0
0.94,0.58,0.088336,1,0,0
0.96,0.58,0.10419,1,0,0
0.98,0.58,0.10987,1,0,0
0.02,0.6,0.086645,1,0,0
0.04,0.6,0.086346,1,0,0
0.06,0.6,0.091986,1,0,0
0.08,0.6,0.095431,1,0,0
0.1,0.6,0.11626,1,0,0
0.12,0.6,0.11311,1,0,0
0.14,0.6,0.11614,1,0,0
0.16,0.6,0.11426,1,0,0
0.18,0.6,0.082217,1,0,0
0.2,0.6,0.08736,1,0,0
0.22,0.6,0.10073,1,0,0
0.24,0.6,0.078179,1,0,0
0.26,0.6,0.073098,1,0,0
0.28,0.6,0.065986,1,0,0
0.3,0.6,0.043466,1,0,0
0.32,0.6,0.0681,1,0,0
0.34,0.6,0.072006,1,0,0
0.36,0.6,0.079606,1,0,0
0.38,0.6,0.06731,1,0,0
0.4,0.6,0.079609,1,0,0
0.42,0.6,0.10412,1,0,0
0.44,0.6,0.11843,1,0,0
0.46,0.6,0.10304,1,0,0
0.48,0.6,0.10827,1,0,0
0.5,0.6,0.11213,1,0,0
0.52,0.6,0.12231,1,0,0
0.54,0.6,0.10531,1,0,0
0.56,0.6,0.11286,1,0,0
0.58,0.6,0.085128,1,0,0
0.6,0.6,0.092265,1,0,0
0.62,0.6,0.097013,1,0,0
0.64,0.6,0.10835,1,0,0
0.66,0.6,0.10139,1,0,0
0.68,0.6,0.098174,1,0,0
0.7,0.6,0.087957,1,0,0
0.72,0.6,0.098332,1,0,0
0.74,0.6,0.092661,1,0,0
0.76,0.6,0.084906,1,0,0
0.78,0.6,0.067052,1,0,0
0.8,0.6,0.066559,1,0,0
0.82,0.6,0.047697,1,0,0
0.84,0.6,0.071844,1,0,0
0.86,0.6,0.06481,1,0,0
0.88,0.6,0.074636,1,0,0
0.9,0.6,0.092718,1,0,0
0.92,0.6,0.088606,1,0,0
0.94,0.6,0.08939,1,0,0
0.96,0.6,0.094285,1,0,0
0.98,0.6,0.103,1,0,0
0.02,0.62,0.074102,1,0,0
0.04,0.62,0.083452,1,0,0
0.06,0.62,0.085823,1,0,0
0.08,0.62,0.091699,1,0,0
0.1,0.62,0.10464,1,0,0
0.12,0.62,0.09822,1,0,0
0.14,0.62,0.11181,1,0,0
0.16,0.62,0.090227,1,0,0
0.18,0.62,0.085041,1,0,0
0.2,0.62,0.088572,1,0,0
0.22,0.62,0.078198,1,0,0
0.24,0.62,0.056507,1,0,0
0.26,0.62,0.059991,1,0,0
0.28,0.62,0.075134,1,0,0
0.3,0.62,0.046914,1,0,0
0.32,0.62,0.054678,1,0,0
0.34,0.62,0.059996,1,0,0
0.36,0.62,0.054751,1,0,0
0.38,0.62,0.054427,1,0,0
0.4,0.62,0.085337,1,0,0
0.42,0.62,0.10847,1,0,0
0.44,0.62,0.11323,1,0,0
0.46,0.62,0.10917,1,0,0
0.48,0.62,0.11255,1,0,0
0.5,0.62,0.11743,1,0,0
0.52,0.62,0.099745,1,0,0
0.54,0.62,0.097428,1,0,0
0.56,0.62,0.088235,1,0,0
0.58,0.62,0.073167,1,0,0
0.6,0.62,0.066673,1,0,0
0.62,0.62,0.052837,1,0,0
0.64,0.62,0.072881,1,0,0
0.66,0.62,0.074683,1,0,0
0.68,0.62,0.069476,1,0,0
0.7,0.62,0.078552,1,0,0
0.72,0.62,0.094672,1,0,0
0.74,0.62,0.060999,1,0,0
0.76,0.62,0.068187,1,0,0
0.78,0.62,0.067429,1,0,0
0.8,0.62,0.064331,1,0,0
0.82,0.62,0.036717,1,0,0
0.84,0.62,0.022987,1,0,0
0.86,0.62,0.030124,1,0,0
0.88,0.62,0.048081,1,0,0
0.9,0.62,0.062203,1,0,0
0.92,0.62,0.092986,1,0,0
0.94,0.62,0.097839,1,0,0
0.96,0.62,0.08693,1,0,0
0.98,0.62,0.10937,1,0,0
0.02,0.64,0.07137,1,0,0
0.04,0.64,0.097697,1,0,0
0.06,0.64,0.067302,1,0,0
0.08,0.64,0.07304,1,0,0
0.1,0.64,0.10579,1,0,0
0.12,0.64,0.08775,1,0,0
0.14,0.64,0.091239,1,0,0
0.16,0.64,0.094624,1,0,0
0.18,0.64,0.062445,1,0,0
0.2,0.64,0.063054,1,0,0
0.22,0.64,0.067727,1,0,0
0.24,0.64,0.052998,1,0,0
0.26,0.64,0.046965,1,0,0
0.28,0.64,0.037233,1,0,0
0.3,0.64,0.046853,1,0,0
0.32,0.64,0.042409,1,0,0
0.34,0.64,0.064737,1,0,0
0.36,0.64,0.061807,1,0,0
0.38,0.64,0.091918,1,0,0
0.4,0.64,0.088174,1,0,0
0.42,0.64,0.093917,1,0,0
0.44,0.64,0.10575,1,0,0
0.46,0.64,0.11212,1,0,0
0.48,0.64,0.12401,1,0,0
0.5,0.64,0.10454,1,0,0
0.52,0.64,0.086355,1,0,0
0.54,0.64,0.074851,1,0,0
0.56,0.64,0.050429,1,0,0
0.58,0.64,0.039006,1,0,0
0.6,0.64,0.038229,1,0,0
0.62,0.64,0.061373,1,0,0
0.64,0.64,0.067823,1,0,0
0.66,0.64,0.05793,1,0,0
0.68,0.64,0.064999,1,0,0
0.7,0.64,0.061292,1,0,0
0.72,0.64,0.07424,1,0,0
0.74,0.64,0.078502,1,0,0
0.76,0.64,0.061679,1,0,0
0.78,0.64,0.06401,1,0,0
0.8,0.64,0.051534,1,0,0
0.82,0.64,0.052193,1,0,0
0.84,0.64,0.029679,1,0,0
0.86,0.64,0.0065412,1,0,0
0.88,0.64,0.036538,1,0,0
0.9,0.64,0.057656,1,0,0
0.92,0.64,0.071768,1,0,0
0.94,0.64,0.075652,1,0,0
0.96,0.64,0.098326,1,0,0
0.98,0.64,0.093313,1,0,0
0.02,0.66,0.07872,1,0,0
0.04,0.66,0.092493,1,0,0
0.06,0.66,0.091177,1,0,0
0.08,0.66,0.083829,1,0,0
0.1,0.66,0.088204,1,0,0
0.12,0.66,0.080929,1,0,0
0.14,0.66,0.10221,1,0,0
0.16,0.66,0.091413,1,0,0
0.18,0.66,0.084928,1,0,0
0.2,0.66,0.045771,1,0,0
0.22,0.66,0.035443,1,0,0
0.24,0.66,0.030653,1,0,0
0.26,0.66,0.042611,1,0,0
0.28,0.66,0.034631,1,0,0
0.3,0.66,0.047215,1,0,0
0.32,0.66,0.071186,1,0,0
0.34,0.66,0.07334,1,0,0
0.36,0.66,0.082883,1,0,0
0.38,0.66,0.10858,1,0,0
0.4,0.66,0.097383,1,0,0
0.42,0.66,0.083669,1,0,0
0.44,0.66,0.10309,1,0,0
0.46,0.66,0.11776,1,0,0
0.48,0.66,0.11029,1,0,0
0.5,0.66,0.098425,1,0,0
0.52,0.66,0.084462,1,0,0
0.54,0.66,0.068315,1,0,0
0.56,0.66,0.043146,1,0,0
0.58,0.66,0.027527,1,0,0
0.6,0.66,0.027072,1,0,0
0.62,0.66,0.033909,1,0,0
0.64,0.66,0.048765,1,0,0
0.66,0.66,0.078663,1,0,0
0.68,0.66,0.077291,1,0,0
0.7,0.66,0.067262,1,0,0
0.72,0.66,0.069104,1,0,0
0.74,0.66,0.074847,1,0,0
0.76,0.66,0.069046,1,0,0
0.78,0.66,0.066039,1,0,0
0.8,0.66,0.07164,1,0,0
0.82,0.66,0.068676,1,0,0
0.84,0.66,0.043114,1,0,0
0.86,0.66,0.028542,1,0,0
0.88,0.66,0.011009,1,0,0
0.9,0.66,0.050721,1,0,0
0.92,0.66,0.078345,1,0,0
0.94,0.66,0.087795,1,0,0
0.96,0.66,0.077702,1,0,0
0.98,0.66,0.087148,1,0,0
0.02,0.68,0.10396,1,0,0
0.04,0.68,0.094963,1,0,0
0.06,0.68,0.091897,1,0,0
0.08,0.68,0.097636,1,0,0
0.1,0.68,0.10089,1,0,0
0.12,0.68,0.094148,1,0,0
0.14,0.68,0.082028,1,0,0
0.16,0.68,0.077123,1,0,0
0.18,0.68,0.06686,1,0,0
0.2,0.68,0.047411,1,0,0
0.22,0.68,0.039203,1,0,0
0.24,0.68,0.031291,1,0,0
0.26,0.68,0.020144,1,0,0
0.28,0.68,0.037758,1,0,0
0.3,0.68,0.04407,1,0,0
0.32,0.68,0.062478,1,0,0
0.34,0.68,0.071132,1,0,0
0.36,0.68,0.10079,1,0,0
0.38,0.68,0.12301,1,0,0
0.4,0.68,0.11259,1,0,0
0.42,0.68,0.10173,1,0,0
0.44,0.68,0.09684,1,0,0
0.46,0.68,0.080738,1,0,0
0.48,0.68,0.089971,1,0,0
0.5,0.68,0.096865,1,0,0
0.52,0.68,0.059563,1,0,0
0.54,0.68,0.02381,1,0,0
0.56,0.68,0.03078,1,0,0
0.58,0.68,0.018616,1,0,0
0.6,0.68,0.029721,1,0,0
0.62,0.68,0.044413,1,0,0
0.64,0.68,0.044907,1,0,0
0.66,0.68,0.05503,1,0,0
0.68,0.68,0.065247,1,0,0
0.7,0.68,0.065828,1,0,0
0.72,0.68,0.059808,1,0,0
0.74,0.68,0.070618,1,0,0
0.76,0.68,0.07102,1,0,0
0.78,0.68,0.069405,1,0,0
0.8,0.68,0.07676,1,0,0
0.82,0.68,0.067928,1,0,0
0.84,0.68,0.047827,1,0,0
0.86,0.68,0.019825,1,0,0
0.88,0.68,0.0086103,1,0,0
0.9,0.68,0.029883,1,0,0
0.92,0.68,0.063381,1,0,0
0.94,0.68,0.06729,1,0,0
0.96,0.68,0.059777,1,0,0
0.98,0.68,0.060091,1,0,0
0.02,0.7,0.086654,1,0,0
0.04,0.7,0.090802,1,0,0
0.06,0.7,0.10307,1,0,0
0.08,0.7,0.088172,1,0,0
0.1,0.7,0.099861,1,0,0
0.12,0.7,0.10865,1,0,0
0.14,0.7,0.099965,1,0,0
0.16,0.7,0.074055,1,0,0
0.18,0.7,0.065242,1,0,0
0.2,0.7,0.075164,1,0,0
0.22,0.7,0.021678,1,0,0
0.24,0.7,0.013381,1,0,0
0.26,0.7,0.0081244,1,0,0
0.28,0.7,0.036053,1,0,0
0.3,0.7,0.033016,1,0,0
0.32,0.7,0.053931,1,0,0
0.34,0.7,0.069927,1,0,0
0.36,0.7,0.089916,1,0,0
0.38,0.7,0.1097,1,0,0
0.4,0.7,0.12343,1,0,0
0.42,0.7,0.10149,1,0,0
0.44,0.7,0.095232,1,0,0
0.46,0.7,0.069064,1,0,0
0.48,0.7,0.087833,1,0,0
0.5,0.7,0.06343,1,0,0
0.52,0.7,0.042251,1,0,0
0.54,0.7,0.024048,1,0,0
0.56,0.7,0.046744,1,0,0
0.58,0.7,0.039291,1,0,0
0.6,0.7,0.017898,1,0,0
0.62,0.7,0.023841,1,0,0
0.64,0.7,0.050671,1,0,0
0.66,0.7,0.050148,1,0,0
0.68,0.7,0.075793,1,0,0
0.7,0.7,0.06512,1,0,0
0.72,0.7,0.079673,1,0,0
0.74,0.7,0.087261,1,0,0
0.76,0.7,0.070425,1,0,0
0.78,0.7,0.089173,1,0,0
0.8,0.7,0.08796,1,0,0
0.82,0.7,0.059319,1,0,0
0.84,0.7,0.045513,1,0,0
0.86,0.7,0.033855,1,0,0
0.88,0.7,0.024887,1,0,0
0.9,0.7,0.01561,1,0,0
0.92,0.7,0.064685,1,0,0
0.94,0.7,0.051631,1,0,0
0.96,0.7,0.051439,1,0,0
0.98,0.7,0.04826,1,0,0
0.02,0.72,0.085198,1,0,0
0.04,0.72,0.071398,1,0,0
0.06,0.72,0.088056,1,0,0
0.08,0.72,0.092368,1,0,0
0.1,0.72,0.11467,1,0,0
0.12,0.72,0.13568,1,0,0
0.14,0.72,0.1373,1,0,0
0.16,0.72,0.075801,1,0,0
0.18,0.72,0.069733,1,0,0
0.2,0.72,0.070375,1,0,0
0.22,0.72,0.039672,1,0,0
0.24,0.72,0.02094,1,0,0
0.26,0.72,0.0026961,1,0,0
0.28,0.72,0.032936,1,0,0
0.3,0.72,0.02433,1,0,0
0.32,0.72,0.044642,1,0,0
0.34,0.72,0.048843,1,0,0
0.36,0.72,0.075464,1,0,0
0.38,0.72,0.078892,1,0,0
0.4,0.72,0.10924,1,0,0
0.42,0.72,0.085413,1,0,0
0.44,0.72,0.091992,1,0,0
0.46,0.72,0.067734,1,0,0
0.48,0.72,0.08551,1,0,0
0.5,0.72,0.062877,1,0,0
0.52,0.72,0.042384,1,0,0
0.54,0.72,0.033146,1,0,0
0.56,0.72,0.059125,1,0,0
0.58,0.72,0.022529,1,0,0
0.6,0.72,-0.0021786,1,0,0
0.62,0.72,0.0080246,1,0,0
0.64,0.72,0.037482,1,0,0
0.66,0.72,0.030687,1,0,0
0.68,0.72,0.059947,1,0,0
0.7,0.72,0.060436,1,0,0
0.72,0.72,0.09408,1,0,0
0.74,0.72,0.10076,1,0,0
0.76,0.72,0.089566,1,0,0
0.78,0.72,0.064707,1,0,0
0.8,0.72,0.061935,1,0,0
0.82,0.72,0.040646,1,0,0
0.84,0.72,0.036711,1,0,0
0.86,0.72,0.045991,1,0,0
0.88,0.72,0.024011,1,0,0
0.9,0.72,0.015929,1,0,0
0.92,0.72,0.032663,1,0,0
0.94,0.72,0.029931,1,0,0
0.96,0.72,0.024937,1,0,0
0.98,0.72,0.040088,1,0,0
0.02,0.74,0.11168,1,0,0
0.04,0.74,0.1138,1,0,0
0.06,0.74,0.10166,1,0,0
0.08,0.74,0.12865,1,0,0
0.1,0.74,0.1335,1,0,0
0.12,0.74,0.14155,1,0,0
0.14,0.74,0.11816,1,0,0
0.16,0.74,0.10907,1,0,0
0.18,0.74,0.082862,1,0,0
0.2,0.74,0.067632,1,0,0
0.22,0.74,0.060883,1,0,0
0.24,0.74,0.036144,1,0,0
0.26,0.74,0.028166,1,0,0
0.28,0.74,0.032605,1,0,0
0.3,0.74,0.041864,1,0,0
0.32,0.74,0.057279,1,0,0
0.34,0.74,0.052321,1,0,0
0.36,0.74,0.063948,1,0,0
0.38,0.74,0.083804,1,0,0
0.4,0.74,0.095646,1,0,0
0.42,0.74,0.090227,1,0,0
0.44,0.74,0.094371,1,0,0
0.46,0.74,0.078576,1,0,0
0.48,0.74,0.068932,1,0,0
0.5,0.74,0.044955,1,0,0
0.52,0.74,0.061179,1,0,0
0.54,0.74,0.057231,1,0,0
0.56,0.74,0.087202,1,0,0
0.58,0.74,0.047392,1,0,0
0.6,0.74,0.022179,1,0,0
0.62,0.74,0.015033,1,0,0
0.64,0.74,0.028962,1,0,0
0.66,0.74,0.04501,1,0,0
0.68,0.74,0.08352,1,0,0
0.7,0.74,0.067513,1,0,0
0.72,0.74,0.076866,1,0,0
0.74,0.74,0.11595,1,0,0
0.76,0.74,0.11331,1,0,0
0.78,0.74,0.067061,1,0,0
0.8,0.74,0.060594,1,0,0
0.82,0.74,0.043736,1,0,0
0.84,0.74,0.060614,1,0,0
0.86,0.74,0.03927,1,0,0
0.88,0.74,0.030432,1,0,0
0.9,0.74,0.039244,1,0,0
0.92,0.74,0.03322,1,0,0
0.94,0.74,0.049858,1,0,0
0.96,0.74,0.066595,1,0,0
0.98,0.74,0.063324,1,0,0
0.02,0.76,0.11063,1,0,0
0.04,0.76,0.11557,1,0,0
0.06,0.76,0.10473,1,0,0
0.08,0.76,0.13356,1,0,0
0.1,0.76,0.14744,1,0,0
0.12,0.76,0.13026,1,0,0
0.14,0.76,0.10578,1,0,0
0.16,0.76,0.072523,1,0,0
0.18,0.76,0.080874,1,0,0
0.2,0.76,0.072289,1,0,0
0.22,0.76,0.055728,1,0,0
0.24,0.76,0.041022,1,0,0
0.26,0.76,0.024295,1,0,0
0.28,0.76,0.034154,1,0,0
0.3,0.76,0.049161,1,0,0
0.32,0.76,0.063954,1,0,0
0.34,0.76,0.072799,1,0,0
0.36,0.76,0.053063,1,0,0
0.38,0.76,0.085364,1,0,0
0.4,0.76,0.092885,1,0,0
0.42,0.76,0.054095,1,0,0
0.44,0.76,0.052119,1,0,0
0.46,0.76,0.055767,1,0,0
0.48,0.76,0.045277,1,0,0
0.5,0.76,0.048585,1,0,0
0.52,0.76,0.062333,1,0,0
0.54,0.76,0.066306,1,0,0
0.56,0.76,0.059841,1,0,0
0.58,0.76,0.064308,1,0,0
0.6,0.76,0.050415,1,0,0
0.62,0.76,0.01977,1,0,0
0.64,0.76,0.03192,1,0,0
0.66,0.76,0.042292,1,0,0
0.68,0.76,0.063953,1,0,0
0.7,0.76,0.05469,1,0,0
0.72,0.76,0.076402,1,0,0
0.74,0.76,0.085608,1,0,0
0.76,0.76,0.093637,1,0,0
0.78,0.76,0.067485,1,0,0
0.8,0.76,0.046366,1,0,0
0.82,0.76,0.048638,1,0,0
0.84,0.76,0.048446,1,0,0
0.86,0.76,0.040452,1,0,0
0.88,0.76,0.035809,1,0,0
0.9,0.76,0.039747,1,0,0
0.92,0.76,0.061459,1,0,0
0.94,0.76,0.051453,1,0,0
0.96,0.76,0.060685,1,0,0
0.98,0.76,0.081559,1,0,0
0.02,0.78,0.07313,1,0,0
0.04,0.78,0.11686,1,0,0
0.06,0.78,0.10233,1,0,0
0.08,0.78,0.11092,1,0,0
0.1,0.78,0.14317,1,0,0
0.12,0.78,0.10317,1,0,0
0.14,0.78,0.10247,1,0,0
0.16,0.78,0.088975,1,0,0
0.18,0.78,0.061284,1,0,0
0.2,0.78,0.059158,1,0,0
0.22,0.78,0.05868,1,0,0
0.24,0.78,0.024892,1,0,0
0.26,0.78,0.024152,1,0,0
0.28,0.78,0.052627,1,0,0
0.3,0.78,0.065901,1,0,0
0.32,0.78,0.065551,1,0,0
0.34,0.78,0.067918,1,0,0
0.36,0.78,0.057327,1,0,0
0.38,0.78,0.063057,1,0,0
0.4,0.78,0.046159,1,0,0
0.42,0.78,0.037004,1,0,0
0.44,0.78,0.029053,1,0,0
0.46,0.78,0.039186,1,0,0
0.48,0.78,0.048364,1,0,0
0.5,0.78,0.055645,1,0,0
0.52,0.78,0.054424,1,0,0
0.54,0.78,0.054726,1,0,0
0.56,0.78,0.057123,1,0,0
0.58,0.78,0.055109,1,0,0
0.6,0.78,-0.0016014,1,0,0
0.62,0.78,-0.004762,1,0,0
0.64,0.78,0.023403,1,0,0
0.66,0.78,0.01647,1,0,0
0.68,0.78,0.04468,1,0,0
0.7,0.78,0.052292,1,0,0
0.72,0.78,0.068924,1,0,0
0.74,0.78,0.071837,1,0,0
0.76,0.78,0.055978,1,0,0
0.78,0.78,0.059159,1,0,0
0.8,0.78,0.033355,1,0,0
0.82,0.78,0.03101,1,0,0
0.84,0.78,0.044525,1,0,0
0.86,0.78,0.020718,1,0,0
0.88,0.78,0.031542,1,0,0
0.9,0.78,0.044303,1,0,0
0.92,0.78,0.044346,1,0,0
0.94,0.78,0.048016,1,0,0
0.96,0.78,0.065831,1,0,0
0.98,0.78,0.043573,1,0,0
0.02,0.8,0.062475,1,0,0
0.04,0.8,0.092363,1,0,0
0.06,0.8,0.083417,1,0,0
0.08,0.8,0.096949,1,0,0
0.1,0.8,0.073286,1,0,0
0.12,0.8,0.099538,1,0,0
0.14,0.8,0.099386,1,0,0
0.16,0.8,0.082421,1,0,0
0.18,0.8,0.05594,1,0,0
0.2,0.8,0.064809,1,0,0
0.22,0.8,0.046579,1,0,0
0.24,0.8,0.023488,1,0,0
0.26,0.8,0.042159,1,0,0
0.28,0.8,0.063859,1,0,0
0.3,0.8,0.048672,1,0,0
0.32,0.8,0.047247,1,0,0
0.34,0.8,0.061936,1,0,0
0.36,0.8,0.042628,1,0,0
0.38,0.8,0.051449,1,0,0
0.4,0.8,0.042,1,0,0
0.42,0.8,0.036916,1,0,0
0.44,0.8,0.025234,1,0,0
0.46,0.8,0.040222,1,0,0
0.48,0.8,0.039555,1,0,0
0.5,0.8,0.041252,1,0,0
0.52,0.8,0.036611,1,0,0
0.54,0.8,0.034359,1,0,0
0.56,0.8,0.048216,1,0,0
0.58,0.8,0.038237,1,0,0
0.6,0.8,0.0073883,1,0,0
0.62,0.8,-0.01668,1,0,0
0.64,0.8,0.0058824,1,0,0
0.66,0.8,0.011644,1,0,0
0.68,0.8,-0.0024164,1,0,0
0.7,0.8,0.048354,1,0,0
0.72,0.8,0.080357,1,0,0
0.74,0.8,0.067123,1,0,0
0.76,0.8,0.060201,1,0,0
0.78,0.8,0.054168,1,0,0
0.8,0.8,0.050396,1,0,0
0.82,0.8,0.030743,1,0,0
0.84,0.8,0.046147,1,0,0
0.86,0.8,0.029202,1,0,0
0.88,0.8,0.026691,1,0,0
0.9,0.8,0.012595,1,0,0
0.92,0.8,0.050844,1,0,0
0.94,0.8,0.050754,1,0,0
0.96,0.8,0.051209,1,0,0
0.98,0.8,0.056911,1,0,0
0.02,0.82,0.067487,1,0,0
0.04,0.82,0.086259,1,0,0
0.06,0.82,0.082216,1,0,0
0.08,0.82,0.075897,1,0,0
0.1,0.82,0.094644,1,0,0
0.12,0.82,0.086115,1,0,0
0.14,0.82,0.11674,1,0,0
0.16,0.82,0.12779,1,0,0
0.18,0.82,0.088935,1,0,0
0.2,0.82,0.073983,1,0,0
0.22,0.82,0.063354,1,0,0
0.24,0.82,0.043037,1,0,0
0.26,0.82,0.062247,1,0,0
0.28,0.82,0.094868,1,0,0
0.3,0.82,0.068747,1,0,0
0.32,0.82,0.080131,1,0,0
0.34,0.82,0.071239,1,0,0
0.36,0.82,0.062859,1,0,0
0.38,0.82,0.060603,1,0,0
0.4,0.82,0.063986,1,0,0
0.42,0.82,0.05484,1,0,0
0.44,0.82,0.054993,1,0,0
0.46,0.82,0.039241,1,0,0
0.48,0.82,0.037453,1,0,0
0.5,0.82,0.028798,1,0,0
0.52,0.82,0.031735,1,0,0
0.54,0.82,0.040371,1,0,0
0.56,0.82,0.051057,1,0,0
0.58,0.82,0.056053,1,0,0
0.6,0.82,0.038918,1,0,0
0.62,0.82,0.0097451,1,0,0
0.64,0.82,0.0031461,1,0,0
0.66,0.82,-0.005821,1,0,0
0.68,0.82,0.027557,1,0,0
0.7,0.82,0.034748,1,0,0
0.72,0.82,0.07023,1,0,0
0.74,0.82,0.062863,1,0,0
0.76,0.82,0.063023,1,0,0
0.78,0.82,0.056008,1,0,0
0.8,0.82,0.057972,1,0,0
0.82,0.82,0.062313,1,0,0
0.84,0.82,0.073576,1,0,0
0.86,0.82,0.035928,1,0,0
0.88,0.82,0.038531,1,0,0
0.9,0.82,0.048374,1,0,0
0.92,0.82,0.048837,1,0,0
0.94,0.82,0.069715,1,0,0
0.96,0.82,0.068038,1,0,0
0.98,0.82,0.072556,1,0,0
0.02,0.84,0.062212,1,0,0
0.04,0.84,0.072328,1,0,0
0.06,0.84,0.066251,1,0,0
0.08,0.84,0.094422,1,0,0
0.1,0.84,0.11791,1,0,0
0.12,0.84,0.11078,1,0,0
0.14,0.84,0.14386,1,0,0
0.16,0.84,0.13682,1,0,0
0.18,0.84,0.10772,1,0,0
0.2,0.84,0.07468,1,0,0
0.22,0.84,0.052909,1,0,0
0.24,0.84,0.054019,1,0,0
0.26,0.84,0.066361,1,0,0
0.28,0.84,0.095381,1,0,0
0.3,0.84,0.10371,1,0,0
0.32,0.84,0.10454,1,0,0
0.34,0.84,0.091928,1,0,0
0.36,0.84,0.075815,1,0,0
0.38,0.84,0.066518,1,0,0
0.4,0.84,0.066022,1,0,0
0.42,0.84,0.039375,1,0,0
0.44,0.84,0.057462,1,0,0
0.46,0.84,0.033009,1,0,0
0.48,0.84,0.057945,1,0,0
0.5,0.84,0.033807,1,0,0
0.52,0.84,0.045237,1,0,0
0.54,0.84,0.045085,1,0,0
0.56,0.84,0.047729,1,0,0
0.58,0.84,0.046406,1,0,0
0.6,0.84,0.056352,1,0,0
0.62,0.84,0.017441,1,0,0
0.64,0.84,0.011743,1,0,0
0.66,0.84,-0.0024005,1,0,0
0.68,0.84,0.041342,1,0,0
0.7,0.84,0.04694,1,0,0
0.72,0.84,0.067152,1,0,0
0.74,0.84,0.065363,1,0,0
0.76,0.84,0.064472,1,0,0
0.78,0.84,0.053977,1,0,0
0.8,0.84,0.052712,1,0,0
0.82,0.84,0.086588,1,0,0
0.84,0.84,0.074215,1,0,0
0.86,0.84,0.057305,1,0,0
0.88,0.84,0.081598,1,0,0
0.9,0.84,0.081855,1,0,0
0.92,0.84,0.086248,1,0,0
0.94,0.84,0.065854,1,0,0
0.96,0.84,0.074372,1,0,0
0.98,0.84,0.10408,1,0,0
0.02,0.86,0.076373,1,0,0
0.04,0.86,0.098623,1,0,0
0.06,0.86,0.089795,1,0,0
0.08,0.86,0.087115,1,0,0
0.1,0.86,0.10522,1,0,0
0.12,0.86,0.13389,1,0,0
0.14,0.86,0.1446,1,0,0
0.16,0.86,0.14694,1,0,0
0.18,0.86,0.13187,1,0,0
0.2,0.86,0.10812,1,0,0
0.22,0.86,0.084062,1,0,0
0.24,0.86,0.072998,1,0,0
0.26,0.86,0.081458,1,0,0
0.28,0.86,0.089272,1,0,0
0.3,0.86,0.094234,1,0,0
0.32,0.86,0.12165,1,0,0
0.34,0.86,0.091724,1,0,0
0.36,0.86,0.075921,1,0,0
0.38,0.86,0.075382,1,0,0
0.4,0.86,0.068339,1,0,0
0.42,0.86,0.054403,1,0,0
0.44,0.86,0.061965,1,0,0
0.46,0.86,0.04531,1,0,0
0.48,0.86,0.042988,1,0,0
0.5,0.86,0.025964,1,0,0
0.52,0.86,0.038401,1,0,0
0.54,0.86,0.050799,1,0,0
0.56,0.86,0.071369,1,0,0
0.58,0.86,0.048145,1,0,0
0.6,0.86,0.061031,1,0,0
0.62,0.86,0.055182,1,0,0
0.64,0.86,0.042179,1,0,0
0.66,0.86,0.019216,1,0,0
0.68,0.86,0.039522,1,0,0
0.7,0.86,0.03064,1,0,0
0.72,0.86,0.052879,1,0,0
0.74,0.86,0.060612,1,0,0
0.76,0.86,0.049433,1,0,0
0.78,0.86,0.063085,1,0,0
0.8,0.86,0.094807,1,0,0
0.82,0.86,0.09449,1,0,0
0.84,0.86,0.10087,1,0,0
0.86,0.86,0.081723,1,0,0
0.88,0.86,0.087634,1,0,0
0.9,0.86,0.10389,1,0,0
0.92,0.86,0.10154,1,0,0
0.94,0.86,0.10351,1,0,0
0.96,0.86,0.11008,1,0,0
0.98,0.86,0.14308,1,0,0
0.02,0.88,0.099691,1,0,0
0.04,0.88,0.10642,1,0,0
0.06,0.88,0.11246,1,0,0
0.08,0.88,0.099548,1,0,0
0.1,0.88,0.11529,1,0,0
0.12,0.88,0.14053,1,0,0
0.14,0.88,0.16589,1,0,0
0.16,0.88,0.15777,1,0,0
0.18,0.88,0.15673,1,0,0
0.2,0.88,0.12133,1,0,0
0.22,0.88,0.1,1,0,0
0.24,0.88,0.097356,1,0,0
0.26,0.88,0.08833,1,0,0
0.28,0.88,0.089137,1,0,0
0.3,0.88,0.095697,1,0,0
0.32,0.88,0.11833,1,0,0
0.34,0.88,0.10595,1,0,0
0.36,0.88,0.10377,1,0,0
0.38,0.88,0.074256,1,0,0
0.4,0.88,0.052446,1,0,0
0.42,0.88,0.067064,1,0,0
0.44,0.88,0.074451,1,0,0
0.46,0.88,0.040315,1,0,0
0.48,0.88,0.038955,1,0,0
0.5,0.88,0.036429,1,0,0
0.52,0.88,0.027791,1,0,0
0.54,0.88,0.054013,1,0,0
0.56,0.88,0.07489,1,0,0
0.58,0.88,0.04909,1,0,0
0.6,0.88,0.036912,1,0,0
0.62,0.88,0.055461,1,0,0
0.64,0.88,0.056412,1,0,0
0.66,0.88,0.041041,1,0,0
0.68,0.88,0.041009,1,0,0
0.7,0.88,0.035538,1,0,0
0.72,0.88,0.045683,1,0,0
0.74,0.88,0.066896,1,0,0
0.76,0.88,0.065703,1,0,0
0.78,0.88,0.073506,1,0,0
0.8,0.88,0.09984,1,0,0
0.82,0.88,0.099605,1,0,0
0.84,0.88,0.091674,1,0,0
0.86,0.88,0.10251,1,0,0
0.88,0.88,0.094118,1,0,0
0.9,0.88,0.094047,1,0,0
0.92,0.88,0.1138,1,0,0
0.94,0.88,0.13883,1,0,0
0.96,0.88,0.14465,1,0,0
0.98,0.88,0.17389,1,0,0
0.02,0.9,0.0764,1,0,0
0.04,0.9,0.072241,1,0,0
0.06,0.9,0.10427,1,0,0
0.08,0.9,0.10272,1,0,0
0.1,0.9,0.11574,1,0,0
0.12,0.9,0.14739,1,0,0
0.14,0.9,0.15834,1,0,0
0.16,0.9,0.14617,1,0,0
0.18,0.9,0.1476,1,0,0
0.2,0.9,0.13638,1,0,0
0.22,0.9,0.10689,1,0,0
0.24,0.9,0.098034,1,0,0
0.26,0.9,0.08616,1,0,0
0.28,0.9,0.09224,1,0,0
0.3,0.9,0.10107,1,0,0
0.32,0.9,0.097825,1,0,0
0.34,0.9,0.10642,1,0,0
0.36,0.9,0.059822,1,0,0
0.38,0.9,0.051393,1,0,0
0.4,0.9,0.038116,1,0,0
0.42,0.9,0.054274,1,0,0
0.44,0.9,0.074992,1,0,0
0.46,0.9,0.03791,1,0,0
0.48,0.9,0.045515,1,0,0
0.5,0.9,0.059601,1,0,0
0.52,0.9,0.046488,1,0,0
0.54,0.9,0.042704,1,0,0
0.56,0.9,0.040808,1,0,0
0.58,0.9,0.029404,1,0,0
0.6,0.9,0.010988,1,0,0
0.62,0.9,0.032259,1,0,0
0.64,0.9,0.032646,1,0,0
0.66,0.9,0.045724,1,0,0
0.68,0.9,0.053106,1,0,0
0.7,0.9,0.057553,1,0,0
0.72,0.9,0.072308,1,0,0
0.74,0.9,0.092068,1,0,0
0.76,0.9,0.05544,1,0,0
0.78,0.9,0.099848,1,0,0
0.8,0.9,0.10103,1,0,0
0.82,0.9,0.096215,1,0,0
0.84,0.9,0.096862,1,0,0
0.86,0.9,0.1139,1,0,0
0.88,0.9,0.10865,1,0,0
0.9,0.9,0.096007,1,0,0
0.92,0.9,0.15929,1,0,0
0.94,0.9,0.13575,1,0,0
0.96,0.9,0.13926,1,0,0
0.98,0.9,0.16038,1,0,0
0.02,0.92,0.098272,1,0,0
0.04,0.92,0.090451,1,0,0
0.06,0.92,0.098865,1,0,0
0.08,0.92,0.11305,1,0,0
0.1,0.92,0.12862,1,0,0
0.12,0.92,0.13761,1,0,0
0.14,0.92,0.15876,1,0,0
0.16,0.92,0.15343,1,0,0
0.18,0.92,0.15162,1,0,0
0.2,0.92,0.13223,1,0,0
0.22,0.92,0.12206,1,0,0
0.24,0.92,0.12337,1,0,0
0.26,0.92,0.10048,1,0,0
0.28,0.92,0.1082,1,0,0
0.3,0.92,0.11571,1,0,0
0.32,0.92,0.10652,1,0,0
0.34,0.92,0.081856,1,0,0
0.36,0.92,0.080273,1,0,0
0.38,0.92,0.071513,1,0,0
0.4,0.92,0.052461,1,0,0
0.42,0.92,0.076692,1,0,0
0.44,0.92,0.07012,1,0,0
0.46,0.92,0.057784,1,0,0
0.48,0.92,0.047711,1,0,0
0.5,0.92,0.053465,1,0,0
0.52,0.92,0.031866,1,0,0
0.54,0.92,0.041623,1,0,0
0.56,0.92,0.036376,1,0,0
0.58,0.92,0.032083,1,0,0
0.6,0.92,0.0067199,1,0,0
0.62,0.92,0.025094,1,0,0
0.64,0.92,0.022455,1,0,0
0.66,0.92,0.026133,1,0,0
0.68,0.92,0.071113,1,0,0
0.7,0.92,0.072524,1,0,0
0.72,0.92,0.084927,1,0,0
0.74,0.92,0.12134,1,0,0
0.76,0.92,0.10379,1,0,0
0.78,0.92,0.10264,1,0,0
0.8,0.92,0.1204,1,0,0
0.82,0.92,0.1081,1,0,0
0.84,0.92,0.10438,1,0,0
0.86,0.92,0.10939,1,0,0
0.88,0.92,0.12267,1,0,0
0.9,0.92,0.13074,1,0,0
0.92,0.92,0.14713,1,0,0
0.94,0.92,0.14203,1,0,0
0.96,0.92,0.154,1,0,0
0.98,0.92,0.17972,1,0,0
0.02,0.94,0.11503,1,0,0
0.04,0.94,0.11966,1,0,0
0.06,0.94,0.11318,1,0,0
0.08,0.94,0.10706,1,0,0
0.1,0.94,0.10771,1,0,0
0.12,0.94,0.13411,1,0,0
0.14,0.94,0.14153,1,0,0
0.16,0.94,0.11803,1,0,0
0.18,0.94,0.14172,1,0,0
0.2,0.94,0.11421,1,0,0
0.22,0.94,0.12555,1,0,0
0.24,0.94,0.12305,1,0,0
0.26,0.94,0.12332,1,0,0
0.28,0.94,0.12898,1,0,0
0.3,0.94,0.1225,1,0,0
0.32,0.94,0.11733,1,0,0
0.34,0.94,0.093294,1,0,0
0.36,0.94,0.080705,1,0,0
0.38,0.94,0.090538,1,0,0
0.4,0.94,0.096183,1,0,0
0.42,0.94,0.073727,1,0,0
0.44,0.94,0.074992,1,0,0
0.46,0.94,0.057752,1,0,0
0.48,0.94,0.038854,1,0,0
0.5,0.94,0.026748,1,0,0
0.52,0.94,0.023208,1,0,0
0.54,0.94,0.027002,1,0,0
0.56,0.94,0.046906,1,0,0
0.58,0.94,0.025509,1,0,0
0.6,0.94,0.028623,1,0,0
0.62,0.94,0.034605,1,0,0
0.64,0.94,0.031799,1,0,0
0.66,0.94,0.038979,1,0,0
0.68,0.94,0.067173,1,0,0
0.7,0.94,0.08296,1,0,0
0.72,0.94,0.11649,1,0,0
0.74,0.94,0.12962,1,0,0
0.76,0.94,0.1057,1,0,0
0.78,0.94,0.10032,1,0,0
0.8,0.94,0.13018,1,0,0
0.82,0.94,0.1249,1,0,0
0.84,0.94,0.12757,1,0,0
0.86,0.94,0.14045,1,0,0
0.88,0.94,0.1356,1,0,0
0.9,0.94,0.1566,1,0,0
0.92,0.94,0.16696,1,0,0
0.94,0.94,0.16755,1,0,0
0.96,0.94,0.1562,1,0,0
0.98,0.94,0.17505,1,0,0
0.02,0.96,0.079793,1,0,0
0.04,0.96,0.1096,1,0,0
0.06,0.96,0.094836,1,0,0
0.08,0.96,0.089098,1,0,0
0.1,0.96,0.10095,1,0,0
0.12,0.96,0.10504,1,0,0
0.14,0.96,0.10741,1,0,0
0.16,0.96,0.11726,1,0,0
0.18,0.96,0.11,1,0,0
0.2,0.96,0.098129,1,0,0
0.22,0.96,0.090859,1,0,0
0.24,0.96,0.10623,1,0,0
0.26,0.96,0.12562,1,0,0
0.28,0.96,0.12415,1,0,0
0.3,0.96,0.11515,1,0,0
0.32,0.96,0.10241,1,0,0
0.34,0.96,0.10483,1,0,0
0.36,0.96,0.081052,1,0,0
0.38,0.96,0.08722,1,0,0
0.4,0.96,0.084137,1,0,0
0.42,0.96,0.058069,1,0,0
0.44,0.96,0.061766,1,0,0
0.46,0.96,0.046791,1,0,0
0.48,0.96,0.061734,1,0,0
0.5,0.96,0.018078,1,0,0
0.52,0.96,0.029898,1,0,0
0.54,0.96,0.017498,1,0,0
0.56,0.96,0.028909,1,0,0
0.58,0.96,0.018097,1,0,0
0.6,0.96,-0.0020869,1,0,0
0.62,0.96,-0.0045073,1,0,0
0.64,0.96,0.028351,1,0,0
0.66,0.96,0.034728,1,0,0
0.68,0.96,0.086736,1,0,0
0.7,0.96,0.090641,1,0,0
0.72,0.96,0.11621,1,0,0
0.74,0.96,0.12069,1,0,0
0.76,0.96,0.10351,1,0,0
0.78,0.96,0.096988,1,0,0
0.8,0.96,0.099115,1,0,0
0.82,0.96,0.11361,1,0,0
0.84,0.96,0.14173,1,0,0
0.86,0.96,0.1412,1,0,0
0.88,0.96,0.1521,1,0,0
0.9,0.96,0.167,1,0,0
0.92,0.96,0.18174,1,0,0
0.94,0.96,0.16753,1,0,0
0.96,0.96,0.15654,1,0,0
0.98,0.96,0.13625,1,0,0
0.02,0.98,0.080987,1,0,0
0.04,0.98,0.081572,1,0,0
0.06,0.98,0.06708,1,0,0
0.08,0.98,0.079603,1,0,0
0.1,0.98,0.097713,1,0,0
0.12,0.98,0.080427,1,0,0
0.14,0.98,0.092463,1,0,0
0.16,0.98,0.10209,1,0,0
0.18,0.98,0.11999,1,0,0
0.2,0.98,0.13512,1,0,0
0.22,0.98,0.12993,1,0,0
0.24,0.98,0.12226,1,0,0
0.26,0.98,0.092829,1,0,0
0.28,0.98,0.12193,1,0,0
0.3,0.98,0.087953,1,0,0
0.32,0.98,0.080467,1,0,0
0.34,0.98,0.094011,1,0,0
0.36,0.98,0.090762,1,0,0
0.38,0.98,0.10466,1,0,0
0.4,0.98,0.11729,1,0,0
0.42,0.98,0.085639,1,0,0
0.44,0.98,0.066015,1,0,0
0.46,0.98,0.05093,1,0,0
0.48,0.98,0.064049,1,0,0
0.5,0.98,0.06097,1,0,0
0.52,0.98,0.03174,1,0,0
0.54,0.98,0.012268,1,0,0
0.56,0.98,0.016071,1,0,0
0.58,0.98,0.02181,1,0,0
0.6,0.98,0.019667,1,0,0
0.62,0.98,0.0096761,1,0,0
0.64,0.98,0.034345,1,0,0
0.66,0.98,0.027287,1,0,0
0.68,0.98,0.072721,1,0,0
0.7,0.98,0.077021,1,0,0
0.72,0.98,0.10683,1,0,0
0.74,0.98,0.089264,1,0,0
0.76,0.98,0.11557,1,0,0
0.78,0.98,0.11005,1,0,0
0.8,0.98,0.1173,1,0,0
0.82,0.98,0.13744,1,0,0
0.84,0.98,0.1489,1,0,0
0.86,0.98,0.12801,1,0,0
0.88,0.98,0.14322,1,0,0
0.9,0.98,0.15959,1,0,0
0.92,0.98,0.17674,1,0,0
0.94,0.98,0.16097,1,0,0
0.96,0.98,0.14492,1,0,0
0.98,0.98,0.13708,1,0,0
0,0,0.096823,-1,0,0
0.02,0,0.096823,-1,0,0
0.04,0,0.088977,-1,0,0
0.06,0,0.061246,-1,0,0
0.08,0,0.062882,-1,0,0
0.1,0,0.054127,-1,0,0
0.12,0,0.066055,-1,0,0
0.14,0,0.073706,-1,0,0
0.16,0,0.086878,-1,0,0
0.18,0,0.072933,-1,0,0
0.2,0,0.060243,-1,0,0
0.22,0,0.067473,-1,0,0
0.24,0,0.051446,-1,0,0
0.26,0,0.04572,-1,0,0
0.28,0,0.057701,-1,0,0
0.3,0,0.067543,-1,0,0
0.32,0,0.073538,-1,0,0
0.34,0,0.073326,-1,0,0
0.36,0,0.055565,-1,0,0
0.38,0,0.062105,-1,0,0
0.4,0,0.060113,-1,0,0
0.42,0,0.098632,-1,0,0
0.44,0,0.12129,-1,0,0
0.46,0,0.095179,-1,0,0
0.48,0,0.083663,-1,0,0
0.5,0,0.093132,-1,0,0
0.52,0,0.078899,-1,0,0
0.54,0,0.073133,-1,0,0
0.56,0,0.084774,-1,0,0
0.58,0,0.052118,-1,0,0
0.6,0,0.056724,-1,0,0
0.62,0,0.067604,-1,0,0
0.64,0,0.06877,-1,0,0
0.66,0,0.088143,-1,0,0
0.68,0,0.086247,-1,0,0
0.7,0,0.09465,-1,0,0
0.72,0,0.10416,-1,0,0
0.74,0,0.10362,-1,0,0
0.76,0,0.093506,-1,0,0
0.78,0,0.08256,-1,0,0
0.8,0,0.087525,-1,0,0
0.82,0,0.079566,-1,0,0
0.84,0,0.085597,-1,0,0
0.86,0,0.069908,-1,0,0
0.88,0,0.076502,-1,0,0
0.9,0,0.078573,-1,0,0
0.92,0,0.106,-1,0,0
0.94,0,0.10604,-1,0,0
0.96,0,0.11918,-1,0,0
0.98,0,0.1269,-1,0,0
1,0,0.11905,-1,0,0
1,0.02,0.096259,-1,0,0
1,0.04,0.08333,-1,0,0
1,0.06,0.077265,-1,0,0
1,0.08,0.060702,-1,0,0
1,0.1,0.022229,-1,0,0
1,0.12,0.0084294,-1,0,0
1,0.14,0.0013705,-1,0,0
1,0.16,-0.0079711,-1,0,0
1,0.18,-0.0023062,-1,0,0
1,0.2,0.020356,-1,0,0
1,0.22,0.009627,-1,0,0
1,0.24,0.0070055,-1,0,0
1,0.26,0.031186,-1,0,0
1,0.28,0.036978,-1,0,0
1,0.3,0.053019,-1,0,0
1,0.32,0.077338,-1,0,0
1,0.34,0.080936,-1,0,0
1,0.36,0.071004,-1,0,0
1,0.38,0.082465,-1,0,0
1,0.4,0.0835,-1,0,0
1,0.42,0.08192,-1,0,0
1,0.44,0.079047,-1,0,0
1,0.46,0.085641,-1,0,0
1,0.48,0.10695,-1,0,0
1,0.5,0.088854,-1,0,0
1,0.52,0.094126,-1,0,0
1,0.54,0.077027,-1,0,0
1,0.56,0.085681,-1,0,0
1,0.58,0.082736,-1,0,0
1,0.6,0.11819,-1,0,0
1,0.62,0.11,-1,0,0
1,0.64,0.091432,-1,0,0
1,0.66,0.06258,-1,0,0
1,0.68,0.059182,-1,0,0
1,0.7,0.057242,-1,0,0
1,0.72,0.046171,-1,0,0
1,0.74,0.05531,-1,0,0
1,0.76,0.06266,-1,0,0
1,0.78,0.047312,-1,0,0
1,0.8,0.065868,-1,0,0
1,0.82,0.088235,-1,0,0
1,0.84,0.093017,-1,0,0
1,0.86,0.12439,-1,0,0
1,0.88,0.14597,-1,0,0
1,0.9,0.16041,-1,0,0
1,0.92,0.15507,-1,0,0
1,0.94,0.14997,-1,0,0
1,0.96,0.10725,-1,0,0
1,0.98,0.11742,-1,0,0
1,1,0.14709,-1,0,0
0.98,1,0.14164,-1,0,0
0.96,1,0.16848,-1,0,0
0.94,1,0.18126,-1,0,0
0.92,1,0.18067,-1,0,0
0.9,1,0.16525,-1,0,0
0.88,1,0.15205,-1,0,0
0.86,1,0.1415,-1,0,0
0.84,1,0.1546,-1,0,0
0.82,1,0.12493,-1,0,0
0.8,1,0.13439,-1,0,0
0.78,1,0.12233,-1,0,0
0.76,1,0.09646,-1,0,0
0.74,1,0.10032,-1,0,0
0.72,1,0.084138,-1,0,0
0.7,1,0.07167,-1,0,0
0.68,1,0.066427,-1,0,0
0.66,1,0.061191,-1,0,0
0.64,1,0.047076,-1,0,0
0.62,1,0.015905,-1,0,0
0.6,1,0.030624,-1,0,0
0.58,1,0.045324,-1,0,0
0.56,1,0.042603,-1,0,0
0.54,1,0.031569,-1,0,0
0.52,1,0.058191,-1,0,0
0.5,1,0.051387,-1,0,0
0.48,1,0.076758,-1,0,0
0.46,1,0.076579,-1,0,0
0.44,1,0.069284,-1,0,0
0.42,1,0.094833,-1,0,0
0.4,1,0.11713,-1,0,0
0.38,1,0.12009,-1,0,0
0.36,1,0.095452,-1,0,0
0.34,1,0.081641,-1,0,0
0.32,1,0.082801,-1,0,0
0.3,1,0.076512,-1,0,0
0.28,1,0.10387,-1,0,0
0.26,1,0.098783,-1,0,0
0.24,1,0.094023,-1,0,0
0.22,1,0.14447,-1,0,0
0.2,1,0.14064,-1,0,0
0.18,1,0.10218,-1,0,0
0.16,1,0.092925,-1,0,0
0.14,1,0.092523,-1,0,0
0.12,1,0.069714,-1,0,0
0.1,1,0.065572,-1,0,0
0.08,1,0.068392,-1,0,0
0.06,1,0.063721,-1,0,0
0.04,1,0.072119,-1,0,0
0.02,1,0.055419,-1,0,0
0,1,0.056856,-1,0,0
0,0.98,0.059516,-1,0,0
0,0.96,0.061959,-1,0,0
0,0.94,0.096607,-1,0,0
0,0.92,0.091864,-1,0,0
0,0.9,0.092991,-1,0,0
0,0.88,0.071933,-1,0,0
0,0.86,0.071284,-1,0,0
0,0.84,0.062166,-1,0,0
0,0.82,0.056595,-1,0,0
0,0.8,0.021184,-1,0,0
0,0.78,0.043078,-1,0,0
0,0.76,0.08397,-1,0,0
0,0.74,0.077349,-1,0,0
0,0.72,0.076519,-1,0,0
0,0.7,0.092204,-1,0,0
0,0.68,0.086795,-1,0,0
0,0.66,0.069854,-1,0,0
0,0.64,0.080579,-1,0,0
0,0.62,0.079403,-1,0,0
0,0.6,0.094131,-1,0,0
0,0.58,0.076017,-1,0,0
0,0.56,0.07602,-1,0,0
0,0.54,0.048703,-1,0,0
0,0.52,0.077065,-1,0,0
0,0.5,0.06531,-1,0,0
0,0.48,0.06935,-1,0,0
0,0.46,0.049614,-1,0,0
0,0.44,0.05934,-1,0,0
0,0.42,0.083471,-1,0,0
0,0.4,0.089105,-1,0,0
0,0.38,0.091535,-1,0,0
0,0.36,0.076045,-1,0,0
0,0.34,0.10948,-1,0,0
0,0.32,0.13458,-1,0,0
0,0.3,0.11695,-1,0,0
0,0.28,0.090323,-1,0,0
0,0.26,0.089319,-1,0,0
0,0.24,0.069788,-1,0,0
0,0.22,0.066119,-1,0,0
0,0.2,0.060665,-1,0,0
0,0.18,0.067243,-1,0,0
0,0.16,0.057024,-1,0,0
0,0.14,0.065311,-1,0,0
0,0.12,0.063576,-1,0,0
0,0.1,0.039994,-1,0,0
0,0.08,0.050353,-1,0,0
0,0.06,0.05288,-1,0,0
0,0.04,0.076877,-1,0,0
0,0.02,0.080852,-1,0,0
