0.02,0.02,0.01346,1,0,0
0.04,0.02,0.025276,1,0,0
0.06,0.02,0.034054,1,0,0
0.08,0.02,0.0353,1,0,0
0.1,0.02,0.046515,1,0,0
0.12,0.02,0.028707,1,0,0
0.14,0.02,0.0042358,1,0,0
0.16,0.02,-0.018294,1,0,0
0.18,0.02,-0.029714,1,0,0
0.2,0.02,-0.0077551,1,0,0
0.22,0.02,-0.002053,1,0,0
0.24,0.02,0.0096232,1,0,0
0.26,0.02,0.018923,1,0,0
0.28,0.02,0.010818,1,0,0
0.3,0.02,-0.0008329,1,0,0
0.32,0.02,0.0055259,1,0,0
0.34,0.02,-0.0070139,1,0,0
0.36,0.02,-0.0025365,1,0,0
0.38,0.02,-0.0040776,1,0,0
0.4,0.02,-0.0077069,1,0,0
0.42,0.02,-0.017236,1,0,0
0.44,0.02,-0.016223,1,0,0
0.46,0.02,-0.0072542,1,0,0
0.48,0.02,-0.0052213,1,0,0
0.5,0.02,0.0051618,1,0,0
0.52,0.02,0.0052257,1,0,0
0.54,0.02,0.019963,1,0,0
0.56,0.02,0.010776,1,0,0
0.58,0.02,0.016426,1,0,0
0.6,0.02,0.0096977,1,0,0
0.62,0.02,0.021897,1,0,0
0.64,0.02,0.02815,1,0,0
0.66,0.02,0.03248,1,0,0
0.68,0.02,0.020625,1,0,0
0.7,0.02,0.019224,1,0,0
0.72,0.02,0.022192,1,0,0
0.74,0.02,0.039229,1,0,0
0.76,0.02,0.035367,1,0,0
0.78,0.02,0.032813,1,0,0
0.8,0.02,0.030594,1,0,0
0.82,0.02,0.023218,1,0,0
0.84,0.02,0.024201,1,0,0
0.86,0.02,0.018655,1,0,0
0.88,0.02,-0.0041142,1,0,0
0.9,0.02,0.0054062,1,0,0
0.92,0.02,0.0065851,1,0,0
0.94,0.02,0.002703,1,0,0
0.96,0.02,-0.016081,1,0,0
0.98,0.02,-0.020396,1,0,0
0.02,0.04,0.022598,1,0,0
0.04,0.04,0.016797,1,0,0
0.06,0.04,0.027659,1,0,0
0.08,0.04,0.054962,1,0,0
0.1,0.04,0.053969,1,0,0
0.12,0.04,0.04784,1,0,0
0.14,0.04,0.022161,1,0,0
0.16,0.04,0.0044366,1,0,0
0.18,0.04,-0.012939,1,0,0
0.2,0.04,0.010914,1,0,0
0.22,0.04,-0.0016903,1,0,0
0.24,0.04,-0.00051905,1,0,0
0.26,0.04,0.0074969,1,0,0
0.28,0.04,0.012738,1,0,0
0.3,0.04,0.013473,1,0,0
0.32,0.04,-0.00031868,1,0,0
0.34,0.04,-0.007264,1,0,0
0.36,0.04,-0.011018,1,0,0
0.38,0.04,-0.0064711,1,0,0
0.4,0.04,-0.010317,1,0,0
0.42,0.04,-0.023412,1,0,0
0.44,0.04,-0.010102,1,0,0
0.46,0.04,-0.0083483,1,0,0
0.48,0.04,-0.0068325,1,0,0
0.5,0.04,0.0089151,1,0,0
0.52,0.04,-0.0047396,1,0,0
0.54,0.04,0.0019975,1,0,0
0.56,0.04,0.012588,1,0,0
0.58,0.04,0.0046022,1,0,0
0.6,0.04,-0.0034073,1,0,0
0.62,0.04,0.014328,1,0,0
0.64,0.04,0.023443,1,0,0
0.66,0.04,0.032325,1,0,0
0.68,0.04,0.026337,1,0,0
0.7,0.04,0.031925,1,0,0
0.72,0.04,0.019092,1,0,0
0.74,0.04,0.043867,1,0,0
0.76,0.04,0.035843,1,0,0
0.78,0.04,0.038708,1,0,0
0.8,0.04,0.015254,1,0,0
0.82,0.04,0.028222,1,0,0
0.84,0.04,0.020319,1,0,0
0.86,0.04,0.030292,1,0,0
0.88,0.04,0.017801,1,0,0
0.9,0.04,0.019995,1,0,0
0.92,0.04,0.019386,1,0,0
0.94,0.04,0.0039025,1,0,0
0.96,0.04,-0.011874,1,0,0
0.98,0.04,-0.010918,1,0,0
0.02,0.06,0.038461,1,0,0
0.04,0.06,0.040244,1,0,0
0.06,0.06,0.038333,1,0,0
0.08,0.06,0.064563,1,0,0
0.1,0.06,0.059986,1,0,0
0.12,0.06,0.055412,1,0,0
0.14,0.06,0.043844,1,0,0
0.16,0.06,0.024791,1,0,0
0.18,0.06,0.011507,1,0,0
0.2,0.06,0.019658,1,0,0
0.22,0.06,0.017244,1,0,0
0.24,0.06,0.0050794,1,0,0
0.26,0.06,0.013199,1,0,0
0.28,0.06,0.015373,1,0,0
0.3,0.06,0.014549,1,0,0
0.32,0.06,0.018072,1,0,0
0.34,0.06,-0.005172,1,0,0
0.36,0.06,-0.011468,1,0,0
0.38,0.06,-0.0080708,1,0,0
0.4,0.06,-0.015131,1,0,0
0.42,0.06,-0.016295,1,0,0
0.44,0.06,-0.0079127,1,0,0
0.46,0.06,0.0012406,1,0,0
0.48,0.06,-0.00020546,1,0,0
0.5,0.06,0.0047947,1,0,0
0.52,0.06,-0.0062046,1,0,0
0.54,0.06,-0.0032932,1,0,0
0.56,0.06,0.02007,1,0,0
0.58,0.06,0.011353,1,0,0
0.6,0.06,-0.0040099,1,0,0
0.62,0.06,0.020513,1,0,0
0.64,0.06,0.025793,1,0,0
0.66,0.06,0.025989,1,0,0
0.68,0.06,0.016175,1,0,0
0.7,0.06,0.019637,1,0,0
0.72,0.06,0.019366,1,0,0
0.74,0.06,0.05037,1,0,0
0.76,0.06,0.052641,1,0,0
0.78,0.06,0.030788,1,0,0
0.8,0.06,0.021006,1,0,0
0.82,0.06,0.032137,1,0,0
0.84,0.06,0.029809,1,0,0
0.86,0.06,0.036774,1,0,0
0.88,0.06,0.022012,1,0,0
0.9,0.06,0.045756,1,0,0
0.92,0.06,0.026289,1,0,0
0.94,0.06,0.024166,1,0,0
0.96,0.06,0.0021042,1,0,0
0.98,0.06,0.004952,1,0,0
0.02,0.08,0.054425,1,0,0
0.04,0.08,0.048889,1,0,0
0.06,0.08,0.051691,1,0,0
0.08,0.08,0.052211,1,0,0
0.1,0.08,0.050261,1,0,0
0.12,0.08,0.048004,1,0,0
0.14,0.08,0.04006,1,0,0
0.16,0.08,0.023867,1,0,0
0.18,0.08,0.018784,1,0,0
0.2,0.08,0.02521,1,0,0
0.22,0.08,0.017988,1,0,0
0.24,0.08,0.014287,1,0,0
0.26,0.08,0.017013,1,0,0
0.28,0.08,0.01126,1,0,0
0.3,0.08,0.0055768,1,0,0
0.32,0.08,0.012512,1,0,0
0.34,0.08,-0.007731,1,0,0
0.36,0.08,-0.02581,1,0,0
0.38,0.08,-0.017684,1,0,0
0.4,0.08,-0.020392,1,0,0
0.42,0.08,-0.029534,1,0,0
0.44,0.08,-0.003357,1,0,0
0.46,0.08,0.0098595,1,0,0
0.48,0.08,-0.0024661,1,0,0
0.5,0.08,0.0058783,1,0,0
0.52,0.08,-0.0024399,1,0,0
0.54,0.08,-0.0042117,1,0,0
0.56,0.08,0.011255,1,0,0
0.58,0.08,0.005139,1,0,0
0.6,0.08,-0.003536,1,0,0
0.62,0.08,0.014405,1,0,0
0.64,0.08,0.017063,1,0,0
0.66,0.08,0.017932,1,0,0
0.68,0.08,0.0033604,1,0,0
0.7,0.08,0.0026712,1,0,0
0.72,0.08,0.020429,1,0,0
0.74,0.08,0.044413,1,0,0
0.76,0.08,0.039892,1,0,0
0.78,0.08,0.017783,1,0,0
0.8,0.08,0.024421,1,0,0
0.82,0.08,0.031629,1,0,0
0.84,0.08,0.041338,1,0,0
0.86,0.08,0.04266,1,0,0
0.88,0.08,0.036165,1,0,0
0.9,0.08,0.043426,1,0,0
0.92,0.08,0.041667,1,0,0
0.94,0.08,0.036465,1,0,0
0.96,0.08,0.013721,1,0,0
0.98,0.08,0.009641,1,0,0
0.02,0.1,0.060238,1,0,0
0.04,0.1,0.05137,1,0,0
0.06,0.1,0.054831,1,0,0
0.08,0.1,0.059434,1,0,0
0.1,0.1,0.066476,1,0,0
0.12,0.1,0.051234,1,0,0
0.14,0.1,0.046173,1,0,0
0.16,0.1,0.045331,1,0,0
0.18,0.1,0.028496,1,0,0
0.2,0.1,0.026295,1,0,0
0.22,0.1,0.010071,1,0,0
0.24,0.1,0.0037615,1,0,0
0.26,0.1,0.012027,1,0,0
0.28,0.1,0.005889,1,0,0
0.3,0.1,0.011737,1,0,0
0.32,0.1,-0.0038486,1,0,0
0.34,0.1,-0.0084325,1,0,0
0.36,0.1,-0.017137,1,0,0
0.38,0.1,-0.010491,1,0,0
0.4,0.1,-0.022375,1,0,0
0.42,0.1,-0.032876,1,0,0
0.44,0.1,-0.0055616,1,0,0
0.46,0.1,0.0076324,1,0,0
0.48,0.1,0.015838,1,0,0
0.5,0.1,0.021207,1,0,0
0.52,0.1,0.0064786,1,0,0
0.54,0.1,0.00085673,1,0,0
0.56,0.1,0.0038104,1,0,0
0.58,0.1,-0.01661,1,0,0
0.6,0.1,-0.016778,1,0,0
0.62,0.1,-0.01602,1,0,0
0.64,0.1,-0.0090204,1,0,0
0.66,0.1,-0.0028608,1,0,0
0.68,0.1,0.020218,1,0,0
0.7,0.1,0.016643,1,0,0
0.72,0.1,0.017676,1,0,0
0.74,0.1,0.035243,1,0,0
0.76,0.1,0.025698,1,0,0
0.78,0.1,0.0093174,1,0,0
0.8,0.1,0.014554,1,0,0
0.82,0.1,0.033456,1,0,0
0.84,0.1,0.03683,1,0,0
0.86,0.1,0.03988,1,0,0
0.88,0.1,0.054548,1,0,0
0.9,0.1,0.050853,1,0,0
0.92,0.1,0.052166,1,0,0
0.94,0.1,0.046503,1,0,0
0.96,0.1,0.039255,1,0,0
0.98,0.1,0.0262,1,0,0
0.02,0.12,0.047872,1,0,0
0.04,0.12,0.061981,1,0,0
0.06,0.12,0.077672,1,0,0
0.08,0.12,0.071304,1,0,0
0.1,0.12,0.072306,1,0,0
0.12,0.12,0.057599,1,0,0
0.14,0.12,0.053084,1,0,0
0.16,0.12,0.03845,1,0,0
0.18,0.12,0.036761,1,0,0
0.2,0.12,0.021797,1,0,0
0.22,0.12,0.015397,1,0,0
0.24,0.12,-0.00024754,1,0,0
0.26,0.12,0.003789,1,0,0
0.28,0.12,0.00076591,1,0,0
0.3,0.12,-0.0033958,1,0,0
0.32,0.12,-0.0032871,1,0,0
0.34,0.12,-0.015868,1,0,0
0.36,0.12,-0.0097647,1,0,0
0.38,0.12,0.00036428,1,0,0
0.4,0.12,-0.0054555,1,0,0
0.42,0.12,-0.023249,1,0,0
0.44,0.12,-0.0068961,1,0,0
0.46,0.12,0.019635,1,0,0
0.48,0.12,0.027776,1,0,0
0.5,0.12,0.036013,1,0,0
0.52,0.12,0.021386,1,0,0
0.54,0.12,-0.00015265,1,0,0
0.56,0.12,-0.004608,1,0,0
0.58,0.12,-0.014039,1,0,0
0.6,0.12,-0.023504,1,0,0
0.62,0.12,-0.0298,1,0,0
0.64,0.12,-0.023239,1,0,0
0.66,0.12,-0.00089756,1,0,0
0.68,0.12,0.022431,1,0,0
0.7,0.12,0.024849,1,0,0
0.72,0.12,0.03788,1,0,0
0.74,0.12,0.032673,1,0,0
0.76,0.12,0.021648,1,0,0
0.78,0.12,0.015911,1,0,0
0.8,0.12,0.028031,1,0,0
0.82,0.12,0.030155,1,0,0
0.84,0.12,0.046094,1,0,0
0.86,0.12,0.052264,1,0,0
0.88,0.12,0.044132,1,0,0
0.9,0.12,0.068968,1,0,0
0.92,0.12,0.065825,1,0,0
0.94,0.12,0.061168,1,0,0
0.96,0.12,0.059886,1,0,0
0.98,0.12,0.063923,1,0,0
0.02,0.14,0.059425,1,0,0
0.04,0.14,0.084613,1,0,0
0.06,0.14,0.08307,1,0,0
0.08,0.14,0.073321,1,0,0
0.1,0.14,0.0538,1,0,0
0.12,0.14,0.047154,1,0,0
0.14,0.14,0.049741,1,0,0
0.16,0.14,0.044301,1,0,0
0.18,0.14,0.031971,1,0,0
0.2,0.14,0.027394,1,0,0
0.22,0.14,0.025498,1,0,0
0.24,0.14,0.017317,1,0,0
0.26,0.14,0.00073797,1,0,0
0.28,0.14,-0.00042461,1,0,0
0.3,0.14,-0.0069649,1,0,0
0.32,0.14,-0.012728,1,0,0
0.34,0.14,-0.017422,1,0,0
0.36,0.14,-0.013801,1,0,0
0.38,0.14,-0.015375,1,0,0
0.4,0.14,-0.013134,1,0,0
0.42,0.14,-0.0073143,1,0,0
0.44,0.14,-0.0030271,1,0,0
0.46,0.14,0.019604,1,0,0
0.48,0.14,0.039313,1,0,0
0.5,0.14,0.041744,1,0,0
0.52,0.14,0.020461,1,0,0
0.54,0.14,0.0099671,1,0,0
0.56,0.14,0.0090312,1,0,0
0.58,0.14,-0.0097439,1,0,0
0.6,0.14,-0.020724,1,0,0
0.62,0.14,-0.023218,1,0,0
0.64,0.14,-0.023783,1,0,0
0.66,0.14,0.0034978,1,0,0
0.68,0.14,0.0023447,1,0,0
0.7,0.14,0.022166,1,0,0
0.72,0.14,0.025298,1,0,0
0.74,0.14,0.027993,1,0,0
0.76,0.14,0.023213,1,0,0
0.78,0.14,0.021504,1,0,0
0.8,0.14,0.028645,1,0,0
0.82,0.14,0.04966,1,0,0
0.84,0.14,0.060704,1,0,0
0.86,0.14,0.06583,1,0,0
0.88,0.14,0.059725,1,0,0
0.9,0.14,0.077305,1,0,0
0.92,0.14,0.079554,1,0,0
0.94,0.14,0.065494,1,0,0
0.96,0.14,0.06744,1,0,0
0.98,0.14,0.068622,1,0,0
0.02,0.16,0.046916,1,0,0
0.04,0.16,0.072416,1,0,0
0.06,0.16,0.060713,1,0,0
0.08,0.16,0.040415,1,0,0
0.1,0.16,0.04293,1,0,0
0.12,0.16,0.050133,1,0,0
0.14,0.16,0.037663,1,0,0
0.16,0.16,0.041963,1,0,0
0.18,0.16,0.014983,1,0,0
0.2,0.16,0.020313,1,0,0
0.22,0.16,0.011554,1,0,0
0.24,0.16,0.0034223,1,0,0
0.26,0.16,-0.0082435,1,0,0
0.28,0.16,-0.016265,1,0,0
0.3,0.16,-0.011824,1,0,0
0.32,0.16,-0.015496,1,0,0
0.34,0.16,-0.019645,1,0,0
0.36,0.16,-0.037488,1,0,0
0.38,0.16,-0.049986,1,0,0
0.4,0.16,-0.043841,1,0,0
0.42,0.16,-0.027755,1,0,0
0.44,0.16,-0.013512,1,0,0
0.46,0.16,0.0066303,1,0,0
0.48,0.16,0.027714,1,0,0
0.5,0.16,0.035883,1,0,0
0.52,0.16,0.018739,1,0,0
0.54,0.16,0.01515,1,0,0
0.56,0.16,-0.0047788,1,0,0
0.58,0.16,-0.01246,1,0,0
0.6,0.16,-0.024647,1,0,0
0.62,0.16,-0.022988,1,0,0
0.64,0.16,-0.024461,1,0,0
0.66,0.16,-0.015514,1,0,0
0.68,0.16,-0.012701,1,0,0
0.7,0.16,0.0061527,1,0,0
0.72,0.16,0.014353,1,0,0
0.74,0.16,0.025755,1,0,0
0.76,0.16,0.0027931,1,0,0
0.78,0.16,0.014091,1,0,0
0.8,0.16,0.0097607,1,0,0
0.82,0.16,0.025913,1,0,0
0.84,0.16,0.056896,1,0,0
0.86,0.16,0.074622,1,0,0
0.88,0.16,0.066065,1,0,0
0.9,0.16,0.081571,1,0,0
0.92,0.16,0.073869,1,0,0
0.94,0.16,0.057128,1,0,0
0.96,0.16,0.047107,1,0,0
0.98,0.16,0.046446,1,0,0
0.02,0.18,0.04222,1,0,0
0.04,0.18,0.056526,1,0,0
0.06,0.18,0.033399,1,0,0
0.08,0.18,0.039993,1,0,0
0.1,0.18,0.036161,1,0,0
0.12,0.18,0.044615,1,0,0
0.14,0.18,0.042538,1,0,0
0.16,0.18,0.043134,1,0,0
0.18,0.18,0.031435,1,0,0
0.2,0.18,0.027062,1,0,0
0.22,0.18,0.0056833,1,0,0
0.24,0.18,-0.0045296,1,0,0
0.26,0.18,-0.020844,1,0,0
0.28,0.18,-0.02338,1,0,0
0.3,0.18,-0.015786,1,0,0
0.32,0.18,-0.023002,1,0,0
0.34,0.18,-0.040153,1,0,0
0.36,0.18,-0.052281,1,0,0
0.38,0.18,-0.058078,1,0,0
0.4,0.18,-0.043541,1,0,0
0.42,0.18,-0.024813,1,0,0
0.44,0.18,-0.0095907,1,0,0
0.46,0.18,0.010436,1,0,0
0.48,0.18,0.016299,1,0,0
0.5,0.18,0.028034,1,0,0
0.52,0.18,0.011523,1,0,0
0.54,0.18,0.017356,1,0,0
0.56,0.18,-0.0020467,1,0,0
0.58,0.18,0.0040174,1,0,0
0.6,0.18,0.0015155,1,0,0
0.62,0.18,-0.0082467,1,0,0
0.64,0.18,-0.019421,1,0,0
0.66,0.18,0.00093427,1,0,0
0.68,0.18,-0.0040831,1,0,0
0.7,0.18,0.0089362,1,0,0
0.72,0.18,0.014814,1,0,0
0.74,0.18,0.016485,1,0,0
0.76,0.18,0.020552,1,0,0
0.78,0.18,0.023516,1,0,0
0.8,0.18,0.017643,1,0,0
0.82,0.18,0.022068,1,0,0
0.84,0.18,0.037769,1,0,0
0.86,0.18,0.071387,1,0,0
0.88,0.18,0.075542,1,0,0
0.9,0.18,0.080083,1,0,0
0.92,0.18,0.067468,1,0,0
0.94,0.18,0.054849,1,0,0
0.96,0.18,0.045857,1,0,0
0.98,0.18,0.056028,1,0,0
0.02,0.2,0.028205,1,0,0
0.04,0.2,0.035157,1,0,0
0.06,0.2,0.020601,1,0,0
0.08,0.2,0.03673,1,0,0
0.1,0.2,0.036974,1,0,0
0.12,0.2,0.038271,1,0,0
0.14,0.2,0.035545,1,0,0
0.16,0.2,0.045532,1,0,0
0.18,0.2,0.020498,1,0,0
0.2,0.2,0.022663,1,0,0
0.22,0.2,0.026898,1,0,0
0.24,0.2,0.0042315,1,0,0
0.26,0.2,-0.027423,1,0,0
0.28,0.2,-0.03912,1,0,0
0.3,0.2,-0.037082,1,0,0
0.32,0.2,-0.037608,1,0,0
0.34,0.2,-0.060397,1,0,0
0.36,0.2,-0.067732,1,0,0
0.38,0.2,-0.058159,1,0,0
0.4,0.2,-0.044034,1,0,0
0.42,0.2,-0.011618,1,0,0
0.44,0.2,-0.0086231,1,0,0
0.46,0.2,0.012988,1,0,0
0.48,0.2,0.014597,1,0,0
0.5,0.2,0.0096367,1,0,0
0.52,0.2,0.0043452,1,0,0
0.54,0.2,-0.001534,1,0,0
0.56,0.2,-0.005694,1,0,0
0.58,0.2,0.00075509,1,0,0
0.6,0.2,0.0099078,1,0,0
0.62,0.2,0.011812,1,0,0
0.64,0.2,-0.0049164,1,0,0
0.66,0.2,0.0069414,1,0,0
0.68,0.2,0.0064025,1,0,0
0.7,0.2,0.0046627,1,0,0
0.72,0.2,0.00076614,1,0,0
0.74,0.2,0.026614,1,0,0
0.76,0.2,0.022832,1,0,0
0.78,0.2,0.0092814,1,0,0
0.8,0.2,0.0125,1,0,0
0.82,0.2,0.01858,1,0,0
0.84,0.2,0.036387,1,0,0
0.86,0.2,0.054635,1,0,0
0.88,0.2,0.06646,1,0,0
0.9,0.2,0.074679,1,0,0
0.92,0.2,0.043958,1,0,0
0.94,0.2,0.030448,1,0,0
0.96,0.2,0.052464,1,0,0
0.98,0.2,0.037924,1,0,0
0.02,0.22,0.0015144,1,0,0
0.04,0.22,0.0086461,1,0,0
0.06,0.22,0.020625,1,0,0
0.08,0.22,0.023655,1,0,0
0.1,0.22,0.028447,1,0,0
0.12,0.22,0.036458,1,0,0
0.14,0.22,0.05582,1,0,0
0.16,0.22,0.033475,1,0,0
0.18,0.22,0.016704,1,0,0
0.2,0.22,0.017514,1,0,0
0.22,0.22,0.013589,1,0,0
0.24,0.22,-0.0013915,1,0,0
0.26,0.22,-0.02407,1,0,0
0.28,0.22,-0.04834,1,0,0
0.3,0.22,-0.040826,1,0,0
0.32,0.22,-0.03748,1,0,0
0.34,0.22,-0.052091,1,0,0
0.36,0.22,-0.065077,1,0,0
0.38,0.22,-0.0532,1,0,0
0.4,0.22,-0.029962,1,0,0
0.42,0.22,-0.016694,1,0,0
0.44,0.22,0.0010968,1,0,0
0.46,0.22,0.0093774,1,0,0
0.48,0.22,0.0080703,1,0,0
0.5,0.22,0.018448,1,0,0
0.52,0.22,0.015538,1,0,0
0.54,0.22,0.015229,1,0,0
0.56,0.22,0.0087344,1,0,0
0.58,0.22,0.0082765,1,0,0
0.6,0.22,0.012736,1,0,0
0.62,0.22,0.0036203,1,0,0
0.64,0.22,0.011691,1,0,0
0.66,0.22,0.018351,1,0,0
0.68,0.22,0.013911,1,0,0
0.7,0.22,0.01242,1,0,0
0.72,0.22,0.023682,1,0,0
0.74,0.22,0.025785,1,0,0
0.76,0.22,0.027591,1,0,0
0.78,0.22,0.016907,1,0,0
0.8,0.22,0.018787,1,0,0
0.82,0.22,0.027573,1,0,0
0.84,0.22,0.040552,1,0,0
0.86,0.22,0.055924,1,0,0
0.88,0.22,0.059615,1,0,0
0.9,0.22,0.057501,1,0,0
0.92,0.22,0.056354,1,0,0
0.94,0.22,0.03632,1,0,0
0.96,0.22,0.029728,1,0,0
0.98,0.22,0.039477,1,0,0
0.02,0.24,-0.00024925,1,0,0
0.04,0.24,0.0067294,1,0,0
0.06,0.24,0.020176,1,0,0
0.08,0.24,0.01393,1,0,0
0.1,0.24,0.034798,1,0,0
0.12,0.24,0.032062,1,0,0
0.14,0.24,0.034867,1,0,0
0.16,0.24,0.01432,1,0,0
0.18,0.24,-0.0075228,1,0,0
0.2,0.24,0.00091108,1,0,0
0.22,0.24,0.0065746,1,0,0
0.24,0.24,-0.0092557,1,0,0
0.26,0.24,-0.013149,1,0,0
0.28,0.24,-0.033216,1,0,0
0.3,0.24,-0.041082,1,0,0
0.32,0.24,-0.041077,1,0,0
0.34,0.24,-0.041317,1,0,0
0.36,0.24,-0.043708,1,0,0
0.38,0.24,-0.038544,1,0,0
0.4,0.24,-0.020471,1,0,0
0.42,0.24,-0.0036356,1,0,0
0.44,0.24,0.008916,1,0,0
0.46,0.24,0.0064316,1,0,0
0.48,0.24,0.021306,1,0,0
0.5,0.24,0.032223,1,0,0
0.52,0.24,0.017716,1,0,0
0.54,0.24,0.01158,1,0,0
0.56,0.24,0.018785,1,0,0
0.58,0.24,0.012643,1,0,0
0.6,0.24,0.009451,1,0,0
0.62,0.24,0.018308,1,0,0
0.64,0.24,0.018785,1,0,0
0.66,0.24,0.0017269,1,0,0
0.68,0.24,0.018024,1,0,0
0.7,0.24,0.024474,1,0,0
0.72,0.24,0.022924,1,0,0
0.74,0.24,0.030527,1,0,0
0.76,0.24,0.029885,1,0,0
0.78,0.24,0.031517,1,0,0
0.8,0.24,0.032997,1,0,0
0.82,0.24,0.034582,1,0,0
0.84,0.24,0.053512,1,0,0
0.86,0.24,0.058025,1,0,0
0.88,0.24,0.054355,1,0,0
0.9,0.24,0.050384,1,0,0
0.92,0.24,0.046781,1,0,0
0.94,0.24,0.032568,1,0,0
0.96,0.24,0.02529,1,0,0
0.98,0.24,0.019272,1,0,0
0.02,0.26,-0.0015928,1,0,0
0.04,0.26,0.010858,1,0,0
0.06,0.26,0.011565,1,0,0
0.08,0.26,0.016823,1,0,0
0.1,0.26,0.0070245,1,0,0
0.12,0.26,0.0092039,1,0,0
0.14,0.26,0.0039113,1,0,0
0.16,0.26,-0.01011,1,0,0
0.18,0.26,-0.011153,1,0,0
0.2,0.26,-0.01103,1,0,0
0.22,0.26,-0.017698,1,0,0
0.24,0.26,-0.021297,1,0,0
0.26,0.26,-0.010082,1,0,0
0.28,0.26,-0.016334,1,0,0
0.3,0.26,-0.031945,1,0,0
0.32,0.26,-0.03396,1,0,0
0.34,0.26,-0.043511,1,0,0
0.36,0.26,-0.040267,1,0,0
0.38,0.26,-0.016358,1,0,0
0.4,0.26,-0.0027052,1,0,0
0.42,0.26,0.0019136,1,0,0
0.44,0.26,0.0099825,1,0,0
0.46,0.26,0.02134,1,0,0
0.48,0.26,0.025363,1,0,0
0.5,0.26,0.031063,1,0,0
0.52,0.26,0.017609,1,0,0
0.54,0.26,0.0015731,1,0,0
0.56,0.26,0.021114,1,0,0
0.58,0.26,0.022275,1,0,0
0.6,0.26,0.017478,1,0,0
0.62,0.26,0.010003,1,0,0
0.64,0.26,-0.0043453,1,0,0
0.66,0.26,0.00041785,1,0,0
0.68,0.26,-0.0014451,1,0,0
0.7,0.26,0.013997,1,0,0
0.72,0.26,0.012647,1,0,0
0.74,0.26,0.018424,1,0,0
0.76,0.26,0.034114,1,0,0
0.78,0.26,0.05251,1,0,0
0.8,0.26,0.058906,1,0,0
0.82,0.26,0.048703,1,0,0
0.84,0.26,0.043839,1,0,0
0.86,0.26,0.052244,1,0,0
0.88,0.26,0.042801,1,0,0
0.9,0.26,0.041317,1,0,0
0.92,0.26,0.039921,1,0,0
0.94,0.26,0.024451,1,0,0
0.96,0.26,0.0098093,1,0,0
0.98,0.26,0.003885,1,0,0
0.02,0.28,-0.028745,1,0,0
0.04,0.28,-0.013418,1,0,0
0.06,0.28,-0.013869,1,0,0
0.08,0.28,-0.0028054,1,0,0
0.1,0.28,-0.0047707,1,0,0
0.12,0.28,-0.0068942,1,0,0
0.14,0.28,-0.011807,1,0,0
0.16,0.28,-0.019244,1,0,0
0.18,0.28,-0.043597,1,0,0
0.2,0.28,-0.05084,1,0,0
0.22,0.28,-0.039287,1,0,0
0.24,0.28,-0.035538,1,0,0
0.26,0.28,-0.028472,1,0,0
0.28,0.28,-0.027349,1,0,0
0.3,0.28,-0.026161,1,0,0
0.32,0.28,-0.018882,1,0,0
0.34,0.28,-0.029756,1,0,0
0.36,0.28,-0.026961,1,0,0
0.38,0.28,-0.011239,1,0,0
0.4,0.28,-0.0082251,1,0,0
0.42,0.28,-0.015365,1,0,0
0.44,0.28,0.0027525,1,0,0
0.46,0.28,0.029391,1,0,0
0.48,0.28,0.032288,1,0,0
0.5,0.28,0.035882,1,0,0
0.52,0.28,0.015582,1,0,0
0.54,0.28,0.0028885,1,0,0
0.56,0.28,0.001878,1,0,0
0.58,0.28,0.0072825,1,0,0
0.6,0.28,-0.00080033,1,0,0
0.62,0.28,-0.0035175,1,0,0
0.64,0.28,-0.020084,1,0,0
0.66,0.28,-0.013984,1,0,0
0.68,0.28,-0.0084005,1,0,0
0.7,0.28,-0.0039984,1,0,0
0.72,0.28,0.015125,1,0,0
0.74,0.28,0.043544,1,0,0
0.76,0.28,0.04218,1,0,0
0.78,0.28,0.040276,1,0,0
0.8,0.28,0.043234,1,0,0
0.82,0.28,0.043931,1,0,0
0.84,0.28,0.035343,1,0,0
0.86,0.28,0.033961,1,0,0
0.88,0.28,0.025575,1,0,0
0.9,0.28,0.045638,1,0,0
0.92,0.28,0.021154,1,0,0
0.94,0.28,0.014923,1,0,0
0.96,0.28,-0.0080011,1,0,0
0.98,0.28,-0.0061407,1,0,0
0.02,0.3,-0.030998,1,0,0
0.04,0.3,-0.023269,1,0,0
0.06,0.3,-0.022422,1,0,0
0.08,0.3,-0.01139,1,0,0
0.1,0.3,-0.011844,1,0,0
0.12,0.3,-0.013776,1,0,0
0.14,0.3,-0.019987,1,0,0
0.16,0.3,-0.011465,1,0,0
0.18,0.3,-0.050392,1,0,0
0.2,0.3,-0.049223,1,0,0
0.22,0.3,-0.044491,1,0,0
0.24,0.3,-0.035765,1,0,0
0.26,0.3,-0.04068,1,0,0
0.28,0.3,-0.03258,1,0,0
0.3,0.3,-0.016043,1,0,0
0.32,0.3,-0.017232,1,0,0
0.34,0.3,-0.017494,1,0,0
0.36,0.3,-0.016072,1,0,0
0.38,0.3,0.0012037,1,0,0
0.4,0.3,0.0023179,1,0,0
0.42,0.3,-0.0028069,1,0,0
0.44,0.3,0.014736,1,0,0
0.46,0.3,0.026203,1,0,0
0.48,0.3,0.023595,1,0,0
0.5,0.3,0.023723,1,0,0
0.52,0.3,0.0086645,1,0,0
0.54,0.3,0.0070298,1,0,0
0.56,0.3,-0.0060078,1,0,0
0.58,0.3,-0.015072,1,0,0
0.6,0.3,-0.018089,1,0,0
0.62,0.3,-0.015545,1,0,0
0.64,0.3,-0.021908,1,0,0
0.66,0.3,-0.00782,1,0,0
0.68,0.3,-0.0047938,1,0,0
0.7,0.3,-0.0031384,1,0,0
0.72,0.3,0.008709,1,0,0
0.74,0.3,0.050312,1,0,0
0.76,0.3,0.036707,1,0,0
0.78,0.3,0.039523,1,0,0
0.8,0.3,0.032432,1,0,0
0.82,0.3,0.046977,1,0,0
0.84,0.3,0.026762,1,0,0
0.86,0.3,0.0083425,1,0,0
0.88,0.3,0.0041474,1,0,0
0.9,0.3,0.022568,1,0,0
0.92,0.3,0.016931,1,0,0
0.94,0.3,0.0069241,1,0,0
0.96,0.3,-0.0052774,1,0,0
0.98,0.3,-0.0050976,1,0,0
0.02,0.32,-0.047621,1,0,0
0.04,0.32,-0.039685,1,0,0
0.06,0.32,-0.035389,1,0,0
0.08,0.32,-0.02519,1,0,0
0.1,0.32,-0.019792,1,0,0
0.12,0.32,-0.022244,1,0,0
0.14,0.32,-0.043291,1,0,0
0.16,0.32,-0.051886,1,0,0
0.18,0.32,-0.046435,1,0,0
0.2,0.32,-0.034987,1,0,0
0.22,0.32,-0.027512,1,0,0
0.24,0.32,-0.027609,1,0,0
0.26,0.32,-0.030086,1,0,0
0.28,0.32,-0.023871,1,0,0
0.3,0.32,-0.033668,1,0,0
0.32,0.32,-0.02565,1,0,0
0.34,0.32,-0.019206,1,0,0
0.36,0.32,-0.0066428,1,0,0
0.38,0.32,0.0029587,1,0,0
0.4,0.32,0.0019777,1,0,0
0.42,0.32,-0.006738,1,0,0
0.44,0.32,-0.0035307,1,0,0
0.46,0.32,0.010492,1,0,0
0.48,0.32,0.0095028,1,0,0
0.5,0.32,0.011436,1,0,0
0.52,0.32,0.0018828,1,0,0
0.54,0.32,-0.003682,1,0,0
0.56,0.32,-0.011065,1,0,0
0.58,0.32,-0.020633,1,0,0
0.6,0.32,-0.02259,1,0,0
0.62,0.32,-0.01387,1,0,0
0.64,0.32,-0.014165,1,0,0
0.66,0.32,0.0043237,1,0,0
0.68,0.32,-0.010393,1,0,0
0.7,0.32,-0.0089911,1,0,0
0.72,0.32,0.005289,1,0,0
0.74,0.32,0.023941,1,0,0
0.76,0.32,0.025319,1,0,0
0.78,0.32,0.037337,1,0,0
0.8,0.32,0.03155,1,0,0
0.82,0.32,0.029667,1,0,0
0.84,0.32,0.029114,1,0,0
0.86,0.32,0.020455,1,0,0
0.88,0.32,-0.011837,1,0,0
0.9,0.32,-0.0034917,1,0,0
0.92,0.32,-0.0066455,1,0,0
0.94,0.32,-0.011953,1,0,0
0.96,0.32,-0.011064,1,0,0
0.98,0.32,0.0013108,1,0,0
0.02,0.34,-0.066995,1,0,0
0.04,0.34,-0.05689,1,0,0
0.06,0.34,-0.055588,1,0,0
0.08,0.34,-0.043232,1,0,0
0.1,0.34,-0.026832,1,0,0
0.12,0.34,-0.039354,1,0,0
0.14,0.34,-0.053994,1,0,0
0.16,0.34,-0.055509,1,0,0
0.18,0.34,-0.035002,1,0,0
0.2,0.34,-0.025184,1,0,0
0.22,0.34,-0.012833,1,0,0
0.24,0.34,-0.033326,1,0,0
0.26,0.34,-0.028133,1,0,0
0.28,0.34,-0.015654,1,0,0
0.3,0.34,-0.025129,1,0,0
0.32,0.34,-0.02667,1,0,0
0.34,0.34,-0.017886,1,0,0
0.36,0.34,-0.0027205,1,0,0
0.38,0.34,-0.012235,1,0,0
0.4,0.34,-0.016278,1,0,0
0.42,0.34,-0.020582,1,0,0
0.44,0.34,-0.040792,1,0,0
0.46,0.34,-0.032299,1,0,0
0.48,0.34,-0.0065335,1,0,0
0.5,0.34,-0.0010328,1,0,0
0.52,0.34,-0.0078272,1,0,0
0.54,0.34,0.000158,1,0,0
0.56,0.34,0.0048502,1,0,0
0.58,0.34,-0.023964,1,0,0
0.6,0.34,-0.04195,1,0,0
0.62,0.34,-0.026295,1,0,0
0.64,0.34,-0.0098621,1,0,0
0.66,0.34,-0.0016253,1,0,0
0.68,0.34,-0.0051806,1,0,0
0.7,0.34,-0.015334,1,0,0
0.72,0.34,-0.013613,1,0,0
0.74,0.34,-0.0068636,1,0,0
0.76,0.34,0.011549,1,0,0
0.78,0.34,0.024839,1,0,0
0.8,0.34,0.024484,1,0,0
0.82,0.34,0.02258,1,0,0
0.84,0.34,0.03108,1,0,0
0.86,0.34,0.01731,1,0,0
0.88,0.34,-0.017648,1,0,0
0.9,0.34,-0.010209,1,0,0
0.92,0.34,-0.023554,1,0,0
0.94,0.34,-0.0265,1,0,0
0.96,0.34,-0.022085,1,0,0
0.98,0.34,-0.016051,1,0,0
0.02,0.36,-0.056927,1,0,0
0.04,0.36,-0.062037,1,0,0
0.06,0.36,-0.053167,1,0,0
0.08,0.36,-0.046879,1,0,0
0.1,0.36,-0.033797,1,0,0
0.12,0.36,-0.031314,1,0,0
0.14,0.36,-0.042857,1,0,0
0.16,0.36,-0.045137,1,0,0
0.18,0.36,-0.035804,1,0,0
0.2,0.36,-0.0076325,1,0,0
0.22,0.36,0.0010152,1,0,0
0.24,0.36,-8.0797e-05,1,0,0
0.26,0.36,-0.015132,1,0,0
0.28,0.36,-0.030213,1,0,0
0.3,0.36,-0.021965,1,0,0
0.32,0.36,-0.023591,1,0,0
0.34,0.36,-0.0088102,1,0,0
0.36,0.36,-0.0086529,1,0,0
0.38,0.36,-0.0082345,1,0,0
0.4,0.36,-0.020428,1,0,0
0.42,0.36,-0.040155,1,0,0
0.44,0.36,-0.041888,1,0,0
0.46,0.36,-0.037531,1,0,0
0.48,0.36,-0.024171,1,0,0
0.5,0.36,-0.016851,1,0,0
0.52,0.36,-0.018716,1,0,0
0.54,0.36,-0.013949,1,0,0
0.56,0.36,-0.017982,1,0,0
0.58,0.36,-0.033111,1,0,0
0.6,0.36,-0.034394,1,0,0
0.62,0.36,-0.023581,1,0,0
0.64,0.36,0.0081949,1,0,0
0.66,0.36,0.014831,1,0,0
0.68,0.36,-0.012084,1,0,0
0.7,0.36,-0.026516,1,0,0
0.72,0.36,-0.011065,1,0,0
0.74,0.36,-0.00093228,1,0,0
0.76,0.36,-0.0022958,1,0,0
0.78,0.36,0.0065362,1,0,0
0.8,0.36,0.0073692,1,0,0
0.82,0.36,0.023209,1,0,0
0.84,0.36,0.03898,1,0,0
0.86,0.36,0.01862,1,0,0
0.88,0.36,-0.0054996,1,0,0
0.9,0.36,-0.024608,1,0,0
0.92,0.36,-0.011848,1,0,0
0.94,0.36,-0.041408,1,0,0
0.96,0.36,-0.033621,1,0,0
0.98,0.36,-0.015321,1,0,0
0.02,0.38,-0.039101,1,0,0
0.04,0.38,-0.046499,1,0,0
0.06,0.38,-0.054469,1,0,0
0.08,0.38,-0.048625,1,0,0
0.1,0.38,-0.037776,1,0,0
0.12,0.38,-0.039243,1,0,0
0.14,0.38,-0.031537,1,0,0
0.16,0.38,-0.015571,1,0,0
0.18,0.38,-0.012514,1,0,0
0.2,0.38,0.0020361,1,0,0
0.22,0.38,0.013011,1,0,0
0.24,0.38,0.005713,1,0,0
0.26,0.38,-0.011862,1,0,0
0.28,0.38,-0.024789,1,0,0
0.3,0.38,-0.023721,1,0,0
0.32,0.38,-0.019621,1,0,0
0.34,0.38,-0.028451,1,0,0
0.36,0.38,-0.016252,1,0,0
0.38,0.38,-0.005005,1,0,0
0.4,0.38,-0.018986,1,0,0
0.42,0.38,-0.028467,1,0,0
0.44,0.38,-0.034061,1,0,0
0.46,0.38,-0.033424,1,0,0
0.48,0.38,-0.040197,1,0,0
0.5,0.38,-0.041575,1,0,0
0.52,0.38,-0.036901,1,0,0
0.54,0.38,-0.02449,1,0,0
0.56,0.38,-0.034342,1,0,0
0.58,0.38,-0.030828,1,0,0
0.6,0.38,-0.027264,1,0,0
0.62,0.38,-0.0066761,1,0,0
0.64,0.38,0.0047179,1,0,0
0.66,0.38,0.013852,1,0,0
0.68,0.38,0.0027638,1,0,0
0.7,0.38,-0.026185,1,0,0
0.72,0.38,-0.022194,1,0,0
0.74,0.38,0.0021281,1,0,0
0.76,0.38,0.0090166,1,0,0
0.78,0.38,0.0015209,1,0,0
0.8,0.38,0.025826,1,0,0
0.82,0.38,0.033847,1,0,0
0.84,0.38,0.033051,1,0,0
0.86,0.38,0.0029493,1,0,0
0.88,0.38,-0.0093254,1,0,0
0.9,0.38,-0.0076742,1,0,0
0.92,0.38,-0.013004,1,0,0
0.94,0.38,-0.022241,1,0,0
0.96,0.38,-0.02325,1,0,0
0.98,0.38,-0.018769,1,0,0
0.02,0.4,-0.032517,1,0,0
0.04,0.4,-0.040825,1,0,0
0.06,0.4,-0.06243,1,0,0
0.08,0.4,-0.023393,1,0,0
0.1,0.4,-0.030412,1,0,0
0.12,0.4,-0.018467,1,0,0
0.14,0.4,-0.014184,1,0,0
0.16,0.4,-0.0069887,1,0,0
0.18,0.4,0.0047436,1,0,0
0.2,0.4,0.013687,1,0,0
0.22,0.4,0.010588,1,0,0
0.24,0.4,0.0089558,1,0,0
0.26,0.4,0.000653,1,0,0
0.28,0.4,-0.008335,1,0,0
0.3,0.4,-0.01597,1,0,0
0.32,0.4,-0.018576,1,0,0
0.34,0.4,-0.02593,1,0,0
0.36,0.4,-0.014708,1,0,0
0.38,0.4,-0.00030659,1,0,0
0.4,0.4,-0.028341,1,0,0
0.42,0.4,-0.044646,1,0,0
0.44,0.4,-0.048714,1,0,0
0.46,0.4,-0.032526,1,0,0
0.48,0.4,-0.036283,1,0,0
0.5,0.4,-0.035097,1,0,0
0.52,0.4,-0.0443,1,0,0
0.54,0.4,-0.051605,1,0,0
0.56,0.4,-0.047841,1,0,0
0.58,0.4,-0.035552,1,0,0
0.6,0.4,-0.01989,1,0,0
0.62,0.4,-0.0095436,1,0,0
0.64,0.4,-0.013203,1,0,0
0.66,0.4,0.0048459,1,0,0
0.68,0.4,-0.0064819,1,0,0
0.7,0.4,-0.012458,1,0,0
0.72,0.4,-0.016042,1,0,0
0.74,0.4,-0.00099366,1,0,0
0.76,0.4,0.01292,1,0,0
0.78,0.4,0.005929,1,0,0
0.8,0.4,0.015413,1,0,0
0.82,0.4,0.027361,1,0,0
0.84,0.4,0.0075364,1,0,0
0.86,0.4,0.013548,1,0,0
0.88,0.4,0.0061846,1,0,0
0.9,0.4,0.0033394,1,0,0
0.92,0.4,-0.008168,1,0,0
0.94,0.4,-0.013274,1,0,0
0.96,0.4,-0.025688,1,0,0
0.98,0.4,-0.017372,1,0,0
0.02,0.42,-0.02917,1,0,0
0.04,0.42,-0.023782,1,0,0
0.06,0.42,-0.027262,1,0,0
0.08,0.42,-0.024546,1,0,0
0.1,0.42,-0.028883,1,0,0
0.12,0.42,-0.013472,1,0,0
0.14,0.42,-0.010481,1,0,0
0.16,0.42,0.0026537,1,0,0
0.18,0.42,-0.0004187,1,0,0
0.2,0.42,0.023821,1,0,0
0.22,0.42,0.010809,1,0,0
0.24,0.42,0.015051,1,0,0
0.26,0.42,0.021667,1,0,0
0.28,0.42,0.0053138,1,0,0
0.3,0.42,-0.01296,1,0,0
0.32,0.42,-0.012521,1,0,0
0.34,0.42,-0.028713,1,0,0
0.36,0.42,-0.027718,1,0,0
0.38,0.42,-0.01584,1,0,0
0.4,0.42,-0.030522,1,0,0
0.42,0.42,-0.047872,1,0,0
0.44,0.42,-0.051488,1,0,0
0.46,0.42,-0.04517,1,0,0
0.48,0.42,-0.040841,1,0,0
0.5,0.42,-0.034517,1,0,0
0.52,0.42,-0.051045,1,0,0
0.54,0.42,-0.054394,1,0,0
0.56,0.42,-0.046731,1,0,0
0.58,0.42,-0.024809,1,0,0
0.6,0.42,-0.036567,1,0,0
0.62,0.42,-0.015687,1,0,0
0.64,0.42,-0.0073551,1,0,0
0.66,0.42,-0.003403,1,0,0
0.68,0.42,-0.0042365,1,0,0
0.7,0.42,-0.0043429,1,0,0
0.72,0.42,-0.020227,1,0,0
0.74,0.42,-0.00095197,1,0,0
0.76,0.42,-0.0077565,1,0,0
0.78,0.42,0.015308,1,0,0
0.8,0.42,0.01545,1,0,0
0.82,0.42,0.021372,1,0,0
0.84,0.42,0.0093811,1,0,0
0.86,0.42,0.011584,1,0,0
0.88,0.42,0.0031223,1,0,0
0.9,0.42,0.0091388,1,0,0
0.92,0.42,0.0098589,1,0,0
0.94,0.42,-0.0030824,1,0,0
0.96,0.42,-0.023295,1,0,0
0.98,0.42,-0.023087,1,0,0
0.02,0.44,-0.024978,1,0,0
0.04,0.44,-0.021408,1,0,0
0.06,0.44,-0.020911,1,0,0
0.08,0.44,-0.019157,1,0,0
0.1,0.44,-0.029138,1,0,0
0.12,0.44,-0.021374,1,0,0
0.14,0.44,-0.0044729,1,0,0
0.16,0.44,-0.022314,1,0,0
0.18,0.44,-0.023203,1,0,0
0.2,0.44,0.011646,1,0,0
0.22,0.44,0.026467,1,0,0
0.24,0.44,0.035809,1,0,0
0.26,0.44,0.02586,1,0,0
0.28,0.44,0.00050914,1,0,0
0.3,0.44,-0.024643,1,0,0
0.32,0.44,-0.02612,1,0,0
0.34,0.44,-0.035632,1,0,0
0.36,0.44,-0.038608,1,0,0
0.38,0.44,-0.041583,1,0,0
0.4,0.44,-0.045732,1,0,0
0.42,0.44,-0.059443,1,0,0
0.44,0.44,-0.064699,1,0,0
0.46,0.44,-0.073972,1,0,0
0.48,0.44,-0.059171,1,0,0
0.5,0.44,-0.040941,1,0,0
0.52,0.44,-0.068603,1,0,0
0.54,0.44,-0.061725,1,0,0
0.56,0.44,-0.046591,1,0,0
0.58,0.44,-0.038323,1,0,0
0.6,0.44,-0.04352,1,0,0
0.62,0.44,-0.013747,1,0,0
0.64,0.44,-0.014126,1,0,0
0.66,0.44,-0.026579,1,0,0
0.68,0.44,-0.030457,1,0,0
0.7,0.44,-0.021226,1,0,0
0.72,0.44,-0.027706,1,0,0
0.74,0.44,-0.015365,1,0,0
0.76,0.44,-0.0091898,1,0,0
0.78,0.44,-0.0081325,1,0,0
0.8,0.44,-0.0073279,1,0,0
0.82,0.44,0.014383,1,0,0
0.84,0.44,-0.0061438,1,0,0
0.86,0.44,-0.0090685,1,0,0
0.88,0.44,-0.017155,1,0,0
0.9,0.44,-0.014233,1,0,0
0.92,0.44,-0.0047666,1,0,0
0.94,0.44,-0.0029346,1,0,0
0.96,0.44,-0.026919,1,0,0
0.98,0.44,-0.0072637,1,0,0
0.02,0.46,-0.034378,1,0,0
0.04,0.46,-0.028435,1,0,0
0.06,0.46,-0.022515,1,0,0
0.08,0.46,-0.019069,1,0,0
0.1,0.46,-0.027622,1,0,0
0.12,0.46,-0.010319,1,0,0
0.14,0.46,-0.004776,1,0,0
0.16,0.46,-0.012129,1,0,0
0.18,0.46,-0.010033,1,0,0
0.2,0.46,0.0091373,1,0,0
0.22,0.46,0.029184,1,0,0
0.24,0.46,0.025688,1,0,0
0.26,0.46,0.025996,1,0,0
0.28,0.46,0.0032987,1,0,0
0.3,0.46,-0.018685,1,0,0
0.32,0.46,-0.021376,1,0,0
0.34,0.46,-0.045997,1,0,0
0.36,0.46,-0.066352,1,0,0
0.38,0.46,-0.050906,1,0,0
0.4,0.46,-0.063881,1,0,0
0.42,0.46,-0.067909,1,0,0
0.44,0.46,-0.071036,1,0,0
0.46,0.46,-0.074615,1,0,0
0.48,0.46,-0.075172,1,0,0
0.5,0.46,-0.062909,1,0,0
0.52,0.46,-0.048474,1,0,0
0.54,0.46,-0.065409,1,0,0
0.56,0.46,-0.046429,1,0,0
0.58,0.46,-0.046401,1,0,0
0.6,0.46,-0.045443,1,0,0
0.62,0.46,-0.033342,1,0,0
0.64,0.46,-0.032072,1,0,0
0.66,0.46,-0.027234,1,0,0
0.68,0.46,-0.024293,1,0,0
0.7,0.46,-0.027498,1,0,0
0.72,0.46,-0.037905,1,0,0
0.74,0.46,-0.028725,1,0,0
0.76,0.46,-0.028872,1,0,0
0.78,0.46,-0.020925,1,0,0
0.8,0.46,-0.019754,1,0,0
0.82,0.46,-0.024383,1,0,0
0.84,0.46,-0.029337,1,0,0
0.86,0.46,-0.027036,1,0,0
0.88,0.46,-0.036841,1,0,0
0.9,0.46,-0.015689,1,0,0
0.92,0.46,-0.011496,1,0,0
0.94,0.46,-0.011433,1,0,0
0.96,0.46,-0.012283,1,0,0
0.98,0.46,-0.011773,1,0,0
0.02,0.48,-0.020755,1,0,0
0.04,0.48,-0.035616,1,0,0
0.06,0.48,-0.032832,1,0,0
0.08,0.48,-0.0084662,1,0,0
0.1,0.48,0.0051173,1,0,0
0.12,0.48,-0.00063148,1,0,0
0.14,0.48,0.0069041,1,0,0
0.16,0.48,0.0058597,1,0,0
0.18,0.48,0.0074215,1,0,0
0.2,0.48,0.016937,1,0,0
0.22,0.48,0.037295,1,0,0
0.24,0.48,0.028889,1,0,0
0.26,0.48,0.012838,1,0,0
0.28,0.48,-0.00068369,1,0,0
0.3,0.48,-0.010518,1,0,0
0.32,0.48,-0.023134,1,0,0
0.34,0.48,-0.046586,1,0,0
0.36,0.48,-0.054676,1,0,0
0.38,0.48,-0.051067,1,0,0
0.4,0.48,-0.054085,1,0,0
0.42,0.48,-0.060505,1,0,0
0.44,0.48,-0.055857,1,0,0
0.46,0.48,-0.055634,1,0,0
0.48,0.48,-0.054417,1,0,0
0.5,0.48,-0.051354,1,0,0
0.52,0.48,-0.059293,1,0,0
0.54,0.48,-0.065686,1,0,0
0.56,0.48,-0.060463,1,0,0
0.58,0.48,-0.046378,1,0,0
0.6,0.48,-0.026991,1,0,0
0.62,0.48,-0.0163,1,0,0
0.64,0.48,-0.02489,1,0,0
0.66,0.48,-0.017882,1,0,0
0.68,0.48,-0.0046633,1,0,0
0.7,0.48,-0.019256,1,0,0
0.72,0.48,-0.025675,1,0,0
0.74,0.48,-0.021874,1,0,0
0.76,0.48,-0.012915,1,0,0
0.78,0.48,-0.03149,1,0,0
0.8,0.48,-0.041775,1,0,0
0.82,0.48,-0.050136,1,0,0
0.84,0.48,-0.047813,1,0,0
0.86,0.48,-0.038432,1,0,0
0.88,0.48,-0.013736,1,0,0
0.9,0.48,-0.015045,1,0,0
0.92,0.48,-0.021665,1,0,0
0.94,0.48,-0.018783,1,0,0
0.96,0.48,0.0036682,1,0,0
0.98,0.48,0.010501,1,0,0
0.02,0.5,-0.017349,1,0,0
0.04,0.5,-0.01546,1,0,0
0.06,0.5,-0.012964,1,0,0
0.08,0.5,-0.024286,1,0,0
0.1,0.5,-0.0050835,1,0,0
0.12,0.5,0.0050099,1,0,0
0.14,0.5,0.014793,1,0,0
0.16,0.5,0.019551,1,0,0
0.18,0.5,0.015052,1,0,0
0.2,0.5,0.018948,1,0,0
0.22,0.5,0.035503,1,0,0
0.24,0.5,0.022041,1,0,0
0.26,0.5,0.0025619,1,0,0
0.28,0.5,-0.015399,1,0,0
0.3,0.5,-0.015206,1,0,0
0.32,0.5,-0.021028,1,0,0
0.34,0.5,-0.039026,1,0,0
0.36,0.5,-0.067329,1,0,0
0.38,0.5,-0.062612,1,0,0
0.4,0.5,-0.042213,1,0,0
0.42,0.5,-0.041557,1,0,0
0.44,0.5,-0.036249,1,0,0
0.46,0.5,-0.047822,1,0,0
0.48,0.5,-0.061368,1,0,0
0.5,0.5,-0.064821,1,0,0
0.52,0.5,-0.06968,1,0,0
0.54,0.5,-0.065475,1,0,0
0.56,0.5,-0.060807,1,0,0
0.58,0.5,-0.045179,1,0,0
0.6,0.5,-0.028991,1,0,0
0.62,0.5,-0.019987,1,0,0
0.64,0.5,-0.016358,1,0,0
0.66,0.5,-0.018302,1,0,0
0.68,0.5,-0.016973,1,0,0
0.7,0.5,-0.044503,1,0,0
0.72,0.5,-0.027727,1,0,0
0.74,0.5,-0.021244,1,0,0
0.76,0.5,-0.033217,1,0,0
0.78,0.5,-0.034928,1,0,0
0.8,0.5,-0.048401,1,0,0
0.82,0.5,-0.066083,1,0,0
0.84,0.5,-0.057732,1,0,0
0.86,0.5,-0.052394,1,0,0
0.88,0.5,-0.040392,1,0,0
0.9,0.5,-0.026905,1,0,0
0.92,0.5,-0.022969,1,0,0
0.94,0.5,-0.018382,1,0,0
0.96,0.5,-0.0042583,1,0,0
0.98,0.5,0.0069016,1,0,0
0.02,0.52,-0.012754,1,0,0
0.04,0.52,-0.0037206,1,0,0
0.06,0.52,-0.020088,1,0,0
0.08,0.52,-0.026463,1,0,0
0.1,0.52,-0.016431,1,0,0
0.12,0.52,0.0068173,1,0,0
0.14,0.52,0.0099839,1,0,0
0.16,0.52,0.015334,1,0,0
0.18,0.52,0.008773,1,0,0
0.2,0.52,0.013597,1,0,0
0.22,0.52,0.030558,1,0,0
0.24,0.52,0.020672,1,0,0
0.26,0.52,-0.0049028,1,0,0
0.28,0.52,-0.019457,1,0,0
0.3,0.52,-0.023625,1,0,0
0.32,0.52,-0.020912,1,0,0
0.34,0.52,-0.031742,1,0,0
0.36,0.52,-0.057304,1,0,0
0.38,0.52,-0.056844,1,0,0
0.4,0.52,-0.050658,1,0,0
0.42,0.52,-0.034503,1,0,0
0.44,0.52,-0.045864,1,0,0
0.46,0.52,-0.047098,1,0,0
0.48,0.52,-0.045659,1,0,0
0.5,0.52,-0.058518,1,0,0
0.52,0.52,-0.060132,1,0,0
0.54,0.52,-0.062665,1,0,0
0.56,0.52,-0.050926,1,0,0
0.58,0.52,-0.044485,1,0,0
0.6,0.52,-0.023666,1,0,0
0.62,0.52,-0.015703,1,0,0
0.64,0.52,-0.019655,1,0,0
0.66,0.52,-0.017268,1,0,0
0.68,0.52,-0.038732,1,0,0
0.7,0.52,-0.042037,1,0,0
0.72,0.52,-0.033046,1,0,0
0.74,0.52,-0.027777,1,0,0
0.76,0.52,-0.046805,1,0,0
0.78,0.52,-0.044092,1,0,0
0.8,0.52,-0.060119,1,0,0
0.82,0.52,-0.059221,1,0,0
0.84,0.52,-0.045384,1,0,0
0.86,0.52,-0.031451,1,0,0
0.88,0.52,-0.040239,1,0,0
0.9,0.52,-0.024726,1,0,0
0.92,0.52,-0.02855,1,0,0
0.94,0.52,-0.036239,1,0,0
0.96,0.52,-0.023726,1,0,0
0.98,0.52,-0.0098334,1,0,0
0.02,0.54,-0.0036884,1,0,0
0.04,0.54,0.010059,1,0,0
0.06,0.54,-0.0058246,1,0,0
0.08,0.54,-0.012068,1,0,0
0.1,0.54,-0.0091469,1,0,0
0.12,0.54,-0.0029229,1,0,0
0.14,0.54,0.0024773,1,0,0
0.16,0.54,0.01577,1,0,0
0.18,0.54,0.016793,1,0,0
0.2,0.54,0.010008,1,0,0
0.22,0.54,0.0207,1,0,0
0.24,0.54,0.0053258,1,0,0
0.26,0.54,-0.020843,1,0,0
0.28,0.54,-0.0038427,1,0,0
0.3,0.54,-0.022405,1,0,0
0.32,0.54,-0.030158,1,0,0
0.34,0.54,-0.040966,1,0,0
0.36,0.54,-0.039518,1,0,0
0.38,0.54,-0.050679,1,0,0
0.4,0.54,-0.040971,1,0,0
0.42,0.54,-0.03365,1,0,0
0.44,0.54,-0.043856,1,0,0
0.46,0.54,-0.042316,1,0,0
0.48,0.54,-0.041696,1,0,0
0.5,0.54,-0.040083,1,0,0
0.52,0.54,-0.056937,1,0,0
0.54,0.54,-0.050667,1,0,0
0.56,0.54,-0.048935,1,0,0
0.58,0.54,-0.038709,1,0,0
0.6,0.54,-0.036853,1,0,0
0.62,0.54,-0.021324,1,0,0
0.64,0.54,-0.034228,1,0,0
0.66,0.54,-0.011019,1,0,0
0.68,0.54,-0.021503,1,0,0
0.7,0.54,-0.025272,1,0,0
0.72,0.54,-0.036757,1,0,0
0.74,0.54,-0.051458,1,0,0
0.76,0.54,-0.060833,1,0,0
0.78,0.54,-0.04652,1,0,0
0.8,0.54,-0.055054,1,0,0
0.82,0.54,-0.049609,1,0,0
0.84,0.54,-0.031066,1,0,0
0.86,0.54,-0.020931,1,0,0
0.88,0.54,-0.037156,1,0,0
0.9,0.54,-0.021133,1,0,0
0.92,0.54,-0.037088,1,0,0
0.94,0.54,-0.047534,1,0,0
0.96,0.54,-0.040733,1,0,0
0.98,0.54,-0.024091,1,0,0
0.02,0.56,-0.0028434,1,0,0
0.04,0.56,0.020315,1,0,0
0.06,0.56,0.014835,1,0,0
0.08,0.56,0.011977,1,0,0
0.1,0.56,0.007742,1,0,0
0.12,0.56,0.011283,1,0,0
0.14,0.56,0.0039903,1,0,0
0.16,0.56,0.023878,1,0,0
0.18,0.56,0.017988,1,0,0
0.2,0.56,0.025739,1,0,0
0.22,0.56,0.017184,1,0,0
0.24,0.56,0.0032881,1,0,0
0.26,0.56,-0.0070375,1,0,0
0.28,0.56,-0.021356,1,0,0
0.3,0.56,-0.028075,1,0,0
0.32,0.56,-0.038461,1,0,0
0.34,0.56,-0.036013,1,0,0
0.36,0.56,-0.025764,1,0,0
0.38,0.56,-0.01996,1,0,0
0.4,0.56,-0.027916,1,0,0
0.42,0.56,-0.040579,1,0,0
0.44,0.56,-0.047475,1,0,0
0.46,0.56,-0.035334,1,0,0
0.48,0.56,-0.026784,1,0,0
0.5,0.56,-0.036248,1,0,0
0.52,0.56,-0.049444,1,0,0
0.54,0.56,-0.045073,1,0,0
0.56,0.56,-0.052455,1,0,0
0.58,0.56,-0.024826,1,0,0
0.6,0.56,-0.019731,1,0,0
0.62,0.56,-0.026048,1,0,0
0.64,0.56,-0.027501,1,0,0
0.66,0.56,-0.015417,1,0,0
0.68,0.56,-0.014779,1,0,0
0.7,0.56,-0.019723,1,0,0
0.72,0.56,-0.02744,1,0,0
0.74,0.56,-0.03243,1,0,0
0.76,0.56,-0.057437,1,0,0
0.78,0.56,-0.034815,1,0,0
0.8,0.56,-0.050682,1,0,0
0.82,0.56,-0.041191,1,0,0
0.84,0.56,-0.028658,1,0,0
0.86,0.56,-0.024276,1,0,0
0.88,0.56,-0.043395,1,0,0
0.9,0.56,-0.03737,1,0,0
0.92,0.56,-0.044162,1,0,0
0.94,0.56,-0.054264,1,0,0
0.96,0.56,-0.038423,1,0,0
0.98,0.56,-0.0028434,1,0,0
0.02,0.58,0.015122,1,0,0
0.04,0.58,0.034021,1,0,0
0.06,0.58,0.018821,1,0,0
0.08,0.58,0.024945,1,0,0
0.1,0.58,0.010266,1,0,0
0.12,0.58,0.017927,1,0,0
0.14,0.58,0.025784,1,0,0
0.16,0.58,0.039696,1,0,0
0.18,0.58,0.024953,1,0,0
0.2,0.58,0.019622,1,0,0
0.22,0.58,0.019982,1,0,0
0.24,0.58,0.011239,1,0,0
0.26,0.58,-0.010288,1,0,0
0.28,0.58,-0.014714,1,0,0
0.3,0.58,-0.015742,1,0,0
0.32,0.58,-0.026048,1,0,0
0.34,0.58,-0.029362,1,0,0
0.36,0.58,-0.038078,1,0,0
0.38,0.58,-0.035505,1,0,0
0.4,0.58,-0.040661,1,0,0
0.42,0.58,-0.040195,1,0,0
0.44,0.58,-0.043474,1,0,0
0.46,0.58,-0.032598,1,0,0
0.48,0.58,-0.025132,1,0,0
0.5,0.58,-0.024286,1,0,0
0.52,0.58,-0.034919,1,0,0
0.54,0.58,-0.025902,1,0,0
0.56,0.58,-0.022575,1,0,0
0.58,0.58,-0.026218,1,0,0
0.6,0.58,-0.022821,1,0,0
0.62,0.58,-0.014232,1,0,0
0.64,0.58,-0.016963,1,0,0
0.66,0.58,-8.0989e-05,1,0,0
0.68,0.58,-0.003233,1,0,0
0.7,0.58,-0.008831,1,0,0
0.72,0.58,-0.011208,1,0,0
0.74,0.58,-0.014417,1,0,0
0.76,0.58,-0.038395,1,0,0
0.78,0.58,-0.052414,1,0,0
0.8,0.58,-0.042725,1,0,0
0.82,0.58,-0.018897,1,0,0
0.84,0.58,-0.022163,1,0,0
0.86,0.58,-0.037528,1,0,0
0.88,0.58,-0.040852,1,0,0
0.9,0.58,-0.038987,1,0,0
0.92,0.58,-0.033859,1,0,0
0.94,0.58,-0.044099,1,0,0
0.96,0.58,-0.039483,1,0,0
0.98,0.58,-0.025496,1,0,0
0.02,0.6,0.019534,1,0,0
0.04,0.6,0.030925,1,0,0
0.06,0.6,0.030324,1,0,0
0.08,0.6,0.035137,1,0,0
0.1,0.6,0.035355,1,0,0
0.12,0.6,0.038055,1,0,0
0.14,0.6,0.049343,1,0,0
0.16,0.6,0.044924,1,0,0
0.18,0.6,0.043672,1,0,0
0.2,0.6,0.034718,1,0,0
0.22,0.6,0.027239,1,0,0
0.24,0.6,0.014343,1,0,0
0.26,0.6,0.015825,1,0,0
0.28,0.6,0.010437,1,0,0
0.3,0.6,-0.0021743,1,0,0
0.32,0.6,0.0079284,1,0,0
0.34,0.6,-0.023499,1,0,0
0.36,0.6,-0.032692,1,0,0
0.38,0.6,-0.038095,1,0,0
0.4,0.6,-0.061965,1,0,0
0.42,0.6,-0.062511,1,0,0
0.44,0.6,-0.056915,1,0,0
0.46,0.6,-0.025632,1,0,0
0.48,0.6,-0.014478,1,0,0
0.5,0.6,-0.014491,1,0,0
0.52,0.6,-0.015016,1,0,0
0.54,0.6,-0.012015,1,0,0
0.56,0.6,-0.0078105,1,0,0
0.58,0.6,0.0051547,1,0,0
0.6,0.6,-0.0057504,1,0,0
0.62,0.6,-0.0013622,1,0,0
0.64,0.6,-0.00014628,1,0,0
0.66,0.6,0.0067827,1,0,0
0.68,0.6,0.00033884,1,0,0
0.7,0.6,-0.0040475,1,0,0
0.72,0.6,0.0054672,1,0,0
0.74,0.6,-0.00015599,1,0,0
0.76,0.6,-0.014397,1,0,0
0.78,0.6,-0.049109,1,0,0
0.8,0.6,-0.03562,1,0,0
0.82,0.6,-0.038011,1,0,0
0.84,0.6,-0.020268,1,0,0
0.86,0.6,-0.025858,1,0,0
0.88,0.6,-0.030639,1,0,0
0.9,0.6,-0.03009,1,0,0
0.92,0.6,-0.032146,1,0,0
0.94,0.6,-0.041165,1,0,0
0.96,0.6,-0.043476,1,0,0
0.98,0.6,-0.026536,1,0,0
0.02,0.62,0.026503,1,0,0
0.04,0.62,0.026331,1,0,0
0.06,0.62,0.029656,1,0,0
0.08,0.62,0.049666,1,0,0
0.1,0.62,0.042848,1,0,0
0.12,0.62,0.040283,1,0,0
0.14,0.62,0.042299,1,0,0
0.16,0.62,0.041293,1,0,0
0.18,0.62,0.048279,1,0,0
0.2,0.62,0.053656,1,0,0
0.22,0.62,0.034101,1,0,0
0.24,0.62,0.017936,1,0,0
0.26,0.62,0.030495,1,0,0
0.28,0.62,0.031322,1,0,0
0.3,0.62,0.031864,1,0,0
0.32,0.62,0.0054963,1,0,0
0.34,0.62,-0.017235,1,0,0
0.36,0.62,-0.045866,1,0,0
0.38,0.62,-0.051826,1,0,0
0.4,0.62,-0.071781,1,0,0
0.42,0.62,-0.077195,1,0,0
0.44,0.62,-0.056028,1,0,0
0.46,0.62,-0.036865,1,0,0
0.48,0.62,-0.022881,1,0,0
0.5,0.62,-0.012367,1,0,0
0.52,0.62,-0.0093867,1,0,0
0.54,0.62,0.0017422,1,0,0
0.56,0.62,0.025006,1,0,0
0.58,0.62,0.020467,1,0,0
0.6,0.62,0.01895,1,0,0
0.62,0.62,0.012622,1,0,0
0.64,0.62,0.0142,1,0,0
0.66,0.62,0.0026054,1,0,0
0.68,0.62,0.0052911,1,0,0
0.7,0.62,-0.0039901,1,0,0
0.72,0.62,-0.0068983,1,0,0
0.74,0.62,0.00081389,1,0,0
0.76,0.62,-0.0021218,1,0,0
0.78,0.62,-0.021474,1,0,0
0.8,0.62,-0.038844,1,0,0
0.82,0.62,-0.025767,1,0,0
0.84,0.62,-0.029857,1,0,0
0.86,0.62,-0.026996,1,0,0
0.88,0.62,-0.022167,1,0,0
0.9,0.62,-0.035042,1,0,0
0.92,0.62,-0.024716,1,0,0
0.94,0.62,-0.038561,1,0,0
0.96,0.62,-0.039617,1,0,0
0.98,0.62,-0.027347,1,0,0
0.02,0.64,0.019863,1,0,0
0.04,0.64,0.02101,1,0,0
0.06,0.64,0.039916,1,0,0
0.08,0.64,0.054647,1,0,0
0.1,0.64,0.061414,1,0,0
0.12,0.64,0.055389,1,0,0
0.14,0.64,0.056047,1,0,0
0.16,0.64,0.046518,1,0,0
0.18,0.64,0.047747,1,0,0
0.2,0.64,0.068762,1,0,0
0.22,0.64,0.063308,1,0,0
0.24,0.64,0.048427,1,0,0
0.26,0.64,0.056244,1,0,0
0.28,0.64,0.050424,1,0,0
0.3,0.64,0.038889,1,0,0
0.32,0.64,0.029583,1,0,0
0.34,0.64,-0.0062845,1,0,0
0.36,0.64,-0.024752,1,0,0
0.38,0.64,-0.042862,1,0,0
0.4,0.64,-0.065854,1,0,0
0.42,0.64,-0.069544,1,0,0
0.44,0.64,-0.046881,1,0,0
0.46,0.64,-0.031594,1,0,0
0.48,0.64,-0.013983,1,0,0
0.5,0.64,0.0033693,1,0,0
0.52,0.64,0.0068391,1,0,0
0.54,0.64,0.023878,1,0,0
0.56,0.64,0.041672,1,0,0
0.58,0.64,0.047853,1,0,0
0.6,0.64,0.025787,1,0,0
0.62,0.64,0.036075,1,0,0
0.64,0.64,0.036217,1,0,0
0.66,0.64,0.014549,1,0,0
0.68,0.64,0.0092116,1,0,0
0.7,0.64,-0.0016347,1,0,0
0.72,0.64,-0.0020866,1,0,0
0.74,0.64,0.019758,1,0,0
0.76,0.64,0.0073938,1,0,0
0.78,0.64,-0.012066,1,0,0
0.8,0.64,-0.027138,1,0,0
0.82,0.64,-0.016592,1,0,0
0.84,0.64,-0.0059295,1,0,0
0.86,0.64,-0.0022831,1,0,0
0.88,0.64,-0.0089012,1,0,0
0.9,0.64,-0.017043,1,0,0
0.92,0.64,-0.018998,1,0,0
0.94,0.64,-0.026982,1,0,0
0.96,0.64,-0.033593,1,0,0
0.98,0.64,-0.019658,1,0,0
0.02,0.66,0.0041213,1,0,0
0.04,0.66,0.024239,1,0,0
0.06,0.66,0.035575,1,0,0
0.08,0.66,0.063548,1,0,0
0.1,0.66,0.064571,1,0,0
0.12,0.66,0.079474,1,0,0
0.14,0.66,0.075112,1,0,0
0.16,0.66,0.051697,1,0,0
0.18,0.66,0.057694,1,0,0
0.2,0.66,0.067059,1,0,0
0.22,0.66,0.06865,1,0,0
0.24,0.66,0.069061,1,0,0
0.26,0.66,0.064762,1,0,0
0.28,0.66,0.061214,1,0,0
0.3,0.66,0.046981,1,0,0
0.32,0.66,0.053481,1,0,0
0.34,0.66,0.011519,1,0,0
0.36,0.66,-0.019658,1,0,0
0.38,0.66,-0.028226,1,0,0
0.4,0.66,-0.041549,1,0,0
0.42,0.66,-0.043426,1,0,0
0.44,0.66,-0.030645,1,0,0
0.46,0.66,-0.017142,1,0,0
0.48,0.66,-0.011038,1,0,0
0.5,0.66,0.012379,1,0,0
0.52,0.66,0.025817,1,0,0
0.54,0.66,0.039271,1,0,0
0.56,0.66,0.053626,1,0,0
0.58,0.66,0.040614,1,0,0
0.6,0.66,0.016626,1,0,0
0.62,0.66,0.035371,1,0,0
0.64,0.66,0.036513,1,0,0
0.66,0.66,0.040871,1,0,0
0.68,0.66,0.010105,1,0,0
0.7,0.66,0.0099364,1,0,0
0.72,0.66,0.011781,1,0,0
0.74,0.66,0.018745,1,0,0
0.76,0.66,0.0051421,1,0,0
0.78,0.66,-0.017052,1,0,0
0.8,0.66,-0.019933,1,0,0
0.82,0.66,0.00098255,1,0,0
0.84,0.66,0.0048672,1,0,0
0.86,0.66,0.011289,1,0,0
0.88,0.66,-0.0089838,1,0,0
0.9,0.66,-0.00025867,1,0,0
0.92,0.66,0.002377,1,0,0
0.94,0.66,-0.0036788,1,0,0
0.96,0.66,-0.032626,1,0,0
0.98,0.66,-0.019291,1,0,0
0.02,0.68,-0.011508,1,0,0
0.04,0.68,0.0098238,1,0,0
0.06,0.68,0.018383,1,0,0
0.08,0.68,0.058072,1,0,0
0.1,0.68,0.065861,1,0,0
0.12,0.68,0.071928,1,0,0
0.14,0.68,0.050817,1,0,0
0.16,0.68,0.060626,1,0,0
0.18,0.68,0.048252,1,0,0
0.2,0.68,0.059467,1,0,0
0.22,0.68,0.068627,1,0,0
0.24,0.68,0.065832,1,0,0
0.26,0.68,0.064223,1,0,0
0.28,0.68,0.059299,1,0,0
0.3,0.68,0.048424,1,0,0
0.32,0.68,0.032905,1,0,0
0.34,0.68,0.01792,1,0,0
0.36,0.68,0.0010043,1,0,0
0.38,0.68,0.0038687,1,0,0
0.4,0.68,-0.018358,1,0,0
0.42,0.68,-0.024701,1,0,0
0.44,0.68,-0.020945,1,0,0
0.46,0.68,-0.0088586,1,0,0
0.48,0.68,0.0034647,1,0,0
0.5,0.68,0.010786,1,0,0
0.52,0.68,0.015739,1,0,0
0.54,0.68,0.023744,1,0,0
0.56,0.68,0.044986,1,0,0
0.58,0.68,0.042317,1,0,0
0.6,0.68,0.032464,1,0,0
0.62,0.68,0.038642,1,0,0
0.64,0.68,0.027951,1,0,0
0.66,0.68,0.024671,1,0,0
0.68,0.68,0.014957,1,0,0
0.7,0.68,0.0029505,1,0,0
0.72,0.68,-0.0039684,1,0,0
0.74,0.68,0.023151,1,0,0
0.76,0.68,0.0029457,1,0,0
0.78,0.68,0.00031764,1,0,0
0.8,0.68,-0.011798,1,0,0
0.82,0.68,0.0042918,1,0,0
0.84,0.68,-0.0019621,1,0,0
0.86,0.68,0.0066183,1,0,0
0.88,0.68,0.00017745,1,0,0
0.9,0.68,0.007134,1,0,0
0.92,0.68,-0.010379,1,0,0
0.94,0.68,-0.0029894,1,0,0
0.96,0.68,-0.011584,1,0,0
0.98,0.68,-0.018508,1,0,0
0.02,0.7,-0.018561,1,0,0
0.04,0.7,-0.004797,1,0,0
0.06,0.7,0.012375,1,0,0
0.08,0.7,0.02906,1,0,0
0.1,0.7,0.042058,1,0,0
0.12,0.7,0.042371,1,0,0
0.14,0.7,0.036025,1,0,0
0.16,0.7,0.041243,1,0,0
0.18,0.7,0.04399,1,0,0
0.2,0.7,0.051644,1,0,0
0.22,0.7,0.052595,1,0,0
0.24,0.7,0.064158,1,0,0
0.26,0.7,0.069961,1,0,0
0.28,0.7,0.067477,1,0,0
0.3,0.7,0.055391,1,0,0
0.32,0.7,0.038293,1,0,0
0.34,0.7,0.0064611,1,0,0
0.36,0.7,-0.0034065,1,0,0
0.38,0.7,-0.0025101,1,0,0
0.4,0.7,-0.0091067,1,0,0
0.42,0.7,-0.03173,1,0,0
0.44,0.7,-0.016173,1,0,0
0.46,0.7,-0.00030711,1,0,0
0.48,0.7,0.001798,1,0,0
0.5,0.7,0.010413,1,0,0
0.52,0.7,0.0063176,1,0,0
0.54,0.7,0.020532,1,0,0
0.56,0.7,0.015317,1,0,0
0.58,0.7,0.039213,1,0,0
0.6,0.7,0.037165,1,0,0
0.62,0.7,0.028403,1,0,0
0.64,0.7,0.007907,1,0,0
0.66,0.7,0.0082739,1,0,0
0.68,0.7,0.0014804,1,0,0
0.7,0.7,-0.02076,1,0,0
0.72,0.7,-0.019492,1,0,0
0.74,0.7,-0.012887,1,0,0
0.76,0.7,-0.018249,1,0,0
0.78,0.7,-0.0073423,1,0,0
0.8,0.7,-0.010498,1,0,0
0.82,0.7,-0.0069609,1,0,0
0.84,0.7,-0.0050977,1,0,0
0.86,0.7,-0.00060366,1,0,0
0.88,0.7,0.0041994,1,0,0
0.9,0.7,0.0093047,1,0,0
0.92,0.7,0.00015271,1,0,0
0.94,0.7,-0.017509,1,0,0
0.96,0.7,-0.039474,1,0,0
0.98,0.7,-0.038812,1,0,0
0.02,0.72,-0.029341,1,0,0
0.04,0.72,-0.013115,1,0,0
0.06,0.72,-0.00082206,1,0,0
0.08,0.72,0.0093592,1,0,0
0.1,0.72,0.021962,1,0,0
0.12,0.72,0.03681,1,0,0
0.14,0.72,0.045143,1,0,0
0.16,0.72,0.044373,1,0,0
0.18,0.72,0.031787,1,0,0
0.2,0.72,0.026721,1,0,0
0.22,0.72,0.059709,1,0,0
0.24,0.72,0.066769,1,0,0
0.26,0.72,0.065481,1,0,0
0.28,0.72,0.074782,1,0,0
0.3,0.72,0.06456,1,0,0
0.32,0.72,0.049416,1,0,0
0.34,0.72,0.030435,1,0,0
0.36,0.72,0.010524,1,0,0
0.38,0.72,-0.0027198,1,0,0
0.4,0.72,-0.018622,1,0,0
0.42,0.72,-0.021211,1,0,0
0.44,0.72,-0.018628,1,0,0
0.46,0.72,-0.00328,1,0,0
0.48,0.72,0.01621,1,0,0
0.5,0.72,0.024161,1,0,0
0.52,0.72,0.02104,1,0,0
0.54,0.72,0.016971,1,0,0
0.56,0.72,0.03334,1,0,0
0.58,0.72,0.029879,1,0,0
0.6,0.72,0.035175,1,0,0
0.62,0.72,0.034916,1,0,0
0.64,0.72,0.0089893,1,0,0
0.66,0.72,0.00019043,1,0,0
0.68,0.72,-0.005617,1,0,0
0.7,0.72,-0.018346,1,0,0
0.72,0.72,-0.012983,1,0,0
0.74,0.72,-0.0076551,1,0,0
0.76,0.72,-0.014731,1,0,0
0.78,0.72,-0.015771,1,0,0
0.8,0.72,-0.017253,1,0,0
0.82,0.72,-0.012357,1,0,0
0.84,0.72,-0.0027199,1,0,0
0.86,0.72,-0.0050859,1,0,0
0.88,0.72,-0.0037741,1,0,0
0.9,0.72,0.022111,1,0,0
0.92,0.72,0.0094567,1,0,0
0.94,0.72,-0.021615,1,0,0
0.96,0.72,-0.037446,1,0,0
0.98,0.72,-0.055981,1,0,0
0.02,0.74,-0.050821,1,0,0
0.04,0.74,-0.017976,1,0,0
0.06,0.74,0.00025784,1,0,0
0.08,0.74,-0.00068246,1,0,0
0.1,0.74,0.010255,1,0,0
0.12,0.74,0.027933,1,0,0
0.14,0.74,0.040516,1,0,0
0.16,0.74,0.030757,1,0,0
0.18,0.74,0.023471,1,0,0
0.2,0.74,0.025528,1,0,0
0.22,0.74,0.05359,1,0,0
0.24,0.74,0.059418,1,0,0
0.26,0.74,0.064624,1,0,0
0.28,0.74,0.062376,1,0,0
0.3,0.74,0.053145,1,0,0
0.32,0.74,0.044289,1,0,0
0.34,0.74,0.027447,1,0,0
0.36,0.74,0.0061944,1,0,0
0.38,0.74,-0.0024057,1,0,0
0.4,0.74,-0.011831,1,0,0
0.42,0.74,-0.0070019,1,0,0
0.44,0.74,-0.017811,1,0,0
0.46,0.74,-0.0097856,1,0,0
0.48,0.74,0.017236,1,0,0
0.5,0.74,0.019416,1,0,0
0.52,0.74,0.020212,1,0,0
0.54,0.74,0.013404,1,0,0
0.56,0.74,0.026954,1,0,0
0.58,0.74,0.021071,1,0,0
0.6,0.74,0.022527,1,0,0
0.62,0.74,0.01789,1,0,0
0.64,0.74,0.015184,1,0,0
0.66,0.74,0.007895,1,0,0
0.68,0.74,-0.0038871,1,0,0
0.7,0.74,-0.0089976,1,0,0
0.72,0.74,-0.0066931,1,0,0
0.74,0.74,-0.016491,1,0,0
0.76,0.74,-0.020612,1,0,0
0.78,0.74,-0.016423,1,0,0
0.8,0.74,-0.023052,1,0,0
0.82,0.74,-0.029753,1,0,0
0.84,0.74,-0.024224,1,0,0
0.86,0.74,-0.026979,1,0,0
0.88,0.74,-0.03095,1,0,0
0.9,0.74,-0.0040317,1,0,0
0.92,0.74,0.0025088,1,0,0
0.94,0.74,-0.021539,1,0,0
0.96,0.74,-0.03546,1,0,0
0.98,0.74,-0.045132,1,0,0
0.02,0.76,-0.049902,1,0,0
0.04,0.76,-0.024196,1,0,0
0.06,0.76,0.0032919,1,0,0
0.08,0.76,0.0077352,1,0,0
0.1,0.76,0.03027,1,0,0
0.12,0.76,0.035313,1,0,0
0.14,0.76,0.031376,1,0,0
0.16,0.76,0.023717,1,0,0
0.18,0.76,0.030347,1,0,0
0.2,0.76,0.047645,1,0,0
0.22,0.76,0.063925,1,0,0
0.24,0.76,0.072693,1,0,0
0.26,0.76,0.067882,1,0,0
0.28,0.76,0.062821,1,0,0
0.3,0.76,0.047212,1,0,0
0.32,0.76,0.041428,1,0,0
0.34,0.76,0.034161,1,0,0
0.36,0.76,0.020984,1,0,0
0.38,0.76,0.010306,1,0,0
0.4,0.76,0.014363,1,0,0
0.42,0.76,-0.0058644,1,0,0
0.44,0.76,-0.0073924,1,0,0
0.46,0.76,0.0005322,1,0,0
0.48,0.76,0.022235,1,0,0
0.5,0.76,0.045424,1,0,0
0.52,0.76,0.029552,1,0,0
0.54,0.76,0.030563,1,0,0
0.56,0.76,0.020137,1,0,0
0.58,0.76,0.025091,1,0,0
0.6,0.76,0.018972,1,0,0
0.62,0.76,0.026297,1,0,0
0.64,0.76,0.022098,1,0,0
0.66,0.76,0.025727,1,0,0
0.68,0.76,0.02802,1,0,0
0.7,0.76,0.014245,1,0,0
0.72,0.76,0.0085841,1,0,0
0.74,0.76,-0.0090839,1,0,0
0.76,0.76,-0.014069,1,0,0
0.78,0.76,-0.0064165,1,0,0
0.8,0.76,-0.021808,1,0,0
0.82,0.76,-0.039122,1,0,0
0.84,0.76,-0.031171,1,0,0
0.86,0.76,-0.029004,1,0,0
0.88,0.76,-0.023877,1,0,0
0.9,0.76,-0.021458,1,0,0
0.92,0.76,-0.011584,1,0,0
0.94,0.76,-0.022468,1,0,0
0.96,0.76,-0.018676,1,0,0
0.98,0.76,-0.012667,1,0,0
0.02,0.78,-0.05313,1,0,0
0.04,0.78,-0.027026,1,0,0
0.06,0.78,-0.022054,1,0,0
0.08,0.78,0.019768,1,0,0
0.1,0.78,0.024816,1,0,0
0.12,0.78,0.030581,1,0,0
0.14,0.78,0.020068,1,0,0
0.16,0.78,0.025647,1,0,0
0.18,0.78,0.011215,1,0,0
0.2,0.78,0.038639,1,0,0
0.22,0.78,0.056819,1,0,0
0.24,0.78,0.061777,1,0,0
0.26,0.78,0.056743,1,0,0
0.28,0.78,0.045107,1,0,0
0.3,0.78,0.051117,1,0,0
0.32,0.78,0.049286,1,0,0
0.34,0.78,0.033773,1,0,0
0.36,0.78,0.022736,1,0,0
0.38,0.78,0.019953,1,0,0
0.4,0.78,-0.0033321,1,0,0
0.42,0.78,-0.0017211,1,0,0
0.44,0.78,-0.01056,1,0,0
0.46,0.78,5.4247e-05,1,0,0
0.48,0.78,0.026222,1,0,0
0.5,0.78,0.049993,1,0,0
0.52,0.78,0.059107,1,0,0
0.54,0.78,0.049138,1,0,0
0.56,0.78,0.025369,1,0,0
0.58,0.78,0.015909,1,0,0
0.6,0.78,0.0093342,1,0,0
0.62,0.78,0.01712,1,0,0
0.64,0.78,0.02239,1,0,0
0.66,0.78,0.041358,1,0,0
0.68,0.78,0.050128,1,0,0
0.7,0.78,0.037901,1,0,0
0.72,0.78,0.008748,1,0,0
0.74,0.78,0.0088001,1,0,0
0.76,0.78,-0.0082436,1,0,0
0.78,0.78,-0.014163,1,0,0
0.8,0.78,-0.027369,1,0,0
0.82,0.78,-0.031157,1,0,0
0.84,0.78,-0.041797,1,0,0
0.86,0.78,-0.029121,1,0,0
0.88,0.78,-0.021053,1,0,0
0.9,0.78,-0.019818,1,0,0
0.92,0.78,-0.026475,1,0,0
0.94,0.78,-0.022422,1,0,0
0.96,0.78,-0.013591,1,0,0
0.98,0.78,-0.019191,1,0,0
0.02,0.8,-0.038397,1,0,0
0.04,0.8,-0.016701,1,0,0
0.06,0.8,-0.021297,1,0,0
0.08,0.8,0.011619,1,0,0
0.1,0.8,0.0015708,1,0,0
0.12,0.8,0.019858,1,0,0
0.14,0.8,0.015151,1,0,0
0.16,0.8,0.0040169,1,0,0
0.18,0.8,0.00085001,1,0,0
0.2,0.8,0.023608,1,0,0
0.22,0.8,0.052255,1,0,0
0.24,0.8,0.066951,1,0,0
0.26,0.8,0.042768,1,0,0
0.28,0.8,0.029958,1,0,0
0.3,0.8,0.035405,1,0,0
0.32,0.8,0.058341,1,0,0
0.34,0.8,0.036379,1,0,0
0.36,0.8,0.012474,1,0,0
0.38,0.8,0.020334,1,0,0
0.4,0.8,0.0066292,1,0,0
0.42,0.8,-0.0038642,1,0,0
0.44,0.8,-0.0021818,1,0,0
0.46,0.8,0.013985,1,0,0
0.48,0.8,0.011218,1,0,0
0.5,0.8,0.044896,1,0,0
0.52,0.8,0.061977,1,0,0
0.54,0.8,0.050752,1,0,0
0.56,0.8,0.024341,1,0,0
0.58,0.8,0.014566,1,0,0
0.6,0.8,0.011459,1,0,0
0.62,0.8,0.027825,1,0,0
0.64,0.8,0.025958,1,0,0
0.66,0.8,0.055321,1,0,0
0.68,0.8,0.036499,1,0,0
0.7,0.8,0.022293,1,0,0
0.72,0.8,0.012603,1,0,0
0.74,0.8,0.014169,1,0,0
0.76,0.8,-0.0013062,1,0,0
0.78,0.8,-0.024687,1,0,0
0.8,0.8,-0.027503,1,0,0
0.82,0.8,-0.023676,1,0,0
0.84,0.8,-0.037568,1,0,0
0.86,0.8,-0.030133,1,0,0
0.88,0.8,-0.03713,1,0,0
0.9,0.8,-0.024917,1,0,0
0.92,0.8,-0.029,1,0,0
0.94,0.8,-0.024414,1,0,0
0.96,0.8,-0.028131,1,0,0
0.98,0.8,-0.018224,1,0,0
0.02,0.82,-0.025358,1,0,0
0.04,0.82,-0.017248,1,0,0
0.06,0.82,-0.016219,1,0,0
0.08,0.82,-0.0077866,1,0,0
0.1,0.82,-0.0091471,1,0,0
0.12,0.82,-0.011042,1,0,0
0.14,0.82,-0.00048011,1,0,0
0.16,0.82,0.001425,1,0,0
0.18,0.82,-0.010885,1,0,0
0.2,0.82,0.025842,1,0,0
0.22,0.82,0.04048,1,0,0
0.24,0.82,0.044257,1,0,0
0.26,0.82,0.03916,1,0,0
0.28,0.82,0.032834,1,0,0
0.3,0.82,0.032012,1,0,0
0.32,0.82,0.041618,1,0,0
0.34,0.82,0.024368,1,0,0
0.36,0.82,0.020715,1,0,0
0.38,0.82,0.014984,1,0,0
0.4,0.82,0.0075867,1,0,0
0.42,0.82,0.010234,1,0,0
0.44,0.82,0.0093574,1,0,0
0.46,0.82,0.01673,1,0,0
0.48,0.82,0.037523,1,0,0
0.5,0.82,0.0542,1,0,0
0.52,0.82,0.043544,1,0,0
0.54,0.82,0.046103,1,0,0
0.56,0.82,0.029506,1,0,0
0.58,0.82,0.034481,1,0,0
0.6,0.82,0.018177,1,0,0
0.62,0.82,0.038518,1,0,0
0.64,0.82,0.047046,1,0,0
0.66,0.82,0.049426,1,0,0
0.68,0.82,0.042058,1,0,0
0.7,0.82,0.028422,1,0,0
0.72,0.82,0.0025068,1,0,0
0.74,0.82,0.01173,1,0,0
0.76,0.82,0.002034,1,0,0
0.78,0.82,-0.011179,1,0,0
0.8,0.82,-0.022357,1,0,0
0.82,0.82,-0.02117,1,0,0
0.84,0.82,-0.030253,1,0,0
0.86,0.82,-0.026604,1,0,0
0.88,0.82,-0.019111,1,0,0
0.9,0.82,-0.020046,1,0,0
0.92,0.82,-0.025339,1,0,0
0.94,0.82,-0.02847,1,0,0
0.96,0.82,-0.038359,1,0,0
0.98,0.82,-0.035759,1,0,0
0.02,0.84,-0.030034,1,0,0
0.04,0.84,-0.029163,1,0,0
0.06,0.84,-0.02836,1,0,0
0.08,0.84,-0.020295,1,0,0
0.1,0.84,-0.014762,1,0,0
0.12,0.84,0.00071225,1,0,0
0.14,0.84,0.0011191,1,0,0
0.16,0.84,-0.0059439,1,0,0
0.18,0.84,0.0056354,1,0,0
0.2,0.84,0.027115,1,0,0
0.22,0.84,0.023445,1,0,0
0.24,0.84,0.021844,1,0,0
0.26,0.84,0.03481,1,0,0
0.28,0.84,0.030744,1,0,0
0.3,0.84,0.031465,1,0,0
0.32,0.84,0.03035,1,0,0
0.34,0.84,0.036592,1,0,0
0.36,0.84,0.023066,1,0,0
0.38,0.84,0.025249,1,0,0
0.4,0.84,0.021074,1,0,0
0.42,0.84,0.010643,1,0,0
0.44,0.84,0.018481,1,0,0
0.46,0.84,0.029829,1,0,0
0.48,0.84,0.051672,1,0,0
0.5,0.84,0.069316,1,0,0
0.52,0.84,0.054111,1,0,0
0.54,0.84,0.037015,1,0,0
0.56,0.84,0.044044,1,0,0
0.58,0.84,0.036985,1,0,0
0.6,0.84,0.038372,1,0,0
0.62,0.84,0.047069,1,0,0
0.64,0.84,0.059124,1,0,0
0.66,0.84,0.054396,1,0,0
0.68,0.84,0.049766,1,0,0
0.7,0.84,0.044065,1,0,0
0.72,0.84,0.025737,1,0,0
0.74,0.84,0.0093731,1,0,0
0.76,0.84,-0.0047132,1,0,0
0.78,0.84,5.5317e-05,1,0,0
0.8,0.84,-0.026881,1,0,0
0.82,0.84,-0.030658,1,0,0
0.84,0.84,-0.032257,1,0,0
0.86,0.84,-0.014084,1,0,0
0.88,0.84,-0.015784,1,0,0
0.9,0.84,-0.012677,1,0,0
0.92,0.84,0.00092288,1,0,0
0.94,0.84,-0.02378,1,0,0
0.96,0.84,-0.04155,1,0,0
0.98,0.84,-0.039947,1,0,0
0.02,0.86,-0.043967,1,0,0
0.04,0.86,-0.03946,1,0,0
0.06,0.86,-0.038341,1,0,0
0.08,0.86,-0.036203,1,0,0
0.1,0.86,-0.025091,1,0,0
0.12,0.86,-0.025503,1,0,0
0.14,0.86,-0.008284,1,0,0
0.16,0.86,-0.013877,1,0,0
0.18,0.86,-0.00046888,1,0,0
0.2,0.86,0.0057821,1,0,0
0.22,0.86,0.02298,1,0,0
0.24,0.86,0.015405,1,0,0
0.26,0.86,0.026279,1,0,0
0.28,0.86,0.02066,1,0,0
0.3,0.86,0.0033934,1,0,0
0.32,0.86,0.010738,1,0,0
0.34,0.86,0.0061042,1,0,0
0.36,0.86,0.023675,1,0,0
0.38,0.86,0.026858,1,0,0
0.4,0.86,0.019963,1,0,0
0.42,0.86,0.020661,1,0,0
0.44,0.86,0.017231,1,0,0
0.46,0.86,0.031124,1,0,0
0.48,0.86,0.048525,1,0,0
0.5,0.86,0.048317,1,0,0
0.52,0.86,0.039823,1,0,0
0.54,0.86,0.031106,1,0,0
0.56,0.86,0.039054,1,0,0
0.58,0.86,0.040498,1,0,0
0.6,0.86,0.041264,1,0,0
0.62,0.86,0.054204,1,0,0
0.64,0.86,0.059578,1,0,0
0.66,0.86,0.057959,1,0,0
0.68,0.86,0.05096,1,0,0
0.7,0.86,0.031603,1,0,0
0.72,0.86,0.015301,1,0,0
0.74,0.86,-0.0061894,1,0,0
0.76,0.86,-0.014978,1,0,0
0.78,0.86,-0.032784,1,0,0
0.8,0.86,-0.030803,1,0,0
0.82,0.86,-0.043247,1,0,0
0.84,0.86,-0.036497,1,0,0
0.86,0.86,-0.036241,1,0,0
0.88,0.86,-0.04005,1,0,0
0.9,0.86,-0.016792,1,0,0
0.92,0.86,-0.013405,1,0,0
0.94,0.86,-0.021286,1,0,0
0.96,0.86,-0.035802,1,0,0
0.98,0.86,-0.041529,1,0,0
0.02,0.88,-0.044797,1,0,0
0.04,0.88,-0.049349,1,0,0
0.06,0.88,-0.046893,1,0,0
0.08,0.88,-0.044073,1,0,0
0.1,0.88,-0.039715,1,0,0
0.12,0.88,-0.042605,1,0,0
0.14,0.88,-0.032665,1,0,0
0.16,0.88,-0.021211,1,0,0
0.18,0.88,-0.021336,1,0,0
0.2,0.88,-0.0077478,1,0,0
0.22,0.88,0.026934,1,0,0
0.24,0.88,0.035518,1,0,0
0.26,0.88,0.023852,1,0,0
0.28,0.88,0.018233,1,0,0
0.3,0.88,0.011113,1,0,0
0.32,0.88,-0.0013048,1,0,0
0.34,0.88,0.0016004,1,0,0
0.36,0.88,0.0076621,1,0,0
0.38,0.88,0.022902,1,0,0
0.4,0.88,0.023318,1,0,0
0.42,0.88,0.011594,1,0,0
0.44,0.88,0.016844,1,0,0
0.46,0.88,0.031645,1,0,0
0.48,0.88,0.039945,1,0,0
0.5,0.88,0.041379,1,0,0
0.52,0.88,0.043436,1,0,0
0.54,0.88,0.049405,1,0,0
0.56,0.88,0.055013,1,0,0
0.58,0.88,0.050844,1,0,0
0.6,0.88,0.064222,1,0,0
0.62,0.88,0.067371,1,0,0
0.64,0.88,0.063618,1,0,0
0.66,0.88,0.068724,1,0,0
0.68,0.88,0.045836,1,0,0
0.7,0.88,0.012841,1,0,0
0.72,0.88,0.0036469,1,0,0
0.74,0.88,-0.0042731,1,0,0
0.76,0.88,-0.028827,1,0,0
0.78,0.88,-0.049459,1,0,0
0.8,0.88,-0.041512,1,0,0
0.82,0.88,-0.028072,1,0,0
0.84,0.88,-0.027275,1,0,0
0.86,0.88,-0.048968,1,0,0
0.88,0.88,-0.043303,1,0,0
0.9,0.88,-0.021088,1,0,0
0.92,0.88,-0.0081389,1,0,0
0.94,0.88,-0.021508,1,0,0
0.96,0.88,-0.023669,1,0,0
0.98,0.88,-0.03085,1,0,0
0.02,0.9,-0.061143,1,0,0
0.04,0.9,-0.062733,1,0,0
0.06,0.9,-0.06077,1,0,0
0.08,0.9,-0.051209,1,0,0
0.1,0.9,-0.038034,1,0,0
0.12,0.9,-0.042491,1,0,0
0.14,0.9,-0.051784,1,0,0
0.16,0.9,-0.026526,1,0,0
0.18,0.9,-0.025225,1,0,0
0.2,0.9,-0.01007,1,0,0
0.22,0.9,0.012283,1,0,0
0.24,0.9,0.024822,1,0,0
0.26,0.9,0.032623,1,0,0
0.28,0.9,0.02983,1,0,0
0.3,0.9,0.031892,1,0,0
0.32,0.9,0.010559,1,0,0
0.34,0.9,0.0047626,1,0,0
0.36,0.9,0.0050849,1,0,0
0.38,0.9,0.01753,1,0,0
0.4,0.9,0.0068098,1,0,0
0.42,0.9,-0.014007,1,0,0
0.44,0.9,-0.00093732,1,0,0
0.46,0.9,0.027788,1,0,0
0.48,0.9,0.042541,1,0,0
0.5,0.9,0.045573,1,0,0
0.52,0.9,0.051925,1,0,0
0.54,0.9,0.064377,1,0,0
0.56,0.9,0.064976,1,0,0
0.58,0.9,0.072621,1,0,0
0.6,0.9,0.075194,1,0,0
0.62,0.9,0.057842,1,0,0
0.64,0.9,0.052796,1,0,0
0.66,0.9,0.054373,1,0,0
0.68,0.9,0.03364,1,0,0
0.7,0.9,-0.0038629,1,0,0
0.72,0.9,-0.010279,1,0,0
0.74,0.9,-0.010649,1,0,0
0.76,0.9,-0.042996,1,0,0
0.78,0.9,-0.044749,1,0,0
0.8,0.9,-0.055612,1,0,0
0.82,0.9,-0.048276,1,0,0
0.84,0.9,-0.037973,1,0,0
0.86,0.9,-0.038739,1,0,0
0.88,0.9,-0.037005,1,0,0
0.9,0.9,-0.007718,1,0,0
0.92,0.9,-0.008338,1,0,0
0.94,0.9,-0.020906,1,0,0
0.96,0.9,-0.022784,1,0,0
0.98,0.9,-0.015826,1,0,0
0.02,0.92,-0.042374,1,0,0
0.04,0.92,-0.043072,1,0,0
0.06,0.92,-0.060576,1,0,0
0.08,0.92,-0.046472,1,0,0
0.1,0.92,-0.034057,1,0,0
0.12,0.92,-0.039093,1,0,0
0.14,0.92,-0.053015,1,0,0
0.16,0.92,-0.041742,1,0,0
0.18,0.92,-0.026202,1,0,0
0.2,0.92,-0.011548,1,0,0
0.22,0.92,0.009845,1,0,0
0.24,0.92,0.014747,1,0,0
0.26,0.92,0.023538,1,0,0
0.28,0.92,0.049633,1,0,0
0.3,0.92,0.037104,1,0,0
0.32,0.92,0.023647,1,0,0
0.34,0.92,0.0091926,1,0,0
0.36,0.92,0.014642,1,0,0
0.38,0.92,0.0029391,1,0,0
0.4,0.92,0.0054401,1,0,0
0.42,0.92,0.014122,1,0,0
0.44,0.92,0.016982,1,0,0
0.46,0.92,0.034706,1,0,0
0.48,0.92,0.045393,1,0,0
0.5,0.92,0.052098,1,0,0
0.52,0.92,0.041367,1,0,0
0.54,0.92,0.062437,1,0,0
0.56,0.92,0.074858,1,0,0
0.58,0.92,0.075142,1,0,0
0.6,0.92,0.067795,1,0,0
0.62,0.92,0.076558,1,0,0
0.64,0.92,0.054164,1,0,0
0.66,0.92,0.048903,1,0,0
0.68,0.92,0.017353,1,0,0
0.7,0.92,-0.0010438,1,0,0
0.72,0.92,-0.0089438,1,0,0
0.74,0.92,-0.010895,1,0,0
0.76,0.92,-0.026641,1,0,0
0.78,0.92,-0.034024,1,0,0
0.8,0.92,-0.050797,1,0,0
0.82,0.92,-0.052768,1,0,0
0.84,0.92,-0.040746,1,0,0
0.86,0.92,-0.026194,1,0,0
0.88,0.92,-0.03418,1,0,0
0.9,0.92,-0.00035651,1,0,0
0.92,0.92,-0.0031418,1,0,0
0.94,0.92,0.0022167,1,0,0
0.96,0.92,-0.0063379,1,0,0
0.98,0.92,-0.0051941,1,0,0
0.02,0.94,-0.035655,1,0,0
0.04,0.94,-0.032324,1,0,0
0.06,0.94,-0.045161,1,0,0
0.08,0.94,-0.049708,1,0,0
0.1,0.94,-0.044742,1,0,0
0.12,0.94,-0.029404,1,0,0
0.14,0.94,-0.050324,1,0,0
0.16,0.94,-0.04786,1,0,0
0.18,0.94,-0.036383,1,0,0
0.2,0.94,-0.015425,1,0,0
0.22,0.94,-0.0062245,1,0,0
0.24,0.94,0.0056468,1,0,0
0.26,0.94,0.017673,1,0,0
0.28,0.94,0.032688,1,0,0
0.3,0.94,0.026985,1,0,0
0.32,0.94,0.028726,1,0,0
0.34,0.94,0.020762,1,0,0
0.36,0.94,0.0044019,1,0,0
0.38,0.94,0.0040431,1,0,0
0.4,0.94,0.010514,1,0,0
0.42,0.94,0.020737,1,0,0
0.44,0.94,0.028545,1,0,0
0.46,0.94,0.042495,1,0,0
0.48,0.94,0.038806,1,0,0
0.5,0.94,0.036041,1,0,0
0.52,0.94,0.033219,1,0,0
0.54,0.94,0.046143,1,0,0
0.56,0.94,0.067067,1,0,0
0.58,0.94,0.062301,1,0,0
0.6,0.94,0.05448,1,0,0
0.62,0.94,0.05988,1,0,0
0.64,0.94,0.04737,1,0,0
0.66,0.94,0.036577,1,0,0
0.68,0.94,-0.011478,1,0,0
0.7,0.94,-0.015805,1,0,0
0.72,0.94,-0.011477,1,0,0
0.74,0.94,0.00087809,1,0,0
0.76,0.94,-0.02151,1,0,0
0.78,0.94,-0.021297,1,0,0
0.8,0.94,-0.052025,1,0,0
0.82,0.94,-0.053552,1,0,0
0.84,0.94,-0.03608,1,0,0
0.86,0.94,-0.020896,1,0,0
0.88,0.94,-0.039495,1,0,0
0.9,0.94,-0.0094303,1,0,0
0.92,0.94,0.0077806,1,0,0
0.94,0.94,0.005135,1,0,0
0.96,0.94,0.0049943,1,0,0
0.98,0.94,0.012887,1,0,0
0.02,0.96,-0.023038,1,0,0
0.04,0.96,-0.031349,1,0,0
0.06,0.96,-0.037244,1,0,0
0.08,0.96,-0.039861,1,0,0
0.1,0.96,-0.033873,1,0,0
0.12,0.96,-0.041231,1,0,0
0.14,0.96,-0.040441,1,0,0
0.16,0.96,-0.038977,1,0,0
0.18,0.96,-0.050869,1,0,0
0.2,0.96,-0.031875,1,0,0
0.22,0.96,-0.015901,1,0,0
0.24,0.96,-0.010159,1,0,0
0.26,0.96,0.0013568,1,0,0
0.28,0.96,0.014356,1,0,0
0.3,0.96,0.036218,1,0,0
0.32,0.96,0.034721,1,0,0
0.34,0.96,0.019046,1,0,0
0.36,0.96,0.0070627,1,0,0
0.38,0.96,0.0024791,1,0,0
0.4,0.96,0.0021429,1,0,0
0.42,0.96,0.0073402,1,0,0
0.44,0.96,0.021339,1,0,0
0.46,0.96,0.025683,1,0,0
0.48,0.96,0.02908,1,0,0
0.5,0.96,0.032371,1,0,0
0.52,0.96,0.024731,1,0,0
0.54,0.96,0.04196,1,0,0
0.56,0.96,0.0457,1,0,0
0.58,0.96,0.040732,1,0,0
0.6,0.96,0.024721,1,0,0
0.62,0.96,0.023605,1,0,0
0.64,0.96,0.024503,1,0,0
0.66,0.96,0.0079268,1,0,0
0.68,0.96,-0.010238,1,0,0
0.7,0.96,-0.024701,1,0,0
0.72,0.96,-0.019823,1,0,0
0.74,0.96,-0.0010648,1,0,0
0.76,0.96,-0.017246,1,0,0
0.78,0.96,-0.036354,1,0,0
0.8,0.96,-0.049629,1,0,0
0.82,0.96,-0.036214,1,0,0
0.84,0.96,-0.025709,1,0,0
0.86,0.96,-0.023785,1,0,0
0.88,0.96,-0.021005,1,0,0
0.9,0.96,-0.0043113,1,0,0
0.92,0.96,0.0003862,1,0,0
0.94,0.96,0.0020152,1,0,0
0.96,0.96,0.00035919,1,0,0
0.98,0.96,0.014977,1,0,0
0.02,0.98,-0.0067067,1,0,0
0.04,0.98,-0.025551,1,0,0
0.06,0.98,-0.031126,1,0,0
0.08,0.98,-0.024392,1,0,0
0.1,0.98,-0.039158,1,0,0
0.12,0.98,-0.052886,1,0,0
0.14,0.98,-0.055351,1,0,0
0.16,0.98,-0.058076,1,0,0
0.18,0.98,-0.050387,1,0,0
0.2,0.98,-0.035017,1,0,0
0.22,0.98,-0.024775,1,0,0
0.24,0.98,-0.017764,1,0,0
0.26,0.98,-0.0094547,1,0,0
0.28,0.98,-0.0023628,1,0,0
0.3,0.98,0.010927,1,0,0
0.32,0.98,0.016661,1,0,0
0.34,0.98,0.0019353,1,0,0
0.36,0.98,-0.00086178,1,0,0
0.38,0.98,0.011185,1,0,0
0.4,0.98,0.0015427,1,0,0
0.42,0.98,-0.016464,1,0,0
0.44,0.98,-0.0035981,1,0,0
0.46,0.98,0.0097054,1,0,0
0.48,0.98,0.0026343,1,0,0
0.5,0.98,0.01518,1,0,0
0.52,0.98,0.0079652,1,0,0
0.54,0.98,0.010286,1,0,0
0.56,0.98,0.018399,1,0,0
0.58,0.98,0.019449,1,0,0
0.6,0.98,0.015677,1,0,0
0.62,0.98,0.0099791,1,0,0
0.64,0.98,-0.0092342,1,0,0
0.66,0.98,-0.010632,1,0,0
0.68,0.98,-0.013545,1,0,0
0.7,0.98,-0.030847,1,0,0
0.72,0.98,-0.033688,1,0,0
0.74,0.98,-0.023879,1,0,0
0.76,0.98,-0.020327,1,0,0
0.78,0.98,-0.041647,1,0,0
0.8,0.98,-0.028216,1,0,0
0.82,0.98,-0.019305,1,0,0
0.84,0.98,-0.012108,1,0,0
0.86,0.98,-0.013376,1,0,0
0.88,0.98,-0.0063349,1,0,0
0.9,0.98,-0.015087,1,0,0
0.92,0.98,-0.018842,1,0,0
0.94,0.98,-0.024023,1,0,0
0.96,0.98,-0.0053784,1,0,0
0.98,0.98,0.013996,1,0,0
0,0,0.002443,-1,0,0
0.02,0,0.002443,-1,0,0
0.04,0,0.020562,-1,0,0
0.06,0,0.0061975,-1,0,0
0.08,0,0.02235,-1,0,0
0.1,0,0.013786,-1,0,0
0.12,0,-0.0028732,-1,0,0
0.14,0,-0.017354,-1,0,0
0.16,0,-0.029817,-1,0,0
0.18,0,-0.045696,-1,0,0
0.2,0,-0.04433,-1,0,0
0.22,0,-0.014261,-1,0,0
0.24,0,0.0057031,-1,0,0
0.26,0,0.0058364,-1,0,0
0.28,0,0.0076235,-1,0,0
0.3,0,0.012947,-1,0,0
0.32,0,0.0024006,-1,0,0
0.34,0,-0.0028676,-1,0,0
0.36,0,-0.0084012,-1,0,0
0.38,0,-0.012427,-1,0,0
0.4,0,-0.025748,-1,0,0
0.42,0,-0.03043,-1,0,0
0.44,0,-0.043603,-1,0,0
0.46,0,-0.021666,-1,0,0
0.48,0,-0.0044368,-1,0,0
0.5,0,0.0062369,-1,0,0
0.52,0,0.010116,-1,0,0
0.54,0,0.015995,-1,0,0
0.56,0,0.023696,-1,0,0
0.58,0,0.012183,-1,0,0
0.6,0,0.023104,-1,0,0
0.62,0,0.015466,-1,0,0
0.64,0,0.012658,-1,0,0
0.66,0,0.024547,-1,0,0
0.68,0,0.0066777,-1,0,0
0.7,0,0.0016214,-1,0,0
0.72,0,0.0094588,-1,0,0
0.74,0,0.015318,-1,0,0
0.76,0,0.020621,-1,0,0
0.78,0,0.0055028,-1,0,0
0.8,0,0.01449,-1,0,0
0.82,0,0.011059,-1,0,0
0.84,0,-0.0054617,-1,0,0
0.86,0,-0.01431,-1,0,0
0.88,0,-0.020141,-1,0,0
0.9,0,-0.0048943,-1,0,0
0.92,0,-0.0065388,-1,0,0
0.94,0,-0.018014,-1,0,0
0.96,0,-0.027782,-1,0,0
0.98,0,-0.045054,-1,0,0
1,0,-0.042266,-1,0,0
1,0.02,-0.020473,-1,0,0
1,0.04,-0.0076665,-1,0,0
1,0.06,0.018205,-1,0,0
1,0.08,0.027884,-1,0,0
1,0.1,0.040729,-1,0,0
1,0.12,0.074379,-1,0,0
1,0.14,0.075097,-1,0,0
1,0.16,0.037897,-1,0,0
1,0.18,0.028712,-1,0,0
1,0.2,0.035337,-1,0,0
1,0.22,0.023544,-1,0,0
1,0.24,0.023563,-1,0,0
1,0.26,0.017589,-1,0,0
1,0.28,-0.0038289,-1,0,0
1,0.3,-0.0048875,-1,0,0
1,0.32,0.012943,-1,0,0
1,0.34,0.0041711,-1,0,0
1,0.36,0.00094166,-1,0,0
1,0.38,-0.0056981,-1,0,0
1,0.4,-0.0038161,-1,0,0
1,0.42,-0.0021853,-1,0,0
1,0.44,-0.0029097,-1,0,0
1,0.46,-0.0016004,-1,0,0
1,0.48,0.0084851,-1,0,0
1,0.5,0.0049225,-1,0,0
1,0.52,0.0023784,-1,0,0
1,0.54,-0.016719,-1,0,0
1,0.56,0.001256,-1,0,0
1,0.58,-0.010744,-1,0,0
1,0.6,-0.0020601,-1,0,0
1,0.62,-0.01145,-1,0,0
1,0.64,-0.0030687,-1,0,0
1,0.66,-0.012633,-1,0,0
1,0.68,-0.015585,-1,0,0
1,0.7,-0.051102,-1,0,0
1,0.72,-0.050794,-1,0,0
1,0.74,-0.0389,-1,0,0
1,0.76,-0.022534,-1,0,0
1,0.78,-0.025735,-1,0,0
1,0.8,-0.037253,-1,0,0
1,0.82,-0.041896,-1,0,0
1,0.84,-0.035723,-1,0,0
1,0.86,-0.028767,-1,0,0
1,0.88,-0.028181,-1,0,0
1,0.9,-0.021983,-1,0,0
1,0.92,0.0050669,-1,0,0
1,0.94,0.031563,-1,0,0
1,0.96,0.024526,-1,0,0
1,0.98,0.031317,-1,0,0
1,1,0.049558,-1,0,0
0.98,1,0.01092,-1,0,0
0.96,1,0.00012058,-1,0,0
0.94,1,-0.01345,-1,0,0
0.92,1,-0.016159,-1,0,0
0.9,1,-0.012947,-1,0,0
0.88,1,0.003388,-1,0,0
0.86,1,0.0098663,-1,0,0
0.84,1,0.011727,-1,0,0
0.82,1,0.01045,-1,0,0
0.8,1,0.0028209,-1,0,0
0.78,1,-0.027593,-1,0,0
0.76,1,-0.021185,-1,0,0
0.74,1,-0.028216,-1,0,0
0.72,1,-0.033778,-1,0,0
0.7,1,-0.015819,-1,0,0
0.68,1,-0.0092023,-1,0,0
0.66,1,-0.010646,-1,0,0
0.64,1,-0.0050028,-1,0,0
0.62,1,0.0048316,-1,0,0
0.6,1,0.012103,-1,0,0
0.58,1,0.015693,-1,0,0
0.56,1,0.010324,-1,0,0
0.54,1,-0.0032417,-1,0,0
0.52,1,0.0028905,-1,0,0
0.5,1,-0.0036663,-1,0,0
0.48,1,-0.0075566,-1,0,0
0.46,1,-0.0031431,-1,0,0
0.44,1,-0.0089438,-1,0,0
0.42,1,-0.0044189,-1,0,0
0.4,1,-0.0015048,-1,0,0
0.38,1,0.019188,-1,0,0
0.36,1,0.0015806,-1,0,0
0.34,1,0.00063875,-1,0,0
0.32,1,0.017063,-1,0,0
0.3,1,0.0038595,-1,0,0
0.28,1,-0.00069143,-1,0,0
0.26,1,0.012152,-1,0,0
0.24,1,-0.0088204,-1,0,0
0.22,1,-0.010505,-1,0,0
0.2,1,-0.0083298,-1,0,0
0.18,1,-0.029542,-1,0,0
0.16,1,-0.035281,-1,0,0
0.14,1,-0.035333,-1,0,0
0.12,1,-0.039159,-1,0,0
0.1,1,-0.034514,-1,0,0
0.08,1,-0.0052671,-1,0,0
0.06,1,-0.0010515,-1,0,0
0.04,1,0.016121,-1,0,0
0.02,1,0.019337,-1,0,0
0,1,0.005282,-1,0,0
0,0.98,-0.0072835,-1,0,0
0,0.96,-0.0093434,-1,0,0
0,0.94,-0.015419,-1,0,0
0,0.92,-0.025443,-1,0,0
0,0.9,-0.035989,-1,0,0
0,0.88,-0.050407,-1,0,0
0,0.86,-0.046434,-1,0,0
0,0.84,-0.030538,-1,0,0
0,0.82,-0.033475,-1,0,0
0,0.8,-0.047498,-1,0,0
0,0.78,-0.066926,-1,0,0
0,0.76,-0.06089,-1,0,0
0,0.74,-0.060784,-1,0,0
0,0.72,-0.035578,-1,0,0
0,0.7,-0.024621,-1,0,0
0,0.68,-0.017542,-1,0,0
0,0.66,-0.012094,-1,0,0
0,0.64,0.004981,-1,0,0
0,0.62,-0.0069088,-1,0,0
0,0.6,-0.0031825,-1,0,0
0,0.58,-0.018314,-1,0,0
0,0.56,0.0045337,-1,0,0
0,0.54,-0.0024307,-1,0,0
0,0.52,-0.0073098,-1,0,0
0,0.5,-0.016604,-1,0,0
0,0.48,-0.02412,-1,0,0
0,0.46,-0.024594,-1,0,0
0,0.44,-0.023926,-1,0,0
0,0.42,-0.016688,-1,0,0
0,0.4,-0.023328,-1,0,0
0,0.38,-0.03676,-1,0,0
0,0.36,-0.049031,-1,0,0
0,0.34,-0.054148,-1,0,0
0,0.32,-0.043755,-1,0,0
0,0.3,-0.039878,-1,0,0
0,0.28,-0.02364,-1,0,0
0,0.26,-0.012305,-1,0,0
0,0.24,-0.0083768,-1,0,0
0,0.22,0.0008478,-1,0,0
0,0.2,0.02468,-1,0,0
0,0.18,0.041478,-1,0,0
0,0.16,0.05031,-1,0,0
0,0.14,0.043953,-1,0,0
0,0.12,0.045983,-1,0,0
0,0.1,0.038705,-1,0,0
0,0.08,0.051828,-1,0,0
0,0.06,0.052923,-1,0,0
0,0.04,0.036722,-1,0,0
0,0.02,0.022298,-1,0,0
