0.02,0.02,-0.02969,1,0,0
0.04,0.02,-0.044031,1,0,0
0.06,0.02,-0.032886,1,0,0
0.08,0.02,-0.010179,1,0,0
0.1,0.02,-0.041803,1,0,0
0.12,0.02,-0.048692,1,0,0
0.14,0.02,-0.076965,1,0,0
0.16,0.02,-0.065772,1,0,0
0.18,0.02,-0.060769,1,0,0
0.2,0.02,-0.044834,1,0,0
0.22,0.02,-0.053878,1,0,0
0.24,0.02,-0.042072,1,0,0
0.26,0.02,-0.045747,1,0,0
0.28,0.02,-0.054483,1,0,0
0.3,0.02,-0.026714,1,0,0
0.32,0.02,-0.011274,1,0,0
0.34,0.02,-0.0097368,1,0,0
0.36,0.02,-0.0017158,1,0,0
0.38,0.02,0.05304,1,0,0
0.4,0.02,0.0087534,1,0,0
0.42,0.02,-0.0079795,1,0,0
0.44,0.02,0.032993,1,0,0
0.46,0.02,0.061526,1,0,0
0.48,0.02,0.0052163,1,0,0
0.5,0.02,0.0038256,1,0,0
0.52,0.02,0.0088156,1,0,0
0.54,0.02,0.0018747,1,0,0
0.56,0.02,-0.0021702,1,0,0
0.58,0.02,-0.019852,1,0,0
0.6,0.02,-0.033813,1,0,0
0.62,0.02,-0.026136,1,0,0
0.64,0.02,-0.023116,1,0,0
0.66,0.02,-0.040036,1,0,0
0.68,0.02,-0.030487,1,0,0
0.7,0.02,-0.063006,1,0,0
0.72,0.02,-0.034642,1,0,0
0.74,0.02,-0.019914,1,0,0
0.76,0.02,-0.042056,1,0,0
0.78,0.02,-0.074799,1,0,0
0.8,0.02,-0.025901,1,0,0
0.82,0.02,-0.014771,1,0,0
0.84,0.02,-0.020889,1,0,0
0.86,0.02,-0.015886,1,0,0
0.88,0.02,-0.019047,1,0,0
0.9,0.02,-0.014912,1,0,0
0.92,0.02,0.0096378,1,0,0
0.94,0.02,0.028525,1,0,0
0.96,0.02,0.013652,1,0,0
0.98,0.02,0.018419,1,0,0
0.02,0.04,-0.018486,1,0,0
0.04,0.04,-0.01515,1,0,0
0.06,0.04,-0.03012,1,0,0
0.08,0.04,-0.04302,1,0,0
0.1,0.04,-0.038788,1,0,0
0.12,0.04,-0.030617,1,0,0
0.14,0.04,-0.049001,1,0,0
0.16,0.04,-0.053493,1,0,0
0.18,0.04,-0.059723,1,0,0
0.2,0.04,-0.048106,1,0,0
0.22,0.04,-0.057193,1,0,0
0.24,0.04,-0.09992,1,0,0
0.26,0.04,-0.019453,1,0,0
0.28,0.04,-0.020128,1,0,0
0.3,0.04,-0.030155,1,0,0
0.32,0.04,-0.018724,1,0,0
0.34,0.04,0.0095949,1,0,0
0.36,0.04,0.014792,1,0,0
0.38,0.04,0.043015,1,0,0
0.4,0.04,0.0060226,1,0,0
0.42,0.04,0.0037555,1,0,0
0.44,0.04,0.02071,1,0,0
0.46,0.04,0.021916,1,0,0
0.48,0.04,0.011008,1,0,0
0.5,0.04,0.0071755,1,0,0
0.52,0.04,-0.011924,1,0,0
0.54,0.04,0.0079212,1,0,0
0.56,0.04,0.013451,1,0,0
0.58,0.04,-0.010659,1,0,0
0.6,0.04,-0.035909,1,0,0
0.62,0.04,0.008146,1,0,0
0.64,0.04,0.001535,1,0,0
0.66,0.04,-0.0037462,1,0,0
0.68,0.04,-0.011061,1,0,0
0.7,0.04,-0.023929,1,0,0
0.72,0.04,-0.03988,1,0,0
0.74,0.04,-0.054237,1,0,0
0.76,0.04,-0.031384,1,0,0
0.78,0.04,-0.027946,1,0,0
0.8,0.04,-0.015725,1,0,0
0.82,0.04,-0.013906,1,0,0
0.84,0.04,0.005192,1,0,0
0.86,0.04,-0.017431,1,0,0
0.88,0.04,0.020375,1,0,0
0.9,0.04,0.0038625,1,0,0
0.92,0.04,0.02173,1,0,0
0.94,0.04,0.020726,1,0,0
0.96,0.04,0.017404,1,0,0
0.98,0.04,0.001903,1,0,0
0.02,0.06,-0.0012699,1,0,0
0.04,0.06,-0.03868,1,0,0
0.06,0.06,-0.04816,1,0,0
0.08,0.06,-0.058777,1,0,0
0.1,0.06,-0.053218,1,0,0
0.12,0.06,-0.043055,1,0,0
0.14,0.06,-0.035235,1,0,0
0.16,0.06,-0.059238,1,0,0
0.18,0.06,-0.066764,1,0,0
0.2,0.06,-0.067746,1,0,0
0.22,0.06,-0.031938,1,0,0
0.24,0.06,-0.052787,1,0,0
0.26,0.06,-0.041645,1,0,0
0.28,0.06,0.0024728,1,0,0
0.3,0.06,-0.021327,1,0,0
0.32,0.06,-0.016585,1,0,0
0.34,0.06,0.00045748,1,0,0
0.36,0.06,-0.010381,1,0,0
0.38,0.06,-0.0098712,1,0,0
0.4,0.06,-0.052176,1,0,0
0.42,0.06,0.0010918,1,0,0
0.44,0.06,-0.0069803,1,0,0
0.46,0.06,0.026596,1,0,0
0.48,0.06,0.019946,1,0,0
0.5,0.06,0.011768,1,0,0
0.52,0.06,-0.030303,1,0,0
0.54,0.06,-0.0040436,1,0,0
0.56,0.06,0.057259,1,0,0
0.58,0.06,-0.0030927,1,0,0
0.6,0.06,-0.013595,1,0,0
0.62,0.06,0.0072942,1,0,0
0.64,0.06,-0.013952,1,0,0
0.66,0.06,-0.030418,1,0,0
0.68,0.06,-0.023637,1,0,0
0.7,0.06,-0.018729,1,0,0
0.72,0.06,-0.044276,1,0,0
0.74,0.06,-0.053573,1,0,0
0.76,0.06,-0.024546,1,0,0
0.78,0.06,-0.048459,1,0,0
0.8,0.06,-0.026954,1,0,0
0.82,0.06,0.011556,1,0,0
0.84,0.06,0.0026803,1,0,0
0.86,0.06,0.0010276,1,0,0
0.88,0.06,-0.0081376,1,0,0
0.9,0.06,0.0083516,1,0,0
0.92,0.06,-0.027154,1,0,0
0.94,0.06,-0.034885,1,0,0
0.96,0.06,-0.0072091,1,0,0
0.98,0.06,-0.0080754,1,0,0
0.02,0.08,0.0042434,1,0,0
0.04,0.08,0.011055,1,0,0
0.06,0.08,-0.02799,1,0,0
0.08,0.08,-0.048398,1,0,0
0.1,0.08,-0.034837,1,0,0
0.12,0.08,-0.004783,1,0,0
0.14,0.08,-0.026979,1,0,0
0.16,0.08,-0.035103,1,0,0
0.18,0.08,-0.048193,1,0,0
0.2,0.08,-0.061985,1,0,0
0.22,0.08,-0.058276,1,0,0
0.24,0.08,-0.061174,1,0,0
0.26,0.08,-0.021165,1,0,0
0.28,0.08,-0.0088947,1,0,0
0.3,0.08,0.010905,1,0,0
0.32,0.08,0.029182,1,0,0
0.34,0.08,0.0066301,1,0,0
0.36,0.08,-0.032367,1,0,0
0.38,0.08,0.00090896,1,0,0
0.4,0.08,0.016651,1,0,0
0.42,0.08,-0.012575,1,0,0
0.44,0.08,-0.023281,1,0,0
0.46,0.08,0.0032741,1,0,0
0.48,0.08,-0.0037678,1,0,0
0.5,0.08,-0.019799,1,0,0
0.52,0.08,-0.0054302,1,0,0
0.54,0.08,0.023994,1,0,0
0.56,0.08,0.030076,1,0,0
0.58,0.08,0.020431,1,0,0
0.6,0.08,0.025343,1,0,0
0.62,0.08,0.011707,1,0,0
0.64,0.08,-0.0068213,1,0,0
0.66,0.08,0.0091721,1,0,0
0.68,0.08,-0.0021901,1,0,0
0.7,0.08,-0.0071699,1,0,0
0.72,0.08,0.0020678,1,0,0
0.74,0.08,-0.0024253,1,0,0
0.76,0.08,-0.0092393,1,0,0
0.78,0.08,0.0028364,1,0,0
0.8,0.08,0.0037238,1,0,0
0.82,0.08,-0.0093714,1,0,0
0.84,0.08,-0.019364,1,0,0
0.86,0.08,-0.041797,1,0,0
0.88,0.08,-0.041984,1,0,0
0.9,0.08,0.016459,1,0,0
0.92,0.08,0.0049491,1,0,0
0.94,0.08,-0.0224,1,0,0
0.96,0.08,-0.02575,1,0,0
0.98,0.08,0.044358,1,0,0
0.02,0.1,0.00382,1,0,0
0.04,0.1,0.017686,1,0,0
0.06,0.1,-0.019008,1,0,0
0.08,0.1,-0.013707,1,0,0
0.1,0.1,-0.0061506,1,0,0
0.12,0.1,-0.032328,1,0,0
0.14,0.1,-0.049639,1,0,0
0.16,0.1,-0.026476,1,0,0
0.18,0.1,-0.071883,1,0,0
0.2,0.1,-0.071117,1,0,0
0.22,0.1,-0.036326,1,0,0
0.24,0.1,-0.058626,1,0,0
0.26,0.1,-0.057836,1,0,0
0.28,0.1,-0.032614,1,0,0
0.3,0.1,-0.012167,1,0,0
0.32,0.1,-0.017553,1,0,0
0.34,0.1,-0.016087,1,0,0
0.36,0.1,0.001523,1,0,0
0.38,0.1,-0.048357,1,0,0
0.4,0.1,-0.021826,1,0,0
0.42,0.1,-0.050905,1,0,0
0.44,0.1,-0.011077,1,0,0
0.46,0.1,0.00091369,1,0,0
0.48,0.1,-5.617e-05,1,0,0
0.5,0.1,-0.039778,1,0,0
0.52,0.1,-0.022256,1,0,0
0.54,0.1,-0.0085803,1,0,0
0.56,0.1,-0.02629,1,0,0
0.58,0.1,0.0085172,1,0,0
0.6,0.1,0.0036619,1,0,0
0.62,0.1,0.015058,1,0,0
0.64,0.1,0.0078303,1,0,0
0.66,0.1,0.019872,1,0,0
0.68,0.1,0.006003,1,0,0
0.7,0.1,0.014287,1,0,0
0.72,0.1,0.0051599,1,0,0
0.74,0.1,0.011094,1,0,0
0.76,0.1,-0.033944,1,0,0
0.78,0.1,-0.018063,1,0,0
0.8,0.1,-0.047822,1,0,0
0.82,0.1,-0.033284,1,0,0
0.84,0.1,-0.028061,1,0,0
0.86,0.1,-0.011858,1,0,0
0.88,0.1,-0.029504,1,0,0
0.9,0.1,-0.018214,1,0,0
0.92,0.1,-0.046777,1,0,0
0.94,0.1,-0.027269,1,0,0
0.96,0.1,0.0093497,1,0,0
0.98,0.1,0.021229,1,0,0
0.02,0.12,0.030316,1,0,0
0.04,0.12,0.031087,1,0,0
0.06,0.12,-0.010382,1,0,0
0.08,0.12,-0.0058848,1,0,0
0.1,0.12,-0.02044,1,0,0
0.12,0.12,-0.0080387,1,0,0
0.14,0.12,-0.056325,1,0,0
0.16,0.12,-0.041151,1,0,0
0.18,0.12,-0.058501,1,0,0
0.2,0.12,-0.067158,1,0,0
0.22,0.12,-0.061248,1,0,0
0.24,0.12,-0.053254,1,0,0
0.26,0.12,-0.064286,1,0,0
0.28,0.12,-0.00097656,1,0,0
0.3,0.12,-0.017429,1,0,0
0.32,0.12,-0.018223,1,0,0
0.34,0.12,-0.025933,1,0,0
0.36,0.12,-0.025144,1,0,0
0.38,0.12,-0.041937,1,0,0
0.4,0.12,-0.025955,1,0,0
0.42,0.12,-0.034965,1,0,0
0.44,0.12,-0.04084,1,0,0
0.46,0.12,-0.016062,1,0,0
0.48,0.12,-0.025136,1,0,0
0.5,0.12,-0.00086912,1,0,0
0.52,0.12,0.022732,1,0,0
0.54,0.12,0.010046,1,0,0
0.56,0.12,-0.018885,1,0,0
0.58,0.12,-0.01089,1,0,0
0.6,0.12,-0.0051856,1,0,0
0.62,0.12,-0.014569,1,0,0
0.64,0.12,-0.0097821,1,0,0
0.66,0.12,0.027276,1,0,0
0.68,0.12,-0.0091776,1,0,0
0.7,0.12,0.015338,1,0,0
0.72,0.12,0.026079,1,0,0
0.74,0.12,0.0059864,1,0,0
0.76,0.12,-0.026884,1,0,0
0.78,0.12,-0.02187,1,0,0
0.8,0.12,-0.037869,1,0,0
0.82,0.12,-0.045987,1,0,0
0.84,0.12,-0.07043,1,0,0
0.86,0.12,-0.018431,1,0,0
0.88,0.12,-0.064988,1,0,0
0.9,0.12,-0.044026,1,0,0
0.92,0.12,-0.04064,1,0,0
0.94,0.12,-0.026457,1,0,0
0.96,0.12,0.0042378,1,0,0
0.98,0.12,0.0036782,1,0,0
0.02,0.14,0.029972,1,0,0
0.04,0.14,0.061634,1,0,0
0.06,0.14,0.034627,1,0,0
0.08,0.14,0.012028,1,0,0
0.1,0.14,-0.013666,1,0,0
0.12,0.14,-0.020958,1,0,0
0.14,0.14,-0.059448,1,0,0
0.16,0.14,-0.049005,1,0,0
0.18,0.14,-0.071381,1,0,0
0.2,0.14,-0.037065,1,0,0
0.22,0.14,-0.037151,1,0,0
0.24,0.14,-0.033901,1,0,0
0.26,0.14,-0.058693,1,0,0
0.28,0.14,-0.04695,1,0,0
0.3,0.14,-0.022786,1,0,0
0.32,0.14,-0.03043,1,0,0
0.34,0.14,-0.050195,1,0,0
0.36,0.14,-0.055736,1,0,0
0.38,0.14,-0.040409,1,0,0
0.4,0.14,-0.019385,1,0,0
0.42,0.14,0.0043994,1,0,0
0.44,0.14,-0.038309,1,0,0
0.46,0.14,-0.0084368,1,0,0
0.48,0.14,-0.0040613,1,0,0
0.5,0.14,-0.00033454,1,0,0
0.52,0.14,0.0051605,1,0,0
0.54,0.14,0.0025143,1,0,0
0.56,0.14,-0.0020141,1,0,0
0.58,0.14,0.010793,1,0,0
0.6,0.14,-0.0080317,1,0,0
0.62,0.14,0.0011395,1,0,0
0.64,0.14,-0.026393,1,0,0
0.66,0.14,-0.0053681,1,0,0
0.68,0.14,-0.024403,1,0,0
0.7,0.14,0.0071474,1,0,0
0.72,0.14,0.017084,1,0,0
0.74,0.14,0.025394,1,0,0
0.76,0.14,-0.029036,1,0,0
0.78,0.14,-0.01583,1,0,0
0.8,0.14,0.0040989,1,0,0
0.82,0.14,-0.031989,1,0,0
0.84,0.14,-0.016545,1,0,0
0.86,0.14,-0.025126,1,0,0
0.88,0.14,-0.04485,1,0,0
0.9,0.14,-0.055139,1,0,0
0.92,0.14,-0.037351,1,0,0
0.94,0.14,-0.030164,1,0,0
0.96,0.14,0.00071007,1,0,0
0.98,0.14,0.0091824,1,0,0
0.02,0.16,0.072892,1,0,0
0.04,0.16,0.04456,1,0,0
0.06,0.16,0.052267,1,0,0
0.08,0.16,0.0055047,1,0,0
0.1,0.16,0.0089673,1,0,0
0.12,0.16,-0.016662,1,0,0
0.14,0.16,-0.01809,1,0,0
0.16,0.16,-0.033698,1,0,0
0.18,0.16,-0.053337,1,0,0
0.2,0.16,-0.042797,1,0,0
0.22,0.16,-0.03824,1,0,0
0.24,0.16,-0.031802,1,0,0
0.26,0.16,-0.053855,1,0,0
0.28,0.16,-0.028595,1,0,0
0.3,0.16,0.010034,1,0,0
0.32,0.16,-0.030711,1,0,0
0.34,0.16,-0.0062101,1,0,0
0.36,0.16,-0.021639,1,0,0
0.38,0.16,-0.024482,1,0,0
0.4,0.16,0.026106,1,0,0
0.42,0.16,0.030789,1,0,0
0.44,0.16,-0.0074657,1,0,0
0.46,0.16,-0.0013485,1,0,0
0.48,0.16,0.0050591,1,0,0
0.5,0.16,0.019765,1,0,0
0.52,0.16,-0.0036978,1,0,0
0.54,0.16,0.026288,1,0,0
0.56,0.16,0.028144,1,0,0
0.58,0.16,0.019298,1,0,0
0.6,0.16,0.0034451,1,0,0
0.62,0.16,0.025911,1,0,0
0.64,0.16,0.0078316,1,0,0
0.66,0.16,-0.024813,1,0,0
0.68,0.16,-0.0096309,1,0,0
0.7,0.16,0.020441,1,0,0
0.72,0.16,-0.01273,1,0,0
0.74,0.16,0.019418,1,0,0
0.76,0.16,-0.0088982,1,0,0
0.78,0.16,-0.0032295,1,0,0
0.8,0.16,-0.025703,1,0,0
0.82,0.16,-0.017585,1,0,0
0.84,0.16,-0.019142,1,0,0
0.86,0.16,-0.01934,1,0,0
0.88,0.16,-0.030287,1,0,0
0.9,0.16,-0.022184,1,0,0
0.92,0.16,0.001311,1,0,0
0.94,0.16,-0.06378,1,0,0
0.96,0.16,-0.017434,1,0,0
0.98,0.16,-0.0055231,1,0,0
0.02,0.18,-0.0037885,1,0,0
0.04,0.18,0.019866,1,0,0
0.06,0.18,-0.00043369,1,0,0
0.08,0.18,-0.012674,1,0,0
0.1,0.18,0.0070537,1,0,0
0.12,0.18,-0.0062474,1,0,0
0.14,0.18,-0.015421,1,0,0
0.16,0.18,-0.045396,1,0,0
0.18,0.18,-0.063102,1,0,0
0.2,0.18,-0.061196,1,0,0
0.22,0.18,-0.057783,1,0,0
0.24,0.18,-0.090143,1,0,0
0.26,0.18,-0.039178,1,0,0
0.28,0.18,-0.073095,1,0,0
0.3,0.18,-0.028423,1,0,0
0.32,0.18,-0.025715,1,0,0
0.34,0.18,-0.021214,1,0,0
0.36,0.18,-0.019493,1,0,0
0.38,0.18,-0.0090817,1,0,0
0.4,0.18,-0.0061141,1,0,0
0.42,0.18,-0.0042538,1,0,0
0.44,0.18,-0.0035438,1,0,0
0.46,0.18,0.02121,1,0,0
0.48,0.18,0.0039293,1,0,0
0.5,0.18,-0.01905,1,0,0
0.52,0.18,-0.012085,1,0,0
0.54,0.18,0.0087986,1,0,0
0.56,0.18,0.00012269,1,0,0
0.58,0.18,0.011279,1,0,0
0.6,0.18,-0.003895,1,0,0
0.62,0.18,-0.0037649,1,0,0
0.64,0.18,-0.052517,1,0,0
0.66,0.18,-0.070082,1,0,0
0.68,0.18,-0.028614,1,0,0
0.7,0.18,-0.0046662,1,0,0
0.72,0.18,-0.012579,1,0,0
0.74,0.18,-0.0040156,1,0,0
0.76,0.18,-0.013436,1,0,0
0.78,0.18,-0.017053,1,0,0
0.8,0.18,-0.047191,1,0,0
0.82,0.18,-0.068643,1,0,0
0.84,0.18,-0.040579,1,0,0
0.86,0.18,-0.026603,1,0,0
0.88,0.18,-0.050574,1,0,0
0.9,0.18,-0.043915,1,0,0
0.92,0.18,-0.060386,1,0,0
0.94,0.18,-0.073844,1,0,0
0.96,0.18,-0.051502,1,0,0
0.98,0.18,-0.033583,1,0,0
0.02,0.2,0.013921,1,0,0
0.04,0.2,0.018885,1,0,0
0.06,0.2,-0.013551,1,0,0
0.08,0.2,-0.01581,1,0,0
0.1,0.2,-0.045103,1,0,0
0.12,0.2,0.00023531,1,0,0
0.14,0.2,0.0033833,1,0,0
0.16,0.2,-0.0303,1,0,0
0.18,0.2,-0.027069,1,0,0
0.2,0.2,-0.065833,1,0,0
0.22,0.2,-0.045908,1,0,0
0.24,0.2,-0.059611,1,0,0
0.26,0.2,-0.053125,1,0,0
0.28,0.2,-0.064008,1,0,0
0.3,0.2,-0.034183,1,0,0
0.32,0.2,-0.043434,1,0,0
0.34,0.2,-0.024504,1,0,0
0.36,0.2,0.00096409,1,0,0
0.38,0.2,0.023562,1,0,0
0.4,0.2,0.030902,1,0,0
0.42,0.2,0.021063,1,0,0
0.44,0.2,0.044325,1,0,0
0.46,0.2,0.013911,1,0,0
0.48,0.2,-0.028119,1,0,0
0.5,0.2,-0.032853,1,0,0
0.52,0.2,-0.034307,1,0,0
0.54,0.2,-0.0074893,1,0,0
0.56,0.2,0.025826,1,0,0
0.58,0.2,0.014472,1,0,0
0.6,0.2,-0.00077609,1,0,0
0.62,0.2,-0.0010209,1,0,0
0.64,0.2,-0.034473,1,0,0
0.66,0.2,-0.017365,1,0,0
0.68,0.2,-0.010491,1,0,0
0.7,0.2,-0.018468,1,0,0
0.72,0.2,-0.033151,1,0,0
0.74,0.2,-0.0079182,1,0,0
0.76,0.2,-0.011605,1,0,0
0.78,0.2,-0.04095,1,0,0
0.8,0.2,-0.015241,1,0,0
0.82,0.2,-0.047836,1,0,0
0.84,0.2,-0.079365,1,0,0
0.86,0.2,-0.041308,1,0,0
0.88,0.2,-0.047446,1,0,0
0.9,0.2,-0.056479,1,0,0
0.92,0.2,-0.063475,1,0,0
0.94,0.2,-0.058698,1,0,0
0.96,0.2,-0.04482,1,0,0
0.98,0.2,-0.015947,1,0,0
0.02,0.22,-0.040019,1,0,0
0.04,0.22,-0.0376,1,0,0
0.06,0.22,-0.019169,1,0,0
0.08,0.22,-0.055266,1,0,0
0.1,0.22,-0.029561,1,0,0
0.12,0.22,-0.032335,1,0,0
0.14,0.22,-0.031065,1,0,0
0.16,0.22,-0.03486,1,0,0
0.18,0.22,-0.073596,1,0,0
0.2,0.22,-0.015731,1,0,0
0.22,0.22,-0.059098,1,0,0
0.24,0.22,-0.063615,1,0,0
0.26,0.22,-0.067337,1,0,0
0.28,0.22,-0.07691,1,0,0
0.3,0.22,-0.049289,1,0,0
0.32,0.22,-0.0050079,1,0,0
0.34,0.22,-0.019891,1,0,0
0.36,0.22,0.002196,1,0,0
0.38,0.22,0.042387,1,0,0
0.4,0.22,0.034993,1,0,0
0.42,0.22,0.0080103,1,0,0
0.44,0.22,0.014153,1,0,0
0.46,0.22,0.0036836,1,0,0
0.48,0.22,-0.012956,1,0,0
0.5,0.22,-0.020115,1,0,0
0.52,0.22,-0.042025,1,0,0
0.54,0.22,-0.025009,1,0,0
0.56,0.22,5.0206e-05,1,0,0
0.58,0.22,-0.0024092,1,0,0
0.6,0.22,-0.0091601,1,0,0
0.62,0.22,-0.021407,1,0,0
0.64,0.22,-0.01798,1,0,0
0.66,0.22,-0.029995,1,0,0
0.68,0.22,-0.0075378,1,0,0
0.7,0.22,-0.031835,1,0,0
0.72,0.22,-0.04171,1,0,0
0.74,0.22,-0.033092,1,0,0
0.76,0.22,-0.08686,1,0,0
0.78,0.22,-0.048908,1,0,0
0.8,0.22,-0.053624,1,0,0
0.82,0.22,-0.052053,1,0,0
0.84,0.22,-0.076499,1,0,0
0.86,0.22,-0.090818,1,0,0
0.88,0.22,-0.086137,1,0,0
0.9,0.22,-0.067306,1,0,0
0.92,0.22,-0.08998,1,0,0
0.94,0.22,-0.083582,1,0,0
0.96,0.22,-0.087712,1,0,0
0.98,0.22,-0.03688,1,0,0
0.02,0.24,-0.034033,1,0,0
0.04,0.24,-0.04161,1,0,0
0.06,0.24,-0.070772,1,0,0
0.08,0.24,-0.040694,1,0,0
0.1,0.24,-0.056755,1,0,0
0.12,0.24,-0.046083,1,0,0
0.14,0.24,-0.063107,1,0,0
0.16,0.24,-0.024731,1,0,0
0.18,0.24,-0.074125,1,0,0
0.2,0.24,-0.041355,1,0,0
0.22,0.24,-0.043532,1,0,0
0.24,0.24,-0.046114,1,0,0
0.26,0.24,-0.066414,1,0,0
0.28,0.24,-0.050783,1,0,0
0.3,0.24,-0.029528,1,0,0
0.32,0.24,-0.023002,1,0,0
0.34,0.24,-0.0021831,1,0,0
0.36,0.24,0.016736,1,0,0
0.38,0.24,0.023297,1,0,0
0.4,0.24,0.0081908,1,0,0
0.42,0.24,-0.032313,1,0,0
0.44,0.24,-0.0084873,1,0,0
0.46,0.24,0.0057768,1,0,0
0.48,0.24,-0.0075926,1,0,0
0.5,0.24,-0.0042183,1,0,0
0.52,0.24,-0.0076052,1,0,0
0.54,0.24,0.0010758,1,0,0
0.56,0.24,-0.0022702,1,0,0
0.58,0.24,-0.02839,1,0,0
0.6,0.24,-0.035713,1,0,0
0.62,0.24,-0.021638,1,0,0
0.64,0.24,-0.012298,1,0,0
0.66,0.24,-0.030548,1,0,0
0.68,0.24,-0.01808,1,0,0
0.7,0.24,-0.037036,1,0,0
0.72,0.24,-0.069328,1,0,0
0.74,0.24,-0.051362,1,0,0
0.76,0.24,-0.043795,1,0,0
0.78,0.24,-0.056565,1,0,0
0.8,0.24,-0.048828,1,0,0
0.82,0.24,-0.050196,1,0,0
0.84,0.24,-0.069389,1,0,0
0.86,0.24,-0.085587,1,0,0
0.88,0.24,-0.08588,1,0,0
0.9,0.24,-0.072366,1,0,0
0.92,0.24,-0.083515,1,0,0
0.94,0.24,-0.075544,1,0,0
0.96,0.24,-0.062379,1,0,0
0.98,0.24,-0.039028,1,0,0
0.02,0.26,-0.047946,1,0,0
0.04,0.26,-0.043349,1,0,0
0.06,0.26,-0.089806,1,0,0
0.08,0.26,-0.062119,1,0,0
0.1,0.26,-0.056689,1,0,0
0.12,0.26,-0.064905,1,0,0
0.14,0.26,-0.09415,1,0,0
0.16,0.26,-0.048502,1,0,0
0.18,0.26,-0.050954,1,0,0
0.2,0.26,-0.014124,1,0,0
0.22,0.26,-0.03666,1,0,0
0.24,0.26,-0.077296,1,0,0
0.26,0.26,-0.046092,1,0,0
0.28,0.26,-0.036018,1,0,0
0.3,0.26,-0.061794,1,0,0
0.32,0.26,-0.031593,1,0,0
0.34,0.26,-0.018789,1,0,0
0.36,0.26,0.0018932,1,0,0
0.38,0.26,0.032045,1,0,0
0.4,0.26,0.011693,1,0,0
0.42,0.26,-0.011033,1,0,0
0.44,0.26,-0.0039595,1,0,0
0.46,0.26,0.0079026,1,0,0
0.48,0.26,0.0034515,1,0,0
0.5,0.26,-0.0096135,1,0,0
0.52,0.26,-0.02371,1,0,0
0.54,0.26,-0.0079178,1,0,0
0.56,0.26,0.0014533,1,0,0
0.58,0.26,-0.035542,1,0,0
0.6,0.26,-0.015457,1,0,0
0.62,0.26,0.0022356,1,0,0
0.64,0.26,-0.021097,1,0,0
0.66,0.26,-0.037837,1,0,0
0.68,0.26,-0.061468,1,0,0
0.7,0.26,-0.051683,1,0,0
0.72,0.26,-0.061393,1,0,0
0.74,0.26,-0.085663,1,0,0
0.76,0.26,-0.050458,1,0,0
0.78,0.26,-0.053109,1,0,0
0.8,0.26,-0.063127,1,0,0
0.82,0.26,-0.064491,1,0,0
0.84,0.26,-0.054333,1,0,0
0.86,0.26,-0.082639,1,0,0
0.88,0.26,-0.11692,1,0,0
0.9,0.26,-0.085077,1,0,0
0.92,0.26,-0.081416,1,0,0
0.94,0.26,-0.050477,1,0,0
0.96,0.26,-0.05838,1,0,0
0.98,0.26,-0.042766,1,0,0
0.02,0.28,-0.013333,1,0,0
0.04,0.28,-0.03879,1,0,0
0.06,0.28,-0.039541,1,0,0
0.08,0.28,-0.065284,1,0,0
0.1,0.28,-0.051122,1,0,0
0.12,0.28,-0.066336,1,0,0
0.14,0.28,-0.056526,1,0,0
0.16,0.28,-0.063122,1,0,0
0.18,0.28,-0.05519,1,0,0
0.2,0.28,-0.062523,1,0,0
0.22,0.28,-0.069631,1,0,0
0.24,0.28,-0.075181,1,0,0
0.26,0.28,-0.056706,1,0,0
0.28,0.28,-0.03193,1,0,0
0.3,0.28,-0.030501,1,0,0
0.32,0.28,-0.040028,1,0,0
0.34,0.28,-0.021373,1,0,0
0.36,0.28,-0.010272,1,0,0
0.38,0.28,0.016608,1,0,0
0.4,0.28,0.032934,1,0,0
0.42,0.28,0.0034165,1,0,0
0.44,0.28,0.019658,1,0,0
0.46,0.28,0.024017,1,0,0
0.48,0.28,-0.0071389,1,0,0
0.5,0.28,-0.014431,1,0,0
0.52,0.28,-0.022732,1,0,0
0.54,0.28,-0.025734,1,0,0
0.56,0.28,-0.018225,1,0,0
0.58,0.28,-0.041852,1,0,0
0.6,0.28,-0.042022,1,0,0
0.62,0.28,-0.016189,1,0,0
0.64,0.28,0.023047,1,0,0
0.66,0.28,-0.00072623,1,0,0
0.68,0.28,-0.045107,1,0,0
0.7,0.28,-0.046673,1,0,0
0.72,0.28,-0.044703,1,0,0
0.74,0.28,-0.047265,1,0,0
0.76,0.28,-0.068704,1,0,0
0.78,0.28,-0.069775,1,0,0
0.8,0.28,-0.080722,1,0,0
0.82,0.28,-0.085834,1,0,0
0.84,0.28,-0.079334,1,0,0
0.86,0.28,-0.085914,1,0,0
0.88,0.28,-0.1095,1,0,0
0.9,0.28,-0.066518,1,0,0
0.92,0.28,-0.038118,1,0,0
0.94,0.28,-0.029812,1,0,0
0.96,0.28,-0.027128,1,0,0
0.98,0.28,-0.034819,1,0,0
0.02,0.3,-0.048118,1,0,0
0.04,0.3,-0.056059,1,0,0
0.06,0.3,-0.084558,1,0,0
0.08,0.3,-0.050058,1,0,0
0.1,0.3,-0.0096193,1,0,0
0.12,0.3,-0.057416,1,0,0
0.14,0.3,-0.064178,1,0,0
0.16,0.3,-0.053127,1,0,0
0.18,0.3,-0.062767,1,0,0
0.2,0.3,-0.061193,1,0,0
0.22,0.3,-0.056213,1,0,0
0.24,0.3,-0.099575,1,0,0
0.26,0.3,-0.085237,1,0,0
0.28,0.3,-0.054027,1,0,0
0.3,0.3,-0.020495,1,0,0
0.32,0.3,-0.043919,1,0,0
0.34,0.3,-0.027211,1,0,0
0.36,0.3,-0.023343,1,0,0
0.38,0.3,-0.00071432,1,0,0
0.4,0.3,0.001425,1,0,0
0.42,0.3,-0.027954,1,0,0
0.44,0.3,-0.0085353,1,0,0
0.46,0.3,-0.0059913,1,0,0
0.48,0.3,0.0055775,1,0,0
0.5,0.3,0.017766,1,0,0
0.52,0.3,-0.015962,1,0,0
0.54,0.3,-0.028827,1,0,0
0.56,0.3,-0.028749,1,0,0
0.58,0.3,-0.021465,1,0,0
0.6,0.3,-0.02331,1,0,0
0.62,0.3,-0.013766,1,0,0
0.64,0.3,-0.0009742,1,0,0
0.66,0.3,-0.020298,1,0,0
0.68,0.3,-0.063129,1,0,0
0.7,0.3,-0.046027,1,0,0
0.72,0.3,-0.036145,1,0,0
0.74,0.3,-0.042448,1,0,0
0.76,0.3,-0.060433,1,0,0
0.78,0.3,-0.093836,1,0,0
0.8,0.3,-0.078343,1,0,0
0.82,0.3,-0.071455,1,0,0
0.84,0.3,-0.077403,1,0,0
0.86,0.3,-0.1207,1,0,0
0.88,0.3,-0.062556,1,0,0
0.9,0.3,-0.025559,1,0,0
0.92,0.3,-0.035772,1,0,0
0.94,0.3,-0.019675,1,0,0
0.96,0.3,-0.021575,1,0,0
0.98,0.3,-0.043786,1,0,0
0.02,0.32,0.0025051,1,0,0
0.04,0.32,-0.013655,1,0,0
0.06,0.32,-0.045246,1,0,0
0.08,0.32,-0.046713,1,0,0
0.1,0.32,-0.047772,1,0,0
0.12,0.32,-0.041781,1,0,0
0.14,0.32,-0.059322,1,0,0
0.16,0.32,-0.054831,1,0,0
0.18,0.32,-0.043171,1,0,0
0.2,0.32,-0.023001,1,0,0
0.22,0.32,-0.039434,1,0,0
0.24,0.32,-0.031772,1,0,0
0.26,0.32,-0.041868,1,0,0
0.28,0.32,-0.040743,1,0,0
0.3,0.32,-0.061483,1,0,0
0.32,0.32,-0.036206,1,0,0
0.34,0.32,-0.031741,1,0,0
0.36,0.32,0.0064724,1,0,0
0.38,0.32,0.021678,1,0,0
0.4,0.32,0.018819,1,0,0
0.42,0.32,-0.012018,1,0,0
0.44,0.32,-0.013932,1,0,0
0.46,0.32,0.041555,1,0,0
0.48,0.32,-0.0093633,1,0,0
0.5,0.32,-0.015149,1,0,0
0.52,0.32,0.0094505,1,0,0
0.54,0.32,0.0056234,1,0,0
0.56,0.32,-0.004546,1,0,0
0.58,0.32,0.010864,1,0,0
0.6,0.32,0.006322,1,0,0
0.62,0.32,0.027476,1,0,0
0.64,0.32,0.03868,1,0,0
0.66,0.32,0.0062148,1,0,0
0.68,0.32,-0.0439,1,0,0
0.7,0.32,-0.051533,1,0,0
0.72,0.32,-0.058327,1,0,0
0.74,0.32,-0.042275,1,0,0
0.76,0.32,-0.032354,1,0,0
0.78,0.32,-0.051049,1,0,0
0.8,0.32,-0.032794,1,0,0
0.82,0.32,-0.047814,1,0,0
0.84,0.32,-0.060413,1,0,0
0.86,0.32,-0.055336,1,0,0
0.88,0.32,-0.085844,1,0,0
0.9,0.32,-0.034303,1,0,0
0.92,0.32,-0.039555,1,0,0
0.94,0.32,-0.03486,1,0,0
0.96,0.32,-0.017651,1,0,0
0.98,0.32,-0.050815,1,0,0
0.02,0.34,0.0090899,1,0,0
0.04,0.34,-0.02731,1,0,0
0.06,0.34,-0.055742,1,0,0
0.08,0.34,-0.0122,1,0,0
0.1,0.34,-0.038058,1,0,0
0.12,0.34,-0.034314,1,0,0
0.14,0.34,-0.056303,1,0,0
0.16,0.34,-0.03011,1,0,0
0.18,0.34,-0.040121,1,0,0
0.2,0.34,-0.024095,1,0,0
0.22,0.34,-0.036795,1,0,0
0.24,0.34,-0.024657,1,0,0
0.26,0.34,-0.061169,1,0,0
0.28,0.34,-0.042968,1,0,0
0.3,0.34,-0.06625,1,0,0
0.32,0.34,-0.054218,1,0,0
0.34,0.34,-0.028358,1,0,0
0.36,0.34,0.018926,1,0,0
0.38,0.34,0.0072783,1,0,0
0.4,0.34,-0.0012682,1,0,0
0.42,0.34,-0.046397,1,0,0
0.44,0.34,-0.015772,1,0,0
0.46,0.34,-0.010999,1,0,0
0.48,0.34,-0.013856,1,0,0
0.5,0.34,-0.0048532,1,0,0
0.52,0.34,-0.0096041,1,0,0
0.54,0.34,0.024079,1,0,0
0.56,0.34,0.043776,1,0,0
0.58,0.34,0.0050932,1,0,0
0.6,0.34,0.0097543,1,0,0
0.62,0.34,0.034111,1,0,0
0.64,0.34,0.0058993,1,0,0
0.66,0.34,0.020346,1,0,0
0.68,0.34,-0.019227,1,0,0
0.7,0.34,-0.017355,1,0,0
0.72,0.34,-0.071821,1,0,0
0.74,0.34,-0.040023,1,0,0
0.76,0.34,-0.012487,1,0,0
0.78,0.34,-0.035008,1,0,0
0.8,0.34,-0.022394,1,0,0
0.82,0.34,-0.0091687,1,0,0
0.84,0.34,-0.050394,1,0,0
0.86,0.34,-0.058551,1,0,0
0.88,0.34,-0.058388,1,0,0
0.9,0.34,-0.037614,1,0,0
0.92,0.34,-0.035736,1,0,0
0.94,0.34,-0.041188,1,0,0
0.96,0.34,-0.0090504,1,0,0
0.98,0.34,-0.02504,1,0,0
0.02,0.36,-0.042633,1,0,0
0.04,0.36,-0.026854,1,0,0
0.06,0.36,-0.043513,1,0,0
0.08,0.36,-0.040965,1,0,0
0.1,0.36,-0.050146,1,0,0
0.12,0.36,-0.0045883,1,0,0
0.14,0.36,-0.036903,1,0,0
0.16,0.36,-0.043744,1,0,0
0.18,0.36,-0.072431,1,0,0
0.2,0.36,4.5489e-05,1,0,0
0.22,0.36,-0.047162,1,0,0
0.24,0.36,-0.021451,1,0,0
0.26,0.36,-0.044963,1,0,0
0.28,0.36,-0.059501,1,0,0
0.3,0.36,-0.063835,1,0,0
0.32,0.36,-0.045474,1,0,0
0.34,0.36,-0.020976,1,0,0
0.36,0.36,0.003521,1,0,0
0.38,0.36,-0.020219,1,0,0
0.4,0.36,0.0040259,1,0,0
0.42,0.36,-0.026582,1,0,0
0.44,0.36,-0.039873,1,0,0
0.46,0.36,-0.020616,1,0,0
0.48,0.36,-0.0089441,1,0,0
0.5,0.36,-0.0076055,1,0,0
0.52,0.36,0.0010543,1,0,0
0.54,0.36,0.020958,1,0,0
0.56,0.36,0.044061,1,0,0
0.58,0.36,0.015777,1,0,0
0.6,0.36,-0.016323,1,0,0
0.62,0.36,0.030422,1,0,0
0.64,0.36,0.041506,1,0,0
0.66,0.36,0.0094142,1,0,0
0.68,0.36,-0.0015141,1,0,0
0.7,0.36,-0.0048796,1,0,0
0.72,0.36,-0.062089,1,0,0
0.74,0.36,-0.035823,1,0,0
0.76,0.36,-0.053365,1,0,0
0.78,0.36,-0.034214,1,0,0
0.8,0.36,-0.019289,1,0,0
0.82,0.36,-0.041814,1,0,0
0.84,0.36,-0.039302,1,0,0
0.86,0.36,-0.052846,1,0,0
0.88,0.36,-0.068437,1,0,0
0.9,0.36,-0.031838,1,0,0
0.92,0.36,-0.025443,1,0,0
0.94,0.36,-0.051278,1,0,0
0.96,0.36,-0.071685,1,0,0
0.98,0.36,-0.037325,1,0,0
0.02,0.38,-0.040111,1,0,0
0.04,0.38,-0.034703,1,0,0
0.06,0.38,-0.040233,1,0,0
0.08,0.38,-0.039048,1,0,0
0.1,0.38,-0.028066,1,0,0
0.12,0.38,-0.0018108,1,0,0
0.14,0.38,-0.015217,1,0,0
0.16,0.38,-0.045539,1,0,0
0.18,0.38,-0.037003,1,0,0
0.2,0.38,-0.0047859,1,0,0
0.22,0.38,-0.025251,1,0,0
0.24,0.38,-0.025276,1,0,0
0.26,0.38,-0.071465,1,0,0
0.28,0.38,-0.071227,1,0,0
0.3,0.38,-0.083518,1,0,0
0.32,0.38,-0.051024,1,0,0
0.34,0.38,-0.039885,1,0,0
0.36,0.38,-0.0058971,1,0,0
0.38,0.38,0.0065656,1,0,0
0.4,0.38,0.012335,1,0,0
0.42,0.38,-0.01213,1,0,0
0.44,0.38,-0.016541,1,0,0
0.46,0.38,-0.015522,1,0,0
0.48,0.38,-0.015263,1,0,0
0.5,0.38,0.010812,1,0,0
0.52,0.38,0.0082892,1,0,0
0.54,0.38,0.0016817,1,0,0
0.56,0.38,0.054862,1,0,0
0.58,0.38,0.04895,1,0,0
0.6,0.38,0.038511,1,0,0
0.62,0.38,0.015114,1,0,0
0.64,0.38,0.012078,1,0,0
0.66,0.38,-0.0048639,1,0,0
0.68,0.38,-0.03966,1,0,0
0.7,0.38,-0.017234,1,0,0
0.72,0.38,-0.034143,1,0,0
0.74,0.38,-0.018928,1,0,0
0.76,0.38,-0.026462,1,0,0
0.78,0.38,-0.013498,1,0,0
0.8,0.38,0.0040947,1,0,0
0.82,0.38,-0.024194,1,0,0
0.84,0.38,-0.078166,1,0,0
0.86,0.38,-0.024805,1,0,0
0.88,0.38,-0.066135,1,0,0
0.9,0.38,-0.030405,1,0,0
0.92,0.38,-0.049695,1,0,0
0.94,0.38,-0.05468,1,0,0
0.96,0.38,-0.067027,1,0,0
0.98,0.38,-0.031499,1,0,0
0.02,0.4,-0.026544,1,0,0
0.04,0.4,0.0075823,1,0,0
0.06,0.4,-0.034229,1,0,0
0.08,0.4,-0.011774,1,0,0
0.1,0.4,0.0068893,1,0,0
0.12,0.4,-0.0086921,1,0,0
0.14,0.4,-0.0062606,1,0,0
0.16,0.4,-0.031549,1,0,0
0.18,0.4,-0.031707,1,0,0
0.2,0.4,-0.056599,1,0,0
0.22,0.4,-0.022236,1,0,0
0.24,0.4,-0.048098,1,0,0
0.26,0.4,-0.039057,1,0,0
0.28,0.4,-0.08237,1,0,0
0.3,0.4,-0.039662,1,0,0
0.32,0.4,-0.040338,1,0,0
0.34,0.4,-0.060073,1,0,0
0.36,0.4,-0.010748,1,0,0
0.38,0.4,0.002895,1,0,0
0.4,0.4,0.00095292,1,0,0
0.42,0.4,0.00098483,1,0,0
0.44,0.4,0.018733,1,0,0
0.46,0.4,0.0020787,1,0,0
0.48,0.4,-0.0083327,1,0,0
0.5,0.4,-0.0013608,1,0,0
0.52,0.4,0.031631,1,0,0
0.54,0.4,0.043741,1,0,0
0.56,0.4,0.062071,1,0,0
0.58,0.4,0.054051,1,0,0
0.6,0.4,0.03493,1,0,0
0.62,0.4,0.045964,1,0,0
0.64,0.4,-0.00025892,1,0,0
0.66,0.4,-0.012191,1,0,0
0.68,0.4,-0.02086,1,0,0
0.7,0.4,-0.021378,1,0,0
0.72,0.4,-0.036653,1,0,0
0.74,0.4,-0.0058166,1,0,0
0.76,0.4,-0.017656,1,0,0
0.78,0.4,-0.032411,1,0,0
0.8,0.4,-0.006385,1,0,0
0.82,0.4,-0.042165,1,0,0
0.84,0.4,-0.035355,1,0,0
0.86,0.4,-0.011532,1,0,0
0.88,0.4,-0.040459,1,0,0
0.9,0.4,-0.021179,1,0,0
0.92,0.4,-0.046444,1,0,0
0.94,0.4,-0.029612,1,0,0
0.96,0.4,-0.026341,1,0,0
0.98,0.4,-0.030422,1,0,0
0.02,0.42,-0.020976,1,0,0
0.04,0.42,-0.027271,1,0,0
0.06,0.42,-0.013458,1,0,0
0.08,0.42,-0.012719,1,0,0
0.1,0.42,-0.0046484,1,0,0
0.12,0.42,-0.011091,1,0,0
0.14,0.42,-0.0095633,1,0,0
0.16,0.42,-0.013893,1,0,0
0.18,0.42,-0.035419,1,0,0
0.2,0.42,-0.057143,1,0,0
0.22,0.42,-0.051169,1,0,0
0.24,0.42,-0.050087,1,0,0
0.26,0.42,-0.0535,1,0,0
0.28,0.42,-0.065171,1,0,0
0.3,0.42,-0.015091,1,0,0
0.32,0.42,-0.053722,1,0,0
0.34,0.42,-0.031648,1,0,0
0.36,0.42,-0.04567,1,0,0
0.38,0.42,0.011089,1,0,0
0.4,0.42,0.0045491,1,0,0
0.42,0.42,-0.010524,1,0,0
0.44,0.42,0.018103,1,0,0
0.46,0.42,0.032586,1,0,0
0.48,0.42,0.0018851,1,0,0
0.5,0.42,0.052554,1,0,0
0.52,0.42,0.059325,1,0,0
0.54,0.42,0.0975,1,0,0
0.56,0.42,0.071148,1,0,0
0.58,0.42,0.04221,1,0,0
0.6,0.42,0.040918,1,0,0
0.62,0.42,0.0022366,1,0,0
0.64,0.42,-0.030367,1,0,0
0.66,0.42,-0.031906,1,0,0
0.68,0.42,-0.030817,1,0,0
0.7,0.42,-0.042132,1,0,0
0.72,0.42,-0.031591,1,0,0
0.74,0.42,-0.028451,1,0,0
0.76,0.42,-0.028458,1,0,0
0.78,0.42,-0.035578,1,0,0
0.8,0.42,-0.018474,1,0,0
0.82,0.42,-0.048593,1,0,0
0.84,0.42,-0.013596,1,0,0
0.86,0.42,-0.0056353,1,0,0
0.88,0.42,-0.028501,1,0,0
0.9,0.42,-0.037694,1,0,0
0.92,0.42,-0.031468,1,0,0
0.94,0.42,-0.049228,1,0,0
0.96,0.42,-0.046703,1,0,0
0.98,0.42,-0.018091,1,0,0
0.02,0.44,0.0098544,1,0,0
0.04,0.44,0.026998,1,0,0
0.06,0.44,0.0078916,1,0,0
0.08,0.44,-0.022463,1,0,0
0.1,0.44,0.02051,1,0,0
0.12,0.44,-0.049564,1,0,0
0.14,0.44,-0.040051,1,0,0
0.16,0.44,-0.024003,1,0,0
0.18,0.44,-0.056164,1,0,0
0.2,0.44,-0.0029721,1,0,0
0.22,0.44,0.02304,1,0,0
0.24,0.44,-0.024208,1,0,0
0.26,0.44,-0.050679,1,0,0
0.28,0.44,-0.049835,1,0,0
0.3,0.44,-0.021869,1,0,0
0.32,0.44,-0.045543,1,0,0
0.34,0.44,-0.042507,1,0,0
0.36,0.44,-0.051637,1,0,0
0.38,0.44,-0.0096356,1,0,0
0.4,0.44,0.016693,1,0,0
0.42,0.44,0.047831,1,0,0
0.44,0.44,-0.00083745,1,0,0
0.46,0.44,0.027621,1,0,0
0.48,0.44,0.052589,1,0,0
0.5,0.44,0.085417,1,0,0
0.52,0.44,0.073296,1,0,0
0.54,0.44,0.089728,1,0,0
0.56,0.44,0.073941,1,0,0
0.58,0.44,0.050662,1,0,0
0.6,0.44,0.061882,1,0,0
0.62,0.44,0.043219,1,0,0
0.64,0.44,-0.010938,1,0,0
0.66,0.44,-0.05078,1,0,0
0.68,0.44,-0.045535,1,0,0
0.7,0.44,-0.034022,1,0,0
0.72,0.44,-0.046109,1,0,0
0.74,0.44,-0.032832,1,0,0
0.76,0.44,-0.042896,1,0,0
0.78,0.44,-0.026401,1,0,0
0.8,0.44,-0.0024872,1,0,0
0.82,0.44,0.0044162,1,0,0
0.84,0.44,0.032212,1,0,0
0.86,0.44,-0.017691,1,0,0
0.88,0.44,-0.016562,1,0,0
0.9,0.44,-0.00020682,1,0,0
0.92,0.44,-0.036017,1,0,0
0.94,0.44,-0.03513,1,0,0
0.96,0.44,-0.0038658,1,0,0
0.98,0.44,-0.015729,1,0,0
0.02,0.46,-0.039955,1,0,0
0.04,0.46,0.031913,1,0,0
0.06,0.46,0.01374,1,0,0
0.08,0.46,-0.01661,1,0,0
0.1,0.46,-0.022392,1,0,0
0.12,0.46,-0.0067015,1,0,0
0.14,0.46,-0.026114,1,0,0
0.16,0.46,-0.037683,1,0,0
0.18,0.46,-0.049576,1,0,0
0.2,0.46,-0.034637,1,0,0
0.22,0.46,-0.024393,1,0,0
0.24,0.46,-0.068663,1,0,0
0.26,0.46,-0.053993,1,0,0
0.28,0.46,-0.048872,1,0,0
0.3,0.46,-0.046624,1,0,0
0.32,0.46,-0.041708,1,0,0
0.34,0.46,-0.0095504,1,0,0
0.36,0.46,-0.027612,1,0,0
0.38,0.46,-0.011735,1,0,0
0.4,0.46,0.024204,1,0,0
0.42,0.46,0.014991,1,0,0
0.44,0.46,-0.011338,1,0,0
0.46,0.46,0.023891,1,0,0
0.48,0.46,0.053008,1,0,0
0.5,0.46,0.057833,1,0,0
0.52,0.46,0.057323,1,0,0
0.54,0.46,0.070765,1,0,0
0.56,0.46,0.065349,1,0,0
0.58,0.46,0.036832,1,0,0
0.6,0.46,0.032051,1,0,0
0.62,0.46,0.013927,1,0,0
0.64,0.46,-0.019943,1,0,0
0.66,0.46,-0.024559,1,0,0
0.68,0.46,-0.060907,1,0,0
0.7,0.46,-0.033082,1,0,0
0.72,0.46,-0.046222,1,0,0
0.74,0.46,-0.055482,1,0,0
0.76,0.46,-0.051178,1,0,0
0.78,0.46,-0.03648,1,0,0
0.8,0.46,-0.024258,1,0,0
0.82,0.46,-0.051154,1,0,0
0.84,0.46,-0.029387,1,0,0
0.86,0.46,-0.031455,1,0,0
0.88,0.46,-0.061211,1,0,0
0.9,0.46,-0.028973,1,0,0
0.92,0.46,-0.036906,1,0,0
0.94,0.46,-0.035279,1,0,0
0.96,0.46,-0.00078959,1,0,0
0.98,0.46,0.0010752,1,0,0
0.02,0.48,-0.030999,1,0,0
0.04,0.48,0.0077051,1,0,0
0.06,0.48,-0.0059486,1,0,0
0.08,0.48,-0.031493,1,0,0
0.1,0.48,-0.015385,1,0,0
0.12,0.48,-0.0094115,1,0,0
0.14,0.48,-0.024748,1,0,0
0.16,0.48,-0.001622,1,0,0
0.18,0.48,-0.059345,1,0,0
0.2,0.48,-0.033398,1,0,0
0.22,0.48,-0.052678,1,0,0
0.24,0.48,-0.064903,1,0,0
0.26,0.48,-0.049088,1,0,0
0.28,0.48,-0.023936,1,0,0
0.3,0.48,-0.028279,1,0,0
0.32,0.48,-0.035843,1,0,0
0.34,0.48,-0.011023,1,0,0
0.36,0.48,-0.017509,1,0,0
0.38,0.48,-0.032495,1,0,0
0.4,0.48,-0.016253,1,0,0
0.42,0.48,-0.011625,1,0,0
0.44,0.48,0.017288,1,0,0
0.46,0.48,0.032103,1,0,0
0.48,0.48,0.035479,1,0,0
0.5,0.48,0.047757,1,0,0
0.52,0.48,0.018774,1,0,0
0.54,0.48,0.06478,1,0,0
0.56,0.48,0.049765,1,0,0
0.58,0.48,0.020797,1,0,0
0.6,0.48,0.033434,1,0,0
0.62,0.48,0.0024069,1,0,0
0.64,0.48,-0.001884,1,0,0
0.66,0.48,-0.017039,1,0,0
0.68,0.48,-0.019299,1,0,0
0.7,0.48,-0.036821,1,0,0
0.72,0.48,-0.03835,1,0,0
0.74,0.48,-0.062968,1,0,0
0.76,0.48,-0.073147,1,0,0
0.78,0.48,-0.034829,1,0,0
0.8,0.48,-0.070272,1,0,0
0.82,0.48,-0.048022,1,0,0
0.84,0.48,-0.043656,1,0,0
0.86,0.48,-0.029044,1,0,0
0.88,0.48,-0.068,1,0,0
0.9,0.48,-0.033644,1,0,0
0.92,0.48,-0.06597,1,0,0
0.94,0.48,-0.026235,1,0,0
0.96,0.48,-0.019918,1,0,0
0.98,0.48,-0.0097539,1,0,0
0.02,0.5,0.013511,1,0,0
0.04,0.5,0.011605,1,0,0
0.06,0.5,-0.035093,1,0,0
0.08,0.5,-0.061871,1,0,0
0.1,0.5,-0.025198,1,0,0
0.12,0.5,-0.026083,1,0,0
0.14,0.5,-0.013408,1,0,0
0.16,0.5,0.0098901,1,0,0
0.18,0.5,-0.022388,1,0,0
0.2,0.5,-0.040844,1,0,0
0.22,0.5,-0.026586,1,0,0
0.24,0.5,-0.016267,1,0,0
0.26,0.5,-0.027953,1,0,0
0.28,0.5,-0.017191,1,0,0
0.3,0.5,0.0080173,1,0,0
0.32,0.5,-0.019643,1,0,0
0.34,0.5,-0.028219,1,0,0
0.36,0.5,-0.036175,1,0,0
0.38,0.5,-0.051625,1,0,0
0.4,0.5,-0.0022802,1,0,0
0.42,0.5,-0.049417,1,0,0
0.44,0.5,0.018316,1,0,0
0.46,0.5,0.044814,1,0,0
0.48,0.5,0.028481,1,0,0
0.5,0.5,0.0052436,1,0,0
0.52,0.5,0.035512,1,0,0
0.54,0.5,0.065542,1,0,0
0.56,0.5,0.048991,1,0,0
0.58,0.5,0.057451,1,0,0
0.6,0.5,0.051239,1,0,0
0.62,0.5,0.024139,1,0,0
0.64,0.5,-0.012195,1,0,0
0.66,0.5,-0.013215,1,0,0
0.68,0.5,-0.040359,1,0,0
0.7,0.5,-0.035865,1,0,0
0.72,0.5,-0.068363,1,0,0
0.74,0.5,-0.037003,1,0,0
0.76,0.5,-0.05782,1,0,0
0.78,0.5,-0.02258,1,0,0
0.8,0.5,-0.040722,1,0,0
0.82,0.5,-0.042018,1,0,0
0.84,0.5,-0.0444,1,0,0
0.86,0.5,-0.049744,1,0,0
0.88,0.5,-0.057192,1,0,0
0.9,0.5,-0.024641,1,0,0
0.92,0.5,-0.046898,1,0,0
0.94,0.5,-0.049878,1,0,0
0.96,0.5,-0.034829,1,0,0
0.98,0.5,-0.0063528,1,0,0
0.02,0.52,0.016059,1,0,0
0.04,0.52,0.00069608,1,0,0
0.06,0.52,-0.060834,1,0,0
0.08,0.52,-0.037823,1,0,0
0.1,0.52,-0.016329,1,0,0
0.12,0.52,-0.02534,1,0,0
0.14,0.52,-0.012734,1,0,0
0.16,0.52,0.00062774,1,0,0
0.18,0.52,-0.026452,1,0,0
0.2,0.52,-0.024544,1,0,0
0.22,0.52,-0.0097912,1,0,0
0.24,0.52,-0.022232,1,0,0
0.26,0.52,-0.031855,1,0,0
0.28,0.52,-0.012574,1,0,0
0.3,0.52,0.018918,1,0,0
0.32,0.52,0.019216,1,0,0
0.34,0.52,-0.017733,1,0,0
0.36,0.52,-0.03627,1,0,0
0.38,0.52,-0.02139,1,0,0
0.4,0.52,-0.018048,1,0,0
0.42,0.52,-0.040539,1,0,0
0.44,0.52,0.00075784,1,0,0
0.46,0.52,0.042118,1,0,0
0.48,0.52,0.02294,1,0,0
0.5,0.52,0.022417,1,0,0
0.52,0.52,0.019544,1,0,0
0.54,0.52,0.024914,1,0,0
0.56,0.52,0.033772,1,0,0
0.58,0.52,0.073337,1,0,0
0.6,0.52,0.070704,1,0,0
0.62,0.52,0.022214,1,0,0
0.64,0.52,-0.014674,1,0,0
0.66,0.52,0.0031842,1,0,0
0.68,0.52,-0.064775,1,0,0
0.7,0.52,-0.037398,1,0,0
0.72,0.52,-0.037107,1,0,0
0.74,0.52,-0.037572,1,0,0
0.76,0.52,-0.058455,1,0,0
0.78,0.52,-0.062457,1,0,0
0.8,0.52,-0.029516,1,0,0
0.82,0.52,-0.044381,1,0,0
0.84,0.52,-0.059485,1,0,0
0.86,0.52,-0.064527,1,0,0
0.88,0.52,-0.052296,1,0,0
0.9,0.52,-0.02235,1,0,0
0.92,0.52,-0.053121,1,0,0
0.94,0.52,-0.076979,1,0,0
0.96,0.52,-0.067502,1,0,0
0.98,0.52,-0.029355,1,0,0
0.02,0.54,0.029504,1,0,0
0.04,0.54,-0.017201,1,0,0
0.06,0.54,-0.026113,1,0,0
0.08,0.54,-0.043047,1,0,0
0.1,0.54,-0.032558,1,0,0
0.12,0.54,-0.013633,1,0,0
0.14,0.54,-0.00097769,1,0,0
0.16,0.54,0.013881,1,0,0
0.18,0.54,-0.029918,1,0,0
0.2,0.54,-0.0076609,1,0,0
0.22,0.54,-0.045815,1,0,0
0.24,0.54,-0.028402,1,0,0
0.26,0.54,-0.035005,1,0,0
0.28,0.54,-0.0036653,1,0,0
0.3,0.54,0.012384,1,0,0
0.32,0.54,-0.023253,1,0,0
0.34,0.54,-0.0045087,1,0,0
0.36,0.54,-0.0081739,1,0,0
0.38,0.54,-0.042748,1,0,0
0.4,0.54,-0.057618,1,0,0
0.42,0.54,-0.015931,1,0,0
0.44,0.54,-0.02158,1,0,0
0.46,0.54,0.019973,1,0,0
0.48,0.54,-0.0014412,1,0,0
0.5,0.54,0.031389,1,0,0
0.52,0.54,-0.0093949,1,0,0
0.54,0.54,0.0375,1,0,0
0.56,0.54,0.062211,1,0,0
0.58,0.54,0.036035,1,0,0
0.6,0.54,-0.01759,1,0,0
0.62,0.54,0.021324,1,0,0
0.64,0.54,0.035591,1,0,0
0.66,0.54,-0.026633,1,0,0
0.68,0.54,-0.027481,1,0,0
0.7,0.54,-0.035016,1,0,0
0.72,0.54,-0.069322,1,0,0
0.74,0.54,-0.048713,1,0,0
0.76,0.54,-0.055051,1,0,0
0.78,0.54,-0.070623,1,0,0
0.8,0.54,-0.047496,1,0,0
0.82,0.54,-0.040571,1,0,0
0.84,0.54,-0.037063,1,0,0
0.86,0.54,-0.021912,1,0,0
0.88,0.54,-0.04112,1,0,0
0.9,0.54,-0.028875,1,0,0
0.92,0.54,-0.029174,1,0,0
0.94,0.54,-0.053155,1,0,0
0.96,0.54,-0.036337,1,0,0
0.98,0.54,-0.060943,1,0,0
0.02,0.56,0.021115,1,0,0
0.04,0.56,-0.010623,1,0,0
0.06,0.56,0.0057182,1,0,0
0.08,0.56,-0.016488,1,0,0
0.1,0.56,-0.02304,1,0,0
0.12,0.56,-0.015836,1,0,0
0.14,0.56,-0.027846,1,0,0
0.16,0.56,-0.03565,1,0,0
0.18,0.56,0.0087018,1,0,0
0.2,0.56,0.020083,1,0,0
0.22,0.56,-0.039481,1,0,0
0.24,0.56,-0.040851,1,0,0
0.26,0.56,-0.0014935,1,0,0
0.28,0.56,-0.016528,1,0,0
0.3,0.56,-0.010826,1,0,0
0.32,0.56,-0.034549,1,0,0
0.34,0.56,0.0044451,1,0,0
0.36,0.56,-0.0020815,1,0,0
0.38,0.56,0.001222,1,0,0
0.4,0.56,0.00053887,1,0,0
0.42,0.56,-0.038803,1,0,0
0.44,0.56,0.031167,1,0,0
0.46,0.56,0.013804,1,0,0
0.48,0.56,-0.0058893,1,0,0
0.5,0.56,0.020238,1,0,0
0.52,0.56,-0.011011,1,0,0
0.54,0.56,0.028979,1,0,0
0.56,0.56,0.040174,1,0,0
0.58,0.56,0.017811,1,0,0
0.6,0.56,-0.0044695,1,0,0
0.62,0.56,0.016092,1,0,0
0.64,0.56,0.013225,1,0,0
0.66,0.56,-7.2421e-06,1,0,0
0.68,0.56,-0.048245,1,0,0
0.7,0.56,-0.033601,1,0,0
0.72,0.56,-0.06833,1,0,0
0.74,0.56,-0.052305,1,0,0
0.76,0.56,-0.0754,1,0,0
0.78,0.56,-0.06339,1,0,0
0.8,0.56,-0.048601,1,0,0
0.82,0.56,-0.028851,1,0,0
0.84,0.56,-0.020067,1,0,0
0.86,0.56,-0.018735,1,0,0
0.88,0.56,-0.025624,1,0,0
0.9,0.56,-0.082505,1,0,0
0.92,0.56,-0.017991,1,0,0
0.94,0.56,-0.040741,1,0,0
0.96,0.56,-0.032908,1,0,0
0.98,0.56,-0.039124,1,0,0
0.02,0.58,0.027773,1,0,0
0.04,0.58,0.011383,1,0,0
0.06,0.58,-0.0015325,1,0,0
0.08,0.58,0.0064051,1,0,0
0.1,0.58,-0.0018529,1,0,0
0.12,0.58,-0.00021069,1,0,0
0.14,0.58,-0.02001,1,0,0
0.16,0.58,-0.033044,1,0,0
0.18,0.58,-0.011383,1,0,0
0.2,0.58,0.024326,1,0,0
0.22,0.58,-0.013959,1,0,0
0.24,0.58,-0.020964,1,0,0
0.26,0.58,-0.014067,1,0,0
0.28,0.58,-0.016951,1,0,0
0.3,0.58,0.0054625,1,0,0
0.32,0.58,0.0062637,1,0,0
0.34,0.58,-0.0081978,1,0,0
0.36,0.58,-0.0030034,1,0,0
0.38,0.58,0.016306,1,0,0
0.4,0.58,0.029398,1,0,0
0.42,0.58,0.014082,1,0,0
0.44,0.58,-0.0067356,1,0,0
0.46,0.58,0.016431,1,0,0
0.48,0.58,0.0038454,1,0,0
0.5,0.58,0.010816,1,0,0
0.52,0.58,0.032188,1,0,0
0.54,0.58,0.01821,1,0,0
0.56,0.58,0.032893,1,0,0
0.58,0.58,0.0037584,1,0,0
0.6,0.58,-0.014819,1,0,0
0.62,0.58,0.030884,1,0,0
0.64,0.58,0.023037,1,0,0
0.66,0.58,-0.038086,1,0,0
0.68,0.58,-0.033107,1,0,0
0.7,0.58,-0.011886,1,0,0
0.72,0.58,-0.047632,1,0,0
0.74,0.58,-0.014115,1,0,0
0.76,0.58,-0.051751,1,0,0
0.78,0.58,-0.091342,1,0,0
0.8,0.58,-0.047033,1,0,0
0.82,0.58,-0.031073,1,0,0
0.84,0.58,-0.0216,1,0,0
0.86,0.58,-0.019846,1,0,0
0.88,0.58,-0.03523,1,0,0
0.9,0.58,0.0039677,1,0,0
0.92,0.58,0.0093374,1,0,0
0.94,0.58,0.008086,1,0,0
0.96,0.58,-0.023108,1,0,0
0.98,0.58,-0.023612,1,0,0
0.02,0.6,0.017076,1,0,0
0.04,0.6,0.0025487,1,0,0
0.06,0.6,-0.0089294,1,0,0
0.08,0.6,0.026811,1,0,0
0.1,0.6,-0.018233,1,0,0
0.12,0.6,-0.027254,1,0,0
0.14,0.6,-0.045129,1,0,0
0.16,0.6,-0.048675,1,0,0
0.18,0.6,-0.036751,1,0,0
0.2,0.6,-0.0088468,1,0,0
0.22,0.6,-0.018882,1,0,0
0.24,0.6,-0.015841,1,0,0
0.26,0.6,-0.0020796,1,0,0
0.28,0.6,0.0016569,1,0,0
0.3,0.6,0.0011497,1,0,0
0.32,0.6,0.018087,1,0,0
0.34,0.6,-0.034559,1,0,0
0.36,0.6,-0.026669,1,0,0
0.38,0.6,0.0050589,1,0,0
0.4,0.6,0.010642,1,0,0
0.42,0.6,-0.034984,1,0,0
0.44,0.6,0.0027379,1,0,0
0.46,0.6,0.013279,1,0,0
0.48,0.6,0.007326,1,0,0
0.5,0.6,0.0056486,1,0,0
0.52,0.6,-0.0080277,1,0,0
0.54,0.6,-0.0067334,1,0,0
0.56,0.6,0.016284,1,0,0
0.58,0.6,-0.016569,1,0,0
0.6,0.6,-0.0078686,1,0,0
0.62,0.6,-0.013025,1,0,0
0.64,0.6,-0.020189,1,0,0
0.66,0.6,-0.027327,1,0,0
0.68,0.6,-0.035594,1,0,0
0.7,0.6,-0.019368,1,0,0
0.72,0.6,-0.029997,1,0,0
0.74,0.6,-0.020952,1,0,0
0.76,0.6,-0.048498,1,0,0
0.78,0.6,-0.10684,1,0,0
0.8,0.6,-0.075683,1,0,0
0.82,0.6,-0.025577,1,0,0
0.84,0.6,-0.039971,1,0,0
0.86,0.6,0.00083192,1,0,0
0.88,0.6,-0.01348,1,0,0
0.9,0.6,0.034376,1,0,0
0.92,0.6,-0.0028338,1,0,0
0.94,0.6,-0.017013,1,0,0
0.96,0.6,-0.044939,1,0,0
0.98,0.6,-0.024429,1,0,0
0.02,0.62,0.014763,1,0,0
0.04,0.62,0.013297,1,0,0
0.06,0.62,-0.015253,1,0,0
0.08,0.62,-0.029476,1,0,0
0.1,0.62,-0.054529,1,0,0
0.12,0.62,-0.04279,1,0,0
0.14,0.62,-0.052339,1,0,0
0.16,0.62,-0.03886,1,0,0
0.18,0.62,-0.04683,1,0,0
0.2,0.62,-0.013501,1,0,0
0.22,0.62,-0.015729,1,0,0
0.24,0.62,0.0052131,1,0,0
0.26,0.62,0.047251,1,0,0
0.28,0.62,0.01656,1,0,0
0.3,0.62,0.013727,1,0,0
0.32,0.62,-0.013849,1,0,0
0.34,0.62,-0.048284,1,0,0
0.36,0.62,-0.012534,1,0,0
0.38,0.62,-0.02358,1,0,0
0.4,0.62,0.0018956,1,0,0
0.42,0.62,-0.036965,1,0,0
0.44,0.62,0.038692,1,0,0
0.46,0.62,0.01481,1,0,0
0.48,0.62,-0.018698,1,0,0
0.5,0.62,-0.03068,1,0,0
0.52,0.62,0.0017983,1,0,0
0.54,0.62,0.014125,1,0,0
0.56,0.62,0.0087153,1,0,0
0.58,0.62,-0.0083707,1,0,0
0.6,0.62,-0.042146,1,0,0
0.62,0.62,-0.030081,1,0,0
0.64,0.62,-0.026744,1,0,0
0.66,0.62,-0.039993,1,0,0
0.68,0.62,-0.03854,1,0,0
0.7,0.62,-0.054281,1,0,0
0.72,0.62,-0.045922,1,0,0
0.74,0.62,0.0010043,1,0,0
0.76,0.62,-0.053946,1,0,0
0.78,0.62,-0.076105,1,0,0
0.8,0.62,-0.059807,1,0,0
0.82,0.62,-0.046537,1,0,0
0.84,0.62,-0.032433,1,0,0
0.86,0.62,-0.0097635,1,0,0
0.88,0.62,-0.0097,1,0,0
0.9,0.62,-0.0046289,1,0,0
0.92,0.62,-0.020433,1,0,0
0.94,0.62,-0.0087723,1,0,0
0.96,0.62,-0.041175,1,0,0
0.98,0.62,-0.080271,1,0,0
0.02,0.64,-0.0036105,1,0,0
0.04,0.64,0.00091944,1,0,0
0.06,0.64,-0.033918,1,0,0
0.08,0.64,-0.042081,1,0,0
0.1,0.64,-0.04412,1,0,0
0.12,0.64,-0.039599,1,0,0
0.14,0.64,-0.074157,1,0,0
0.16,0.64,-0.048366,1,0,0
0.18,0.64,-0.074348,1,0,0
0.2,0.64,-0.018434,1,0,0
0.22,0.64,-0.023662,1,0,0
0.24,0.64,-0.011577,1,0,0
0.26,0.64,-0.015513,1,0,0
0.28,0.64,0.022098,1,0,0
0.3,0.64,-0.026006,1,0,0
0.32,0.64,-0.043316,1,0,0
0.34,0.64,-0.017778,1,0,0
0.36,0.64,-0.022436,1,0,0
0.38,0.64,-0.012676,1,0,0
0.4,0.64,-0.034596,1,0,0
0.42,0.64,-0.027786,1,0,0
0.44,0.64,-0.024118,1,0,0
0.46,0.64,-0.010393,1,0,0
0.48,0.64,-0.036307,1,0,0
0.5,0.64,-0.025426,1,0,0
0.52,0.64,-0.067652,1,0,0
0.54,0.64,-0.03551,1,0,0
0.56,0.64,0.0032984,1,0,0
0.58,0.64,-0.04227,1,0,0
0.6,0.64,-0.035815,1,0,0
0.62,0.64,-0.053435,1,0,0
0.64,0.64,-0.052938,1,0,0
0.66,0.64,-0.072135,1,0,0
0.68,0.64,-0.042158,1,0,0
0.7,0.64,-0.018163,1,0,0
0.72,0.64,-0.02446,1,0,0
0.74,0.64,-0.053311,1,0,0
0.76,0.64,-0.029114,1,0,0
0.78,0.64,-0.05508,1,0,0
0.8,0.64,-0.06951,1,0,0
0.82,0.64,-0.060624,1,0,0
0.84,0.64,-0.047019,1,0,0
0.86,0.64,-0.030645,1,0,0
0.88,0.64,-0.0085223,1,0,0
0.9,0.64,0.010787,1,0,0
0.92,0.64,-0.027091,1,0,0
0.94,0.64,-0.006948,1,0,0
0.96,0.64,-0.025678,1,0,0
0.98,0.64,-0.043828,1,0,0
0.02,0.66,0.0096504,1,0,0
0.04,0.66,0.03026,1,0,0
0.06,0.66,-0.027789,1,0,0
0.08,0.66,-0.029536,1,0,0
0.1,0.66,-0.010562,1,0,0
0.12,0.66,-0.038861,1,0,0
0.14,0.66,-0.04144,1,0,0
0.16,0.66,-0.047534,1,0,0
0.18,0.66,-0.074579,1,0,0
0.2,0.66,-0.039734,1,0,0
0.22,0.66,0.0093152,1,0,0
0.24,0.66,-0.014796,1,0,0
0.26,0.66,-0.020161,1,0,0
0.28,0.66,-0.01359,1,0,0
0.3,0.66,-0.011204,1,0,0
0.32,0.66,-0.0041762,1,0,0
0.34,0.66,-0.019006,1,0,0
0.36,0.66,-0.024631,1,0,0
0.38,0.66,0.0045212,1,0,0
0.4,0.66,-0.0024446,1,0,0
0.42,0.66,0.0046404,1,0,0
0.44,0.66,-0.032715,1,0,0
0.46,0.66,-0.0044521,1,0,0
0.48,0.66,-0.010284,1,0,0
0.5,0.66,-0.031579,1,0,0
0.52,0.66,-0.022477,1,0,0
0.54,0.66,-0.056115,1,0,0
0.56,0.66,-0.047524,1,0,0
0.58,0.66,-0.060978,1,0,0
0.6,0.66,-0.061246,1,0,0
0.62,0.66,-0.046947,1,0,0
0.64,0.66,-0.034294,1,0,0
0.66,0.66,-0.014653,1,0,0
0.68,0.66,-0.024465,1,0,0
0.7,0.66,0.008601,1,0,0
0.72,0.66,-0.016109,1,0,0
0.74,0.66,-0.045462,1,0,0
0.76,0.66,-0.04689,1,0,0
0.78,0.66,-0.051858,1,0,0
0.8,0.66,-0.027754,1,0,0
0.82,0.66,-0.05412,1,0,0
0.84,0.66,-0.0069633,1,0,0
0.86,0.66,-0.038272,1,0,0
0.88,0.66,-0.017122,1,0,0
0.9,0.66,0.044374,1,0,0
0.92,0.66,0.0022501,1,0,0
0.94,0.66,-0.039754,1,0,0
0.96,0.66,-0.043802,1,0,0
0.98,0.66,-0.046907,1,0,0
0.02,0.68,-0.0058652,1,0,0
0.04,0.68,0.022164,1,0,0
0.06,0.68,-0.0088006,1,0,0
0.08,0.68,-0.024509,1,0,0
0.1,0.68,-0.006938,1,0,0
0.12,0.68,-0.045622,1,0,0
0.14,0.68,-0.038614,1,0,0
0.16,0.68,-0.022401,1,0,0
0.18,0.68,-0.035776,1,0,0
0.2,0.68,-0.04059,1,0,0
0.22,0.68,0.014942,1,0,0
0.24,0.68,-0.015747,1,0,0
0.26,0.68,-0.017335,1,0,0
0.28,0.68,-0.039562,1,0,0
0.3,0.68,-0.016712,1,0,0
0.32,0.68,-0.025325,1,0,0
0.34,0.68,-0.0056231,1,0,0
0.36,0.68,-0.011486,1,0,0
0.38,0.68,-0.0068818,1,0,0
0.4,0.68,-0.0088433,1,0,0
0.42,0.68,-0.045857,1,0,0
0.44,0.68,-0.032397,1,0,0
0.46,0.68,-0.0089565,1,0,0
0.48,0.68,0.0048018,1,0,0
0.5,0.68,-0.023499,1,0,0
0.52,0.68,-0.039914,1,0,0
0.54,0.68,-0.015546,1,0,0
0.56,0.68,-0.021368,1,0,0
0.58,0.68,-0.05018,1,0,0
0.6,0.68,-0.052093,1,0,0
0.62,0.68,-0.051868,1,0,0
0.64,0.68,-0.054958,1,0,0
0.66,0.68,-0.025739,1,0,0
0.68,0.68,-0.018402,1,0,0
0.7,0.68,-0.014179,1,0,0
0.72,0.68,-0.033629,1,0,0
0.74,0.68,-0.043318,1,0,0
0.76,0.68,-0.023902,1,0,0
0.78,0.68,-0.00087492,1,0,0
0.8,0.68,-0.005248,1,0,0
0.82,0.68,-0.010927,1,0,0
0.84,0.68,0.020823,1,0,0
0.86,0.68,0.0024028,1,0,0
0.88,0.68,-0.00097626,1,0,0
0.9,0.68,0.019885,1,0,0
0.92,0.68,0.0036426,1,0,0
0.94,0.68,-0.028909,1,0,0
0.96,0.68,-0.010008,1,0,0
0.98,0.68,-0.021598,1,0,0
0.02,0.7,0.040921,1,0,0
0.04,0.7,0.043292,1,0,0
0.06,0.7,0.015997,1,0,0
0.08,0.7,-0.024522,1,0,0
0.1,0.7,-0.013071,1,0,0
0.12,0.7,-0.019155,1,0,0
0.14,0.7,-0.03076,1,0,0
0.16,0.7,-0.020149,1,0,0
0.18,0.7,-0.043318,1,0,0
0.2,0.7,-0.035399,1,0,0
0.22,0.7,-0.033101,1,0,0
0.24,0.7,-0.025524,1,0,0
0.26,0.7,-0.025942,1,0,0
0.28,0.7,-0.015213,1,0,0
0.3,0.7,-0.020191,1,0,0
0.32,0.7,-0.026065,1,0,0
0.34,0.7,-0.016469,1,0,0
0.36,0.7,-0.023932,1,0,0
0.38,0.7,-0.017396,1,0,0
0.4,0.7,-0.016671,1,0,0
0.42,0.7,-0.040359,1,0,0
0.44,0.7,-0.035418,1,0,0
0.46,0.7,-0.014084,1,0,0
0.48,0.7,-0.055287,1,0,0
0.5,0.7,-0.030635,1,0,0
0.52,0.7,-0.014334,1,0,0
0.54,0.7,0.00059147,1,0,0
0.56,0.7,-0.034233,1,0,0
0.58,0.7,-0.040386,1,0,0
0.6,0.7,-0.025887,1,0,0
0.62,0.7,-0.053981,1,0,0
0.64,0.7,-0.033391,1,0,0
0.66,0.7,-0.0162,1,0,0
0.68,0.7,-0.029533,1,0,0
0.7,0.7,-0.062894,1,0,0
0.72,0.7,-0.025461,1,0,0
0.74,0.7,-0.034624,1,0,0
0.76,0.7,-0.013569,1,0,0
0.78,0.7,0.038756,1,0,0
0.8,0.7,0.038976,1,0,0
0.82,0.7,0.024165,1,0,0
0.84,0.7,0.021728,1,0,0
0.86,0.7,0.047514,1,0,0
0.88,0.7,0.0040487,1,0,0
0.9,0.7,0.020732,1,0,0
0.92,0.7,-0.001621,1,0,0
0.94,0.7,0.013546,1,0,0
0.96,0.7,-0.0040342,1,0,0
0.98,0.7,-0.027464,1,0,0
0.02,0.72,0.023076,1,0,0
0.04,0.72,0.031131,1,0,0
0.06,0.72,-0.013443,1,0,0
0.08,0.72,0.013647,1,0,0
0.1,0.72,0.017286,1,0,0
0.12,0.72,0.0073076,1,0,0
0.14,0.72,-0.020627,1,0,0
0.16,0.72,-0.032721,1,0,0
0.18,0.72,-0.043631,1,0,0
0.2,0.72,-0.035861,1,0,0
0.22,0.72,-0.012927,1,0,0
0.24,0.72,-0.042315,1,0,0
0.26,0.72,-0.062562,1,0,0
0.28,0.72,-0.0075771,1,0,0
0.3,0.72,-0.00096921,1,0,0
0.32,0.72,0.0085382,1,0,0
0.34,0.72,-0.02449,1,0,0
0.36,0.72,-0.014218,1,0,0
0.38,0.72,-0.041396,1,0,0
0.4,0.72,-0.018667,1,0,0
0.42,0.72,-0.038049,1,0,0
0.44,0.72,-0.051379,1,0,0
0.46,0.72,-0.03169,1,0,0
0.48,0.72,-0.01223,1,0,0
0.5,0.72,-0.019969,1,0,0
0.52,0.72,-0.011217,1,0,0
0.54,0.72,-0.044336,1,0,0
0.56,0.72,-0.042373,1,0,0
0.58,0.72,-0.02529,1,0,0
0.6,0.72,-0.010678,1,0,0
0.62,0.72,0.0092316,1,0,0
0.64,0.72,-0.047632,1,0,0
0.66,0.72,-0.025071,1,0,0
0.68,0.72,-0.051398,1,0,0
0.7,0.72,-0.0055504,1,0,0
0.72,0.72,-0.021898,1,0,0
0.74,0.72,-0.0081387,1,0,0
0.76,0.72,-0.0071743,1,0,0
0.78,0.72,0.0039404,1,0,0
0.8,0.72,0.04329,1,0,0
0.82,0.72,0.029243,1,0,0
0.84,0.72,0.029713,1,0,0
0.86,0.72,0.041641,1,0,0
0.88,0.72,0.035017,1,0,0
0.9,0.72,0.037419,1,0,0
0.92,0.72,-0.016892,1,0,0
0.94,0.72,-0.017723,1,0,0
0.96,0.72,-0.00385,1,0,0
0.98,0.72,-0.025074,1,0,0
0.02,0.74,0.05355,1,0,0
0.04,0.74,0.046716,1,0,0
0.06,0.74,0.020663,1,0,0
0.08,0.74,0.022301,1,0,0
0.1,0.74,0.005092,1,0,0
0.12,0.74,0.025201,1,0,0
0.14,0.74,-0.00027352,1,0,0
0.16,0.74,-0.0066837,1,0,0
0.18,0.74,-0.041409,1,0,0
0.2,0.74,-0.0054897,1,0,0
0.22,0.74,-0.030631,1,0,0
0.24,0.74,-0.011086,1,0,0
0.26,0.74,-0.038608,1,0,0
0.28,0.74,0.0057506,1,0,0
0.3,0.74,6.6754e-05,1,0,0
0.32,0.74,0.010484,1,0,0
0.34,0.74,-0.031905,1,0,0
0.36,0.74,-0.038247,1,0,0
0.38,0.74,-0.043395,1,0,0
0.4,0.74,-0.010449,1,0,0
0.42,0.74,-0.022446,1,0,0
0.44,0.74,-0.057256,1,0,0
0.46,0.74,-0.05705,1,0,0
0.48,0.74,-0.021722,1,0,0
0.5,0.74,-0.0077043,1,0,0
0.52,0.74,-0.030132,1,0,0
0.54,0.74,-0.019606,1,0,0
0.56,0.74,-0.021939,1,0,0
0.58,0.74,-0.033792,1,0,0
0.6,0.74,-0.01136,1,0,0
0.62,0.74,0.026565,1,0,0
0.64,0.74,0.0016595,1,0,0
0.66,0.74,0.010181,1,0,0
0.68,0.74,-0.0045478,1,0,0
0.7,0.74,0.006457,1,0,0
0.72,0.74,-0.016221,1,0,0
0.74,0.74,0.023262,1,0,0
0.76,0.74,0.028312,1,0,0
0.78,0.74,0.03783,1,0,0
0.8,0.74,0.05665,1,0,0
0.82,0.74,0.060123,1,0,0
0.84,0.74,0.031174,1,0,0
0.86,0.74,0.049166,1,0,0
0.88,0.74,0.03721,1,0,0
0.9,0.74,0.06449,1,0,0
0.92,0.74,0.049219,1,0,0
0.94,0.74,0.011893,1,0,0
0.96,0.74,0.0025478,1,0,0
0.98,0.74,0.0086116,1,0,0
0.02,0.76,0.034139,1,0,0
0.04,0.76,0.019288,1,0,0
0.06,0.76,0.037613,1,0,0
0.08,0.76,0.016946,1,0,0
0.1,0.76,-0.02354,1,0,0
0.12,0.76,0.0031878,1,0,0
0.14,0.76,-0.048177,1,0,0
0.16,0.76,-0.039766,1,0,0
0.18,0.76,-0.061994,1,0,0
0.2,0.76,-0.010137,1,0,0
0.22,0.76,-0.043308,1,0,0
0.24,0.76,-0.0003614,1,0,0
0.26,0.76,-0.02189,1,0,0
0.28,0.76,-0.030138,1,0,0
0.3,0.76,-0.017488,1,0,0
0.32,0.76,-0.021084,1,0,0
0.34,0.76,-0.020233,1,0,0
0.36,0.76,-0.025777,1,0,0
0.38,0.76,-0.042169,1,0,0
0.4,0.76,-0.046971,1,0,0
0.42,0.76,-0.077607,1,0,0
0.44,0.76,-0.083469,1,0,0
0.46,0.76,-0.052342,1,0,0
0.48,0.76,-0.057912,1,0,0
0.5,0.76,-0.048102,1,0,0
0.52,0.76,-0.054789,1,0,0
0.54,0.76,-0.023903,1,0,0
0.56,0.76,-0.034387,1,0,0
0.58,0.76,-0.027647,1,0,0
0.6,0.76,-0.033878,1,0,0
0.62,0.76,0.009814,1,0,0
0.64,0.76,0.0095225,1,0,0
0.66,0.76,-0.013495,1,0,0
0.68,0.76,0.013338,1,0,0
0.7,0.76,-0.0051947,1,0,0
0.72,0.76,-0.0099594,1,0,0
0.74,0.76,0.034069,1,0,0
0.76,0.76,0.012969,1,0,0
0.78,0.76,0.03558,1,0,0
0.8,0.76,0.027149,1,0,0
0.82,0.76,0.015258,1,0,0
0.84,0.76,0.011247,1,0,0
0.86,0.76,0.024486,1,0,0
0.88,0.76,-0.026116,1,0,0
0.9,0.76,-0.010454,1,0,0
0.92,0.76,0.034096,1,0,0
0.94,0.76,0.018763,1,0,0
0.96,0.76,0.021192,1,0,0
0.98,0.76,0.033924,1,0,0
0.02,0.78,0.06547,1,0,0
0.04,0.78,0.050487,1,0,0
0.06,0.78,0.011516,1,0,0
0.08,0.78,0.0075053,1,0,0
0.1,0.78,-0.0056992,1,0,0
0.12,0.78,-0.02295,1,0,0
0.14,0.78,-0.03965,1,0,0
0.16,0.78,-0.068141,1,0,0
0.18,0.78,-0.036694,1,0,0
0.2,0.78,-0.047973,1,0,0
0.22,0.78,0.0017756,1,0,0
0.24,0.78,0.004089,1,0,0
0.26,0.78,0.0098194,1,0,0
0.28,0.78,0.010041,1,0,0
0.3,0.78,-0.0044259,1,0,0
0.32,0.78,-0.036614,1,0,0
0.34,0.78,-0.0199,1,0,0
0.36,0.78,-0.019514,1,0,0
0.38,0.78,-0.035082,1,0,0
0.4,0.78,-0.063352,1,0,0
0.42,0.78,-0.087994,1,0,0
0.44,0.78,-0.074536,1,0,0
0.46,0.78,-0.081037,1,0,0
0.48,0.78,-0.048969,1,0,0
0.5,0.78,-0.022824,1,0,0
0.52,0.78,-0.033666,1,0,0
0.54,0.78,-0.026046,1,0,0
0.56,0.78,-0.008963,1,0,0
0.58,0.78,-0.042187,1,0,0
0.6,0.78,-0.031178,1,0,0
0.62,0.78,0.026887,1,0,0
0.64,0.78,0.018384,1,0,0
0.66,0.78,0.045927,1,0,0
0.68,0.78,0.019128,1,0,0
0.7,0.78,0.035636,1,0,0
0.72,0.78,-0.022538,1,0,0
0.74,0.78,-0.0061748,1,0,0
0.76,0.78,0.022623,1,0,0
0.78,0.78,0.030423,1,0,0
0.8,0.78,0.031194,1,0,0
0.82,0.78,0.031599,1,0,0
0.84,0.78,0.0019004,1,0,0
0.86,0.78,0.015232,1,0,0
0.88,0.78,0.012675,1,0,0
0.9,0.78,0.010729,1,0,0
0.92,0.78,0.025688,1,0,0
0.94,0.78,0.0043315,1,0,0
0.96,0.78,0.016564,1,0,0
0.98,0.78,0.011116,1,0,0
0.02,0.8,0.031789,1,0,0
0.04,0.8,0.014532,1,0,0
0.06,0.8,0.017992,1,0,0
0.08,0.8,-0.01237,1,0,0
0.1,0.8,0.01149,1,0,0
0.12,0.8,-0.013544,1,0,0
0.14,0.8,-0.041785,1,0,0
0.16,0.8,-0.093541,1,0,0
0.18,0.8,-0.051188,1,0,0
0.2,0.8,-0.019941,1,0,0
0.22,0.8,0.014379,1,0,0
0.24,0.8,0.0038234,1,0,0
0.26,0.8,0.0035438,1,0,0
0.28,0.8,-0.026013,1,0,0
0.3,0.8,0.0024771,1,0,0
0.32,0.8,0.00094102,1,0,0
0.34,0.8,-0.014786,1,0,0
0.36,0.8,-0.029169,1,0,0
0.38,0.8,-0.028531,1,0,0
0.4,0.8,-0.093991,1,0,0
0.42,0.8,-0.094738,1,0,0
0.44,0.8,-0.10998,1,0,0
0.46,0.8,-0.050705,1,0,0
0.48,0.8,-0.054067,1,0,0
0.5,0.8,-0.01608,1,0,0
0.52,0.8,0.019523,1,0,0
0.54,0.8,-0.018423,1,0,0
0.56,0.8,-0.010637,1,0,0
0.58,0.8,0.015189,1,0,0
0.6,0.8,-0.0073707,1,0,0
0.62,0.8,-0.010604,1,0,0
0.64,0.8,0.0065236,1,0,0
0.66,0.8,0.0021596,1,0,0
0.68,0.8,-8.873e-05,1,0,0
0.7,0.8,0.010071,1,0,0
0.72,0.8,0.030527,1,0,0
0.74,0.8,0.044358,1,0,0
0.76,0.8,0.0021374,1,0,0
0.78,0.8,0.02191,1,0,0
0.8,0.8,0.069338,1,0,0
0.82,0.8,0.019581,1,0,0
0.84,0.8,-0.0065755,1,0,0
0.86,0.8,0.02929,1,0,0
0.88,0.8,0.0055633,1,0,0
0.9,0.8,0.028572,1,0,0
0.92,0.8,0.031359,1,0,0
0.94,0.8,0.023242,1,0,0
0.96,0.8,0.0048455,1,0,0
0.98,0.8,0.007623,1,0,0
0.02,0.82,0.0406,1,0,0
0.04,0.82,0.02749,1,0,0
0.06,0.82,-0.0021937,1,0,0
0.08,0.82,-0.018846,1,0,0
0.1,0.82,-0.030673,1,0,0
0.12,0.82,-0.050611,1,0,0
0.14,0.82,-0.053783,1,0,0
0.16,0.82,-0.045501,1,0,0
0.18,0.82,-0.050227,1,0,0
0.2,0.82,-0.046107,1,0,0
0.22,0.82,-0.0016123,1,0,0
0.24,0.82,-0.004625,1,0,0
0.26,0.82,0.022833,1,0,0
0.28,0.82,-0.019586,1,0,0
0.3,0.82,-0.0056377,1,0,0
0.32,0.82,-0.049919,1,0,0
0.34,0.82,-0.03558,1,0,0
0.36,0.82,-0.043264,1,0,0
0.38,0.82,-0.014669,1,0,0
0.4,0.82,-0.044277,1,0,0
0.42,0.82,-0.074591,1,0,0
0.44,0.82,-0.045199,1,0,0
0.46,0.82,-0.042451,1,0,0
0.48,0.82,-0.04349,1,0,0
0.5,0.82,-0.028266,1,0,0
0.52,0.82,-0.045498,1,0,0
0.54,0.82,0.017956,1,0,0
0.56,0.82,0.021635,1,0,0
0.58,0.82,0.010431,1,0,0
0.6,0.82,-0.011487,1,0,0
0.62,0.82,-0.0060659,1,0,0
0.64,0.82,0.00011225,1,0,0
0.66,0.82,0.011178,1,0,0
0.68,0.82,-0.0039428,1,0,0
0.7,0.82,-0.03204,1,0,0
0.72,0.82,-0.016335,1,0,0
0.74,0.82,0.0077584,1,0,0
0.76,0.82,0.020433,1,0,0
0.78,0.82,0.018522,1,0,0
0.8,0.82,0.030501,1,0,0
0.82,0.82,0.022266,1,0,0
0.84,0.82,-0.0012512,1,0,0
0.86,0.82,-0.011077,1,0,0
0.88,0.82,0.020357,1,0,0
0.9,0.82,0.022499,1,0,0
0.92,0.82,0.027245,1,0,0
0.94,0.82,-0.0035999,1,0,0
0.96,0.82,-0.013593,1,0,0
0.98,0.82,0.003755,1,0,0
0.02,0.84,0.0049866,1,0,0
0.04,0.84,-0.02271,1,0,0
0.06,0.84,-0.035899,1,0,0
0.08,0.84,-0.015976,1,0,0
0.1,0.84,-0.016128,1,0,0
0.12,0.84,-0.025125,1,0,0
0.14,0.84,-0.042856,1,0,0
0.16,0.84,-0.030766,1,0,0
0.18,0.84,-0.064672,1,0,0
0.2,0.84,-0.064265,1,0,0
0.22,0.84,-0.036617,1,0,0
0.24,0.84,-0.067161,1,0,0
0.26,0.84,-0.045481,1,0,0
0.28,0.84,-0.047303,1,0,0
0.3,0.84,-0.043113,1,0,0
0.32,0.84,-0.050514,1,0,0
0.34,0.84,-0.020248,1,0,0
0.36,0.84,-0.01442,1,0,0
0.38,0.84,-0.02826,1,0,0
0.4,0.84,-0.029482,1,0,0
0.42,0.84,-0.053427,1,0,0
0.44,0.84,-0.041506,1,0,0
0.46,0.84,-0.018549,1,0,0
0.48,0.84,-0.04432,1,0,0
0.5,0.84,-0.075602,1,0,0
0.52,0.84,-0.05017,1,0,0
0.54,0.84,-0.0073584,1,0,0
0.56,0.84,0.0033957,1,0,0
0.58,0.84,0.002756,1,0,0
0.6,0.84,-0.022877,1,0,0
0.62,0.84,0.0051918,1,0,0
0.64,0.84,-0.0093142,1,0,0
0.66,0.84,-0.026756,1,0,0
0.68,0.84,-0.023244,1,0,0
0.7,0.84,-0.023786,1,0,0
0.72,0.84,-0.015209,1,0,0
0.74,0.84,0.014639,1,0,0
0.76,0.84,-0.0033276,1,0,0
0.78,0.84,-0.013244,1,0,0
0.8,0.84,-0.02966,1,0,0
0.82,0.84,0.0019367,1,0,0
0.84,0.84,0.031024,1,0,0
0.86,0.84,0.0129,1,0,0
0.88,0.84,0.016612,1,0,0
0.9,0.84,0.038623,1,0,0
0.92,0.84,0.030863,1,0,0
0.94,0.84,0.0092434,1,0,0
0.96,0.84,0.01248,1,0,0
0.98,0.84,-0.0065567,1,0,0
0.02,0.86,-0.032619,1,0,0
0.04,0.86,-0.027529,1,0,0
0.06,0.86,-0.043854,1,0,0
0.08,0.86,-0.027469,1,0,0
0.1,0.86,-0.016879,1,0,0
0.12,0.86,-0.0056778,1,0,0
0.14,0.86,-0.046818,1,0,0
0.16,0.86,-0.027936,1,0,0
0.18,0.86,-0.050737,1,0,0
0.2,0.86,-0.016239,1,0,0
0.22,0.86,-0.062139,1,0,0
0.24,0.86,-0.092581,1,0,0
0.26,0.86,-0.065084,1,0,0
0.28,0.86,-0.0091374,1,0,0
0.3,0.86,-0.066057,1,0,0
0.32,0.86,-0.036012,1,0,0
0.34,0.86,-0.020431,1,0,0
0.36,0.86,-0.035387,1,0,0
0.38,0.86,0.0090491,1,0,0
0.4,0.86,-0.0023948,1,0,0
0.42,0.86,-0.015967,1,0,0
0.44,0.86,-0.049255,1,0,0
0.46,0.86,-0.011023,1,0,0
0.48,0.86,-0.030121,1,0,0
0.5,0.86,-0.038305,1,0,0
0.52,0.86,-0.028563,1,0,0
0.54,0.86,0.0035669,1,0,0
0.56,0.86,0.017396,1,0,0
0.58,0.86,-0.021174,1,0,0
0.6,0.86,0.0061641,1,0,0
0.62,0.86,-0.0038919,1,0,0
0.64,0.86,-0.013713,1,0,0
0.66,0.86,-0.03454,1,0,0
0.68,0.86,-0.054584,1,0,0
0.7,0.86,-0.023383,1,0,0
0.72,0.86,-0.0084109,1,0,0
0.74,0.86,-0.027828,1,0,0
0.76,0.86,0.0037045,1,0,0
0.78,0.86,0.02299,1,0,0
0.8,0.86,-0.0112,1,0,0
0.82,0.86,0.01841,1,0,0
0.84,0.86,0.021577,1,0,0
0.86,0.86,0.02507,1,0,0
0.88,0.86,0.012587,1,0,0
0.9,0.86,0.048597,1,0,0
0.92,0.86,0.016353,1,0,0
0.94,0.86,0.0024619,1,0,0
0.96,0.86,-0.028511,1,0,0
0.98,0.86,-0.010871,1,0,0
0.02,0.88,-0.052192,1,0,0
0.04,0.88,-0.036015,1,0,0
0.06,0.88,-0.058872,1,0,0
0.08,0.88,-0.047204,1,0,0
0.1,0.88,-0.037008,1,0,0
0.12,0.88,-0.049497,1,0,0
0.14,0.88,-0.076093,1,0,0
0.16,0.88,-0.040832,1,0,0
0.18,0.88,-0.043493,1,0,0
0.2,0.88,0.0020004,1,0,0
0.22,0.88,-0.018395,1,0,0
0.24,0.88,-0.07233,1,0,0
0.26,0.88,-0.066726,1,0,0
0.28,0.88,-0.067581,1,0,0
0.3,0.88,-0.054489,1,0,0
0.32,0.88,-0.053345,1,0,0
0.34,0.88,-0.046417,1,0,0
0.36,0.88,-0.029145,1,0,0
0.38,0.88,-0.02634,1,0,0
0.4,0.88,-0.00721,1,0,0
0.42,0.88,-0.025682,1,0,0
0.44,0.88,-0.03038,1,0,0
0.46,0.88,-0.041447,1,0,0
0.48,0.88,-0.032469,1,0,0
0.5,0.88,-0.043947,1,0,0
0.52,0.88,-0.019344,1,0,0
0.54,0.88,-0.0071267,1,0,0
0.56,0.88,0.012461,1,0,0
0.58,0.88,0.0075025,1,0,0
0.6,0.88,-0.013567,1,0,0
0.62,0.88,0.0048059,1,0,0
0.64,0.88,-0.012559,1,0,0
0.66,0.88,-0.062598,1,0,0
0.68,0.88,-0.074082,1,0,0
0.7,0.88,-0.052286,1,0,0
0.72,0.88,-0.038368,1,0,0
0.74,0.88,0.0045981,1,0,0
0.76,0.88,-0.022408,1,0,0
0.78,0.88,-0.0021955,1,0,0
0.8,0.88,0.0096966,1,0,0
0.82,0.88,0.049945,1,0,0
0.84,0.88,0.051451,1,0,0
0.86,0.88,0.0044685,1,0,0
0.88,0.88,-0.0076146,1,0,0
0.9,0.88,0.0063665,1,0,0
0.92,0.88,-0.0097204,1,0,0
0.94,0.88,-0.0027228,1,0,0
0.96,0.88,-0.0053669,1,0,0
0.98,0.88,-0.0064489,1,0,0
0.02,0.9,-0.037864,1,0,0
0.04,0.9,-0.043194,1,0,0
0.06,0.9,-0.033977,1,0,0
0.08,0.9,-0.047924,1,0,0
0.1,0.9,-0.061168,1,0,0
0.12,0.9,-0.071195,1,0,0
0.14,0.9,-0.048518,1,0,0
0.16,0.9,-0.02076,1,0,0
0.18,0.9,-0.031889,1,0,0
0.2,0.9,-0.035469,1,0,0
0.22,0.9,-0.043325,1,0,0
0.24,0.9,-0.076612,1,0,0
0.26,0.9,-0.048002,1,0,0
0.28,0.9,-0.055622,1,0,0
0.3,0.9,-0.042158,1,0,0
0.32,0.9,-0.046167,1,0,0
0.34,0.9,-0.06876,1,0,0
0.36,0.9,-0.042931,1,0,0
0.38,0.9,-0.0068072,1,0,0
0.4,0.9,-0.0031189,1,0,0
0.42,0.9,-0.057766,1,0,0
0.44,0.9,-0.017578,1,0,0
0.46,0.9,-0.026381,1,0,0
0.48,0.9,-0.046848,1,0,0
0.5,0.9,-0.044535,1,0,0
0.52,0.9,-0.033911,1,0,0
0.54,0.9,-0.014894,1,0,0
0.56,0.9,-0.0081534,1,0,0
0.58,0.9,-0.010157,1,0,0
0.6,0.9,-0.035645,1,0,0
0.62,0.9,-0.023675,1,0,0
0.64,0.9,-0.0044073,1,0,0
0.66,0.9,0.00018274,1,0,0
0.68,0.9,-0.025745,1,0,0
0.7,0.9,-0.037082,1,0,0
0.72,0.9,-0.015477,1,0,0
0.74,0.9,-0.0071918,1,0,0
0.76,0.9,-0.024178,1,0,0
0.78,0.9,0.0099415,1,0,0
0.8,0.9,0.0022965,1,0,0
0.82,0.9,0.043129,1,0,0
0.84,0.9,0.032552,1,0,0
0.86,0.9,0.01786,1,0,0
0.88,0.9,0.0011033,1,0,0
0.9,0.9,0.0074164,1,0,0
0.92,0.9,-0.00097367,1,0,0
0.94,0.9,0.0019155,1,0,0
0.96,0.9,-0.0011451,1,0,0
0.98,0.9,-0.0067353,1,0,0
0.02,0.92,-0.027197,1,0,0
0.04,0.92,-0.060784,1,0,0
0.06,0.92,-0.094273,1,0,0
0.08,0.92,-0.050018,1,0,0
0.1,0.92,-0.049892,1,0,0
0.12,0.92,-0.040794,1,0,0
0.14,0.92,-0.034021,1,0,0
0.16,0.92,-0.011069,1,0,0
0.18,0.92,-0.017546,1,0,0
0.2,0.92,-0.048414,1,0,0
0.22,0.92,-0.030065,1,0,0
0.24,0.92,-0.050954,1,0,0
0.26,0.92,-0.06616,1,0,0
0.28,0.92,-0.05173,1,0,0
0.3,0.92,-0.045,1,0,0
0.32,0.92,-0.037777,1,0,0
0.34,0.92,-0.048798,1,0,0
0.36,0.92,-0.035108,1,0,0
0.38,0.92,-0.025941,1,0,0
0.4,0.92,-0.050502,1,0,0
0.42,0.92,-0.049745,1,0,0
0.44,0.92,-0.028149,1,0,0
0.46,0.92,0.010679,1,0,0
0.48,0.92,-0.034307,1,0,0
0.5,0.92,-0.033227,1,0,0
0.52,0.92,-0.028874,1,0,0
0.54,0.92,-0.022352,1,0,0
0.56,0.92,-0.011203,1,0,0
0.58,0.92,-0.018872,1,0,0
0.6,0.92,-0.037691,1,0,0
0.62,0.92,-0.0080097,1,0,0
0.64,0.92,-0.036334,1,0,0
0.66,0.92,-0.037847,1,0,0
0.68,0.92,-0.021933,1,0,0
0.7,0.92,-0.0014457,1,0,0
0.72,0.92,0.003377,1,0,0
0.74,0.92,0.011072,1,0,0
0.76,0.92,0.028739,1,0,0
0.78,0.92,-0.020446,1,0,0
0.8,0.92,-0.0046529,1,0,0
0.82,0.92,0.024118,1,0,0
0.84,0.92,0.018537,1,0,0
0.86,0.92,0.0062465,1,0,0
0.88,0.92,-0.0088465,1,0,0
0.9,0.92,-0.0036878,1,0,0
0.92,0.92,-0.015025,1,0,0
0.94,0.92,-0.0023136,1,0,0
0.96,0.92,0.014627,1,0,0
0.98,0.92,0.001746,1,0,0
0.02,0.94,0.0074091,1,0,0
0.04,0.94,-0.032996,1,0,0
0.06,0.94,-0.069693,1,0,0
0.08,0.94,-0.064263,1,0,0
0.1,0.94,-0.054502,1,0,0
0.12,0.94,-0.036057,1,0,0
0.14,0.94,-0.021244,1,0,0
0.16,0.94,-0.00542,1,0,0
0.18,0.94,-0.017984,1,0,0
0.2,0.94,-0.0084534,1,0,0
0.22,0.94,-0.032924,1,0,0
0.24,0.94,-0.050149,1,0,0
0.26,0.94,-0.054372,1,0,0
0.28,0.94,-0.051206,1,0,0
0.3,0.94,-0.041298,1,0,0
0.32,0.94,-0.039114,1,0,0
0.34,0.94,-0.082429,1,0,0
0.36,0.94,-0.056693,1,0,0
0.38,0.94,-0.011349,1,0,0
0.4,0.94,-0.02316,1,0,0
0.42,0.94,-0.010542,1,0,0
0.44,0.94,-0.0053378,1,0,0
0.46,0.94,0.0024461,1,0,0
0.48,0.94,-0.038663,1,0,0
0.5,0.94,-0.049001,1,0,0
0.52,0.94,-0.046137,1,0,0
0.54,0.94,-0.051754,1,0,0
0.56,0.94,-0.037046,1,0,0
0.58,0.94,-0.0066735,1,0,0
0.6,0.94,-0.016792,1,0,0
0.62,0.94,0.013407,1,0,0
0.64,0.94,-0.026407,1,0,0
0.66,0.94,-0.021205,1,0,0
0.68,0.94,-0.0048845,1,0,0
0.7,0.94,0.021425,1,0,0
0.72,0.94,0.0009371,1,0,0
0.74,0.94,0.015737,1,0,0
0.76,0.94,0.021724,1,0,0
0.78,0.94,0.031723,1,0,0
0.8,0.94,0.057225,1,0,0
0.82,0.94,0.018464,1,0,0
0.84,0.94,0.017443,1,0,0
0.86,0.94,0.0063696,1,0,0
0.88,0.94,0.029262,1,0,0
0.9,0.94,0.0072742,1,0,0
0.92,0.94,0.023815,1,0,0
0.94,0.94,-0.00769,1,0,0
0.96,0.94,-0.0016711,1,0,0
0.98,0.94,0.0181,1,0,0
0.02,0.96,-0.0079862,1,0,0
0.04,0.96,-0.046005,1,0,0
0.06,0.96,-0.037115,1,0,0
0.08,0.96,-0.076394,1,0,0
0.1,0.96,-0.077087,1,0,0
0.12,0.96,0.0065168,1,0,0
0.14,0.96,0.010838,1,0,0
0.16,0.96,-0.0097979,1,0,0
0.18,0.96,-0.03418,1,0,0
0.2,0.96,-0.0080793,1,0,0
0.22,0.96,-0.065015,1,0,0
0.24,0.96,-0.039863,1,0,0
0.26,0.96,-0.057969,1,0,0
0.28,0.96,-0.048895,1,0,0
0.3,0.96,-0.056527,1,0,0
0.32,0.96,-0.032092,1,0,0
0.34,0.96,-0.032181,1,0,0
0.36,0.96,-0.033632,1,0,0
0.38,0.96,-0.046883,1,0,0
0.4,0.96,-0.028951,1,0,0
0.42,0.96,-0.0047815,1,0,0
0.44,0.96,0.00040849,1,0,0
0.46,0.96,-0.0021081,1,0,0
0.48,0.96,-0.014867,1,0,0
0.5,0.96,-0.024994,1,0,0
0.52,0.96,-0.075007,1,0,0
0.54,0.96,-0.053869,1,0,0
0.56,0.96,0.00051808,1,0,0
0.58,0.96,-0.011877,1,0,0
0.6,0.96,-0.045356,1,0,0
0.62,0.96,-0.014486,1,0,0
0.64,0.96,-0.006152,1,0,0
0.66,0.96,-0.032326,1,0,0
0.68,0.96,0.0013439,1,0,0
0.7,0.96,0.023519,1,0,0
0.72,0.96,0.0092476,1,0,0
0.74,0.96,0.027819,1,0,0
0.76,0.96,0.0072988,1,0,0
0.78,0.96,0.022412,1,0,0
0.8,0.96,0.020355,1,0,0
0.82,0.96,0.03325,1,0,0
0.84,0.96,0.02164,1,0,0
0.86,0.96,0.050832,1,0,0
0.88,0.96,0.017556,1,0,0
0.9,0.96,0.0058838,1,0,0
0.92,0.96,0.040203,1,0,0
0.94,0.96,-0.01222,1,0,0
0.96,0.96,0.0015715,1,0,0
0.98,0.96,0.028427,1,0,0
0.02,0.98,-0.013268,1,0,0
0.04,0.98,-0.0025583,1,0,0
0.06,0.98,-0.049058,1,0,0
0.08,0.98,-0.044071,1,0,0
0.1,0.98,-0.076488,1,0,0
0.12,0.98,0.013,1,0,0
0.14,0.98,-0.0029303,1,0,0
0.16,0.98,0.011334,1,0,0
0.18,0.98,-0.020837,1,0,0
0.2,0.98,-0.026379,1,0,0
0.22,0.98,-0.032346,1,0,0
0.24,0.98,-0.03277,1,0,0
0.26,0.98,-0.036263,1,0,0
0.28,0.98,-0.027438,1,0,0
0.3,0.98,-0.027512,1,0,0
0.32,0.98,-0.010854,1,0,0
0.34,0.98,-0.040866,1,0,0
0.36,0.98,-0.016539,1,0,0
0.38,0.98,-0.02701,1,0,0
0.4,0.98,-0.0089117,1,0,0
0.42,0.98,-0.0096806,1,0,0
0.44,0.98,-0.0074618,1,0,0
0.46,0.98,-0.0053149,1,0,0
0.48,0.98,0.0027066,1,0,0
0.5,0.98,-0.01449,1,0,0
0.52,0.98,-0.006046,1,0,0
0.54,0.98,-0.029067,1,0,0
0.56,0.98,0.0050723,1,0,0
0.58,0.98,-0.0034631,1,0,0
0.6,0.98,-0.043747,1,0,0
0.62,0.98,-0.012127,1,0,0
0.64,0.98,-0.0177,1,0,0
0.66,0.98,-0.0049917,1,0,0
0.68,0.98,0.0092452,1,0,0
0.7,0.98,0.011451,1,0,0
0.72,0.98,0.0023718,1,0,0
0.74,0.98,0.017081,1,0,0
0.76,0.98,0.016672,1,0,0
0.78,0.98,0.029812,1,0,0
0.8,0.98,0.061537,1,0,0
0.82,0.98,0.056921,1,0,0
0.84,0.98,0.03404,1,0,0
0.86,0.98,0.060746,1,0,0
0.88,0.98,0.040357,1,0,0
0.9,0.98,0.041797,1,0,0
0.92,0.98,0.019673,1,0,0
0.94,0.98,0.021103,1,0,0
0.96,0.98,0.016256,1,0,0
0.98,0.98,0.022488,1,0,0
0,0,-0.014734,-1,0,0
0.02,0,-0.014734,-1,0,0
0.04,0,-0.029251,-1,0,0
0.06,0,-0.050111,-1,0,0
0.08,0,-0.013168,-1,0,0
0.1,0,-0.02488,-1,0,0
0.12,0,-0.053386,-1,0,0
0.14,0,-0.0432,-1,0,0
0.16,0,-0.037264,-1,0,0
0.18,0,-0.036946,-1,0,0
0.2,0,-0.025128,-1,0,0
0.22,0,-0.024044,-1,0,0
0.24,0,-0.033605,-1,0,0
0.26,0,-0.017718,-1,0,0
0.28,0,0.0056571,-1,0,0
0.3,0,0.0061304,-1,0,0
0.32,0,0.035071,-1,0,0
0.34,0,-0.05924,-1,0,0
0.36,0,-0.010505,-1,0,0
0.38,0,0.050907,-1,0,0
0.4,0,0.037334,-1,0,0
0.42,0,0.029647,-1,0,0
0.44,0,0.035399,-1,0,0
0.46,0,0.034785,-1,0,0
0.48,0,0.038963,-1,0,0
0.5,0,0.028447,-1,0,0
0.52,0,0.045416,-1,0,0
0.54,0,0.0031748,-1,0,0
0.56,0,0.020943,-1,0,0
0.58,0,-0.032489,-1,0,0
0.6,0,-0.045638,-1,0,0
0.62,0,-0.0077837,-1,0,0
0.64,0,-0.030075,-1,0,0
0.66,0,-0.023374,-1,0,0
0.68,0,-0.015364,-1,0,0
0.7,0,-0.0045427,-1,0,0
0.72,0,-0.0086499,-1,0,0
0.74,0,0.00078223,-1,0,0
0.76,0,-0.022859,-1,0,0
0.78,0,-0.03505,-1,0,0
0.8,0,-0.012851,-1,0,0
0.82,0,0.014176,-1,0,0
0.84,0,0.00031558,-1,0,0
0.86,0,0.0024054,-1,0,0
0.88,0,-0.0048429,-1,0,0
0.9,0,0.055698,-1,0,0
0.92,0,0.04022,-1,0,0
0.94,0,0.04008,-1,0,0
0.96,0,-0.014045,-1,0,0
0.98,0,0.00080868,-1,0,0
1,0,0.017454,-1,0,0
1,0.02,-0.0096637,-1,0,0
1,0.04,0.035016,-1,0,0
1,0.06,0.013218,-1,0,0
1,0.08,0.034863,-1,0,0
1,0.1,0.0016205,-1,0,0
1,0.12,-0.030918,-1,0,0
1,0.14,-0.017946,-1,0,0
1,0.16,-0.015914,-1,0,0
1,0.18,-0.024023,-1,0,0
1,0.2,-0.026133,-1,0,0
1,0.22,-0.009238,-1,0,0
1,0.24,-0.03968,-1,0,0
1,0.26,-0.022128,-1,0,0
1,0.28,-0.039143,-1,0,0
1,0.3,-0.047384,-1,0,0
1,0.32,-0.030975,-1,0,0
1,0.34,-0.043067,-1,0,0
1,0.36,-0.045392,-1,0,0
1,0.38,0.0003723,-1,0,0
1,0.4,-0.0034625,-1,0,0
1,0.42,-0.05295,-1,0,0
1,0.44,0.0078715,-1,0,0
1,0.46,-0.014496,-1,0,0
1,0.48,-0.035473,-1,0,0
1,0.5,-0.034484,-1,0,0
1,0.52,-0.013837,-1,0,0
1,0.54,-0.040912,-1,0,0
1,0.56,-0.039608,-1,0,0
1,0.58,-0.022497,-1,0,0
1,0.6,-0.043246,-1,0,0
1,0.62,-0.088626,-1,0,0
1,0.64,-0.050855,-1,0,0
1,0.66,-0.018876,-1,0,0
1,0.68,-0.03524,-1,0,0
1,0.7,-0.050258,-1,0,0
1,0.72,-0.050189,-1,0,0
1,0.74,-0.029541,-1,0,0
1,0.76,-0.037073,-1,0,0
1,0.78,-0.01561,-1,0,0
1,0.8,0.018002,-1,0,0
1,0.82,-0.0099371,-1,0,0
1,0.84,-0.0093007,-1,0,0
1,0.86,0.0097866,-1,0,0
1,0.88,-0.021975,-1,0,0
1,0.9,-0.0056276,-1,0,0
1,0.92,-0.01163,-1,0,0
1,0.94,0.028761,-1,0,0
1,0.96,0.0058412,-1,0,0
1,0.98,-0.0059305,-1,0,0
1,1,-0.035351,-1,0,0
0.98,1,0.03375,-1,0,0
0.96,1,-0.00016854,-1,0,0
0.94,1,-0.019375,-1,0,0
0.92,1,-0.02126,-1,0,0
0.9,1,-0.0057041,-1,0,0
0.88,1,0.002807,-1,0,0
0.86,1,0.062072,-1,0,0
0.84,1,0.031039,-1,0,0
0.82,1,0.0555,-1,0,0
0.8,1,0.041732,-1,0,0
0.78,1,0.023141,-1,0,0
0.76,1,0.0041233,-1,0,0
0.74,1,-0.021385,-1,0,0
0.72,1,-0.030102,-1,0,0
0.7,1,-0.030458,-1,0,0
0.68,1,-0.046853,-1,0,0
0.66,1,-0.02993,-1,0,0
0.64,1,-0.049865,-1,0,0
0.62,1,-0.018119,-1,0,0
0.6,1,-0.0056071,-1,0,0
0.58,1,-0.038404,-1,0,0
0.56,1,-0.040844,-1,0,0
0.54,1,-0.044197,-1,0,0
0.52,1,-0.029104,-1,0,0
0.5,1,-0.066958,-1,0,0
0.48,1,-0.040088,-1,0,0
0.46,1,-0.023631,-1,0,0
0.44,1,-0.016188,-1,0,0
0.42,1,-0.040656,-1,0,0
0.4,1,-0.0038927,-1,0,0
0.38,1,-0.017652,-1,0,0
0.36,1,-0.02578,-1,0,0
0.34,1,-0.040955,-1,0,0
0.32,1,-0.034096,-1,0,0
0.3,1,-0.088277,-1,0,0
0.28,1,-0.081262,-1,0,0
0.26,1,-0.082142,-1,0,0
0.24,1,-0.039792,-1,0,0
0.22,1,-0.018658,-1,0,0
0.2,1,-0.02584,-1,0,0
0.18,1,-0.0097783,-1,0,0
0.16,1,-0.042079,-1,0,0
0.14,1,-0.048576,-1,0,0
0.12,1,-0.026693,-1,0,0
0.1,1,-0.073949,-1,0,0
0.08,1,-0.055065,-1,0,0
0.06,1,-0.070402,-1,0,0
0.04,1,-0.019543,-1,0,0
0.02,1,-0.030549,-1,0,0
0,1,-0.038351,-1,0,0
0,0.98,-0.0074392,-1,0,0
0,0.96,-0.040283,-1,0,0
0,0.94,-0.014105,-1,0,0
0,0.92,-0.068153,-1,0,0
0,0.9,-0.020708,-1,0,0
0,0.88,-0.019847,-1,0,0
0,0.86,-0.02057,-1,0,0
0,0.84,0.0066129,-1,0,0
0,0.82,0.023265,-1,0,0
0,0.8,0.047494,-1,0,0
0,0.78,0.022861,-1,0,0
0,0.76,0.042775,-1,0,0
0,0.74,0.069834,-1,0,0
0,0.72,0.067433,-1,0,0
0,0.7,0.041029,-1,0,0
0,0.68,0.0076256,-1,0,0
0,0.66,0.021873,-1,0,0
0,0.64,0.00069507,-1,0,0
0,0.62,0.048574,-1,0,0
0,0.6,0.047042,-1,0,0
0,0.58,0.039655,-1,0,0
0,0.56,0.0062876,-1,0,0
0,0.54,-0.010753,-1,0,0
0,0.52,0.023181,-1,0,0
0,0.5,0.0052089,-1,0,0
0,0.48,-0.035845,-1,0,0
0,0.46,-0.029104,-1,0,0
0,0.44,-5.7166e-05,-1,0,0
0,0.42,-0.024292,-1,0,0
0,0.4,-0.021215,-1,0,0
0,0.38,-0.032813,-1,0,0
0,0.36,-0.015586,-1,0,0
0,0.34,-0.0098021,-1,0,0
0,0.32,0.012381,-1,0,0
0,0.3,-0.0024161,-1,0,0
0,0.28,0.0050289,-1,0,0
0,0.26,-0.014064,-1,0,0
0,0.24,-0.027594,-1,0,0
0,0.22,-0.0085959,-1,0,0
0,0.2,-0.002028,-1,0,0
0,0.18,-0.010456,-1,0,0
0,0.16,0.01079,-1,0,0
0,0.14,0.0093979,-1,0,0
0,0.12,-0.024131,-1,0,0
0,0.1,-0.010761,-1,0,0
0,0.08,0.032814,-1,0,0
0,0.06,-0.016606,-1,0,0
0,0.04,-0.004782,-1,0,0
0,0.02,-0.042788,-1,0,0
