-0.015129,-0.015129,-0.0021368,-0.026397,-0.021792,-0.018622,-0.064799,-0.022265,0.0055379,0.0044819,0.024874,0.084299,-0.012329,0.0091565,0.026204,0.00042351,-0.072754,0.0093738,-0.011415,-0.088394,-0.050987,-0.039655,0.0023664,0.068407,0.053452,0.058223,-0.0068819,-0.0094169,0.017125,-0.023838,-0.018317,-0.0079859,-0.039342,-0.031354,0.079179,0.0092288,-0.001911,-0.054169,-0.0022216,0.029218,-0.0474,-0.053289,-0.0029382,-0.050817,-0.042789,0.037533,-0.022674,-0.041103,0.040865,0.023408,-0.030515
-0.027827,0.024005,0.050377,0.013549,-0.020596,0.063728,0.013447,0.051341,0.020816,-0.025061,0.060766,0.049078,-0.0063769,0.035599,-0.013016,0.00056182,0.017764,0.001326,-0.018369,-0.034684,-0.0055154,-0.0072592,-0.0067467,0.021217,0.0749,0.039529,0.097034,0.021353,-0.040015,-0.019246,0.045329,0.013332,0.027104,0.039638,0.052622,0.040369,0.014407,0.04074,-0.0064268,0.044479,0.065066,0.012552,0.0072774,-0.009423,-0.0066685,-0.010772,-0.0045121,-0.055955,0.022474,0.023519,0.04273
-0.070663,-0.073361,0.0059999,-0.01454,-0.0050978,0.050703,0.033596,0.049049,0.041806,0.010703,0.021785,0.035927,0.028143,-0.0032424,0.027663,0.017791,-0.035987,0.013309,0.01951,-0.014616,0.00325,-0.050026,0.00013933,-0.016571,-0.0057161,0.044084,0.066586,-0.010837,0.030588,0.057049,0.035566,0.052451,0.044585,0.048306,0.077276,-0.0030855,0.01869,0.011476,0.010766,0.019077,0.029864,0.05372,0.027226,-0.0046356,0.024875,0.016101,-0.060877,-0.071701,0.055538,0.0071247,0.013158
-0.017586,-0.036986,0.00017962,0.0090461,0.015683,-0.0054043,0.043448,0.054024,0.036278,0.024318,0.079214,0.03612,0.00049511,0.037554,0.019854,0.017739,-0.047432,-0.015264,0.0082279,-0.010478,-0.040691,0.006711,-0.052517,-0.030373,-0.027453,-0.017367,0.029222,-0.025875,0.038837,0.020475,0.03927,-0.0010486,0.053966,0.0036655,0.056835,0.018131,0.033601,0.009676,0.01357,0.013922,0.013295,0.0084965,-0.0024711,0.037357,-0.0050609,-0.042255,-0.028883,-0.01955,0.01758,-0.015595,0.019168
-0.088452,-0.015713,-0.052216,-0.034876,-0.044473,0.016776,-0.0011031,-0.01025,-0.020776,0.040191,0.00080854,-0.031227,-0.020807,-0.016342,-0.052585,-0.054541,-0.029166,-0.078694,-0.072064,-0.027208,-0.048199,-0.07932,-0.068356,-0.024327,-0.08001,-0.044684,0.012506,-0.024429,-0.039488,-0.037915,0.068098,0.064559,-0.010981,0.0097213,0.01474,-0.0062278,0.0016101,0.013052,-0.014659,-0.051431,0.011253,-0.020046,-0.017149,0.05098,-0.034394,-0.064357,-0.04338,-0.060581,-0.015059,-0.012475,0.0058005
-0.0078208,0.022591,0.029716,0.014139,0.07094,0.080728,0.016781,0.043336,-0.013323,9.6685e-05,0.033696,0.0022428,-0.022129,-0.012075,-0.021866,0.0089911,0.035477,-0.017439,-0.067309,0.012777,-0.015777,0.026987,-0.052131,0.0039297,0.0083662,-0.015771,0.0035236,0.020838,-0.080871,-0.0048553,-0.0038857,0.060556,0.035028,0.024512,0.062304,0.042034,0.032367,0.031438,0.058135,-0.073295,0.051603,-0.02775,-0.0032916,-0.032926,-0.03399,-0.02464,0.037297,-0.017859,0.013954,0.027613,0.035213
0.012946,0.037357,-0.0087746,-0.0044043,0.052743,-0.032589,-0.028986,0.0067513,-0.043633,-0.01071,-0.023587,0.021731,0.013307,-0.033953,-0.023985,-0.062258,-0.054235,0.0091204,-0.047873,-0.0034977,-0.018513,-0.067734,-0.047507,0.02239,-0.037468,-0.024669,-0.064601,-0.010184,-0.016089,-0.013979,-0.025701,0.02861,0.014559,0.015611,0.0022148,-0.048848,-0.0075027,0.0063906,0.0064042,-0.031859,-0.017051,-0.024935,-0.031643,-0.029465,-0.011883,-0.025536,0.030706,-0.024641,0.043906,-0.04237,-0.024311
0.00039661,0.048583,0.00014164,-0.0093916,0.013728,-0.022126,-0.019397,-0.027847,-0.032171,0.047422,0.031803,0.018447,-0.033327,-0.0085084,-0.0044244,-0.037132,-0.0073902,-0.022158,0.05282,0.01048,-0.038811,-0.018156,0.00731,0.016424,-0.044631,-0.025412,-0.054288,-0.026127,0.004864,0.030389,0.019304,0.017971,0.013433,0.010375,0.02027,0.050939,0.018392,0.02818,0.02993,0.013585,0.036899,-0.021079,0.0018828,-0.0014195,0.021584,-0.024737,0.025955,-0.021072,0.00045619,-0.043992,0.0040801
0.0082428,0.0080725,-0.013043,-0.016546,0.047126,0.019682,0.02359,-0.0036747,-0.037491,-0.081442,0.0077221,0.042448,-0.01688,0.01237,0.024551,-0.048388,-0.006443,0.0073477,-0.033028,-0.007306,-0.013342,-0.0029185,-0.028979,0.01907,-0.022112,-0.052009,-0.083511,-0.091808,-0.055244,-0.11384,-0.046201,-0.016547,0.024051,0.0043349,0.053976,0.030006,0.069001,-0.00021733,-0.009097,-0.078586,-0.061845,-0.084933,-0.052036,0.024829,0.0011887,0.0043256,-0.0097931,-0.033536,-0.061434,-0.057888,-0.013709
-0.039736,-0.052135,-0.056677,-0.042652,0.032503,0.022225,-0.0035783,0.01581,0.040871,-0.015959,0.016016,0.025146,-0.03522,-0.036027,-0.0096477,-0.044315,-0.028373,0.05538,0.056398,0.068609,0.055833,-0.0049586,-0.03678,-0.027382,-0.033162,-0.10209,-0.024637,-0.080442,0.034968,-0.033579,-0.010507,-0.0040212,0.041623,0.0091802,0.024929,0.020461,0.037516,0.052371,0.033386,0.032781,-0.034711,0.0054817,-0.023763,-0.038545,-0.054786,0.0066358,-0.016372,-0.0414,-0.020215,-0.033802,0.034975
-0.017061,-0.050212,0.0023427,-0.016741,0.030503,0.028118,-0.009614,-0.0084444,0.010775,0.056711,0.020596,0.075748,0.020084,0.040864,0.025594,0.0038098,0.048657,0.028495,0.072284,0.02563,0.0155,-0.11787,-0.044873,0.010797,-0.046367,-0.046158,-0.014672,-0.031636,-0.013227,-0.0091776,0.03157,0.037046,0.033748,0.048774,0.020936,-0.048681,0.01025,0.040946,0.04812,0.018315,0.013719,-0.0089531,0.026233,-0.022763,0.0040347,-0.022829,-0.065837,-6.3942e-05,0.0037956,-0.029257,0.011209
-0.03779,-0.0059243,0.048139,0.016737,0.03035,0.041066,0.028883,0.018476,0.041352,0.072319,0.044044,-0.020449,-0.035723,0.013945,0.04436,0.04679,0.035398,0.035925,0.053695,0.057489,-0.022421,-0.066301,-0.027916,0.011583,-0.040428,-0.014128,0.0080204,-0.071249,-0.068735,-0.051038,0.02443,0.024652,0.0059689,0.0012538,0.02811,-0.016207,-0.00087053,0.054464,0.060649,0.031361,0.015085,-0.0066606,0.019082,-0.022222,-0.0080756,-0.0063828,-0.055892,-0.01756,-0.00765,-0.011802,-0.036448
-0.016618,-0.045786,-0.012758,-0.039694,-0.055415,0.024746,-0.065134,-0.0053719,-0.0048901,-0.0017083,0.035835,0.034623,-0.011197,-0.012774,-0.0057007,0.015226,0.028673,0.021137,0.02321,0.032929,-0.031876,-0.017349,-0.035354,-0.048249,-0.028027,-0.048656,-0.021597,-0.090882,-0.073806,-0.016168,-0.027733,0.037822,0.052423,-0.061509,-0.041457,-0.037052,0.0092073,0.031081,0.039294,0.034631,0.0066973,0.0083656,0.025988,-0.031675,-0.052301,-0.011923,-0.027374,-0.062157,-0.0073764,-0.025999,-0.023188
-0.030039,-0.0079597,-0.0069529,0.0030857,0.042281,-0.010096,0.023586,0.05117,0.042232,0.041299,0.030351,0.033537,0.019433,0.030736,0.02891,0.0046989,-0.010997,0.037969,0.026081,0.016967,0.050876,-0.003136,-0.011683,0.034337,-0.018846,-0.058653,-0.032982,-0.05606,-0.029886,-0.044587,-0.04012,-0.035236,-0.027546,-0.0094107,0.0046644,-0.078738,-0.030612,0.049673,0.052812,0.088901,0.057059,0.023228,0.027603,-0.02525,-0.03437,-0.051764,-0.0082435,-0.040292,0.006087,-0.0099866,-0.039932
0.0059556,0.0083224,0.042454,0.0094998,0.086529,0.0096939,0.10049,0.029987,0.034772,-0.010997,0.067695,0.029633,0.00046135,0.085844,0.059484,0.059268,0.012871,0.040565,0.071257,0.016933,-0.022124,0.079641,0.040897,0.038995,0.049021,0.0059671,-0.034663,-0.061787,-0.022133,-0.03411,0.033934,-0.018049,0.026497,-0.053016,0.077927,0.080271,0.075543,0.08954,0.054116,0.055765,0.034015,0.0096021,0.010864,0.038403,0.0078605,-0.019827,-0.0083331,-0.03601,0.020026,0.04918,0.028239
-0.00014339,0.027757,0.016844,-0.02246,-0.026085,-0.01405,0.039809,0.083791,0.054871,0.031,0.018183,-0.020848,0.020709,-0.034695,0.011437,0.0071025,0.036982,0.018044,0.038509,0.017207,0.033266,0.0040888,0.0612,-0.0060636,-0.032019,-0.06679,-0.032951,-0.013684,-0.010804,0.0024503,-0.031508,-0.033586,-0.073609,-0.038365,0.039883,0.01334,0.026958,0.068475,0.051275,0.028988,0.065028,-0.0040813,-0.040748,-0.0245,-0.015106,-0.048802,-0.042026,-0.075465,0.024645,0.0061283,-0.036248
-0.0082681,-0.0026993,0.026842,-0.033955,-0.031668,0.014443,0.0045625,-0.020309,-0.013575,-0.020673,0.025783,0.016773,0.084882,0.0081234,0.010737,0.018957,0.079321,0.0030338,0.011054,0.0035295,-0.030042,-0.010197,-0.010892,-0.0017167,0.0059155,-0.018323,-0.0059859,-0.0083807,-0.092322,0.0064979,-0.04998,-0.018754,-0.017916,-0.036802,0.022842,0.00097354,0.019241,-0.0087663,-0.00082494,-0.046595,0.02865,-0.0060373,-0.0037314,-0.034794,-0.04172,-0.035791,-0.0095428,-0.06316,-0.0063408,-0.011215,-0.022429
-0.057979,-0.0050553,0.024236,-0.011669,0.0014221,-0.029175,0.031505,-0.020511,0.048092,0.054798,-0.020502,0.0069747,0.050664,0.0045757,0.013566,0.041376,0.044114,0.078337,0.024037,0.065501,0.02049,0.011553,0.002029,0.028365,-0.031041,-0.0074799,0.0022422,0.0014559,0.031449,-0.020976,-0.018299,0.0034146,0.027384,0.03975,0.05299,0.0075052,0.041652,0.0020732,0.012503,0.078805,0.041057,0.0012759,0.024828,0.0017822,-0.040257,-0.081948,-0.0017107,-0.043121,0.051952,0.03563,0.015301
-0.0012435,0.030994,-0.0027702,-0.037052,0.013237,0.048952,0.005724,0.045316,0.017721,0.029891,0.021472,0.043724,-0.031745,-0.012053,0.011672,0.031683,0.0092649,0.04167,0.04521,0.11187,0.064125,0.059582,0.0019331,-0.046009,-0.0040955,-0.040808,0.0092702,-0.012423,-0.046308,0.021208,0.040379,0.041377,-0.021248,-0.014106,0.0053694,0.023856,0.041193,0.022052,-0.00084695,0.012172,0.0026736,0.0194,0.013332,0.0095999,0.0049991,-0.079058,0.00057152,-0.049043,0.053076,0.062389,0.065675
0.018262,-0.014215,0.0035964,0.0018674,0.026354,0.013604,-0.027322,0.0098799,0.0019593,-0.053089,-0.017589,0.059352,0.0037322,-0.0063852,0.071131,0.027227,-0.058845,0.089917,-0.011519,0.08514,0.031333,0.078716,0.017904,-0.014164,-0.0042898,0.0092138,0.05604,0.026356,0.066048,-0.010336,-0.039352,0.0193,0.022656,-0.041224,0.032784,0.013349,0.071525,0.016338,0.0026412,0.0082325,-0.031732,0.0047566,0.015757,-0.020513,-0.0077012,-0.012178,0.0037834,0.019959,0.11747,0.0077008,0.014386
0.00038948,0.014201,-0.027882,-0.015683,0.079131,0.069702,-0.00022391,-0.0040458,-0.04937,-0.032844,-0.016119,0.067943,0.00046169,0.022746,0.021791,-0.022547,-0.023979,0.0094878,0.020305,0.067013,0.08243,0.0045235,-0.032067,-0.0035051,-0.00052458,-0.0060295,0.077364,0.052645,0.015461,-0.0027173,0.052202,0.022684,0.015863,0.0067154,0.033612,-0.041955,-0.011151,0.0061764,0.01408,0.0077965,-0.022224,0.05495,0.021477,-0.0063948,-0.013368,0.020816,0.012709,0.024906,0.051537,0.05063,0.060866
0.012764,0.070071,0.039216,0.022553,0.081487,0.062236,-0.0076559,0.019471,0.012921,0.013081,-0.047827,0.044277,-0.053343,-0.026896,0.0097023,-0.051449,-0.007941,-0.017451,0.06455,0.061383,0.097702,-0.00093654,0.015289,0.010671,0.0014249,-0.007522,-0.015185,-0.0041052,0.031902,0.005648,-0.010098,0.045533,0.0095002,0.0042541,0.046212,-0.00051954,0.019823,-0.010933,0.037643,0.055043,-0.013921,0.0054051,0.049428,-0.025323,-0.031251,-0.0044652,0.0064113,-0.042873,0.064657,0.08351,0.049723
-0.014236,0.035069,-0.0051396,-0.055319,0.019441,0.020292,0.033014,0.029507,0.019828,0.018614,0.056079,0.01673,-0.010834,-0.0018258,0.0038605,-0.032009,-0.020052,0.043298,0.033963,0.074552,-0.014933,-0.024024,0.013264,0.032859,0.046818,0.00039111,0.064779,-0.018004,0.034452,0.027176,0.014557,0.024163,0.038504,0.012369,0.041436,0.023319,0.039928,0.00059001,0.026914,0.049679,-0.0039222,0.013387,-0.010693,0.012312,0.0114,0.020551,0.073419,-0.0026304,0.034701,0.0599,0.051027
0.0049054,-0.0043974,0.014436,0.013312,0.0046302,0.055426,0.064468,0.060699,-0.014738,0.038164,0.037742,0.016955,-0.050125,-0.010811,-0.016936,-0.040143,-0.0024666,0.020417,0.011528,0.063612,-0.022425,0.0093202,0.039476,0.047932,0.013559,-0.013165,0.033716,-0.070897,-0.030214,0.0016682,-0.032222,-0.0094488,0.062493,0.06238,0.089678,0.0023623,0.0014206,0.012979,-0.031112,0.0058996,0.070006,0.0032099,-0.0038012,-0.00043169,0.0025786,0.014727,0.023105,0.06393,0.0025095,-0.030351,0.046933
-0.028856,-0.0025764,-0.076905,-0.071302,0.0048354,-0.02849,0.013897,0.054893,-0.025116,0.037167,0.0085257,0.011295,-0.010038,-0.022283,-0.025303,-0.041147,-0.06394,-0.034313,0.0085152,0.014037,-0.055947,-0.0080793,-0.012822,-0.0054146,-0.015187,0.0079525,-0.065869,-0.056786,0.014618,0.0089778,-0.0012274,0.03716,0.055223,0.0035132,0.025483,-0.01929,-0.05142,-0.0021936,-0.0083065,-0.053931,-0.0054534,0.00044189,-0.011409,-0.016968,0.045935,-0.02047,-0.020072,-0.018389,0.014303,0.025156,0.033362
-0.015991,-0.0057013,-0.020114,-0.055492,0.03082,0.0034344,0.0080765,0.0071405,-0.019927,0.003193,0.00039832,-0.049805,-0.066842,-0.0053195,0.0072245,0.0034776,0.0026502,-0.057771,-0.094186,-0.0023775,-0.048318,-0.0052914,-0.048777,0.023618,0.0003799,-0.016676,-0.024283,0.012967,-0.030795,0.00499,-0.0058729,-0.017123,-0.046803,-0.087552,0.025969,-0.048548,-0.035463,0.0059069,-0.01386,-0.055389,0.0040581,-0.010359,-0.024786,-0.010721,0.019057,-0.0059928,0.015118,-0.029743,-0.023674,-0.0073014,0.017607
-0.089237,-0.01639,-0.054291,-0.092498,-0.018238,-0.0045607,-0.019597,-0.027506,-0.025309,-0.00046291,-0.045294,-0.026102,-0.0057121,-0.028328,-0.0131,-0.02144,0.0099298,-0.040312,-0.02334,-0.040042,-0.047877,-0.080821,-0.019877,0.026103,-0.01777,-0.026352,-0.0019683,-0.0092842,-0.043395,0.005313,-0.02273,0.044304,-0.045413,-0.079287,-0.072631,-0.07067,-0.068254,-0.050564,-0.015891,-0.088444,-0.038874,-0.051225,0.033858,-0.002666,0.022396,-0.025322,0.017877,-0.0023782,0.047057,0.025066,-0.036708
-0.010256,0.029863,-0.020502,-0.021982,0.02317,-0.018902,-0.010632,-0.027149,0.029753,-0.0042537,0.053699,0.047846,-0.02634,-0.043613,0.030171,-0.0078602,0.028362,-0.056386,0.042336,0.0050878,0.034079,0.084167,0.031295,0.026151,0.0088988,0.051269,0.026617,-0.023916,-0.070587,-0.04128,-0.0092695,0.023045,0.028084,-0.041151,-0.017483,-0.0023983,-0.024098,-0.010343,0.0060658,-0.013398,0.0041219,-0.0055812,0.031846,-0.039795,-0.00025593,0.062917,0.071084,0.012153,0.042597,0.046883,0.0049066
-0.02915,-0.051635,0.0048303,-0.0080151,0.01422,-0.087069,0.00041832,0.00033504,0.025482,0.0064921,0.026732,0.044412,-0.008151,-0.07241,-0.0067414,-0.013829,0.00070002,0.039386,0.029378,0.023582,0.021714,-0.0025138,-0.011152,-0.00055601,-0.0028029,0.026236,-0.030349,-0.067839,0.0012496,-0.02102,-0.00018104,-0.044654,0.0090418,-0.073384,-0.069435,-0.10183,0.018129,-0.022978,-0.017429,0.019016,-0.038973,-0.039506,0.0047145,0.03563,0.021599,-0.0052272,-0.0030332,0.00013848,0.05307,0.10374,0.010181
-0.083647,-0.037384,0.020591,-0.062097,-0.041923,-0.00055129,-0.073396,-0.061714,-0.047231,-0.025319,-0.020839,0.0215,9.8711e-05,-0.014754,0.039816,-0.0052724,0.01319,0.01855,-0.013896,-0.014551,-0.0096336,-0.030515,0.01566,-5.7069e-05,0.019591,-0.033627,0.029286,-0.032599,-0.072182,-0.037998,0.0088957,-0.030953,-0.037661,-0.0529,-0.024713,-0.046425,-0.023838,-0.064326,-0.065896,-0.0031118,-0.033075,-0.00098638,-0.0028186,-0.010655,0.0072136,0.00018661,-0.017834,-0.038009,-0.012029,0.023539,0.016339
-0.043811,-0.0034499,-0.0060529,-0.030054,-0.0059163,-0.0018937,0.0078847,-0.037396,0.0039579,-0.049396,-0.012805,0.079275,0.027347,0.0074709,0.043671,-0.010216,-0.0094456,0.12241,0.0093928,0.0087859,-0.016389,-0.0064601,-0.021886,0.015377,0.0057312,-0.048208,0.0074023,-0.020459,0.017984,-0.048672,-0.0076132,-0.0079528,-0.060425,-0.045511,-0.0053379,-0.011011,0.0020697,-0.018137,-0.027769,0.015727,-0.046483,-0.094583,0.011189,-0.01806,0.017617,0.029503,0.023011,0.0035613,0.04826,0.029386,0.024766
-0.032113,-0.011696,0.035512,-0.02719,-0.029215,0.022889,-0.012397,-0.032926,-0.033261,0.010966,-0.039757,0.078842,0.057796,0.022115,0.013989,0.038262,0.043353,-0.023674,-0.005379,0.018929,-0.0013053,-0.0049799,0.0098869,-0.01633,-0.0069114,-0.0089512,-0.017186,-0.030502,-0.042357,-0.023936,0.0067248,-0.017421,-0.045514,-0.014467,0.013928,-0.0055723,0.046209,-0.0054004,0.014214,-0.014975,-0.029087,-0.00033119,-0.023944,-0.004898,0.045439,0.056087,0.031732,-0.024673,-0.00012561,0.057526,0.020955
0.0022288,-0.045508,-0.0019569,0.03249,-0.0041544,-0.016301,-0.039351,-0.043502,-0.022162,0.02988,-0.0088096,0.070971,0.068403,0.046207,0.063527,0.029988,0.029717,0.028774,-0.0039679,0.017074,-0.018231,-0.053808,0.040746,0.047665,0.038807,0.010498,-0.01009,-0.0384,-0.017894,-0.016153,-0.022988,0.0072926,-0.027214,0.003616,0.054592,-0.032382,0.036745,0.040079,0.013884,0.038086,-0.013031,-0.0020363,-0.014346,0.036254,0.065934,0.037571,0.045501,-0.010051,0.089406,0.038614,0.068421
-0.02273,0.018498,0.019284,0.003031,0.055908,-0.024731,-0.0092103,-0.027335,-0.021991,-0.019078,0.039913,0.027394,-8.2821e-05,0.0031347,0.04962,0.027357,-0.013979,0.048647,0.012587,-0.010456,-0.066012,-0.0074424,0.0081227,-0.015752,0.03278,-0.0029283,-0.019377,-0.068276,-0.019573,-0.086365,-0.035762,-0.012067,0.017324,-0.057805,0.0016992,0.016585,-0.020007,-0.030221,0.01777,0.017823,-0.04018,-0.0007734,0.010048,0.04239,0.011469,0.015596,0.098642,0.044065,0.049698,0.012464,0.012371
0.037002,0.016847,0.00064284,-0.035244,-2.0677e-05,-0.033669,-0.0079958,-0.064505,-0.0054191,0.011997,0.0089236,0.015161,0.0061018,0.044751,0.0086826,0.0013959,-0.0052972,-0.01107,-0.03351,0.03038,-0.027663,-0.064506,-0.042383,-0.026215,0.02422,-0.01712,0.059886,-0.01562,-0.016865,-0.048528,0.01392,0.02242,0.0046654,-0.041833,0.0066484,-0.035558,-0.012658,0.057877,0.012342,0.021794,0.042697,0.0078704,0.032555,0.04212,0.016927,0.050211,0.053547,0.01606,0.046833,0.042614,0.02058
-0.017266,-0.0045697,0.0050897,0.020444,0.063828,-0.029919,-0.003919,0.020891,-0.041384,0.017366,0.054986,-0.0132,0.014476,0.010196,0.0065988,-0.031126,-0.017741,-0.037387,-0.060631,0.00071275,-0.012913,-0.028907,-0.026511,-0.0042632,0.031212,-0.0077531,-0.0064969,-0.0041505,-0.029849,-0.022612,-0.045717,-0.027793,0.0038328,-0.0080854,-0.019434,-0.068941,-0.0035357,0.0072579,0.014756,-0.0027178,0.015372,0.078782,0.0078994,0.065293,0.05127,-0.0642,0.048093,-0.041962,0.047007,0.044693,0.042393
-0.054904,-0.037006,-0.022764,-0.01304,0.047729,0.067613,0.032756,0.027326,0.0049988,0.011775,0.0029579,-0.010447,-0.00051301,0.019704,0.054304,-0.015903,-0.022549,-0.00045609,0.032619,0.06075,-0.037482,-0.044356,-0.01983,0.019463,-0.023961,0.019161,0.022818,-0.00032209,-0.021791,0.053256,-0.057861,0.014028,0.010249,-0.0036388,0.055133,-0.032928,0.00049601,0.024749,0.057,-0.0027585,0.021209,0.036484,0.042507,-0.0061645,0.027379,0.012915,0.020124,0.029683,0.13023,0.042713,0.058748
-0.075748,-0.02433,-0.057746,-0.05533,-0.00035691,0.030524,0.032056,0.071254,-0.013446,0.0033473,0.0066551,-0.01359,-0.025143,0.0097719,-0.032952,-0.063989,-0.051755,-0.0035193,-0.011807,0.03622,-0.010371,-0.011512,-0.00016525,0.059426,-0.035349,-0.04299,0.013777,0.017242,-0.03977,0.0011542,-0.030413,-0.012872,-0.0031382,0.022764,-0.020571,-0.026966,-0.0015357,0.0075018,0.03153,-0.00026291,0.10093,0.03484,0.035242,0.013392,0.02921,-0.050555,0.0014177,0.016468,0.0019641,-0.017911,0.028073
-0.010921,0.016882,-0.033502,-0.039289,-0.036365,0.01298,0.0056743,0.024221,0.010588,-0.020282,0.052122,0.041734,-0.022277,0.0051108,0.0055126,-0.024522,-0.050745,-0.0059855,-0.047701,0.0097727,-0.025138,-0.011308,-0.039341,0.0039322,0.0096681,-0.012753,-0.00065301,-0.02599,-0.022664,-0.024912,-0.028919,-0.012359,-0.015561,-0.017303,-0.0056154,-0.026402,-0.043741,-0.014744,-0.026803,-0.0085377,0.012361,0.030149,0.037249,-0.013221,0.0087316,-0.0094196,0.039121,-0.028425,0.021272,-0.035665,0.055679
-0.003251,0.0024441,-0.019248,-0.015975,0.05419,-0.0023782,-0.022563,0.034846,0.023963,0.0030596,0.0068905,0.052637,-0.014039,0.0090005,0.011433,-0.01812,-0.040469,0.040237,-0.0015996,0.0082167,0.0067571,-0.012287,0.020966,0.093487,0.036758,0.032471,0.027968,0.036319,0.052303,-0.018188,-0.013699,-0.015345,0.030369,0.025037,0.065637,-0.03243,0.011982,-0.028291,0.018521,-0.0035854,-0.0078635,0.082202,0.054033,0.040692,0.052123,0.010142,0.022304,0.031934,0.045814,0.020538,-0.010918
0.02462,0.045602,0.0067943,0.036402,0.021642,0.049565,0.039784,0.025902,0.03635,0.046897,0.053559,0.082576,-0.013342,0.018066,0.044066,-0.016929,0.011432,0.0045315,0.040204,0.021677,0.057417,0.02561,0.074615,0.072636,0.0089894,0.038647,0.079007,0.037834,0.072625,0.0092619,0.033838,-0.011985,-0.0003958,-0.0031219,0.048764,0.013676,0.021701,0.003373,-0.010543,-0.0070328,-0.007636,0.057847,0.065076,0.041388,0.026845,0.053074,0.040471,0.082762,0.064578,0.037341,0.032698
0.0074773,0.026475,0.0027653,-4.3517e-05,-0.014263,0.049931,0.059448,0.028136,0.045009,0.017508,-0.0050438,0.032793,0.016801,0.0065423,0.026224,-0.0086671,0.00042005,-0.041226,-0.010947,0.041081,0.061388,0.027294,0.045786,0.010156,0.00086677,0.022644,0.035351,0.024909,0.020806,-0.029453,0.0054371,0.0048672,-0.034862,-0.042538,-0.005171,0.025242,0.033829,0.015181,-0.0033895,-0.024482,-0.0078433,-0.0075223,0.06189,0.013097,0.0099324,0.0072727,-0.005038,-0.020721,0.031509,0.05371,0.0045078
-0.039606,-0.047021,-0.016275,-0.0063278,0.048175,0.038807,0.0063095,0.035858,0.0048561,0.041544,0.004757,0.033267,-0.018752,-0.010082,0.019411,-0.0041619,0.0045211,0.010085,-0.029396,0.014423,0.073205,0.030531,0.054405,0.0057478,0.010113,-0.0016448,-0.010344,0.029247,0.0041574,-0.015081,0.03985,0.01405,-0.013111,-0.013597,0.0053842,0.0047459,0.058422,-0.010412,-0.010375,-0.014249,-0.010526,-0.01051,0.036891,0.058667,0.0062747,-0.014292,0.033617,-0.01048,-0.027896,0.060161,0.004929
-0.0414,-0.024349,-0.039154,-0.013905,-0.0058533,-0.021052,-0.0055847,0.0027642,0.04998,0.04901,-0.0080337,0.044945,-0.0075023,-0.0082257,-0.0022345,-0.022234,-0.03723,0.037207,0.013128,0.056053,0.039111,-0.0034676,-0.033593,-0.017432,-0.058303,-0.056169,-0.066785,-0.056762,0.031981,-0.021521,0.03481,-0.0051582,-0.026902,-0.044177,-0.031554,-0.064992,-0.060016,0.0034223,-0.014212,0.0099867,-0.032526,-0.076796,-0.035538,-0.018339,-0.040863,-0.04622,-0.038682,-0.027625,0.022163,-0.025535,-0.0039693
-0.031789,-0.026568,-0.030781,-0.0092383,-0.016904,-0.0082224,0.071058,0.071089,0.027664,0.025186,0.034056,0.037831,0.011028,0.040307,0.021678,0.01029,0.023375,0.02805,0.011652,0.014307,-0.0082257,0.025144,-0.035783,0.0039799,-0.015408,0.0061057,-0.0030482,0.010687,0.013292,-0.007999,0.095043,0.043586,0.0097007,-0.0067866,-0.045956,-0.037982,-0.016978,-0.0028398,0.017195,0.0013826,0.10527,0.00087744,-0.046732,0.021581,0.0095906,-0.054783,-0.045597,-0.050242,-0.047471,-0.032075,-0.0016538
-0.038286,-0.040062,0.018519,-0.012338,-0.0019745,0.052935,0.07897,0.0079266,0.041784,0.011656,-0.0030897,-0.0004267,0.002741,-0.0020429,-0.0066994,0.023894,0.035361,0.022524,0.033994,0.037249,-0.036939,-0.026457,-0.021013,-0.0037702,0.0043021,-0.012008,0.0017349,-0.062317,-0.05658,-0.024642,0.030636,0.011679,-0.022268,-0.015665,0.028008,-0.016764,-0.021392,0.0021949,0.0071558,-0.0034644,0.038135,-0.049541,-0.075752,-0.0442,-0.042356,-0.023714,-0.068501,-0.1007,0.007904,0.0047316,0.0045511
-0.041965,-0.0077421,0.022153,-0.081869,0.0066649,-0.023884,0.022343,0.025836,0.060799,0.062677,0.062121,0.048489,0.082229,0.0004909,-0.0035964,-0.00070345,0.040332,0.027301,0.067983,0.016695,0.032812,-0.019113,-0.0007753,0.029685,0.0055732,0.0096868,-0.016784,-0.0024788,-0.0074294,0.00040729,-0.010996,-0.023242,0.0037678,-0.0055495,-0.014468,-0.0080905,-0.025491,-0.045858,0.028623,0.011485,-0.025222,-0.017309,-0.037944,-0.047252,-0.031119,-0.050748,0.013463,-0.060312,0.04404,0.04669,0.0054647
-0.015018,-0.064974,-0.016053,-0.033748,0.01061,0.0070473,0.02278,-0.017517,0.014743,0.010107,0.034815,0.030998,0.030385,0.011268,0.049003,-0.0090391,0.047802,0.012949,0.068469,-0.0016351,0.031674,-0.035267,0.0087899,0.073587,0.030514,0.045763,0.04086,-0.0050472,-0.025008,0.011483,-0.039201,-0.030979,-0.029722,-0.027366,0.0069963,-0.020918,-0.0039138,0.0082346,0.01392,0.017903,0.038189,-0.049417,0.03556,-0.034315,-0.026218,0.014736,-0.025604,-0.055559,-0.0005752,0.014138,0.014595
0.036803,0.028745,0.038203,-0.043689,0.0051997,0.032334,-0.00046893,0.034811,0.017027,-0.010522,0.0875,0.078065,0.065752,0.022084,0.066673,0.093793,0.031621,0.0030339,0.022509,0.032703,-0.025212,0.050771,0.022869,0.011796,0.036707,0.053105,0.063177,-0.015384,-0.02971,-0.027459,0.011563,0.014266,0.034189,-0.043784,-0.017173,-0.017726,-0.014116,-0.055841,0.019505,-0.024306,-0.0010163,0.045567,-0.011957,-0.011472,-0.0097619,0.028115,0.0034968,-0.019555,0.018468,0.0060372,-0.030781
-0.0022293,-0.046975,-0.063475,-0.01731,-0.029808,-0.024726,-0.046677,-0.0010901,0.012271,0.010602,0.11558,0.065426,-0.054885,-0.03083,0.037772,-0.010859,-0.045638,0.069652,0.031101,0.016628,-0.014467,0.016005,0.010413,0.019275,0.015537,0.0017157,0.03877,-0.047858,0.016861,0.0056324,0.01487,0.032945,-0.050742,-0.081868,-0.058006,-0.076195,-0.027247,0.00016787,-0.0001548,-0.00088274,-0.035492,-0.0078737,-0.013767,-0.053759,-0.056089,-0.046405,-0.013368,-0.031136,0.058818,-0.041324,0.018874
-0.081465,-0.036476,-0.028923,-0.055311,0.019512,0.02081,-0.039355,-0.015018,0.019397,0.046343,0.018074,0.053641,0.0055113,0.037309,0.0054934,0.052251,0.0262,0.0061194,-0.030563,0.026973,0.0364,-0.028868,-0.007033,0.070228,-0.019102,-0.0051306,0.026006,0.010514,0.022907,-0.0081515,0.015285,0.0004443,-0.010709,0.0076164,-0.024052,-0.08031,-0.025649,-0.017091,0.017534,-0.051016,-0.029461,0.0069965,-0.017557,-0.058748,-0.018697,-0.014108,-0.010347,-0.0033597,0.032815,-0.010725,-0.0085311
