0.02,0.02,0.031914,1,0,0
0.04,0.02,0.041151,1,0,0
0.06,0.02,0.053091,1,0,0
0.08,0.02,0.052878,1,0,0
0.1,0.02,0.068937,1,0,0
0.12,0.02,0.066304,1,0,0
0.14,0.02,0.063059,1,0,0
0.16,0.02,0.064085,1,0,0
0.18,0.02,0.055334,1,0,0
0.2,0.02,0.041064,1,0,0
0.22,0.02,0.034077,1,0,0
0.24,0.02,0.026092,1,0,0
0.26,0.02,0.018233,1,0,0
0.28,0.02,0.0011663,1,0,0
0.3,0.02,-0.013255,1,0,0
0.32,0.02,-0.024001,1,0,0
0.34,0.02,-0.0282,1,0,0
0.36,0.02,-0.02183,1,0,0
0.38,0.02,-0.016139,1,0,0
0.4,0.02,-0.018725,1,0,0
0.42,0.02,-0.035084,1,0,0
0.44,0.02,-0.031078,1,0,0
0.46,0.02,-0.028283,1,0,0
0.48,0.02,-0.013418,1,0,0
0.5,0.02,0.0030306,1,0,0
0.52,0.02,0.021924,1,0,0
0.54,0.02,0.025874,1,0,0
0.56,0.02,0.020666,1,0,0
0.58,0.02,0.018985,1,0,0
0.6,0.02,0.023147,1,0,0
0.62,0.02,0.0057714,1,0,0
0.64,0.02,0.00175,1,0,0
0.66,0.02,-0.0086936,1,0,0
0.68,0.02,-0.009786,1,0,0
0.7,0.02,-0.019864,1,0,0
0.72,0.02,-0.028323,1,0,0
0.74,0.02,-0.036446,1,0,0
0.76,0.02,-0.031589,1,0,0
0.78,0.02,-0.012719,1,0,0
0.8,0.02,0.00035837,1,0,0
0.82,0.02,-0.0055213,1,0,0
0.84,0.02,-0.0052264,1,0,0
0.86,0.02,-0.0037967,1,0,0
0.88,0.02,0.010419,1,0,0
0.9,0.02,0.016316,1,0,0
0.92,0.02,0.016991,1,0,0
0.94,0.02,0.00024193,1,0,0
0.96,0.02,0.0026913,1,0,0
0.98,0.02,0.0063307,1,0,0
0.02,0.04,0.035541,1,0,0
0.04,0.04,0.048305,1,0,0
0.06,0.04,0.053367,1,0,0
0.08,0.04,0.063474,1,0,0
0.1,0.04,0.068429,1,0,0
0.12,0.04,0.060025,1,0,0
0.14,0.04,0.056792,1,0,0
0.16,0.04,0.052772,1,0,0
0.18,0.04,0.044953,1,0,0
0.2,0.04,0.037662,1,0,0
0.22,0.04,0.038078,1,0,0
0.24,0.04,0.031072,1,0,0
0.26,0.04,0.010132,1,0,0
0.28,0.04,-0.0044529,1,0,0
0.3,0.04,-0.025327,1,0,0
0.32,0.04,-0.024389,1,0,0
0.34,0.04,-0.028696,1,0,0
0.36,0.04,-0.031584,1,0,0
0.38,0.04,-0.029624,1,0,0
0.4,0.04,-0.022201,1,0,0
0.42,0.04,-0.024015,1,0,0
0.44,0.04,-0.021506,1,0,0
0.46,0.04,-0.010452,1,0,0
0.48,0.04,-0.0023298,1,0,0
0.5,0.04,0.007843,1,0,0
0.52,0.04,0.027234,1,0,0
0.54,0.04,0.032719,1,0,0
0.56,0.04,0.034204,1,0,0
0.58,0.04,0.022013,1,0,0
0.6,0.04,0.017635,1,0,0
0.62,0.04,0.01954,1,0,0
0.64,0.04,0.0098495,1,0,0
0.66,0.04,-0.0025444,1,0,0
0.68,0.04,-0.0069481,1,0,0
0.7,0.04,-0.022527,1,0,0
0.72,0.04,-0.030839,1,0,0
0.74,0.04,-0.034283,1,0,0
0.76,0.04,-0.032814,1,0,0
0.78,0.04,-0.031957,1,0,0
0.8,0.04,-0.012747,1,0,0
0.82,0.04,0.00053848,1,0,0
0.84,0.04,4.7513e-06,1,0,0
0.86,0.04,0.0036716,1,0,0
0.88,0.04,0.0036077,1,0,0
0.9,0.04,0.0092823,1,0,0
0.92,0.04,0.0009491,1,0,0
0.94,0.04,-0.0023279,1,0,0
0.96,0.04,-0.004071,1,0,0
0.98,0.04,-0.0044001,1,0,0
0.02,0.06,0.0403,1,0,0
0.04,0.06,0.050129,1,0,0
0.06,0.06,0.044589,1,0,0
0.08,0.06,0.056318,1,0,0
0.1,0.06,0.057083,1,0,0
0.12,0.06,0.061428,1,0,0
0.14,0.06,0.055642,1,0,0
0.16,0.06,0.05016,1,0,0
0.18,0.06,0.04087,1,0,0
0.2,0.06,0.04153,1,0,0
0.22,0.06,0.03479,1,0,0
0.24,0.06,0.021282,1,0,0
0.26,0.06,0.010662,1,0,0
0.28,0.06,-0.0045449,1,0,0
0.3,0.06,-0.0271,1,0,0
0.32,0.06,-0.028521,1,0,0
0.34,0.06,-0.035383,1,0,0
0.36,0.06,-0.037521,1,0,0
0.38,0.06,-0.025701,1,0,0
0.4,0.06,-0.010777,1,0,0
0.42,0.06,-0.0083246,1,0,0
0.44,0.06,0.0050888,1,0,0
0.46,0.06,0.0059427,1,0,0
0.48,0.06,0.0093937,1,0,0
0.5,0.06,0.020589,1,0,0
0.52,0.06,0.038559,1,0,0
0.54,0.06,0.040288,1,0,0
0.56,0.06,0.042777,1,0,0
0.58,0.06,0.030252,1,0,0
0.6,0.06,0.012843,1,0,0
0.62,0.06,0.019103,1,0,0
0.64,0.06,0.015122,1,0,0
0.66,0.06,0.0050832,1,0,0
0.68,0.06,-0.011175,1,0,0
0.7,0.06,-0.014662,1,0,0
0.72,0.06,-0.021165,1,0,0
0.74,0.06,-0.018698,1,0,0
0.76,0.06,-0.017545,1,0,0
0.78,0.06,-0.013976,1,0,0
0.8,0.06,-0.0081825,1,0,0
0.82,0.06,0.0015112,1,0,0
0.84,0.06,0.0066196,1,0,0
0.86,0.06,0.010642,1,0,0
0.88,0.06,0.0083006,1,0,0
0.9,0.06,0.0051362,1,0,0
0.92,0.06,-0.0035228,1,0,0
0.94,0.06,-0.01004,1,0,0
0.96,0.06,-0.018383,1,0,0
0.98,0.06,-0.010644,1,0,0
0.02,0.08,0.049661,1,0,0
0.04,0.08,0.040454,1,0,0
0.06,0.08,0.04225,1,0,0
0.08,0.08,0.048374,1,0,0
0.1,0.08,0.050854,1,0,0
0.12,0.08,0.052767,1,0,0
0.14,0.08,0.042619,1,0,0
0.16,0.08,0.039661,1,0,0
0.18,0.08,0.032706,1,0,0
0.2,0.08,0.039211,1,0,0
0.22,0.08,0.021554,1,0,0
0.24,0.08,0.00052507,1,0,0
0.26,0.08,-0.0061078,1,0,0
0.28,0.08,-0.0048185,1,0,0
0.3,0.08,-0.023081,1,0,0
0.32,0.08,-0.033487,1,0,0
0.34,0.08,-0.034912,1,0,0
0.36,0.08,-0.032004,1,0,0
0.38,0.08,-0.020495,1,0,0
0.4,0.08,-0.0054686,1,0,0
0.42,0.08,-0.00069623,1,0,0
0.44,0.08,0.017241,1,0,0
0.46,0.08,0.017557,1,0,0
0.48,0.08,0.011419,1,0,0
0.5,0.08,0.022197,1,0,0
0.52,0.08,0.027176,1,0,0
0.54,0.08,0.031589,1,0,0
0.56,0.08,0.04124,1,0,0
0.58,0.08,0.034252,1,0,0
0.6,0.08,0.016076,1,0,0
0.62,0.08,0.011218,1,0,0
0.64,0.08,0.012519,1,0,0
0.66,0.08,-0.0064247,1,0,0
0.68,0.08,-0.0058912,1,0,0
0.7,0.08,-0.0066831,1,0,0
0.72,0.08,-0.011907,1,0,0
0.74,0.08,-0.004038,1,0,0
0.76,0.08,-0.0090819,1,0,0
0.78,0.08,-0.0034954,1,0,0
0.8,0.08,-0.0065305,1,0,0
0.82,0.08,0.0015579,1,0,0
0.84,0.08,0.0045635,1,0,0
0.86,0.08,0.018806,1,0,0
0.88,0.08,0.014022,1,0,0
0.9,0.08,0.0060227,1,0,0
0.92,0.08,-0.0088182,1,0,0
0.94,0.08,-0.011779,1,0,0
0.96,0.08,-0.02107,1,0,0
0.98,0.08,-0.011407,1,0,0
0.02,0.1,0.054537,1,0,0
0.04,0.1,0.051946,1,0,0
0.06,0.1,0.044759,1,0,0
0.08,0.1,0.053674,1,0,0
0.1,0.1,0.055591,1,0,0
0.12,0.1,0.051776,1,0,0
0.14,0.1,0.044711,1,0,0
0.16,0.1,0.036013,1,0,0
0.18,0.1,0.025433,1,0,0
0.2,0.1,0.021456,1,0,0
0.22,0.1,0.003034,1,0,0
0.24,0.1,-0.011825,1,0,0
0.26,0.1,-0.010733,1,0,0
0.28,0.1,-0.0033013,1,0,0
0.3,0.1,-0.017573,1,0,0
0.32,0.1,-0.025055,1,0,0
0.34,0.1,-0.02986,1,0,0
0.36,0.1,-0.024017,1,0,0
0.38,0.1,-0.0090836,1,0,0
0.4,0.1,0.0028981,1,0,0
0.42,0.1,0.010373,1,0,0
0.44,0.1,0.023589,1,0,0
0.46,0.1,0.026947,1,0,0
0.48,0.1,0.021342,1,0,0
0.5,0.1,0.021523,1,0,0
0.52,0.1,0.02168,1,0,0
0.54,0.1,0.021995,1,0,0
0.56,0.1,0.03416,1,0,0
0.58,0.1,0.025527,1,0,0
0.6,0.1,0.014579,1,0,0
0.62,0.1,0.019958,1,0,0
0.64,0.1,0.017829,1,0,0
0.66,0.1,0.0087651,1,0,0
0.68,0.1,0.0052227,1,0,0
0.7,0.1,-0.0010883,1,0,0
0.72,0.1,-0.0021526,1,0,0
0.74,0.1,0.0020443,1,0,0
0.76,0.1,0.0035662,1,0,0
0.78,0.1,0.0026263,1,0,0
0.8,0.1,0.0067935,1,0,0
0.82,0.1,0.016315,1,0,0
0.84,0.1,0.019657,1,0,0
0.86,0.1,0.023131,1,0,0
0.88,0.1,0.023199,1,0,0
0.9,0.1,0.011648,1,0,0
0.92,0.1,-0.0013334,1,0,0
0.94,0.1,-0.00782,1,0,0
0.96,0.1,-0.018261,1,0,0
0.98,0.1,-0.012805,1,0,0
0.02,0.12,0.044592,1,0,0
0.04,0.12,0.04941,1,0,0
0.06,0.12,0.043883,1,0,0
0.08,0.12,0.043032,1,0,0
0.1,0.12,0.045641,1,0,0
0.12,0.12,0.047791,1,0,0
0.14,0.12,0.037643,1,0,0
0.16,0.12,0.032418,1,0,0
0.18,0.12,0.02693,1,0,0
0.2,0.12,0.0034623,1,0,0
0.22,0.12,-0.0094567,1,0,0
0.24,0.12,-0.018502,1,0,0
0.26,0.12,-0.023351,1,0,0
0.28,0.12,-0.025367,1,0,0
0.3,0.12,-0.03175,1,0,0
0.32,0.12,-0.023836,1,0,0
0.34,0.12,-0.027041,1,0,0
0.36,0.12,-0.024321,1,0,0
0.38,0.12,-0.0042448,1,0,0
0.4,0.12,0.0021163,1,0,0
0.42,0.12,0.0046239,1,0,0
0.44,0.12,0.022485,1,0,0
0.46,0.12,0.030403,1,0,0
0.48,0.12,0.02304,1,0,0
0.5,0.12,0.011532,1,0,0
0.52,0.12,0.015745,1,0,0
0.54,0.12,0.014104,1,0,0
0.56,0.12,0.021411,1,0,0
0.58,0.12,0.018062,1,0,0
0.6,0.12,0.010267,1,0,0
0.62,0.12,0.016868,1,0,0
0.64,0.12,0.02045,1,0,0
0.66,0.12,0.014116,1,0,0
0.68,0.12,0.004517,1,0,0
0.7,0.12,-0.002434,1,0,0
0.72,0.12,0.0018683,1,0,0
0.74,0.12,0.0068267,1,0,0
0.76,0.12,0.0098671,1,0,0
0.78,0.12,0.0024706,1,0,0
0.8,0.12,0.024084,1,0,0
0.82,0.12,0.030238,1,0,0
0.84,0.12,0.035756,1,0,0
0.86,0.12,0.022135,1,0,0
0.88,0.12,0.006328,1,0,0
0.9,0.12,0.00042964,1,0,0
0.92,0.12,0.0030877,1,0,0
0.94,0.12,-0.0098979,1,0,0
0.96,0.12,-0.0087488,1,0,0
0.98,0.12,-0.0092842,1,0,0
0.02,0.14,0.037624,1,0,0
0.04,0.14,0.036666,1,0,0
0.06,0.14,0.031343,1,0,0
0.08,0.14,0.030325,1,0,0
0.1,0.14,0.043217,1,0,0
0.12,0.14,0.0349,1,0,0
0.14,0.14,0.03671,1,0,0
0.16,0.14,0.03869,1,0,0
0.18,0.14,0.028056,1,0,0
0.2,0.14,0.0063245,1,0,0
0.22,0.14,-0.019378,1,0,0
0.24,0.14,-0.032735,1,0,0
0.26,0.14,-0.034471,1,0,0
0.28,0.14,-0.033804,1,0,0
0.3,0.14,-0.034187,1,0,0
0.32,0.14,-0.039823,1,0,0
0.34,0.14,-0.035799,1,0,0
0.36,0.14,-0.020718,1,0,0
0.38,0.14,-0.0086119,1,0,0
0.4,0.14,-0.0010773,1,0,0
0.42,0.14,-0.0040409,1,0,0
0.44,0.14,0.0046119,1,0,0
0.46,0.14,0.019828,1,0,0
0.48,0.14,0.024541,1,0,0
0.5,0.14,0.01714,1,0,0
0.52,0.14,0.01047,1,0,0
0.54,0.14,0.014715,1,0,0
0.56,0.14,0.017286,1,0,0
0.58,0.14,0.0070422,1,0,0
0.6,0.14,0.0095519,1,0,0
0.62,0.14,0.0084857,1,0,0
0.64,0.14,0.0088028,1,0,0
0.66,0.14,0.0016198,1,0,0
0.68,0.14,0.012246,1,0,0
0.7,0.14,-0.0033348,1,0,0
0.72,0.14,0.0038223,1,0,0
0.74,0.14,0.010182,1,0,0
0.76,0.14,0.016255,1,0,0
0.78,0.14,0.020508,1,0,0
0.8,0.14,0.034777,1,0,0
0.82,0.14,0.039948,1,0,0
0.84,0.14,0.029598,1,0,0
0.86,0.14,0.0091443,1,0,0
0.88,0.14,0.0060535,1,0,0
0.9,0.14,-0.00027587,1,0,0
0.92,0.14,0.0020578,1,0,0
0.94,0.14,0.0003338,1,0,0
0.96,0.14,-0.0043565,1,0,0
0.98,0.14,0.00082962,1,0,0
0.02,0.16,0.021281,1,0,0
0.04,0.16,0.025909,1,0,0
0.06,0.16,0.028129,1,0,0
0.08,0.16,0.025375,1,0,0
0.1,0.16,0.03318,1,0,0
0.12,0.16,0.040692,1,0,0
0.14,0.16,0.032969,1,0,0
0.16,0.16,0.035279,1,0,0
0.18,0.16,0.032388,1,0,0
0.2,0.16,0.0075994,1,0,0
0.22,0.16,-0.01711,1,0,0
0.24,0.16,-0.034517,1,0,0
0.26,0.16,-0.034218,1,0,0
0.28,0.16,-0.028906,1,0,0
0.3,0.16,-0.033279,1,0,0
0.32,0.16,-0.042809,1,0,0
0.34,0.16,-0.041915,1,0,0
0.36,0.16,-0.026119,1,0,0
0.38,0.16,-0.01266,1,0,0
0.4,0.16,-0.0095156,1,0,0
0.42,0.16,-0.0052899,1,0,0
0.44,0.16,0.015523,1,0,0
0.46,0.16,0.025305,1,0,0
0.48,0.16,0.032445,1,0,0
0.5,0.16,0.020622,1,0,0
0.52,0.16,0.013509,1,0,0
0.54,0.16,0.011073,1,0,0
0.56,0.16,0.012304,1,0,0
0.58,0.16,0.01498,1,0,0
0.6,0.16,0.015996,1,0,0
0.62,0.16,0.0094724,1,0,0
0.64,0.16,0.011973,1,0,0
0.66,0.16,0.010412,1,0,0
0.68,0.16,0.010807,1,0,0
0.7,0.16,0.009742,1,0,0
0.72,0.16,0.01206,1,0,0
0.74,0.16,0.017006,1,0,0
0.76,0.16,0.021211,1,0,0
0.78,0.16,0.034219,1,0,0
0.8,0.16,0.051007,1,0,0
0.82,0.16,0.043264,1,0,0
0.84,0.16,0.039406,1,0,0
0.86,0.16,0.025723,1,0,0
0.88,0.16,0.0094266,1,0,0
0.9,0.16,0.0010313,1,0,0
0.92,0.16,0.0069245,1,0,0
0.94,0.16,-0.0037421,1,0,0
0.96,0.16,0.0033601,1,0,0
0.98,0.16,0.016434,1,0,0
0.02,0.18,0.020495,1,0,0
0.04,0.18,0.030205,1,0,0
0.06,0.18,0.02157,1,0,0
0.08,0.18,0.027294,1,0,0
0.1,0.18,0.030939,1,0,0
0.12,0.18,0.041168,1,0,0
0.14,0.18,0.046517,1,0,0
0.16,0.18,0.04007,1,0,0
0.18,0.18,0.027227,1,0,0
0.2,0.18,0.0097499,1,0,0
0.22,0.18,-0.011551,1,0,0
0.24,0.18,-0.025014,1,0,0
0.26,0.18,-0.030242,1,0,0
0.28,0.18,-0.018503,1,0,0
0.3,0.18,-0.02736,1,0,0
0.32,0.18,-0.035762,1,0,0
0.34,0.18,-0.036758,1,0,0
0.36,0.18,-0.021875,1,0,0
0.38,0.18,-0.01669,1,0,0
0.4,0.18,-0.0047496,1,0,0
0.42,0.18,0.01845,1,0,0
0.44,0.18,0.027206,1,0,0
0.46,0.18,0.032825,1,0,0
0.48,0.18,0.037548,1,0,0
0.5,0.18,0.025264,1,0,0
0.52,0.18,0.017793,1,0,0
0.54,0.18,0.013755,1,0,0
0.56,0.18,0.023014,1,0,0
0.58,0.18,0.018365,1,0,0
0.6,0.18,0.016842,1,0,0
0.62,0.18,0.024236,1,0,0
0.64,0.18,0.022168,1,0,0
0.66,0.18,0.023194,1,0,0
0.68,0.18,0.019078,1,0,0
0.7,0.18,0.021294,1,0,0
0.72,0.18,0.031515,1,0,0
0.74,0.18,0.034021,1,0,0
0.76,0.18,0.037155,1,0,0
0.78,0.18,0.045792,1,0,0
0.8,0.18,0.052549,1,0,0
0.82,0.18,0.054554,1,0,0
0.84,0.18,0.046875,1,0,0
0.86,0.18,0.042687,1,0,0
0.88,0.18,0.02473,1,0,0
0.9,0.18,0.022542,1,0,0
0.92,0.18,0.018011,1,0,0
0.94,0.18,0.013765,1,0,0
0.96,0.18,0.0088433,1,0,0
0.98,0.18,0.024011,1,0,0
0.02,0.2,0.025908,1,0,0
0.04,0.2,0.026591,1,0,0
0.06,0.2,0.017717,1,0,0
0.08,0.2,0.014335,1,0,0
0.1,0.2,0.020494,1,0,0
0.12,0.2,0.033158,1,0,0
0.14,0.2,0.031007,1,0,0
0.16,0.2,0.030371,1,0,0
0.18,0.2,0.013767,1,0,0
0.2,0.2,0.0017319,1,0,0
0.22,0.2,-0.011872,1,0,0
0.24,0.2,-0.020211,1,0,0
0.26,0.2,-0.029363,1,0,0
0.28,0.2,-0.025467,1,0,0
0.3,0.2,-0.03058,1,0,0
0.32,0.2,-0.026648,1,0,0
0.34,0.2,-0.02699,1,0,0
0.36,0.2,-0.023121,1,0,0
0.38,0.2,-0.016918,1,0,0
0.4,0.2,0.0019927,1,0,0
0.42,0.2,0.022249,1,0,0
0.44,0.2,0.032781,1,0,0
0.46,0.2,0.028685,1,0,0
0.48,0.2,0.027627,1,0,0
0.5,0.2,0.017589,1,0,0
0.52,0.2,0.013321,1,0,0
0.54,0.2,0.020165,1,0,0
0.56,0.2,0.021484,1,0,0
0.58,0.2,0.015391,1,0,0
0.6,0.2,0.012579,1,0,0
0.62,0.2,0.019219,1,0,0
0.64,0.2,0.028911,1,0,0
0.66,0.2,0.023017,1,0,0
0.68,0.2,0.023161,1,0,0
0.7,0.2,0.031651,1,0,0
0.72,0.2,0.038939,1,0,0
0.74,0.2,0.048989,1,0,0
0.76,0.2,0.04282,1,0,0
0.78,0.2,0.04321,1,0,0
0.8,0.2,0.040465,1,0,0
0.82,0.2,0.046602,1,0,0
0.84,0.2,0.043435,1,0,0
0.86,0.2,0.05024,1,0,0
0.88,0.2,0.03377,1,0,0
0.9,0.2,0.037952,1,0,0
0.92,0.2,0.033156,1,0,0
0.94,0.2,0.026225,1,0,0
0.96,0.2,0.018021,1,0,0
0.98,0.2,0.026559,1,0,0
0.02,0.22,0.024598,1,0,0
0.04,0.22,0.022206,1,0,0
0.06,0.22,0.0092112,1,0,0
0.08,0.22,0.010578,1,0,0
0.1,0.22,0.016165,1,0,0
0.12,0.22,0.014936,1,0,0
0.14,0.22,0.0054336,1,0,0
0.16,0.22,0.0097734,1,0,0
0.18,0.22,0.0063613,1,0,0
0.2,0.22,0.0045949,1,0,0
0.22,0.22,-0.0090441,1,0,0
0.24,0.22,-0.012222,1,0,0
0.26,0.22,-0.017598,1,0,0
0.28,0.22,-0.024451,1,0,0
0.3,0.22,-0.025253,1,0,0
0.32,0.22,-0.024487,1,0,0
0.34,0.22,-0.030692,1,0,0
0.36,0.22,-0.024748,1,0,0
0.38,0.22,-0.010296,1,0,0
0.4,0.22,0.013858,1,0,0
0.42,0.22,0.019661,1,0,0
0.44,0.22,0.036228,1,0,0
0.46,0.22,0.034883,1,0,0
0.48,0.22,0.027763,1,0,0
0.5,0.22,0.021383,1,0,0
0.52,0.22,0.022764,1,0,0
0.54,0.22,0.019025,1,0,0
0.56,0.22,0.011727,1,0,0
0.58,0.22,0.01033,1,0,0
0.6,0.22,0.010932,1,0,0
0.62,0.22,0.020682,1,0,0
0.64,0.22,0.026602,1,0,0
0.66,0.22,0.031917,1,0,0
0.68,0.22,0.037428,1,0,0
0.7,0.22,0.042092,1,0,0
0.72,0.22,0.040068,1,0,0
0.74,0.22,0.045563,1,0,0
0.76,0.22,0.0413,1,0,0
0.78,0.22,0.048077,1,0,0
0.8,0.22,0.045328,1,0,0
0.82,0.22,0.044514,1,0,0
0.84,0.22,0.047112,1,0,0
0.86,0.22,0.049895,1,0,0
0.88,0.22,0.055512,1,0,0
0.9,0.22,0.043738,1,0,0
0.92,0.22,0.035182,1,0,0
0.94,0.22,0.023107,1,0,0
0.96,0.22,0.019364,1,0,0
0.98,0.22,0.028126,1,0,0
0.02,0.24,0.021054,1,0,0
0.04,0.24,0.013988,1,0,0
0.06,0.24,0.0063111,1,0,0
0.08,0.24,0.0081364,1,0,0
0.1,0.24,0.0079774,1,0,0
0.12,0.24,-0.0033909,1,0,0
0.14,0.24,-0.0022219,1,0,0
0.16,0.24,-0.00086757,1,0,0
0.18,0.24,0.0039019,1,0,0
0.2,0.24,0.0069879,1,0,0
0.22,0.24,0.01068,1,0,0
0.24,0.24,0.0016695,1,0,0
0.26,0.24,-0.011398,1,0,0
0.28,0.24,-0.014619,1,0,0
0.3,0.24,-0.032467,1,0,0
0.32,0.24,-0.027889,1,0,0
0.34,0.24,-0.031347,1,0,0
0.36,0.24,-0.025707,1,0,0
0.38,0.24,-0.0076047,1,0,0
0.4,0.24,0.0085069,1,0,0
0.42,0.24,0.022284,1,0,0
0.44,0.24,0.034945,1,0,0
0.46,0.24,0.037983,1,0,0
0.48,0.24,0.032516,1,0,0
0.5,0.24,0.029221,1,0,0
0.52,0.24,0.033314,1,0,0
0.54,0.24,0.02117,1,0,0
0.56,0.24,0.0093135,1,0,0
0.58,0.24,-0.0020416,1,0,0
0.6,0.24,0.0038593,1,0,0
0.62,0.24,0.014325,1,0,0
0.64,0.24,0.021413,1,0,0
0.66,0.24,0.028743,1,0,0
0.68,0.24,0.04571,1,0,0
0.7,0.24,0.043957,1,0,0
0.72,0.24,0.040798,1,0,0
0.74,0.24,0.041742,1,0,0
0.76,0.24,0.047693,1,0,0
0.78,0.24,0.041204,1,0,0
0.8,0.24,0.051588,1,0,0
0.82,0.24,0.052044,1,0,0
0.84,0.24,0.044035,1,0,0
0.86,0.24,0.051263,1,0,0
0.88,0.24,0.056079,1,0,0
0.9,0.24,0.047338,1,0,0
0.92,0.24,0.027162,1,0,0
0.94,0.24,0.022602,1,0,0
0.96,0.24,0.024088,1,0,0
0.98,0.24,0.018176,1,0,0
0.02,0.26,0.0089686,1,0,0
0.04,0.26,0.011646,1,0,0
0.06,0.26,0.010035,1,0,0
0.08,0.26,0.0013777,1,0,0
0.1,0.26,-0.0042146,1,0,0
0.12,0.26,-0.0046515,1,0,0
0.14,0.26,0.0046075,1,0,0
0.16,0.26,0.0014943,1,0,0
0.18,0.26,0.0054781,1,0,0
0.2,0.26,0.0092923,1,0,0
0.22,0.26,0.01962,1,0,0
0.24,0.26,0.010942,1,0,0
0.26,0.26,0.0023613,1,0,0
0.28,0.26,-0.016539,1,0,0
0.3,0.26,-0.030831,1,0,0
0.32,0.26,-0.025744,1,0,0
0.34,0.26,-0.02184,1,0,0
0.36,0.26,-0.020056,1,0,0
0.38,0.26,-0.0019575,1,0,0
0.4,0.26,0.013147,1,0,0
0.42,0.26,0.016861,1,0,0
0.44,0.26,0.032084,1,0,0
0.46,0.26,0.030452,1,0,0
0.48,0.26,0.026475,1,0,0
0.5,0.26,0.032885,1,0,0
0.52,0.26,0.045994,1,0,0
0.54,0.26,0.024946,1,0,0
0.56,0.26,0.018625,1,0,0
0.58,0.26,0.0078902,1,0,0
0.6,0.26,0.0030138,1,0,0
0.62,0.26,0.0085147,1,0,0
0.64,0.26,0.023646,1,0,0
0.66,0.26,0.026098,1,0,0
0.68,0.26,0.039206,1,0,0
0.7,0.26,0.044255,1,0,0
0.72,0.26,0.049958,1,0,0
0.74,0.26,0.044119,1,0,0
0.76,0.26,0.043573,1,0,0
0.78,0.26,0.041259,1,0,0
0.8,0.26,0.049502,1,0,0
0.82,0.26,0.04604,1,0,0
0.84,0.26,0.043215,1,0,0
0.86,0.26,0.043569,1,0,0
0.88,0.26,0.049882,1,0,0
0.9,0.26,0.049731,1,0,0
0.92,0.26,0.043536,1,0,0
0.94,0.26,0.031389,1,0,0
0.96,0.26,0.024434,1,0,0
0.98,0.26,0.016569,1,0,0
0.02,0.28,0.0072273,1,0,0
0.04,0.28,0.012447,1,0,0
0.06,0.28,0.016825,1,0,0
0.08,0.28,0.011211,1,0,0
0.1,0.28,0.0094259,1,0,0
0.12,0.28,0.010695,1,0,0
0.14,0.28,0.019528,1,0,0
0.16,0.28,0.017619,1,0,0
0.18,0.28,0.0046701,1,0,0
0.2,0.28,0.011957,1,0,0
0.22,0.28,0.019609,1,0,0
0.24,0.28,0.01422,1,0,0
0.26,0.28,0.015858,1,0,0
0.28,0.28,0.00324,1,0,0
0.3,0.28,-0.014545,1,0,0
0.32,0.28,-0.019468,1,0,0
0.34,0.28,-0.0082065,1,0,0
0.36,0.28,-0.0060518,1,0,0
0.38,0.28,0.0011366,1,0,0
0.4,0.28,0.020348,1,0,0
0.42,0.28,0.020125,1,0,0
0.44,0.28,0.025483,1,0,0
0.46,0.28,0.019603,1,0,0
0.48,0.28,0.025284,1,0,0
0.5,0.28,0.03438,1,0,0
0.52,0.28,0.033658,1,0,0
0.54,0.28,0.027042,1,0,0
0.56,0.28,0.028491,1,0,0
0.58,0.28,0.019938,1,0,0
0.6,0.28,0.014934,1,0,0
0.62,0.28,0.023252,1,0,0
0.64,0.28,0.032632,1,0,0
0.66,0.28,0.025377,1,0,0
0.68,0.28,0.041192,1,0,0
0.7,0.28,0.047308,1,0,0
0.72,0.28,0.045323,1,0,0
0.74,0.28,0.036953,1,0,0
0.76,0.28,0.033249,1,0,0
0.78,0.28,0.039459,1,0,0
0.8,0.28,0.04584,1,0,0
0.82,0.28,0.043001,1,0,0
0.84,0.28,0.044604,1,0,0
0.86,0.28,0.042358,1,0,0
0.88,0.28,0.058687,1,0,0
0.9,0.28,0.054988,1,0,0
0.92,0.28,0.055705,1,0,0
0.94,0.28,0.042591,1,0,0
0.96,0.28,0.026744,1,0,0
0.98,0.28,0.022084,1,0,0
0.02,0.3,-0.0027951,1,0,0
0.04,0.3,0.0089458,1,0,0
0.06,0.3,0.017642,1,0,0
0.08,0.3,0.022915,1,0,0
0.1,0.3,0.030067,1,0,0
0.12,0.3,0.033509,1,0,0
0.14,0.3,0.028308,1,0,0
0.16,0.3,0.025506,1,0,0
0.18,0.3,0.017215,1,0,0
0.2,0.3,0.011147,1,0,0
0.22,0.3,0.011007,1,0,0
0.24,0.3,0.015712,1,0,0
0.26,0.3,0.01795,1,0,0
0.28,0.3,0.021294,1,0,0
0.3,0.3,-0.0031936,1,0,0
0.32,0.3,-0.0064491,1,0,0
0.34,0.3,-0.0050068,1,0,0
0.36,0.3,-0.0019122,1,0,0
0.38,0.3,0.010033,1,0,0
0.4,0.3,0.016265,1,0,0
0.42,0.3,0.014615,1,0,0
0.44,0.3,0.01423,1,0,0
0.46,0.3,0.018143,1,0,0
0.48,0.3,0.019524,1,0,0
0.5,0.3,0.025836,1,0,0
0.52,0.3,0.025215,1,0,0
0.54,0.3,0.018647,1,0,0
0.56,0.3,0.023,1,0,0
0.58,0.3,0.022782,1,0,0
0.6,0.3,0.022755,1,0,0
0.62,0.3,0.025218,1,0,0
0.64,0.3,0.026909,1,0,0
0.66,0.3,0.021824,1,0,0
0.68,0.3,0.037145,1,0,0
0.7,0.3,0.044708,1,0,0
0.72,0.3,0.038166,1,0,0
0.74,0.3,0.024799,1,0,0
0.76,0.3,0.025396,1,0,0
0.78,0.3,0.038705,1,0,0
0.8,0.3,0.04406,1,0,0
0.82,0.3,0.03806,1,0,0
0.84,0.3,0.036632,1,0,0
0.86,0.3,0.048756,1,0,0
0.88,0.3,0.051659,1,0,0
0.9,0.3,0.062107,1,0,0
0.92,0.3,0.053808,1,0,0
0.94,0.3,0.039813,1,0,0
0.96,0.3,0.030063,1,0,0
0.98,0.3,0.03052,1,0,0
0.02,0.32,-0.013876,1,0,0
0.04,0.32,0.0060648,1,0,0
0.06,0.32,0.0015415,1,0,0
0.08,0.32,0.022404,1,0,0
0.1,0.32,0.031709,1,0,0
0.12,0.32,0.038661,1,0,0
0.14,0.32,0.033893,1,0,0
0.16,0.32,0.033532,1,0,0
0.18,0.32,0.019829,1,0,0
0.2,0.32,0.0091905,1,0,0
0.22,0.32,0.0091054,1,0,0
0.24,0.32,0.014056,1,0,0
0.26,0.32,0.01296,1,0,0
0.28,0.32,0.014839,1,0,0
0.3,0.32,0.002692,1,0,0
0.32,0.32,0.00011958,1,0,0
0.34,0.32,-0.0010741,1,0,0
0.36,0.32,0.0048584,1,0,0
0.38,0.32,0.010646,1,0,0
0.4,0.32,0.0097163,1,0,0
0.42,0.32,0.0010873,1,0,0
0.44,0.32,-0.00065179,1,0,0
0.46,0.32,0.0028504,1,0,0
0.48,0.32,0.0058383,1,0,0
0.5,0.32,0.010103,1,0,0
0.52,0.32,0.022181,1,0,0
0.54,0.32,0.017052,1,0,0
0.56,0.32,0.013834,1,0,0
0.58,0.32,0.0091501,1,0,0
0.6,0.32,0.0090314,1,0,0
0.62,0.32,0.015472,1,0,0
0.64,0.32,0.0064277,1,0,0
0.66,0.32,0.017111,1,0,0
0.68,0.32,0.021273,1,0,0
0.7,0.32,0.026447,1,0,0
0.72,0.32,0.026027,1,0,0
0.74,0.32,0.026054,1,0,0
0.76,0.32,0.026458,1,0,0
0.78,0.32,0.037607,1,0,0
0.8,0.32,0.040173,1,0,0
0.82,0.32,0.036864,1,0,0
0.84,0.32,0.029587,1,0,0
0.86,0.32,0.030456,1,0,0
0.88,0.32,0.039722,1,0,0
0.9,0.32,0.053229,1,0,0
0.92,0.32,0.048424,1,0,0
0.94,0.32,0.039394,1,0,0
0.96,0.32,0.033077,1,0,0
0.98,0.32,0.030541,1,0,0
0.02,0.34,-0.0067124,1,0,0
0.04,0.34,0.0018369,1,0,0
0.06,0.34,0.01261,1,0,0
0.08,0.34,0.025519,1,0,0
0.1,0.34,0.038898,1,0,0
0.12,0.34,0.045218,1,0,0
0.14,0.34,0.033691,1,0,0
0.16,0.34,0.037233,1,0,0
0.18,0.34,0.015978,1,0,0
0.2,0.34,0.011767,1,0,0
0.22,0.34,0.018334,1,0,0
0.24,0.34,0.02241,1,0,0
0.26,0.34,0.0099696,1,0,0
0.28,0.34,0.012935,1,0,0
0.3,0.34,0.008299,1,0,0
0.32,0.34,0.0079416,1,0,0
0.34,0.34,0.0089557,1,0,0
0.36,0.34,0.011264,1,0,0
0.38,0.34,0.0059818,1,0,0
0.4,0.34,0.0049993,1,0,0
0.42,0.34,-0.0044599,1,0,0
0.44,0.34,-0.0047454,1,0,0
0.46,0.34,-0.0039153,1,0,0
0.48,0.34,-0.0015021,1,0,0
0.5,0.34,0.0032587,1,0,0
0.52,0.34,0.007637,1,0,0
0.54,0.34,0.014632,1,0,0
0.56,0.34,-0.0051183,1,0,0
0.58,0.34,-0.011478,1,0,0
0.6,0.34,-0.0095897,1,0,0
0.62,0.34,-0.00092929,1,0,0
0.64,0.34,0.0085062,1,0,0
0.66,0.34,0.01493,1,0,0
0.68,0.34,0.016267,1,0,0
0.7,0.34,0.0071812,1,0,0
0.72,0.34,0.010792,1,0,0
0.74,0.34,0.027848,1,0,0
0.76,0.34,0.026797,1,0,0
0.78,0.34,0.0341,1,0,0
0.8,0.34,0.047904,1,0,0
0.82,0.34,0.048344,1,0,0
0.84,0.34,0.038647,1,0,0
0.86,0.34,0.028948,1,0,0
0.88,0.34,0.027962,1,0,0
0.9,0.34,0.038539,1,0,0
0.92,0.34,0.041398,1,0,0
0.94,0.34,0.037126,1,0,0
0.96,0.34,0.038446,1,0,0
0.98,0.34,0.035633,1,0,0
0.02,0.36,-0.009381,1,0,0
0.04,0.36,0.0066582,1,0,0
0.06,0.36,0.017666,1,0,0
0.08,0.36,0.032228,1,0,0
0.1,0.36,0.052468,1,0,0
0.12,0.36,0.049465,1,0,0
0.14,0.36,0.032001,1,0,0
0.16,0.36,0.019349,1,0,0
0.18,0.36,0.01304,1,0,0
0.2,0.36,0.009911,1,0,0
0.22,0.36,0.0068883,1,0,0
0.24,0.36,0.010214,1,0,0
0.26,0.36,0.011641,1,0,0
0.28,0.36,0.01315,1,0,0
0.3,0.36,0.015693,1,0,0
0.32,0.36,0.011223,1,0,0
0.34,0.36,0.0072245,1,0,0
0.36,0.36,0.0090822,1,0,0
0.38,0.36,0.003309,1,0,0
0.4,0.36,-0.0011803,1,0,0
0.42,0.36,-0.010656,1,0,0
0.44,0.36,-0.013706,1,0,0
0.46,0.36,-0.0098266,1,0,0
0.48,0.36,-0.0037291,1,0,0
0.5,0.36,-0.0019519,1,0,0
0.52,0.36,0.00022273,1,0,0
0.54,0.36,-0.0072787,1,0,0
0.56,0.36,-0.021105,1,0,0
0.58,0.36,-0.035549,1,0,0
0.6,0.36,-0.030579,1,0,0
0.62,0.36,-0.016574,1,0,0
0.64,0.36,0.0080738,1,0,0
0.66,0.36,0.01844,1,0,0
0.68,0.36,0.014298,1,0,0
0.7,0.36,0.00068991,1,0,0
0.72,0.36,0.009915,1,0,0
0.74,0.36,0.0128,1,0,0
0.76,0.36,0.020959,1,0,0
0.78,0.36,0.040862,1,0,0
0.8,0.36,0.044158,1,0,0
0.82,0.36,0.038998,1,0,0
0.84,0.36,0.036189,1,0,0
0.86,0.36,0.029217,1,0,0
0.88,0.36,0.023306,1,0,0
0.9,0.36,0.031246,1,0,0
0.92,0.36,0.03979,1,0,0
0.94,0.36,0.035974,1,0,0
0.96,0.36,0.030457,1,0,0
0.98,0.36,0.035941,1,0,0
0.02,0.38,0.0049657,1,0,0
0.04,0.38,0.010837,1,0,0
0.06,0.38,0.018317,1,0,0
0.08,0.38,0.037764,1,0,0
0.1,0.38,0.05394,1,0,0
0.12,0.38,0.049169,1,0,0
0.14,0.38,0.026815,1,0,0
0.16,0.38,0.0085989,1,0,0
0.18,0.38,0.01068,1,0,0
0.2,0.38,-0.0001725,1,0,0
0.22,0.38,0.00056554,1,0,0
0.24,0.38,-0.012863,1,0,0
0.26,0.38,-0.0054744,1,0,0
0.28,0.38,0.010447,1,0,0
0.3,0.38,0.0058268,1,0,0
0.32,0.38,0.00060826,1,0,0
0.34,0.38,0.0054276,1,0,0
0.36,0.38,0.0055677,1,0,0
0.38,0.38,-0.0039701,1,0,0
0.4,0.38,-0.013736,1,0,0
0.42,0.38,-0.015781,1,0,0
0.44,0.38,-0.02341,1,0,0
0.46,0.38,-0.026837,1,0,0
0.48,0.38,-0.011032,1,0,0
0.5,0.38,-0.022388,1,0,0
0.52,0.38,-0.022127,1,0,0
0.54,0.38,-0.026702,1,0,0
0.56,0.38,-0.027085,1,0,0
0.58,0.38,-0.046331,1,0,0
0.6,0.38,-0.041632,1,0,0
0.62,0.38,-0.021306,1,0,0
0.64,0.38,0.0004621,1,0,0
0.66,0.38,0.0068496,1,0,0
0.68,0.38,0.0061262,1,0,0
0.7,0.38,0.0034231,1,0,0
0.72,0.38,0.0013811,1,0,0
0.74,0.38,0.0043489,1,0,0
0.76,0.38,0.018208,1,0,0
0.78,0.38,0.021943,1,0,0
0.8,0.38,0.030693,1,0,0
0.82,0.38,0.016759,1,0,0
0.84,0.38,0.019621,1,0,0
0.86,0.38,0.02467,1,0,0
0.88,0.38,0.019631,1,0,0
0.9,0.38,0.025084,1,0,0
0.92,0.38,0.041817,1,0,0
0.94,0.38,0.037248,1,0,0
0.96,0.38,0.03661,1,0,0
0.98,0.38,0.025181,1,0,0
0.02,0.4,0.022197,1,0,0
0.04,0.4,0.022738,1,0,0
0.06,0.4,0.030294,1,0,0
0.08,0.4,0.038428,1,0,0
0.1,0.4,0.060164,1,0,0
0.12,0.4,0.052321,1,0,0
0.14,0.4,0.037004,1,0,0
0.16,0.4,0.014444,1,0,0
0.18,0.4,0.001113,1,0,0
0.2,0.4,-0.0055951,1,0,0
0.22,0.4,-0.018262,1,0,0
0.24,0.4,-0.015042,1,0,0
0.26,0.4,-0.0050567,1,0,0
0.28,0.4,0.0024225,1,0,0
0.3,0.4,0.00068516,1,0,0
0.32,0.4,-0.0040919,1,0,0
0.34,0.4,-0.012932,1,0,0
0.36,0.4,-0.010585,1,0,0
0.38,0.4,-0.013919,1,0,0
0.4,0.4,-0.020329,1,0,0
0.42,0.4,-0.028477,1,0,0
0.44,0.4,-0.027741,1,0,0
0.46,0.4,-0.02567,1,0,0
0.48,0.4,-0.027511,1,0,0
0.5,0.4,-0.02766,1,0,0
0.52,0.4,-0.027237,1,0,0
0.54,0.4,-0.029635,1,0,0
0.56,0.4,-0.031221,1,0,0
0.58,0.4,-0.040442,1,0,0
0.6,0.4,-0.037012,1,0,0
0.62,0.4,-0.021351,1,0,0
0.64,0.4,0.0070092,1,0,0
0.66,0.4,0.0083221,1,0,0
0.68,0.4,0.0071538,1,0,0
0.7,0.4,-0.0042607,1,0,0
0.72,0.4,0.0038234,1,0,0
0.74,0.4,0.0018224,1,0,0
0.76,0.4,0.0070106,1,0,0
0.78,0.4,0.0080911,1,0,0
0.8,0.4,0.0090917,1,0,0
0.82,0.4,0.007709,1,0,0
0.84,0.4,0.011417,1,0,0
0.86,0.4,0.013428,1,0,0
0.88,0.4,0.020809,1,0,0
0.9,0.4,0.030559,1,0,0
0.92,0.4,0.047693,1,0,0
0.94,0.4,0.043977,1,0,0
0.96,0.4,0.028515,1,0,0
0.98,0.4,0.024512,1,0,0
0.02,0.42,0.030162,1,0,0
0.04,0.42,0.031651,1,0,0
0.06,0.42,0.042423,1,0,0
0.08,0.42,0.055507,1,0,0
0.1,0.42,0.063904,1,0,0
0.12,0.42,0.05843,1,0,0
0.14,0.42,0.041468,1,0,0
0.16,0.42,0.02438,1,0,0
0.18,0.42,0.00069388,1,0,0
0.2,0.42,-0.010312,1,0,0
0.22,0.42,-0.013777,1,0,0
0.24,0.42,-0.012147,1,0,0
0.26,0.42,-0.004217,1,0,0
0.28,0.42,-0.0034413,1,0,0
0.3,0.42,-0.0086907,1,0,0
0.32,0.42,-0.018436,1,0,0
0.34,0.42,-0.030269,1,0,0
0.36,0.42,-0.032922,1,0,0
0.38,0.42,-0.031883,1,0,0
0.4,0.42,-0.033879,1,0,0
0.42,0.42,-0.043277,1,0,0
0.44,0.42,-0.025388,1,0,0
0.46,0.42,-0.019093,1,0,0
0.48,0.42,-0.016196,1,0,0
0.5,0.42,-0.020605,1,0,0
0.52,0.42,-0.019522,1,0,0
0.54,0.42,-0.020769,1,0,0
0.56,0.42,-0.022469,1,0,0
0.58,0.42,-0.026795,1,0,0
0.6,0.42,-0.025278,1,0,0
0.62,0.42,-0.013327,1,0,0
0.64,0.42,0.0084698,1,0,0
0.66,0.42,0.011081,1,0,0
0.68,0.42,0.013921,1,0,0
0.7,0.42,0.0057092,1,0,0
0.72,0.42,0.0001352,1,0,0
0.74,0.42,0.011689,1,0,0
0.76,0.42,0.0014502,1,0,0
0.78,0.42,-0.01022,1,0,0
0.8,0.42,-0.00080737,1,0,0
0.82,0.42,0.012349,1,0,0
0.84,0.42,0.0079779,1,0,0
0.86,0.42,0.0078992,1,0,0
0.88,0.42,0.017987,1,0,0
0.9,0.42,0.031676,1,0,0
0.92,0.42,0.044066,1,0,0
0.94,0.42,0.041332,1,0,0
0.96,0.42,0.032475,1,0,0
0.98,0.42,0.026923,1,0,0
0.02,0.44,0.044954,1,0,0
0.04,0.44,0.052686,1,0,0
0.06,0.44,0.051358,1,0,0
0.08,0.44,0.074623,1,0,0
0.1,0.44,0.073993,1,0,0
0.12,0.44,0.064729,1,0,0
0.14,0.44,0.052439,1,0,0
0.16,0.44,0.038198,1,0,0
0.18,0.44,0.020202,1,0,0
0.2,0.44,0.006912,1,0,0
0.22,0.44,-0.010111,1,0,0
0.24,0.44,-0.012976,1,0,0
0.26,0.44,-0.0075158,1,0,0
0.28,0.44,-0.00371,1,0,0
0.3,0.44,-0.02245,1,0,0
0.32,0.44,-0.02927,1,0,0
0.34,0.44,-0.043758,1,0,0
0.36,0.44,-0.03594,1,0,0
0.38,0.44,-0.025782,1,0,0
0.4,0.44,-0.034402,1,0,0
0.42,0.44,-0.04975,1,0,0
0.44,0.44,-0.03867,1,0,0
0.46,0.44,-0.022573,1,0,0
0.48,0.44,-0.011812,1,0,0
0.5,0.44,-0.0051365,1,0,0
0.52,0.44,0.0022153,1,0,0
0.54,0.44,-0.0033786,1,0,0
0.56,0.44,0.0014826,1,0,0
0.58,0.44,-0.0025645,1,0,0
0.6,0.44,-0.0085077,1,0,0
0.62,0.44,0.0033738,1,0,0
0.64,0.44,0.0057888,1,0,0
0.66,0.44,0.017673,1,0,0
0.68,0.44,0.021318,1,0,0
0.7,0.44,0.019921,1,0,0
0.72,0.44,0.0080722,1,0,0
0.74,0.44,0.010781,1,0,0
0.76,0.44,0.0081279,1,0,0
0.78,0.44,-0.0006486,1,0,0
0.8,0.44,0.0044463,1,0,0
0.82,0.44,0.010806,1,0,0
0.84,0.44,-0.0024455,1,0,0
0.86,0.44,0.0035762,1,0,0
0.88,0.44,0.022065,1,0,0
0.9,0.44,0.041604,1,0,0
0.92,0.44,0.048488,1,0,0
0.94,0.44,0.053746,1,0,0
0.96,0.44,0.042295,1,0,0
0.98,0.44,0.040172,1,0,0
0.02,0.46,0.058365,1,0,0
0.04,0.46,0.071428,1,0,0
0.06,0.46,0.079995,1,0,0
0.08,0.46,0.088561,1,0,0
0.1,0.46,0.085306,1,0,0
0.12,0.46,0.075836,1,0,0
0.14,0.46,0.053018,1,0,0
0.16,0.46,0.036172,1,0,0
0.18,0.46,0.024566,1,0,0
0.2,0.46,0.016805,1,0,0
0.22,0.46,-0.0068558,1,0,0
0.24,0.46,-0.01205,1,0,0
0.26,0.46,-0.010222,1,0,0
0.28,0.46,-0.0086568,1,0,0
0.3,0.46,-0.03188,1,0,0
0.32,0.46,-0.02889,1,0,0
0.34,0.46,-0.034075,1,0,0
0.36,0.46,-0.030628,1,0,0
0.38,0.46,-0.024606,1,0,0
0.4,0.46,-0.033335,1,0,0
0.42,0.46,-0.049314,1,0,0
0.44,0.46,-0.039254,1,0,0
0.46,0.46,-0.022495,1,0,0
0.48,0.46,-0.014479,1,0,0
0.5,0.46,0.0027392,1,0,0
0.52,0.46,0.010582,1,0,0
0.54,0.46,0.01148,1,0,0
0.56,0.46,0.022233,1,0,0
0.58,0.46,0.021828,1,0,0
0.6,0.46,0.011823,1,0,0
0.62,0.46,0.021985,1,0,0
0.64,0.46,0.029396,1,0,0
0.66,0.46,0.026135,1,0,0
0.68,0.46,0.03235,1,0,0
0.7,0.46,0.035042,1,0,0
0.72,0.46,0.020213,1,0,0
0.74,0.46,0.0094617,1,0,0
0.76,0.46,0.0046139,1,0,0
0.78,0.46,0.0045668,1,0,0
0.8,0.46,0.0073198,1,0,0
0.82,0.46,0.011067,1,0,0
0.84,0.46,0.0064481,1,0,0
0.86,0.46,0.020016,1,0,0
0.88,0.46,0.023625,1,0,0
0.9,0.46,0.044845,1,0,0
0.92,0.46,0.05756,1,0,0
0.94,0.46,0.067441,1,0,0
0.96,0.46,0.054332,1,0,0
0.98,0.46,0.057049,1,0,0
0.02,0.48,0.067198,1,0,0
0.04,0.48,0.083096,1,0,0
0.06,0.48,0.092248,1,0,0
0.08,0.48,0.097061,1,0,0
0.1,0.48,0.089829,1,0,0
0.12,0.48,0.079839,1,0,0
0.14,0.48,0.060097,1,0,0
0.16,0.48,0.037261,1,0,0
0.18,0.48,0.0078792,1,0,0
0.2,0.48,0.00054077,1,0,0
0.22,0.48,-0.0066822,1,0,0
0.24,0.48,-0.01828,1,0,0
0.26,0.48,-0.0091598,1,0,0
0.28,0.48,-0.013935,1,0,0
0.3,0.48,-0.025393,1,0,0
0.32,0.48,-0.034281,1,0,0
0.34,0.48,-0.029668,1,0,0
0.36,0.48,-0.03362,1,0,0
0.38,0.48,-0.037679,1,0,0
0.4,0.48,-0.034389,1,0,0
0.42,0.48,-0.043675,1,0,0
0.44,0.48,-0.03389,1,0,0
0.46,0.48,-0.034164,1,0,0
0.48,0.48,-0.015895,1,0,0
0.5,0.48,0.002009,1,0,0
0.52,0.48,0.012173,1,0,0
0.54,0.48,0.018515,1,0,0
0.56,0.48,0.029895,1,0,0
0.58,0.48,0.018281,1,0,0
0.6,0.48,0.012768,1,0,0
0.62,0.48,0.028873,1,0,0
0.64,0.48,0.043017,1,0,0
0.66,0.48,0.035686,1,0,0
0.68,0.48,0.039902,1,0,0
0.7,0.48,0.038471,1,0,0
0.72,0.48,0.023844,1,0,0
0.74,0.48,0.018707,1,0,0
0.76,0.48,0.005066,1,0,0
0.78,0.48,0.0023769,1,0,0
0.8,0.48,0.0027925,1,0,0
0.82,0.48,0.0096165,1,0,0
0.84,0.48,0.012249,1,0,0
0.86,0.48,0.021733,1,0,0
0.88,0.48,0.037419,1,0,0
0.9,0.48,0.048877,1,0,0
0.92,0.48,0.063328,1,0,0
0.94,0.48,0.067685,1,0,0
0.96,0.48,0.05471,1,0,0
0.98,0.48,0.054215,1,0,0
0.02,0.5,0.070629,1,0,0
0.04,0.5,0.079263,1,0,0
0.06,0.5,0.088774,1,0,0
0.08,0.5,0.084323,1,0,0
0.1,0.5,0.081782,1,0,0
0.12,0.5,0.071679,1,0,0
0.14,0.5,0.055323,1,0,0
0.16,0.5,0.032115,1,0,0
0.18,0.5,0.013732,1,0,0
0.2,0.5,0.00086253,1,0,0
0.22,0.5,-0.0072263,1,0,0
0.24,0.5,-0.014347,1,0,0
0.26,0.5,-0.02295,1,0,0
0.28,0.5,-0.025488,1,0,0
0.3,0.5,-0.031575,1,0,0
0.32,0.5,-0.030791,1,0,0
0.34,0.5,-0.037279,1,0,0
0.36,0.5,-0.043341,1,0,0
0.38,0.5,-0.042397,1,0,0
0.4,0.5,-0.040576,1,0,0
0.42,0.5,-0.038868,1,0,0
0.44,0.5,-0.030679,1,0,0
0.46,0.5,-0.027317,1,0,0
0.48,0.5,-0.02794,1,0,0
0.5,0.5,-0.010482,1,0,0
0.52,0.5,0.0083589,1,0,0
0.54,0.5,0.012463,1,0,0
0.56,0.5,0.026234,1,0,0
0.58,0.5,0.022509,1,0,0
0.6,0.5,0.016957,1,0,0
0.62,0.5,0.021042,1,0,0
0.64,0.5,0.029178,1,0,0
0.66,0.5,0.028649,1,0,0
0.68,0.5,0.034516,1,0,0
0.7,0.5,0.033059,1,0,0
0.72,0.5,0.040403,1,0,0
0.74,0.5,0.028334,1,0,0
0.76,0.5,0.01591,1,0,0
0.78,0.5,0.002593,1,0,0
0.8,0.5,0.0037825,1,0,0
0.82,0.5,0.0015638,1,0,0
0.84,0.5,0.01408,1,0,0
0.86,0.5,0.025549,1,0,0
0.88,0.5,0.03755,1,0,0
0.9,0.5,0.050224,1,0,0
0.92,0.5,0.05681,1,0,0
0.94,0.5,0.052636,1,0,0
0.96,0.5,0.055007,1,0,0
0.98,0.5,0.055398,1,0,0
0.02,0.52,0.089733,1,0,0
0.04,0.52,0.084841,1,0,0
0.06,0.52,0.081438,1,0,0
0.08,0.52,0.079065,1,0,0
0.1,0.52,0.08426,1,0,0
0.12,0.52,0.071232,1,0,0
0.14,0.52,0.055021,1,0,0
0.16,0.52,0.042802,1,0,0
0.18,0.52,0.028455,1,0,0
0.2,0.52,0.0072679,1,0,0
0.22,0.52,0.0035776,1,0,0
0.24,0.52,-0.0050371,1,0,0
0.26,0.52,-0.013641,1,0,0
0.28,0.52,-0.0076318,1,0,0
0.3,0.52,-0.01845,1,0,0
0.32,0.52,-0.026142,1,0,0
0.34,0.52,-0.039619,1,0,0
0.36,0.52,-0.046302,1,0,0
0.38,0.52,-0.039878,1,0,0
0.4,0.52,-0.033419,1,0,0
0.42,0.52,-0.024323,1,0,0
0.44,0.52,-0.01982,1,0,0
0.46,0.52,-0.015864,1,0,0
0.48,0.52,-0.013119,1,0,0
0.5,0.52,-0.0045057,1,0,0
0.52,0.52,0.014166,1,0,0
0.54,0.52,0.02254,1,0,0
0.56,0.52,0.025398,1,0,0
0.58,0.52,0.018588,1,0,0
0.6,0.52,0.026772,1,0,0
0.62,0.52,0.026859,1,0,0
0.64,0.52,0.025945,1,0,0
0.66,0.52,0.034022,1,0,0
0.68,0.52,0.049741,1,0,0
0.7,0.52,0.047221,1,0,0
0.72,0.52,0.049983,1,0,0
0.74,0.52,0.043684,1,0,0
0.76,0.52,0.037257,1,0,0
0.78,0.52,0.016941,1,0,0
0.8,0.52,0.017734,1,0,0
0.82,0.52,0.0048622,1,0,0
0.84,0.52,0.012801,1,0,0
0.86,0.52,0.03375,1,0,0
0.88,0.52,0.056212,1,0,0
0.9,0.52,0.064725,1,0,0
0.92,0.52,0.056844,1,0,0
0.94,0.52,0.047116,1,0,0
0.96,0.52,0.060567,1,0,0
0.98,0.52,0.056172,1,0,0
0.02,0.54,0.090236,1,0,0
0.04,0.54,0.09894,1,0,0
0.06,0.54,0.089412,1,0,0
0.08,0.54,0.083633,1,0,0
0.1,0.54,0.08796,1,0,0
0.12,0.54,0.075784,1,0,0
0.14,0.54,0.054949,1,0,0
0.16,0.54,0.047923,1,0,0
0.18,0.54,0.03225,1,0,0
0.2,0.54,0.017718,1,0,0
0.22,0.54,0.012515,1,0,0
0.24,0.54,0.0090647,1,0,0
0.26,0.54,0.0027388,1,0,0
0.28,0.54,-0.008946,1,0,0
0.3,0.54,-0.0078487,1,0,0
0.32,0.54,-0.02167,1,0,0
0.34,0.54,-0.033676,1,0,0
0.36,0.54,-0.046115,1,0,0
0.38,0.54,-0.051096,1,0,0
0.4,0.54,-0.031361,1,0,0
0.42,0.54,-0.020995,1,0,0
0.44,0.54,-0.003169,1,0,0
0.46,0.54,0.0019676,1,0,0
0.48,0.54,0.0014693,1,0,0
0.5,0.54,0.00083002,1,0,0
0.52,0.54,0.013037,1,0,0
0.54,0.54,0.017022,1,0,0
0.56,0.54,0.012959,1,0,0
0.58,0.54,0.0092336,1,0,0
0.6,0.54,0.022714,1,0,0
0.62,0.54,0.030253,1,0,0
0.64,0.54,0.033573,1,0,0
0.66,0.54,0.044508,1,0,0
0.68,0.54,0.059118,1,0,0
0.7,0.54,0.060541,1,0,0
0.72,0.54,0.061141,1,0,0
0.74,0.54,0.049774,1,0,0
0.76,0.54,0.028831,1,0,0
0.78,0.54,0.02287,1,0,0
0.8,0.54,0.017049,1,0,0
0.82,0.54,0.011186,1,0,0
0.84,0.54,0.026064,1,0,0
0.86,0.54,0.037937,1,0,0
0.88,0.54,0.056436,1,0,0
0.9,0.54,0.057422,1,0,0
0.92,0.54,0.058131,1,0,0
0.94,0.54,0.051089,1,0,0
0.96,0.54,0.058702,1,0,0
0.98,0.54,0.061588,1,0,0
0.02,0.56,0.094476,1,0,0
0.04,0.56,0.1057,1,0,0
0.06,0.56,0.099865,1,0,0
0.08,0.56,0.079003,1,0,0
0.1,0.56,0.075303,1,0,0
0.12,0.56,0.077289,1,0,0
0.14,0.56,0.065595,1,0,0
0.16,0.56,0.062017,1,0,0
0.18,0.56,0.038734,1,0,0
0.2,0.56,0.02328,1,0,0
0.22,0.56,0.015912,1,0,0
0.24,0.56,0.015256,1,0,0
0.26,0.56,0.0010767,1,0,0
0.28,0.56,-0.0028383,1,0,0
0.3,0.56,-0.015858,1,0,0
0.32,0.56,-0.017765,1,0,0
0.34,0.56,-0.025467,1,0,0
0.36,0.56,-0.032259,1,0,0
0.38,0.56,-0.037268,1,0,0
0.4,0.56,-0.022013,1,0,0
0.42,0.56,-0.0068516,1,0,0
0.44,0.56,-0.0018559,1,0,0
0.46,0.56,0.00085982,1,0,0
0.48,0.56,0.0056282,1,0,0
0.5,0.56,0.010121,1,0,0
0.52,0.56,0.010647,1,0,0
0.54,0.56,0.017035,1,0,0
0.56,0.56,0.0077272,1,0,0
0.58,0.56,0.0070461,1,0,0
0.6,0.56,0.018064,1,0,0
0.62,0.56,0.033665,1,0,0
0.64,0.56,0.050864,1,0,0
0.66,0.56,0.058002,1,0,0
0.68,0.56,0.064297,1,0,0
0.7,0.56,0.067458,1,0,0
0.72,0.56,0.065238,1,0,0
0.74,0.56,0.048809,1,0,0
0.76,0.56,0.030927,1,0,0
0.78,0.56,0.025138,1,0,0
0.8,0.56,0.021573,1,0,0
0.82,0.56,0.012278,1,0,0
0.84,0.56,0.01777,1,0,0
0.86,0.56,0.033826,1,0,0
0.88,0.56,0.035507,1,0,0
0.9,0.56,0.058219,1,0,0
0.92,0.56,0.064197,1,0,0
0.94,0.56,0.057051,1,0,0
0.96,0.56,0.056208,1,0,0
0.98,0.56,0.058733,1,0,0
0.02,0.58,0.087838,1,0,0
0.04,0.58,0.11049,1,0,0
0.06,0.58,0.098519,1,0,0
0.08,0.58,0.094165,1,0,0
0.1,0.58,0.076356,1,0,0
0.12,0.58,0.069958,1,0,0
0.14,0.58,0.069314,1,0,0
0.16,0.58,0.062166,1,0,0
0.18,0.58,0.041829,1,0,0
0.2,0.58,0.029197,1,0,0
0.22,0.58,0.018781,1,0,0
0.24,0.58,0.0067185,1,0,0
0.26,0.58,-0.0021195,1,0,0
0.28,0.58,0.0020524,1,0,0
0.3,0.58,-0.0064424,1,0,0
0.32,0.58,-0.012845,1,0,0
0.34,0.58,-0.014552,1,0,0
0.36,0.58,-0.013145,1,0,0
0.38,0.58,-0.023668,1,0,0
0.4,0.58,-0.015822,1,0,0
0.42,0.58,-0.00088857,1,0,0
0.44,0.58,0.00175,1,0,0
0.46,0.58,0.0077722,1,0,0
0.48,0.58,0.018557,1,0,0
0.5,0.58,0.013427,1,0,0
0.52,0.58,0.0091194,1,0,0
0.54,0.58,5.4382e-06,1,0,0
0.56,0.58,0.0082955,1,0,0
0.58,0.58,0.011315,1,0,0
0.6,0.58,0.023686,1,0,0
0.62,0.58,0.0412,1,0,0
0.64,0.58,0.046316,1,0,0
0.66,0.58,0.063852,1,0,0
0.68,0.58,0.070153,1,0,0
0.7,0.58,0.077791,1,0,0
0.72,0.58,0.068475,1,0,0
0.74,0.58,0.046026,1,0,0
0.76,0.58,0.026818,1,0,0
0.78,0.58,0.024787,1,0,0
0.8,0.58,0.021675,1,0,0
0.82,0.58,0.018025,1,0,0
0.84,0.58,0.010908,1,0,0
0.86,0.58,0.022338,1,0,0
0.88,0.58,0.027462,1,0,0
0.9,0.58,0.046987,1,0,0
0.92,0.58,0.050727,1,0,0
0.94,0.58,0.054539,1,0,0
0.96,0.58,0.051814,1,0,0
0.98,0.58,0.053165,1,0,0
0.02,0.6,0.090732,1,0,0
0.04,0.6,0.10025,1,0,0
0.06,0.6,0.09717,1,0,0
0.08,0.6,0.086063,1,0,0
0.1,0.6,0.079651,1,0,0
0.12,0.6,0.0785,1,0,0
0.14,0.6,0.069707,1,0,0
0.16,0.6,0.063168,1,0,0
0.18,0.6,0.041656,1,0,0
0.2,0.6,0.022569,1,0,0
0.22,0.6,0.0064163,1,0,0
0.24,0.6,0.00046115,1,0,0
0.26,0.6,0.0091238,1,0,0
0.28,0.6,0.015723,1,0,0
0.3,0.6,0.0064254,1,0,0
0.32,0.6,-0.0041804,1,0,0
0.34,0.6,-0.011835,1,0,0
0.36,0.6,-0.010436,1,0,0
0.38,0.6,-0.0063715,1,0,0
0.4,0.6,0.00055133,1,0,0
0.42,0.6,0.0036406,1,0,0
0.44,0.6,0.019547,1,0,0
0.46,0.6,0.024194,1,0,0
0.48,0.6,0.026904,1,0,0
0.5,0.6,0.022152,1,0,0
0.52,0.6,0.015239,1,0,0
0.54,0.6,0.00054502,1,0,0
0.56,0.6,-0.00056576,1,0,0
0.58,0.6,0.011316,1,0,0
0.6,0.6,0.025841,1,0,0
0.62,0.6,0.034266,1,0,0
0.64,0.6,0.053157,1,0,0
0.66,0.6,0.061993,1,0,0
0.68,0.6,0.070955,1,0,0
0.7,0.6,0.080811,1,0,0
0.72,0.6,0.064378,1,0,0
0.74,0.6,0.047542,1,0,0
0.76,0.6,0.03405,1,0,0
0.78,0.6,0.036732,1,0,0
0.8,0.6,0.032562,1,0,0
0.82,0.6,0.01915,1,0,0
0.84,0.6,0.0086921,1,0,0
0.86,0.6,0.016178,1,0,0
0.88,0.6,0.01786,1,0,0
0.9,0.6,0.029914,1,0,0
0.92,0.6,0.032633,1,0,0
0.94,0.6,0.024427,1,0,0
0.96,0.6,0.027251,1,0,0
0.98,0.6,0.036282,1,0,0
0.02,0.62,0.092459,1,0,0
0.04,0.62,0.085338,1,0,0
0.06,0.62,0.076101,1,0,0
0.08,0.62,0.070507,1,0,0
0.1,0.62,0.077658,1,0,0
0.12,0.62,0.065364,1,0,0
0.14,0.62,0.068382,1,0,0
0.16,0.62,0.061373,1,0,0
0.18,0.62,0.032043,1,0,0
0.2,0.62,0.018263,1,0,0
0.22,0.62,-0.0013489,1,0,0
0.24,0.62,-0.0045474,1,0,0
0.26,0.62,0.00016004,1,0,0
0.28,0.62,0.0052844,1,0,0
0.3,0.62,0.0046324,1,0,0
0.32,0.62,0.00713,1,0,0
0.34,0.62,0.0030147,1,0,0
0.36,0.62,0.0040828,1,0,0
0.38,0.62,0.0036608,1,0,0
0.4,0.62,0.016751,1,0,0
0.42,0.62,0.020771,1,0,0
0.44,0.62,0.03337,1,0,0
0.46,0.62,0.039856,1,0,0
0.48,0.62,0.028103,1,0,0
0.5,0.62,0.018202,1,0,0
0.52,0.62,0.0095965,1,0,0
0.54,0.62,0.0092318,1,0,0
0.56,0.62,0.009981,1,0,0
0.58,0.62,0.012456,1,0,0
0.6,0.62,0.025059,1,0,0
0.62,0.62,0.034726,1,0,0
0.64,0.62,0.043259,1,0,0
0.66,0.62,0.043562,1,0,0
0.68,0.62,0.063363,1,0,0
0.7,0.62,0.067682,1,0,0
0.72,0.62,0.068517,1,0,0
0.74,0.62,0.061722,1,0,0
0.76,0.62,0.052967,1,0,0
0.78,0.62,0.036955,1,0,0
0.8,0.62,0.033258,1,0,0
0.82,0.62,0.029472,1,0,0
0.84,0.62,0.012721,1,0,0
0.86,0.62,-0.00090904,1,0,0
0.88,0.62,0.0027396,1,0,0
0.9,0.62,-0.0024498,1,0,0
0.92,0.62,-0.0024365,1,0,0
0.94,0.62,0.0016448,1,0,0
0.96,0.62,0.0019428,1,0,0
0.98,0.62,0.0061962,1,0,0
0.02,0.64,0.089411,1,0,0
0.04,0.64,0.084234,1,0,0
0.06,0.64,0.071191,1,0,0
0.08,0.64,0.06824,1,0,0
0.1,0.64,0.07148,1,0,0
0.12,0.64,0.06804,1,0,0
0.14,0.64,0.062164,1,0,0
0.16,0.64,0.044713,1,0,0
0.18,0.64,0.02712,1,0,0
0.2,0.64,-0.00082632,1,0,0
0.22,0.64,-0.010427,1,0,0
0.24,0.64,-0.015087,1,0,0
0.26,0.64,-0.0015907,1,0,0
0.28,0.64,0.0027795,1,0,0
0.3,0.64,0.008661,1,0,0
0.32,0.64,0.022427,1,0,0
0.34,0.64,0.019441,1,0,0
0.36,0.64,0.016354,1,0,0
0.38,0.64,0.030471,1,0,0
0.4,0.64,0.039335,1,0,0
0.42,0.64,0.032577,1,0,0
0.44,0.64,0.040916,1,0,0
0.46,0.64,0.037884,1,0,0
0.48,0.64,0.025865,1,0,0
0.5,0.64,0.011513,1,0,0
0.52,0.64,0.020856,1,0,0
0.54,0.64,0.012236,1,0,0
0.56,0.64,0.019408,1,0,0
0.58,0.64,0.016525,1,0,0
0.6,0.64,0.020284,1,0,0
0.62,0.64,0.032514,1,0,0
0.64,0.64,0.046966,1,0,0
0.66,0.64,0.050385,1,0,0
0.68,0.64,0.0529,1,0,0
0.7,0.64,0.058562,1,0,0
0.72,0.64,0.062412,1,0,0
0.74,0.64,0.06509,1,0,0
0.76,0.64,0.062602,1,0,0
0.78,0.64,0.037424,1,0,0
0.8,0.64,0.035837,1,0,0
0.82,0.64,0.021296,1,0,0
0.84,0.64,0.007668,1,0,0
0.86,0.64,-0.0047889,1,0,0
0.88,0.64,-0.012158,1,0,0
0.9,0.64,-0.014612,1,0,0
0.92,0.64,-0.014046,1,0,0
0.94,0.64,-0.024037,1,0,0
0.96,0.64,-0.019235,1,0,0
0.98,0.64,-0.018026,1,0,0
0.02,0.66,0.068196,1,0,0
0.04,0.66,0.064892,1,0,0
0.06,0.66,0.067175,1,0,0
0.08,0.66,0.072401,1,0,0
0.1,0.66,0.073628,1,0,0
0.12,0.66,0.051275,1,0,0
0.14,0.66,0.033905,1,0,0
0.16,0.66,0.012181,1,0,0
0.18,0.66,-0.0010076,1,0,0
0.2,0.66,-0.0070808,1,0,0
0.22,0.66,-0.020846,1,0,0
0.24,0.66,-0.033669,1,0,0
0.26,0.66,-0.020073,1,0,0
0.28,0.66,-0.001931,1,0,0
0.3,0.66,0.0058492,1,0,0
0.32,0.66,0.018203,1,0,0
0.34,0.66,0.021869,1,0,0
0.36,0.66,0.027686,1,0,0
0.38,0.66,0.03633,1,0,0
0.4,0.66,0.039857,1,0,0
0.42,0.66,0.033017,1,0,0
0.44,0.66,0.037075,1,0,0
0.46,0.66,0.033766,1,0,0
0.48,0.66,0.020921,1,0,0
0.5,0.66,0.012808,1,0,0
0.52,0.66,0.0090391,1,0,0
0.54,0.66,0.0041184,1,0,0
0.56,0.66,0.017431,1,0,0
0.58,0.66,0.015016,1,0,0
0.6,0.66,0.018123,1,0,0
0.62,0.66,0.028607,1,0,0
0.64,0.66,0.046374,1,0,0
0.66,0.66,0.048614,1,0,0
0.68,0.66,0.052562,1,0,0
0.7,0.66,0.048603,1,0,0
0.72,0.66,0.047526,1,0,0
0.74,0.66,0.042864,1,0,0
0.76,0.66,0.04128,1,0,0
0.78,0.66,0.02564,1,0,0
0.8,0.66,0.020889,1,0,0
0.82,0.66,0.012168,1,0,0
0.84,0.66,-0.0013115,1,0,0
0.86,0.66,-0.012291,1,0,0
0.88,0.66,-0.023701,1,0,0
0.9,0.66,-0.038193,1,0,0
0.92,0.66,-0.047025,1,0,0
0.94,0.66,-0.046256,1,0,0
0.96,0.66,-0.044666,1,0,0
0.98,0.66,-0.036628,1,0,0
0.02,0.68,0.065497,1,0,0
0.04,0.68,0.059369,1,0,0
0.06,0.68,0.062665,1,0,0
0.08,0.68,0.062564,1,0,0
0.1,0.68,0.062007,1,0,0
0.12,0.68,0.047929,1,0,0
0.14,0.68,0.023341,1,0,0
0.16,0.68,0.0093798,1,0,0
0.18,0.68,-0.0055795,1,0,0
0.2,0.68,-0.0017636,1,0,0
0.22,0.68,-0.015481,1,0,0
0.24,0.68,-0.028681,1,0,0
0.26,0.68,-0.021756,1,0,0
0.28,0.68,-0.0040372,1,0,0
0.3,0.68,-0.0010677,1,0,0
0.32,0.68,0.0017996,1,0,0
0.34,0.68,0.01896,1,0,0
0.36,0.68,0.037934,1,0,0
0.38,0.68,0.04414,1,0,0
0.4,0.68,0.050427,1,0,0
0.42,0.68,0.038602,1,0,0
0.44,0.68,0.038074,1,0,0
0.46,0.68,0.028158,1,0,0
0.48,0.68,0.016338,1,0,0
0.5,0.68,0.020848,1,0,0
0.52,0.68,0.019092,1,0,0
0.54,0.68,0.021238,1,0,0
0.56,0.68,0.025797,1,0,0
0.58,0.68,0.018105,1,0,0
0.6,0.68,0.014993,1,0,0
0.62,0.68,0.032124,1,0,0
0.64,0.68,0.053347,1,0,0
0.66,0.68,0.05066,1,0,0
0.68,0.68,0.050102,1,0,0
0.7,0.68,0.041023,1,0,0
0.72,0.68,0.033746,1,0,0
0.74,0.68,0.037824,1,0,0
0.76,0.68,0.032609,1,0,0
0.78,0.68,0.026786,1,0,0
0.8,0.68,0.017784,1,0,0
0.82,0.68,0.0047525,1,0,0
0.84,0.68,-0.0082197,1,0,0
0.86,0.68,-0.019375,1,0,0
0.88,0.68,-0.033902,1,0,0
0.9,0.68,-0.04721,1,0,0
0.92,0.68,-0.0531,1,0,0
0.94,0.68,-0.054282,1,0,0
0.96,0.68,-0.057671,1,0,0
0.98,0.68,-0.05045,1,0,0
0.02,0.7,0.049876,1,0,0
0.04,0.7,0.061885,1,0,0
0.06,0.7,0.05466,1,0,0
0.08,0.7,0.055204,1,0,0
0.1,0.7,0.050535,1,0,0
0.12,0.7,0.04453,1,0,0
0.14,0.7,0.016203,1,0,0
0.16,0.7,0.0073749,1,0,0
0.18,0.7,0.0019947,1,0,0
0.2,0.7,0.0015812,1,0,0
0.22,0.7,-0.0039737,1,0,0
0.24,0.7,-0.01156,1,0,0
0.26,0.7,-0.011261,1,0,0
0.28,0.7,-0.0098764,1,0,0
0.3,0.7,-0.009635,1,0,0
0.32,0.7,0.0017476,1,0,0
0.34,0.7,0.015045,1,0,0
0.36,0.7,0.029957,1,0,0
0.38,0.7,0.040874,1,0,0
0.4,0.7,0.042107,1,0,0
0.42,0.7,0.035159,1,0,0
0.44,0.7,0.038391,1,0,0
0.46,0.7,0.031329,1,0,0
0.48,0.7,0.02543,1,0,0
0.5,0.7,0.02275,1,0,0
0.52,0.7,0.029424,1,0,0
0.54,0.7,0.033042,1,0,0
0.56,0.7,0.040168,1,0,0
0.58,0.7,0.027371,1,0,0
0.6,0.7,0.020608,1,0,0
0.62,0.7,0.0338,1,0,0
0.64,0.7,0.045446,1,0,0
0.66,0.7,0.05074,1,0,0
0.68,0.7,0.038677,1,0,0
0.7,0.7,0.039504,1,0,0
0.72,0.7,0.038105,1,0,0
0.74,0.7,0.037234,1,0,0
0.76,0.7,0.023549,1,0,0
0.78,0.7,0.015547,1,0,0
0.8,0.7,0.0060013,1,0,0
0.82,0.7,0.0003781,1,0,0
0.84,0.7,-0.0071168,1,0,0
0.86,0.7,-0.018285,1,0,0
0.88,0.7,-0.045932,1,0,0
0.9,0.7,-0.045659,1,0,0
0.92,0.7,-0.047108,1,0,0
0.94,0.7,-0.05383,1,0,0
0.96,0.7,-0.062189,1,0,0
0.98,0.7,-0.060236,1,0,0
0.02,0.72,0.046844,1,0,0
0.04,0.72,0.049381,1,0,0
0.06,0.72,0.041763,1,0,0
0.08,0.72,0.043524,1,0,0
0.1,0.72,0.044252,1,0,0
0.12,0.72,0.031387,1,0,0
0.14,0.72,0.011405,1,0,0
0.16,0.72,0.0092329,1,0,0
0.18,0.72,-0.0010551,1,0,0
0.2,0.72,-0.0070993,1,0,0
0.22,0.72,-0.0088033,1,0,0
0.24,0.72,0.0012477,1,0,0
0.26,0.72,-0.0050571,1,0,0
0.28,0.72,0.0027756,1,0,0
0.3,0.72,-0.0086916,1,0,0
0.32,0.72,-0.011144,1,0,0
0.34,0.72,-0.0070556,1,0,0
0.36,0.72,0.014154,1,0,0
0.38,0.72,0.029682,1,0,0
0.4,0.72,0.039721,1,0,0
0.42,0.72,0.035859,1,0,0
0.44,0.72,0.026607,1,0,0
0.46,0.72,0.034843,1,0,0
0.48,0.72,0.030231,1,0,0
0.5,0.72,0.027106,1,0,0
0.52,0.72,0.025243,1,0,0
0.54,0.72,0.032686,1,0,0
0.56,0.72,0.038892,1,0,0
0.58,0.72,0.026961,1,0,0
0.6,0.72,0.026781,1,0,0
0.62,0.72,0.040286,1,0,0
0.64,0.72,0.040835,1,0,0
0.66,0.72,0.046571,1,0,0
0.68,0.72,0.044392,1,0,0
0.7,0.72,0.02826,1,0,0
0.72,0.72,0.024853,1,0,0
0.74,0.72,0.024743,1,0,0
0.76,0.72,0.014296,1,0,0
0.78,0.72,0.0025384,1,0,0
0.8,0.72,0.0031057,1,0,0
0.82,0.72,-0.00017642,1,0,0
0.84,0.72,-0.013127,1,0,0
0.86,0.72,-0.02124,1,0,0
0.88,0.72,-0.037703,1,0,0
0.9,0.72,-0.034044,1,0,0
0.92,0.72,-0.049503,1,0,0
0.94,0.72,-0.064754,1,0,0
0.96,0.72,-0.07643,1,0,0
0.98,0.72,-0.074116,1,0,0
0.02,0.74,0.028662,1,0,0
0.04,0.74,0.02874,1,0,0
0.06,0.74,0.031608,1,0,0
0.08,0.74,0.026641,1,0,0
0.1,0.74,0.032798,1,0,0
0.12,0.74,0.021718,1,0,0
0.14,0.74,-0.004289,1,0,0
0.16,0.74,-0.0014102,1,0,0
0.18,0.74,-0.0061576,1,0,0
0.2,0.74,-0.013232,1,0,0
0.22,0.74,-0.019173,1,0,0
0.24,0.74,-0.015629,1,0,0
0.26,0.74,-0.010138,1,0,0
0.28,0.74,-0.010559,1,0,0
0.3,0.74,-0.015423,1,0,0
0.32,0.74,-0.022501,1,0,0
0.34,0.74,-0.019453,1,0,0
0.36,0.74,0.0032689,1,0,0
0.38,0.74,0.023841,1,0,0
0.4,0.74,0.028463,1,0,0
0.42,0.74,0.013349,1,0,0
0.44,0.74,0.017835,1,0,0
0.46,0.74,0.019643,1,0,0
0.48,0.74,0.018006,1,0,0
0.5,0.74,0.013187,1,0,0
0.52,0.74,0.008606,1,0,0
0.54,0.74,0.017323,1,0,0
0.56,0.74,0.021441,1,0,0
0.58,0.74,0.025572,1,0,0
0.6,0.74,0.030886,1,0,0
0.62,0.74,0.023999,1,0,0
0.64,0.74,0.023961,1,0,0
0.66,0.74,0.02796,1,0,0
0.68,0.74,0.029286,1,0,0
0.7,0.74,0.02213,1,0,0
0.72,0.74,0.013186,1,0,0
0.74,0.74,0.0059012,1,0,0
0.76,0.74,-0.0050948,1,0,0
0.78,0.74,-0.0069023,1,0,0
0.8,0.74,-0.0026078,1,0,0
0.82,0.74,-0.015058,1,0,0
0.84,0.74,-0.018669,1,0,0
0.86,0.74,-0.031345,1,0,0
0.88,0.74,-0.035905,1,0,0
0.9,0.74,-0.040442,1,0,0
0.92,0.74,-0.046996,1,0,0
0.94,0.74,-0.074384,1,0,0
0.96,0.74,-0.079652,1,0,0
0.98,0.74,-0.075266,1,0,0
0.02,0.76,0.024588,1,0,0
0.04,0.76,0.024921,1,0,0
0.06,0.76,0.020497,1,0,0
0.08,0.76,0.012978,1,0,0
0.1,0.76,0.015144,1,0,0
0.12,0.76,0.0076655,1,0,0
0.14,0.76,0.00060267,1,0,0
0.16,0.76,-0.011267,1,0,0
0.18,0.76,-0.021601,1,0,0
0.2,0.76,-0.028494,1,0,0
0.22,0.76,-0.026381,1,0,0
0.24,0.76,-0.025231,1,0,0
0.26,0.76,-0.017663,1,0,0
0.28,0.76,-0.018451,1,0,0
0.3,0.76,-0.020409,1,0,0
0.32,0.76,-0.031299,1,0,0
0.34,0.76,-0.015131,1,0,0
0.36,0.76,0.010784,1,0,0
0.38,0.76,0.017166,1,0,0
0.4,0.76,0.020492,1,0,0
0.42,0.76,0.011497,1,0,0
0.44,0.76,0.0058281,1,0,0
0.46,0.76,0.00056178,1,0,0
0.48,0.76,0.0006065,1,0,0
0.5,0.76,0.0026285,1,0,0
0.52,0.76,0.010625,1,0,0
0.54,0.76,0.010575,1,0,0
0.56,0.76,0.017642,1,0,0
0.58,0.76,0.0087821,1,0,0
0.6,0.76,0.016488,1,0,0
0.62,0.76,0.022627,1,0,0
0.64,0.76,0.025207,1,0,0
0.66,0.76,0.02204,1,0,0
0.68,0.76,0.021939,1,0,0
0.7,0.76,0.0065724,1,0,0
0.72,0.76,0.0034464,1,0,0
0.74,0.76,-0.0038284,1,0,0
0.76,0.76,-0.0076255,1,0,0
0.78,0.76,-0.0075075,1,0,0
0.8,0.76,-0.00027314,1,0,0
0.82,0.76,-0.012899,1,0,0
0.84,0.76,-0.023579,1,0,0
0.86,0.76,-0.034546,1,0,0
0.88,0.76,-0.037549,1,0,0
0.9,0.76,-0.040665,1,0,0
0.92,0.76,-0.043516,1,0,0
0.94,0.76,-0.061592,1,0,0
0.96,0.76,-0.077009,1,0,0
0.98,0.76,-0.085079,1,0,0
0.02,0.78,0.0075334,1,0,0
0.04,0.78,0.0098901,1,0,0
0.06,0.78,0.01442,1,0,0
0.08,0.78,0.0055957,1,0,0
0.1,0.78,0.0044101,1,0,0
0.12,0.78,-0.0018789,1,0,0
0.14,0.78,-0.010673,1,0,0
0.16,0.78,-0.027421,1,0,0
0.18,0.78,-0.034632,1,0,0
0.2,0.78,-0.036645,1,0,0
0.22,0.78,-0.030681,1,0,0
0.24,0.78,-0.031583,1,0,0
0.26,0.78,-0.031292,1,0,0
0.28,0.78,-0.030234,1,0,0
0.3,0.78,-0.037449,1,0,0
0.32,0.78,-0.024442,1,0,0
0.34,0.78,-0.013177,1,0,0
0.36,0.78,-3.1097e-05,1,0,0
0.38,0.78,0.0051077,1,0,0
0.4,0.78,0.0022554,1,0,0
0.42,0.78,0.0042308,1,0,0
0.44,0.78,-0.0014662,1,0,0
0.46,0.78,-0.006944,1,0,0
0.48,0.78,-0.0028672,1,0,0
0.5,0.78,0.00030444,1,0,0
0.52,0.78,0.0025809,1,0,0
0.54,0.78,-0.00037087,1,0,0
0.56,0.78,0.0036818,1,0,0
0.58,0.78,-0.004809,1,0,0
0.6,0.78,0.00087392,1,0,0
0.62,0.78,0.011714,1,0,0
0.64,0.78,0.0251,1,0,0
0.66,0.78,0.016593,1,0,0
0.68,0.78,0.0069779,1,0,0
0.7,0.78,-0.0028931,1,0,0
0.72,0.78,-0.0074601,1,0,0
0.74,0.78,-0.019342,1,0,0
0.76,0.78,-0.01009,1,0,0
0.78,0.78,-0.0095473,1,0,0
0.8,0.78,0.0083333,1,0,0
0.82,0.78,-0.0020512,1,0,0
0.84,0.78,-0.016695,1,0,0
0.86,0.78,-0.02805,1,0,0
0.88,0.78,-0.052691,1,0,0
0.9,0.78,-0.054437,1,0,0
0.92,0.78,-0.056234,1,0,0
0.94,0.78,-0.068169,1,0,0
0.96,0.78,-0.076737,1,0,0
0.98,0.78,-0.082724,1,0,0
0.02,0.8,0.0090058,1,0,0
0.04,0.8,0.0063803,1,0,0
0.06,0.8,-0.00042637,1,0,0
0.08,0.8,0.00099099,1,0,0
0.1,0.8,0.003314,1,0,0
0.12,0.8,-0.0014509,1,0,0
0.14,0.8,-0.0094043,1,0,0
0.16,0.8,-0.019562,1,0,0
0.18,0.8,-0.029109,1,0,0
0.2,0.8,-0.025864,1,0,0
0.22,0.8,-0.03255,1,0,0
0.24,0.8,-0.033073,1,0,0
0.26,0.8,-0.029895,1,0,0
0.28,0.8,-0.03984,1,0,0
0.3,0.8,-0.036062,1,0,0
0.32,0.8,-0.026821,1,0,0
0.34,0.8,-0.018275,1,0,0
0.36,0.8,-0.0078875,1,0,0
0.38,0.8,-0.00024992,1,0,0
0.4,0.8,0.012134,1,0,0
0.42,0.8,0.0015954,1,0,0
0.44,0.8,9.0858e-05,1,0,0
0.46,0.8,-0.0026136,1,0,0
0.48,0.8,0.0020311,1,0,0
0.5,0.8,0.010424,1,0,0
0.52,0.8,0.015055,1,0,0
0.54,0.8,0.0039523,1,0,0
0.56,0.8,0.0033946,1,0,0
0.58,0.8,-0.0059755,1,0,0
0.6,0.8,-0.0049197,1,0,0
0.62,0.8,0.011494,1,0,0
0.64,0.8,0.02364,1,0,0
0.66,0.8,0.017191,1,0,0
0.68,0.8,0.0060303,1,0,0
0.7,0.8,-0.0025072,1,0,0
0.72,0.8,-0.015643,1,0,0
0.74,0.8,-0.013336,1,0,0
0.76,0.8,0.00045164,1,0,0
0.78,0.8,0.017357,1,0,0
0.8,0.8,0.020369,1,0,0
0.82,0.8,0.0070236,1,0,0
0.84,0.8,-0.014555,1,0,0
0.86,0.8,-0.033111,1,0,0
0.88,0.8,-0.044263,1,0,0
0.9,0.8,-0.058279,1,0,0
0.92,0.8,-0.061305,1,0,0
0.94,0.8,-0.069426,1,0,0
0.96,0.8,-0.074047,1,0,0
0.98,0.8,-0.063623,1,0,0
0.02,0.82,0.017727,1,0,0
0.04,0.82,-0.0012119,1,0,0
0.06,0.82,-0.0083603,1,0,0
0.08,0.82,0.000941,1,0,0
0.1,0.82,0.0082751,1,0,0
0.12,0.82,0.0014527,1,0,0
0.14,0.82,-0.007856,1,0,0
0.16,0.82,-0.010328,1,0,0
0.18,0.82,-0.027471,1,0,0
0.2,0.82,-0.024305,1,0,0
0.22,0.82,-0.032801,1,0,0
0.24,0.82,-0.038635,1,0,0
0.26,0.82,-0.041873,1,0,0
0.28,0.82,-0.039925,1,0,0
0.3,0.82,-0.038777,1,0,0
0.32,0.82,-0.02293,1,0,0
0.34,0.82,-0.019018,1,0,0
0.36,0.82,-0.012243,1,0,0
0.38,0.82,-0.0032211,1,0,0
0.4,0.82,0.0061825,1,0,0
0.42,0.82,0.0016666,1,0,0
0.44,0.82,0.0080942,1,0,0
0.46,0.82,0.0068816,1,0,0
0.48,0.82,0.0055636,1,0,0
0.5,0.82,0.014883,1,0,0
0.52,0.82,0.020349,1,0,0
0.54,0.82,0.017828,1,0,0
0.56,0.82,0.0078177,1,0,0
0.58,0.82,0.0024723,1,0,0
0.6,0.82,0.0099354,1,0,0
0.62,0.82,0.016626,1,0,0
0.64,0.82,0.021601,1,0,0
0.66,0.82,0.013154,1,0,0
0.68,0.82,0.013849,1,0,0
0.7,0.82,0.0087408,1,0,0
0.72,0.82,-0.010577,1,0,0
0.74,0.82,0.00046244,1,0,0
0.76,0.82,0.0095692,1,0,0
0.78,0.82,0.01508,1,0,0
0.8,0.82,0.016377,1,0,0
0.82,0.82,0.0076381,1,0,0
0.84,0.82,-0.027214,1,0,0
0.86,0.82,-0.032516,1,0,0
0.88,0.82,-0.040307,1,0,0
0.9,0.82,-0.049093,1,0,0
0.92,0.82,-0.063366,1,0,0
0.94,0.82,-0.057464,1,0,0
0.96,0.82,-0.054178,1,0,0
0.98,0.82,-0.050958,1,0,0
0.02,0.84,0.02138,1,0,0
0.04,0.84,0.015003,1,0,0
0.06,0.84,-0.0031,1,0,0
0.08,0.84,0.00043074,1,0,0
0.1,0.84,0.0030583,1,0,0
0.12,0.84,0.0082347,1,0,0
0.14,0.84,0.0056678,1,0,0
0.16,0.84,-0.0094226,1,0,0
0.18,0.84,-0.031673,1,0,0
0.2,0.84,-0.034531,1,0,0
0.22,0.84,-0.04082,1,0,0
0.24,0.84,-0.0337,1,0,0
0.26,0.84,-0.036291,1,0,0
0.28,0.84,-0.039107,1,0,0
0.3,0.84,-0.043069,1,0,0
0.32,0.84,-0.024133,1,0,0
0.34,0.84,-0.028633,1,0,0
0.36,0.84,-0.022941,1,0,0
0.38,0.84,-0.011245,1,0,0
0.4,0.84,0.0019248,1,0,0
0.42,0.84,0.0076972,1,0,0
0.44,0.84,0.020058,1,0,0
0.46,0.84,0.019052,1,0,0
0.48,0.84,0.002294,1,0,0
0.5,0.84,0.010473,1,0,0
0.52,0.84,0.027594,1,0,0
0.54,0.84,0.01588,1,0,0
0.56,0.84,0.0071254,1,0,0
0.58,0.84,0.006939,1,0,0
0.6,0.84,0.013459,1,0,0
0.62,0.84,0.033164,1,0,0
0.64,0.84,0.03518,1,0,0
0.66,0.84,0.032954,1,0,0
0.68,0.84,0.016335,1,0,0
0.7,0.84,0.0078513,1,0,0
0.72,0.84,-0.0025708,1,0,0
0.74,0.84,-0.0025658,1,0,0
0.76,0.84,0.0035786,1,0,0
0.78,0.84,0.0025039,1,0,0
0.8,0.84,0.0035245,1,0,0
0.82,0.84,-0.0031569,1,0,0
0.84,0.84,-0.025827,1,0,0
0.86,0.84,-0.030966,1,0,0
0.88,0.84,-0.039283,1,0,0
0.9,0.84,-0.039705,1,0,0
0.92,0.84,-0.052003,1,0,0
0.94,0.84,-0.050303,1,0,0
0.96,0.84,-0.049721,1,0,0
0.98,0.84,-0.046183,1,0,0
0.02,0.86,0.017529,1,0,0
0.04,0.86,0.010711,1,0,0
0.06,0.86,0.0031867,1,0,0
0.08,0.86,0.0038701,1,0,0
0.1,0.86,-0.00041869,1,0,0
0.12,0.86,-2.119e-05,1,0,0
0.14,0.86,0.001289,1,0,0
0.16,0.86,-0.0068524,1,0,0
0.18,0.86,-0.02884,1,0,0
0.2,0.86,-0.032889,1,0,0
0.22,0.86,-0.029061,1,0,0
0.24,0.86,-0.037041,1,0,0
0.26,0.86,-0.036976,1,0,0
0.28,0.86,-0.037216,1,0,0
0.3,0.86,-0.042625,1,0,0
0.32,0.86,-0.037949,1,0,0
0.34,0.86,-0.030824,1,0,0
0.36,0.86,-0.026488,1,0,0
0.38,0.86,-0.01969,1,0,0
0.4,0.86,0.00132,1,0,0
0.42,0.86,0.011248,1,0,0
0.44,0.86,0.02357,1,0,0
0.46,0.86,0.021861,1,0,0
0.48,0.86,0.024419,1,0,0
0.5,0.86,0.024561,1,0,0
0.52,0.86,0.024105,1,0,0
0.54,0.86,0.013396,1,0,0
0.56,0.86,0.015156,1,0,0
0.58,0.86,0.012839,1,0,0
0.6,0.86,0.018531,1,0,0
0.62,0.86,0.032753,1,0,0
0.64,0.86,0.036843,1,0,0
0.66,0.86,0.03203,1,0,0
0.68,0.86,0.027941,1,0,0
0.7,0.86,0.025235,1,0,0
0.72,0.86,0.0097291,1,0,0
0.74,0.86,0.0041,1,0,0
0.76,0.86,-0.00063417,1,0,0
0.78,0.86,-0.0067407,1,0,0
0.8,0.86,-0.0020748,1,0,0
0.82,0.86,-0.011175,1,0,0
0.84,0.86,-0.029225,1,0,0
0.86,0.86,-0.034908,1,0,0
0.88,0.86,-0.036033,1,0,0
0.9,0.86,-0.034803,1,0,0
0.92,0.86,-0.040144,1,0,0
0.94,0.86,-0.04396,1,0,0
0.96,0.86,-0.042814,1,0,0
0.98,0.86,-0.042613,1,0,0
0.02,0.88,0.021222,1,0,0
0.04,0.88,0.014378,1,0,0
0.06,0.88,0.011418,1,0,0
0.08,0.88,-0.0086696,1,0,0
0.1,0.88,-0.0038602,1,0,0
0.12,0.88,-0.0079304,1,0,0
0.14,0.88,-0.0052468,1,0,0
0.16,0.88,-0.0043777,1,0,0
0.18,0.88,-0.011322,1,0,0
0.2,0.88,-0.012384,1,0,0
0.22,0.88,-0.018003,1,0,0
0.24,0.88,-0.024392,1,0,0
0.26,0.88,-0.020829,1,0,0
0.28,0.88,-0.027297,1,0,0
0.3,0.88,-0.039981,1,0,0
0.32,0.88,-0.044707,1,0,0
0.34,0.88,-0.033881,1,0,0
0.36,0.88,-0.021857,1,0,0
0.38,0.88,-0.0080614,1,0,0
0.4,0.88,0.012928,1,0,0
0.42,0.88,0.015753,1,0,0
0.44,0.88,0.022778,1,0,0
0.46,0.88,0.029635,1,0,0
0.48,0.88,0.038572,1,0,0
0.5,0.88,0.045631,1,0,0
0.52,0.88,0.034115,1,0,0
0.54,0.88,0.022214,1,0,0
0.56,0.88,0.023447,1,0,0
0.58,0.88,0.015852,1,0,0
0.6,0.88,0.020326,1,0,0
0.62,0.88,0.022293,1,0,0
0.64,0.88,0.039349,1,0,0
0.66,0.88,0.032502,1,0,0
0.68,0.88,0.040781,1,0,0
0.7,0.88,0.037871,1,0,0
0.72,0.88,0.030377,1,0,0
0.74,0.88,0.0091579,1,0,0
0.76,0.88,0.0063142,1,0,0
0.78,0.88,0.014192,1,0,0
0.8,0.88,0.0072663,1,0,0
0.82,0.88,-0.013592,1,0,0
0.84,0.88,-0.024688,1,0,0
0.86,0.88,-0.029332,1,0,0
0.88,0.88,-0.030327,1,0,0
0.9,0.88,-0.023893,1,0,0
0.92,0.88,-0.021824,1,0,0
0.94,0.88,-0.03256,1,0,0
0.96,0.88,-0.040385,1,0,0
0.98,0.88,-0.034074,1,0,0
0.02,0.9,0.0077381,1,0,0
0.04,0.9,0.0086918,1,0,0
0.06,0.9,-0.00096766,1,0,0
0.08,0.9,-0.016266,1,0,0
0.1,0.9,-0.015813,1,0,0
0.12,0.9,-0.021121,1,0,0
0.14,0.9,-0.024678,1,0,0
0.16,0.9,-0.017745,1,0,0
0.18,0.9,-0.01083,1,0,0
0.2,0.9,-0.014358,1,0,0
0.22,0.9,-0.0094004,1,0,0
0.24,0.9,-0.012694,1,0,0
0.26,0.9,-0.015876,1,0,0
0.28,0.9,-0.021159,1,0,0
0.3,0.9,-0.037039,1,0,0
0.32,0.9,-0.046788,1,0,0
0.34,0.9,-0.036159,1,0,0
0.36,0.9,-0.022117,1,0,0
0.38,0.9,-0.011488,1,0,0
0.4,0.9,0.0035908,1,0,0
0.42,0.9,0.010434,1,0,0
0.44,0.9,0.019897,1,0,0
0.46,0.9,0.032209,1,0,0
0.48,0.9,0.038621,1,0,0
0.5,0.9,0.035097,1,0,0
0.52,0.9,0.031939,1,0,0
0.54,0.9,0.016734,1,0,0
0.56,0.9,0.013495,1,0,0
0.58,0.9,0.0023732,1,0,0
0.6,0.9,0.0083241,1,0,0
0.62,0.9,0.016471,1,0,0
0.64,0.9,0.021321,1,0,0
0.66,0.9,0.029137,1,0,0
0.68,0.9,0.038314,1,0,0
0.7,0.9,0.037019,1,0,0
0.72,0.9,0.031997,1,0,0
0.74,0.9,0.011264,1,0,0
0.76,0.9,0.0048593,1,0,0
0.78,0.9,0.0052605,1,0,0
0.8,0.9,0.012653,1,0,0
0.82,0.9,-0.0075724,1,0,0
0.84,0.9,-0.011057,1,0,0
0.86,0.9,-0.022103,1,0,0
0.88,0.9,-0.028205,1,0,0
0.9,0.9,-0.025314,1,0,0
0.92,0.9,-0.02222,1,0,0
0.94,0.9,-0.037839,1,0,0
0.96,0.9,-0.037139,1,0,0
0.98,0.9,-0.044754,1,0,0
0.02,0.92,-0.0037218,1,0,0
0.04,0.92,-0.0015347,1,0,0
0.06,0.92,-0.014924,1,0,0
0.08,0.92,-0.025522,1,0,0
0.1,0.92,-0.022577,1,0,0
0.12,0.92,-0.025734,1,0,0
0.14,0.92,-0.02744,1,0,0
0.16,0.92,-0.015045,1,0,0
0.18,0.92,-0.01647,1,0,0
0.2,0.92,-0.01903,1,0,0
0.22,0.92,-0.0047199,1,0,0
0.24,0.92,-0.0022383,1,0,0
0.26,0.92,-0.0094723,1,0,0
0.28,0.92,-0.011576,1,0,0
0.3,0.92,-0.025206,1,0,0
0.32,0.92,-0.033423,1,0,0
0.34,0.92,-0.030564,1,0,0
0.36,0.92,-0.018107,1,0,0
0.38,0.92,-0.0071928,1,0,0
0.4,0.92,0.0021578,1,0,0
0.42,0.92,0.011854,1,0,0
0.44,0.92,0.021116,1,0,0
0.46,0.92,0.028122,1,0,0
0.48,0.92,0.027853,1,0,0
0.5,0.92,0.020683,1,0,0
0.52,0.92,0.023318,1,0,0
0.54,0.92,0.020155,1,0,0
0.56,0.92,0.0089079,1,0,0
0.58,0.92,-0.0063426,1,0,0
0.6,0.92,0.0028847,1,0,0
0.62,0.92,0.0083484,1,0,0
0.64,0.92,0.013617,1,0,0
0.66,0.92,0.029609,1,0,0
0.68,0.92,0.034594,1,0,0
0.7,0.92,0.029271,1,0,0
0.72,0.92,0.034267,1,0,0
0.74,0.92,0.028844,1,0,0
0.76,0.92,0.016427,1,0,0
0.78,0.92,0.0038108,1,0,0
0.8,0.92,0.010607,1,0,0
0.82,0.92,0.0051627,1,0,0
0.84,0.92,0.00014799,1,0,0
0.86,0.92,-0.0073843,1,0,0
0.88,0.92,-0.01461,1,0,0
0.9,0.92,-0.0082597,1,0,0
0.92,0.92,-0.017684,1,0,0
0.94,0.92,-0.034451,1,0,0
0.96,0.92,-0.036986,1,0,0
0.98,0.92,-0.051549,1,0,0
0.02,0.94,-0.021264,1,0,0
0.04,0.94,-0.023681,1,0,0
0.06,0.94,-0.027675,1,0,0
0.08,0.94,-0.032004,1,0,0
0.1,0.94,-0.020183,1,0,0
0.12,0.94,-0.019312,1,0,0
0.14,0.94,-0.027694,1,0,0
0.16,0.94,-0.010306,1,0,0
0.18,0.94,-0.0080903,1,0,0
0.2,0.94,-0.0037385,1,0,0
0.22,0.94,-0.00688,1,0,0
0.24,0.94,0.00041986,1,0,0
0.26,0.94,-0.0060755,1,0,0
0.28,0.94,-0.0040177,1,0,0
0.3,0.94,-0.003786,1,0,0
0.32,0.94,-0.013756,1,0,0
0.34,0.94,-0.019764,1,0,0
0.36,0.94,-0.011803,1,0,0
0.38,0.94,-0.0046042,1,0,0
0.4,0.94,0.0088167,1,0,0
0.42,0.94,0.0022127,1,0,0
0.44,0.94,0.00796,1,0,0
0.46,0.94,0.017616,1,0,0
0.48,0.94,0.0067049,1,0,0
0.5,0.94,0.0053013,1,0,0
0.52,0.94,0.0069405,1,0,0
0.54,0.94,0.01313,1,0,0
0.56,0.94,0.011399,1,0,0
0.58,0.94,0.0082169,1,0,0
0.6,0.94,0.0044159,1,0,0
0.62,0.94,-0.0015708,1,0,0
0.64,0.94,0.0041754,1,0,0
0.66,0.94,0.017019,1,0,0
0.68,0.94,0.026026,1,0,0
0.7,0.94,0.025377,1,0,0
0.72,0.94,0.038487,1,0,0
0.74,0.94,0.041818,1,0,0
0.76,0.94,0.021322,1,0,0
0.78,0.94,0.015196,1,0,0
0.8,0.94,0.0086084,1,0,0
0.82,0.94,0.0066051,1,0,0
0.84,0.94,0.0099899,1,0,0
0.86,0.94,0.010509,1,0,0
0.88,0.94,0.0063907,1,0,0
0.9,0.94,0.010869,1,0,0
0.92,0.94,-0.0026042,1,0,0
0.94,0.94,-0.025201,1,0,0
0.96,0.94,-0.0359,1,0,0
0.98,0.94,-0.035699,1,0,0
0.02,0.96,-0.032181,1,0,0
0.04,0.96,-0.035823,1,0,0
0.06,0.96,-0.044447,1,0,0
0.08,0.96,-0.02962,1,0,0
0.1,0.96,-0.015361,1,0,0
0.12,0.96,-0.0081822,1,0,0
0.14,0.96,-0.016266,1,0,0
0.16,0.96,-0.00078091,1,0,0
0.18,0.96,0.002181,1,0,0
0.2,0.96,0.01024,1,0,0
0.22,0.96,0.0096561,1,0,0
0.24,0.96,0.0049381,1,0,0
0.26,0.96,0.011798,1,0,0
0.28,0.96,0.025024,1,0,0
0.3,0.96,0.013959,1,0,0
0.32,0.96,-0.0001177,1,0,0
0.34,0.96,-0.0097902,1,0,0
0.36,0.96,-0.0083602,1,0,0
0.38,0.96,-0.0068419,1,0,0
0.4,0.96,0.0025847,1,0,0
0.42,0.96,0.0038128,1,0,0
0.44,0.96,0.0056008,1,0,0
0.46,0.96,0.0029488,1,0,0
0.48,0.96,0.006828,1,0,0
0.5,0.96,0.00030515,1,0,0
0.52,0.96,-0.00074931,1,0,0
0.54,0.96,0.016354,1,0,0
0.56,0.96,0.022325,1,0,0
0.58,0.96,0.012958,1,0,0
0.6,0.96,0.0059387,1,0,0
0.62,0.96,0.0091918,1,0,0
0.64,0.96,0.010734,1,0,0
0.66,0.96,0.020321,1,0,0
0.68,0.96,0.020557,1,0,0
0.7,0.96,0.031217,1,0,0
0.72,0.96,0.033113,1,0,0
0.74,0.96,0.042641,1,0,0
0.76,0.96,0.036835,1,0,0
0.78,0.96,0.029042,1,0,0
0.8,0.96,0.025694,1,0,0
0.82,0.96,0.023563,1,0,0
0.84,0.96,0.030687,1,0,0
0.86,0.96,0.038897,1,0,0
0.88,0.96,0.032542,1,0,0
0.9,0.96,0.023047,1,0,0
0.92,0.96,0.0071381,1,0,0
0.94,0.96,-0.013473,1,0,0
0.96,0.96,-0.026924,1,0,0
0.98,0.96,-0.030296,1,0,0
0.02,0.98,-0.046421,1,0,0
0.04,0.98,-0.041946,1,0,0
0.06,0.98,-0.045187,1,0,0
0.08,0.98,-0.03072,1,0,0
0.1,0.98,-0.011579,1,0,0
0.12,0.98,0.0026322,1,0,0
0.14,0.98,0.005619,1,0,0
0.16,0.98,0.0062402,1,0,0
0.18,0.98,0.020987,1,0,0
0.2,0.98,0.032159,1,0,0
0.22,0.98,0.025811,1,0,0
0.24,0.98,0.025028,1,0,0
0.26,0.98,0.031106,1,0,0
0.28,0.98,0.037248,1,0,0
0.3,0.98,0.025165,1,0,0
0.32,0.98,0.014484,1,0,0
0.34,0.98,0.0014549,1,0,0
0.36,0.98,-0.0052029,1,0,0
0.38,0.98,-0.014297,1,0,0
0.4,0.98,-0.012069,1,0,0
0.42,0.98,-0.0044814,1,0,0
0.44,0.98,0.0022882,1,0,0
0.46,0.98,0.0086144,1,0,0
0.48,0.98,0.0033549,1,0,0
0.5,0.98,0.0048785,1,0,0
0.52,0.98,0.016123,1,0,0
0.54,0.98,0.018656,1,0,0
0.56,0.98,0.031973,1,0,0
0.58,0.98,0.015462,1,0,0
0.6,0.98,0.00089008,1,0,0
0.62,0.98,0.011749,1,0,0
0.64,0.98,0.022454,1,0,0
0.66,0.98,0.020486,1,0,0
0.68,0.98,0.020772,1,0,0
0.7,0.98,0.032723,1,0,0
0.72,0.98,0.047546,1,0,0
0.74,0.98,0.048652,1,0,0
0.76,0.98,0.051,1,0,0
0.78,0.98,0.048375,1,0,0
0.8,0.98,0.044165,1,0,0
0.82,0.98,0.048287,1,0,0
0.84,0.98,0.057252,1,0,0
0.86,0.98,0.065991,1,0,0
0.88,0.98,0.039061,1,0,0
0.9,0.98,0.03313,1,0,0
0.92,0.98,0.021788,1,0,0
0.94,0.98,0.0085027,1,0,0
0.96,0.98,-0.014174,1,0,0
0.98,0.98,-0.018276,1,0,0
0,0,0.024351,-1,0,0
0.02,0,0.024351,-1,0,0
0.04,0,0.034604,-1,0,0
0.06,0,0.044025,-1,0,0
0.08,0,0.049242,-1,0,0
0.1,0,0.062148,-1,0,0
0.12,0,0.063638,-1,0,0
0.14,0,0.068951,-1,0,0
0.16,0,0.064372,-1,0,0
0.18,0,0.04965,-1,0,0
0.2,0,0.039143,-1,0,0
0.22,0,0.038206,-1,0,0
0.24,0,0.0302,-1,0,0
0.26,0,0.020564,-1,0,0
0.28,0,0.012364,-1,0,0
0.3,0,-0.005033,-1,0,0
0.32,0,-0.027195,-1,0,0
0.34,0,-0.027479,-1,0,0
0.36,0,-0.022489,-1,0,0
0.38,0,-0.033966,-1,0,0
0.4,0,-0.030119,-1,0,0
0.42,0,-0.029257,-1,0,0
0.44,0,-0.030804,-1,0,0
0.46,0,-0.027287,-1,0,0
0.48,0,-0.011329,-1,0,0
0.5,0,-0.0047491,-1,0,0
0.52,0,0.0037877,-1,0,0
0.54,0,0.0022342,-1,0,0
0.56,0,0.0027794,-1,0,0
0.58,0,-0.0009196,-1,0,0
0.6,0,0.0035154,-1,0,0
0.62,0,-0.0030725,-1,0,0
0.64,0,-0.013756,-1,0,0
0.66,0,-0.020443,-1,0,0
0.68,0,-0.015788,-1,0,0
0.7,0,-0.020036,-1,0,0
0.72,0,-0.022244,-1,0,0
0.74,0,-0.030435,-1,0,0
0.76,0,-0.025555,-1,0,0
0.78,0,-0.006992,-1,0,0
0.8,0,0.011761,-1,0,0
0.82,0,0.0050304,-1,0,0
0.84,0,0.0031557,-1,0,0
0.86,0,-0.00027512,-1,0,0
0.88,0,0.010205,-1,0,0
0.9,0,0.010848,-1,0,0
0.92,0,0.012991,-1,0,0
0.94,0,-0.00042578,-1,0,0
0.96,0,0.0013807,-1,0,0
0.98,0,0.0026931,-1,0,0
1,0,-0.0032743,-1,0,0
1,0.02,-0.0064823,-1,0,0
1,0.04,-0.0044201,-1,0,0
1,0.06,-0.0030644,-1,0,0
1,0.08,-0.010847,-1,0,0
1,0.1,-0.00086964,-1,0,0
1,0.12,0.0010282,-1,0,0
1,0.14,0.0054359,-1,0,0
1,0.16,0.014417,-1,0,0
1,0.18,0.029662,-1,0,0
1,0.2,0.017355,-1,0,0
1,0.22,0.010484,-1,0,0
1,0.24,0.0082071,-1,0,0
1,0.26,0.0074722,-1,0,0
1,0.28,0.020383,-1,0,0
1,0.3,0.028471,-1,0,0
1,0.32,0.021697,-1,0,0
1,0.34,0.017352,-1,0,0
1,0.36,0.01969,-1,0,0
1,0.38,0.014963,-1,0,0
1,0.4,0.016828,-1,0,0
1,0.42,0.021118,-1,0,0
1,0.44,0.04185,-1,0,0
1,0.46,0.05542,-1,0,0
1,0.48,0.056548,-1,0,0
1,0.5,0.049789,-1,0,0
1,0.52,0.04835,-1,0,0
1,0.54,0.042002,-1,0,0
1,0.56,0.037373,-1,0,0
1,0.58,0.033953,-1,0,0
1,0.6,0.022758,-1,0,0
1,0.62,0.0065886,-1,0,0
1,0.64,-0.0067512,-1,0,0
1,0.66,-0.027826,-1,0,0
1,0.68,-0.046332,-1,0,0
1,0.7,-0.054379,-1,0,0
1,0.72,-0.059012,-1,0,0
1,0.74,-0.073708,-1,0,0
1,0.76,-0.08102,-1,0,0
1,0.78,-0.077078,-1,0,0
1,0.8,-0.065893,-1,0,0
1,0.82,-0.062531,-1,0,0
1,0.84,-0.051178,-1,0,0
1,0.86,-0.04409,-1,0,0
1,0.88,-0.037101,-1,0,0
1,0.9,-0.046045,-1,0,0
1,0.92,-0.054516,-1,0,0
1,0.94,-0.054092,-1,0,0
1,0.96,-0.037297,-1,0,0
1,0.98,-0.023211,-1,0,0
1,1,-0.020716,-1,0,0
0.98,1,-0.010398,-1,0,0
0.96,1,0.0046592,-1,0,0
0.94,1,0.023253,-1,0,0
0.92,1,0.037581,-1,0,0
0.9,1,0.044046,-1,0,0
0.88,1,0.056774,-1,0,0
0.86,1,0.064927,-1,0,0
0.84,1,0.07039,-1,0,0
0.82,1,0.073774,-1,0,0
0.8,1,0.065341,-1,0,0
0.78,1,0.056222,-1,0,0
0.76,1,0.066247,-1,0,0
0.74,1,0.06022,-1,0,0
0.72,1,0.045097,-1,0,0
0.7,1,0.036336,-1,0,0
0.68,1,0.027487,-1,0,0
0.66,1,0.02091,-1,0,0
0.64,1,0.025017,-1,0,0
0.62,1,0.0072929,-1,0,0
0.6,1,0.006371,-1,0,0
0.58,1,0.014451,-1,0,0
0.56,1,0.027539,-1,0,0
0.54,1,0.022872,-1,0,0
0.52,1,0.0153,-1,0,0
0.5,1,0.007933,-1,0,0
0.48,1,0.0023017,-1,0,0
0.46,1,-0.003857,-1,0,0
0.44,1,-0.0055709,-1,0,0
0.42,1,-0.020234,-1,0,0
0.4,1,-0.015382,-1,0,0
0.38,1,-0.0090618,-1,0,0
0.36,1,-0.0028705,-1,0,0
0.34,1,0.006093,-1,0,0
0.32,1,0.019668,-1,0,0
0.3,1,0.029222,-1,0,0
0.28,1,0.037065,-1,0,0
0.26,1,0.037044,-1,0,0
0.24,1,0.029039,-1,0,0
0.22,1,0.040309,-1,0,0
0.2,1,0.041973,-1,0,0
0.18,1,0.03012,-1,0,0
0.16,1,0.02553,-1,0,0
0.14,1,0.013277,-1,0,0
0.12,1,-0.0026346,-1,0,0
0.1,1,-0.013646,-1,0,0
0.08,1,-0.032102,-1,0,0
0.06,1,-0.043681,-1,0,0
0.04,1,-0.050185,-1,0,0
0.02,1,-0.042658,-1,0,0
0,1,-0.051078,-1,0,0
0,0.98,-0.042174,-1,0,0
0,0.96,-0.022758,-1,0,0
0,0.94,-0.011248,-1,0,0
0,0.92,-0.0061121,-1,0,0
0,0.9,0.0095374,-1,0,0
0,0.88,0.027325,-1,0,0
0,0.86,0.024758,-1,0,0
0,0.84,0.027673,-1,0,0
0,0.82,0.024168,-1,0,0
0,0.8,0.017826,-1,0,0
0,0.78,0.0083375,-1,0,0
0,0.76,0.022906,-1,0,0
0,0.74,0.030431,-1,0,0
0,0.72,0.039751,-1,0,0
0,0.7,0.051492,-1,0,0
0,0.68,0.057686,-1,0,0
0,0.66,0.059,-1,0,0
0,0.64,0.074366,-1,0,0
0,0.62,0.067684,-1,0,0
0,0.6,0.080222,-1,0,0
0,0.58,0.083389,-1,0,0
0,0.56,0.084239,-1,0,0
0,0.54,0.084391,-1,0,0
0,0.52,0.08441,-1,0,0
0,0.5,0.065376,-1,0,0
0,0.48,0.051474,-1,0,0
0,0.46,0.043835,-1,0,0
0,0.44,0.032444,-1,0,0
0,0.42,0.014565,-1,0,0
0,0.4,0.0099509,-1,0,0
0,0.38,0.00021603,-1,0,0
0,0.36,-0.010055,-1,0,0
0,0.34,-0.014008,-1,0,0
0,0.32,-0.016152,-1,0,0
0,0.3,-0.01071,-1,0,0
0,0.28,-0.003031,-1,0,0
0,0.26,0.0031052,-1,0,0
0,0.24,0.0086209,-1,0,0
0,0.22,0.01969,-1,0,0
0,0.2,0.021581,-1,0,0
0,0.18,0.019722,-1,0,0
0,0.16,0.014754,-1,0,0
0,0.14,0.015289,-1,0,0
0,0.12,0.027185,-1,0,0
0,0.1,0.047539,-1,0,0
0,0.08,0.050926,-1,0,0
0,0.06,0.034755,-1,0,0
0,0.04,0.01541,-1,0,0
0,0.02,0.020193,-1,0,0
