0.02,0.02,-0.055059,1,0,0
0.04,0.02,-0.013948,1,0,0
0.06,0.02,0.0017478,1,0,0
0.08,0.02,-0.013635,1,0,0
0.1,0.02,0.002341,1,0,0
0.12,0.02,-0.0078246,1,0,0
0.14,0.02,-0.0069541,1,0,0
0.16,0.02,-0.022524,1,0,0
0.18,0.02,-0.0035237,1,0,0
0.2,0.02,-0.026471,1,0,0
0.22,0.02,-0.020975,1,0,0
0.24,0.02,-0.0079805,1,0,0
0.26,0.02,-0.033818,1,0,0
0.28,0.02,-0.025711,1,0,0
0.3,0.02,-0.04261,1,0,0
0.32,0.02,0.0050485,1,0,0
0.34,0.02,0.016588,1,0,0
0.36,0.02,1.1032e-05,1,0,0
0.38,0.02,-0.018582,1,0,0
0.4,0.02,-0.027058,1,0,0
0.42,0.02,-0.036727,1,0,0
0.44,0.02,-0.042196,1,0,0
0.46,0.02,-0.051806,1,0,0
0.48,0.02,-0.041886,1,0,0
0.5,0.02,-0.064432,1,0,0
0.52,0.02,-0.066404,1,0,0
0.54,0.02,-0.039408,1,0,0
0.56,0.02,-0.032391,1,0,0
0.58,0.02,-0.025419,1,0,0
0.6,0.02,-0.03826,1,0,0
0.62,0.02,-0.035305,1,0,0
0.64,0.02,-0.05732,1,0,0
0.66,0.02,-0.039293,1,0,0
0.68,0.02,-0.021515,1,0,0
0.7,0.02,-0.022938,1,0,0
0.72,0.02,-0.0041114,1,0,0
0.74,0.02,0.00064576,1,0,0
0.76,0.02,0.028934,1,0,0
0.78,0.02,0.02206,1,0,0
0.8,0.02,-0.0123,1,0,0
0.82,0.02,-0.034978,1,0,0
0.84,0.02,-0.031514,1,0,0
0.86,0.02,-0.023324,1,0,0
0.88,0.02,-0.025031,1,0,0
0.9,0.02,-0.018436,1,0,0
0.92,0.02,0.0052982,1,0,0
0.94,0.02,-0.017121,1,0,0
0.96,0.02,0.013405,1,0,0
0.98,0.02,0.024075,1,0,0
0.02,0.04,-0.035081,1,0,0
0.04,0.04,0.0046625,1,0,0
0.06,0.04,-0.0048951,1,0,0
0.08,0.04,-0.0045336,1,0,0
0.1,0.04,0.010918,1,0,0
0.12,0.04,0.026371,1,0,0
0.14,0.04,0.0030057,1,0,0
0.16,0.04,-0.001972,1,0,0
0.18,0.04,-0.016244,1,0,0
0.2,0.04,-0.015692,1,0,0
0.22,0.04,-0.0067693,1,0,0
0.24,0.04,0.0020694,1,0,0
0.26,0.04,-0.015912,1,0,0
0.28,0.04,-0.036746,1,0,0
0.3,0.04,-0.027889,1,0,0
0.32,0.04,-0.0027807,1,0,0
0.34,0.04,0.018014,1,0,0
0.36,0.04,0.0048548,1,0,0
0.38,0.04,-0.0030519,1,0,0
0.4,0.04,-0.0057041,1,0,0
0.42,0.04,0.0029949,1,0,0
0.44,0.04,-0.021846,1,0,0
0.46,0.04,-0.03626,1,0,0
0.48,0.04,-0.030142,1,0,0
0.5,0.04,-0.052043,1,0,0
0.52,0.04,-0.052524,1,0,0
0.54,0.04,-0.058262,1,0,0
0.56,0.04,-0.049307,1,0,0
0.58,0.04,-0.03962,1,0,0
0.6,0.04,-0.027742,1,0,0
0.62,0.04,-0.0202,1,0,0
0.64,0.04,-0.027837,1,0,0
0.66,0.04,-0.028443,1,0,0
0.68,0.04,-0.003863,1,0,0
0.7,0.04,-0.015563,1,0,0
0.72,0.04,0.02929,1,0,0
0.74,0.04,0.030302,1,0,0
0.76,0.04,0.020701,1,0,0
0.78,0.04,0.025946,1,0,0
0.8,0.04,-0.0033126,1,0,0
0.82,0.04,-0.04024,1,0,0
0.84,0.04,-0.018757,1,0,0
0.86,0.04,-0.008168,1,0,0
0.88,0.04,-0.0080576,1,0,0
0.9,0.04,-0.00083032,1,0,0
0.92,0.04,0.0033343,1,0,0
0.94,0.04,-0.023887,1,0,0
0.96,0.04,-0.024682,1,0,0
0.98,0.04,0.0031419,1,0,0
0.02,0.06,-0.027604,1,0,0
0.04,0.06,-0.021995,1,0,0
0.06,0.06,-0.00051069,1,0,0
0.08,0.06,0.0018948,1,0,0
0.1,0.06,-0.0065948,1,0,0
0.12,0.06,0.015906,1,0,0
0.14,0.06,0.0097716,1,0,0
0.16,0.06,7.536e-05,1,0,0
0.18,0.06,-0.010938,1,0,0
0.2,0.06,-0.01567,1,0,0
0.22,0.06,0.019241,1,0,0
0.24,0.06,-0.010259,1,0,0
0.26,0.06,-0.04189,1,0,0
0.28,0.06,-0.019557,1,0,0
0.3,0.06,0.0024198,1,0,0
0.32,0.06,-0.0081753,1,0,0
0.34,0.06,-0.0011141,1,0,0
0.36,0.06,-0.015036,1,0,0
0.38,0.06,-0.027137,1,0,0
0.4,0.06,-0.017124,1,0,0
0.42,0.06,-0.0081154,1,0,0
0.44,0.06,-0.015345,1,0,0
0.46,0.06,-0.02363,1,0,0
0.48,0.06,-0.037188,1,0,0
0.5,0.06,-0.036511,1,0,0
0.52,0.06,-0.061539,1,0,0
0.54,0.06,-0.056238,1,0,0
0.56,0.06,-0.058253,1,0,0
0.58,0.06,-0.048235,1,0,0
0.6,0.06,-0.02494,1,0,0
0.62,0.06,-0.031663,1,0,0
0.64,0.06,-0.033742,1,0,0
0.66,0.06,-0.025828,1,0,0
0.68,0.06,-0.0059548,1,0,0
0.7,0.06,-0.0033508,1,0,0
0.72,0.06,0.031968,1,0,0
0.74,0.06,0.026003,1,0,0
0.76,0.06,-0.015603,1,0,0
0.78,0.06,-0.010069,1,0,0
0.8,0.06,0.012593,1,0,0
0.82,0.06,-0.01326,1,0,0
0.84,0.06,0.0012641,1,0,0
0.86,0.06,0.010717,1,0,0
0.88,0.06,0.011574,1,0,0
0.9,0.06,0.0028224,1,0,0
0.92,0.06,0.0020333,1,0,0
0.94,0.06,-0.037128,1,0,0
0.96,0.06,-0.046789,1,0,0
0.98,0.06,-0.026037,1,0,0
0.02,0.08,-0.039202,1,0,0
0.04,0.08,-0.0095583,1,0,0
0.06,0.08,5.4436e-06,1,0,0
0.08,0.08,-0.021858,1,0,0
0.1,0.08,-0.00092844,1,0,0
0.12,0.08,-0.023145,1,0,0
0.14,0.08,0.0058687,1,0,0
0.16,0.08,0.0056055,1,0,0
0.18,0.08,0.014406,1,0,0
0.2,0.08,-0.0066714,1,0,0
0.22,0.08,0.019657,1,0,0
0.24,0.08,0.0015209,1,0,0
0.26,0.08,-0.022467,1,0,0
0.28,0.08,-0.014415,1,0,0
0.3,0.08,-0.0081679,1,0,0
0.32,0.08,-0.015506,1,0,0
0.34,0.08,-0.014622,1,0,0
0.36,0.08,0.0011931,1,0,0
0.38,0.08,0.0018181,1,0,0
0.4,0.08,-0.024433,1,0,0
0.42,0.08,-0.01262,1,0,0
0.44,0.08,-0.025781,1,0,0
0.46,0.08,-0.020126,1,0,0
0.48,0.08,-0.015352,1,0,0
0.5,0.08,-0.022712,1,0,0
0.52,0.08,-0.049748,1,0,0
0.54,0.08,-0.058233,1,0,0
0.56,0.08,-0.067386,1,0,0
0.58,0.08,-0.038319,1,0,0
0.6,0.08,-0.046242,1,0,0
0.62,0.08,-0.012649,1,0,0
0.64,0.08,-0.018126,1,0,0
0.66,0.08,-0.014846,1,0,0
0.68,0.08,-0.010249,1,0,0
0.7,0.08,-0.0178,1,0,0
0.72,0.08,0.016786,1,0,0
0.74,0.08,0.024914,1,0,0
0.76,0.08,0.0069641,1,0,0
0.78,0.08,0.0042923,1,0,0
0.8,0.08,-0.016865,1,0,0
0.82,0.08,-0.022904,1,0,0
0.84,0.08,0.0088215,1,0,0
0.86,0.08,0.0053924,1,0,0
0.88,0.08,9.4764e-05,1,0,0
0.9,0.08,0.0033767,1,0,0
0.92,0.08,-0.017635,1,0,0
0.94,0.08,-0.053615,1,0,0
0.96,0.08,-0.043367,1,0,0
0.98,0.08,-0.056406,1,0,0
0.02,0.1,-0.035466,1,0,0
0.04,0.1,-0.02244,1,0,0
0.06,0.1,-0.0042269,1,0,0
0.08,0.1,-0.005027,1,0,0
0.1,0.1,-0.024235,1,0,0
0.12,0.1,-0.033465,1,0,0
0.14,0.1,-0.022385,1,0,0
0.16,0.1,0.0064874,1,0,0
0.18,0.1,0.052941,1,0,0
0.2,0.1,0.033687,1,0,0
0.22,0.1,0.024808,1,0,0
0.24,0.1,-0.0048791,1,0,0
0.26,0.1,-0.01695,1,0,0
0.28,0.1,-0.014996,1,0,0
0.3,0.1,-0.010004,1,0,0
0.32,0.1,-0.023075,1,0,0
0.34,0.1,0.021218,1,0,0
0.36,0.1,-0.026539,1,0,0
0.38,0.1,-0.0049469,1,0,0
0.4,0.1,-0.025513,1,0,0
0.42,0.1,-0.026698,1,0,0
0.44,0.1,-0.03778,1,0,0
0.46,0.1,-0.014027,1,0,0
0.48,0.1,0.0022139,1,0,0
0.5,0.1,-0.018391,1,0,0
0.52,0.1,-0.048261,1,0,0
0.54,0.1,-0.069122,1,0,0
0.56,0.1,-0.060508,1,0,0
0.58,0.1,-0.044887,1,0,0
0.6,0.1,-0.031172,1,0,0
0.62,0.1,-0.0099898,1,0,0
0.64,0.1,-0.020287,1,0,0
0.66,0.1,-0.0074597,1,0,0
0.68,0.1,0.0044364,1,0,0
0.7,0.1,-0.011757,1,0,0
0.72,0.1,-0.0066669,1,0,0
0.74,0.1,0.012456,1,0,0
0.76,0.1,-0.0038972,1,0,0
0.78,0.1,-0.0060624,1,0,0
0.8,0.1,-0.018977,1,0,0
0.82,0.1,-0.0067034,1,0,0
0.84,0.1,-0.0074143,1,0,0
0.86,0.1,0.012,1,0,0
0.88,0.1,-0.015898,1,0,0
0.9,0.1,-0.020655,1,0,0
0.92,0.1,-0.0038349,1,0,0
0.94,0.1,-0.038278,1,0,0
0.96,0.1,-0.039223,1,0,0
0.98,0.1,-0.072942,1,0,0
0.02,0.12,-0.036158,1,0,0
0.04,0.12,-0.017107,1,0,0
0.06,0.12,-0.020799,1,0,0
0.08,0.12,-0.041503,1,0,0
0.1,0.12,0.00082343,1,0,0
0.12,0.12,-0.0016782,1,0,0
0.14,0.12,0.0046505,1,0,0
0.16,0.12,-0.0012219,1,0,0
0.18,0.12,0.034755,1,0,0
0.2,0.12,0.044428,1,0,0
0.22,0.12,0.032726,1,0,0
0.24,0.12,0.002753,1,0,0
0.26,0.12,0.01625,1,0,0
0.28,0.12,-0.020638,1,0,0
0.3,0.12,-0.009204,1,0,0
0.32,0.12,0.019737,1,0,0
0.34,0.12,0.0073549,1,0,0
0.36,0.12,-0.017352,1,0,0
0.38,0.12,-0.016647,1,0,0
0.4,0.12,-0.016548,1,0,0
0.42,0.12,-0.03096,1,0,0
0.44,0.12,-0.029422,1,0,0
0.46,0.12,-0.0061085,1,0,0
0.48,0.12,0.010443,1,0,0
0.5,0.12,0.01171,1,0,0
0.52,0.12,-0.027309,1,0,0
0.54,0.12,-0.053528,1,0,0
0.56,0.12,-0.063922,1,0,0
0.58,0.12,-0.055116,1,0,0
0.6,0.12,-0.048075,1,0,0
0.62,0.12,0.0048706,1,0,0
0.64,0.12,0.017678,1,0,0
0.66,0.12,-0.0084261,1,0,0
0.68,0.12,-0.0045885,1,0,0
0.7,0.12,-0.0053638,1,0,0
0.72,0.12,-0.0075526,1,0,0
0.74,0.12,0.0012378,1,0,0
0.76,0.12,-0.012887,1,0,0
0.78,0.12,-0.015558,1,0,0
0.8,0.12,-0.031989,1,0,0
0.82,0.12,-0.013444,1,0,0
0.84,0.12,0.015548,1,0,0
0.86,0.12,-0.0055783,1,0,0
0.88,0.12,-0.01181,1,0,0
0.9,0.12,-0.010232,1,0,0
0.92,0.12,-0.0089177,1,0,0
0.94,0.12,-0.029696,1,0,0
0.96,0.12,-0.070417,1,0,0
0.98,0.12,-0.073059,1,0,0
0.02,0.14,-0.050691,1,0,0
0.04,0.14,-0.044683,1,0,0
0.06,0.14,-0.028919,1,0,0
0.08,0.14,-0.020994,1,0,0
0.1,0.14,-0.014705,1,0,0
0.12,0.14,-0.0060877,1,0,0
0.14,0.14,0.013821,1,0,0
0.16,0.14,0.0026099,1,0,0
0.18,0.14,0.032558,1,0,0
0.2,0.14,0.045368,1,0,0
0.22,0.14,0.033322,1,0,0
0.24,0.14,-0.0054218,1,0,0
0.26,0.14,-0.0080528,1,0,0
0.28,0.14,0.0044098,1,0,0
0.3,0.14,0.0031338,1,0,0
0.32,0.14,0.023827,1,0,0
0.34,0.14,0.013009,1,0,0
0.36,0.14,-0.0126,1,0,0
0.38,0.14,-0.00045162,1,0,0
0.4,0.14,-0.0075547,1,0,0
0.42,0.14,-0.040039,1,0,0
0.44,0.14,-0.019266,1,0,0
0.46,0.14,0.0058137,1,0,0
0.48,0.14,0.0082019,1,0,0
0.5,0.14,-0.010998,1,0,0
0.52,0.14,-0.028311,1,0,0
0.54,0.14,-0.039187,1,0,0
0.56,0.14,-0.027845,1,0,0
0.58,0.14,-0.02604,1,0,0
0.6,0.14,-0.036664,1,0,0
0.62,0.14,-0.030303,1,0,0
0.64,0.14,-0.015689,1,0,0
0.66,0.14,-0.021831,1,0,0
0.68,0.14,-0.0089056,1,0,0
0.7,0.14,-0.014838,1,0,0
0.72,0.14,-0.011891,1,0,0
0.74,0.14,-0.0010671,1,0,0
0.76,0.14,-0.011002,1,0,0
0.78,0.14,-0.031944,1,0,0
0.8,0.14,-0.023094,1,0,0
0.82,0.14,-0.014475,1,0,0
0.84,0.14,-0.022948,1,0,0
0.86,0.14,-0.021209,1,0,0
0.88,0.14,-0.0092014,1,0,0
0.9,0.14,-0.022106,1,0,0
0.92,0.14,-0.011316,1,0,0
0.94,0.14,-0.025601,1,0,0
0.96,0.14,-0.04271,1,0,0
0.98,0.14,-0.056605,1,0,0
0.02,0.16,-0.047874,1,0,0
0.04,0.16,-0.03956,1,0,0
0.06,0.16,-0.052869,1,0,0
0.08,0.16,-0.014575,1,0,0
0.1,0.16,-0.021733,1,0,0
0.12,0.16,-0.021867,1,0,0
0.14,0.16,0.0092169,1,0,0
0.16,0.16,0.001378,1,0,0
0.18,0.16,-0.01185,1,0,0
0.2,0.16,0.023404,1,0,0
0.22,0.16,0.02679,1,0,0
0.24,0.16,0.012176,1,0,0
0.26,0.16,0.010646,1,0,0
0.28,0.16,0.0064751,1,0,0
0.3,0.16,-0.009351,1,0,0
0.32,0.16,-0.0016276,1,0,0
0.34,0.16,-0.0050292,1,0,0
0.36,0.16,-0.010396,1,0,0
0.38,0.16,0.017063,1,0,0
0.4,0.16,-0.031889,1,0,0
0.42,0.16,-0.036764,1,0,0
0.44,0.16,-0.0061749,1,0,0
0.46,0.16,-0.00016713,1,0,0
0.48,0.16,-0.0012996,1,0,0
0.5,0.16,-0.027203,1,0,0
0.52,0.16,-0.024678,1,0,0
0.54,0.16,-0.043577,1,0,0
0.56,0.16,-0.022159,1,0,0
0.58,0.16,-0.017083,1,0,0
0.6,0.16,-0.04037,1,0,0
0.62,0.16,-0.055264,1,0,0
0.64,0.16,-0.029903,1,0,0
0.66,0.16,-0.037978,1,0,0
0.68,0.16,-0.041288,1,0,0
0.7,0.16,-0.077811,1,0,0
0.72,0.16,-0.042612,1,0,0
0.74,0.16,-0.021541,1,0,0
0.76,0.16,0.0037897,1,0,0
0.78,0.16,-0.027433,1,0,0
0.8,0.16,-0.039142,1,0,0
0.82,0.16,-0.017723,1,0,0
0.84,0.16,-0.011581,1,0,0
0.86,0.16,0.010417,1,0,0
0.88,0.16,0.017345,1,0,0
0.9,0.16,-0.018593,1,0,0
0.92,0.16,-0.034547,1,0,0
0.94,0.16,-0.035571,1,0,0
0.96,0.16,-0.060477,1,0,0
0.98,0.16,-0.073212,1,0,0
0.02,0.18,-0.048505,1,0,0
0.04,0.18,-0.061773,1,0,0
0.06,0.18,-0.048829,1,0,0
0.08,0.18,-0.022871,1,0,0
0.1,0.18,-0.011854,1,0,0
0.12,0.18,-0.024766,1,0,0
0.14,0.18,-0.018066,1,0,0
0.16,0.18,-0.03127,1,0,0
0.18,0.18,-0.022081,1,0,0
0.2,0.18,-0.00013969,1,0,0
0.22,0.18,0.0041769,1,0,0
0.24,0.18,-0.0019338,1,0,0
0.26,0.18,0.0088682,1,0,0
0.28,0.18,0.016082,1,0,0
0.3,0.18,0.011738,1,0,0
0.32,0.18,0.024887,1,0,0
0.34,0.18,-0.0029691,1,0,0
0.36,0.18,-0.009943,1,0,0
0.38,0.18,-0.025025,1,0,0
0.4,0.18,-0.035027,1,0,0
0.42,0.18,-0.047341,1,0,0
0.44,0.18,-0.012283,1,0,0
0.46,0.18,-0.0089829,1,0,0
0.48,0.18,-0.0090958,1,0,0
0.5,0.18,6.6236e-06,1,0,0
0.52,0.18,-0.02755,1,0,0
0.54,0.18,-0.032254,1,0,0
0.56,0.18,-0.011218,1,0,0
0.58,0.18,-0.0036882,1,0,0
0.6,0.18,-0.061389,1,0,0
0.62,0.18,-0.075649,1,0,0
0.64,0.18,-0.072855,1,0,0
0.66,0.18,-0.085777,1,0,0
0.68,0.18,-0.067369,1,0,0
0.7,0.18,-0.071515,1,0,0
0.72,0.18,-0.066145,1,0,0
0.74,0.18,-0.052317,1,0,0
0.76,0.18,-0.021829,1,0,0
0.78,0.18,-0.040829,1,0,0
0.8,0.18,-0.037864,1,0,0
0.82,0.18,-0.020284,1,0,0
0.84,0.18,0.0077952,1,0,0
0.86,0.18,0.0077823,1,0,0
0.88,0.18,0.013123,1,0,0
0.9,0.18,-0.0059669,1,0,0
0.92,0.18,-0.017814,1,0,0
0.94,0.18,-0.041493,1,0,0
0.96,0.18,-0.08277,1,0,0
0.98,0.18,-0.081729,1,0,0
0.02,0.2,-0.0033802,1,0,0
0.04,0.2,-0.0077621,1,0,0
0.06,0.2,-0.022183,1,0,0
0.08,0.2,-0.0068393,1,0,0
0.1,0.2,-0.00014723,1,0,0
0.12,0.2,0.006419,1,0,0
0.14,0.2,0.0009125,1,0,0
0.16,0.2,-0.027119,1,0,0
0.18,0.2,-0.035196,1,0,0
0.2,0.2,0.009689,1,0,0
0.22,0.2,0.023512,1,0,0
0.24,0.2,0.0062109,1,0,0
0.26,0.2,0.021435,1,0,0
0.28,0.2,0.011999,1,0,0
0.3,0.2,0.010812,1,0,0
0.32,0.2,0.020771,1,0,0
0.34,0.2,0.017044,1,0,0
0.36,0.2,-0.0077165,1,0,0
0.38,0.2,0.00077391,1,0,0
0.4,0.2,-0.0025424,1,0,0
0.42,0.2,-0.0042341,1,0,0
0.44,0.2,-0.0096305,1,0,0
0.46,0.2,-0.0034565,1,0,0
0.48,0.2,0.0072079,1,0,0
0.5,0.2,0.0012186,1,0,0
0.52,0.2,-0.022763,1,0,0
0.54,0.2,-0.012686,1,0,0
0.56,0.2,-0.018904,1,0,0
0.58,0.2,-0.04653,1,0,0
0.6,0.2,-0.057335,1,0,0
0.62,0.2,-0.056285,1,0,0
0.64,0.2,-0.066321,1,0,0
0.66,0.2,-0.077317,1,0,0
0.68,0.2,-0.082822,1,0,0
0.7,0.2,-0.062371,1,0,0
0.72,0.2,-0.053086,1,0,0
0.74,0.2,-0.016259,1,0,0
0.76,0.2,-0.015902,1,0,0
0.78,0.2,-0.018215,1,0,0
0.8,0.2,-0.024011,1,0,0
0.82,0.2,0.0025535,1,0,0
0.84,0.2,0.014465,1,0,0
0.86,0.2,0.01092,1,0,0
0.88,0.2,0.03051,1,0,0
0.9,0.2,0.0052676,1,0,0
0.92,0.2,0.021525,1,0,0
0.94,0.2,-0.0082524,1,0,0
0.96,0.2,-0.044799,1,0,0
0.98,0.2,-0.064776,1,0,0
0.02,0.22,-0.044132,1,0,0
0.04,0.22,0.014283,1,0,0
0.06,0.22,0.0052975,1,0,0
0.08,0.22,-0.0085329,1,0,0
0.1,0.22,-0.0025603,1,0,0
0.12,0.22,-0.017098,1,0,0
0.14,0.22,-0.03133,1,0,0
0.16,0.22,-0.032134,1,0,0
0.18,0.22,0.0029123,1,0,0
0.2,0.22,0.0045312,1,0,0
0.22,0.22,0.0016882,1,0,0
0.24,0.22,0.0021015,1,0,0
0.26,0.22,-0.0014795,1,0,0
0.28,0.22,-0.0015206,1,0,0
0.3,0.22,0.0036429,1,0,0
0.32,0.22,0.0031853,1,0,0
0.34,0.22,-0.00072638,1,0,0
0.36,0.22,-0.017147,1,0,0
0.38,0.22,0.017427,1,0,0
0.4,0.22,-0.0097816,1,0,0
0.42,0.22,-0.0066284,1,0,0
0.44,0.22,-0.028244,1,0,0
0.46,0.22,-0.0043731,1,0,0
0.48,0.22,-0.007014,1,0,0
0.5,0.22,-0.026333,1,0,0
0.52,0.22,-0.049614,1,0,0
0.54,0.22,-0.045799,1,0,0
0.56,0.22,-0.041558,1,0,0
0.58,0.22,-0.044381,1,0,0
0.6,0.22,-0.081188,1,0,0
0.62,0.22,-0.068167,1,0,0
0.64,0.22,-0.079859,1,0,0
0.66,0.22,-0.08624,1,0,0
0.68,0.22,-0.079177,1,0,0
0.7,0.22,-0.064501,1,0,0
0.72,0.22,-0.049599,1,0,0
0.74,0.22,-0.040423,1,0,0
0.76,0.22,-0.026084,1,0,0
0.78,0.22,-0.015901,1,0,0
0.8,0.22,-0.031223,1,0,0
0.82,0.22,-0.013569,1,0,0
0.84,0.22,0.011373,1,0,0
0.86,0.22,0.0035548,1,0,0
0.88,0.22,-0.0061203,1,0,0
0.9,0.22,0.011923,1,0,0
0.92,0.22,0.026086,1,0,0
0.94,0.22,-0.017014,1,0,0
0.96,0.22,-0.015818,1,0,0
0.98,0.22,-0.037814,1,0,0
0.02,0.24,-0.029696,1,0,0
0.04,0.24,-0.016195,1,0,0
0.06,0.24,0.0054537,1,0,0
0.08,0.24,0.0053514,1,0,0
0.1,0.24,-0.0091978,1,0,0
0.12,0.24,-0.02729,1,0,0
0.14,0.24,-0.025343,1,0,0
0.16,0.24,-0.035389,1,0,0
0.18,0.24,-0.02335,1,0,0
0.2,0.24,-0.023053,1,0,0
0.22,0.24,0.0025342,1,0,0
0.24,0.24,0.011243,1,0,0
0.26,0.24,0.013748,1,0,0
0.28,0.24,0.023744,1,0,0
0.3,0.24,0.0080733,1,0,0
0.32,0.24,-0.0030711,1,0,0
0.34,0.24,-0.0097156,1,0,0
0.36,0.24,-0.018627,1,0,0
0.38,0.24,-0.009184,1,0,0
0.4,0.24,-0.0221,1,0,0
0.42,0.24,-0.033632,1,0,0
0.44,0.24,-0.038772,1,0,0
0.46,0.24,-0.025308,1,0,0
0.48,0.24,-0.024213,1,0,0
0.5,0.24,-0.019201,1,0,0
0.52,0.24,-0.050998,1,0,0
0.54,0.24,-0.047732,1,0,0
0.56,0.24,-0.080323,1,0,0
0.58,0.24,-0.071779,1,0,0
0.6,0.24,-0.072206,1,0,0
0.62,0.24,-0.072666,1,0,0
0.64,0.24,-0.094628,1,0,0
0.66,0.24,-0.066651,1,0,0
0.68,0.24,-0.070503,1,0,0
0.7,0.24,-0.077679,1,0,0
0.72,0.24,-0.049576,1,0,0
0.74,0.24,-0.02829,1,0,0
0.76,0.24,-0.029147,1,0,0
0.78,0.24,-0.043151,1,0,0
0.8,0.24,-0.034632,1,0,0
0.82,0.24,-0.023215,1,0,0
0.84,0.24,0.0058236,1,0,0
0.86,0.24,0.019089,1,0,0
0.88,0.24,0.016472,1,0,0
0.9,0.24,0.0036918,1,0,0
0.92,0.24,0.013018,1,0,0
0.94,0.24,-0.018579,1,0,0
0.96,0.24,-0.034195,1,0,0
0.98,0.24,-0.055758,1,0,0
0.02,0.26,-0.012289,1,0,0
0.04,0.26,-0.0024149,1,0,0
0.06,0.26,0.00070763,1,0,0
0.08,0.26,0.00054523,1,0,0
0.1,0.26,-0.018079,1,0,0
0.12,0.26,-0.015517,1,0,0
0.14,0.26,-0.037202,1,0,0
0.16,0.26,-0.021137,1,0,0
0.18,0.26,-0.030921,1,0,0
0.2,0.26,-0.011419,1,0,0
0.22,0.26,0.013311,1,0,0
0.24,0.26,0.016998,1,0,0
0.26,0.26,0.022329,1,0,0
0.28,0.26,0.016694,1,0,0
0.3,0.26,0.033418,1,0,0
0.32,0.26,0.003678,1,0,0
0.34,0.26,-0.013934,1,0,0
0.36,0.26,-0.029143,1,0,0
0.38,0.26,-0.036232,1,0,0
0.4,0.26,-0.030325,1,0,0
0.42,0.26,-0.023997,1,0,0
0.44,0.26,-0.043036,1,0,0
0.46,0.26,-0.050422,1,0,0
0.48,0.26,-0.057577,1,0,0
0.5,0.26,-0.040449,1,0,0
0.52,0.26,-0.043151,1,0,0
0.54,0.26,-0.06269,1,0,0
0.56,0.26,-0.061841,1,0,0
0.58,0.26,-0.06018,1,0,0
0.6,0.26,-0.060088,1,0,0
0.62,0.26,-0.079198,1,0,0
0.64,0.26,-0.094237,1,0,0
0.66,0.26,-0.095067,1,0,0
0.68,0.26,-0.061465,1,0,0
0.7,0.26,-0.059062,1,0,0
0.72,0.26,-0.030996,1,0,0
0.74,0.26,-0.016945,1,0,0
0.76,0.26,-0.049967,1,0,0
0.78,0.26,-0.036628,1,0,0
0.8,0.26,-0.010372,1,0,0
0.82,0.26,-0.0088047,1,0,0
0.84,0.26,0.02462,1,0,0
0.86,0.26,0.014099,1,0,0
0.88,0.26,0.013379,1,0,0
0.9,0.26,0.01399,1,0,0
0.92,0.26,0.01333,1,0,0
0.94,0.26,0.00052336,1,0,0
0.96,0.26,-0.021555,1,0,0
0.98,0.26,-0.039653,1,0,0
0.02,0.28,0.0072193,1,0,0
0.04,0.28,0.023403,1,0,0
0.06,0.28,0.003106,1,0,0
0.08,0.28,-0.018626,1,0,0
0.1,0.28,-0.017062,1,0,0
0.12,0.28,-0.0068906,1,0,0
0.14,0.28,-0.012028,1,0,0
0.16,0.28,-0.03313,1,0,0
0.18,0.28,-0.019953,1,0,0
0.2,0.28,-0.022737,1,0,0
0.22,0.28,0.018248,1,0,0
0.24,0.28,0.038844,1,0,0
0.26,0.28,0.019969,1,0,0
0.28,0.28,0.038781,1,0,0
0.3,0.28,0.019135,1,0,0
0.32,0.28,0.012078,1,0,0
0.34,0.28,0.00018391,1,0,0
0.36,0.28,-0.013222,1,0,0
0.38,0.28,-0.013669,1,0,0
0.4,0.28,-0.0033663,1,0,0
0.42,0.28,-0.015526,1,0,0
0.44,0.28,-0.030698,1,0,0
0.46,0.28,-0.055749,1,0,0
0.48,0.28,-0.052949,1,0,0
0.5,0.28,-0.046239,1,0,0
0.52,0.28,-0.052921,1,0,0
0.54,0.28,-0.05586,1,0,0
0.56,0.28,-0.046545,1,0,0
0.58,0.28,-0.058616,1,0,0
0.6,0.28,-0.057592,1,0,0
0.62,0.28,-0.062607,1,0,0
0.64,0.28,-0.06487,1,0,0
0.66,0.28,-0.077366,1,0,0
0.68,0.28,-0.06169,1,0,0
0.7,0.28,-0.053935,1,0,0
0.72,0.28,-0.0091105,1,0,0
0.74,0.28,-0.028239,1,0,0
0.76,0.28,-0.023105,1,0,0
0.78,0.28,-0.019478,1,0,0
0.8,0.28,0.0073968,1,0,0
0.82,0.28,0.00072794,1,0,0
0.84,0.28,0.01762,1,0,0
0.86,0.28,0.032676,1,0,0
0.88,0.28,0.015472,1,0,0
0.9,0.28,0.016655,1,0,0
0.92,0.28,0.0084467,1,0,0
0.94,0.28,-0.0099178,1,0,0
0.96,0.28,-0.013482,1,0,0
0.98,0.28,-0.004665,1,0,0
0.02,0.3,-0.0098226,1,0,0
0.04,0.3,0.0079697,1,0,0
0.06,0.3,0.0092984,1,0,0
0.08,0.3,-0.014641,1,0,0
0.1,0.3,-0.0028829,1,0,0
0.12,0.3,-0.017604,1,0,0
0.14,0.3,-0.0039742,1,0,0
0.16,0.3,-0.02662,1,0,0
0.18,0.3,-0.030264,1,0,0
0.2,0.3,-0.028005,1,0,0
0.22,0.3,-0.0047366,1,0,0
0.24,0.3,0.0071431,1,0,0
0.26,0.3,0.016515,1,0,0
0.28,0.3,0.027658,1,0,0
0.3,0.3,0.0149,1,0,0
0.32,0.3,0.035136,1,0,0
0.34,0.3,0.026693,1,0,0
0.36,0.3,0.002972,1,0,0
0.38,0.3,-0.024879,1,0,0
0.4,0.3,-0.020292,1,0,0
0.42,0.3,-0.037207,1,0,0
0.44,0.3,-0.043925,1,0,0
0.46,0.3,-0.041785,1,0,0
0.48,0.3,-0.025908,1,0,0
0.5,0.3,-0.057365,1,0,0
0.52,0.3,-0.043549,1,0,0
0.54,0.3,-0.050251,1,0,0
0.56,0.3,-0.038094,1,0,0
0.58,0.3,-0.06193,1,0,0
0.6,0.3,-0.076685,1,0,0
0.62,0.3,-0.072505,1,0,0
0.64,0.3,-0.077497,1,0,0
0.66,0.3,-0.066301,1,0,0
0.68,0.3,-0.036628,1,0,0
0.7,0.3,-0.043598,1,0,0
0.72,0.3,-0.036819,1,0,0
0.74,0.3,-0.021866,1,0,0
0.76,0.3,-0.028077,1,0,0
0.78,0.3,-0.0057941,1,0,0
0.8,0.3,0.0057485,1,0,0
0.82,0.3,0.0047917,1,0,0
0.84,0.3,0.023138,1,0,0
0.86,0.3,0.034518,1,0,0
0.88,0.3,0.03099,1,0,0
0.9,0.3,0.02393,1,0,0
0.92,0.3,0.016682,1,0,0
0.94,0.3,0.0056391,1,0,0
0.96,0.3,0.025003,1,0,0
0.98,0.3,0.013101,1,0,0
0.02,0.32,0.016591,1,0,0
0.04,0.32,0.0018364,1,0,0
0.06,0.32,-0.0031228,1,0,0
0.08,0.32,-0.018413,1,0,0
0.1,0.32,-0.019278,1,0,0
0.12,0.32,-0.010996,1,0,0
0.14,0.32,-0.022366,1,0,0
0.16,0.32,-0.025793,1,0,0
0.18,0.32,-0.030721,1,0,0
0.2,0.32,-0.035976,1,0,0
0.22,0.32,-0.0125,1,0,0
0.24,0.32,-0.0009772,1,0,0
0.26,0.32,0.011864,1,0,0
0.28,0.32,-0.0066683,1,0,0
0.3,0.32,0.011372,1,0,0
0.32,0.32,0.030414,1,0,0
0.34,0.32,0.049083,1,0,0
0.36,0.32,0.015748,1,0,0
0.38,0.32,0.0080084,1,0,0
0.4,0.32,-0.0040728,1,0,0
0.42,0.32,-0.03134,1,0,0
0.44,0.32,-0.029952,1,0,0
0.46,0.32,-0.031575,1,0,0
0.48,0.32,-0.036375,1,0,0
0.5,0.32,-0.022801,1,0,0
0.52,0.32,-0.035947,1,0,0
0.54,0.32,-0.054866,1,0,0
0.56,0.32,-0.044818,1,0,0
0.58,0.32,-0.06657,1,0,0
0.6,0.32,-0.061558,1,0,0
0.62,0.32,-0.069516,1,0,0
0.64,0.32,-0.060158,1,0,0
0.66,0.32,-0.062492,1,0,0
0.68,0.32,-0.038638,1,0,0
0.7,0.32,-0.03541,1,0,0
0.72,0.32,-0.06127,1,0,0
0.74,0.32,-0.034351,1,0,0
0.76,0.32,-0.0088778,1,0,0
0.78,0.32,0.012917,1,0,0
0.8,0.32,0.011326,1,0,0
0.82,0.32,0.018974,1,0,0
0.84,0.32,0.029331,1,0,0
0.86,0.32,0.026214,1,0,0
0.88,0.32,0.022121,1,0,0
0.9,0.32,0.034385,1,0,0
0.92,0.32,0.030208,1,0,0
0.94,0.32,0.006269,1,0,0
0.96,0.32,0.029785,1,0,0
0.98,0.32,0.052845,1,0,0
0.02,0.34,-0.00031475,1,0,0
0.04,0.34,-0.011578,1,0,0
0.06,0.34,-0.03687,1,0,0
0.08,0.34,-0.056208,1,0,0
0.1,0.34,-0.051475,1,0,0
0.12,0.34,-0.064113,1,0,0
0.14,0.34,-0.026696,1,0,0
0.16,0.34,-0.051518,1,0,0
0.18,0.34,-0.059691,1,0,0
0.2,0.34,-0.03856,1,0,0
0.22,0.34,-0.010512,1,0,0
0.24,0.34,-0.028477,1,0,0
0.26,0.34,-0.015794,1,0,0
0.28,0.34,-0.022456,1,0,0
0.3,0.34,0.002516,1,0,0
0.32,0.34,0.033942,1,0,0
0.34,0.34,0.040658,1,0,0
0.36,0.34,0.0091386,1,0,0
0.38,0.34,-0.0034526,1,0,0
0.4,0.34,-0.018479,1,0,0
0.42,0.34,-0.018141,1,0,0
0.44,0.34,-0.038515,1,0,0
0.46,0.34,-0.038298,1,0,0
0.48,0.34,-0.05603,1,0,0
0.5,0.34,-0.035058,1,0,0
0.52,0.34,-0.035396,1,0,0
0.54,0.34,-0.032391,1,0,0
0.56,0.34,-0.053006,1,0,0
0.58,0.34,-0.049983,1,0,0
0.6,0.34,-0.06952,1,0,0
0.62,0.34,-0.067742,1,0,0
0.64,0.34,-0.077524,1,0,0
0.66,0.34,-0.075484,1,0,0
0.68,0.34,-0.059395,1,0,0
0.7,0.34,-0.069789,1,0,0
0.72,0.34,-0.05867,1,0,0
0.74,0.34,-0.047152,1,0,0
0.76,0.34,-0.033665,1,0,0
0.78,0.34,-0.013019,1,0,0
0.8,0.34,0.02007,1,0,0
0.82,0.34,0.022015,1,0,0
0.84,0.34,0.019365,1,0,0
0.86,0.34,0.00875,1,0,0
0.88,0.34,0.0022661,1,0,0
0.9,0.34,0.0077972,1,0,0
0.92,0.34,0.016406,1,0,0
0.94,0.34,0.037474,1,0,0
0.96,0.34,0.025159,1,0,0
0.98,0.34,0.029647,1,0,0
0.02,0.36,-0.039699,1,0,0
0.04,0.36,-0.037841,1,0,0
0.06,0.36,-0.065759,1,0,0
0.08,0.36,-0.075038,1,0,0
0.1,0.36,-0.068345,1,0,0
0.12,0.36,-0.070308,1,0,0
0.14,0.36,-0.048197,1,0,0
0.16,0.36,-0.065529,1,0,0
0.18,0.36,-0.059639,1,0,0
0.2,0.36,-0.059615,1,0,0
0.22,0.36,-0.030519,1,0,0
0.24,0.36,-0.024178,1,0,0
0.26,0.36,-0.0081551,1,0,0
0.28,0.36,0.01034,1,0,0
0.3,0.36,0.024161,1,0,0
0.32,0.36,0.017503,1,0,0
0.34,0.36,0.020413,1,0,0
0.36,0.36,-0.011749,1,0,0
0.38,0.36,0.00050552,1,0,0
0.4,0.36,-0.038563,1,0,0
0.42,0.36,-0.043595,1,0,0
0.44,0.36,-0.054656,1,0,0
0.46,0.36,-0.047038,1,0,0
0.48,0.36,-0.035767,1,0,0
0.5,0.36,-0.015016,1,0,0
0.52,0.36,-0.026201,1,0,0
0.54,0.36,-0.033787,1,0,0
0.56,0.36,-0.034111,1,0,0
0.58,0.36,-0.034666,1,0,0
0.6,0.36,-0.074304,1,0,0
0.62,0.36,-0.068324,1,0,0
0.64,0.36,-0.069585,1,0,0
0.66,0.36,-0.068228,1,0,0
0.68,0.36,-0.080778,1,0,0
0.7,0.36,-0.061468,1,0,0
0.72,0.36,-0.056587,1,0,0
0.74,0.36,-0.05412,1,0,0
0.76,0.36,-0.042908,1,0,0
0.78,0.36,-0.020852,1,0,0
0.8,0.36,0.0018896,1,0,0
0.82,0.36,0.012722,1,0,0
0.84,0.36,0.016968,1,0,0
0.86,0.36,0.031294,1,0,0
0.88,0.36,0.031244,1,0,0
0.9,0.36,0.016993,1,0,0
0.92,0.36,0.027224,1,0,0
0.94,0.36,0.0065096,1,0,0
0.96,0.36,0.027941,1,0,0
0.98,0.36,0.010289,1,0,0
0.02,0.38,-0.06659,1,0,0
0.04,0.38,-0.07488,1,0,0
0.06,0.38,-0.096437,1,0,0
0.08,0.38,-0.097677,1,0,0
0.1,0.38,-0.09479,1,0,0
0.12,0.38,-0.096743,1,0,0
0.14,0.38,-0.069028,1,0,0
0.16,0.38,-0.058428,1,0,0
0.18,0.38,-0.063112,1,0,0
0.2,0.38,-0.036011,1,0,0
0.22,0.38,-0.021331,1,0,0
0.24,0.38,-0.030737,1,0,0
0.26,0.38,0.0052076,1,0,0
0.28,0.38,0.0062757,1,0,0
0.3,0.38,0.013026,1,0,0
0.32,0.38,0.0051112,1,0,0
0.34,0.38,-0.0029044,1,0,0
0.36,0.38,-0.012657,1,0,0
0.38,0.38,-0.0093172,1,0,0
0.4,0.38,-0.027315,1,0,0
0.42,0.38,-0.028302,1,0,0
0.44,0.38,-0.04385,1,0,0
0.46,0.38,-0.042696,1,0,0
0.48,0.38,-0.040931,1,0,0
0.5,0.38,-0.029094,1,0,0
0.52,0.38,-0.053255,1,0,0
0.54,0.38,-0.029086,1,0,0
0.56,0.38,-0.024573,1,0,0
0.58,0.38,-0.025052,1,0,0
0.6,0.38,-0.038395,1,0,0
0.62,0.38,-0.05403,1,0,0
0.64,0.38,-0.052574,1,0,0
0.66,0.38,-0.060477,1,0,0
0.68,0.38,-0.061437,1,0,0
0.7,0.38,-0.062612,1,0,0
0.72,0.38,-0.051897,1,0,0
0.74,0.38,-0.051229,1,0,0
0.76,0.38,-0.049437,1,0,0
0.78,0.38,-0.051902,1,0,0
0.8,0.38,-0.026943,1,0,0
0.82,0.38,-0.0083646,1,0,0
0.84,0.38,0.019662,1,0,0
0.86,0.38,0.025205,1,0,0
0.88,0.38,0.022211,1,0,0
0.9,0.38,0.0012697,1,0,0
0.92,0.38,0.0061887,1,0,0
0.94,0.38,0.023677,1,0,0
0.96,0.38,0.0044365,1,0,0
0.98,0.38,-0.0021052,1,0,0
0.02,0.4,-0.074143,1,0,0
0.04,0.4,-0.10391,1,0,0
0.06,0.4,-0.11346,1,0,0
0.08,0.4,-0.1212,1,0,0
0.1,0.4,-0.095558,1,0,0
0.12,0.4,-0.094575,1,0,0
0.14,0.4,-0.077953,1,0,0
0.16,0.4,-0.05847,1,0,0
0.18,0.4,-0.041106,1,0,0
0.2,0.4,-0.024954,1,0,0
0.22,0.4,-0.030541,1,0,0
0.24,0.4,-0.027018,1,0,0
0.26,0.4,-0.011769,1,0,0
0.28,0.4,-0.012934,1,0,0
0.3,0.4,-0.014403,1,0,0
0.32,0.4,-0.016046,1,0,0
0.34,0.4,-0.027356,1,0,0
0.36,0.4,-0.020138,1,0,0
0.38,0.4,-0.01241,1,0,0
0.4,0.4,0.006525,1,0,0
0.42,0.4,-0.024735,1,0,0
0.44,0.4,-0.048855,1,0,0
0.46,0.4,-0.054592,1,0,0
0.48,0.4,-0.049159,1,0,0
0.5,0.4,-0.049415,1,0,0
0.52,0.4,-0.057674,1,0,0
0.54,0.4,-0.044889,1,0,0
0.56,0.4,-0.042567,1,0,0
0.58,0.4,-0.030897,1,0,0
0.6,0.4,-0.020106,1,0,0
0.62,0.4,-0.033063,1,0,0
0.64,0.4,-0.053038,1,0,0
0.66,0.4,-0.055617,1,0,0
0.68,0.4,-0.040086,1,0,0
0.7,0.4,-0.048849,1,0,0
0.72,0.4,-0.044431,1,0,0
0.74,0.4,-0.031248,1,0,0
0.76,0.4,-0.041698,1,0,0
0.78,0.4,-0.057156,1,0,0
0.8,0.4,-0.045987,1,0,0
0.82,0.4,-0.030978,1,0,0
0.84,0.4,-0.0022708,1,0,0
0.86,0.4,-0.0051559,1,0,0
0.88,0.4,-0.0080902,1,0,0
0.9,0.4,0.0050167,1,0,0
0.92,0.4,0.027353,1,0,0
0.94,0.4,0.015846,1,0,0
0.96,0.4,0.0022008,1,0,0
0.98,0.4,0.00028642,1,0,0
0.02,0.42,-0.10498,1,0,0
0.04,0.42,-0.10041,1,0,0
0.06,0.42,-0.12851,1,0,0
0.08,0.42,-0.14277,1,0,0
0.1,0.42,-0.10914,1,0,0
0.12,0.42,-0.10396,1,0,0
0.14,0.42,-0.094718,1,0,0
0.16,0.42,-0.081397,1,0,0
0.18,0.42,-0.054951,1,0,0
0.2,0.42,-0.034044,1,0,0
0.22,0.42,-0.033497,1,0,0
0.24,0.42,-0.01677,1,0,0
0.26,0.42,-0.032251,1,0,0
0.28,0.42,-0.024293,1,0,0
0.3,0.42,-0.016272,1,0,0
0.32,0.42,-0.014601,1,0,0
0.34,0.42,-0.034347,1,0,0
0.36,0.42,-0.048018,1,0,0
0.38,0.42,-0.026482,1,0,0
0.4,0.42,-0.037247,1,0,0
0.42,0.42,-0.05154,1,0,0
0.44,0.42,-0.05184,1,0,0
0.46,0.42,-0.064385,1,0,0
0.48,0.42,-0.047832,1,0,0
0.5,0.42,-0.067744,1,0,0
0.52,0.42,-0.056762,1,0,0
0.54,0.42,-0.047926,1,0,0
0.56,0.42,-0.041922,1,0,0
0.58,0.42,-0.048938,1,0,0
0.6,0.42,-0.029759,1,0,0
0.62,0.42,-0.03437,1,0,0
0.64,0.42,-0.044635,1,0,0
0.66,0.42,-0.035307,1,0,0
0.68,0.42,-0.051696,1,0,0
0.7,0.42,-0.052917,1,0,0
0.72,0.42,-0.04396,1,0,0
0.74,0.42,-0.043566,1,0,0
0.76,0.42,-0.056492,1,0,0
0.78,0.42,-0.068076,1,0,0
0.8,0.42,-0.077418,1,0,0
0.82,0.42,-0.033394,1,0,0
0.84,0.42,-0.0094132,1,0,0
0.86,0.42,-0.016428,1,0,0
0.88,0.42,-0.021654,1,0,0
0.9,0.42,-0.0046838,1,0,0
0.92,0.42,0.032752,1,0,0
0.94,0.42,-0.0091677,1,0,0
0.96,0.42,-0.0024421,1,0,0
0.98,0.42,-0.040755,1,0,0
0.02,0.44,-0.098301,1,0,0
0.04,0.44,-0.10256,1,0,0
0.06,0.44,-0.11029,1,0,0
0.08,0.44,-0.12622,1,0,0
0.1,0.44,-0.11323,1,0,0
0.12,0.44,-0.10856,1,0,0
0.14,0.44,-0.095361,1,0,0
0.16,0.44,-0.086682,1,0,0
0.18,0.44,-0.056145,1,0,0
0.2,0.44,-0.020763,1,0,0
0.22,0.44,-0.013025,1,0,0
0.24,0.44,-0.02468,1,0,0
0.26,0.44,-0.025915,1,0,0
0.28,0.44,-0.015847,1,0,0
0.3,0.44,-0.020596,1,0,0
0.32,0.44,-0.031317,1,0,0
0.34,0.44,-0.023816,1,0,0
0.36,0.44,-0.020603,1,0,0
0.38,0.44,-0.021247,1,0,0
0.4,0.44,-0.03083,1,0,0
0.42,0.44,-0.051565,1,0,0
0.44,0.44,-0.075905,1,0,0
0.46,0.44,-0.042512,1,0,0
0.48,0.44,-0.037214,1,0,0
0.5,0.44,-0.050473,1,0,0
0.52,0.44,-0.0727,1,0,0
0.54,0.44,-0.040475,1,0,0
0.56,0.44,-0.023977,1,0,0
0.58,0.44,-0.019651,1,0,0
0.6,0.44,-0.025937,1,0,0
0.62,0.44,-0.025181,1,0,0
0.64,0.44,-0.026598,1,0,0
0.66,0.44,-0.037533,1,0,0
0.68,0.44,-0.039105,1,0,0
0.7,0.44,-0.072534,1,0,0
0.72,0.44,-0.050419,1,0,0
0.74,0.44,-0.035137,1,0,0
0.76,0.44,-0.038548,1,0,0
0.78,0.44,-0.045019,1,0,0
0.8,0.44,-0.033119,1,0,0
0.82,0.44,-0.046288,1,0,0
0.84,0.44,-0.015046,1,0,0
0.86,0.44,0.00031783,1,0,0
0.88,0.44,-0.0031985,1,0,0
0.9,0.44,0.004023,1,0,0
0.92,0.44,0.007038,1,0,0
0.94,0.44,-0.010584,1,0,0
0.96,0.44,-0.034173,1,0,0
0.98,0.44,-0.043068,1,0,0
0.02,0.46,-0.069034,1,0,0
0.04,0.46,-0.089196,1,0,0
0.06,0.46,-0.10463,1,0,0
0.08,0.46,-0.11333,1,0,0
0.1,0.46,-0.10462,1,0,0
0.12,0.46,-0.098656,1,0,0
0.14,0.46,-0.1002,1,0,0
0.16,0.46,-0.084315,1,0,0
0.18,0.46,-0.06039,1,0,0
0.2,0.46,-0.036941,1,0,0
0.22,0.46,-0.015386,1,0,0
0.24,0.46,-0.029078,1,0,0
0.26,0.46,-0.033246,1,0,0
0.28,0.46,-0.047232,1,0,0
0.3,0.46,-0.026475,1,0,0
0.32,0.46,-0.038073,1,0,0
0.34,0.46,-0.019479,1,0,0
0.36,0.46,-0.017365,1,0,0
0.38,0.46,-0.015095,1,0,0
0.4,0.46,-0.043161,1,0,0
0.42,0.46,-0.057456,1,0,0
0.44,0.46,-0.049332,1,0,0
0.46,0.46,-0.054854,1,0,0
0.48,0.46,-0.072049,1,0,0
0.5,0.46,-0.047578,1,0,0
0.52,0.46,-0.085532,1,0,0
0.54,0.46,-0.047895,1,0,0
0.56,0.46,-0.01207,1,0,0
0.58,0.46,-0.0017017,1,0,0
0.6,0.46,-0.028389,1,0,0
0.62,0.46,-0.041207,1,0,0
0.64,0.46,-0.036885,1,0,0
0.66,0.46,-0.042017,1,0,0
0.68,0.46,-0.069748,1,0,0
0.7,0.46,-0.064448,1,0,0
0.72,0.46,-0.050824,1,0,0
0.74,0.46,-0.030568,1,0,0
0.76,0.46,-0.016313,1,0,0
0.78,0.46,-0.020281,1,0,0
0.8,0.46,-0.034272,1,0,0
0.82,0.46,-0.046044,1,0,0
0.84,0.46,-0.01263,1,0,0
0.86,0.46,-0.0055943,1,0,0
0.88,0.46,-0.0086836,1,0,0
0.9,0.46,-0.011378,1,0,0
0.92,0.46,0.0064379,1,0,0
0.94,0.46,-0.012799,1,0,0
0.96,0.46,-0.030951,1,0,0
0.98,0.46,-0.043035,1,0,0
0.02,0.48,-0.064712,1,0,0
0.04,0.48,-0.093258,1,0,0
0.06,0.48,-0.099214,1,0,0
0.08,0.48,-0.085169,1,0,0
0.1,0.48,-0.067566,1,0,0
0.12,0.48,-0.076583,1,0,0
0.14,0.48,-0.059366,1,0,0
0.16,0.48,-0.075208,1,0,0
0.18,0.48,-0.07327,1,0,0
0.2,0.48,-0.052565,1,0,0
0.22,0.48,-0.029933,1,0,0
0.24,0.48,-0.040189,1,0,0
0.26,0.48,-0.039489,1,0,0
0.28,0.48,-0.031637,1,0,0
0.3,0.48,-0.0054935,1,0,0
0.32,0.48,-0.017934,1,0,0
0.34,0.48,0.0077334,1,0,0
0.36,0.48,-0.010672,1,0,0
0.38,0.48,-0.011171,1,0,0
0.4,0.48,-0.031697,1,0,0
0.42,0.48,-0.036747,1,0,0
0.44,0.48,-0.050415,1,0,0
0.46,0.48,-0.044121,1,0,0
0.48,0.48,-0.061729,1,0,0
0.5,0.48,-0.04983,1,0,0
0.52,0.48,-0.047454,1,0,0
0.54,0.48,-0.042001,1,0,0
0.56,0.48,-0.015378,1,0,0
0.58,0.48,0.007075,1,0,0
0.6,0.48,-0.032916,1,0,0
0.62,0.48,-0.027591,1,0,0
0.64,0.48,-0.051194,1,0,0
0.66,0.48,-0.049788,1,0,0
0.68,0.48,-0.042128,1,0,0
0.7,0.48,-0.055849,1,0,0
0.72,0.48,-0.035592,1,0,0
0.74,0.48,-0.0012347,1,0,0
0.76,0.48,-0.0095822,1,0,0
0.78,0.48,-0.023642,1,0,0
0.8,0.48,-0.032263,1,0,0
0.82,0.48,-0.036254,1,0,0
0.84,0.48,-0.020189,1,0,0
0.86,0.48,-0.0097064,1,0,0
0.88,0.48,-0.012938,1,0,0
0.9,0.48,-0.004909,1,0,0
0.92,0.48,-0.0071437,1,0,0
0.94,0.48,-0.026211,1,0,0
0.96,0.48,-0.03207,1,0,0
0.98,0.48,-0.05786,1,0,0
0.02,0.5,-0.06581,1,0,0
0.04,0.5,-0.07386,1,0,0
0.06,0.5,-0.077827,1,0,0
0.08,0.5,-0.081392,1,0,0
0.1,0.5,-0.064969,1,0,0
0.12,0.5,-0.069911,1,0,0
0.14,0.5,-0.052034,1,0,0
0.16,0.5,-0.083502,1,0,0
0.18,0.5,-0.061838,1,0,0
0.2,0.5,-0.052942,1,0,0
0.22,0.5,-0.037758,1,0,0
0.24,0.5,-0.045929,1,0,0
0.26,0.5,-0.046677,1,0,0
0.28,0.5,-0.033739,1,0,0
0.3,0.5,-0.02635,1,0,0
0.32,0.5,-0.0067493,1,0,0
0.34,0.5,0.0054691,1,0,0
0.36,0.5,-0.025891,1,0,0
0.38,0.5,-0.010507,1,0,0
0.4,0.5,-0.025563,1,0,0
0.42,0.5,-0.052495,1,0,0
0.44,0.5,-0.049896,1,0,0
0.46,0.5,-0.0426,1,0,0
0.48,0.5,-0.058415,1,0,0
0.5,0.5,-0.051997,1,0,0
0.52,0.5,-0.066992,1,0,0
0.54,0.5,-0.044665,1,0,0
0.56,0.5,-0.018823,1,0,0
0.58,0.5,-0.020691,1,0,0
0.6,0.5,-0.028463,1,0,0
0.62,0.5,-0.02642,1,0,0
0.64,0.5,-0.040014,1,0,0
0.66,0.5,-0.059641,1,0,0
0.68,0.5,-0.054972,1,0,0
0.7,0.5,-0.051805,1,0,0
0.72,0.5,-0.037991,1,0,0
0.74,0.5,-0.021711,1,0,0
0.76,0.5,-0.00042944,1,0,0
0.78,0.5,-0.037602,1,0,0
0.8,0.5,-0.047223,1,0,0
0.82,0.5,-0.026687,1,0,0
0.84,0.5,-0.025195,1,0,0
0.86,0.5,-0.022011,1,0,0
0.88,0.5,-0.027756,1,0,0
0.9,0.5,-0.012889,1,0,0
0.92,0.5,-0.026232,1,0,0
0.94,0.5,-0.044059,1,0,0
0.96,0.5,-0.039628,1,0,0
0.98,0.5,-0.031029,1,0,0
0.02,0.52,-0.065584,1,0,0
0.04,0.52,-0.067284,1,0,0
0.06,0.52,-0.056794,1,0,0
0.08,0.52,-0.079746,1,0,0
0.1,0.52,-0.070648,1,0,0
0.12,0.52,-0.077531,1,0,0
0.14,0.52,-0.075539,1,0,0
0.16,0.52,-0.070867,1,0,0
0.18,0.52,-0.057292,1,0,0
0.2,0.52,-0.036828,1,0,0
0.22,0.52,-0.053807,1,0,0
0.24,0.52,-0.06946,1,0,0
0.26,0.52,-0.045339,1,0,0
0.28,0.52,-0.056574,1,0,0
0.3,0.52,-0.028671,1,0,0
0.32,0.52,0.0060299,1,0,0
0.34,0.52,0.0041333,1,0,0
0.36,0.52,-0.0059914,1,0,0
0.38,0.52,-0.0077964,1,0,0
0.4,0.52,-0.018696,1,0,0
0.42,0.52,-0.081188,1,0,0
0.44,0.52,-0.070868,1,0,0
0.46,0.52,-0.052579,1,0,0
0.48,0.52,-0.053013,1,0,0
0.5,0.52,-0.053676,1,0,0
0.52,0.52,-0.047536,1,0,0
0.54,0.52,-0.064323,1,0,0
0.56,0.52,-0.021252,1,0,0
0.58,0.52,-0.026118,1,0,0
0.6,0.52,-0.031987,1,0,0
0.62,0.52,-0.038592,1,0,0
0.64,0.52,-0.041796,1,0,0
0.66,0.52,-0.080486,1,0,0
0.68,0.52,-0.070017,1,0,0
0.7,0.52,-0.051762,1,0,0
0.72,0.52,-0.057007,1,0,0
0.74,0.52,-0.0046503,1,0,0
0.76,0.52,-0.018801,1,0,0
0.78,0.52,-0.026048,1,0,0
0.8,0.52,-0.04472,1,0,0
0.82,0.52,-0.058196,1,0,0
0.84,0.52,-0.055557,1,0,0
0.86,0.52,-0.064067,1,0,0
0.88,0.52,-0.050805,1,0,0
0.9,0.52,-0.050761,1,0,0
0.92,0.52,-0.043312,1,0,0
0.94,0.52,-0.038286,1,0,0
0.96,0.52,-0.022987,1,0,0
0.98,0.52,-0.026195,1,0,0
0.02,0.54,-0.052014,1,0,0
0.04,0.54,-0.054182,1,0,0
0.06,0.54,-0.054187,1,0,0
0.08,0.54,-0.06685,1,0,0
0.1,0.54,-0.085798,1,0,0
0.12,0.54,-0.095288,1,0,0
0.14,0.54,-0.072679,1,0,0
0.16,0.54,-0.069606,1,0,0
0.18,0.54,-0.045868,1,0,0
0.2,0.54,-0.02263,1,0,0
0.22,0.54,-0.045758,1,0,0
0.24,0.54,-0.054505,1,0,0
0.26,0.54,-0.03269,1,0,0
0.28,0.54,-0.028566,1,0,0
0.3,0.54,-0.029213,1,0,0
0.32,0.54,0.015298,1,0,0
0.34,0.54,0.024225,1,0,0
0.36,0.54,-0.012245,1,0,0
0.38,0.54,-0.027234,1,0,0
0.4,0.54,-0.027039,1,0,0
0.42,0.54,-0.075839,1,0,0
0.44,0.54,-0.06573,1,0,0
0.46,0.54,-0.057708,1,0,0
0.48,0.54,-0.029915,1,0,0
0.5,0.54,-0.017204,1,0,0
0.52,0.54,-0.028681,1,0,0
0.54,0.54,-0.048156,1,0,0
0.56,0.54,-0.034086,1,0,0
0.58,0.54,-0.034543,1,0,0
0.6,0.54,-0.020616,1,0,0
0.62,0.54,-0.026751,1,0,0
0.64,0.54,-0.035284,1,0,0
0.66,0.54,-0.067582,1,0,0
0.68,0.54,-0.069581,1,0,0
0.7,0.54,-0.075957,1,0,0
0.72,0.54,-0.062057,1,0,0
0.74,0.54,-0.052138,1,0,0
0.76,0.54,-0.032792,1,0,0
0.78,0.54,-0.051834,1,0,0
0.8,0.54,-0.037212,1,0,0
0.82,0.54,-0.043148,1,0,0
0.84,0.54,-0.051938,1,0,0
0.86,0.54,-0.042939,1,0,0
0.88,0.54,-0.054516,1,0,0
0.9,0.54,-0.064211,1,0,0
0.92,0.54,-0.049594,1,0,0
0.94,0.54,-0.030683,1,0,0
0.96,0.54,-0.047948,1,0,0
0.98,0.54,-0.043995,1,0,0
0.02,0.56,-0.038928,1,0,0
0.04,0.56,-0.019753,1,0,0
0.06,0.56,-0.045219,1,0,0
0.08,0.56,-0.05678,1,0,0
0.1,0.56,-0.070087,1,0,0
0.12,0.56,-0.08895,1,0,0
0.14,0.56,-0.057269,1,0,0
0.16,0.56,-0.045068,1,0,0
0.18,0.56,-0.039018,1,0,0
0.2,0.56,-0.020384,1,0,0
0.22,0.56,-0.021845,1,0,0
0.24,0.56,-0.030916,1,0,0
0.26,0.56,-0.041742,1,0,0
0.28,0.56,-0.029903,1,0,0
0.3,0.56,-0.0024846,1,0,0
0.32,0.56,0.025161,1,0,0
0.34,0.56,0.021972,1,0,0
0.36,0.56,0.0022607,1,0,0
0.38,0.56,-0.012137,1,0,0
0.4,0.56,-0.038183,1,0,0
0.42,0.56,-0.040256,1,0,0
0.44,0.56,-0.037496,1,0,0
0.46,0.56,-0.039678,1,0,0
0.48,0.56,-0.025083,1,0,0
0.5,0.56,0.0050659,1,0,0
0.52,0.56,0.0018406,1,0,0
0.54,0.56,-0.039639,1,0,0
0.56,0.56,-0.037202,1,0,0
0.58,0.56,-0.019353,1,0,0
0.6,0.56,-0.021647,1,0,0
0.62,0.56,-0.02043,1,0,0
0.64,0.56,-0.026314,1,0,0
0.66,0.56,-0.0669,1,0,0
0.68,0.56,-0.068077,1,0,0
0.7,0.56,-0.077305,1,0,0
0.72,0.56,-0.049633,1,0,0
0.74,0.56,-0.062735,1,0,0
0.76,0.56,-0.042792,1,0,0
0.78,0.56,-0.052792,1,0,0
0.8,0.56,-0.033736,1,0,0
0.82,0.56,-0.031315,1,0,0
0.84,0.56,-0.028319,1,0,0
0.86,0.56,-0.035444,1,0,0
0.88,0.56,-0.047921,1,0,0
0.9,0.56,-0.034575,1,0,0
0.92,0.56,-0.038787,1,0,0
0.94,0.56,-0.024723,1,0,0
0.96,0.56,-0.02694,1,0,0
0.98,0.56,-0.029718,1,0,0
0.02,0.58,-0.035466,1,0,0
0.04,0.58,-0.03673,1,0,0
0.06,0.58,-0.044234,1,0,0
0.08,0.58,-0.055507,1,0,0
0.1,0.58,-0.076515,1,0,0
0.12,0.58,-0.084075,1,0,0
0.14,0.58,-0.05495,1,0,0
0.16,0.58,-0.045161,1,0,0
0.18,0.58,-0.063689,1,0,0
0.2,0.58,-0.042261,1,0,0
0.22,0.58,-0.022799,1,0,0
0.24,0.58,-0.051104,1,0,0
0.26,0.58,-0.055898,1,0,0
0.28,0.58,-0.052583,1,0,0
0.3,0.58,-0.024033,1,0,0
0.32,0.58,-0.0086255,1,0,0
0.34,0.58,0.0028741,1,0,0
0.36,0.58,0.0037013,1,0,0
0.38,0.58,-0.0034287,1,0,0
0.4,0.58,-0.019586,1,0,0
0.42,0.58,-0.026061,1,0,0
0.44,0.58,-0.028429,1,0,0
0.46,0.58,-0.020116,1,0,0
0.48,0.58,-0.0165,1,0,0
0.5,0.58,-0.005733,1,0,0
0.52,0.58,-0.029349,1,0,0
0.54,0.58,-0.031122,1,0,0
0.56,0.58,-0.040518,1,0,0
0.58,0.58,-0.039908,1,0,0
0.6,0.58,-0.023365,1,0,0
0.62,0.58,-0.043907,1,0,0
0.64,0.58,-0.064543,1,0,0
0.66,0.58,-0.07575,1,0,0
0.68,0.58,-0.095725,1,0,0
0.7,0.58,-0.083713,1,0,0
0.72,0.58,-0.081928,1,0,0
0.74,0.58,-0.052507,1,0,0
0.76,0.58,-0.066752,1,0,0
0.78,0.58,-0.067581,1,0,0
0.8,0.58,-0.052747,1,0,0
0.82,0.58,-0.065331,1,0,0
0.84,0.58,-0.068479,1,0,0
0.86,0.58,-0.063241,1,0,0
0.88,0.58,-0.036815,1,0,0
0.9,0.58,-0.04873,1,0,0
0.92,0.58,-0.041947,1,0,0
0.94,0.58,-0.050452,1,0,0
0.96,0.58,-0.023967,1,0,0
0.98,0.58,-0.016671,1,0,0
0.02,0.6,-0.049288,1,0,0
0.04,0.6,-0.022212,1,0,0
0.06,0.6,-0.038084,1,0,0
0.08,0.6,-0.066053,1,0,0
0.1,0.6,-0.049317,1,0,0
0.12,0.6,-0.056883,1,0,0
0.14,0.6,-0.049349,1,0,0
0.16,0.6,-0.051585,1,0,0
0.18,0.6,-0.05863,1,0,0
0.2,0.6,-0.061696,1,0,0
0.22,0.6,-0.050528,1,0,0
0.24,0.6,-0.056378,1,0,0
0.26,0.6,-0.052192,1,0,0
0.28,0.6,-0.065807,1,0,0
0.3,0.6,-0.036122,1,0,0
0.32,0.6,-0.013401,1,0,0
0.34,0.6,-0.0067023,1,0,0
0.36,0.6,-0.0061077,1,0,0
0.38,0.6,-0.015532,1,0,0
0.4,0.6,-0.025599,1,0,0
0.42,0.6,-0.013503,1,0,0
0.44,0.6,-0.018836,1,0,0
0.46,0.6,-0.0058718,1,0,0
0.48,0.6,-0.0093388,1,0,0
0.5,0.6,-0.0028487,1,0,0
0.52,0.6,-0.043925,1,0,0
0.54,0.6,-0.012831,1,0,0
0.56,0.6,-0.026277,1,0,0
0.58,0.6,-0.032231,1,0,0
0.6,0.6,-0.048468,1,0,0
0.62,0.6,-0.06177,1,0,0
0.64,0.6,-0.088099,1,0,0
0.66,0.6,-0.095825,1,0,0
0.68,0.6,-0.10268,1,0,0
0.7,0.6,-0.088817,1,0,0
0.72,0.6,-0.090285,1,0,0
0.74,0.6,-0.083938,1,0,0
0.76,0.6,-0.066791,1,0,0
0.78,0.6,-0.062954,1,0,0
0.8,0.6,-0.065537,1,0,0
0.82,0.6,-0.077843,1,0,0
0.84,0.6,-0.046262,1,0,0
0.86,0.6,-0.039916,1,0,0
0.88,0.6,-0.039152,1,0,0
0.9,0.6,-0.030899,1,0,0
0.92,0.6,-0.037885,1,0,0
0.94,0.6,-0.058315,1,0,0
0.96,0.6,-0.037458,1,0,0
0.98,0.6,-0.0022074,1,0,0
0.02,0.62,-0.037513,1,0,0
0.04,0.62,-0.01175,1,0,0
0.06,0.62,-0.043547,1,0,0
0.08,0.62,-0.065548,1,0,0
0.1,0.62,-0.046301,1,0,0
0.12,0.62,-0.050156,1,0,0
0.14,0.62,-0.057875,1,0,0
0.16,0.62,-0.065199,1,0,0
0.18,0.62,-0.067764,1,0,0
0.2,0.62,-0.068176,1,0,0
0.22,0.62,-0.057991,1,0,0
0.24,0.62,-0.035173,1,0,0
0.26,0.62,-0.038827,1,0,0
0.28,0.62,-0.053333,1,0,0
0.3,0.62,-0.038455,1,0,0
0.32,0.62,-0.029495,1,0,0
0.34,0.62,-0.0019697,1,0,0
0.36,0.62,-0.032524,1,0,0
0.38,0.62,-0.039691,1,0,0
0.4,0.62,-0.03816,1,0,0
0.42,0.62,-0.0082053,1,0,0
0.44,0.62,-0.030391,1,0,0
0.46,0.62,-0.017875,1,0,0
0.48,0.62,0.0031304,1,0,0
0.5,0.62,-0.0061379,1,0,0
0.52,0.62,-0.013936,1,0,0
0.54,0.62,-0.0023291,1,0,0
0.56,0.62,-0.015267,1,0,0
0.58,0.62,-0.029277,1,0,0
0.6,0.62,-0.045001,1,0,0
0.62,0.62,-0.058289,1,0,0
0.64,0.62,-0.10241,1,0,0
0.66,0.62,-0.099529,1,0,0
0.68,0.62,-0.1101,1,0,0
0.7,0.62,-0.11575,1,0,0
0.72,0.62,-0.10738,1,0,0
0.74,0.62,-0.096006,1,0,0
0.76,0.62,-0.082109,1,0,0
0.78,0.62,-0.058429,1,0,0
0.8,0.62,-0.061674,1,0,0
0.82,0.62,-0.064001,1,0,0
0.84,0.62,-0.034996,1,0,0
0.86,0.62,-0.01799,1,0,0
0.88,0.62,-0.036822,1,0,0
0.9,0.62,-0.028705,1,0,0
0.92,0.62,-0.028089,1,0,0
0.94,0.62,-0.071767,1,0,0
0.96,0.62,-0.049496,1,0,0
0.98,0.62,-0.042087,1,0,0
0.02,0.64,-0.033591,1,0,0
0.04,0.64,-0.014646,1,0,0
0.06,0.64,-0.024224,1,0,0
0.08,0.64,-0.048812,1,0,0
0.1,0.64,-0.036745,1,0,0
0.12,0.64,-0.037439,1,0,0
0.14,0.64,-0.046632,1,0,0
0.16,0.64,-0.057004,1,0,0
0.18,0.64,-0.061555,1,0,0
0.2,0.64,-0.05144,1,0,0
0.22,0.64,-0.037562,1,0,0
0.24,0.64,-0.038886,1,0,0
0.26,0.64,-0.058921,1,0,0
0.28,0.64,-0.055917,1,0,0
0.3,0.64,-0.042469,1,0,0
0.32,0.64,-0.01928,1,0,0
0.34,0.64,-0.0069563,1,0,0
0.36,0.64,-0.023756,1,0,0
0.38,0.64,-0.041897,1,0,0
0.4,0.64,-0.033607,1,0,0
0.42,0.64,-0.028199,1,0,0
0.44,0.64,-0.033442,1,0,0
0.46,0.64,-0.025344,1,0,0
0.48,0.64,-0.0073825,1,0,0
0.5,0.64,0.00024703,1,0,0
0.52,0.64,-0.0011527,1,0,0
0.54,0.64,0.024807,1,0,0
0.56,0.64,0.0079873,1,0,0
0.58,0.64,-0.021271,1,0,0
0.6,0.64,-0.020669,1,0,0
0.62,0.64,-0.066336,1,0,0
0.64,0.64,-0.10671,1,0,0
0.66,0.64,-0.10332,1,0,0
0.68,0.64,-0.12278,1,0,0
0.7,0.64,-0.11546,1,0,0
0.72,0.64,-0.092424,1,0,0
0.74,0.64,-0.069083,1,0,0
0.76,0.64,-0.066953,1,0,0
0.78,0.64,-0.046713,1,0,0
0.8,0.64,-0.038259,1,0,0
0.82,0.64,-0.055794,1,0,0
0.84,0.64,-0.043817,1,0,0
0.86,0.64,-0.044341,1,0,0
0.88,0.64,-0.0496,1,0,0
0.9,0.64,-0.046644,1,0,0
0.92,0.64,-0.017495,1,0,0
0.94,0.64,-0.045807,1,0,0
0.96,0.64,-0.039031,1,0,0
0.98,0.64,-0.0415,1,0,0
0.02,0.66,-0.051509,1,0,0
0.04,0.66,-0.026818,1,0,0
0.06,0.66,-0.015287,1,0,0
0.08,0.66,-0.02738,1,0,0
0.1,0.66,-0.023627,1,0,0
0.12,0.66,-0.032454,1,0,0
0.14,0.66,-0.042482,1,0,0
0.16,0.66,-0.040583,1,0,0
0.18,0.66,-0.058705,1,0,0
0.2,0.66,-0.049166,1,0,0
0.22,0.66,-0.028761,1,0,0
0.24,0.66,-0.037609,1,0,0
0.26,0.66,-0.059218,1,0,0
0.28,0.66,-0.054227,1,0,0
0.3,0.66,-0.033313,1,0,0
0.32,0.66,-0.041754,1,0,0
0.34,0.66,-0.05641,1,0,0
0.36,0.66,-0.023313,1,0,0
0.38,0.66,-0.033006,1,0,0
0.4,0.66,-0.042637,1,0,0
0.42,0.66,-0.056625,1,0,0
0.44,0.66,-0.046259,1,0,0
0.46,0.66,-0.021907,1,0,0
0.48,0.66,-0.024986,1,0,0
0.5,0.66,0.0052483,1,0,0
0.52,0.66,-0.0020815,1,0,0
0.54,0.66,-0.0038313,1,0,0
0.56,0.66,-0.0011632,1,0,0
0.58,0.66,-0.00959,1,0,0
0.6,0.66,-0.024714,1,0,0
0.62,0.66,-0.063968,1,0,0
0.64,0.66,-0.065792,1,0,0
0.66,0.66,-0.093953,1,0,0
0.68,0.66,-0.093381,1,0,0
0.7,0.66,-0.11452,1,0,0
0.72,0.66,-0.080626,1,0,0
0.74,0.66,-0.061931,1,0,0
0.76,0.66,-0.060998,1,0,0
0.78,0.66,-0.056596,1,0,0
0.8,0.66,-0.029101,1,0,0
0.82,0.66,-0.064297,1,0,0
0.84,0.66,-0.039692,1,0,0
0.86,0.66,-0.044242,1,0,0
0.88,0.66,-0.046126,1,0,0
0.9,0.66,-0.03288,1,0,0
0.92,0.66,-0.045812,1,0,0
0.94,0.66,-0.044563,1,0,0
0.96,0.66,-0.047928,1,0,0
0.98,0.66,-0.031214,1,0,0
0.02,0.68,-0.064523,1,0,0
0.04,0.68,-0.04943,1,0,0
0.06,0.68,-0.031841,1,0,0
0.08,0.68,-0.0069061,1,0,0
0.1,0.68,-0.019858,1,0,0
0.12,0.68,-0.026815,1,0,0
0.14,0.68,-0.021761,1,0,0
0.16,0.68,-0.03238,1,0,0
0.18,0.68,-0.044499,1,0,0
0.2,0.68,-0.042315,1,0,0
0.22,0.68,-0.042224,1,0,0
0.24,0.68,-0.054216,1,0,0
0.26,0.68,-0.054563,1,0,0
0.28,0.68,-0.035617,1,0,0
0.3,0.68,-0.041374,1,0,0
0.32,0.68,-0.060148,1,0,0
0.34,0.68,-0.045606,1,0,0
0.36,0.68,-0.059076,1,0,0
0.38,0.68,-0.040559,1,0,0
0.4,0.68,-0.033943,1,0,0
0.42,0.68,-0.049146,1,0,0
0.44,0.68,-0.037537,1,0,0
0.46,0.68,-0.033086,1,0,0
0.48,0.68,-0.012634,1,0,0
0.5,0.68,-0.012786,1,0,0
0.52,0.68,-0.010784,1,0,0
0.54,0.68,-0.0037778,1,0,0
0.56,0.68,0.0095637,1,0,0
0.58,0.68,-0.017003,1,0,0
0.6,0.68,-0.021976,1,0,0
0.62,0.68,-0.051181,1,0,0
0.64,0.68,-0.07193,1,0,0
0.66,0.68,-0.065637,1,0,0
0.68,0.68,-0.063527,1,0,0
0.7,0.68,-0.079535,1,0,0
0.72,0.68,-0.05974,1,0,0
0.74,0.68,-0.05087,1,0,0
0.76,0.68,-0.052651,1,0,0
0.78,0.68,-0.077356,1,0,0
0.8,0.68,-0.061076,1,0,0
0.82,0.68,-0.048522,1,0,0
0.84,0.68,-0.048495,1,0,0
0.86,0.68,-0.039907,1,0,0
0.88,0.68,-0.054482,1,0,0
0.9,0.68,-0.058622,1,0,0
0.92,0.68,-0.044129,1,0,0
0.94,0.68,-0.043113,1,0,0
0.96,0.68,-0.045437,1,0,0
0.98,0.68,-0.072195,1,0,0
0.02,0.7,-0.050105,1,0,0
0.04,0.7,-0.04545,1,0,0
0.06,0.7,-0.039718,1,0,0
0.08,0.7,-0.043908,1,0,0
0.1,0.7,0.0042033,1,0,0
0.12,0.7,-0.01386,1,0,0
0.14,0.7,-0.017119,1,0,0
0.16,0.7,-0.044322,1,0,0
0.18,0.7,-0.027329,1,0,0
0.2,0.7,-0.044178,1,0,0
0.22,0.7,-0.052222,1,0,0
0.24,0.7,-0.053092,1,0,0
0.26,0.7,-0.046702,1,0,0
0.28,0.7,-0.054975,1,0,0
0.3,0.7,-0.062233,1,0,0
0.32,0.7,-0.068936,1,0,0
0.34,0.7,-0.069867,1,0,0
0.36,0.7,-0.067864,1,0,0
0.38,0.7,-0.043102,1,0,0
0.4,0.7,-0.0085226,1,0,0
0.42,0.7,-0.028431,1,0,0
0.44,0.7,-0.039993,1,0,0
0.46,0.7,-0.03844,1,0,0
0.48,0.7,-0.037806,1,0,0
0.5,0.7,-0.01846,1,0,0
0.52,0.7,-0.011972,1,0,0
0.54,0.7,-0.023597,1,0,0
0.56,0.7,-0.0025484,1,0,0
0.58,0.7,0.0013477,1,0,0
0.6,0.7,-0.039377,1,0,0
0.62,0.7,-0.026447,1,0,0
0.64,0.7,-0.050501,1,0,0
0.66,0.7,-0.074073,1,0,0
0.68,0.7,-0.058664,1,0,0
0.7,0.7,-0.049274,1,0,0
0.72,0.7,-0.041348,1,0,0
0.74,0.7,-0.032607,1,0,0
0.76,0.7,-0.045266,1,0,0
0.78,0.7,-0.064412,1,0,0
0.8,0.7,-0.076071,1,0,0
0.82,0.7,-0.064377,1,0,0
0.84,0.7,-0.029837,1,0,0
0.86,0.7,-0.044418,1,0,0
0.88,0.7,-0.070076,1,0,0
0.9,0.7,-0.045342,1,0,0
0.92,0.7,-0.033201,1,0,0
0.94,0.7,-0.043871,1,0,0
0.96,0.7,-0.055549,1,0,0
0.98,0.7,-0.079723,1,0,0
0.02,0.72,-0.016329,1,0,0
0.04,0.72,-0.031651,1,0,0
0.06,0.72,-0.027813,1,0,0
0.08,0.72,-0.029555,1,0,0
0.1,0.72,-0.010224,1,0,0
0.12,0.72,-0.013633,1,0,0
0.14,0.72,-0.018298,1,0,0
0.16,0.72,-0.046454,1,0,0
0.18,0.72,-0.033143,1,0,0
0.2,0.72,-0.027135,1,0,0
0.22,0.72,-0.032036,1,0,0
0.24,0.72,-0.061364,1,0,0
0.26,0.72,-0.033629,1,0,0
0.28,0.72,-0.051213,1,0,0
0.3,0.72,-0.056995,1,0,0
0.32,0.72,-0.059678,1,0,0
0.34,0.72,-0.052295,1,0,0
0.36,0.72,-0.077048,1,0,0
0.38,0.72,-0.027063,1,0,0
0.4,0.72,-0.0030483,1,0,0
0.42,0.72,-0.017056,1,0,0
0.44,0.72,-0.017924,1,0,0
0.46,0.72,0.0013055,1,0,0
0.48,0.72,-0.019004,1,0,0
0.5,0.72,-0.00095105,1,0,0
0.52,0.72,-0.031955,1,0,0
0.54,0.72,-0.010071,1,0,0
0.56,0.72,0.010233,1,0,0
0.58,0.72,-0.0092326,1,0,0
0.6,0.72,-0.015321,1,0,0
0.62,0.72,-0.029174,1,0,0
0.64,0.72,-0.025521,1,0,0
0.66,0.72,-0.041723,1,0,0
0.68,0.72,-0.038658,1,0,0
0.7,0.72,-0.017826,1,0,0
0.72,0.72,-0.032712,1,0,0
0.74,0.72,-0.023728,1,0,0
0.76,0.72,-0.042158,1,0,0
0.78,0.72,-0.061126,1,0,0
0.8,0.72,-0.06041,1,0,0
0.82,0.72,-0.032142,1,0,0
0.84,0.72,-0.015658,1,0,0
0.86,0.72,-0.021548,1,0,0
0.88,0.72,-0.038671,1,0,0
0.9,0.72,-0.042569,1,0,0
0.92,0.72,-0.028084,1,0,0
0.94,0.72,-0.038736,1,0,0
0.96,0.72,-0.070259,1,0,0
0.98,0.72,-0.071262,1,0,0
0.02,0.74,-0.010493,1,0,0
0.04,0.74,-0.029948,1,0,0
0.06,0.74,-0.025783,1,0,0
0.08,0.74,-0.024463,1,0,0
0.1,0.74,-0.0164,1,0,0
0.12,0.74,-0.027343,1,0,0
0.14,0.74,-0.012789,1,0,0
0.16,0.74,-0.040293,1,0,0
0.18,0.74,-0.050336,1,0,0
0.2,0.74,-0.033793,1,0,0
0.22,0.74,-0.03311,1,0,0
0.24,0.74,-0.055503,1,0,0
0.26,0.74,-0.033978,1,0,0
0.28,0.74,-0.043872,1,0,0
0.3,0.74,-0.03952,1,0,0
0.32,0.74,-0.063525,1,0,0
0.34,0.74,-0.052188,1,0,0
0.36,0.74,-0.054939,1,0,0
0.38,0.74,-0.0075133,1,0,0
0.4,0.74,-0.01769,1,0,0
0.42,0.74,-0.025604,1,0,0
0.44,0.74,-0.012716,1,0,0
0.46,0.74,0.028256,1,0,0
0.48,0.74,0.016825,1,0,0
0.5,0.74,0.011875,1,0,0
0.52,0.74,-0.0017411,1,0,0
0.54,0.74,-0.0164,1,0,0
0.56,0.74,0.0012266,1,0,0
0.58,0.74,-0.0040165,1,0,0
0.6,0.74,-0.039645,1,0,0
0.62,0.74,-0.024245,1,0,0
0.64,0.74,-0.0090137,1,0,0
0.66,0.74,-0.0077514,1,0,0
0.68,0.74,-0.0058256,1,0,0
0.7,0.74,-0.021539,1,0,0
0.72,0.74,-0.045,1,0,0
0.74,0.74,-0.015955,1,0,0
0.76,0.74,-0.036865,1,0,0
0.78,0.74,-0.048784,1,0,0
0.8,0.74,-0.049608,1,0,0
0.82,0.74,-0.031241,1,0,0
0.84,0.74,-0.016546,1,0,0
0.86,0.74,-0.0077796,1,0,0
0.88,0.74,-0.010381,1,0,0
0.9,0.74,-0.02371,1,0,0
0.92,0.74,-0.032653,1,0,0
0.94,0.74,-0.051719,1,0,0
0.96,0.74,-0.049478,1,0,0
0.98,0.74,-0.077383,1,0,0
0.02,0.76,-0.011302,1,0,0
0.04,0.76,-0.020351,1,0,0
0.06,0.76,-0.033733,1,0,0
0.08,0.76,-0.034087,1,0,0
0.1,0.76,-0.028546,1,0,0
0.12,0.76,-0.052459,1,0,0
0.14,0.76,-0.020969,1,0,0
0.16,0.76,-0.046158,1,0,0
0.18,0.76,-0.04707,1,0,0
0.2,0.76,-0.049473,1,0,0
0.22,0.76,-0.05114,1,0,0
0.24,0.76,-0.072618,1,0,0
0.26,0.76,-0.085741,1,0,0
0.28,0.76,-0.080166,1,0,0
0.3,0.76,-0.073103,1,0,0
0.32,0.76,-0.062703,1,0,0
0.34,0.76,-0.050394,1,0,0
0.36,0.76,-0.039899,1,0,0
0.38,0.76,-0.015137,1,0,0
0.4,0.76,-0.027669,1,0,0
0.42,0.76,-0.022747,1,0,0
0.44,0.76,0.0092086,1,0,0
0.46,0.76,0.0032852,1,0,0
0.48,0.76,-0.0095981,1,0,0
0.5,0.76,-0.005339,1,0,0
0.52,0.76,-0.034194,1,0,0
0.54,0.76,-0.034222,1,0,0
0.56,0.76,-0.029792,1,0,0
0.58,0.76,-0.016269,1,0,0
0.6,0.76,-0.05541,1,0,0
0.62,0.76,-0.044344,1,0,0
0.64,0.76,-0.019896,1,0,0
0.66,0.76,0.0081194,1,0,0
0.68,0.76,-0.0017968,1,0,0
0.7,0.76,-0.027141,1,0,0
0.72,0.76,-0.022348,1,0,0
0.74,0.76,-0.043128,1,0,0
0.76,0.76,-0.024136,1,0,0
0.78,0.76,-0.055603,1,0,0
0.8,0.76,-0.049429,1,0,0
0.82,0.76,-0.039413,1,0,0
0.84,0.76,-0.039241,1,0,0
0.86,0.76,-0.040227,1,0,0
0.88,0.76,-0.05009,1,0,0
0.9,0.76,-0.048568,1,0,0
0.92,0.76,-0.03902,1,0,0
0.94,0.76,-0.02582,1,0,0
0.96,0.76,-0.034606,1,0,0
0.98,0.76,-0.060046,1,0,0
0.02,0.78,-0.017946,1,0,0
0.04,0.78,-0.027699,1,0,0
0.06,0.78,-0.051644,1,0,0
0.08,0.78,-0.046606,1,0,0
0.1,0.78,-0.032036,1,0,0
0.12,0.78,-0.019401,1,0,0
0.14,0.78,-0.029979,1,0,0
0.16,0.78,-0.042525,1,0,0
0.18,0.78,-0.062025,1,0,0
0.2,0.78,-0.041523,1,0,0
0.22,0.78,-0.050998,1,0,0
0.24,0.78,-0.075168,1,0,0
0.26,0.78,-0.072919,1,0,0
0.28,0.78,-0.089965,1,0,0
0.3,0.78,-0.07753,1,0,0
0.32,0.78,-0.062271,1,0,0
0.34,0.78,-0.037904,1,0,0
0.36,0.78,-0.035346,1,0,0
0.38,0.78,-0.027368,1,0,0
0.4,0.78,-0.01049,1,0,0
0.42,0.78,-0.0061668,1,0,0
0.44,0.78,-0.0105,1,0,0
0.46,0.78,-0.0023521,1,0,0
0.48,0.78,0.00078416,1,0,0
0.5,0.78,-0.0047146,1,0,0
0.52,0.78,-0.028749,1,0,0
0.54,0.78,-0.041589,1,0,0
0.56,0.78,-0.038438,1,0,0
0.58,0.78,-0.046084,1,0,0
0.6,0.78,-0.034053,1,0,0
0.62,0.78,-0.028043,1,0,0
0.64,0.78,0.0034904,1,0,0
0.66,0.78,0.0018844,1,0,0
0.68,0.78,0.013315,1,0,0
0.7,0.78,-0.014699,1,0,0
0.72,0.78,-0.023645,1,0,0
0.74,0.78,-0.024368,1,0,0
0.76,0.78,-0.038014,1,0,0
0.78,0.78,-0.052376,1,0,0
0.8,0.78,-0.046178,1,0,0
0.82,0.78,-0.059606,1,0,0
0.84,0.78,-0.048763,1,0,0
0.86,0.78,-0.051346,1,0,0
0.88,0.78,-0.05345,1,0,0
0.9,0.78,-0.057311,1,0,0
0.92,0.78,-0.044508,1,0,0
0.94,0.78,-0.035284,1,0,0
0.96,0.78,-0.058169,1,0,0
0.98,0.78,-0.053236,1,0,0
0.02,0.8,-0.046293,1,0,0
0.04,0.8,-0.022093,1,0,0
0.06,0.8,-0.03105,1,0,0
0.08,0.8,-0.045186,1,0,0
0.1,0.8,-0.011391,1,0,0
0.12,0.8,-0.016101,1,0,0
0.14,0.8,-0.026068,1,0,0
0.16,0.8,-0.040525,1,0,0
0.18,0.8,-0.04777,1,0,0
0.2,0.8,-0.044914,1,0,0
0.22,0.8,-0.059544,1,0,0
0.24,0.8,-0.059407,1,0,0
0.26,0.8,-0.05241,1,0,0
0.28,0.8,-0.058667,1,0,0
0.3,0.8,-0.048378,1,0,0
0.32,0.8,-0.020653,1,0,0
0.34,0.8,-0.044075,1,0,0
0.36,0.8,-0.042796,1,0,0
0.38,0.8,-0.040778,1,0,0
0.4,0.8,-0.036555,1,0,0
0.42,0.8,-0.036945,1,0,0
0.44,0.8,-0.017163,1,0,0
0.46,0.8,-0.013661,1,0,0
0.48,0.8,0.0047217,1,0,0
0.5,0.8,-0.0080063,1,0,0
0.52,0.8,-0.032091,1,0,0
0.54,0.8,-0.019204,1,0,0
0.56,0.8,-0.0098733,1,0,0
0.58,0.8,-0.025775,1,0,0
0.6,0.8,-0.025756,1,0,0
0.62,0.8,-0.025951,1,0,0
0.64,0.8,-0.00013884,1,0,0
0.66,0.8,0.0079428,1,0,0
0.68,0.8,0.010159,1,0,0
0.7,0.8,0.014922,1,0,0
0.72,0.8,-0.0056329,1,0,0
0.74,0.8,-0.019086,1,0,0
0.76,0.8,-0.034968,1,0,0
0.78,0.8,-0.045811,1,0,0
0.8,0.8,-0.050536,1,0,0
0.82,0.8,-0.043912,1,0,0
0.84,0.8,-0.02916,1,0,0
0.86,0.8,-0.041632,1,0,0
0.88,0.8,-0.041529,1,0,0
0.9,0.8,-0.052551,1,0,0
0.92,0.8,-0.04052,1,0,0
0.94,0.8,-0.054576,1,0,0
0.96,0.8,-0.03716,1,0,0
0.98,0.8,-0.033278,1,0,0
0.02,0.82,-0.053651,1,0,0
0.04,0.82,-0.029944,1,0,0
0.06,0.82,-0.02469,1,0,0
0.08,0.82,-0.039082,1,0,0
0.1,0.82,-0.016625,1,0,0
0.12,0.82,-0.021599,1,0,0
0.14,0.82,-0.0080466,1,0,0
0.16,0.82,-0.033105,1,0,0
0.18,0.82,-0.033132,1,0,0
0.2,0.82,-0.042422,1,0,0
0.22,0.82,-0.055728,1,0,0
0.24,0.82,-0.041618,1,0,0
0.26,0.82,-0.035352,1,0,0
0.28,0.82,-0.025637,1,0,0
0.3,0.82,-0.042225,1,0,0
0.32,0.82,-0.037203,1,0,0
0.34,0.82,-0.042249,1,0,0
0.36,0.82,-0.048793,1,0,0
0.38,0.82,-0.031581,1,0,0
0.4,0.82,-0.028884,1,0,0
0.42,0.82,-0.045282,1,0,0
0.44,0.82,-0.055385,1,0,0
0.46,0.82,-0.035375,1,0,0
0.48,0.82,-0.0074131,1,0,0
0.5,0.82,-0.023197,1,0,0
0.52,0.82,-0.024649,1,0,0
0.54,0.82,0.0030438,1,0,0
0.56,0.82,-0.006417,1,0,0
0.58,0.82,-0.0048244,1,0,0
0.6,0.82,-0.007613,1,0,0
0.62,0.82,0.0011748,1,0,0
0.64,0.82,-0.017313,1,0,0
0.66,0.82,0.00064183,1,0,0
0.68,0.82,0.0097826,1,0,0
0.7,0.82,-0.0027762,1,0,0
0.72,0.82,0.0041768,1,0,0
0.74,0.82,-0.0029818,1,0,0
0.76,0.82,-0.0078966,1,0,0
0.78,0.82,-0.032568,1,0,0
0.8,0.82,-0.042235,1,0,0
0.82,0.82,-0.044818,1,0,0
0.84,0.82,-0.040677,1,0,0
0.86,0.82,-0.031099,1,0,0
0.88,0.82,-0.046014,1,0,0
0.9,0.82,-0.047469,1,0,0
0.92,0.82,-0.039568,1,0,0
0.94,0.82,-0.059466,1,0,0
0.96,0.82,-0.027819,1,0,0
0.98,0.82,-0.019303,1,0,0
0.02,0.84,-0.039949,1,0,0
0.04,0.84,-0.0082106,1,0,0
0.06,0.84,-0.0084737,1,0,0
0.08,0.84,-0.0042121,1,0,0
0.1,0.84,-0.0084761,1,0,0
0.12,0.84,-0.0119,1,0,0
0.14,0.84,-0.017094,1,0,0
0.16,0.84,-0.0041028,1,0,0
0.18,0.84,-0.024123,1,0,0
0.2,0.84,-0.021852,1,0,0
0.22,0.84,-0.019999,1,0,0
0.24,0.84,-0.024441,1,0,0
0.26,0.84,-0.028395,1,0,0
0.28,0.84,-0.046153,1,0,0
0.3,0.84,-0.012539,1,0,0
0.32,0.84,-0.03057,1,0,0
0.34,0.84,-0.031323,1,0,0
0.36,0.84,-0.053142,1,0,0
0.38,0.84,-0.032099,1,0,0
0.4,0.84,-0.042367,1,0,0
0.42,0.84,-0.01644,1,0,0
0.44,0.84,-0.026662,1,0,0
0.46,0.84,-0.027272,1,0,0
0.48,0.84,-0.031646,1,0,0
0.5,0.84,-0.0094132,1,0,0
0.52,0.84,-0.0054032,1,0,0
0.54,0.84,-0.010234,1,0,0
0.56,0.84,-0.01426,1,0,0
0.58,0.84,0.0045098,1,0,0
0.6,0.84,0.014454,1,0,0
0.62,0.84,0.0086955,1,0,0
0.64,0.84,-0.0010862,1,0,0
0.66,0.84,0.007244,1,0,0
0.68,0.84,0.013817,1,0,0
0.7,0.84,0.017061,1,0,0
0.72,0.84,0.022222,1,0,0
0.74,0.84,0.013127,1,0,0
0.76,0.84,-0.021179,1,0,0
0.78,0.84,-0.023408,1,0,0
0.8,0.84,-0.027718,1,0,0
0.82,0.84,-0.019479,1,0,0
0.84,0.84,-0.010212,1,0,0
0.86,0.84,-0.032724,1,0,0
0.88,0.84,-0.045874,1,0,0
0.9,0.84,-0.04199,1,0,0
0.92,0.84,-0.024089,1,0,0
0.94,0.84,-0.03045,1,0,0
0.96,0.84,-0.016534,1,0,0
0.98,0.84,-0.025311,1,0,0
0.02,0.86,-0.026336,1,0,0
0.04,0.86,-0.015926,1,0,0
0.06,0.86,0.0098083,1,0,0
0.08,0.86,0.014921,1,0,0
0.1,0.86,0.012842,1,0,0
0.12,0.86,0.0047401,1,0,0
0.14,0.86,0.0098219,1,0,0
0.16,0.86,-0.010612,1,0,0
0.18,0.86,-0.023223,1,0,0
0.2,0.86,-0.026837,1,0,0
0.22,0.86,-0.005207,1,0,0
0.24,0.86,-0.026411,1,0,0
0.26,0.86,-0.031755,1,0,0
0.28,0.86,-0.031365,1,0,0
0.3,0.86,-0.025194,1,0,0
0.32,0.86,-0.026566,1,0,0
0.34,0.86,-0.026425,1,0,0
0.36,0.86,-0.038889,1,0,0
0.38,0.86,-0.042695,1,0,0
0.4,0.86,-0.041893,1,0,0
0.42,0.86,-0.036362,1,0,0
0.44,0.86,-0.04221,1,0,0
0.46,0.86,-0.036261,1,0,0
0.48,0.86,-0.027302,1,0,0
0.5,0.86,0.031072,1,0,0
0.52,0.86,-0.0084512,1,0,0
0.54,0.86,-0.01302,1,0,0
0.56,0.86,-0.031394,1,0,0
0.58,0.86,-0.010089,1,0,0
0.6,0.86,0.00094805,1,0,0
0.62,0.86,0.017782,1,0,0
0.64,0.86,0.0090779,1,0,0
0.66,0.86,0.0045993,1,0,0
0.68,0.86,0.0043655,1,0,0
0.7,0.86,0.025205,1,0,0
0.72,0.86,0.022761,1,0,0
0.74,0.86,0.015705,1,0,0
0.76,0.86,-0.0041021,1,0,0
0.78,0.86,-0.017645,1,0,0
0.8,0.86,-0.010332,1,0,0
0.82,0.86,-0.028142,1,0,0
0.84,0.86,-0.017716,1,0,0
0.86,0.86,-0.018638,1,0,0
0.88,0.86,-0.0066981,1,0,0
0.9,0.86,-0.010047,1,0,0
0.92,0.86,0.0058737,1,0,0
0.94,0.86,-0.012205,1,0,0
0.96,0.86,-0.02023,1,0,0
0.98,0.86,-0.014901,1,0,0
0.02,0.88,-0.023415,1,0,0
0.04,0.88,0.023866,1,0,0
0.06,0.88,0.032427,1,0,0
0.08,0.88,0.024075,1,0,0
0.1,0.88,0.0022865,1,0,0
0.12,0.88,-0.019279,1,0,0
0.14,0.88,0.0030292,1,0,0
0.16,0.88,-0.013711,1,0,0
0.18,0.88,-0.016871,1,0,0
0.2,0.88,-0.0030023,1,0,0
0.22,0.88,0.0047801,1,0,0
0.24,0.88,-0.019295,1,0,0
0.26,0.88,-0.030641,1,0,0
0.28,0.88,-0.035576,1,0,0
0.3,0.88,-0.043384,1,0,0
0.32,0.88,-0.037336,1,0,0
0.34,0.88,-0.024632,1,0,0
0.36,0.88,-0.042331,1,0,0
0.38,0.88,-0.036039,1,0,0
0.4,0.88,-0.037408,1,0,0
0.42,0.88,-0.021147,1,0,0
0.44,0.88,-0.026158,1,0,0
0.46,0.88,-0.0094563,1,0,0
0.48,0.88,-0.007045,1,0,0
0.5,0.88,-0.0083334,1,0,0
0.52,0.88,-0.019486,1,0,0
0.54,0.88,-0.020079,1,0,0
0.56,0.88,-0.0049815,1,0,0
0.58,0.88,0.0034784,1,0,0
0.6,0.88,-0.01437,1,0,0
0.62,0.88,0.011022,1,0,0
0.64,0.88,0.0063381,1,0,0
0.66,0.88,-0.006751,1,0,0
0.68,0.88,0.01222,1,0,0
0.7,0.88,0.0048687,1,0,0
0.72,0.88,0.016485,1,0,0
0.74,0.88,0.0083323,1,0,0
0.76,0.88,0.00020825,1,0,0
0.78,0.88,-0.0064663,1,0,0
0.8,0.88,-0.0045144,1,0,0
0.82,0.88,-0.024737,1,0,0
0.84,0.88,-0.019724,1,0,0
0.86,0.88,-0.0043805,1,0,0
0.88,0.88,-0.0060851,1,0,0
0.9,0.88,-0.0042599,1,0,0
0.92,0.88,-0.00099897,1,0,0
0.94,0.88,7.5134e-05,1,0,0
0.96,0.88,-0.0011259,1,0,0
0.98,0.88,-0.012835,1,0,0
0.02,0.9,0.020516,1,0,0
0.04,0.9,0.040864,1,0,0
0.06,0.9,0.033976,1,0,0
0.08,0.9,0.025092,1,0,0
0.1,0.9,0.010798,1,0,0
0.12,0.9,0.0092386,1,0,0
0.14,0.9,-0.00095841,1,0,0
0.16,0.9,-0.010468,1,0,0
0.18,0.9,-0.010302,1,0,0
0.2,0.9,-0.013555,1,0,0
0.22,0.9,0.0074791,1,0,0
0.24,0.9,0.018594,1,0,0
0.26,0.9,-0.004404,1,0,0
0.28,0.9,-0.021432,1,0,0
0.3,0.9,-0.031731,1,0,0
0.32,0.9,-0.032472,1,0,0
0.34,0.9,-0.020944,1,0,0
0.36,0.9,-0.042607,1,0,0
0.38,0.9,-0.018051,1,0,0
0.4,0.9,-0.016941,1,0,0
0.42,0.9,-0.033775,1,0,0
0.44,0.9,-0.0043062,1,0,0
0.46,0.9,-0.0043803,1,0,0
0.48,0.9,-0.0014578,1,0,0
0.5,0.9,-0.0013455,1,0,0
0.52,0.9,0.0048138,1,0,0
0.54,0.9,-0.0115,1,0,0
0.56,0.9,0.016459,1,0,0
0.58,0.9,0.0086767,1,0,0
0.6,0.9,0.011641,1,0,0
0.62,0.9,0.0074735,1,0,0
0.64,0.9,0.0060719,1,0,0
0.66,0.9,-0.0049791,1,0,0
0.68,0.9,0.0060296,1,0,0
0.7,0.9,0.005903,1,0,0
0.72,0.9,0.01463,1,0,0
0.74,0.9,0.014456,1,0,0
0.76,0.9,0.028566,1,0,0
0.78,0.9,0.014228,1,0,0
0.8,0.9,-0.012142,1,0,0
0.82,0.9,-0.014328,1,0,0
0.84,0.9,-0.010283,1,0,0
0.86,0.9,0.012507,1,0,0
0.88,0.9,0.022264,1,0,0
0.9,0.9,0.034974,1,0,0
0.92,0.9,0.018836,1,0,0
0.94,0.9,-0.011917,1,0,0
0.96,0.9,0.0017278,1,0,0
0.98,0.9,0.0093326,1,0,0
0.02,0.92,0.021832,1,0,0
0.04,0.92,0.014551,1,0,0
0.06,0.92,0.032714,1,0,0
0.08,0.92,0.010293,1,0,0
0.1,0.92,0.01997,1,0,0
0.12,0.92,0.0022788,1,0,0
0.14,0.92,-0.002634,1,0,0
0.16,0.92,-0.038285,1,0,0
0.18,0.92,-0.038297,1,0,0
0.2,0.92,-0.013931,1,0,0
0.22,0.92,0.0099268,1,0,0
0.24,0.92,0.0044917,1,0,0
0.26,0.92,0.002797,1,0,0
0.28,0.92,-0.013829,1,0,0
0.3,0.92,-0.027689,1,0,0
0.32,0.92,0.005954,1,0,0
0.34,0.92,-0.016395,1,0,0
0.36,0.92,-0.042435,1,0,0
0.38,0.92,-0.078266,1,0,0
0.4,0.92,-0.021572,1,0,0
0.42,0.92,-0.033513,1,0,0
0.44,0.92,-0.010297,1,0,0
0.46,0.92,0.0034083,1,0,0
0.48,0.92,0.00037353,1,0,0
0.5,0.92,-0.0056274,1,0,0
0.52,0.92,0.01192,1,0,0
0.54,0.92,0.0085834,1,0,0
0.56,0.92,0.01606,1,0,0
0.58,0.92,0.010272,1,0,0
0.6,0.92,0.016413,1,0,0
0.62,0.92,0.0094058,1,0,0
0.64,0.92,-0.018512,1,0,0
0.66,0.92,-0.03243,1,0,0
0.68,0.92,0.011774,1,0,0
0.7,0.92,-0.00078515,1,0,0
0.72,0.92,-0.0052853,1,0,0
0.74,0.92,0.019992,1,0,0
0.76,0.92,-0.0020805,1,0,0
0.78,0.92,-0.019792,1,0,0
0.8,0.92,-0.018187,1,0,0
0.82,0.92,-0.019739,1,0,0
0.84,0.92,0.0087929,1,0,0
0.86,0.92,0.0057707,1,0,0
0.88,0.92,0.021982,1,0,0
0.9,0.92,0.029268,1,0,0
0.92,0.92,0.011869,1,0,0
0.94,0.92,-0.0085769,1,0,0
0.96,0.92,-0.033527,1,0,0
0.98,0.92,-0.012961,1,0,0
0.02,0.94,0.0016229,1,0,0
0.04,0.94,0.015283,1,0,0
0.06,0.94,0.0028927,1,0,0
0.08,0.94,0.0024054,1,0,0
0.1,0.94,0.0011054,1,0,0
0.12,0.94,-0.0020448,1,0,0
0.14,0.94,-0.018466,1,0,0
0.16,0.94,-0.033019,1,0,0
0.18,0.94,-0.030876,1,0,0
0.2,0.94,-0.025877,1,0,0
0.22,0.94,-0.0036277,1,0,0
0.24,0.94,-0.00081765,1,0,0
0.26,0.94,-0.014751,1,0,0
0.28,0.94,-0.022733,1,0,0
0.3,0.94,-0.02589,1,0,0
0.32,0.94,-0.013432,1,0,0
0.34,0.94,-0.011643,1,0,0
0.36,0.94,-0.032103,1,0,0
0.38,0.94,-0.013959,1,0,0
0.4,0.94,-0.029443,1,0,0
0.42,0.94,-0.032592,1,0,0
0.44,0.94,-0.0094603,1,0,0
0.46,0.94,-0.0084342,1,0,0
0.48,0.94,0.0021215,1,0,0
0.5,0.94,0.0088911,1,0,0
0.52,0.94,0.006557,1,0,0
0.54,0.94,-0.0079885,1,0,0
0.56,0.94,0.022569,1,0,0
0.58,0.94,0.014366,1,0,0
0.6,0.94,0.021915,1,0,0
0.62,0.94,-0.0033407,1,0,0
0.64,0.94,-0.0023216,1,0,0
0.66,0.94,-0.02044,1,0,0
0.68,0.94,-0.023477,1,0,0
0.7,0.94,-0.021333,1,0,0
0.72,0.94,-0.004027,1,0,0
0.74,0.94,0.0070163,1,0,0
0.76,0.94,0.0030924,1,0,0
0.78,0.94,-0.015549,1,0,0
0.8,0.94,-0.038541,1,0,0
0.82,0.94,-0.04532,1,0,0
0.84,0.94,-0.040782,1,0,0
0.86,0.94,-0.012508,1,0,0
0.88,0.94,0.0015771,1,0,0
0.9,0.94,-0.00044721,1,0,0
0.92,0.94,0.0011193,1,0,0
0.94,0.94,-0.026917,1,0,0
0.96,0.94,-0.020882,1,0,0
0.98,0.94,0.0019703,1,0,0
0.02,0.96,-0.026454,1,0,0
0.04,0.96,0.017549,1,0,0
0.06,0.96,0.015269,1,0,0
0.08,0.96,0.0037378,1,0,0
0.1,0.96,-0.010978,1,0,0
0.12,0.96,-0.033686,1,0,0
0.14,0.96,-0.034252,1,0,0
0.16,0.96,-0.038916,1,0,0
0.18,0.96,-0.028036,1,0,0
0.2,0.96,-0.027569,1,0,0
0.22,0.96,-0.027225,1,0,0
0.24,0.96,-0.047756,1,0,0
0.26,0.96,-0.053329,1,0,0
0.28,0.96,-0.034157,1,0,0
0.3,0.96,-0.020483,1,0,0
0.32,0.96,-0.021649,1,0,0
0.34,0.96,-0.0029121,1,0,0
0.36,0.96,-0.0096517,1,0,0
0.38,0.96,-0.0046632,1,0,0
0.4,0.96,-0.028594,1,0,0
0.42,0.96,-0.01935,1,0,0
0.44,0.96,-0.025935,1,0,0
0.46,0.96,0.006258,1,0,0
0.48,0.96,0.014549,1,0,0
0.5,0.96,-0.0039192,1,0,0
0.52,0.96,-0.017005,1,0,0
0.54,0.96,-0.011357,1,0,0
0.56,0.96,0.0084385,1,0,0
0.58,0.96,0.017909,1,0,0
0.6,0.96,-0.011218,1,0,0
0.62,0.96,-0.0053218,1,0,0
0.64,0.96,-0.0087573,1,0,0
0.66,0.96,-0.015877,1,0,0
0.68,0.96,-0.018568,1,0,0
0.7,0.96,-0.040512,1,0,0
0.72,0.96,-0.0093677,1,0,0
0.74,0.96,-0.0083759,1,0,0
0.76,0.96,-0.022723,1,0,0
0.78,0.96,-0.029301,1,0,0
0.8,0.96,-0.039048,1,0,0
0.82,0.96,-0.065983,1,0,0
0.84,0.96,-0.057535,1,0,0
0.86,0.96,-0.038572,1,0,0
0.88,0.96,-0.046429,1,0,0
0.9,0.96,-0.043149,1,0,0
0.92,0.96,-0.024014,1,0,0
0.94,0.96,-0.0073581,1,0,0
0.96,0.96,0.010477,1,0,0
0.98,0.96,0.011295,1,0,0
0.02,0.98,-0.021813,1,0,0
0.04,0.98,-0.012443,1,0,0
0.06,0.98,-0.0073678,1,0,0
0.08,0.98,-0.0086074,1,0,0
0.1,0.98,-0.0089667,1,0,0
0.12,0.98,-0.033403,1,0,0
0.14,0.98,-0.03681,1,0,0
0.16,0.98,-0.046896,1,0,0
0.18,0.98,-0.045831,1,0,0
0.2,0.98,-0.051733,1,0,0
0.22,0.98,-0.041333,1,0,0
0.24,0.98,-0.072617,1,0,0
0.26,0.98,-0.060535,1,0,0
0.28,0.98,-0.035835,1,0,0
0.3,0.98,-0.0051486,1,0,0
0.32,0.98,0.0052188,1,0,0
0.34,0.98,0.018052,1,0,0
0.36,0.98,0.020068,1,0,0
0.38,0.98,0.0018162,1,0,0
0.4,0.98,-0.017776,1,0,0
0.42,0.98,-0.022837,1,0,0
0.44,0.98,-0.028948,1,0,0
0.46,0.98,0.0010346,1,0,0
0.48,0.98,0.034295,1,0,0
0.5,0.98,0.059041,1,0,0
0.52,0.98,0.0094533,1,0,0
0.54,0.98,0.023748,1,0,0
0.56,0.98,-0.0068804,1,0,0
0.58,0.98,0.00064706,1,0,0
0.6,0.98,-0.0028684,1,0,0
0.62,0.98,0.0014773,1,0,0
0.64,0.98,-0.015845,1,0,0
0.66,0.98,-0.015214,1,0,0
0.68,0.98,-0.045558,1,0,0
0.7,0.98,-0.052653,1,0,0
0.72,0.98,-0.02784,1,0,0
0.74,0.98,-0.02013,1,0,0
0.76,0.98,-0.028953,1,0,0
0.78,0.98,-0.044784,1,0,0
0.8,0.98,-0.05394,1,0,0
0.82,0.98,-0.065476,1,0,0
0.84,0.98,-0.048825,1,0,0
0.86,0.98,-0.062995,1,0,0
0.88,0.98,-0.058319,1,0,0
0.9,0.98,-0.051118,1,0,0
0.92,0.98,-0.022916,1,0,0
0.94,0.98,-0.013372,1,0,0
0.96,0.98,-0.015074,1,0,0
0.98,0.98,0.0021156,1,0,0
0,0,-0.044183,-1,0,0
0.02,0,-0.044183,-1,0,0
0.04,0,-0.028731,-1,0,0
0.06,0,-0.031628,-1,0,0
0.08,0,-0.028803,-1,0,0
0.1,0,-0.032219,-1,0,0
0.12,0,-0.025646,-1,0,0
0.14,0,-0.024952,-1,0,0
0.16,0,-0.038398,-1,0,0
0.18,0,-0.060049,-1,0,0
0.2,0,-0.039216,-1,0,0
0.22,0,-0.014126,-1,0,0
0.24,0,-0.022974,-1,0,0
0.26,0,-0.016272,-1,0,0
0.28,0,-0.029409,-1,0,0
0.3,0,-0.024333,-1,0,0
0.32,0,-0.0096272,-1,0,0
0.34,0,-0.0099259,-1,0,0
0.36,0,-0.033524,-1,0,0
0.38,0,-0.027657,-1,0,0
0.4,0,-0.048019,-1,0,0
0.42,0,-0.053238,-1,0,0
0.44,0,-0.076496,-1,0,0
0.46,0,-0.0616,-1,0,0
0.48,0,-0.058296,-1,0,0
0.5,0,-0.058539,-1,0,0
0.52,0,-0.054063,-1,0,0
0.54,0,-0.04101,-1,0,0
0.56,0,-0.043189,-1,0,0
0.58,0,-0.050621,-1,0,0
0.6,0,-0.036917,-1,0,0
0.62,0,-0.04332,-1,0,0
0.64,0,-0.055398,-1,0,0
0.66,0,-0.060036,-1,0,0
0.68,0,-0.047621,-1,0,0
0.7,0,-0.042243,-1,0,0
0.72,0,-0.04327,-1,0,0
0.74,0,-0.0078769,-1,0,0
0.76,0,-0.017205,-1,0,0
0.78,0,-0.0057614,-1,0,0
0.8,0,-0.015514,-1,0,0
0.82,0,-0.016195,-1,0,0
0.84,0,-0.026872,-1,0,0
0.86,0,-0.036448,-1,0,0
0.88,0,-0.006931,-1,0,0
0.9,0,-0.019804,-1,0,0
0.92,0,-0.012391,-1,0,0
0.94,0,-0.02755,-1,0,0
0.96,0,-0.0086633,-1,0,0
0.98,0,0.013899,-1,0,0
1,0,0.024081,-1,0,0
1,0.02,0.012508,-1,0,0
1,0.04,0.013376,-1,0,0
1,0.06,-0.0456,-1,0,0
1,0.08,-0.074611,-1,0,0
1,0.1,-0.076259,-1,0,0
1,0.12,-0.066467,-1,0,0
1,0.14,-0.067697,-1,0,0
1,0.16,-0.056259,-1,0,0
1,0.18,-0.077634,-1,0,0
1,0.2,-0.043245,-1,0,0
1,0.22,-0.061339,-1,0,0
1,0.24,-0.066068,-1,0,0
1,0.26,-0.048608,-1,0,0
1,0.28,-0.023711,-1,0,0
1,0.3,0.0054202,-1,0,0
1,0.32,0.02239,-1,0,0
1,0.34,0.021347,-1,0,0
1,0.36,0.0091778,-1,0,0
1,0.38,-0.012425,-1,0,0
1,0.4,-0.0078196,-1,0,0
1,0.42,-0.043665,-1,0,0
1,0.44,-0.054362,-1,0,0
1,0.46,-0.05032,-1,0,0
1,0.48,-0.021585,-1,0,0
1,0.5,-0.022262,-1,0,0
1,0.52,-0.010363,-1,0,0
1,0.54,-0.016751,-1,0,0
1,0.56,-0.011787,-1,0,0
1,0.58,-0.0065988,-1,0,0
1,0.6,-0.014586,-1,0,0
1,0.62,-0.017243,-1,0,0
1,0.64,-0.037731,-1,0,0
1,0.66,-0.063139,-1,0,0
1,0.68,-0.070678,-1,0,0
1,0.7,-0.059565,-1,0,0
1,0.72,-0.066271,-1,0,0
1,0.74,-0.06556,-1,0,0
1,0.76,-0.065579,-1,0,0
1,0.78,-0.037027,-1,0,0
1,0.8,-0.035587,-1,0,0
1,0.82,-0.014261,-1,0,0
1,0.84,-0.01181,-1,0,0
1,0.86,-0.0086377,-1,0,0
1,0.88,-0.013924,-1,0,0
1,0.9,0.0039394,-1,0,0
1,0.92,0.0056712,-1,0,0
1,0.94,0.016571,-1,0,0
1,0.96,0.024476,-1,0,0
1,0.98,0.014833,-1,0,0
1,1,0.0030692,-1,0,0
0.98,1,-0.0049603,-1,0,0
0.96,1,-0.025188,-1,0,0
0.94,1,-0.039645,-1,0,0
0.92,1,-0.019003,-1,0,0
0.9,1,-0.061605,-1,0,0
0.88,1,-0.085167,-1,0,0
0.86,1,-0.065201,-1,0,0
0.84,1,-0.031698,-1,0,0
0.82,1,-0.051172,-1,0,0
0.8,1,-0.062988,-1,0,0
0.78,1,-0.054623,-1,0,0
0.76,1,-0.054483,-1,0,0
0.74,1,-0.038781,-1,0,0
0.72,1,-0.063565,-1,0,0
0.7,1,-0.064378,-1,0,0
0.68,1,-0.058429,-1,0,0
0.66,1,-0.047422,-1,0,0
0.64,1,-0.02888,-1,0,0
0.62,1,-0.0043719,-1,0,0
0.6,1,0.0060854,-1,0,0
0.58,1,0.0015253,-1,0,0
0.56,1,-0.0036647,-1,0,0
0.54,1,0.0066484,-1,0,0
0.52,1,0.018361,-1,0,0
0.5,1,0.042369,-1,0,0
0.48,1,0.035672,-1,0,0
0.46,1,0.014394,-1,0,0
0.44,1,-0.012987,-1,0,0
0.42,1,0.0009138,-1,0,0
0.4,1,-0.0090014,-1,0,0
0.38,1,0.015576,-1,0,0
0.36,1,0.005278,-1,0,0
0.34,1,0.016162,-1,0,0
0.32,1,0.0043268,-1,0,0
0.3,1,-0.0083723,-1,0,0
0.28,1,-0.064457,-1,0,0
0.26,1,-0.075746,-1,0,0
0.24,1,-0.079406,-1,0,0
0.22,1,-0.05512,-1,0,0
0.2,1,-0.050866,-1,0,0
0.18,1,-0.051103,-1,0,0
0.16,1,-0.071861,-1,0,0
0.14,1,-0.089342,-1,0,0
0.12,1,-0.057751,-1,0,0
0.1,1,-0.0345,-1,0,0
0.08,1,-0.022607,-1,0,0
0.06,1,-0.016326,-1,0,0
0.04,1,0.0027433,-1,0,0
0.02,1,-0.013473,-1,0,0
0,1,-0.01486,-1,0,0
0,0.98,-0.037383,-1,0,0
0,0.96,-0.028977,-1,0,0
0,0.94,-0.012282,-1,0,0
0,0.92,-0.0062351,-1,0,0
0,0.9,-0.0042234,-1,0,0
0,0.88,-0.031167,-1,0,0
0,0.86,-0.036777,-1,0,0
0,0.84,-0.040996,-1,0,0
0,0.82,-0.040417,-1,0,0
0,0.8,-0.058895,-1,0,0
0,0.78,-0.028199,-1,0,0
0,0.76,-0.019005,-1,0,0
0,0.74,-0.0083384,-1,0,0
0,0.72,-0.036967,-1,0,0
0,0.7,-0.051793,-1,0,0
0,0.68,-0.066158,-1,0,0
0,0.66,-0.039887,-1,0,0
0,0.64,-0.036867,-1,0,0
0,0.62,-0.020758,-1,0,0
0,0.6,-0.037233,-1,0,0
0,0.58,-0.031194,-1,0,0
0,0.56,-0.017944,-1,0,0
0,0.54,-0.058897,-1,0,0
0,0.52,-0.070464,-1,0,0
0,0.5,-0.056748,-1,0,0
0,0.48,-0.039958,-1,0,0
0,0.46,-0.061539,-1,0,0
0,0.44,-0.057089,-1,0,0
0,0.42,-0.085642,-1,0,0
0,0.4,-0.052694,-1,0,0
0,0.38,-0.038664,-1,0,0
0,0.36,-0.016941,-1,0,0
0,0.34,-0.0042066,-1,0,0
0,0.32,-0.0061266,-1,0,0
0,0.3,-0.0087085,-1,0,0
0,0.28,0.0094892,-1,0,0
0,0.26,-0.0080307,-1,0,0
0,0.24,-0.031343,-1,0,0
0,0.22,-0.046052,-1,0,0
0,0.2,-0.043385,-1,0,0
0,0.18,-0.067128,-1,0,0
0,0.16,-0.048149,-1,0,0
0,0.14,-0.077683,-1,0,0
0,0.12,-0.075851,-1,0,0
0,0.1,-0.050496,-1,0,0
0,0.08,-0.0289,-1,0,0
0,0.06,-0.03645,-1,0,0
0,0.04,-0.042974,-1,0,0
0,0.02,-0.071422,-1,0,0
