0.0054174,0.0054174,-0.015688,-0.018894,-0.0094601,-0.0045514,-0.0068701,-0.012706,-0.033746,-0.021741,-0.0045558,-0.021451,-0.024824,-0.032721,-0.050616,-0.05154,-0.048924,-0.038274,-0.035409,-0.014731,0.013662,0.00071209,0.0090718,0.026703,0.026019,0.007035,0.021443,0.026269,0.012746,0.020986,0.032693,0.039954,0.058929,0.020752,0.011226,0.038981,0.061798,0.065651,0.058959,0.055176,0.063638,0.08845,0.088863,0.063197,0.059968,0.056215,0.049393,0.031947,0.0078446,0.027587,0.03115
0.01639,-0.0046887,-0.02199,-0.030586,0.0067904,-0.023435,-0.046809,-0.03155,-0.026099,-0.029578,-0.015219,-0.02121,-0.026723,-0.028403,-0.0037426,-0.050296,-0.076118,-0.079498,-0.028784,-0.017106,-0.0037798,0.014406,0.015829,0.019124,0.0052946,0.0061713,0.0061182,0.0023904,0.014965,0.046071,0.031624,0.041003,0.056107,0.039204,0.0029714,0.025593,0.035045,0.045635,0.060139,0.040021,0.041319,0.05749,0.05087,0.054836,0.060429,0.059453,0.030518,0.040606,0.010087,0.0068153,0.029591
0.029004,-0.016152,-0.022747,-0.012266,0.013835,-0.034345,-0.045596,-0.063235,-0.046046,-0.029617,-0.0043082,-0.011091,-0.016818,-0.0052839,0.0012716,-0.038846,-0.05731,-0.043725,-0.029643,-0.016577,-0.0096772,-0.0058471,0.027091,0.027656,0.019677,0.007583,0.0036622,-0.0043736,0.0065021,0.043525,0.045344,0.029776,0.045083,0.038934,0.0012818,0.023103,0.036494,0.044193,0.022767,0.025943,0.01047,0.036987,0.04957,0.079334,0.056767,0.052327,0.035003,0.031035,0.0043724,-0.00026806,0.02209
0.023377,0.0088251,0.01013,-0.018996,-0.023779,-0.026159,-0.045526,-0.042009,-0.033136,-0.019299,0.013181,0.0035278,0.020032,0.010058,-0.00074644,-0.0088762,-0.025591,-0.01828,-0.0048812,-0.013719,0.012453,0.014629,0.025042,0.029763,0.03711,0.032229,0.021643,0.040355,0.023532,0.021673,0.021267,0.04134,0.05154,0.027616,0.02167,0.020027,0.043408,0.046688,0.045301,0.046018,0.031274,0.060055,0.062705,0.049866,0.071702,0.080257,0.053536,0.046159,0.0052869,0.023098,0.024141
0.019435,0.016346,0.02001,-0.0029187,-0.015817,-0.020373,-0.027977,-0.067211,-0.036237,-0.010203,0.016325,0.042961,0.051521,0.01783,0.0080022,-0.0094465,-0.0034998,0.0078363,0.0018903,0.025174,0.018454,0.027034,0.048679,0.05952,0.05999,0.028088,0.0057135,0.010145,0.0066266,-0.0054181,0.022477,0.024044,0.027764,0.024263,0.0080085,0.016294,0.033569,0.038099,0.050073,0.039529,0.053673,0.048561,0.056848,0.036008,0.054009,0.054274,0.027961,0.010249,0.027095,0.034978,0.046384
0.035384,0.016108,0.026477,0.0030094,-0.019453,-0.027336,-0.029884,-0.032226,-0.021346,0.012042,0.020585,0.023944,0.048558,0.053813,0.030569,0.02889,0.021457,0.024541,0.035017,0.027271,0.02407,0.03655,0.05206,0.061027,0.061679,0.022343,0.022223,0.011646,0.012475,0.0051685,0.02297,0.0024503,0.010325,0.029145,0.020024,-0.0031865,0.020501,0.031297,0.055164,0.060238,0.052004,0.038322,0.046696,0.05241,0.06442,0.055856,0.028791,0.017373,0.022054,0.041909,0.061613
0.049745,0.020436,0.000477,0.019479,-0.018969,-0.014943,-0.018679,-0.011376,-0.0026097,0.0093004,0.016779,0.035716,0.047147,0.030178,0.058058,0.064414,0.058597,0.068286,0.075082,0.027869,0.021741,0.02648,0.061729,0.026347,0.046009,0.042083,0.00064024,0.012357,0.010909,0.026749,0.036269,0.012432,0.0022309,-0.0026721,0.0046063,-0.0065746,0.023124,0.034889,0.029008,0.038141,0.033731,0.026218,0.032901,0.052388,0.056771,0.046271,0.016829,0.016895,0.035698,0.051441,0.069488
0.035396,0.030205,0.043414,0.028772,0.0014361,-0.015515,0.0064883,0.015652,0.00053089,0.0080291,0.046632,0.034641,0.068696,0.05466,0.06456,0.086446,0.087364,0.070112,0.072286,0.044625,0.058203,0.062282,0.054379,0.03101,0.041281,0.030623,0.02756,0.01109,0.0031744,0.015352,0.02783,0.035896,0.027595,0.011405,-0.024627,-0.004124,0.01058,0.018157,-0.0022323,0.036471,0.029564,0.023057,0.017469,0.030685,0.030033,0.021868,0.028661,0.030502,0.020546,0.06355,0.096824
0.022896,0.011798,0.031481,0.015297,0.018614,-0.0019915,-0.0045326,-0.0091188,0.011766,0.040181,0.049585,0.061821,0.073622,0.048912,0.075159,0.076075,0.093126,0.074868,0.081357,0.064282,0.056438,0.048968,0.045785,0.038895,0.065433,0.061802,0.030877,0.010622,0.014909,0.018638,0.026227,0.03959,0.016089,-0.0028488,-0.015278,0.015889,-0.0059392,0.0042436,0.010697,0.015576,0.016786,0.0246,0.0085311,0.028178,0.0078698,0.026614,-0.0053594,0.034759,0.053343,0.086212,0.096914
0.030981,0.03111,0.032988,0.023031,0.030989,-0.0055194,-0.00014751,0.015251,0.044899,0.058875,0.084345,0.053829,0.090472,0.082969,0.073483,0.095168,0.097293,0.088254,0.094229,0.081891,0.082015,0.068053,0.067297,0.066787,0.081402,0.086634,0.076529,0.054262,0.013899,0.025511,0.022175,0.0226,0.017672,0.00065965,0.0051379,0.0048091,-0.020367,0.0016749,0.015663,0.01349,0.0067425,0.025707,0.011608,0.021046,0.024119,0.019481,0.014178,0.044043,0.055602,0.084697,0.077613
0.029693,0.031545,0.026368,0.030527,0.028321,-0.0033809,-0.0029913,-0.0033645,0.0049611,0.018297,0.062609,0.057009,0.078153,0.066636,0.055685,0.078293,0.077526,0.089169,0.081012,0.085529,0.088582,0.077827,0.090404,0.080954,0.074054,0.076187,0.064053,0.024899,0.0045183,0.021923,0.031223,0.020725,0.013338,-0.012389,-0.0081065,-0.010761,-0.022047,-0.0099464,-0.016198,-0.017486,-0.0067401,0.0064198,0.0046219,0.0041698,0.032319,0.020773,0.020255,0.035998,0.055922,0.069469,0.078266
0.048959,0.053514,0.044351,0.031333,0.019366,0.010751,0.010351,0.039772,-0.006132,0.018803,0.038311,0.069029,0.07511,0.076063,0.075959,0.076356,0.085966,0.080437,0.09388,0.098245,0.10992,0.11632,0.11081,0.097515,0.085879,0.072414,0.070701,0.047705,0.04387,0.039399,0.034783,0.026873,0.039449,0.00068244,-0.023454,-0.013677,-0.019094,-0.027965,-0.0031687,-0.021991,0.0083551,0.0038595,0.0022113,0.030638,0.061946,0.065057,0.048389,0.061534,0.041488,0.04803,0.076872
0.058788,0.027703,0.013213,0.019686,0.018902,0.02401,0.030556,0.036677,0.015066,0.030539,0.05034,0.050834,0.062384,0.081331,0.071043,0.068658,0.076598,0.097582,0.10085,0.09981,0.107,0.098371,0.10594,0.1098,0.09888,0.074939,0.063613,0.059109,0.071574,0.070181,0.047021,0.01534,0.013417,-0.0087749,-0.022487,-0.020335,-0.013711,-0.021776,-0.013474,-0.0073627,-0.0075667,-0.018227,0.014515,0.04656,0.078878,0.068595,0.06163,0.050437,0.039211,0.04328,0.070426
0.028728,0.025074,0.010356,0.009242,0.019059,0.028886,0.025546,0.021666,0.040176,0.033794,0.041397,0.056689,0.080629,0.072657,0.063226,0.053007,0.029789,0.059262,0.083301,0.081268,0.088237,0.10111,0.11682,0.091243,0.088566,0.07911,0.052007,0.081838,0.065969,0.05849,0.045725,0.022094,0.025004,7.154e-05,-0.01183,-0.030633,-0.037515,-0.020431,0.0025842,0.0034934,-0.0037953,0.011791,0.024826,0.036656,0.062486,0.068564,0.053173,0.047636,0.045805,0.04522,0.046881
0.013006,-0.022186,0.002181,-0.0098529,0.027397,0.048962,0.049348,0.030844,0.03533,0.047788,0.06208,0.064775,0.074167,0.049432,0.041659,0.037637,0.038782,0.053196,0.078578,0.081769,0.079664,0.072326,0.062505,0.074179,0.063049,0.063202,0.073327,0.079293,0.062925,0.052871,0.055451,0.033547,0.0048296,-0.0001254,-0.036074,-0.044056,-0.021301,-0.012189,-0.013048,0.0058166,0.0084931,0.025793,0.028017,0.0091771,0.014156,0.058731,0.036871,0.055053,0.039378,0.06525,0.048947
0.001836,-0.024657,-0.0092814,-0.0047198,0.03391,0.042042,0.062914,0.035199,0.065734,0.052729,0.054257,0.062072,0.062447,0.040305,0.066992,0.048956,0.033349,0.048451,0.06838,0.079868,0.053986,0.0435,0.031614,0.030848,0.055153,0.06101,0.070094,0.093981,0.079414,0.053501,0.054205,0.035625,0.028463,0.02732,-0.038654,-0.028584,-0.027183,-0.0088349,-0.015643,0.0046653,0.023924,0.038188,0.04154,0.031905,0.035614,0.068786,0.059287,0.056666,0.054416,0.042508,0.027137
0.014453,-0.019382,-0.0066056,0.022954,0.038254,0.069389,0.052077,0.046507,0.05399,0.06477,0.066004,0.037225,0.048207,0.056857,0.064179,0.054279,0.032961,0.046801,0.079236,0.052562,0.064504,0.037792,0.030454,0.023345,0.047946,0.047972,0.038563,0.070786,0.06046,0.063708,0.054575,0.044812,0.040052,0.0181,-0.012896,-0.02106,0.0052207,0.0014837,-0.0099308,0.025304,0.017877,0.037071,0.059887,0.051624,0.038584,0.050571,0.060522,0.074248,0.04823,0.053233,0.04042
0.038253,0.016225,0.00070395,0.028168,0.03167,0.058793,0.065949,0.069986,0.067639,0.086323,0.064515,0.055072,0.055635,0.071075,0.078864,0.050844,0.038255,0.049469,0.065713,0.060966,0.070794,0.04786,0.054359,0.02872,0.039581,0.041126,0.052275,0.058185,0.051588,0.053032,0.058852,0.032929,0.047594,0.034991,-0.0041717,-0.0059968,0.01558,0.019178,0.017249,0.044567,0.049165,0.052215,0.063114,0.064865,0.040862,0.052218,0.063725,0.063969,0.050833,0.037625,0.057842
0.02108,0.018096,-0.010445,-0.024039,0.014884,0.039036,0.041324,0.063285,0.048155,0.043375,0.052772,0.053567,0.05163,0.032581,0.046829,0.046236,0.035461,0.030872,0.051796,0.033587,0.025382,0.025432,0.013291,0.021327,0.032187,0.032726,0.054226,0.037584,0.033387,0.015885,0.014525,0.014114,0.021162,0.012985,-3.6722e-05,0.014355,0.016938,0.023783,0.032228,0.016052,0.041977,0.062824,0.052046,0.022424,0.05261,0.054274,0.033483,0.038907,0.037263,0.015031,0.023505
0.020673,0.018396,0.0079619,0.0071469,0.0050986,0.013041,0.025748,0.032394,0.026079,0.032202,0.04555,0.037739,0.051939,0.045893,0.031958,0.016988,0.023552,0.024811,0.022935,0.027561,0.028979,-0.0083781,0.0074993,0.021405,0.019856,0.011731,0.019147,0.026639,-0.00018447,-0.00091093,-0.0070886,-0.0088718,0.021031,0.019059,0.019135,0.0013048,-0.011665,-0.0033678,0.012592,0.014967,0.030992,0.03511,0.01956,0.0059675,0.019062,0.027028,0.0033195,0.0067031,0.014102,0.030502,0.0046099
0.007829,0.021338,0.017857,-0.0076061,0.027738,0.0049267,0.015059,0.011898,0.022717,0.012534,0.038467,0.023356,0.05004,0.037381,0.0059986,0.019873,0.015095,0.034109,0.040493,0.019189,0.0021643,-0.01418,-0.009089,-0.015719,-0.0016925,-0.0048292,0.0085696,0.0092891,0.0070298,0.016182,0.002325,0.0057944,0.029354,0.016564,0.012922,0.013139,-0.027556,-0.0093956,0.0062981,0.021173,0.0049956,0.016686,-0.010438,-0.0064362,-0.0022998,-0.016169,-0.010953,0.016088,0.020321,0.032512,0.02165
0.011876,0.0019819,0.0087176,-0.00221,0.021761,0.0048332,0.029466,0.026046,0.0089226,0.010324,0.034278,0.027417,0.04864,0.035234,0.03949,0.016204,0.034769,0.027615,0.020296,-0.006822,-0.012383,-0.020197,-0.03164,-0.025052,-0.015351,0.015961,0.026226,0.012792,0.017814,0.026642,0.0082935,0.022235,0.018139,0.015353,0.001614,0.012768,-0.01102,-0.018801,-0.0052568,0.0065396,-0.001066,-0.015946,-0.025698,-0.012287,-0.015682,-0.0056521,-0.01551,0.0080184,-0.015095,0.0033651,0.022395
-0.0041559,-0.025353,-0.015206,0.0014097,0.0071541,-0.0029361,0.020054,0.041632,0.0044732,0.0029946,0.026235,0.036884,0.04557,0.025201,0.029716,0.029459,0.022824,-0.0025191,0.00059999,-0.021641,-0.029986,-0.027647,-0.027638,-0.041861,-0.022108,-0.0023812,0.010827,0.012188,0.011444,0.031289,0.02585,0.0075336,0.0079434,-0.020269,-0.03895,-0.014471,-0.0036609,-0.0029307,-0.0091614,-0.01461,-0.01779,-0.033574,-0.066413,-0.045145,-0.045207,-0.044736,-0.046695,-0.021222,-0.025864,0.0050377,0.011035
-0.016684,-0.032755,-0.010062,0.0070743,0.0072272,0.012445,0.018721,0.017125,0.034401,0.02622,0.030421,0.031909,0.04562,0.032018,0.024543,0.046005,-0.00010345,-0.010584,-0.010567,-0.014864,-0.017727,-0.020972,-0.015853,-0.039679,-0.015138,-0.001746,0.00044683,0.0088377,0.028454,0.036632,0.047224,0.025937,-0.0078434,-0.041125,-0.027528,-0.032758,-0.0043917,0.012614,0.0046753,0.0072083,-0.01708,-0.031486,-0.04444,-0.059045,-0.035497,-0.047981,-0.052384,-0.04421,-0.0063983,0.011249,0.019092
-0.012115,-0.013318,0.0051491,0.027661,0.02362,0.023867,0.033176,0.016052,0.022881,0.053062,0.03466,0.03261,0.062156,0.059382,0.045392,0.034424,0.04102,0.016828,0.00046071,-0.0081442,-0.018356,-0.019475,-0.027056,-0.023488,0.0016757,0.0071047,0.011598,0.035621,0.017911,0.025577,0.050013,0.01921,-0.012181,-0.026081,-0.022246,-0.029362,-0.0011941,-0.0083185,0.019418,-0.020441,-0.01978,-0.046433,-0.029001,-0.02222,-0.020519,-0.023851,-0.024253,-0.025523,-0.017291,-0.0020169,-0.0041908
0.0054541,-0.0012604,0.030557,0.025195,0.029316,0.037892,0.028845,0.0059761,0.01725,0.041516,0.049243,0.063655,0.069897,0.046117,0.036887,0.041623,0.031018,0.024558,0.010314,-0.0057514,-0.012563,-0.0099475,-0.028431,-0.031957,0.002268,0.01034,0.018205,0.010287,0.029391,0.011517,0.041776,0.040478,-0.0036313,-0.022178,-0.024794,-0.030721,-0.011198,-0.009414,-0.010065,-0.0058642,-0.015958,-0.017293,-0.017057,-0.02612,-0.0017751,0.0075613,-0.011116,-0.0029772,-0.009712,-0.0098259,0.0090898
0.018651,0.013262,0.033229,0.059302,0.026519,0.01204,0.035353,0.022537,0.030313,0.037977,0.070873,0.073503,0.08011,0.048698,0.040457,0.025423,0.020038,0.017324,0.014926,0.0020416,-0.014351,-0.016329,0.008215,-0.013536,0.0055665,-0.0035893,-0.0089164,0.014029,0.0086741,0.024656,0.031665,0.013338,0.01954,0.0084205,-0.036327,-0.031158,-0.014033,0.0011475,-0.020445,0.0032207,-0.0084163,-0.015227,-0.027279,-0.0011469,0.0043766,-0.0030569,2.5264e-05,-0.010093,-0.0050439,0.019427,0.01803
0.032843,0.0089317,0.0097846,0.019329,0.020889,0.012822,0.014966,0.033931,0.043786,0.055538,0.082996,0.080718,0.077494,0.051197,0.061278,0.023905,0.010974,-0.011054,0.011983,-0.036286,-0.039532,-0.033886,-0.00094019,0.0038494,0.0088837,0.01059,-0.0099639,-0.0019815,0.0042313,0.029512,0.003225,0.0078575,-0.0044061,0.0029756,-0.022144,-0.028239,-0.013145,-0.013055,-0.026966,-0.017247,-0.041871,-0.032825,-0.033753,0.0025885,0.016603,0.023592,-0.019664,-0.0074441,-0.025023,0.00094615,0.013466
0.024843,0.03289,0.01666,-0.014734,0.019569,0.0089715,0.023838,0.027003,0.053233,0.070364,0.067888,0.072677,0.068251,0.056543,0.046119,0.0069625,0.0021223,-0.0030131,-0.010289,-0.031911,-0.042735,-0.029525,-0.0052864,-0.0023124,0.0062743,-0.016191,-0.0078179,-0.010098,0.014189,0.021035,0.018409,0.019119,0.020112,0.012046,-0.025032,-0.0083285,-0.035468,-0.017153,-0.0095896,-0.022204,-0.053572,-0.023206,-0.029304,-0.00047598,0.0034463,0.021918,-0.0076338,-0.0099438,-0.012518,0.00098749,0.036568
0.031998,0.054592,0.034793,0.020794,0.034331,0.046306,0.036313,0.037221,0.048363,0.069598,0.092078,0.064523,0.070953,0.052764,0.034758,0.027878,0.029764,0.015073,0.0016321,-0.0027498,-0.0018298,-0.018851,-0.0094612,0.013732,-9.0485e-05,-0.012757,-6.5405e-05,0.0031359,0.0042595,0.037055,0.043547,0.05515,0.060124,0.016305,-0.0106,-0.013132,-0.0096777,-0.022498,-0.028766,-0.03557,-0.037381,-0.015052,-0.0066487,-0.022055,0.002147,0.0070124,0.012409,0.0095771,0.00071231,0.039532,0.059535
0.029558,0.055164,0.039764,0.044843,0.042981,0.032316,0.01798,0.030248,0.044501,0.060621,0.064126,0.048502,0.036865,0.038681,0.042415,0.037748,0.021369,0.025132,0.02551,0.013284,-0.0039854,-0.021574,-0.016314,0.0027904,0.014315,0.001097,0.005144,0.017703,0.016066,0.026643,0.032691,0.050568,0.076035,0.032906,0.013165,-0.010492,-0.017896,-0.028796,-0.0261,-0.054118,-0.036713,-0.0059449,0.0018689,-0.014059,0.013083,0.009944,0.0090175,0.010556,0.027619,0.037531,0.044508
0.047668,0.026656,0.012797,0.030177,0.059219,0.013239,0.011635,0.024479,0.02634,0.05863,0.057242,0.039076,0.0015026,0.019402,0.019385,0.018585,0.0078633,0.027044,0.042159,0.033146,0.0061905,-0.009996,-0.014037,0.0062761,0.018778,0.00065567,0.033014,-0.00085722,0.0074219,0.030923,0.04279,0.028097,0.049061,0.038507,-0.0087175,-0.019621,-0.015068,-0.025115,-0.032751,-0.0349,-0.018884,-0.00526,-0.0073736,-0.0024766,-0.0098007,-0.021495,-0.0030084,0.01431,0.028719,0.030295,0.063153
0.052218,0.044294,0.0321,0.027928,0.030074,0.026438,0.0072574,0.012599,0.01594,0.035429,0.038483,0.032871,0.026668,0.01058,0.023599,0.0039148,-0.0013503,0.0072527,0.038698,0.020691,0.034771,0.038601,0.021662,0.019161,0.014046,0.017304,0.0082655,0.0012564,-0.010559,0.015828,0.02183,0.047306,0.049364,0.027981,-0.0022088,-0.023494,-0.01452,-0.031518,-0.029382,-0.024474,-0.020445,-0.010809,-0.0044939,-0.023631,-0.024287,-0.017229,-0.011197,0.010082,0.0018554,0.02827,0.056748
0.044056,0.027775,0.024764,0.0084595,0.0074971,0.010631,0.024705,0.0010127,0.0070744,0.00824,0.013431,0.0095828,0.02435,0.0049182,0.00098363,0.0075594,0.004322,0.0073457,0.014953,0.012554,0.019241,0.029172,0.022022,0.01905,0.029103,-0.0012305,-0.011126,0.016183,0.00041311,0.0094527,0.026721,0.031257,0.031139,0.0087413,-0.010737,-0.0045282,-0.0083263,-0.013953,-0.038204,-0.0289,-0.046282,-0.02303,-0.01964,-0.0093888,-0.006936,0.0037485,0.0027859,-0.0098582,-0.0069922,0.034482,0.032709
0.055059,0.026041,0.041059,0.011821,0.022105,0.01142,0.034421,0.007746,0.026295,0.018961,0.012063,0.028707,0.04819,0.036074,0.030093,0.023693,0.010344,0.0035927,0.021134,0.031804,0.028986,0.037889,0.028135,0.03309,0.021736,-0.0047772,0.00021074,0.012905,0.029729,0.02977,0.040791,0.042674,0.024924,0.039813,0.014481,-0.014308,-0.014616,-0.02247,-0.034946,-0.015842,-0.04013,-0.036037,-0.025243,-0.0026381,0.014562,0.037139,0.001122,-0.0028701,0.0067803,0.039863,0.041803
0.023124,0.026378,0.027995,0.029138,0.035512,0.026353,0.032377,0.0061126,0.014332,0.021258,0.029616,0.066923,0.085441,0.050946,0.03666,-0.0011737,-0.00042763,-0.0042855,0.024731,0.02064,0.016328,0.044719,0.045838,0.031602,0.029914,0.016501,-0.0024154,0.016393,0.013725,0.037016,0.047057,0.039738,0.033398,0.044714,0.027425,0.0028889,-0.0093331,-0.02818,-0.002565,-0.018719,-0.022842,-0.029483,-0.020123,-0.00089837,0.018851,0.025722,0.010726,0.01746,0.030794,0.060344,0.048501
0.023546,0.010379,0.011651,0.033713,0.014452,0.019664,0.038733,0.033489,0.021127,0.027335,0.068034,0.091811,0.093428,0.072773,0.03417,0.016542,-0.0059028,-0.0012012,-0.0013379,0.0078799,0.031816,0.03974,0.050096,0.017031,0.027761,0.038896,0.055501,0.01799,0.017249,0.016252,0.034005,0.032551,0.036763,0.041384,0.027611,0.0011673,0.013258,-0.004815,-0.034121,0.018039,0.0031597,-0.0074383,-0.0065238,-0.0027683,0.028777,0.014848,0.034745,0.03109,0.020579,0.034477,0.066726
-0.020232,-0.0065518,-0.010448,0.020431,0.012223,0.02104,0.036245,0.047971,0.034527,0.057455,0.069741,0.0995,0.093212,0.067375,0.049112,0.010135,0.015824,-0.002013,0.014841,0.011238,0.01786,0.031618,0.035142,0.010552,0.052572,0.050165,0.036863,0.038689,0.040199,0.025977,0.021556,0.021935,0.025282,7.0721e-05,-0.0017555,0.01415,0.0078883,-0.0043544,0.012924,0.0073338,0.01434,0.022649,0.0050613,0.020276,0.026897,0.010996,0.011174,0.025958,0.042511,0.048882,0.056633
0.00086011,0.0061506,0.016602,0.032564,0.044994,0.037835,0.044097,0.042691,0.042644,0.063496,0.07183,0.073771,0.089489,0.086967,0.077486,0.027862,0.030851,-0.010534,0.01119,0.037278,0.063875,0.052497,0.046458,0.049385,0.049923,0.057034,0.056968,0.032421,0.036011,0.04439,0.032901,0.04753,0.02828,0.024654,0.023665,0.014679,0.016817,0.0099925,0.037463,0.046496,0.051171,0.058404,0.039725,0.043548,0.053466,0.044122,0.021658,0.049204,0.050679,0.05906,0.076746
-0.00020664,0.00046505,-0.007301,-0.004923,0.041299,0.02702,0.055614,0.041058,0.048526,0.039894,0.05689,0.048895,0.070299,0.065058,0.04419,0.036697,0.032727,0.025702,0.023261,0.035382,0.037479,0.037046,0.048286,0.030289,0.044839,0.048015,0.068344,0.042625,0.024639,0.041524,0.043466,0.029011,0.014853,-0.0036134,-0.0023608,0.011629,-0.0036849,0.030192,0.032617,0.031519,0.02773,0.078278,0.040632,0.044509,0.051303,0.03062,0.023911,0.038832,0.044158,0.052651,0.045664
0.0031438,-0.0050527,-0.011969,-0.017306,0.0046737,0.0047577,0.037115,0.038593,0.036221,0.028057,0.046838,0.031131,0.048459,0.029419,0.035813,0.025474,0.023178,0.0030088,0.013885,0.016005,0.028606,0.035693,0.031907,0.029559,0.042486,0.066731,0.075474,0.057662,0.030191,0.029645,0.010242,0.027291,0.011726,-0.0041015,-0.0014224,0.0023195,0.0050652,0.01849,0.026578,0.042174,0.054891,0.076374,0.044708,0.028989,0.033977,0.032646,0.017656,0.030128,0.015057,0.049461,0.046466
-0.014573,-0.020189,-0.01151,-0.0025824,0.018358,-0.010797,0.025422,0.017593,0.011146,0.030396,0.047653,0.039649,0.042986,0.026312,0.0111,-0.011586,-0.0033783,-0.0067007,0.018285,0.019075,0.0052678,0.024442,0.034653,0.06427,0.080859,0.060697,0.067519,0.046221,0.042714,0.039636,0.0075235,0.0077066,0.029954,0.033834,-0.002377,0.0096922,0.019711,0.016911,0.032382,0.054135,0.067261,0.054633,0.033573,0.043253,0.011167,-0.0097635,0.0074466,0.022743,0.037039,0.076042,0.088491
0.0011785,0.0047695,-0.0066363,-0.0060089,0.0090203,0.012609,0.014371,0.01791,0.025791,0.042222,0.030437,0.040352,0.030347,0.019289,0.010657,-0.00055403,-0.026749,-0.0019088,0.034037,0.020076,0.016859,0.031979,0.043019,0.050072,0.092257,0.07949,0.076403,0.066594,0.067034,0.040451,0.017341,0.027794,0.05694,0.047846,0.043618,0.022787,0.017357,0.0141,0.045336,0.071487,0.05685,0.051492,0.027429,0.021329,0.016485,0.013365,0.022356,0.024562,0.045256,0.065522,0.093255
0.023982,0.018369,-0.005535,0.0027609,-0.0022334,0.022609,0.014475,0.015934,0.0013422,0.018908,0.019843,0.019346,0.026114,0.0010327,-0.012721,-0.0085521,-0.0094368,0.0072949,0.030697,0.0044453,0.009908,0.031715,0.050735,0.067393,0.077409,0.071866,0.081426,0.087561,0.055731,0.058567,0.059367,0.058262,0.064546,0.058275,0.061212,0.024127,0.064911,0.049185,0.047142,0.041851,0.042341,0.045563,0.058026,0.029992,0.039029,0.038608,0.053499,0.04288,0.044516,0.073635,0.075075
0.027314,0.03241,0.032051,0.016419,0.02298,0.016655,0.023065,-0.007649,0.012249,0.018124,-0.0047764,0.0066092,0.0097657,-0.0016709,0.0060768,-0.0011126,-0.018339,-0.016491,0.0047881,0.035875,0.031674,0.06385,0.065625,0.077811,0.08758,0.050112,0.062526,0.073715,0.068753,0.055284,0.080311,0.076316,0.07233,0.077833,0.055911,0.044066,0.060853,0.064055,0.062914,0.042377,0.0462,0.050185,0.04744,0.030941,0.049382,0.066831,0.058485,0.031766,0.057402,0.067824,0.075948
0.014309,-0.018157,0.0014206,-0.00048959,0.021803,0.016135,0.0047732,-0.020893,-0.0050078,-0.0011135,-0.013358,-0.026452,-0.036931,-0.037484,-0.029602,-0.040249,-0.041698,-0.029736,0.0040025,0.0216,0.030734,0.035614,0.043684,0.075027,0.076086,0.039597,0.037933,0.048219,0.057801,0.060669,0.058597,0.060469,0.045192,0.045786,0.027835,0.030449,0.078105,0.07795,0.065896,0.062751,0.032549,0.047072,0.046425,0.043021,0.038285,0.045624,0.023192,0.041579,0.039028,0.056446,0.061573
0.01816,-0.0014848,-0.0070826,0.015882,0.021632,0.012313,0.017859,-0.007742,0.005196,-0.0016527,-2.9204e-05,-0.037334,-0.040455,-0.037,-0.020689,-0.050915,-0.038044,-0.017332,0.002325,0.01708,0.038825,0.034356,0.046207,0.045401,0.066187,0.068873,0.061315,0.075972,0.046046,0.063761,0.054434,0.053735,0.056744,0.049347,0.023833,0.049538,0.078812,0.08666,0.078109,0.093363,0.054501,0.062182,0.054811,0.06025,0.052089,0.05344,0.062044,0.055021,0.023057,0.038144,0.052007
0.0040977,0.0039281,0.014052,0.022192,0.047788,0.034553,0.01197,-0.00099729,-0.0023407,-0.012804,-0.00045498,-0.003547,-0.031423,-0.060642,-0.047545,-0.052771,-0.035246,-0.014167,0.015071,0.010018,0.020974,0.039261,0.05047,0.036056,0.043401,0.052676,0.060783,0.032874,0.052069,0.065734,0.067869,0.082995,0.057224,0.042294,0.013307,0.045721,0.071418,0.086196,0.062485,0.081902,0.052738,0.083038,0.071471,0.051554,0.049526,0.047435,0.034798,0.051724,0.035658,0.032722,0.059426
-0.007542,0.0064004,0.003504,0.027081,0.038225,0.023737,0.018104,0.031037,0.0056557,0.0057065,-0.018481,-0.019268,-0.053733,-0.061232,-0.045647,-0.064921,-0.023588,-0.026547,0.005692,0.018697,0.01185,0.003805,0.018286,0.023044,0.027341,0.024221,0.044447,0.050858,0.059227,0.088947,0.082206,0.06092,0.068555,0.057296,0.023651,0.039757,0.053903,0.060787,0.090015,0.072189,0.066505,0.064161,0.035896,0.052842,0.059738,0.065703,0.032996,0.033661,0.036788,0.054386,0.050711
-0.01675,0.0064474,-0.0051149,0.0025177,0.019895,0.03259,0.027816,0.022877,0.024139,0.0014215,-0.0018086,-0.015425,-0.028035,-0.043427,-0.055626,-0.046763,-0.034529,-0.015077,-0.016122,-0.02334,-0.018157,-0.023155,0.00028486,0.026711,0.037453,0.03112,0.032673,0.04632,0.070702,0.083536,0.073371,0.070792,0.054693,0.020373,0.041483,0.0348,0.041281,0.048009,0.069767,0.052527,0.021267,0.032166,0.033905,0.028144,0.080419,0.051754,0.015924,0.0015923,0.02131,0.026299,0.028509
0.0090428,0.032554,0.010717,0.0033327,0.0060183,0.0077998,0.042747,0.04518,0.028368,0.027277,0.014077,-0.0059662,-0.003815,-0.021084,-0.057515,-0.047613,-0.03254,-0.026128,-0.035521,-0.03532,-0.019514,0.011181,0.024573,0.02492,0.037065,0.036332,0.05867,0.055819,0.056586,0.079259,0.087958,0.065324,0.066953,0.038729,0.033134,0.037437,0.04442,0.051328,0.067328,0.059201,0.043628,0.022995,0.012005,0.029949,0.049937,0.024973,0.027038,0.0049709,-0.0047186,0.023652,0.042028
